4 0.0716841 0.796868 0.143368 0.164399 0.942619
4 0.959198 0.897802 0.0787133 0.193856 0.940605
4 0.657394 0.726124 0.102725 0.0893669 0.917645
4 0.32891 0.719447 0.136142 0.0841456 0.906873
4 0.425925 0.717657 0.0435744 0.0573181 0.882298
1 0.872171 0.529002 0.071852 0.146864 0.859534
14 0.833367 0.760088 0.0286174 0.0658456 0.755555
8 0.164994 0.777757 0.0590501 0.107107 0.629827
0 0.527969 0.710668 0.0132496 0.0479402 0.601474
8 0.237593 0.770044 0.0365876 0.078497 0.593617
8 0.768555 0.716201 0.0205206 0.0345972 0.521845
8 0.204577 0.764806 0.0517795 0.103252 0.411454
4 0.394311 0.716931 0.0424054 0.0687805 0.40116
4 0.709176 0.699249 0.0136858 0.0186493 0.400204
2 0.642164 0.191919 0.0181766 0.0397454 0.395389
8 0.501477 0.714525 0.0177834 0.0304397 0.333675
8 0.727259 0.711125 0.0151868 0.0274664 0.292745
8 0.743387 0.713436 0.0121401 0.0241682 0.28801
4 0.710688 0.708573 0.0163527 0.0318455 0.285442
5 0.44951 0.70948 0.0351339 0.0560039 0.273532
8 0.25427 0.735488 0.0356856 0.0574637 0.263803
3 0.237284 0.768489 0.0350773 0.0836039 0.258895
12 0.555771 0.687186 0.0298198 0.028519 0.236392
8 0.477666 0.717072 0.029203 0.0311954 0.229774
4 0.98348 0.646754 0.0307906 0.0264804 0.228449
8 0.580563 0.70925 0.0111912 0.0197101 0.219937
1 0.750902 0.653727 0.012243 0.0330404 0.216067
5 0.455424 0.718183 0.0347691 0.0367456 0.203918
2 0.641046 0.182771 0.0187091 0.0338291 0.1946
8 0.733349 0.71144 0.0132625 0.0299435 0.194043
8 0.586752 0.707587 0.010311 0.0201574 0.181364
8 0.469189 0.720519 0.0218603 0.0319561 0.17843
8 0.595652 0.708588 0.0115234 0.0170361 0.175812
1 0.896028 0.579229 0.0241654 0.0441518 0.173869
8 0.712897 0.71263 0.0144301 0.0254787 0.167164
4 0.712897 0.71263 0.0144301 0.0254787 0.158803
3 0.787451 0.721241 0.0199974 0.0404661 0.154186
4 0.621414 0.704033 0.0191259 0.0240636 0.152919
3 0.768555 0.716201 0.0205206 0.0345972 0.148795
4 0.622712 0.697391 0.018575 0.0255547 0.143257
8 0.214598 0.766842 0.0395832 0.0957971 0.134149
1 0.668455 0.586341 0.0330622 0.0700446 0.133549
8 0.583004 0.706812 0.0101148 0.0197418 0.128808
1 0.762593 0.682859 0.0120399 0.0295067 0.126665
8 0.540456 0.712381 0.0123859 0.0298294 0.122703
8 0.755143 0.714804 0.0149157 0.0295003 0.120613
8 0.486146 0.715916 0.0196017 0.0330321 0.118303
8 0.609588 0.705352 0.0130033 0.0234803 0.114674
0 0.741817 0.707884 0.0120233 0.0269527 0.112885
8 0.562787 0.710879 0.0142275 0.0210727 0.110978
4 0.693559 0.69386 0.031699 0.027224 0.108465
4 0.619307 0.714151 0.0275443 0.0560077 0.104402
0 0.53569 0.712214 0.013614 0.0411623 0.104175
4 0.404747 0.71728 0.0236172 0.0677931 0.103054
1 0.607988 0.687738 0.0111572 0.0188903 0.0977433
8 0.550993 0.711776 0.0138232 0.0250803 0.0938234
4 0.691631 0.683991 0.0211871 0.0115289 0.0875257
4 0.616837 0.708233 0.0221577 0.0286165 0.0869413
3 0.804807 0.732343 0.0150704 0.0378735 0.0860922
4 0.607691 0.700621 0.0120485 0.0212688 0.0850084
8 0.149254 0.768903 0.0334107 0.106789 0.0847345
3 0.540456 0.712381 0.0123859 0.0298294 0.0843006
8 0.710374 0.706866 0.0144702 0.0277205 0.0820647
0 0.727528 0.709197 0.0161416 0.0305059 0.0819248
1 0.482155 0.662033 0.00737573 0.0144935 0.0790503
4 0.609588 0.705352 0.0130033 0.0234803 0.0789202
3 0.550993 0.711776 0.0138232 0.0250803 0.0754996
4 0.449124 0.713363 0.0329887 0.051128 0.0738868
8 0.528996 0.718556 0.0146164 0.0350545 0.0668541
3 0.249437 0.735417 0.0446371 0.0559393 0.066501
0 0.607691 0.700621 0.0120485 0.0212688 0.0633546
8 0.53569 0.712214 0.013614 0.0411623 0.0624249
4 0.699569 0.697098 0.0142508 0.0244312 0.061345
1 0.578531 0.627464 0.0157358 0.0094077 0.0600948
0 0.733349 0.71144 0.0132625 0.0299435 0.0573502
8 0.497752 0.710919 0.0155683 0.028939 0.0566423
0 0.545235 0.708312 0.0145967 0.0269519 0.0544391
4 0.595758 0.706039 0.0125557 0.0182822 0.0529516
2 0.592521 0.559028 0.00741113 0.016456 0.0526108
4 0.727528 0.709197 0.0161416 0.0305059 0.0522079
8 0.505881 0.713848 0.0166968 0.0315001 0.0520033
1 0.696816 0.657908 0.0117186 0.0165924 0.0519833
0 0.145017 0.741336 0.0252542 0.0573726 0.0517291
1 0.894036 0.525111 0.0272359 0.116039 0.0497044
0 0.583004 0.706812 0.0101148 0.0197418 0.0494576
4 0.477666 0.717072 0.029203 0.0311954 0.0487745
3 0.799652 0.727559 0.0242948 0.0437473 0.0460732
3 0.501477 0.714525 0.0177834 0.0304397 0.0452506
4 0.707103 0.688119 0.0118422 0.0182717 0.0444327
8 0.782905 0.717326 0.0170391 0.0389173 0.0442944
0 0.595758 0.706039 0.0125557 0.0182822 0.0433888
12 0.449255 0.698896 0.0415272 0.0796182 0.0426152
4 0.550319 0.706992 0.0181185 0.029028 0.0422097
4 0.600359 0.696816 0.0119052 0.0204258 0.0392063
3 0.217744 0.762779 0.0444068 0.100666 0.0383706
0 0.540456 0.712381 0.0123859 0.0298294 0.0359522
1 0.666174 0.676925 0.0115509 0.00997547 0.0336714
0 0.501078 0.712247 0.0170324 0.0323707 0.0335661
6 0.452933 0.701388 0.0404429 0.0752788 0.0331625
8 0.457414 0.72022 0.0288261 0.03744 0.0326979
8 0.490571 0.718863 0.0216625 0.0354781 0.0325217
3 0.469189 0.720519 0.0218603 0.0319561 0.0323466
4 0.545235 0.708312 0.0145967 0.0269519 0.0322779
3 0.595652 0.708588 0.0115234 0.0170361 0.0309101
4 0.681773 0.69525 0.0531502 0.0352806 0.0305567
4 0.6646 0.676604 0.0142386 0.0149135 0.0304757
4 0.547794 0.700807 0.0226834 0.0370712 0.0301268
2 0.590882 0.558515 0.00908618 0.0132863 0.0296625
8 0.525081 0.711765 0.0152775 0.0446577 0.0295507
4 0.455424 0.718183 0.0347691 0.0367456 0.0294037
0 0.586752 0.707587 0.010311 0.0201574 0.029008
3 0.580563 0.70925 0.0111912 0.0197101 0.0289674
8 0.607691 0.700621 0.0120485 0.0212688 0.0285571
3 0.782905 0.717326 0.0170391 0.0389173 0.0283698
0 0.497752 0.710919 0.0155683 0.028939 0.0281251
8 0.146779 0.747551 0.0283344 0.0685392 0.0274728
4 0.501477 0.714525 0.0177834 0.0304397 0.0270304
8 0.741817 0.707884 0.0120233 0.0269527 0.0267716
8 0.787451 0.721241 0.0199974 0.0404661 0.0265247
4 0.486146 0.715916 0.0196017 0.0330321 0.0264214
8 0.774056 0.711537 0.0252395 0.0391355 0.0262144
0 0.710374 0.706866 0.0144702 0.0277205 0.0259104
4 0.452933 0.701388 0.0404429 0.0752788 0.0256473
0 0.153242 0.769652 0.0420652 0.114745 0.0249736
0 0.505881 0.713848 0.0166968 0.0315001 0.0248912
3 0.565553 0.710479 0.0179207 0.0213197 0.0247011
1 0.54562 0.659767 0.00709326 0.0224084 0.0240066
4 0.749221 0.689989 0.00823908 0.0182415 0.0239839
3 0.528996 0.718556 0.0146164 0.0350545 0.0234132
4 0.981795 0.654488 0.0310492 0.0158723 0.0232796
0 0.743387 0.713436 0.0121401 0.0241682 0.023231
4 0.767238 0.713646 0.0181949 0.0363398 0.0226269
4 0.761791 0.709159 0.0162601 0.0278026 0.0226033
4 0.681401 0.681244 0.0282475 0.00804735 0.022305
0 0.761791 0.709159 0.0162601 0.0278026 0.022234
4 0.469189 0.720519 0.0218603 0.0319561 0.0216808
1 0.725032 0.684121 0.0184247 0.0165413 0.0216657
8 0.613836 0.724788 0.0189516 0.0414976 0.0211716
1 0.363507 0.631735 0.0155338 0.0143276 0.0211289
0 0.469429 0.710694 0.0308075 0.0473215 0.0210869
2 0.635808 0.204777 0.0173975 0.0284783 0.0208385
8 0.182852 0.768574 0.040701 0.109418 0.0204625
3 0.583004 0.706812 0.0101148 0.0197418 0.0204184
0 0.580563 0.70925 0.0111912 0.0197101 0.019498
8 0.545235 0.708312 0.0145967 0.0269519 0.0194577
4 0.564357 0.706673 0.0122339 0.0239269 0.0192526
4 0.583004 0.706812 0.0101148 0.0197418 0.0191555
3 0.586752 0.707587 0.010311 0.0201574 0.019115
0 0.485996 0.713054 0.0181402 0.0328918 0.0190955
4 0.974957 0.648618 0.017571 0.0162745 0.0187397
8 0.191459 0.737953 0.0230458 0.0521269 0.0180349
0 0.712897 0.71263 0.0144301 0.0254787 0.0174877
4 0.660239 0.679856 0.0182458 0.00784762 0.0174408
4 0.497752 0.710919 0.0155683 0.028939 0.0174283
3 0.608942 0.708186 0.0118435 0.0178006 0.0172267
4 0.010385 0.742331 0.0194675 0.0500837 0.0172245
0 0.767238 0.713646 0.0181949 0.0363398 0.0171634
3 0.733349 0.71144 0.0132625 0.0299435 0.0165909
5 0.427836 0.717401 0.0458857 0.052072 0.0165023
3 0.477666 0.717072 0.029203 0.0311954 0.0163998
0 0.191459 0.737953 0.0230458 0.0521269 0.0163766
8 0.761791 0.709159 0.0162601 0.0278026 0.0163094
4 0.69326 0.705341 0.0318154 0.0386595 0.0162915
3 0.207488 0.766669 0.0485616 0.0998435 0.016208
6 0.406232 0.699401 0.0780264 0.088655 0.0160308
3 0.807404 0.738292 0.0130938 0.0371643 0.0159611
5 0.550319 0.706992 0.0181185 0.029028 0.0159363
13 0.145017 0.741336 0.0252542 0.0573726 0.0157418
5 0.164994 0.777757 0.0590501 0.107107 0.0156107
3 0.774056 0.711537 0.0252395 0.0391355 0.0155607
0 0.709176 0.699249 0.0136858 0.0186493 0.0154803
8 0.615346 0.734369 0.0218642 0.0624865 0.0154372
0 0.564357 0.706673 0.0122339 0.0239269 0.0153936
4 0.562787 0.710879 0.0142275 0.0210727 0.0152111
4 0.733349 0.71144 0.0132625 0.0299435 0.0149315
5 0.469189 0.720519 0.0218603 0.0319561 0.0146847
6 0.660239 0.679856 0.0182458 0.00784762 0.0143869
8 0.804807 0.732343 0.0150704 0.0378735 0.0142232
0 0.148527 0.730576 0.0311254 0.0500427 0.0140455
14 0.852225 0.766907 0.0233745 0.0800372 0.0140399
4 0.586752 0.707587 0.010311 0.0201574 0.0138716
0 0.220943 0.691565 0.0120067 0.0376754 0.0137904
14 0.845185 0.763909 0.0345865 0.0765837 0.0137878
3 0.743387 0.713436 0.0121401 0.0241682 0.0136778
12 0.761549 0.684375 0.0134731 0.0296756 0.013633
5 0.607691 0.700621 0.0120485 0.0212688 0.0133695
5 0.768555 0.716201 0.0205206 0.0345972 0.0129823
4 0.53569 0.712214 0.013614 0.0411623 0.0129807
0 0.740772 0.687171 0.00844751 0.020825 0.0126875
0 0.755143 0.714804 0.0149157 0.0295003 0.012616
25 0.726209 0.684302 0.0215161 0.018032 0.0119731
3 0.545235 0.708312 0.0145967 0.0269519 0.011884
2 0.345766 0.505105 0.0104353 0.0140252 0.0117966
4 0.947218 0.661445 0.0427441 0.0149272 0.0117301
0 0.202701 0.680768 0.0176398 0.0351394 0.0116642
6 0.666174 0.676925 0.0115509 0.00997547 0.0116535
1 0.696877 0.651029 0.0128337 0.0207724 0.0115841
4 0.55473 0.689251 0.0278152 0.0311073 0.0114739
6 0.427024 0.700449 0.0853682 0.081822 0.0112045
5 0.545235 0.708312 0.0145967 0.0269519 0.0111432
1 0.608832 0.676812 0.00982965 0.0159649 0.0108922
1 0.660239 0.679856 0.0182458 0.00784762 0.0108414
1 0.515773 0.658967 0.00743231 0.0252277 0.0107974
7 0.515773 0.658967 0.00743231 0.0252277 0.0107573
4 0.618266 0.730687 0.0267766 0.0773086 0.0107004
8 0.799652 0.727559 0.0242948 0.0437473 0.0105501
3 0.229773 0.736119 0.0386986 0.0588416 0.0105379
1 0.676728 0.606841 0.0184599 0.0353828 0.0104674
4 0.726209 0.684302 0.0215161 0.018032 0.0101305
4 0.25362 0.733572 0.0373916 0.0620998 0.010044
4 0.469429 0.710694 0.0308075 0.0473215 0.00977094
5 0.550993 0.711776 0.0138232 0.0250803 0.00972895
0 0.600359 0.696816 0.0119052 0.0204258 0.00970999
8 0.167486 0.73574 0.0252743 0.0375617 0.00942165
8 0.616837 0.708233 0.0221577 0.0286165 0.00930217
6 0.681401 0.681244 0.0282475 0.00804735 0.0092942
2 0.363507 0.631735 0.0155338 0.0143276 0.00925967
3 0.505881 0.713848 0.0166968 0.0315001 0.00925511
0 0.609588 0.705352 0.0130033 0.0234803 0.00897568
5 0.540456 0.712381 0.0123859 0.0298294 0.00895282
3 0.202701 0.680768 0.0176398 0.0351394 0.00884766
8 0.745332 0.720683 0.0120494 0.0297618 0.00875804
5 0.449305 0.698062 0.0417138 0.0762499 0.00869259
4 0.505881 0.713848 0.0166968 0.0315001 0.00862455
4 0.743387 0.713436 0.0121401 0.0241682 0.00860829
6 0.691631 0.683991 0.0211871 0.0115289 0.00853363
2 0.649943 0.196615 0.0147641 0.0322467 0.00842214
2 0.655371 0.198808 0.0129631 0.0310766 0.00839931
22 0.580563 0.70925 0.0111912 0.0197101 0.00834029
1 0.698828 0.661677 0.0144717 0.0184915 0.00825819
8 0.229773 0.736119 0.0386986 0.0588416 0.00825374
4 0.666174 0.676925 0.0115509 0.00997547 0.00820504
2 0.578531 0.627464 0.0157358 0.0094077 0.00803172
3 0.755143 0.714804 0.0149157 0.0295003 0.00787433
5 0.727528 0.709197 0.0161416 0.0305059 0.00779883
5 0.595758 0.706039 0.0125557 0.0182822 0.00775024
4 0.550993 0.711776 0.0138232 0.0250803 0.00774337
6 0.726209 0.684302 0.0215161 0.018032 0.00766976
6 0.555771 0.687186 0.0298198 0.028519 0.00759361
2 0.729392 0.198424 0.0150737 0.0168235 0.00758819
5 0.712897 0.71263 0.0144301 0.0254787 0.00750091
4 0.741817 0.707884 0.0120233 0.0269527 0.00748089
8 0.76157 0.719905 0.0164791 0.0334933 0.00742357
1 0.567719 0.663592 0.00721252 0.0142579 0.00733768
1 0.609479 0.669008 0.0106393 0.0201199 0.00731108
5 0.709176 0.699249 0.0136858 0.0186493 0.00727337
0 0.6646 0.676604 0.0142386 0.0149135 0.00726317
3 0.486146 0.715916 0.0196017 0.0330321 0.00724176
12 0.726209 0.684302 0.0215161 0.018032 0.00722246
5 0.202109 0.766505 0.051637 0.107167 0.00715486
15 0.55473 0.689251 0.0278152 0.0311073 0.0071421
5 0.564357 0.706673 0.0122339 0.0239269 0.00712607
8 0.564357 0.706673 0.0122339 0.0239269 0.00706292
14 0.545235 0.708312 0.0145967 0.0269519 0.00705437
6 0.984143 0.64217 0.0301747 0.0282403 0.00696927
14 0.564357 0.706673 0.0122339 0.0239269 0.00696796
8 0.426306 0.718187 0.0441688 0.0554321 0.00692773
0 0.208677 0.687321 0.026958 0.0506131 0.00691753
4 0.638949 0.696646 0.0542668 0.0312266 0.00688948
7 0.482155 0.662033 0.00737573 0.0144935 0.00655483
3 0.536464 0.718733 0.0165747 0.0338815 0.00653464
4 0.642629 0.683658 0.0146168 0.00966755 0.00648536
5 0.710844 0.704901 0.0156188 0.0250107 0.00648236
6 0.404712 0.67436 0.077878 0.0387866 0.00645825
8 0.469429 0.710694 0.0308075 0.0473215 0.00640278
3 0.497752 0.710919 0.0155683 0.028939 0.00638861
4 0.502891 0.702464 0.0171097 0.0313523 0.00637398
1 0.763886 0.641631 0.00954596 0.0206147 0.00636255
8 0.709176 0.699249 0.0136858 0.0186493 0.00636047
5 0.565553 0.710479 0.0179207 0.0213197 0.00629354
0 0.502891 0.702464 0.0171097 0.0313523 0.00627213
4 0.628668 0.687153 0.0100369 0.0162742 0.00625761
3 0.607691 0.700621 0.0120485 0.0212688 0.00616849
4 0.650918 0.699178 0.0675468 0.0361747 0.00610542
3 0.172949 0.776472 0.0409468 0.103304 0.00604056
3 0.219261 0.6906 0.0129129 0.046146 0.00601828
14 0.449124 0.713363 0.0329887 0.051128 0.00597698
0 0.203896 0.671609 0.0190387 0.0249018 0.0059503
0 0.749221 0.689989 0.00823908 0.0182415 0.00592173
1 0.582956 0.627797 0.0093421 0.0125135 0.0058797
8 0.404747 0.71728 0.0236172 0.0677931 0.00582388
14 0.550993 0.711776 0.0138232 0.0250803 0.00581672
3 0.525081 0.711765 0.0152775 0.0446577 0.00581053
6 0.693559 0.69386 0.031699 0.027224 0.00577344
1 0.558368 0.685924 0.0237354 0.0255599 0.00575323
0 0.774056 0.711537 0.0252395 0.0391355 0.00573146
15 0.726209 0.684302 0.0215161 0.018032 0.00572389
2 0.573015 0.627429 0.0100818 0.00979108 0.00550877
1 0.740772 0.687171 0.00844751 0.020825 0.00548641
12 0.607988 0.687738 0.0111572 0.0188903 0.00541475
4 0.740772 0.687171 0.00844751 0.020825 0.00538694
0 0.204577 0.764806 0.0517795 0.103252 0.00538141
8 0.788168 0.710798 0.0132333 0.0454256 0.00536394
8 0.148527 0.730576 0.0311254 0.0500427 0.00535692
0 0.449124 0.713363 0.0329887 0.051128 0.00535142
1 0.571822 0.64299 0.00815997 0.0313801 0.0053423
0 0.550319 0.706992 0.0181185 0.029028 0.00533126
0 0.621414 0.704033 0.0191259 0.0240636 0.00521951
1 0.580451 0.633169 0.0108367 0.0189894 0.00518177
3 0.712897 0.71263 0.0144301 0.0254787 0.00508562
