8 0.951782 0.608865 0.0957213 0.223784 0.924609
25 0.718436 0.464497 0.129106 0.654283 0.922999
18 0.530951 0.725201 0.116485 0.287753 0.909556
8 0.808329 0.580119 0.0876144 0.197164 0.878624
19 0.427845 0.737644 0.28528 0.291924 0.872255
42 0.60844 0.399741 0.0638245 0.037726 0.848498
0 0.598924 0.498814 0.04177 0.204079 0.808661
18 0.415011 0.74294 0.149661 0.312816 0.804308
8 0.637058 0.539877 0.0596736 0.150381 0.777476
18 0.357347 0.669478 0.0825351 0.259632 0.76686
18 0.245836 0.535515 0.0547834 0.0840512 0.610511
18 0.343092 0.698971 0.114748 0.227496 0.587004
18 0.445723 0.699762 0.0937098 0.236078 0.586128
0 0.393679 0.469803 0.0190787 0.13215 0.499757
0 0.204269 0.436476 0.013187 0.0516681 0.467924
42 0.391745 0.400201 0.0375002 0.0249115 0.451133
8 0.517216 0.511024 0.0272583 0.106549 0.439138
0 0.387793 0.468641 0.0246378 0.143664 0.425129
18 0.313441 0.527845 0.0307899 0.0900626 0.416202
0 0.157304 0.425559 0.00897865 0.0265605 0.368701
8 0.305565 0.434482 0.0167247 0.0382439 0.356808
42 0.392378 0.410624 0.035778 0.0439678 0.347584
8 0.888344 0.597572 0.0851656 0.197673 0.309532
18 0.215411 0.503106 0.0386828 0.0741123 0.269909
0 0.199438 0.440287 0.0137996 0.0479465 0.267248
8 0.230825 0.437743 0.0141727 0.0312288 0.250269
0 0.145915 0.418493 0.00734918 0.0375456 0.244686
0 0.405508 0.472023 0.0200396 0.114977 0.243555
3 0.441283 0.494633 0.0630093 0.0863376 0.226934
3 0.763687 0.565956 0.0807289 0.173256 0.22412
0 0.579223 0.464572 0.0172791 0.104666 0.202595
0 0.207718 0.436706 0.0114252 0.0454124 0.186358
0 0.556493 0.46862 0.0335375 0.0949919 0.185114
0 0.305975 0.431757 0.016975 0.042343 0.175738
3 0.74679 0.575898 0.048324 0.149049 0.170819
0 0.192768 0.43833 0.011537 0.0468166 0.169002
8 0.239601 0.437285 0.0129649 0.0311208 0.164056
8 0.21855 0.437736 0.0133483 0.0320942 0.163562
3 0.420862 0.493057 0.0411261 0.0913591 0.162571
18 0.228717 0.522986 0.0365528 0.0878233 0.157269
8 0.654296 0.486869 0.0232119 0.0425279 0.155824
0 0.188434 0.430222 0.00819025 0.0334657 0.149437
42 0.207684 0.39861 0.0180741 0.0107601 0.146261
42 0.276036 0.387787 0.0450687 0.0218757 0.134766
3 0.738362 0.582264 0.0311547 0.132102 0.134276
18 0.344252 0.507298 0.0396747 0.0745512 0.129813
0 0.14411 0.399062 0.00675787 0.0181831 0.123108
0 0.563739 0.461824 0.0209871 0.0750224 0.121316
0 0.3794 0.453153 0.0245482 0.110903 0.121117
3 0.466997 0.500762 0.0450432 0.073616 0.117339
8 0.17751 0.423315 0.0108088 0.0227861 0.1143
8 0.41733 0.488476 0.0354611 0.09645 0.114169
0 0.168033 0.42253 0.00936681 0.0301981 0.111288
42 0.215318 0.395733 0.0296978 0.0159863 0.111257
42 0.609289 0.415695 0.0230696 0.0384963 0.109191
0 0.409751 0.428156 0.0110367 0.037812 0.107555
42 0.602547 0.428716 0.0563042 0.0871974 0.106382
42 0.564721 0.430452 0.0176402 0.0217789 0.104245
8 0.551359 0.476647 0.0400585 0.0773882 0.103719
0 0.160814 0.424016 0.00677271 0.0287386 0.1022
8 0.168033 0.42253 0.00936681 0.0301981 0.0987912
8 0.654462 0.465953 0.0211537 0.0389203 0.0986512
8 0.505625 0.497366 0.0481149 0.0873787 0.0943696
0 0.190685 0.43073 0.00887595 0.0351788 0.0917769
25 0.216229 0.395503 0.0334521 0.0148087 0.0910632
0 0.517216 0.511024 0.0272583 0.106549 0.0896272
42 0.167097 0.408249 0.0100135 0.0169732 0.0879903
18 0.28457 0.532267 0.0358725 0.0807132 0.0860266
25 0.276036 0.387787 0.0450687 0.0218757 0.0844894
8 0.259615 0.435283 0.0134248 0.0288113 0.0831027
0 0.358362 0.449171 0.0153075 0.0579954 0.0828498
8 0.157304 0.425559 0.00897865 0.0265605 0.0795347
8 0.215403 0.429681 0.00998369 0.0249723 0.0778826
8 0.300677 0.437149 0.0150861 0.031792 0.0739944
8 0.440394 0.494635 0.061776 0.0860211 0.0716344
8 0.382525 0.486088 0.0351427 0.112117 0.0696874
4 0.17751 0.423315 0.0108088 0.0227861 0.0687566
8 0.456041 0.497811 0.0556389 0.0813324 0.067641
8 0.2357 0.434623 0.0139147 0.0358531 0.0675196
18 0.234808 0.488457 0.0239159 0.058224 0.0671898
0 0.2357 0.434623 0.0139147 0.0358531 0.0667499
0 0.270766 0.438565 0.0101263 0.0373728 0.0667417
18 0.230852 0.497935 0.0297268 0.0785321 0.0663259
18 0.356733 0.500639 0.0616769 0.0893148 0.0637634
3 0.456041 0.497811 0.0556389 0.0813324 0.0607223
8 0.658338 0.470059 0.0167974 0.0486359 0.0600888
8 0.9769 0.549454 0.0462007 0.0995543 0.059287
0 0.374771 0.44836 0.0193978 0.0989368 0.0586467
18 0.0398525 0.483588 0.0196047 0.042032 0.0583975
25 0.340196 0.40136 0.0289592 0.233936 0.0581709
8 0.73894 0.51069 0.0270706 0.0513746 0.0562701
8 0.917539 0.510927 0.0383414 0.0664247 0.0549141
0 0.547621 0.441281 0.0125963 0.0281891 0.0539286
0 0.408337 0.485338 0.0323412 0.0955031 0.0522391
0 0.298745 0.433136 0.0119059 0.0386043 0.052235
0 0.558815 0.442736 0.0271467 0.038439 0.0520528
0 0.159872 0.413288 0.0107895 0.0273865 0.0506678
8 0.310665 0.438413 0.0179089 0.0366752 0.0488599
0 0.415354 0.452669 0.0196298 0.0491513 0.0480368
8 0.183218 0.439414 0.0111212 0.0398868 0.0477456
0 0.416326 0.485706 0.0290884 0.0977818 0.0474392
0 0.183218 0.439414 0.0111212 0.0398868 0.0438884
42 0.56453 0.44872 0.0184157 0.0519338 0.0433356
42 0.630294 0.409681 0.0199677 0.0294689 0.0433074
0 0.215403 0.429681 0.00998369 0.0249723 0.0427274
8 0.663421 0.466271 0.0110245 0.039146 0.0426422
8 0.653482 0.459022 0.0162329 0.0313628 0.0424983
0 0.56453 0.44872 0.0184157 0.0519338 0.0424585
0 0.73298 0.471362 0.00847156 0.0318293 0.0414602
3 0.257626 0.43257 0.0111326 0.0256074 0.0407972
0 0.262868 0.436177 0.00954761 0.0343034 0.0400937
8 0.660281 0.483658 0.0176508 0.0438526 0.0387806
8 0.470501 0.501956 0.042037 0.0727189 0.0384659
0 0.635811 0.464601 0.0189924 0.0598389 0.0383662
42 0.239734 0.40217 0.00965361 0.0121825 0.0381742
42 0.621184 0.410179 0.0246829 0.0352504 0.0381259
18 0.349118 0.622432 0.0730764 0.224641 0.038107
0 0.21855 0.437736 0.0133483 0.0320942 0.03789
8 0.975966 0.635358 0.0470192 0.157234 0.0371427
0 0.535044 0.434628 0.0130518 0.0190876 0.0364925
8 0.427251 0.491278 0.041666 0.094258 0.0364309
8 0.54684 0.512319 0.0560305 0.142403 0.0363808
8 0.648767 0.471806 0.0184738 0.0492045 0.0357605
8 0.199438 0.440287 0.0137996 0.0479465 0.0354092
0 0.17751 0.423315 0.0108088 0.0227861 0.0352605
18 0.0122734 0.499053 0.0235026 0.0405944 0.0340459
8 0.207718 0.436706 0.0114252 0.0454124 0.0335903
18 0.250983 0.505433 0.0455527 0.0710686 0.0327415
18 0.0108081 0.459544 0.0211476 0.0491492 0.0323869
0 0.279972 0.437279 0.00885471 0.0364033 0.0317257
3 0.270367 0.440746 0.0121373 0.0376865 0.0317207
18 0.374 0.496296 0.0380056 0.0888234 0.0315259
8 0.365903 0.476308 0.0250695 0.0571012 0.0314968
8 0.262868 0.436177 0.00954761 0.0343034 0.0313848
18 0.261114 0.531013 0.0286116 0.0816011 0.031313
0 0.55104 0.486452 0.0446444 0.12752 0.0312855
3 0.247643 0.442211 0.0121671 0.032667 0.0310085
19 0.215287 0.498149 0.0386933 0.0833191 0.0308818
8 0.168608 0.433517 0.00927429 0.0382577 0.0303312
42 0.547962 0.431697 0.0133949 0.0195346 0.0301822
3 0.230825 0.437743 0.0141727 0.0312288 0.0301805
0 0.39817 0.46454 0.018421 0.100671 0.0295222
8 0.73298 0.471362 0.00847156 0.0318293 0.0294105
8 0.371709 0.481892 0.0312763 0.0646192 0.0291064
0 0.232167 0.434034 0.0153391 0.0360016 0.0289687
8 0.540022 0.547337 0.0659632 0.12085 0.0284378
8 0.287395 0.436384 0.0087001 0.0323868 0.0284213
25 0.207684 0.39861 0.0180741 0.0107601 0.0279456
8 0.160814 0.424016 0.00677271 0.0287386 0.0274954
3 0.21855 0.437736 0.0133483 0.0320942 0.0274793
18 0.206989 0.485168 0.0233585 0.11001 0.0273027
0 0.412564 0.431092 0.0142585 0.0283268 0.0270104
8 0.581987 0.530519 0.0166624 0.0450989 0.0269312
8 0.374 0.496296 0.0380056 0.0888234 0.0268986
0 0.382525 0.486088 0.0351427 0.112117 0.0268653
0 0.79435 0.4742 0.0129894 0.0409254 0.0265027
0 0.357258 0.43305 0.0105699 0.0266359 0.026402
42 0.307147 0.432135 0.0164897 0.0411045 0.0263589
42 0.558815 0.442736 0.0271467 0.038439 0.0261641
3 0.239601 0.437285 0.0129649 0.0311208 0.0261536
8 0.357987 0.441147 0.0137139 0.0454117 0.0260646
8 0.270367 0.440746 0.0121373 0.0376865 0.0256349
8 0.545937 0.548388 0.0631744 0.0847456 0.0254219
8 0.188434 0.430222 0.00819025 0.0334657 0.0253379
8 0.276571 0.444044 0.0121373 0.0431041 0.0251952
18 0.371709 0.481892 0.0312763 0.0646192 0.0251622
25 0.222739 0.398919 0.0368357 0.0144206 0.0250723
4 0.215403 0.429681 0.00998369 0.0249723 0.0246136
0 0.658338 0.470059 0.0167974 0.0486359 0.0242916
8 0.235314 0.456858 0.0190858 0.0444946 0.0241735
0 0.309991 0.433615 0.0182169 0.0412241 0.0235795
4 0.167097 0.408249 0.0100135 0.0169732 0.0233787
0 0.145703 0.429568 0.00888719 0.040943 0.0230974
8 0.79435 0.4742 0.0129894 0.0409254 0.0230126
8 0.599094 0.501773 0.0427444 0.207495 0.022907
3 0.637297 0.538127 0.0587494 0.149868 0.0227672
0 0.637178 0.539834 0.0609885 0.151878 0.0225847
0 0.634827 0.450756 0.02291 0.0590892 0.022547
0 0.535759 0.448137 0.0170024 0.041252 0.0224085
42 0.178173 0.411135 0.0101702 0.0226495 0.0223567
42 0.41077 0.43074 0.0134067 0.0331093 0.0222706
0 0.306647 0.421071 0.0150036 0.0448815 0.0222341
8 0.192768 0.43833 0.011537 0.0468166 0.0214604
3 0.744253 0.509954 0.0395945 0.0582338 0.0213487
8 0.190685 0.43073 0.00887595 0.0351788 0.0211764
0 0.621184 0.410179 0.0246829 0.0352504 0.0210637
8 0.634724 0.48398 0.0177549 0.0426822 0.0209867
8 0.742633 0.498084 0.0329587 0.0669374 0.020908
19 0.249693 0.532737 0.0612331 0.0823887 0.0207286
18 0.268938 0.489475 0.0147222 0.0529607 0.0205629
8 0.36109 0.466547 0.0167667 0.0500963 0.0203448
3 0.738158 0.515137 0.0247768 0.0537289 0.0198597
11 0.415354 0.452669 0.0196298 0.0491513 0.0197977
0 0.257626 0.43257 0.0111326 0.0256074 0.019784
0 0.653482 0.459022 0.0162329 0.0313628 0.0195469
0 0.206989 0.485168 0.0233585 0.11001 0.0194771
0 0.616376 0.452304 0.0178549 0.0810962 0.019446
3 0.918345 0.511425 0.0396332 0.0657425 0.0193254
3 0.775071 0.509553 0.0464954 0.0749063 0.0192887
32 0.213446 0.497188 0.0366336 0.0874624 0.0192078
18 0.329867 0.555863 0.0609384 0.159333 0.0189699
42 0.570098 0.411034 0.0250945 0.0268943 0.0178108
0 0.167097 0.408249 0.0100135 0.0169732 0.0178069
0 0.168608 0.433517 0.00927429 0.0382577 0.0174967
8 0.574093 0.516929 0.0238325 0.0776964 0.0174416
18 0.365575 0.488056 0.0281962 0.0700504 0.0170988
0 0.717343 0.467674 0.130565 0.657485 0.0167901
3 0.276571 0.444044 0.0121373 0.0431041 0.0167393
8 0.408337 0.485338 0.0323412 0.0955031 0.0165635
4 0.178173 0.411135 0.0101702 0.0226495 0.0164442
1 0.239734 0.40217 0.00965361 0.0121825 0.0162542
18 0.373236 0.474597 0.022231 0.0598936 0.015864
3 0.215403 0.429681 0.00998369 0.0249723 0.0156763
4 0.190685 0.43073 0.00887595 0.0351788 0.0154783
42 0.393031 0.388762 0.034852 0.0223778 0.0152891
0 0.238942 0.433373 0.0122099 0.0333374 0.0151438
0 0.732604 0.461913 0.00855158 0.0372493 0.015103
0 0.534347 0.430478 0.0113644 0.0175796 0.0150992
8 0.357258 0.43305 0.0105699 0.0266359 0.014967
0 0.287395 0.436384 0.0087001 0.0323868 0.0149073
18 0.335972 0.516303 0.045834 0.0768128 0.0148705
8 0.617083 0.469108 0.0167253 0.0435898 0.0148677
4 0.232167 0.434034 0.0153391 0.0360016 0.0147625
3 0.2357 0.434623 0.0139147 0.0358531 0.0147367
8 0.55104 0.486452 0.0446444 0.12752 0.0147344
8 0.774824 0.497198 0.0457455 0.0743067 0.0146542
8 0.205037 0.435338 0.0137856 0.0513423 0.0145914
0 0.759408 0.477794 0.017056 0.0426566 0.0143951
3 0.506102 0.497155 0.0501948 0.100458 0.0143044
18 0.235071 0.464041 0.0179245 0.047837 0.0141457
8 0.766063 0.562584 0.0827849 0.182138 0.0139985
0 0.496451 0.450382 0.0132408 0.0250202 0.013611
8 0.819466 0.501308 0.0513058 0.076987 0.0136099
8 0.832152 0.497253 0.0223245 0.0530868 0.0134314
11 0.56453 0.44872 0.0184157 0.0519338 0.013373
0 0.609289 0.415695 0.0230696 0.0384963 0.0132534
4 0.2357 0.434623 0.0139147 0.0358531 0.0132095
0 0.373236 0.474597 0.022231 0.0598936 0.0131268
8 0.247643 0.442211 0.0121671 0.032667 0.012805
18 0.36109 0.466547 0.0167667 0.0500963 0.0126769
3 0.756926 0.509682 0.0586438 0.0698582 0.0125824
0 0.36109 0.466547 0.0167667 0.0500963 0.0125671
25 0.342014 0.349465 0.0276003 0.124073 0.0124856
4 0.188434 0.430222 0.00819025 0.0334657 0.0124091
0 0.648767 0.471806 0.0184738 0.0492045 0.0123102
4 0.307147 0.432135 0.0164897 0.0411045 0.0122801
8 0.58525 0.541562 0.0173867 0.0655659 0.0122708
0 0.654462 0.465953 0.0211537 0.0389203 0.0122638
8 0.373236 0.474597 0.022231 0.0598936 0.0121166
8 0.41077 0.43074 0.0134067 0.0331093 0.0119822
3 0.581987 0.530519 0.0166624 0.0450989 0.0119767
8 0.73455 0.472852 0.0151013 0.0291458 0.0118995
0 0.549414 0.479588 0.038405 0.0880403 0.0118891
12 0.695349 0.495356 0.0562538 0.700285 0.0118668
4 0.207718 0.436706 0.0114252 0.0454124 0.0117957
8 0.74346 0.474084 0.0134617 0.0323117 0.0117575
4 0.168033 0.42253 0.00936681 0.0301981 0.0116876
8 0.759408 0.477794 0.017056 0.0426566 0.0115665
42 0.547621 0.441281 0.0125963 0.0281891 0.0114199
3 0.730808 0.582205 0.0314293 0.128313 0.0114052
0 0.74346 0.474084 0.0134617 0.0323117 0.0112973
0 0.50813 0.488292 0.0405724 0.0991292 0.0111311
8 0.326744 0.449327 0.0111419 0.0221897 0.0110576
42 0.534347 0.430478 0.0113644 0.0175796 0.0110471
8 0.629088 0.522516 0.0445937 0.115411 0.0110022
8 0.560182 0.469745 0.0284602 0.0904626 0.0109621
0 0.764761 0.463729 0.0117533 0.0545354 0.0109187
3 0.516183 0.517162 0.0269785 0.0955051 0.0108977
42 0.306647 0.421071 0.0150036 0.0448815 0.0108351
8 0.76898 0.4881 0.035082 0.0569518 0.0102058
42 0.357987 0.441147 0.0137139 0.0454117 0.0101402
42 0.385583 0.430281 0.0389847 0.0735206 0.0101354
8 0.6175 0.480226 0.016584 0.0357124 0.00996896
8 0.6398 0.458152 0.02483 0.0347456 0.00973677
3 0.54684 0.512319 0.0560305 0.142403 0.00965774
8 0.496451 0.450382 0.0132408 0.0250202 0.00963822
8 0.760739 0.484269 0.0218862 0.0507811 0.00959579
3 0.262868 0.436177 0.00954761 0.0343034 0.00953473
3 0.157304 0.425559 0.00897865 0.0265605 0.00951823
3 0.365903 0.476308 0.0250695 0.0571012 0.00948119
8 0.178173 0.411135 0.0101702 0.0226495 0.00936916
8 0.511013 0.453629 0.0392025 0.0306704 0.00935615
0 0.564721 0.430452 0.0176402 0.0217789 0.00932844
42 0.222739 0.398919 0.0368357 0.0144206 0.0093246
8 0.949943 0.545812 0.0843018 0.0937017 0.00930944
0 0.602361 0.443837 0.0580013 0.109583 0.00930736
3 0.387494 0.488334 0.0256331 0.107488 0.00927906
0 0.630294 0.409681 0.0199677 0.0294689 0.00925443
4 0.608892 0.401617 0.0625139 0.0348796 0.0092212
18 0.201843 0.500398 0.0194709 0.0814242 0.00916762
3 0.574093 0.516929 0.0238325 0.0776964 0.00916031
8 0.167097 0.408249 0.0100135 0.0169732 0.00908931
8 0.782996 0.479746 0.0273773 0.0441439 0.00903999
25 0.216892 0.388452 0.0291406 0.0216034 0.00893782
3 0.757963 0.529545 0.0659916 0.100487 0.0088898
25 0.342141 0.316896 0.0255792 0.0581716 0.00888633
8 0.591985 0.524803 0.0278284 0.133257 0.00886866
0 0.6398 0.458152 0.02483 0.0347456 0.00879887
0 0.433773 0.427852 0.010314 0.0274846 0.00872717
8 0.547621 0.441281 0.0125963 0.0281891 0.00869201
