4 0.149621 0.648169 0.299243 0.337489 0.959096
4 0.348758 0.583919 0.164839 0.165878 0.938561
4 0.56948 0.529177 0.0183206 0.0377455 0.806428
4 0.544038 0.527179 0.0258305 0.0276599 0.735407
6 0.653625 0.478589 0.171209 0.219077 0.711506
4 0.500335 0.52214 0.0123469 0.0204502 0.411604
4 0.51118 0.521139 0.0116359 0.0207462 0.405701
4 0.523151 0.521072 0.0151268 0.0259906 0.337892
4 0.505314 0.520238 0.0148728 0.0202885 0.24306
4 0.529645 0.524195 0.0111038 0.0258928 0.240703
24 0.653242 0.478582 0.1712 0.21831 0.130585
4 0.499767 0.527259 0.0133112 0.0260452 0.0912453
6 0.5827 0.49594 0.0334312 0.136905 0.0388979
6 0.522247 0.519655 0.0153091 0.0261584 0.0260521
4 0.581039 0.535977 0.011426 0.0409592 0.0235604
6 0.51118 0.521139 0.0116359 0.0207462 0.0174866
2 0.20321 0.14689 0.0169143 0.0225208 0.0155346
2 0.183526 0.182689 0.011105 0.0126196 0.0143831
0 0.498617 0.523262 0.0116552 0.0249484 0.0131201
6 0.500335 0.52214 0.0123469 0.0204502 0.0121177
4 0.561999 0.531906 0.0147871 0.0325567 0.0114099
1 0.0254618 0.48376 0.0252711 0.0476697 0.0112557
4 0.58422 0.504345 0.0303773 0.124043 0.0102284
6 0.505314 0.520238 0.0148728 0.0202885 0.00935181
4 0.491739 0.523898 0.0143646 0.0254691 0.00902842
5 0.498617 0.523262 0.0116552 0.0249484 0.00725206
6 0.543005 0.524091 0.0271138 0.0337869 0.00680773
6 0.56948 0.529177 0.0183206 0.0377455 0.00641405
2 0.16048 0.160534 0.00991681 0.0120795 0.00545533
5 0.51118 0.521139 0.0116359 0.0207462 0.00535184
6 0.573673 0.514683 0.0147056 0.067012 0.00522771
4 0.485988 0.523152 0.0163115 0.0236129 0.00464846
2 0.0075933 0.161878 0.0140287 0.0177149 0.00454637
0 0.523151 0.521072 0.0151268 0.0259906 0.00405896
0 0.51118 0.521139 0.0116359 0.0207462 0.00393206
8 0.51118 0.521139 0.0116359 0.0207462 0.00357263
2 0.163898 0.161777 0.0127193 0.0146292 0.00348195
2 0.178394 0.337444 0.00792143 0.0213629 0.0031712
2 0.00802949 0.171831 0.0141129 0.0159966 0.0030809
2 0.116455 0.167398 0.00947281 0.015086 0.00302646
22 0.417444 0.562171 0.0138003 0.0340898 0.00300447
2 0.166177 0.165956 0.0147715 0.0158482 0.00276553
6 0.577011 0.508277 0.0220272 0.090693 0.00271479
0 0.505314 0.520238 0.0148728 0.0202885 0.00257897
2 0.00599029 0.186208 0.010998 0.0258796 0.00236562
8 0.498617 0.523262 0.0116552 0.0249484 0.00225399
5 0.505314 0.520238 0.0148728 0.0202885 0.00224031
2 0.0132912 0.166702 0.0116515 0.0149637 0.00220805
2 0.218744 0.320665 0.0101503 0.018571 0.00198634
2 0.209332 0.327537 0.0104989 0.0273628 0.00196282
4 0.417444 0.562171 0.0138003 0.0340898 0.0017531
8 0.523151 0.521072 0.0151268 0.0259906 0.00169486
4 0.477812 0.51536 0.0124542 0.0290585 0.00159663
5 0.523151 0.521072 0.0151268 0.0259906 0.0015889
2 0.181384 0.178655 0.0138315 0.0193552 0.00157078
5 0.571581 0.529417 0.0163152 0.0387118 0.00157006
6 0.491739 0.523898 0.0143646 0.0254691 0.00150393
30 0.20321 0.14689 0.0169143 0.0225208 0.00147815
2 0.0117387 0.162047 0.0148091 0.0167164 0.00144916
2 0.414165 0.366459 0.0101297 0.0222795 0.0013607
6 0.653275 0.549252 0.12057 0.0820223 0.0012872
5 0.652872 0.478945 0.169633 0.217689 0.00127104
4 0.405958 0.559171 0.0385833 0.0443999 0.0012437
13 0.273963 0.898566 0.134342 0.202868 0.0011814
2 0.316699 0.389562 0.00998264 0.0243661 0.00112009
2 0.161151 0.165411 0.0113055 0.0162549 0.00110596
15 0.58422 0.504345 0.0303773 0.124043 0.0010747
1 0.0207907 0.500481 0.0395967 0.102236 0.00102194
1 0.0172015 0.716506 0.0335612 0.0858116 0.00101311
4 0.399656 0.552914 0.057086 0.0874316 0.00100019
