4 0.829898 0.809244 0.147398 0.147428 0.941935
4 0.51245 0.811069 0.142298 0.172124 0.938671
4 0.602956 0.798679 0.0734683 0.113995 0.912892
4 0.433442 0.788826 0.0750687 0.131222 0.91061
4 0.303008 0.809081 0.105321 0.126935 0.908334
4 0.389743 0.788254 0.0390905 0.101066 0.868424
4 0.365252 0.778924 0.0329971 0.0614764 0.843282
1 0.198094 0.691105 0.0442212 0.0370542 0.821857
1 0.262877 0.689579 0.0437344 0.035159 0.819791
0 0.910448 0.80612 0.0297472 0.1042 0.776506
4 0.262402 0.782413 0.0328605 0.0785038 0.771056
8 0.910674 0.830657 0.0286448 0.075614 0.507127
1 0.30581 0.723014 0.0178506 0.016821 0.48241
22 0.165356 0.799799 0.0125565 0.034262 0.45271
3 0.120264 0.798016 0.0240977 0.0444347 0.398251
22 0.161685 0.798676 0.014577 0.0314472 0.345282
8 0.188394 0.794813 0.0169385 0.0418406 0.321894
1 0.374259 0.724261 0.0220825 0.0281336 0.274554
1 0.269032 0.730124 0.0239744 0.0317277 0.250607
0 0.190632 0.782264 0.0182617 0.0614402 0.225455
0 0.120907 0.770256 0.0159326 0.0393685 0.213853
8 0.208292 0.791975 0.0199093 0.0376871 0.213538
6 0.350312 0.744421 0.0272935 0.0302517 0.159307
1 0.372989 0.731112 0.0191743 0.0339999 0.14071
1 0.293132 0.723416 0.0088064 0.0178306 0.137607
0 0.119628 0.783194 0.0165067 0.059481 0.120796
4 0.349198 0.77201 0.0153981 0.0286276 0.114637
1 0.350764 0.743341 0.0266094 0.0293713 0.111828
4 0.241405 0.788155 0.0145494 0.0356522 0.10824
1 0.257091 0.727345 0.0248474 0.025571 0.0936767
1 0.261998 0.729121 0.0250765 0.0312909 0.0907373
1 0.278532 0.730799 0.00898923 0.0295678 0.0786787
4 0.208821 0.790793 0.0209084 0.0378489 0.075483
6 0.348506 0.74953 0.0204877 0.0288213 0.0698205
4 0.276667 0.750027 0.0100784 0.012948 0.0651814
4 0.186687 0.784314 0.0219935 0.0571672 0.0556104
8 0.163927 0.799804 0.0122492 0.0331668 0.0551308
1 0.280454 0.724866 0.0090379 0.0209658 0.0541132
3 0.910817 0.836578 0.0270499 0.0649717 0.049359
6 0.235596 0.785049 0.0166821 0.0455557 0.0485283
22 0.186508 0.796324 0.0155358 0.040112 0.0472452
4 0.380506 0.780669 0.0341043 0.0783028 0.0439909
4 0.26316 0.751693 0.0318704 0.0253289 0.0407214
1 0.307787 0.715586 0.0137368 0.0174083 0.0355608
4 0.348506 0.74953 0.0204877 0.0288213 0.0346432
8 0.212122 0.794292 0.0146714 0.0355388 0.0334049
4 0.260254 0.769267 0.0320908 0.0484756 0.0330862
4 0.358385 0.749394 0.0190959 0.014545 0.0321114
5 0.208292 0.791975 0.0199093 0.0376871 0.0316573
3 0.120414 0.785331 0.0207504 0.0659744 0.0288789
4 0.195978 0.77919 0.0224203 0.0439007 0.0284224
1 0.213602 0.718033 0.0132699 0.0119443 0.027773
4 0.35133 0.769449 0.0153512 0.0418059 0.0268436
0 0.911066 0.829487 0.0278205 0.0776439 0.0253001
22 0.229979 0.799577 0.0118604 0.0258263 0.0244229
8 0.120264 0.798016 0.0240977 0.0444347 0.0243075
1 0.120423 0.766086 0.0145276 0.0312446 0.0242384
0 0.186223 0.79423 0.0144869 0.041772 0.024102
1 0.206026 0.731668 0.0145258 0.0155219 0.0228357
6 0.374134 0.728132 0.0218368 0.0376763 0.0220488
8 0.120414 0.785331 0.0207504 0.0659744 0.0219431
4 0.235596 0.785049 0.0166821 0.0455557 0.0206856
14 0.120907 0.770256 0.0159326 0.0393685 0.0202178
0 0.163844 0.796587 0.0136551 0.0335822 0.0201813
4 0.120907 0.770256 0.0159326 0.0393685 0.0200649
4 0.246042 0.757817 0.00822679 0.0133612 0.0195667
4 0.394417 0.742745 0.0206187 0.0153191 0.0194021
0 0.208821 0.790793 0.0209084 0.0378489 0.0189073
3 0.188394 0.794813 0.0169385 0.0418406 0.0188159
1 0.249146 0.72084 0.0169191 0.0140539 0.0170363
4 0.907112 0.801472 0.0355394 0.100511 0.0169786
0 0.19215 0.773728 0.0141409 0.0470699 0.0153679
4 0.4788 0.73029 0.0157961 0.0124607 0.0139601
6 0.209751 0.79053 0.0204854 0.0392788 0.0138107
0 0.237524 0.783857 0.0171994 0.047114 0.0134939
4 0.19215 0.773728 0.0141409 0.0470699 0.0134013
4 0.231266 0.789376 0.0143291 0.0366172 0.0128046
1 0.348506 0.74953 0.0204877 0.0288213 0.01251
15 0.348506 0.74953 0.0204877 0.0288213 0.0124252
8 0.231266 0.789376 0.0143291 0.0366172 0.0120555
4 0.23454 0.756625 0.0102515 0.0122682 0.0117415
8 0.229979 0.799577 0.0118604 0.0258263 0.0116551
6 0.269032 0.730124 0.0239744 0.0317277 0.011546
4 0.437899 0.730956 0.0612931 0.0160973 0.0110174
3 0.208372 0.793323 0.0196944 0.0376491 0.0108878
22 0.119799 0.800581 0.0214809 0.0412073 0.0108145
15 0.350764 0.743341 0.0266094 0.0293713 0.0106655
13 0.120423 0.766086 0.0145276 0.0312446 0.0104586
4 0.906042 0.813512 0.022527 0.111865 0.00990903
4 0.236871 0.746868 0.00794022 0.0131633 0.00900067
6 0.188005 0.782345 0.0224492 0.0605854 0.00895271
6 0.19215 0.773728 0.0141409 0.0470699 0.0087342
14 0.208292 0.791975 0.0199093 0.0376871 0.00870541
1 0.215181 0.731506 0.0224897 0.0165457 0.00856054
4 0.249928 0.790311 0.0167209 0.0481997 0.00855695
6 0.260254 0.769267 0.0320908 0.0484756 0.00815697
1 0.19215 0.773728 0.0141409 0.0470699 0.00780985
6 0.261998 0.729121 0.0250765 0.0312909 0.00767049
6 0.358385 0.749394 0.0190959 0.014545 0.00763169
22 0.212122 0.794292 0.0146714 0.0355388 0.00754713
4 0.373021 0.773761 0.0183521 0.0599999 0.00751097
6 0.207841 0.780762 0.03284 0.0624523 0.00750002
42 0.120423 0.766086 0.0145276 0.0312446 0.00741269
3 0.229979 0.799577 0.0118604 0.0258263 0.00728911
15 0.374134 0.728132 0.0218368 0.0376763 0.00723887
6 0.26316 0.751693 0.0318704 0.0253289 0.0068355
8 0.909951 0.809233 0.0286783 0.109706 0.0066931
6 0.236871 0.746868 0.00794022 0.0131633 0.00650855
8 0.237524 0.783857 0.0171994 0.047114 0.00650826
7 0.293132 0.723416 0.0088064 0.0178306 0.00648377
1 0.249785 0.731751 0.0169975 0.0292618 0.00603572
23 0.119628 0.783194 0.0165067 0.059481 0.00589193
0 0.634027 0.782194 0.00999841 0.035745 0.00582233
1 0.195978 0.77919 0.0224203 0.0439007 0.00558843
1 0.31233 0.719135 0.0123155 0.0119275 0.00558528
1 0.359228 0.724902 0.012824 0.0201942 0.00549763
1 0.234557 0.739265 0.0100186 0.0162199 0.00538308
1 0.231153 0.718421 0.0135327 0.0168489 0.0053747
3 0.163927 0.799804 0.0122492 0.0331668 0.00535782
6 0.394417 0.742745 0.0206187 0.0153191 0.00516305
6 0.240924 0.783995 0.0152255 0.0425352 0.00504604
22 0.119628 0.783194 0.0165067 0.059481 0.00501795
4 0.28783 0.750152 0.0126106 0.0129941 0.00500357
1 0.236871 0.746868 0.00794022 0.0131633 0.00482229
1 0.482328 0.724743 0.0102302 0.017095 0.00478186
1 0.422681 0.702846 0.011966 0.0233249 0.00475845
6 0.231266 0.789376 0.0143291 0.0366172 0.00475325
4 0.206026 0.731668 0.0145258 0.0155219 0.00471857
6 0.278532 0.730799 0.00898923 0.0295678 0.00467603
8 0.120907 0.770256 0.0159326 0.0393685 0.00465566
1 0.26316 0.751693 0.0318704 0.0253289 0.00465205
15 0.30581 0.723014 0.0178506 0.016821 0.00458461
6 0.206026 0.731668 0.0145258 0.0155219 0.00442926
1 0.193395 0.743549 0.0108658 0.0209705 0.00440266
22 0.262902 0.68944 0.0435873 0.0340998 0.00434762
1 0.276667 0.750027 0.0100784 0.012948 0.0043052
8 0.634027 0.782194 0.00999841 0.035745 0.00427768
6 0.23454 0.756625 0.0102515 0.0122682 0.00423956
4 0.18904 0.757422 0.0197015 0.0343882 0.00409229
8 0.6377 0.787693 0.0121093 0.0342466 0.00404823
5 0.237524 0.783857 0.0171994 0.047114 0.00376559
1 0.306252 0.742824 0.0184029 0.00997318 0.00375701
4 0.207841 0.780762 0.03284 0.0624523 0.00368051
1 0.371326 0.719962 0.0200237 0.0271247 0.003571
6 0.246042 0.757817 0.00822679 0.0133612 0.00356987
5 0.120907 0.770256 0.0159326 0.0393685 0.00351806
12 0.350764 0.743341 0.0266094 0.0293713 0.00351044
4 0.176827 0.784343 0.0189437 0.031692 0.00348107
4 0.350764 0.743341 0.0266094 0.0293713 0.00346264
1 0.260254 0.769267 0.0320908 0.0484756 0.00340644
5 0.910817 0.836578 0.0270499 0.0649717 0.00339754
7 0.31233 0.719135 0.0123155 0.0119275 0.00337937
6 0.205269 0.749401 0.0327519 0.0435786 0.00335917
1 0.283211 0.742493 0.0139995 0.0100608 0.00335396
5 0.231266 0.789376 0.0143291 0.0366172 0.00329239
1 0.23454 0.756625 0.0102515 0.0122682 0.00329055
4 0.1915 0.792638 0.0166031 0.0446227 0.00328269
6 0.120423 0.766086 0.0145276 0.0312446 0.00310716
4 0.283211 0.742493 0.0139995 0.0100608 0.00308215
0 0.231266 0.789376 0.0143291 0.0366172 0.00307712
2 0.689939 0.69929 0.0095069 0.0212151 0.00305122
3 0.231266 0.789376 0.0143291 0.0366172 0.00303323
6 0.26227 0.782155 0.0329519 0.0777482 0.00297985
0 0.212122 0.794292 0.0146714 0.0355388 0.00297349
22 0.188266 0.786151 0.0195168 0.0573182 0.00296199
6 0.276667 0.750027 0.0100784 0.012948 0.00294833
4 0.348593 0.785011 0.016593 0.0590454 0.00294695
4 0.307497 0.75129 0.0158214 0.016218 0.00288124
4 0.337256 0.778684 0.0379331 0.0533804 0.00285548
7 0.428557 0.683801 0.00637808 0.013405 0.00284794
6 0.30581 0.723014 0.0178506 0.016821 0.00280132
6 0.215181 0.731506 0.0224897 0.0165457 0.00278219
4 0.193395 0.743549 0.0108658 0.0209705 0.00276801
8 0.241405 0.788155 0.0145494 0.0356522 0.00275817
22 0.208292 0.791975 0.0199093 0.0376871 0.00271688
1 0.394417 0.742745 0.0206187 0.0153191 0.00269224
12 0.269032 0.730124 0.0239744 0.0317277 0.00268869
15 0.269032 0.730124 0.0239744 0.0317277 0.00268169
15 0.261119 0.782978 0.0310594 0.0761814 0.00263549
5 0.212122 0.794292 0.0146714 0.0355388 0.00260641
4 0.634027 0.782194 0.00999841 0.035745 0.00259861
14 0.237524 0.783857 0.0171994 0.047114 0.00259118
6 0.249785 0.731751 0.0169975 0.0292618 0.00255463
2 0.120423 0.766086 0.0145276 0.0312446 0.00253863
1 0.208292 0.791975 0.0199093 0.0376871 0.00251731
0 0.18904 0.757422 0.0197015 0.0343882 0.00250206
1 0.19318 0.706155 0.0319991 0.0271245 0.00248733
1 0.349717 0.724387 0.0223599 0.021497 0.00246998
4 0.331795 0.793363 0.050698 0.0828059 0.00244486
6 0.293132 0.723416 0.0088064 0.0178306 0.00235407
4 0.234557 0.739265 0.0100186 0.0162199 0.00233912
3 0.906042 0.813512 0.022527 0.111865 0.00229822
1 0.308263 0.707958 0.0132538 0.020812 0.00223408
1 0.120264 0.798016 0.0240977 0.0444347 0.00223348
7 0.42678 0.704014 0.00876172 0.0306136 0.00223293
22 0.198272 0.691419 0.044459 0.037007 0.00220762
1 0.161685 0.798676 0.014577 0.0314472 0.00218439
1 0.42678 0.704014 0.00876172 0.0306136 0.00212279
6 0.195978 0.77919 0.0224203 0.0439007 0.00211288
8 0.186687 0.784314 0.0219935 0.0571672 0.00210699
5 0.1915 0.792638 0.0166031 0.0446227 0.00204968
22 0.231266 0.789376 0.0143291 0.0366172 0.00202888
4 0.399789 0.740181 0.0154891 0.0127416 0.00197471
22 0.1915 0.792638 0.0166031 0.0446227 0.0019691
13 0.19215 0.773728 0.0141409 0.0470699 0.00191986
4 0.119628 0.783194 0.0165067 0.059481 0.00191732
5 0.188266 0.786151 0.0195168 0.0573182 0.00188532
4 0.910674 0.830657 0.0286448 0.075614 0.00188182
0 0.637133 0.78466 0.0134799 0.0368063 0.00187726
0 0.120963 0.793161 0.0238429 0.0525257 0.001835
6 0.234557 0.739265 0.0100186 0.0162199 0.00183148
6 0.437899 0.730956 0.0612931 0.0160973 0.00181906
1 0.457311 0.70129 0.00797678 0.0141121 0.0017753
4 0.215181 0.731506 0.0224897 0.0165457 0.001761
15 0.358385 0.749394 0.0190959 0.014545 0.00174663
4 0.269278 0.728553 0.0246018 0.0273961 0.00172006
12 0.261998 0.729121 0.0250765 0.0312909 0.00171993
1 0.120414 0.785331 0.0207504 0.0659744 0.00170373
23 0.163844 0.796587 0.0136551 0.0335822 0.0016952
0 0.119308 0.75529 0.0148753 0.0222893 0.00166949
5 0.120414 0.785331 0.0207504 0.0659744 0.0016461
6 0.364304 0.778327 0.0304882 0.0604398 0.00160426
1 0.205269 0.749401 0.0327519 0.0435786 0.00156824
23 0.119799 0.800581 0.0214809 0.0412073 0.00154518
3 0.637133 0.78466 0.0134799 0.0368063 0.00151772
0 0.236871 0.746868 0.00794022 0.0131633 0.0015176
1 0.389311 0.723952 0.0171042 0.0259098 0.0015035
1 0.689939 0.69929 0.0095069 0.0212151 0.00150193
4 0.273508 0.77228 0.0464759 0.0559157 0.00150084
7 0.457311 0.70129 0.00797678 0.0141121 0.00147355
14 0.120414 0.785331 0.0207504 0.0659744 0.00145873
4 0.336413 0.76338 0.0245359 0.0242889 0.00143317
4 0.212122 0.794292 0.0146714 0.0355388 0.001391
4 0.461695 0.730508 0.0169806 0.0132205 0.00135856
6 0.390762 0.788761 0.0368115 0.102891 0.0013554
4 0.6377 0.787693 0.0121093 0.0342466 0.00135414
4 0.213602 0.718033 0.0132699 0.0119443 0.00135317
14 0.1915 0.792638 0.0166031 0.0446227 0.00135285
7 0.257091 0.727345 0.0248474 0.025571 0.00134262
0 0.176827 0.784343 0.0189437 0.031692 0.00134051
4 0.372247 0.792001 0.0298229 0.08934 0.00133899
1 0.340851 0.741498 0.0219883 0.0196044 0.00133767
4 0.257091 0.727345 0.0248474 0.025571 0.00129905
7 0.307787 0.715586 0.0137368 0.0174083 0.00129898
1 0.231266 0.789376 0.0143291 0.0366172 0.00129814
4 0.186223 0.79423 0.0144869 0.041772 0.00129131
7 0.269278 0.728553 0.0246018 0.0273961 0.00128365
1 0.165356 0.799799 0.0125565 0.034262 0.00126825
6 0.359228 0.724902 0.012824 0.0201942 0.00125685
15 0.26316 0.751693 0.0318704 0.0253289 0.00125552
22 0.120907 0.770256 0.0159326 0.0393685 0.00125092
6 0.193395 0.743549 0.0108658 0.0209705 0.00123984
1 0.375221 0.707656 0.0212955 0.0213313 0.00122859
6 0.340851 0.741498 0.0219883 0.0196044 0.00121917
6 0.257091 0.727345 0.0248474 0.025571 0.00120416
0 0.229979 0.799577 0.0118604 0.0258263 0.00120338
1 0.469568 0.722037 0.00795984 0.0196622 0.00119238
12 0.120907 0.770256 0.0159326 0.0393685 0.001184
15 0.261998 0.729121 0.0250765 0.0312909 0.00116537
1 0.190632 0.782264 0.0182617 0.0614402 0.00115856
1 0.358385 0.749394 0.0190959 0.014545 0.00113641
1 0.318529 0.732549 0.0101677 0.0102263 0.00113034
9 0.161685 0.798676 0.014577 0.0314472 0.00112704
1 0.237524 0.783857 0.0171994 0.047114 0.00110373
12 0.374134 0.728132 0.0218368 0.0376763 0.00109816
1 0.246042 0.757817 0.00822679 0.0133612 0.00109232
42 0.186687 0.784314 0.0219935 0.0571672 0.00109176
1 0.28128 0.698383 0.0389922 0.0340527 0.00108042
4 0.372989 0.731112 0.0191743 0.0339999 0.00107114
15 0.236871 0.746868 0.00794022 0.0131633 0.00106492
0 0.195978 0.77919 0.0224203 0.0439007 0.00106109
1 0.377618 0.716879 0.0225067 0.0218438 0.00105976
14 0.186223 0.79423 0.0144869 0.041772 0.00102819
