6 0.635212 0.706851 0.184272 0.301071 0.923933
4 0.398303 0.761135 0.0543665 0.0781193 0.919116
4 0.474099 0.759532 0.0649379 0.103058 0.904916
4 0.433529 0.757394 0.0274489 0.0434671 0.825217
6 0.543121 0.712686 0.0361099 0.164311 0.571373
4 0.51351 0.745881 0.0206425 0.0274979 0.543131
4 0.522263 0.742834 0.00950928 0.0326213 0.287737
4 0.543167 0.771967 0.0344183 0.077782 0.251665
4 0.53306 0.75296 0.0130811 0.0374087 0.237562
4 0.526438 0.745051 0.0116871 0.035391 0.176706
14 0.74858 0.793706 0.0275 0.070422 0.133769
14 0.0488159 0.794003 0.0268538 0.0629528 0.117377
4 0.54109 0.753204 0.0282084 0.041684 0.115947
22 0.602417 0.96347 0.0163337 0.0707925 0.0983589
6 0.543184 0.771538 0.0352745 0.0768131 0.0744606
6 0.296439 0.734043 0.06074 0.0576878 0.0614593
6 0.535294 0.726046 0.0213228 0.0860196 0.0477744
2 0.270364 0.535595 0.0098588 0.0145152 0.0398407
6 0.522263 0.742834 0.00950928 0.0326213 0.0294426
4 0.442985 0.756263 0.0170642 0.0450762 0.0259675
6 0.51351 0.745881 0.0206425 0.0274979 0.024608
6 0.511625 0.733353 0.029251 0.0478011 0.0231315
4 0.543423 0.743142 0.0364629 0.136962 0.0195907
4 0.364541 0.752153 0.0176862 0.0244256 0.0153291
2 0.334462 0.549277 0.00746271 0.0115336 0.0139649
15 0.543423 0.743142 0.0364629 0.136962 0.0132694
2 0.335664 0.552063 0.00517883 0.013264 0.0126636
12 0.0488025 0.792581 0.0274192 0.0618539 0.0124903
6 0.526438 0.745051 0.0116871 0.035391 0.0112633
12 0.024366 0.770454 0.042287 0.0620938 0.0112381
12 0.748787 0.793643 0.0261057 0.0703505 0.0109832
4 0.0712745 0.79003 0.0210933 0.0217382 0.0105309
4 0.0488025 0.792581 0.0274192 0.0618539 0.0104587
4 0.422715 0.74843 0.0262086 0.0556495 0.00969955
7 0.368006 0.672664 0.010376 0.0294596 0.00959263
6 0.0591777 0.757935 0.0484735 0.0705658 0.00904371
6 0.540627 0.750701 0.0254371 0.0407276 0.00852571
2 0.359996 0.54688 0.00865064 0.0142567 0.0084139
4 0.362737 0.756125 0.0177777 0.0234506 0.00761237
1 0.269641 0.695149 0.010992 0.0180638 0.0070555
6 0.312137 0.727607 0.0257107 0.0409021 0.00668488
6 0.551627 0.724684 0.0511079 0.190284 0.00631664
6 0.0487973 0.789645 0.0267424 0.056507 0.00614166
6 0.477064 0.699637 0.0355059 0.0187032 0.00602596
14 0.341789 0.747424 0.0122781 0.0434925 0.00599033
6 0.544108 0.670746 0.0297907 0.0806142 0.00595317
6 0.473978 0.760032 0.0648175 0.103655 0.00593968
0 0.53306 0.75296 0.0130811 0.0374087 0.00592539
7 0.403207 0.674327 0.00777472 0.0153414 0.00576826
6 0.0234896 0.771188 0.04239 0.0631215 0.00576214
1 0.368006 0.672664 0.010376 0.0294596 0.00556518
19 0.215522 0.787395 0.0283058 0.0207555 0.00552403
4 0.0112547 0.793899 0.0225095 0.0323296 0.00544575
4 0.516055 0.734407 0.0223192 0.0414722 0.00520299
2 0.277207 0.532222 0.0092594 0.0105067 0.00494991
0 0.522263 0.742834 0.00950928 0.0326213 0.00487658
14 0.362737 0.756125 0.0177777 0.0234506 0.00477374
0 0.513239 0.747867 0.019862 0.0232148 0.00389866
6 0.0426448 0.758359 0.0844243 0.0845094 0.00387134
5 0.0487973 0.789645 0.0267424 0.056507 0.00378172
2 0.35892 0.589844 0.00789923 0.0159486 0.00376651
5 0.215156 0.787549 0.027762 0.0206857 0.00373215
6 0.337262 0.747218 0.0240382 0.0481783 0.0036869
2 0.440128 0.513276 0.00783063 0.00933412 0.00352501
2 0.396486 0.640861 0.00680319 0.0105344 0.00343204
2 0.362983 0.546378 0.0108395 0.0142847 0.00339695
6 0.532716 0.755455 0.0136716 0.0415009 0.00334028
14 0.0712745 0.79003 0.0210933 0.0217382 0.00332677
3 0.362737 0.756125 0.0177777 0.0234506 0.00331134
6 0.483056 0.703068 0.0282183 0.0156792 0.00330793
1 0.339703 0.680588 0.032102 0.0267068 0.0032401
2 0.338144 0.549383 0.0108855 0.0104229 0.00309963
1 0.310321 0.533025 0.00988123 0.0268873 0.00302271
1 0.0712745 0.79003 0.0210933 0.0217382 0.00293736
14 0.0541025 0.785539 0.0358096 0.0472675 0.00291881
1 0.0486158 0.794681 0.0267971 0.0656972 0.00286699
2 0.360523 0.550341 0.00684897 0.0215448 0.00283322
2 0.51981 0.514871 0.00726056 0.0101744 0.00275579
18 0.215156 0.787549 0.027762 0.0206857 0.00267661
15 0.544108 0.670746 0.0297907 0.0806142 0.00248438
4 0.0541025 0.785539 0.0358096 0.0472675 0.00241901
4 0.215522 0.787395 0.0283058 0.0207555 0.00235476
4 0.0109832 0.801858 0.0213103 0.0335362 0.00235434
12 0.049286 0.759463 0.0657977 0.0596468 0.00230255
1 0.341806 0.74474 0.0110528 0.0385219 0.0022333
4 0.406286 0.723258 0.0138043 0.0137438 0.00221481
1 0.310174 0.545406 0.00988953 0.0281734 0.0022073
6 0.433759 0.757174 0.0281067 0.0426589 0.00218344
15 0.542125 0.705299 0.0344939 0.149836 0.0021655
4 0.521836 0.755886 0.0137354 0.0356987 0.00214134
4 0.535925 0.772328 0.0225746 0.0825979 0.0021404
0 0.341789 0.747424 0.0122781 0.0434925 0.0021259
8 0.36557 0.755451 0.0164807 0.0201756 0.00212248
5 0.51351 0.745881 0.0206425 0.0274979 0.00207342
22 0.618331 0.960097 0.0408251 0.0798057 0.00201936
1 0.544108 0.670746 0.0297907 0.0806142 0.00200053
6 0.058587 0.781561 0.045123 0.0373565 0.00197763
4 0.049286 0.759463 0.0657977 0.0596468 0.00196794
2 0.312911 0.521268 0.00740784 0.020197 0.00195633
6 0.215156 0.787549 0.027762 0.0206857 0.00193013
2 0.334053 0.531209 0.00724487 0.0083315 0.00192005
4 0.00889403 0.779651 0.0177881 0.050061 0.00191157
12 0.542125 0.705299 0.0344939 0.149836 0.00178852
4 0.0426678 0.770262 0.0845526 0.0698096 0.00170143
4 0.563926 0.734963 0.0163505 0.013894 0.00168758
7 0.0971711 0.682047 0.00735483 0.0168956 0.0016861
5 0.543423 0.743142 0.0364629 0.136962 0.00164856
1 0.483056 0.703068 0.0282183 0.0156792 0.00161566
6 0.0827196 0.765799 0.00858213 0.0207397 0.00161114
14 0.329375 0.748836 0.0323687 0.0434291 0.00161065
6 0.35687 0.747918 0.0224947 0.0381791 0.00159962
14 0.316225 0.752646 0.0171677 0.0388936 0.00159575
6 0.472738 0.725514 0.0562939 0.0360802 0.00156996
14 0.0366808 0.760011 0.018104 0.0430666 0.00155448
0 0.543423 0.743142 0.0364629 0.136962 0.00152804
0 0.526438 0.745051 0.0116871 0.035391 0.00152215
4 0.393305 0.722207 0.0153605 0.0118612 0.00151935
15 0.51351 0.745881 0.0206425 0.0274979 0.00150325
25 0.0426448 0.758359 0.0844243 0.0845094 0.00147692
5 0.543314 0.771464 0.0347245 0.0769232 0.00145044
14 0.024366 0.770454 0.042287 0.0620938 0.00141955
1 0.542662 0.715062 0.0359647 0.171785 0.00140379
1 0.0836077 0.762336 0.00861533 0.0196215 0.00139408
6 0.0372795 0.778132 0.073779 0.0626677 0.00138567
6 0.547822 0.772482 0.052907 0.126801 0.00135062
24 0.0426448 0.758359 0.0844243 0.0845094 0.0013336
6 0.498361 0.728875 0.015298 0.0389893 0.00133279
7 0.404454 0.668501 0.00680069 0.0191027 0.00132061
22 0.0712745 0.79003 0.0210933 0.0217382 0.00131615
6 0.513527 0.705648 0.0263362 0.0191733 0.00131114
1 0.0971711 0.682047 0.00735483 0.0168956 0.00130487
1 0.511625 0.733353 0.029251 0.0478011 0.00127338
22 0.700992 0.973713 0.0156272 0.0426134 0.0012483
6 0.329375 0.748836 0.0323687 0.0434291 0.00123281
2 0.310174 0.545406 0.00988953 0.0281734 0.00122536
0 0.364541 0.752153 0.0176862 0.0244256 0.00122414
6 0.33055 0.736573 0.0171144 0.0242348 0.00122364
5 0.522263 0.742834 0.00950928 0.0326213 0.00120181
12 0.0541025 0.785539 0.0358096 0.0472675 0.00119387
4 0.0836077 0.762336 0.00861533 0.0196215 0.00119278
4 0.748686 0.793774 0.0260438 0.07081 0.00119176
2 0.431117 0.1305 0.00889279 0.0138644 0.00117906
2 0.281577 0.669544 0.00769708 0.0194429 0.00115571
2 0.312838 0.527673 0.0112852 0.0181389 0.0011545
22 0.25771 0.336799 0.0227835 0.120798 0.00114809
2 0.260559 0.53238 0.0110772 0.0162853 0.00114616
4 0.0234896 0.771188 0.04239 0.0631215 0.00113579
12 0.33055 0.736573 0.0171144 0.0242348 0.00111941
4 0.348311 0.754648 0.0214096 0.0299744 0.00110797
0 0.362737 0.756125 0.0177777 0.0234506 0.00108975
6 0.459195 0.699169 0.0166882 0.0192994 0.00108929
1 0.0366808 0.760011 0.018104 0.0430666 0.00108244
1 0.27133 0.687479 0.0112735 0.0182023 0.00106641
2 0.310321 0.533025 0.00988123 0.0268873 0.00106217
4 0.472738 0.725514 0.0562939 0.0360802 0.00105663
15 0.543184 0.771538 0.0352745 0.0768131 0.00104247
1 0.279848 0.673549 0.00682272 0.0195983 0.00104047
2 0.311153 0.552065 0.00894522 0.0218121 0.0010331
0 0.293689 0.760913 0.0119847 0.021583 0.00102771
6 0.0836077 0.762336 0.00861533 0.0196215 0.00102513
1 0.352759 0.648827 0.029224 0.0348112 0.00100209
