10 0.41918 0.53258 0.201439 0.224986 0.970675
44 0.589202 0.721032 0.302778 0.191921 0.942151
44 0.390603 0.580408 0.243179 0.145883 0.937195
10 0.163898 0.474192 0.200837 0.206805 0.930865
10 0.604266 0.653222 0.213776 0.258653 0.923387
10 0.0434253 0.414571 0.0854115 0.197174 0.904583
10 0.660388 0.531419 0.192247 0.194129 0.903583
10 0.402284 0.39874 0.179178 0.146236 0.859281
44 0.18579 0.523929 0.255655 0.119165 0.855309
10 0.451786 0.0354105 0.162363 0.0701222 0.602907
10 0.0654152 0.301408 0.130349 0.157442 0.422641
10 0.215498 0.35135 0.14975 0.15393 0.327292
36 0.451853 0.0341369 0.157219 0.0682738 0.227401
27 0.402178 0.390057 0.178336 0.132063 0.0545431
44 0.648896 0.592555 0.295647 0.113571 0.0244617
44 0.45167 0.034888 0.16337 0.069776 0.0240942
45 0.451786 0.0354105 0.162363 0.0701222 0.0210704
44 0.0414668 0.524762 0.082654 0.0476067 0.0174229
44 0.0435847 0.512141 0.0871694 0.0509581 0.0153437
35 0.453663 0.0348519 0.16984 0.0697038 0.00799987
27 0.0653809 0.302667 0.129492 0.153734 0.00785004
27 0.452312 0.0352233 0.159889 0.0704465 0.00780402
44 0.21702 0.340657 0.147353 0.130906 0.00763971
60 0.451853 0.0341369 0.157219 0.0682738 0.00727353
44 0.402178 0.390057 0.178336 0.132063 0.00607509
44 0.0800825 0.515371 0.160165 0.052674 0.00511042
44 0.0661621 0.534775 0.132324 0.0698748 0.00502024
27 0.21702 0.340657 0.147353 0.130906 0.00472835
35 0.492655 0.0335354 0.24597 0.0670708 0.00428137
10 8.00514e-05 0.404022 0.000160103 0.175696 0.00374789
44 0.0649812 0.30068 0.129115 0.144915 0.00373302
27 0.163012 0.475508 0.201616 0.207575 0.00302706
50 0.589202 0.721032 0.302778 0.191921 0.00282626
27 0.391454 0.588329 0.246853 0.14038 0.00280161
44 0.660274 0.531952 0.19227 0.194975 0.00262368
49 0.45246 0.0356234 0.166865 0.0712467 0.00252372
10 0.426902 0.014101 0.0984931 0.028202 0.00244612
27 0.417226 0.533951 0.202029 0.225057 0.00228605
19 0.471927 0.798464 0.919115 0.397308 0.00192159
35 0.398446 0.00354764 0.289807 0.00709528 0.00181382
10 0.443922 0.0231929 0.141891 0.0450511 0.00149063
10 0.391454 0.588329 0.246853 0.14038 0.00139962
17 0.451687 0.035188 0.163188 0.0700623 0.00135157
10 0.168642 0.525423 0.216938 0.119069 0.00128545
49 0.492655 0.0335354 0.24597 0.0670708 0.00105042
