4 0.501202 0.605869 0.294558 0.349095 0.942569
4 0.822575 0.527924 0.0865889 0.108105 0.92338
1 0.958894 0.433839 0.0321876 0.0310923 0.774243
1 0.98264 0.462879 0.0187003 0.0155346 0.740281
4 0.983052 0.500893 0.0109634 0.0204608 0.440415
4 0.989807 0.496268 0.00957379 0.0167797 0.214005
4 0.964232 0.501736 0.00991516 0.0187773 0.199323
4 0.952459 0.502322 0.00900879 0.0176276 0.134352
4 0.959169 0.499256 0.00849036 0.0211458 0.0881741
4 0.94647 0.505872 0.00692255 0.0108662 0.0864567
1 0.981896 0.468089 0.0152306 0.0275603 0.0790266
4 0.98928 0.500966 0.00995294 0.0203383 0.0561738
1 0.522084 0.443631 0.0616434 0.0304728 0.0501291
5 0.983052 0.500893 0.0109634 0.0204608 0.0471326
1 0.477928 0.427968 0.0224436 0.0661267 0.0398383
1 0.966028 0.467237 0.0100284 0.0109298 0.039504
8 0.964232 0.501736 0.00991516 0.0187773 0.0323808
1 0.857563 0.453318 0.0116779 0.0229867 0.0321739
8 0.952459 0.502322 0.00900879 0.0176276 0.0317634
8 0.94647 0.505872 0.00692255 0.0108662 0.0309599
2 0.500816 0.606242 0.294247 0.34872 0.0253996
5 0.952459 0.502322 0.00900879 0.0176276 0.0244511
7 0.646288 0.412998 0.0118914 0.0701557 0.0223472
8 0.983052 0.500893 0.0109634 0.0204608 0.0221499
1 0.439586 0.420537 0.0085333 0.0205406 0.0212094
6 0.301416 0.433084 0.0419823 0.0253603 0.0210604
6 0.959169 0.499256 0.00849036 0.0211458 0.0199456
4 0.92932 0.505317 0.00583667 0.0124951 0.0199177
1 0.961336 0.470806 0.0130055 0.0117943 0.0190615
6 0.964603 0.497929 0.00963654 0.0184883 0.0188721
5 0.964232 0.501736 0.00991516 0.0187773 0.0188366
5 0.959169 0.499256 0.00849036 0.0211458 0.0174303
6 0.989807 0.496268 0.00957379 0.0167797 0.0174302
4 0.947924 0.499201 0.00904999 0.021535 0.0173396
1 0.982758 0.499409 0.0108002 0.021328 0.0169352
24 0.2958 0.433472 0.0503238 0.027614 0.0166848
0 0.952459 0.502322 0.00900879 0.0176276 0.0162144
1 0.925462 0.402084 0.0195621 0.0455925 0.0146663
1 0.959038 0.421999 0.0286554 0.0481657 0.0144656
0 0.964232 0.501736 0.00991516 0.0187773 0.014448
0 0.94647 0.505872 0.00692255 0.0108662 0.0137011
1 0.844686 0.468709 0.00972845 0.0114265 0.0136389
1 0.504546 0.443975 0.0297279 0.033619 0.0132951
0 0.959169 0.499256 0.00849036 0.0211458 0.0130527
0 0.983052 0.500893 0.0109634 0.0204608 0.0116733
6 0.983052 0.500893 0.0109634 0.0204608 0.0112218
1 0.896752 0.458971 0.0104385 0.0164915 0.0108524
5 0.94647 0.505872 0.00692255 0.0108662 0.0103123
0 0.947924 0.499201 0.00904999 0.021535 0.00990752
1 0.417731 0.419906 0.0116949 0.0200483 0.00975727
7 0.417731 0.419906 0.0116949 0.0200483 0.00878581
7 0.389835 0.420375 0.0117366 0.0236612 0.00815998
1 0.389835 0.420375 0.0117366 0.0236612 0.00782444
1 0.96284 0.483109 0.00810107 0.0221796 0.00756453
8 0.959169 0.499256 0.00849036 0.0211458 0.00715051
2 0.792603 0.308775 0.011141 0.0164832 0.00695234
1 0.989807 0.496268 0.00957379 0.0167797 0.0066606
5 0.989807 0.496268 0.00957379 0.0167797 0.00663738
4 0.902356 0.506371 0.0117775 0.0134433 0.00653359
1 0.897141 0.452831 0.00971491 0.0180111 0.00632314
8 0.92932 0.505317 0.00583667 0.0124951 0.00562645
6 0.947924 0.499201 0.00904999 0.021535 0.00538453
0 0.92932 0.505317 0.00583667 0.0124951 0.00525028
1 0.931552 0.473945 0.00488031 0.0210598 0.00519612
4 0.890468 0.509157 0.00945813 0.0173494 0.00495074
4 0.920521 0.506584 0.00774609 0.0110054 0.00493698
6 0.3124 0.432955 0.0173225 0.026868 0.00482523
0 0.989807 0.496268 0.00957379 0.0167797 0.00478983
4 0.962299 0.510155 0.00739478 0.0257387 0.00471769
1 0.646479 0.43061 0.0112976 0.045215 0.00469782
4 0.983046 0.508901 0.0109009 0.0294134 0.00460383
1 0.831801 0.467554 0.015968 0.0173151 0.00448268
0 0.550592 0.53964 0.0229605 0.0362564 0.00448141
24 0.3124 0.432955 0.0173225 0.026868 0.00436392
8 0.989807 0.496268 0.00957379 0.0167797 0.00433284
1 0.900374 0.451536 0.0133938 0.0244212 0.00431299
0 0.315794 0.432541 0.00839105 0.0247988 0.00402786
8 0.98928 0.500966 0.00995294 0.0203383 0.00397624
6 0.952459 0.502322 0.00900879 0.0176276 0.00387973
8 0.947924 0.499201 0.00904999 0.021535 0.00383569
1 0.928979 0.497804 0.00600244 0.0197778 0.00381737
0 0.928979 0.497804 0.00600244 0.0197778 0.00376169
2 0.776316 0.434348 0.0108337 0.0328293 0.00374003
1 0.646167 0.414319 0.012184 0.0762995 0.00373554
1 0.959169 0.499256 0.00849036 0.0211458 0.00357751
2 0.790348 0.432736 0.00810303 0.0294827 0.00349849
2 0.802151 0.335116 0.0128504 0.0226655 0.00344371
3 0.94647 0.505872 0.00692255 0.0108662 0.00339935
14 0.94647 0.505872 0.00692255 0.0108662 0.00331803
15 0.989807 0.496268 0.00957379 0.0167797 0.00330452
7 0.646043 0.395039 0.011811 0.0380387 0.00328815
1 0.768562 0.473941 0.0250015 0.0294259 0.00312644
4 0.998011 0.494243 0.00397894 0.0165033 0.00311072
0 0.98928 0.500966 0.00995294 0.0203383 0.0030701
5 0.98928 0.500966 0.00995294 0.0203383 0.00304415
14 0.947924 0.499201 0.00904999 0.021535 0.0030148
0 0.785598 0.510641 0.0122112 0.0293679 0.0028063
0 0.493986 0.517274 0.0170186 0.0471072 0.00280168
1 0.578854 0.42109 0.0321357 0.0655977 0.002783
6 0.981896 0.468089 0.0152306 0.0275603 0.0027205
6 0.998011 0.494243 0.00397894 0.0165033 0.00266632
14 0.92932 0.505317 0.00583667 0.0124951 0.00266417
1 0.372014 0.444767 0.019445 0.0139811 0.0026167
6 0.290069 0.449458 0.0662655 0.0541055 0.00259109
24 0.315794 0.432541 0.00839105 0.0247988 0.0025435
3 0.952459 0.502322 0.00900879 0.0176276 0.00252532
2 0.646043 0.395039 0.011811 0.0380387 0.00242331
5 0.947924 0.499201 0.00904999 0.021535 0.00241555
1 0.777095 0.435857 0.0126384 0.0353036 0.00240002
2 0.552057 0.546241 0.0194675 0.0274645 0.00235878
1 0.473434 0.419866 0.0205994 0.0554999 0.00235293
2 0.465118 0.147723 0.00992929 0.015996 0.00234147
4 0.938522 0.512015 0.00767401 0.0221937 0.00231956
1 0.315794 0.432541 0.00839105 0.0247988 0.00230853
3 0.92932 0.505317 0.00583667 0.0124951 0.00229877
25 0.301416 0.433084 0.0419823 0.0253603 0.0022668
7 0.914028 0.395342 0.00749701 0.0248679 0.00225496
2 0.465202 0.142332 0.0100207 0.0215755 0.00222257
4 0.396892 0.544094 0.0205916 0.0250986 0.00221222
7 0.436411 0.420722 0.0104923 0.0194938 0.00217054
1 0.581028 0.404316 0.027616 0.0657667 0.002167
7 0.438116 0.423398 0.00679791 0.0231246 0.00211911
6 0.98928 0.500966 0.00995294 0.0203383 0.00209983
7 0.646479 0.43061 0.0112976 0.045215 0.00208939
4 0.928979 0.497804 0.00600244 0.0197778 0.00201494
1 0.84985 0.455195 0.0164112 0.0250288 0.00199387
14 0.959169 0.499256 0.00849036 0.0211458 0.00198825
10 0.396892 0.544094 0.0205916 0.0250986 0.00195132
15 0.292861 0.434102 0.0589439 0.0236137 0.00193667
1 0.436411 0.420722 0.0104923 0.0194938 0.00190975
4 0.907001 0.495289 0.00792694 0.0141554 0.00190307
14 0.952459 0.502322 0.00900879 0.0176276 0.00189738
7 0.439586 0.420537 0.0085333 0.0205406 0.00189723
7 0.857563 0.453318 0.0116779 0.0229867 0.00186968
1 0.983401 0.456282 0.0173179 0.0240281 0.00185543
1 0.947924 0.499201 0.00904999 0.021535 0.00185516
6 0.94647 0.505872 0.00692255 0.0108662 0.00180026
2 0.788948 0.307002 0.0094574 0.0160571 0.0017688
7 0.897141 0.452831 0.00971491 0.0180111 0.00175043
14 0.928979 0.497804 0.00600244 0.0197778 0.00172249
1 0.964603 0.497929 0.00963654 0.0184883 0.00171605
2 0.730433 0.424483 0.00712183 0.0170022 0.00168009
25 0.982758 0.499409 0.0108002 0.021328 0.00157993
6 0.315794 0.432541 0.00839105 0.0247988 0.00155617
7 0.790348 0.432736 0.00810303 0.0294827 0.00154189
15 0.982758 0.499409 0.0108002 0.021328 0.00154147
12 0.522084 0.443631 0.0616434 0.0304728 0.00152779
1 0.997378 0.456959 0.00524512 0.0243128 0.00152739
1 0.904809 0.46272 0.00756879 0.0233473 0.00150412
7 0.777095 0.435857 0.0126384 0.0353036 0.00147255
2 0.771179 0.434985 0.00649335 0.0344883 0.00147184
4 0.786478 0.528119 0.0147392 0.0577699 0.00145509
1 0.438116 0.423398 0.00679791 0.0231246 0.00144695
2 0.396892 0.544094 0.0205916 0.0250986 0.001431
0 0.823014 0.527356 0.0855173 0.108215 0.00142123
2 0.855248 0.355382 0.00788464 0.0184918 0.00140796
4 0.785598 0.510641 0.0122112 0.0293679 0.00139428
5 0.92932 0.505317 0.00583667 0.0124951 0.00137276
7 0.631335 0.39551 0.00884015 0.0211031 0.00136542
2 0.469782 0.113401 0.00730685 0.0148678 0.00136235
1 0.383305 0.445124 0.0134048 0.0143457 0.00135995
0 0.487726 0.527529 0.0369142 0.05338 0.00133504
4 0.998135 0.502322 0.00373022 0.0180454 0.00133385
14 0.890468 0.509157 0.00945813 0.0173494 0.00133285
2 0.871085 0.308587 0.00688116 0.0196047 0.00132879
1 0.995577 0.426749 0.00855042 0.0494908 0.00131716
2 0.803786 0.349226 0.0115169 0.0255339 0.00131611
0 0.886546 0.515651 0.00754504 0.020748 0.00130576
12 0.959169 0.499256 0.00849036 0.0211458 0.00130572
4 0.790904 0.495375 0.0143259 0.0198663 0.00129602
42 0.982758 0.499409 0.0108002 0.021328 0.00127852
2 0.982758 0.499409 0.0108002 0.021328 0.00125649
1 0.3124 0.432955 0.0173225 0.026868 0.001221
6 0.96284 0.483109 0.00810107 0.0221796 0.00120649
4 0.96284 0.483109 0.00810107 0.0221796 0.00120144
2 0.796763 0.330074 0.00822522 0.021167 0.00119275
1 0.923435 0.408402 0.0172318 0.0324583 0.0011846
14 0.886546 0.515651 0.00754504 0.020748 0.0011696
4 0.896357 0.495995 0.0121514 0.0166662 0.00115841
1 0.456719 0.41257 0.0202541 0.0371887 0.00114327
3 0.964232 0.501736 0.00991516 0.0187773 0.00113913
7 0.393285 0.445836 0.0106934 0.0135466 0.00113239
3 0.938522 0.512015 0.00767401 0.0221937 0.0011291
2 0.632966 0.360688 0.0191486 0.0118069 0.00111753
4 0.679762 0.472612 0.014295 0.0251797 0.00111116
4 0.865539 0.517573 0.008461 0.0268939 0.00109986
22 0.958301 0.433797 0.0315109 0.0312632 0.0010952
0 0.3124 0.432955 0.0173225 0.026868 0.00107711
8 0.786478 0.528119 0.0147392 0.0577699 0.00107019
6 0.521837 0.444933 0.0662149 0.032631 0.00106857
7 0.629315 0.445934 0.00586719 0.0171198 0.00106556
1 0.0640395 0.531376 0.0140248 0.0236559 0.00105565
7 0.788362 0.438687 0.0132545 0.0331621 0.00104984
6 0.928979 0.497804 0.00600244 0.0197778 0.00104692
2 0.617667 0.447628 0.00630475 0.016969 0.00102476
0 0.890468 0.509157 0.00945813 0.0173494 0.00102432
24 0.290069 0.449458 0.0662655 0.0541055 0.00102311
7 0.844686 0.468709 0.00972845 0.0114265 0.00100893
0 0.86978 0.493888 0.00816419 0.0231026 0.00100421
