11 0.790355 0.444016 0.281583 0.884724 0.951499
11 0.945665 0.765175 0.10535 0.462868 0.903724
11 0.53122 0.575396 0.219116 0.537128 0.858549
11 0.538238 0.432576 0.23707 0.829745 0.661272
11 0.241776 0.48785 0.317281 0.558491 0.641075
11 0.4081 0.101044 0.0988772 0.198088 0.506404
11 0.694197 0.116525 0.0643416 0.22456 0.452914
11 0.582348 0.190082 0.155087 0.338003 0.284251
11 0.319291 0.0807524 0.156551 0.160703 0.240673
17 0.318817 0.0802883 0.15584 0.159733 0.0791527
9 0.946088 0.762535 0.105755 0.474252 0.0774577
37 0.261442 0.4777 0.275468 0.527766 0.0378534
9 0.69433 0.115286 0.0677485 0.226789 0.0244323
11 0.812396 0.929986 0.216154 0.138152 0.01691
37 0.20422 0.487906 0.199534 0.551288 0.0147741
11 0.480336 0.0517544 0.135506 0.100895 0.0140657
9 0.319911 0.0821014 0.158112 0.163595 0.0138783
9 0.407668 0.0991963 0.0999492 0.194522 0.0132786
11 0.627808 0.115847 0.171955 0.231064 0.00994288
11 0.414811 0.0563375 0.090929 0.109268 0.00927516
9 0.241637 0.490604 0.316962 0.554963 0.00648996
42 0.946088 0.762535 0.105755 0.474252 0.00567237
11 0.448342 0.0575616 0.148525 0.111413 0.00537555
42 0.69433 0.115286 0.0677485 0.226789 0.00467391
11 0.433765 0.103041 0.0458907 0.194141 0.00342054
9 0.414811 0.0563375 0.090929 0.109268 0.00299999
11 0.615522 0.956383 0.322278 0.0872331 0.00290141
42 0.414811 0.0563375 0.090929 0.109268 0.00286782
11 0.804405 0.896361 0.19947 0.106088 0.00255924
42 0.320586 0.0888802 0.160028 0.176271 0.00255273
2 0.319769 0.082908 0.157524 0.164682 0.00246991
11 0.761332 0.957839 0.299383 0.0841428 0.00185164
17 0.946088 0.762535 0.105755 0.474252 0.00160431
18 0.946302 0.765049 0.104228 0.466996 0.0015881
9 0.812396 0.929986 0.216154 0.138152 0.00140518
34 0.319769 0.082908 0.157524 0.164682 0.00136172
37 0.946088 0.762535 0.105755 0.474252 0.00134921
42 0.407668 0.0991963 0.0999492 0.194522 0.00132084
11 0.624106 0.0619898 0.1685 0.122509 0.00116332
1 0.69441 0.116501 0.0659469 0.22422 0.00109508
