4 0.898553 0.767258 0.200542 0.312171 0.943853
4 0.315803 0.646627 0.0574414 0.062029 0.899563
4 0.0539386 0.63774 0.10779 0.0851059 0.895623
4 0.235823 0.65466 0.087625 0.0857968 0.895095
4 0.525868 0.644681 0.0466937 0.0592468 0.894625
4 0.778032 0.708021 0.142716 0.176231 0.894037
6 0.237426 0.60204 0.109896 0.119308 0.891531
4 0.462972 0.64304 0.0479358 0.0520949 0.880223
4 0.121568 0.619637 0.104495 0.0978717 0.842907
4 0.395023 0.638397 0.0524265 0.0852375 0.842134
4 0.631156 0.653987 0.0512308 0.0857033 0.829501
4 0.348052 0.63478 0.0421344 0.0648948 0.825892
4 0.671301 0.665101 0.0638915 0.113869 0.818028
4 0.730454 0.679654 0.109971 0.15153 0.773879
4 0.583001 0.640156 0.0189351 0.0350159 0.704311
4 0.184472 0.630257 0.044728 0.0737227 0.697106
4 0.678149 0.678329 0.0468852 0.111471 0.694076
4 0.607146 0.644691 0.034587 0.071436 0.67103
4 0.575368 0.638441 0.0189744 0.0355033 0.620511
4 0.810018 0.621184 0.135542 0.0377077 0.51111
4 0.550806 0.628213 0.0119973 0.0231919 0.492102
4 0.428362 0.635124 0.023154 0.0389858 0.457428
4 0.49166 0.628959 0.0171534 0.0174914 0.433916
4 0.590241 0.647071 0.0162956 0.0445394 0.396598
4 0.502272 0.627534 0.0140721 0.0202019 0.321474
4 0.304549 0.611182 0.0270761 0.0181996 0.316065
4 0.562759 0.634507 0.0115153 0.0269936 0.307135
4 0.593997 0.646368 0.0148964 0.0539353 0.302406
6 0.438238 0.620916 0.0236511 0.0368898 0.26232
4 0.587457 0.641638 0.0157216 0.0458135 0.243605
4 0.30314 0.621854 0.0282092 0.0307317 0.232482
4 0.543167 0.643111 0.0164721 0.053803 0.226508
6 0.437675 0.614006 0.0229631 0.0220477 0.222657
4 0.618357 0.647439 0.0485869 0.0773261 0.208936
6 0.114326 0.569319 0.134428 0.076336 0.197212
4 0.486296 0.627744 0.012996 0.0167677 0.184628
6 0.43608 0.631751 0.0239027 0.0436959 0.177654
4 0.84871 0.622812 0.0580541 0.0398888 0.169196
1 0.607432 0.590441 0.00752832 0.0171701 0.158022
4 0.202785 0.618158 0.0177303 0.0359868 0.149444
4 0.801557 0.610286 0.118608 0.0288938 0.144482
6 0.428462 0.635382 0.0244076 0.0379565 0.137307
5 0.428462 0.635382 0.0244076 0.0379565 0.135241
4 0.514834 0.636787 0.0253284 0.0399922 0.10903
22 0.134261 0.655541 0.0133001 0.0288672 0.10027
4 0.43608 0.631751 0.0239027 0.0436959 0.0988152
0 0.0343781 0.581649 0.0143657 0.02579 0.0982447
6 0.121148 0.619149 0.107599 0.100632 0.0868439
4 0.55013 0.621372 0.0104177 0.0173526 0.085088
4 0.442671 0.639357 0.0110432 0.0464919 0.0825937
4 0.162583 0.627653 0.0240782 0.0823076 0.0812459
1 0.506121 0.583666 0.0181336 0.0258649 0.0794561
4 0.657582 0.667287 0.0388317 0.1011 0.0789436
4 0.497139 0.621225 0.0128127 0.0170911 0.0760205
4 0.365237 0.631853 0.0172325 0.0559153 0.0529869
6 0.550806 0.628213 0.0119973 0.0231919 0.0516776
4 0.790915 0.60762 0.0905899 0.0218409 0.0502569
4 0.310141 0.631766 0.0441361 0.0452869 0.0418539
4 0.483688 0.628775 0.0122426 0.0218277 0.0407733
7 0.592459 0.546392 0.00799329 0.0194003 0.0402985
1 0.576685 0.60097 0.00854034 0.0151519 0.0388225
6 0.304549 0.611182 0.0270761 0.0181996 0.0352272
24 0.124378 0.568411 0.118201 0.0607033 0.0316201
6 0.317186 0.58399 0.0404994 0.0536886 0.0272142
6 0.125807 0.571615 0.104875 0.056593 0.0268368
4 0.0782666 0.622067 0.0675173 0.0783722 0.0251273
6 0.275943 0.603376 0.0394226 0.104345 0.0250979
12 0.437675 0.614006 0.0229631 0.0220477 0.0236953
4 0.130178 0.565847 0.108299 0.0646142 0.0234702
6 0.502272 0.627534 0.0140721 0.0202019 0.0226521
5 0.0598718 0.584404 0.0300828 0.0256482 0.0220755
4 0.0598718 0.584404 0.0300828 0.0256482 0.0219768
4 0.153935 0.57953 0.0622329 0.0365516 0.0219171
6 0.310085 0.60329 0.0378856 0.0215825 0.0218726
0 0.0615712 0.584936 0.0324652 0.026519 0.0217063
4 0.166693 0.582294 0.0370943 0.0285991 0.0207948
4 0.0736851 0.606434 0.0564703 0.0505137 0.0188812
4 0.0831936 0.625907 0.0490208 0.0620738 0.0186606
1 0.503525 0.611411 0.0126357 0.0158325 0.017955
7 0.576685 0.60097 0.00854034 0.0151519 0.0172958
6 0.395287 0.638321 0.0529373 0.0859993 0.0162716
6 0.151964 0.596115 0.19672 0.108384 0.016208
4 0.645006 0.629391 0.0412907 0.0436766 0.0156986
4 0.282329 0.626798 0.0484261 0.0653416 0.0154372
4 0.310508 0.60449 0.0341271 0.0219309 0.0149897
6 0.30314 0.621854 0.0282092 0.0307317 0.0142868
1 0.506994 0.59349 0.0164665 0.0197304 0.0140387
4 0.601202 0.648811 0.0252886 0.0624768 0.0139584
5 0.43608 0.631751 0.0239027 0.0436959 0.0139059
7 0.582856 0.543042 0.00978455 0.0284428 0.013826
1 0.0343781 0.581649 0.0143657 0.02579 0.0136144
1 0.443928 0.602098 0.0295495 0.0277614 0.0132713
4 0.44603 0.619791 0.0160692 0.0163517 0.0130986
4 0.129522 0.580139 0.105077 0.0513313 0.0130659
1 0.606371 0.593449 0.0144145 0.020354 0.0126906
6 0.606476 0.645504 0.0316795 0.072418 0.012398
7 0.607432 0.590441 0.00752832 0.0171701 0.0122786
0 0.55013 0.621372 0.0104177 0.0173526 0.0112619
6 0.347544 0.634855 0.0396977 0.0650575 0.0108301
4 0.0116055 0.60845 0.0220323 0.0246876 0.0104192
4 0.0359264 0.582439 0.0182811 0.0257241 0.0102541
4 0.0192987 0.605281 0.037896 0.0386177 0.0102326
6 0.573529 0.638147 0.0200944 0.0362683 0.00998732
0 0.0577061 0.580319 0.0252769 0.0338364 0.00962924
6 0.49166 0.628959 0.0171534 0.0174914 0.00957402
5 0.0830323 0.594173 0.0762156 0.0528723 0.00915485
1 0.468573 0.591582 0.0178363 0.041117 0.00907285
6 0.497139 0.621225 0.0128127 0.0170911 0.00903834
4 0.0922539 0.632554 0.0353817 0.0666889 0.00898846
0 0.549088 0.627911 0.0128404 0.024995 0.00867208
1 0.606627 0.580698 0.00941357 0.0310569 0.00850926
2 0.777562 0.301571 0.0414211 0.0475217 0.0084587
6 0.28475 0.604973 0.0465897 0.0620645 0.0084086
1 0.572731 0.611301 0.0119945 0.0181224 0.00817963
0 0.550827 0.632342 0.0115112 0.0209648 0.00816466
1 0.458995 0.593648 0.00933954 0.034041 0.00814613
0 0.134261 0.655541 0.0133001 0.0288672 0.00809058
4 0.438238 0.620916 0.0236511 0.0368898 0.008069
25 0.128491 0.567689 0.108947 0.0658198 0.00788296
6 0.218906 0.579573 0.0794671 0.0797942 0.00776862
6 0.0598718 0.584404 0.0300828 0.0256482 0.00773948
5 0.395113 0.638008 0.0523866 0.0857905 0.00759613
15 0.550806 0.628213 0.0119973 0.0231919 0.00749747
8 0.134261 0.655541 0.0133001 0.0288672 0.00749377
4 0.0120967 0.619416 0.0238019 0.0480042 0.00736633
12 0.438238 0.620916 0.0236511 0.0368898 0.00735862
7 0.576565 0.595185 0.00923749 0.0202091 0.00730693
1 0.437675 0.614006 0.0229631 0.0220477 0.00726311
6 0.416853 0.627467 0.0118113 0.0530757 0.00717174
1 0.576565 0.595185 0.00923749 0.0202091 0.00702915
0 0.0345336 0.578107 0.0257404 0.0352411 0.0069459
4 0.0229558 0.581292 0.0438048 0.0301492 0.00690862
5 0.0359264 0.582439 0.0182811 0.0257241 0.00679319
4 0.676 0.630495 0.0559339 0.0402379 0.006697
0 0.562759 0.634507 0.0115153 0.0269936 0.00669421
7 0.493379 0.535501 0.0095376 0.0228493 0.00650539
2 0.74645 0.313971 0.0108342 0.0285044 0.00640465
0 0.310508 0.60449 0.0341271 0.0219309 0.00622179
4 0.490371 0.643574 0.0160692 0.0409906 0.00619404
4 0.665254 0.673963 0.0293118 0.100265 0.00585171
5 0.0782666 0.622067 0.0675173 0.0783722 0.00576554
5 0.550806 0.628213 0.0119973 0.0231919 0.00566161
5 0.0539989 0.63756 0.107998 0.0854732 0.00560483
42 0.0598718 0.584404 0.0300828 0.0256482 0.00555662
2 0.453878 0.530568 0.008607 0.0155754 0.00554848
6 0.809089 0.61295 0.129561 0.0377873 0.00544673
1 0.611832 0.594024 0.0169231 0.0217665 0.00537226
4 0.552045 0.613586 0.010812 0.0192123 0.00533325
6 0.562759 0.634507 0.0115153 0.0269936 0.00523447
6 0.55013 0.621372 0.0104177 0.0173526 0.00510263
6 0.44166 0.605047 0.0286154 0.0242738 0.00505455
1 0.599517 0.592496 0.015454 0.0207062 0.00490732
4 0.437675 0.614006 0.0229631 0.0220477 0.00487871
0 0.486296 0.627744 0.012996 0.0167677 0.00483253
6 0.166693 0.582294 0.0370943 0.0285991 0.00482186
8 0.202785 0.618158 0.0177303 0.0359868 0.00481492
6 0.483688 0.628775 0.0122426 0.0218277 0.00474535
5 0.438238 0.620916 0.0236511 0.0368898 0.00473558
0 0.0226222 0.588978 0.0411312 0.0439593 0.00469299
0 0.497139 0.621225 0.0128127 0.0170911 0.00459073
4 0.650453 0.660312 0.0257625 0.0903247 0.00443542
6 0.282329 0.626798 0.0484261 0.0653416 0.00435928
4 0.212052 0.620637 0.0323736 0.0294633 0.00428055
6 0.552045 0.613586 0.010812 0.0192123 0.00421778
4 0.0830323 0.594173 0.0762156 0.0528723 0.00421475
15 0.437675 0.614006 0.0229631 0.0220477 0.00415795
4 0.281031 0.640429 0.0202933 0.0447969 0.0041339
42 0.304549 0.611182 0.0270761 0.0181996 0.00398591
0 0.502272 0.627534 0.0140721 0.0202019 0.00394412
0 0.575368 0.638441 0.0189744 0.0355033 0.00380369
6 0.153935 0.57953 0.0622329 0.0365516 0.00378685
6 0.44603 0.619791 0.0160692 0.0163517 0.0037362
4 0.27374 0.637874 0.0261057 0.0496283 0.00370811
8 0.14511 0.648399 0.0366635 0.0424785 0.00366521
6 0.503525 0.611411 0.0126357 0.0158325 0.00347197
5 0.0736851 0.606434 0.0564703 0.0505137 0.00346533
14 0.0343781 0.581649 0.0143657 0.02579 0.00338364
6 0.587457 0.641638 0.0157216 0.0458135 0.00337686
15 0.116663 0.566312 0.125929 0.0677287 0.00335696
7 0.0343781 0.581649 0.0143657 0.02579 0.00320118
4 0.864331 0.612609 0.0745264 0.0563392 0.00319931
6 0.497409 0.613944 0.0110156 0.0212879 0.00318201
0 0.199539 0.617611 0.0243076 0.0351743 0.0031394
4 0.0499729 0.605942 0.0880717 0.0444793 0.00313454
4 0.018213 0.615917 0.0353069 0.0407066 0.00312716
7 0.491985 0.548902 0.0112358 0.0491144 0.00312296
4 0.259903 0.634409 0.0406023 0.0490291 0.00312215
6 0.572731 0.611301 0.0119945 0.0181224 0.00311533
7 0.430079 0.527247 0.00761298 0.0191912 0.00301132
1 0.470068 0.602416 0.0225085 0.0292654 0.0029703
0 0.427624 0.63592 0.0234006 0.0388836 0.00296829
4 0.820038 0.626643 0.0865728 0.0457146 0.002964
8 0.550827 0.632342 0.0115112 0.0209648 0.00292943
6 0.0229558 0.581292 0.0438048 0.0301492 0.00291293
1 0.331457 0.588634 0.0169148 0.0325383 0.00288465
5 0.575368 0.638441 0.0189744 0.0355033 0.00287599
8 0.0359264 0.582439 0.0182811 0.0257241 0.00286772
7 0.453878 0.530568 0.008607 0.0155754 0.00286388
6 0.0318591 0.568201 0.0616054 0.0615516 0.00282076
6 0.141763 0.575338 0.0865788 0.0429443 0.00278944
1 0.552045 0.613586 0.010812 0.0192123 0.00278149
0 0.483688 0.628775 0.0122426 0.0218277 0.00277832
6 0.0830323 0.594173 0.0762156 0.0528723 0.0027512
1 0.592459 0.546392 0.00799329 0.0194003 0.00274594
4 0.14511 0.648399 0.0366635 0.0424785 0.00273127
1 0.315828 0.580225 0.0332284 0.0504961 0.00270474
1 0.572351 0.564638 0.0142689 0.0160181 0.00266687
4 0.395223 0.616124 0.0468768 0.0413092 0.00262013
1 0.106048 0.536566 0.0218555 0.0161807 0.00261452
0 0.735117 0.679096 0.104341 0.151865 0.00260873
15 0.304549 0.611182 0.0270761 0.0181996 0.00255795
5 0.486296 0.627744 0.012996 0.0167677 0.00253707
0 0.463176 0.642983 0.0483655 0.052052 0.00253085
2 0.758362 0.305312 0.0139396 0.0461523 0.002519
6 0.398993 0.620572 0.0457925 0.046283 0.00250007
14 0.437675 0.614006 0.0229631 0.0220477 0.00245898
4 0.858384 0.618042 0.0723737 0.03376 0.00240687
4 0.700502 0.642753 0.0651559 0.0700793 0.00238119
6 0.395812 0.603395 0.0442219 0.0187723 0.00237879
6 0.331457 0.588634 0.0169148 0.0325383 0.00232104
5 0.0229558 0.581292 0.0438048 0.0301492 0.00230318
4 0.713974 0.607975 0.0145752 0.00862153 0.00228442
0 0.607536 0.639093 0.0324884 0.0582426 0.00225788
8 0.158739 0.636418 0.0323418 0.0667336 0.00225743
24 0.111927 0.581823 0.134157 0.0858608 0.00224605
4 0.134261 0.655541 0.0133001 0.0288672 0.00221927
15 0.275943 0.603376 0.0394226 0.104345 0.0022136
4 0.0911118 0.576757 0.0659704 0.0332947 0.00220569
5 0.437675 0.614006 0.0229631 0.0220477 0.00220429
3 0.134261 0.655541 0.0133001 0.0288672 0.0021897
42 0.0343781 0.581649 0.0143657 0.02579 0.00218171
4 0.497409 0.613944 0.0110156 0.0212879 0.00216853
15 0.502272 0.627534 0.0140721 0.0202019 0.00215793
6 0.0359264 0.582439 0.0182811 0.0257241 0.00212918
4 0.282707 0.650587 0.015842 0.0410147 0.00212268
0 0.0736851 0.606434 0.0564703 0.0505137 0.00204528
0 0.809082 0.620694 0.132193 0.0479787 0.0020411
4 0.879937 0.601706 0.0491475 0.0287092 0.00203968
6 0.0910268 0.560141 0.0858605 0.0754427 0.00203099
6 0.486296 0.627744 0.012996 0.0167677 0.00202126
1 0.50018 0.584534 0.0180901 0.023846 0.00201827
0 0.30314 0.621854 0.0282092 0.0307317 0.00201188
0 0.43608 0.631751 0.0239027 0.0436959 0.00198699
1 0.514869 0.607661 0.0114558 0.0158321 0.0019802
15 0.43608 0.631751 0.0239027 0.0436959 0.00197777
4 0.272107 0.64849 0.01854 0.055279 0.00197099
2 0.746774 0.291337 0.0115499 0.0284058 0.00196434
0 0.848324 0.623763 0.057708 0.0416369 0.00195205
6 0.630666 0.654456 0.0555435 0.0851725 0.00193198
1 0.449007 0.530401 0.0177866 0.0192029 0.00191298
15 0.438238 0.620916 0.0236511 0.0368898 0.00190694
5 0.49166 0.628959 0.0171534 0.0174914 0.00190137
6 0.583001 0.640156 0.0189351 0.0350159 0.00187778
4 0.572731 0.611301 0.0119945 0.0181224 0.001876
4 0.608874 0.609244 0.0278679 0.0117785 0.00186445
5 0.121367 0.620052 0.103118 0.0961525 0.00184936
7 0.58469 0.549718 0.0112927 0.0205141 0.00184903
0 0.365237 0.631853 0.0172325 0.0559153 0.00180713
5 0.124378 0.568411 0.118201 0.0607033 0.00180667
8 0.281031 0.640429 0.0202933 0.0447969 0.00178292
7 0.603905 0.534237 0.00712933 0.0233966 0.00178125
1 0.396834 0.476658 0.03274 0.0716849 0.00176061
6 0.0736851 0.606434 0.0564703 0.0505137 0.00175705
7 0.606371 0.593449 0.0144145 0.020354 0.00173587
1 0.590211 0.611488 0.0134049 0.0169441 0.00172443
6 0.126221 0.586269 0.106225 0.0521026 0.00171062
4 0.66454 0.609323 0.0235098 0.0128014 0.0017099
5 0.502272 0.627534 0.0140721 0.0202019 0.00170002
7 0.449007 0.530401 0.0177866 0.0192029 0.00166857
0 0.394893 0.637283 0.0520569 0.0854928 0.00166267
1 0.497409 0.613944 0.0110156 0.0212879 0.00163372
6 0.303903 0.582386 0.0425387 0.0565081 0.00162444
4 0.705054 0.620276 0.0483353 0.0293603 0.00160689
14 0.0598718 0.584404 0.0300828 0.0256482 0.00160338
7 0.577868 0.564051 0.0119329 0.0153926 0.00156759
6 0.0537766 0.63747 0.107553 0.0848271 0.00155597
2 0.190182 0.518807 0.00815529 0.0247941 0.00155085
12 0.124378 0.568411 0.118201 0.0607033 0.00152658
5 0.30314 0.621854 0.0282092 0.0307317 0.00152507
4 0.615017 0.607699 0.0429052 0.0159632 0.0014801
2 0.0343781 0.581649 0.0143657 0.02579 0.00147209
4 0.184371 0.59344 0.0303938 0.0406725 0.00146949
6 0.545596 0.613975 0.00827966 0.0199922 0.00146745
2 0.76223 0.301669 0.0192376 0.0453544 0.00146172
8 0.574764 0.641172 0.0181899 0.0386488 0.00145111
5 0.497139 0.621225 0.0128127 0.0170911 0.00145056
22 0.124651 0.64885 0.0410663 0.0404924 0.00144995
25 0.0598718 0.584404 0.0300828 0.0256482 0.00144679
4 0.848194 0.638446 0.0618415 0.0628236 0.00144536
0 0.0499729 0.605942 0.0880717 0.0444793 0.00144143
25 0.0343781 0.581649 0.0143657 0.02579 0.00143343
8 0.189759 0.62472 0.042852 0.0562756 0.00143241
14 0.43608 0.631751 0.0239027 0.0436959 0.00142879
5 0.0831936 0.625907 0.0490208 0.0620738 0.00142805
1 0.405215 0.504361 0.0144462 0.0164691 0.00140804
5 0.347544 0.634855 0.0396977 0.0650575 0.0013912
7 0.418289 0.512769 0.00794641 0.0199801 0.00138856
8 0.486296 0.627744 0.012996 0.0167677 0.00138163
4 0.215758 0.633115 0.0481572 0.0421892 0.0013742
6 0.590211 0.611488 0.0134049 0.0169441 0.00137356
