50 0.48941 0.783287 0.475321 0.142044 0.938933
31 0.473714 0.43445 0.523403 0.584613 0.922586
48 0.776918 0.809964 0.0793286 0.0977301 0.911606
35 0.188212 0.143617 0.102578 0.185471 0.771268
19 0.485617 0.764218 0.844878 0.470374 0.533585
10 0.196321 0.186588 0.0423548 0.0945428 0.173327
19 0.453832 0.62631 0.907665 0.747379 0.10774
21 0.825306 0.211509 0.176001 0.423019 0.105924
35 0.194673 0.18646 0.0411599 0.0945245 0.0659119
35 0.474279 0.0987025 0.0311683 0.0657544 0.0531257
10 0.208566 0.188053 0.018383 0.0884959 0.0488219
0 0.746272 0.137993 0.0281241 0.214725 0.0437668
0 0.745938 0.190899 0.0300606 0.381798 0.0310941
44 0.359887 0.11656 0.0479826 0.0314277 0.0297166
45 0.310176 0.118716 0.049354 0.0308563 0.0239351
10 0.675885 0.0565638 0.0211458 0.0373095 0.0226621
9 0.335908 0.0532094 0.044235 0.104893 0.0196359
21 0.940627 0.245506 0.115242 0.491012 0.0177689
50 0.456598 0.147588 0.161423 0.0300118 0.0169935
10 0.47614 0.103411 0.0226418 0.0559707 0.016767
36 0.194732 0.186607 0.0389637 0.0939603 0.0160045
27 0.310176 0.118716 0.049354 0.0308563 0.0157101
31 0.401746 0.141064 0.260107 0.0443093 0.0152804
36 0.47614 0.103411 0.0226418 0.0559707 0.0108096
10 0.93728 0.129457 0.0184388 0.0355456 0.0106515
10 0.0968902 0.106217 0.0236217 0.0439469 0.0103424
31 0.439499 0.14782 0.183118 0.0315262 0.0102217
46 0.421429 0.0874589 0.0444215 0.0802617 0.00935232
0 0.745986 0.111861 0.0290812 0.119908 0.00922188
43 0.473574 0.136234 0.197733 0.0583682 0.00898053
44 0.196113 0.207336 0.0329938 0.0626888 0.00815765
44 0.310632 0.117691 0.0503001 0.0338397 0.00754375
0 0.112602 0.0591823 0.0750994 0.116864 0.00744869
19 0.456598 0.147588 0.161423 0.0300118 0.00687152
36 0.0968902 0.106217 0.0236217 0.0439469 0.00654371
45 0.643029 0.0497302 0.0432181 0.0656024 0.00635983
43 0.454503 0.149384 0.155256 0.0299424 0.00635214
49 0.335858 0.0545376 0.0445813 0.109075 0.00631864
46 0.402742 0.0996752 0.0382746 0.0666291 0.00558232
29 0.310774 0.118901 0.0505481 0.0308543 0.00548515
49 0.250446 0.0974581 0.0520756 0.0844388 0.00522385
44 0.0499857 0.119423 0.0582054 0.0182249 0.00504089
0 0.335858 0.0545376 0.0445813 0.109075 0.00503085
44 0.172002 0.243289 0.0947697 0.0200858 0.00490075
35 0.366219 0.0820992 0.0339505 0.0423497 0.00478079
27 0.642812 0.0500434 0.0425663 0.0644873 0.00457997
10 0.25172 0.0952393 0.0489518 0.0763763 0.00398938
19 0.166437 0.28471 0.105727 0.144827 0.00393242
29 0.456598 0.147588 0.161423 0.0300118 0.00392415
17 0.424826 0.0872892 0.0374865 0.0807196 0.00367882
51 0.366219 0.0820992 0.0339505 0.0423497 0.00359459
35 0.242752 0.128418 0.0550029 0.0415102 0.00358441
36 0.249868 0.0924839 0.0528164 0.0695646 0.003503
31 0.641559 0.055653 0.0381362 0.0554006 0.00345464
10 0.933408 0.125921 0.0276357 0.0393453 0.00338982
44 0.205346 0.194471 0.0271501 0.0882738 0.00335242
27 0.36472 0.0867452 0.0359915 0.0411469 0.00331366
31 0.465213 0.149779 0.126666 0.0257923 0.00322167
44 0.49632 0.151268 0.0646375 0.0232989 0.00321555
10 0.076559 0.114975 0.0226738 0.0289282 0.00298961
52 0.549778 0.106362 0.0299452 0.0343244 0.00298192
29 0.650254 0.0923269 0.0447284 0.021667 0.00294665
10 0.627617 0.110107 0.00969965 0.0440367 0.00287599
10 0.941278 0.242393 0.117445 0.484786 0.00285889
0 0.098285 0.0661181 0.0452388 0.122514 0.00281553
50 0.310774 0.118901 0.0505481 0.0308543 0.00280308
46 0.474279 0.0987025 0.0311683 0.0657544 0.00274023
9 0.25172 0.0952393 0.0489518 0.0763763 0.0027308
10 0.452965 0.0974835 0.0162628 0.0645487 0.00252577
56 0.676895 0.0557471 0.0221379 0.0372872 0.00251202
27 0.67548 0.0566742 0.0219701 0.0369778 0.00246671
46 0.366219 0.0820992 0.0339505 0.0423497 0.00245852
45 0.646221 0.081624 0.0477438 0.0246403 0.00244577
18 0.933408 0.125921 0.0276357 0.0393453 0.00237136
27 0.648578 0.0870181 0.0465034 0.0215904 0.00234822
31 0.409169 0.127933 0.262911 0.0654398 0.00228898
18 0.746608 0.191133 0.0362913 0.355788 0.00223004
60 0.366675 0.0866974 0.0331996 0.0396439 0.0022113
35 0.187419 0.0905577 0.0987558 0.100249 0.00217738
27 0.646221 0.081624 0.0477438 0.0246403 0.00214615
10 0.135241 0.113474 0.0155657 0.0348546 0.00214106
29 0.172002 0.243289 0.0947697 0.0200858 0.0020952
47 0.500414 0.0366734 0.028968 0.0432975 0.00209437
46 0.360139 0.116687 0.0503001 0.0324504 0.00203367
9 0.389669 0.0468941 0.0527509 0.0937883 0.00202898
45 0.648578 0.0870181 0.0465034 0.0215904 0.00199079
48 0.658674 0.723953 0.0693851 0.0420548 0.00194093
10 0.643299 0.0497956 0.043295 0.0624671 0.00191901
18 0.210375 0.28799 0.0187913 0.0198863 0.00190251
21 0.488788 0.782901 0.473942 0.139037 0.0019015
43 0.401746 0.141064 0.260107 0.0443093 0.00182543
9 0.195099 0.189933 0.0347062 0.0856625 0.00182082
45 0.67548 0.0566742 0.0219701 0.0369778 0.00181184
35 0.22973 0.130006 0.0438377 0.0504394 0.00180418
44 0.649601 0.0904119 0.0466096 0.01931 0.0017815
43 0.444149 0.0743779 0.280918 0.148756 0.00172785
45 0.649129 0.0938772 0.0481458 0.0281227 0.0017278
51 0.360139 0.116687 0.0503001 0.0324504 0.00169143
1 0.777403 0.810816 0.0797412 0.0972255 0.00166692
9 0.474279 0.0987025 0.0311683 0.0657544 0.00166191
35 0.47152 0.0993408 0.054349 0.0718153 0.00163064
10 0.335908 0.0532094 0.044235 0.104893 0.00160379
10 0.648578 0.0870181 0.0465034 0.0215904 0.00158137
35 0.208566 0.188053 0.018383 0.0884959 0.00157909
9 0.642812 0.0500434 0.0425663 0.0644873 0.00156698
44 0.0696074 0.118434 0.0161211 0.0209735 0.00154079
35 0.0986655 0.0664895 0.0454558 0.122599 0.00150218
57 0.401746 0.141064 0.260107 0.0443093 0.0014972
18 0.486853 0.779427 0.477349 0.136519 0.00149236
10 0.631236 0.109306 0.0149976 0.0509445 0.00148382
10 0.301666 0.0544619 0.028864 0.106368 0.00146909
45 0.641947 0.0707204 0.0397213 0.0304257 0.00145493
10 0.941853 0.153561 0.0101077 0.0308508 0.00144891
47 0.402013 0.101052 0.0361781 0.0619048 0.00143914
29 0.656042 0.109372 0.0622621 0.0382261 0.00142343
46 0.675885 0.0565638 0.0211458 0.0373095 0.00136522
27 0.359887 0.11656 0.0479826 0.0314277 0.00135847
10 0.682047 0.0437415 0.0341296 0.055714 0.00134906
2 0.777403 0.810816 0.0797412 0.0972255 0.00134127
18 0.744406 0.250974 0.0267253 0.227138 0.0013385
44 0.465213 0.149779 0.126666 0.0257923 0.00133026
10 0.0690264 0.0875478 0.0174205 0.0500183 0.00130859
57 0.456598 0.147588 0.161423 0.0300118 0.00128256
0 0.755572 0.168754 0.048734 0.293877 0.00126084
31 0.641947 0.0707204 0.0397213 0.0304257 0.00123781
0 0.422833 0.0821932 0.0406973 0.0936353 0.00122654
18 0.932099 0.112185 0.0338015 0.0676047 0.00116473
9 0.424826 0.0872892 0.0374865 0.0807196 0.00114941
55 0.642182 0.0514536 0.040921 0.0639078 0.00114888
10 0.264387 0.1267 0.0244873 0.0373779 0.00114354
51 0.402106 0.101668 0.0381875 0.062221 0.00111231
47 0.360137 0.116655 0.0461636 0.0297292 0.00109891
46 0.477423 0.0627635 0.0187656 0.0134014 0.00109873
27 0.649129 0.0938772 0.0481458 0.0281227 0.00107553
50 0.49632 0.151268 0.0646375 0.0232989 0.00107471
49 0.11017 0.0640654 0.0686129 0.124128 0.00103725
36 0.208566 0.188053 0.018383 0.0884959 0.00101861
9 0.365747 0.0793217 0.0339292 0.0449655 0.00101175
35 0.675885 0.0565638 0.0211458 0.0373095 0.00100566
18 0.476319 0.772662 0.861392 0.452583 0.00100278
