1 0.325582 0.589982 0.124556 0.108758 0.95376
1 0.505432 0.58029 0.122794 0.106474 0.951924
4 0.251307 0.817298 0.106827 0.17333 0.921488
1 0.632826 0.642131 0.0343262 0.158466 0.90964
1 0.416635 0.7278 0.0312944 0.0778297 0.634458
1 0.416029 0.656579 0.0217007 0.0483739 0.464311
1 0.180419 0.794768 0.0240417 0.0367783 0.203302
1 0.602682 0.826557 0.00643756 0.0183562 0.148711
1 0.369132 0.680645 0.0138205 0.0727542 0.12714
1 0.432869 0.782799 0.00992514 0.0276266 0.116554
1 0.337667 0.792038 0.00798602 0.0228137 0.088155
1 0.174809 0.793225 0.0151581 0.0348151 0.0721412
1 0.126947 0.775125 0.00896363 0.0440539 0.0526506
6 0.382443 0.788387 0.0217188 0.0278952 0.0468031
1 0.504277 0.793301 0.00689005 0.0199138 0.0364886
1 0.56999 0.810802 0.00558282 0.0191505 0.0349858
1 0.335915 0.795552 0.0104778 0.0266198 0.0349264
7 0.504277 0.793301 0.00689005 0.0199138 0.0277502
4 0.3341 0.805805 0.0117726 0.0125158 0.0238661
7 0.368164 0.680794 0.0136079 0.0711293 0.0224213
4 0.320217 0.80537 0.0107675 0.0162899 0.0213844
1 0.466962 0.787389 0.0104142 0.0167382 0.0213632
7 0.337667 0.792038 0.00798602 0.0228137 0.0207584
1 0.31036 0.79035 0.0241248 0.0267674 0.0191955
15 0.310215 0.793818 0.0234808 0.0333792 0.0188629
6 0.432406 0.783686 0.0104754 0.0310036 0.0187309
1 0.357403 0.798351 0.0119382 0.0205384 0.0181587
1 0.421474 0.785248 0.0166026 0.0396804 0.0172655
7 0.432869 0.782799 0.00992514 0.0276266 0.0170778
6 0.179396 0.796727 0.0267319 0.0428178 0.0166985
6 0.372306 0.790289 0.0424654 0.0296345 0.0164216
4 0.30932 0.800967 0.0175707 0.0250891 0.0156176
1 0.598174 0.826071 0.0106442 0.0138374 0.0137747
4 0.31036 0.79035 0.0241248 0.0267674 0.0137427
6 0.310215 0.793818 0.0234808 0.0333792 0.0126571
1 0.601764 0.82041 0.0084502 0.0205791 0.012027
1 0.469464 0.786474 0.00624509 0.019537 0.0119624
2 0.698053 0.658143 0.0109133 0.00948316 0.0117545
1 0.418728 0.792473 0.0187799 0.0240779 0.0114032
6 0.418728 0.792473 0.0187799 0.0240779 0.0113058
4 0.380283 0.802959 0.00973813 0.0152694 0.0111657
4 0.602682 0.826557 0.00643756 0.0183562 0.0110883
4 0.369996 0.803003 0.013603 0.0171256 0.0107215
1 0.435816 0.833201 0.0346807 0.0271009 0.0103452
6 0.30932 0.800967 0.0175707 0.0250891 0.0100077
6 0.335915 0.795552 0.0104778 0.0266198 0.009809
1 0.382535 0.790173 0.0184614 0.0280143 0.00976747
1 0.369996 0.803003 0.013603 0.0171256 0.00918288
7 0.56999 0.810802 0.00558282 0.0191505 0.00892183
4 0.432293 0.781659 0.0105757 0.0285367 0.00854561
1 0.539357 0.802946 0.00773547 0.0177245 0.00837361
4 0.418728 0.792473 0.0187799 0.0240779 0.00808392
7 0.174809 0.793225 0.0151581 0.0348151 0.00679584
6 0.388099 0.791441 0.0132407 0.0234861 0.00679029
1 0.173948 0.783354 0.0125739 0.021224 0.00646136
1 0.607885 0.827696 0.0139087 0.020495 0.00615241
15 0.382443 0.788387 0.0217188 0.0278952 0.00608326
0 0.539357 0.802946 0.00773547 0.0177245 0.0060706
0 0.432869 0.782799 0.00992514 0.0276266 0.0060164
6 0.3341 0.805805 0.0117726 0.0125158 0.00563469
1 0.597419 0.81852 0.00973584 0.0171347 0.0056282
7 0.469464 0.786474 0.00624509 0.019537 0.00559154
6 0.174809 0.793225 0.0151581 0.0348151 0.00557959
0 0.504277 0.793301 0.00689005 0.0199138 0.00557092
6 0.421474 0.785248 0.0166026 0.0396804 0.00540408
6 0.415987 0.787241 0.0216993 0.0286091 0.0053213
6 0.320217 0.80537 0.0107675 0.0162899 0.00529864
1 0.388099 0.791441 0.0132407 0.0234861 0.00523907
1 0.357579 0.80199 0.00789514 0.0176795 0.00513806
6 0.602682 0.826557 0.00643756 0.0183562 0.00512974
1 0.311805 0.781805 0.0167317 0.0181196 0.00504882
4 0.612892 0.831861 0.0114916 0.0156073 0.00495239
1 0.538444 0.811673 0.00691022 0.0167734 0.00468596
4 0.598174 0.826071 0.0106442 0.0138374 0.00465406
4 0.357579 0.80199 0.00789514 0.0176795 0.00447229
7 0.335915 0.795552 0.0104778 0.0266198 0.0044324
1 0.612892 0.831861 0.0114916 0.0156073 0.00425954
4 0.601855 0.831737 0.0117543 0.0179763 0.00408625
1 0.116784 0.813154 0.00924125 0.0161669 0.00389682
1 0.415987 0.787241 0.0216993 0.0286091 0.00382584
1 0.00909205 0.771478 0.0141657 0.0672556 0.00360714
7 0.126742 0.775717 0.00984982 0.0442915 0.00358738
4 0.311042 0.807396 0.0188977 0.0289873 0.00356223
6 0.369996 0.803003 0.013603 0.0171256 0.00344163
6 0.357403 0.798351 0.0119382 0.0205384 0.00336927
1 0.3341 0.805805 0.0117726 0.0125158 0.00334002
6 0.337667 0.792038 0.00798602 0.0228137 0.00315519
1 0.507188 0.791434 0.0106328 0.0193845 0.00311682
0 0.469464 0.786474 0.00624509 0.019537 0.00276216
1 0.12443 0.780498 0.0134441 0.040982 0.00272912
1 0.360224 0.782554 0.0164743 0.0198117 0.00272284
6 0.144023 0.811909 0.0437962 0.0205953 0.00260469
15 0.30932 0.800967 0.0175707 0.0250891 0.0025546
6 0.373503 0.796896 0.0194287 0.0239009 0.00255356
7 0.539357 0.802946 0.00773547 0.0177245 0.00253391
1 0.33877 0.783571 0.00953406 0.0216235 0.00244107
1 0.429888 0.831438 0.0385663 0.0341575 0.0023584
1 0.410722 0.782661 0.0150596 0.0328285 0.00232642
6 0.338546 0.798747 0.0109589 0.0253669 0.00232272
1 0.338546 0.798747 0.0109589 0.0253669 0.00225725
1 0.5381 0.794395 0.00596783 0.0257877 0.00220251
1 0.469439 0.781471 0.00586707 0.0173485 0.00218152
1 0.374732 0.630285 0.0267837 0.0190821 0.00217897
4 0.60933 0.838584 0.0130229 0.0189265 0.00216629
7 0.357403 0.798351 0.0119382 0.0205384 0.00215334
8 0.3341 0.805805 0.0117726 0.0125158 0.00212503
1 0.00812345 0.806347 0.0146327 0.0245835 0.00207972
15 0.372306 0.790289 0.0424654 0.0296345 0.00202152
6 0.413325 0.792193 0.0170195 0.0262028 0.00200195
2 0.432869 0.782799 0.00992514 0.0276266 0.00199796
1 0.192505 0.815285 0.0120306 0.043838 0.00197421
1 0.535634 0.799473 0.0100021 0.0169092 0.00195567
4 0.421474 0.785248 0.0166026 0.0396804 0.00193896
6 0.357579 0.80199 0.00789514 0.0176795 0.0018931
22 0.357579 0.80199 0.00789514 0.0176795 0.00187239
4 0.144023 0.811909 0.0437962 0.0205953 0.00184132
7 0.466962 0.787389 0.0104142 0.0167382 0.00176418
0 0.56999 0.810802 0.00558282 0.0191505 0.00174276
4 0.538444 0.811673 0.00691022 0.0167734 0.0016781
4 0.116784 0.813154 0.00924125 0.0161669 0.00166519
4 0.613929 0.840474 0.00961694 0.0158185 0.00166207
4 0.335915 0.795552 0.0104778 0.0266198 0.00161233
1 0.569717 0.80475 0.006005 0.026879 0.00157444
4 0.0924779 0.809491 0.0567684 0.0249878 0.0015741
1 0.334034 0.78371 0.00894739 0.0219535 0.00156558
8 0.539357 0.802946 0.00773547 0.0177245 0.0015616
6 0.607885 0.827696 0.0139087 0.020495 0.00152073
4 0.56999 0.810802 0.00558282 0.0191505 0.00149551
22 0.416477 0.727468 0.0326897 0.0790355 0.0014786
1 0.369447 0.648158 0.0187455 0.0200617 0.00146532
4 0.388099 0.791441 0.0132407 0.0234861 0.00142366
4 0.539357 0.802946 0.00773547 0.0177245 0.00139999
1 0.186361 0.806895 0.0184654 0.0453339 0.00139516
4 0.413325 0.792193 0.0170195 0.0262028 0.00137881
4 0.382443 0.788387 0.0217188 0.0278952 0.0013741
4 0.0531986 0.798825 0.0403705 0.0181259 0.00136749
1 0.415181 0.616745 0.0198962 0.0295316 0.00135678
4 0.469464 0.786474 0.00624509 0.019537 0.00135522
8 0.504277 0.793301 0.00689005 0.0199138 0.00134515
1 0.372306 0.790289 0.0424654 0.0296345 0.00134025
6 0.466962 0.787389 0.0104142 0.0167382 0.00132111
2 0.414299 0.498834 0.0088169 0.0143221 0.00130985
4 0.535834 0.805126 0.0103956 0.0157875 0.0012945
5 0.3341 0.805805 0.0117726 0.0125158 0.00129343
0 0.338877 0.79155 0.00917374 0.0215013 0.00127029
12 0.382535 0.790173 0.0184614 0.0280143 0.00125638
4 0.504277 0.793301 0.00689005 0.0199138 0.00124767
0 0.357579 0.80199 0.00789514 0.0176795 0.00124291
4 0.338546 0.798747 0.0109589 0.0253669 0.00123731
15 0.320217 0.80537 0.0107675 0.0162899 0.00115608
1 0.320217 0.80537 0.0107675 0.0162899 0.00111884
1 0.504781 0.798926 0.00679535 0.0229369 0.00111652
7 0.602682 0.826557 0.00643756 0.0183562 0.00110503
6 0.598174 0.826071 0.0106442 0.0138374 0.00108637
6 0.0924779 0.809491 0.0567684 0.0249878 0.00106658
1 0.413325 0.792193 0.0170195 0.0262028 0.00106231
4 0.561276 0.811433 0.0153666 0.0124641 0.00105702
6 0.416601 0.727098 0.0322115 0.0787588 0.00103437
1 0.640225 0.765112 0.0154138 0.0736024 0.00100142
