4 0.793935 0.764062 0.407632 0.307234 0.941593
0 0.573889 0.719906 0.084821 0.33522 0.925284
4 0.126947 0.647169 0.113194 0.125423 0.920639
4 0.379182 0.666941 0.102082 0.12758 0.892459
1 0.176541 0.568002 0.0141807 0.0389935 0.87177
4 0.315182 0.641437 0.0971082 0.102346 0.858078
4 0.501141 0.689626 0.22485 0.171188 0.774071
1 0.430804 0.550427 0.0274288 0.0266769 0.523169
4 0.0579238 0.611294 0.0307734 0.0501258 0.516726
4 0.181114 0.613853 0.0225117 0.0353055 0.514212
4 0.250006 0.637515 0.0330665 0.0706118 0.384195
4 0.22867 0.634451 0.0226647 0.0639123 0.368372
4 0.0323412 0.605709 0.0273093 0.0267754 0.31984
4 0.260746 0.637589 0.0334305 0.0803832 0.277225
4 0.239549 0.635504 0.0387813 0.0663276 0.22662
4 0.025367 0.604779 0.0167364 0.0245805 0.12831
4 0.246467 0.625997 0.0564496 0.0818248 0.111382
4 0.267291 0.630496 0.0412219 0.0952266 0.0977373
1 0.207756 0.563538 0.00972345 0.0149054 0.0968046
1 0.205722 0.556577 0.012813 0.0219468 0.0958713
4 0.261795 0.614962 0.0848616 0.1045 0.0922892
7 0.0837576 0.437534 0.0148616 0.0252256 0.0789591
1 0.431256 0.538848 0.0283756 0.0479692 0.0726796
7 0.05366 0.445686 0.0135445 0.0204097 0.067039
0 0.201376 0.599844 0.0150754 0.0510992 0.0665036
1 0.328171 0.534507 0.0242809 0.0359434 0.0657796
1 0.0370305 0.536749 0.0218882 0.0153411 0.0461293
7 0.363094 0.431788 0.0149753 0.0467811 0.0457858
2 0.127789 0.437406 0.00786652 0.0242319 0.0439797
1 0.0116982 0.502525 0.0221649 0.0340365 0.0428701
4 0.177266 0.613005 0.0213249 0.0439958 0.0393332
1 0.042587 0.540685 0.0325816 0.0169908 0.0374406
4 0.0823692 0.610375 0.0335873 0.050688 0.0373235
4 0.0876976 0.580923 0.0263698 0.0199324 0.0349628
2 0.159129 0.441431 0.00704114 0.0145865 0.0338646
4 0.0103765 0.607613 0.018774 0.028015 0.028379
0 0.210774 0.605041 0.012781 0.0677793 0.0277972
1 0.036851 0.541289 0.020171 0.0147032 0.0268219
4 0.0550088 0.593738 0.0224246 0.0204543 0.0264446
1 0.00437469 0.547569 0.00773494 0.0148701 0.0264008
4 0.196989 0.613825 0.0159439 0.0452169 0.0248432
7 0.383408 0.432405 0.0113067 0.021771 0.0235219
2 0.12749 0.425232 0.00802221 0.0176051 0.0226716
1 0.00426945 0.56284 0.00771997 0.0189145 0.0223022
0 0.201063 0.611648 0.0178402 0.0446678 0.0208795
0 0.025367 0.604779 0.0167364 0.0245805 0.0200879
1 0.173939 0.510688 0.0236193 0.0329567 0.020031
4 0.180444 0.623289 0.0174069 0.0449879 0.0190503
7 0.307589 0.573275 0.0081073 0.0237118 0.0184662
1 0.197426 0.589198 0.00990395 0.0292733 0.0172585
1 0.141168 0.547271 0.0200569 0.018851 0.0171181
0 0.0283898 0.599185 0.023285 0.0314627 0.016189
2 0.163607 0.439923 0.0103158 0.0144705 0.0160776
0 0.196989 0.613825 0.0159439 0.0452169 0.0160754
1 0.0538042 0.445152 0.0137318 0.0206062 0.0149944
7 0.307667 0.577161 0.0104477 0.0281362 0.0139673
4 0.0283898 0.599185 0.023285 0.0314627 0.0137392
1 0.196121 0.571135 0.00961752 0.0287719 0.0129179
4 0.0685486 0.58929 0.0124709 0.013685 0.0129088
1 0.0784692 0.573569 0.0134052 0.0175439 0.0112475
2 0.161171 0.440786 0.00808064 0.0155884 0.0101168
0 0.197426 0.589198 0.00990395 0.0292733 0.0100739
1 0.0901425 0.574697 0.0227085 0.0176845 0.0100663
4 0.0273429 0.609093 0.0220439 0.0303595 0.00994073
2 0.267937 0.451875 0.0114987 0.0205933 0.00961675
1 0.200581 0.558842 0.0191803 0.0305144 0.00950964
1 0.155218 0.575761 0.0188266 0.0196541 0.00860281
1 0.00505755 0.535979 0.00798096 0.0192579 0.00835554
15 0.0876976 0.580923 0.0263698 0.0199324 0.00833525
4 0.184472 0.607937 0.0221533 0.0451317 0.00813502
1 0.0532374 0.567304 0.019871 0.0332124 0.00785816
1 0.0738891 0.571421 0.0141881 0.0208291 0.00784925
4 0.0901425 0.574697 0.0227085 0.0176845 0.00782252
7 0.364058 0.423435 0.0222643 0.0631191 0.00756387
1 0.0963566 0.554816 0.0113876 0.016386 0.00755016
0 0.222037 0.614945 0.0232722 0.0602667 0.00736759
4 0.00425531 0.608578 0.00851063 0.0290167 0.00736333
4 0.21737 0.61811 0.016492 0.0527559 0.00677519
12 0.176563 0.567903 0.0139783 0.0386321 0.00662265
4 0.00517172 0.615338 0.0102743 0.0365689 0.00657286
0 0.00517172 0.615338 0.0102743 0.0365689 0.00656519
2 0.0882264 0.40303 0.0115212 0.0176356 0.00652319
1 0.0507 0.549389 0.0265186 0.011241 0.0064348
8 0.025367 0.604779 0.0167364 0.0245805 0.00625981
0 0.0103765 0.607613 0.018774 0.028015 0.0061382
5 0.181114 0.613853 0.0225117 0.0353055 0.00604398
1 0.0475152 0.57424 0.017199 0.0226509 0.00583757
8 0.0273429 0.609093 0.0220439 0.0303595 0.00580587
4 0.0434652 0.590032 0.0157282 0.01894 0.00576518
0 0.21737 0.61811 0.016492 0.0527559 0.0057515
2 0.155886 0.445018 0.00542772 0.0191732 0.00575127
7 0.0855738 0.419004 0.0144223 0.0422252 0.00546513
0 0.0329745 0.605515 0.0248854 0.0301765 0.00540027
8 0.201063 0.611648 0.0178402 0.0446678 0.0049617
7 0.286847 0.570782 0.0239654 0.0277921 0.00482524
0 0.0273429 0.609093 0.0220439 0.0303595 0.00481433
1 0.0181735 0.541159 0.00773888 0.0145773 0.00474661
0 0.216655 0.607234 0.0195395 0.0638918 0.00474654
1 0.27163 0.517272 0.00852164 0.0256995 0.00468958
2 0.0855223 0.403452 0.0122767 0.0154351 0.00467816
8 0.181908 0.615505 0.0201563 0.0350138 0.00462198
0 0.00425531 0.608578 0.00851063 0.0290167 0.00460847
8 0.00517172 0.615338 0.0102743 0.0365689 0.00458629
2 0.145594 0.445698 0.0070575 0.0183353 0.00456058
2 0.12757 0.445356 0.0082846 0.0217754 0.00418369
7 0.0839321 0.454599 0.014219 0.0511459 0.00412664
2 0.143574 0.442295 0.00880754 0.0172698 0.0041257
1 0.0170135 0.535257 0.00905593 0.0131196 0.00409964
4 0.0973473 0.604862 0.0442123 0.0443684 0.00405832
4 0.151096 0.578672 0.0265069 0.0201654 0.00405204
4 0.180392 0.63497 0.0159402 0.0728868 0.00404926
0 0.180061 0.610991 0.0194127 0.0432289 0.00397914
1 0.468725 0.564293 0.0127507 0.0576265 0.00393609
15 0.0901425 0.574697 0.0227085 0.0176845 0.00383833
1 0.173917 0.52575 0.0195936 0.0180221 0.00379973
0 0.0550088 0.593738 0.0224246 0.0204543 0.00357332
7 0.271678 0.523458 0.00918338 0.0375569 0.00346811
4 0.222037 0.614945 0.0232722 0.0602667 0.00341638
1 0.0827004 0.438396 0.0143954 0.0219514 0.00329627
6 0.267717 0.609806 0.107509 0.115449 0.0031899
0 0.184472 0.607937 0.0221533 0.0451317 0.00304098
8 0.00425531 0.608578 0.00851063 0.0290167 0.00300131
4 0.201063 0.611648 0.0178402 0.0446678 0.00299003
8 0.196989 0.613825 0.0159439 0.0452169 0.00286104
2 0.0827004 0.438396 0.0143954 0.0219514 0.00284453
7 0.0932779 0.449082 0.0126939 0.0353188 0.0028276
7 0.32792 0.534582 0.023965 0.0356479 0.00278527
0 0.264751 0.629467 0.0486527 0.098694 0.00274962
7 0.111037 0.435476 0.0136003 0.0219766 0.00271771
7 0.320402 0.572397 0.011212 0.026325 0.00263777
1 0.174966 0.533026 0.0182616 0.0154486 0.00262702
4 0.0344071 0.612409 0.0271621 0.0443211 0.00262283
5 0.0583031 0.612128 0.0306869 0.0505038 0.00260537
1 0.00822243 0.556097 0.0152483 0.0161733 0.00251644
8 0.180444 0.623289 0.0174069 0.0449879 0.00250047
0 0.2928 0.603573 0.0165524 0.0173497 0.00235147
0 0.225766 0.632644 0.020097 0.0621452 0.00234984
8 0.0103765 0.607613 0.018774 0.028015 0.00234878
6 0.180061 0.610991 0.0194127 0.0432289 0.00233636
7 0.208895 0.56233 0.00867531 0.014661 0.00230597
1 0.307667 0.577161 0.0104477 0.0281362 0.00227339
4 0.210774 0.605041 0.012781 0.0677793 0.00225563
4 0.103666 0.580873 0.048169 0.0239033 0.00218677
7 0.00505755 0.535979 0.00798096 0.0192579 0.00217776
0 0.207756 0.563538 0.00972345 0.0149054 0.00216297
8 0.0329745 0.605515 0.0248854 0.0301765 0.00214415
7 0.0956747 0.469803 0.0114759 0.0200563 0.002073
3 0.607508 0.730962 0.0352856 0.0865056 0.00207039
1 0.431524 0.594195 0.0544059 0.034875 0.00205405
4 0.230822 0.614345 0.03645 0.0800999 0.00204154
1 0.360533 0.43241 0.0161309 0.0464197 0.00203658
7 0.127789 0.437406 0.00786652 0.0242319 0.00197526
0 0.0579238 0.611294 0.0307734 0.0501258 0.0019695
7 0.0181735 0.541159 0.00773888 0.0145773 0.00194346
0 0.0685486 0.58929 0.0124709 0.013685 0.001922
4 0.118924 0.578391 0.0189395 0.0156 0.00190348
4 0.201376 0.599844 0.0150754 0.0510992 0.00187662
8 0.183922 0.625652 0.02014 0.0352248 0.00184403
2 0.114451 0.436255 0.0102454 0.0191619 0.00182753
2 0.138083 0.438786 0.0129146 0.0216862 0.00180408
15 0.0475152 0.57424 0.017199 0.0226509 0.00178184
1 0.266557 0.449004 0.0126353 0.0271838 0.00177705
0 0.180444 0.623289 0.0174069 0.0449879 0.00174574
4 0.133746 0.598152 0.0202266 0.0267258 0.00173667
1 0.210774 0.605041 0.012781 0.0677793 0.00172929
1 0.0394144 0.551873 0.0229663 0.027623 0.00168044
1 0.0800252 0.559431 0.0236683 0.0258056 0.00167105
4 0.0798816 0.620297 0.0268746 0.0619483 0.00165067
7 0.270903 0.555143 0.0091496 0.0327304 0.00164205
7 0.108589 0.445201 0.0153589 0.0333292 0.0015626
2 0.267783 0.445275 0.0121812 0.0330443 0.00156166
1 0.167162 0.568296 0.0153154 0.038039 0.00156043
0 0.377942 0.667532 0.104257 0.12712 0.00150039
4 0.197426 0.589198 0.00990395 0.0292733 0.00149189
15 0.0784692 0.573569 0.0134052 0.0175439 0.00148852
7 0.202869 0.444065 0.0205979 0.0415551 0.00147958
4 0.988444 0.741652 0.0185085 0.112157 0.00145954
1 0.105219 0.550653 0.00991214 0.0193847 0.00145909
4 0.0784692 0.573569 0.0134052 0.0175439 0.00145236
15 0.042587 0.540685 0.0325816 0.0169908 0.0014476
7 0.386042 0.430173 0.0150088 0.0214737 0.00144572
4 0.174519 0.638879 0.0234123 0.091256 0.00144414
0 0.367006 0.606659 0.0151357 0.0115622 0.00142982
3 0.00517172 0.615338 0.0102743 0.0365689 0.00142113
7 0.267937 0.451875 0.0114987 0.0205933 0.00141152
12 0.207756 0.563538 0.00972345 0.0149054 0.00139829
0 0.444288 0.604092 0.017759 0.00884969 0.00137548
1 0.307589 0.573275 0.0081073 0.0237118 0.00137132
1 0.0254795 0.515307 0.0451718 0.036474 0.00135332
1 0.119895 0.575276 0.0185486 0.0188463 0.00131865
4 0.126054 0.579084 0.0115171 0.0148607 0.00131668
1 0.0882718 0.579242 0.0245283 0.0192519 0.00131019
1 0.286847 0.570782 0.0239654 0.0277921 0.00130461
1 0.102218 0.573317 0.0198789 0.0208018 0.00128399
1 0.06866 0.5602 0.0215718 0.0275384 0.00127804
4 0.183922 0.625652 0.02014 0.0352248 0.00123964
5 0.0329745 0.605515 0.0248854 0.0301765 0.00122794
7 0.267783 0.445275 0.0121812 0.0330443 0.00122751
1 0.0321118 0.519559 0.0378178 0.0285766 0.00122159
1 0.429589 0.527286 0.0319988 0.066131 0.00119288
1 0.126054 0.579084 0.0115171 0.0148607 0.0011817
4 0.163966 0.592676 0.0442887 0.0354973 0.00117297
7 0.159129 0.441431 0.00704114 0.0145865 0.0011691
0 0.0434652 0.590032 0.0157282 0.01894 0.00116328
0 0.182923 0.616814 0.0219179 0.0356982 0.00116294
5 0.201376 0.599844 0.0150754 0.0510992 0.00115183
6 0.201276 0.600441 0.0135388 0.0545717 0.00115014
2 0.262907 0.450718 0.0147778 0.0229289 0.00113189
2 0.163199 0.44468 0.0119352 0.0214392 0.00112364
1 0.0347984 0.569822 0.0140244 0.023031 0.00112003
2 0.0840944 0.425273 0.0136158 0.0433801 0.00110022
4 0.177526 0.648443 0.016402 0.0911264 0.00109873
1 0.149503 0.557175 0.0239035 0.0258176 0.00108954
0 0.280739 0.57909 0.0188441 0.0190304 0.00107984
8 0.0583031 0.612128 0.0306869 0.0505038 0.00107941
15 0.0507 0.549389 0.0265186 0.011241 0.00107757
2 0.114905 0.426249 0.0101883 0.0271621 0.00107453
7 0.0170135 0.535257 0.00905593 0.0131196 0.00105449
7 0.145594 0.445698 0.0070575 0.0183353 0.00105342
4 0.2928 0.603573 0.0165524 0.0173497 0.00104758
3 0.6047 0.723158 0.0224605 0.0698483 0.00104701
4 0.276134 0.645511 0.0376619 0.0893332 0.00104271
5 0.184472 0.607937 0.0221533 0.0451317 0.00104054
8 0.177266 0.613005 0.0213249 0.0439958 0.00101586
