46 0.671694 0.170583 0.120814 0.184581 0.945287
43 0.502167 0.773326 0.62078 0.450727 0.933564
46 0.350674 0.654081 0.110184 0.164116 0.925299
46 0.710866 0.72827 0.101398 0.152653 0.91291
43 0.558199 0.306066 0.608438 0.368221 0.890814
46 0.259344 0.687462 0.083784 0.122763 0.841786
46 0.412414 0.661554 0.0505969 0.157577 0.521774
46 0.242245 0.688051 0.0487819 0.122449 0.361625
46 0.458906 0.21495 0.0357046 0.103507 0.103842
46 0.414799 0.174246 0.105349 0.0756737 0.095951
46 0.427356 0.212615 0.0989183 0.105465 0.0827996
43 0.0732967 0.849153 0.144787 0.141431 0.0279795
2 0.844893 0.540421 0.0103843 0.0153173 0.0165123
2 0.177226 0.0774497 0.0120276 0.019291 0.00859168
46 0.678468 0.141722 0.1193 0.0989541 0.0084179
46 0.57948 0.193493 0.0778483 0.126372 0.00722587
46 0.374783 0.256645 0.188922 0.145285 0.00652357
46 0.401748 0.245907 0.104518 0.097564 0.00514187
31 0.504994 0.0392469 0.0460177 0.0331263 0.00338413
43 0.949474 0.867673 0.0996334 0.264487 0.00274018
46 0.495362 0.224003 0.0917679 0.108075 0.00257782
43 0.0752076 0.810689 0.146687 0.155765 0.00215368
30 0.157565 0.698702 0.00939159 0.0283846 0.00210018
46 0.702439 0.197129 0.0889843 0.104328 0.00174569
46 0.668065 0.401667 0.122393 0.159235 0.00128554
46 0.6425 0.171302 0.0608376 0.184398 0.00118549
