13 0.125892 0.581686 0.033028 0.0444465 0.888003
0 0.814332 0.599909 0.0521612 0.148354 0.778602
8 0.119498 0.732006 0.19112 0.171106 0.7586
0 0.124573 0.680499 0.11417 0.236291 0.679101
22 0.309791 0.647299 0.0201289 0.0460145 0.646478
4 0.494949 0.582234 0.0463469 0.0482338 0.616849
4 0.577593 0.571682 0.0301172 0.0305674 0.552699
4 0.485791 0.587521 0.0488858 0.0448364 0.540681
4 0.54038 0.570633 0.0331593 0.0296128 0.519661
4 0.64744 0.578339 0.0292953 0.0405144 0.415679
8 0.206178 0.619711 0.0397675 0.0620776 0.400953
22 0.472216 0.65012 0.0117231 0.0530705 0.377843
4 0.60199 0.572571 0.0254579 0.0268563 0.373649
0 0.083527 0.685934 0.0598859 0.214057 0.356258
4 0.617232 0.570496 0.0198099 0.0198223 0.350959
4 0.517437 0.578417 0.0346905 0.0360006 0.306248
5 0.95332 0.690159 0.0905797 0.0908227 0.290592
22 0.835981 0.613273 0.0214302 0.0731353 0.236008
22 0.446214 0.642802 0.0130099 0.0448547 0.234906
4 0.629164 0.570646 0.0141235 0.0168704 0.209576
2 0.121369 0.239124 0.0250238 0.0259975 0.208441
4 0.489864 0.564347 0.0362315 0.0147535 0.198303
22 0.76418 0.60671 0.0128405 0.0575243 0.192229
5 0.952047 0.655159 0.0930911 0.163972 0.187501
42 0.816225 0.506776 0.0795784 0.0326741 0.15733
8 0.24768 0.66268 0.0492926 0.0676467 0.1551
22 0.438012 0.630361 0.0141312 0.0280913 0.152547
42 0.815835 0.51848 0.0780921 0.0578396 0.147713
0 0.197282 0.571698 0.019147 0.0351084 0.145479
4 0.653562 0.581652 0.0333223 0.0436606 0.145192
22 0.495559 0.637382 0.0116445 0.0463313 0.143091
4 0.142642 0.588823 0.0694243 0.0549142 0.134501
8 0.934082 0.707133 0.045533 0.0566877 0.124229
22 0.415009 0.620718 0.00921634 0.0217466 0.122871
4 0.466551 0.591689 0.0756948 0.0490284 0.115396
22 0.406398 0.621234 0.0110539 0.0322377 0.11329
22 0.433659 0.621535 0.0137685 0.0223269 0.103767
3 0.11738 0.731703 0.184805 0.175469 0.102448
4 0.611849 0.567643 0.0192566 0.0216895 0.100137
4 0.72974 0.553532 0.025604 0.0186223 0.0955805
5 0.154062 0.589021 0.0510651 0.0531792 0.094972
13 0.100095 0.586337 0.0288526 0.0384051 0.0929924
22 0.719552 0.611688 0.0165908 0.054879 0.0929213
4 0.531549 0.575754 0.0418896 0.0340185 0.0913352
6 0.649355 0.579188 0.034181 0.0394766 0.0875806
1 0.57938 0.472359 0.0260845 0.0303285 0.0858372
22 0.495345 0.619539 0.0124771 0.0438847 0.085131
8 0.557461 0.58179 0.0122344 0.0278292 0.0838502
0 0.136699 0.669897 0.0663681 0.219775 0.082015
4 0.510209 0.567925 0.0368026 0.0222577 0.0802663
8 0.202942 0.604847 0.0330327 0.0543106 0.0747958
22 0.834276 0.603126 0.0139258 0.0555026 0.0711096
4 0.615076 0.574936 0.0164737 0.0221964 0.0690151
22 0.754684 0.677619 0.0445378 0.0642099 0.0660267
8 0.197387 0.577857 0.0205586 0.0387659 0.064215
4 0.562595 0.567941 0.0219979 0.0236921 0.0639387
4 0.700543 0.565424 0.0459414 0.0422861 0.06125
22 0.502156 0.643301 0.0115226 0.032933 0.0606578
13 0.0361086 0.698081 0.0267853 0.0221839 0.0568523
8 0.953892 0.699533 0.0919792 0.0741722 0.0557924
5 0.653562 0.581652 0.0333223 0.0436606 0.052845
22 0.292384 0.624941 0.0455643 0.0395751 0.0517654
22 0.670677 0.60323 0.0186365 0.0369166 0.0516291
22 0.691709 0.610257 0.019291 0.0422054 0.0512803
5 0.644682 0.578648 0.0234227 0.0382958 0.0497978
8 0.157347 0.589788 0.0399208 0.050837 0.0468276
2 0.406119 0.550389 0.0130126 0.0141404 0.0457368
17 0.125776 0.581951 0.033241 0.0440431 0.0439954
4 0.448719 0.600126 0.0526387 0.0602706 0.0425889
13 0.108801 0.591186 0.0469958 0.0437576 0.0415479
22 0.24768 0.66268 0.0492926 0.0676467 0.0403299
23 0.250174 0.666548 0.0443445 0.0577129 0.0392068
4 0.155534 0.589476 0.0438714 0.0504605 0.0387119
22 0.259158 0.667477 0.0261238 0.0512177 0.0374835
8 0.257707 0.670209 0.0291287 0.049357 0.0370937
4 0.720215 0.565238 0.0467587 0.0415564 0.0363096
4 0.710393 0.569167 0.0717968 0.0503171 0.035985
13 0.0960172 0.602266 0.0363273 0.0439888 0.0355343
22 0.688279 0.614166 0.0153563 0.0460494 0.0348517
25 0.817921 0.543818 0.0712318 0.108729 0.0341819
4 0.759631 0.553887 0.0221484 0.0222664 0.0341229
14 0.157347 0.589788 0.0399208 0.050837 0.0326406
4 0.634579 0.577052 0.0100106 0.0248389 0.0320513
22 0.476048 0.65365 0.0118215 0.0559695 0.0307613
8 0.292077 0.62331 0.0474686 0.0440177 0.0300983
0 0.126157 0.582313 0.0332992 0.0445146 0.0285683
0 0.670677 0.60323 0.0186365 0.0369166 0.0285097
4 0.596204 0.556535 0.0127418 0.0172305 0.02785
4 0.644889 0.556165 0.01865 0.0170301 0.0277724
13 0.0478584 0.697527 0.0504568 0.0697144 0.0269844
25 0.816284 0.50954 0.0793817 0.0392894 0.0269319
4 0.735939 0.55384 0.0250433 0.0213088 0.0263675
6 0.710446 0.568247 0.0701711 0.0512831 0.0260979
8 0.198999 0.595478 0.0338932 0.056801 0.025886
4 0.0163349 0.603625 0.0311778 0.043423 0.0254793
22 0.668968 0.618601 0.0170345 0.0408281 0.0252194
0 0.0778625 0.623969 0.0393652 0.0684775 0.0250523
22 0.470845 0.640886 0.0121897 0.0465091 0.0246673
4 0.76565 0.554625 0.0174959 0.0182026 0.0246507
2 0.366972 0.261754 0.0381405 0.04486 0.0238
1 0.628125 0.460616 0.0192473 0.0147035 0.0231243
22 0.473132 0.659464 0.0161516 0.0578373 0.0230332
2 0.0760334 0.204962 0.0119584 0.0134227 0.0229925
13 0.044143 0.690906 0.036831 0.0475454 0.0227303
4 0.603082 0.55681 0.0122546 0.0178806 0.0213584
8 0.657174 0.594718 0.0182094 0.0259228 0.0209661
4 0.759615 0.559451 0.0250363 0.0308619 0.0207102
4 0.557461 0.58179 0.0122344 0.0278292 0.0206086
42 0.489864 0.564347 0.0362315 0.0147535 0.0204761
0 0.557461 0.58179 0.0122344 0.0278292 0.0202924
22 0.752169 0.622598 0.0125626 0.0316418 0.0195183
22 0.403666 0.612695 0.0142391 0.0394038 0.0192496
22 0.836208 0.657591 0.0212081 0.0331915 0.019248
8 0.142642 0.588823 0.0694243 0.0549142 0.019204
0 0.836445 0.622666 0.0237209 0.0934094 0.0189703
8 0.634579 0.577052 0.0100106 0.0248389 0.0188359
4 0.542159 0.579712 0.0399406 0.0333564 0.0185132
1 0.615638 0.456679 0.00935187 0.0153981 0.0179656
13 0.0420909 0.713096 0.0363679 0.0499756 0.0178472
4 0.621777 0.556043 0.0123933 0.0166285 0.0167829
4 0.689554 0.570739 0.0503943 0.0506946 0.0167195
2 0.116641 0.232149 0.0353405 0.03945 0.0159557
4 0.660706 0.55309 0.012759 0.0151505 0.0159051
6 0.579269 0.571655 0.0346975 0.0320224 0.0153467
22 0.657174 0.594718 0.0182094 0.0259228 0.0151216
22 0.458023 0.64577 0.0125316 0.0418904 0.0148266
8 0.0722364 0.608813 0.0224816 0.0457066 0.0143896
22 0.814947 0.62556 0.0541578 0.0956631 0.0135757
0 0.141771 0.589025 0.0711751 0.0572463 0.01355
0 0.203157 0.573608 0.0244615 0.0377322 0.0133137
8 0.670817 0.609738 0.0200938 0.0511881 0.0128944
1 0.626821 0.465257 0.0170347 0.0222414 0.0123678
4 0.62725 0.553974 0.0116887 0.0131287 0.0123079
4 0.766021 0.562589 0.0149567 0.0209006 0.0120782
22 0.558409 0.581986 0.0107191 0.0285136 0.0120068
13 0.14312 0.587095 0.0675165 0.0559611 0.0119597
11 0.0514426 0.693331 0.050438 0.0716035 0.0117312
11 0.0525703 0.687533 0.0342055 0.051279 0.0113923
3 0.206178 0.619711 0.0397675 0.0620776 0.0113849
4 0.736162 0.561413 0.0230232 0.0286303 0.0113401
42 0.815238 0.53601 0.0812733 0.0920003 0.0113076
22 0.741385 0.618203 0.0215651 0.0389794 0.010807
13 0.13369 0.548544 0.0100154 0.0224499 0.0105866
4 0.292182 0.619878 0.0470655 0.0504799 0.0105712
13 0.0804557 0.624801 0.0397911 0.0702839 0.0103033
11 0.044143 0.690906 0.036831 0.0475454 0.0102679
8 0.232708 0.64913 0.0813963 0.0881334 0.010216
13 0.115091 0.578207 0.0504466 0.0337964 0.0101864
0 0.198444 0.583644 0.0211119 0.0344271 0.0099774
13 0.0525703 0.687533 0.0342055 0.051279 0.00992261
1 0.0616038 0.560233 0.0198872 0.0786623 0.00985166
4 0.0227395 0.589389 0.0441944 0.0664499 0.00929723
0 0.634579 0.577052 0.0100106 0.0248389 0.00902432
6 0.70363 0.582524 0.0943329 0.0749095 0.00854686
4 0.673398 0.55151 0.027097 0.021223 0.00850599
1 0.610057 0.45653 0.0178154 0.0176536 0.00846914
0 0.762805 0.600923 0.0170712 0.0439648 0.00843409
22 0.41211 0.622194 0.00946957 0.0232941 0.00824623
4 0.723244 0.574651 0.0380444 0.050162 0.00815103
1 0.594462 0.473349 0.0178596 0.0287358 0.00799047
8 0.575977 0.57287 0.0295922 0.0321218 0.00797223
22 0.202942 0.604847 0.0330327 0.0543106 0.00797116
25 0.673125 0.535371 0.0149268 0.0138022 0.00792716
2 0.0974537 0.457384 0.0146348 0.0182637 0.00791548
6 0.541184 0.568082 0.032577 0.0235406 0.0079032
5 0.11738 0.731703 0.184805 0.175469 0.00777434
14 0.142642 0.588823 0.0694243 0.0549142 0.00776808
42 0.541184 0.568082 0.032577 0.0235406 0.00768053
4 0.197282 0.571698 0.019147 0.0351084 0.00766203
9 0.066382 0.713238 0.0481351 0.120423 0.00758819
10 0.406398 0.621234 0.0110539 0.0322377 0.00737966
22 0.784129 0.599699 0.0160498 0.0522367 0.00733926
42 0.125776 0.581951 0.033241 0.0440431 0.00733115
3 0.557461 0.58179 0.0122344 0.0278292 0.00720546
8 0.0761194 0.625271 0.0323869 0.0671973 0.00706724
2 0.0969869 0.440052 0.0150134 0.0141355 0.0069944
22 0.504701 0.612987 0.0158564 0.0332026 0.00690348
25 0.815872 0.604776 0.0578221 0.138401 0.00680989
1 0.616281 0.464177 0.00924091 0.0195937 0.00661352
7 0.615638 0.456679 0.00935187 0.0153981 0.00660742
4 0.673125 0.535371 0.0149268 0.0138022 0.00658816
8 0.0824374 0.617276 0.0421575 0.062694 0.00647137
9 0.0488852 0.699252 0.0497486 0.0771246 0.00640851
22 0.677507 0.611308 0.0223278 0.049367 0.00634543
13 0.128496 0.59459 0.0405214 0.0672523 0.00630983
13 0.0722364 0.608813 0.0224816 0.0457066 0.00624287
1 0.614285 0.453292 0.00855127 0.0173371 0.00621927
0 0.800642 0.589748 0.0252398 0.106167 0.00616829
1 0.576336 0.516177 0.0127015 0.0144796 0.006167
2 0.100165 0.455771 0.0124523 0.0214877 0.00611817
4 0.536425 0.55706 0.0200521 0.0186462 0.00607751
4 0.576682 0.557401 0.0223734 0.0194736 0.00607398
1 0.640603 0.45711 0.00996069 0.0126025 0.00606305
0 0.19774 0.55877 0.0159374 0.0219996 0.00602324
22 0.699221 0.611072 0.024782 0.043316 0.00599571
8 0.166555 0.576946 0.0142043 0.0236562 0.00592494
5 0.540171 0.574668 0.0377737 0.0359728 0.00577609
22 0.784362 0.664904 0.0143012 0.0184355 0.00571332
8 0.0637456 0.586062 0.0201428 0.0322544 0.00568927
22 0.389449 0.609082 0.0143475 0.0253263 0.00567487
8 0.134891 0.679952 0.132602 0.235457 0.00565557
22 0.434885 0.631225 0.0125317 0.0285762 0.00563625
2 0.353175 0.282245 0.0190694 0.0234729 0.00562595
18 0.433659 0.621535 0.0137685 0.0223269 0.00562589
23 0.259158 0.667477 0.0261238 0.0512177 0.00560065
4 0.734646 0.576697 0.0145516 0.0391063 0.00554258
18 0.415009 0.620718 0.00921634 0.0217466 0.00554181
4 0.555221 0.557995 0.0179948 0.020869 0.00552274
1 0.592065 0.490874 0.0177174 0.0211711 0.00551966
6 0.669105 0.549141 0.0306343 0.018627 0.00550935
13 0.197282 0.571698 0.019147 0.0351084 0.00550051
1 0.197282 0.571698 0.019147 0.0351084 0.00549116
0 0.0722364 0.608813 0.0224816 0.0457066 0.00548966
0 0.813422 0.63275 0.0523615 0.0822356 0.0054882
4 0.431647 0.597818 0.0180993 0.0540846 0.00547079
4 0.166555 0.576946 0.0142043 0.0236562 0.00540728
15 0.710446 0.568247 0.0701711 0.0512831 0.00540128
18 0.670817 0.609738 0.0200938 0.0511881 0.00533781
25 0.669105 0.549141 0.0306343 0.018627 0.00532233
22 0.519636 0.610142 0.0210025 0.0544679 0.00528815
5 0.575977 0.57287 0.0295922 0.0321218 0.00523672
22 0.634579 0.577052 0.0100106 0.0248389 0.0050966
22 0.55767 0.593041 0.0114828 0.022451 0.00508206
4 0.608094 0.580974 0.0156584 0.0294361 0.00498753
42 0.0478584 0.697527 0.0504568 0.0697144 0.0049811
1 0.670677 0.60323 0.0186365 0.0369166 0.00497631
1 0.601161 0.471452 0.012622 0.0244674 0.0049587
13 0.19774 0.55877 0.0159374 0.0219996 0.00493754
8 0.55767 0.593041 0.0114828 0.022451 0.00491633
8 0.542159 0.579712 0.0399406 0.0333564 0.00491283
8 0.60085 0.574427 0.0251373 0.0264299 0.00483195
5 0.657174 0.594718 0.0182094 0.0259228 0.00480869
4 0.0964104 0.588385 0.0351135 0.0428525 0.00479058
23 0.24374 0.658276 0.0586996 0.076956 0.00478994
9 0.0525703 0.687533 0.0342055 0.051279 0.00471271
9 0.835679 0.609088 0.0199808 0.0719282 0.00470712
4 0.70363 0.582524 0.0943329 0.0749095 0.00458501
6 0.611849 0.567643 0.0192566 0.0216895 0.00454848
9 0.834276 0.603126 0.0139258 0.0555026 0.0045065
14 0.657174 0.594718 0.0182094 0.0259228 0.00448559
2 0.377893 0.261535 0.0238563 0.0360806 0.004413
0 0.775477 0.566012 0.0115396 0.0283304 0.00440946
8 0.615076 0.574936 0.0164737 0.0221964 0.00432728
2 0.382237 0.256908 0.0185965 0.0275245 0.00432151
2 0.825109 0.218605 0.0123372 0.0181921 0.00430674
0 0.196435 0.613446 0.0476301 0.0615206 0.00430379
22 0.81264 0.60004 0.0456457 0.146692 0.00428552
22 0.783724 0.612715 0.0144775 0.0376684 0.00424196
22 0.383293 0.617991 0.0167672 0.0343286 0.0042322
10 0.415009 0.620718 0.00921634 0.0217466 0.00410289
9 0.0411296 0.714 0.0302569 0.0518665 0.0040779
18 0.688279 0.614166 0.0153563 0.0460494 0.00407191
22 0.513527 0.654957 0.0112823 0.0177509 0.00406015
4 0.0315255 0.572371 0.0588136 0.0523953 0.00403968
2 0.145288 0.130871 0.0139441 0.0173671 0.004039
4 0.670637 0.591024 0.0182526 0.0454673 0.00402621
18 0.657174 0.594718 0.0182094 0.0259228 0.00396677
22 0.385516 0.610759 0.0177846 0.0221785 0.00395814
1 0.580157 0.494977 0.0149725 0.0251777 0.00393416
35 0.670817 0.609738 0.0200938 0.0511881 0.003927
13 0.179287 0.75292 0.0174282 0.0186536 0.00383175
1 0.576046 0.524864 0.0117279 0.0157506 0.00382736
4 0.0637456 0.586062 0.0201428 0.0322544 0.0037455
14 0.417407 0.608604 0.0176709 0.045968 0.00370014
8 0.189814 0.58898 0.0337491 0.0410606 0.0036837
8 0.308256 0.642257 0.0242548 0.0575779 0.00367909
1 0.597462 0.460042 0.0151613 0.0177328 0.00365107
26 0.446233 0.644439 0.0127797 0.0429116 0.00361233
42 0.044143 0.690906 0.036831 0.0475454 0.00359675
22 0.444807 0.609766 0.0446325 0.0402742 0.00358055
22 0.433772 0.651782 0.0123229 0.0238646 0.00353764
26 0.4725 0.654466 0.0132181 0.0562475 0.00352325
42 0.197282 0.571698 0.019147 0.0351084 0.00352285
8 0.160114 0.602168 0.0474707 0.0524119 0.00349149
6 0.562595 0.567941 0.0219979 0.0236921 0.00345697
0 0.763331 0.601926 0.0121649 0.0563859 0.00343886
1 0.600882 0.467021 0.00971454 0.0229254 0.00338633
2 0.615638 0.456679 0.00935187 0.0153981 0.00337016
8 0.0824127 0.706325 0.107641 0.196448 0.00336707
6 0.660706 0.55309 0.012759 0.0151505 0.00336252
0 0.0637456 0.586062 0.0201428 0.0322544 0.00329216
0 0.672584 0.592157 0.0183395 0.0456209 0.00328095
6 0.659687 0.581416 0.0343135 0.0434898 0.00327194
15 0.669105 0.549141 0.0306343 0.018627 0.00321722
2 0.0637456 0.586062 0.0201428 0.0322544 0.00317808
5 0.558409 0.581986 0.0107191 0.0285136 0.00313256
2 0.0759859 0.200032 0.0121548 0.0173501 0.00311783
8 0.203157 0.573608 0.0244615 0.0377322 0.00311714
6 0.62725 0.553974 0.0116887 0.0131287 0.00311024
1 0.13369 0.548544 0.0100154 0.0224499 0.00310671
0 0.804421 0.551684 0.0198391 0.0511079 0.00308659
6 0.540171 0.574668 0.0377737 0.0359728 0.00306469
14 0.432204 0.603015 0.0186198 0.0571385 0.00301158
4 0.0842275 0.588673 0.0568282 0.0435614 0.00299123
0 0.836069 0.609197 0.017311 0.0656838 0.0029702
6 0.689554 0.570739 0.0503943 0.0506946 0.00294577
0 0.562595 0.567941 0.0219979 0.0236921 0.00294281
22 0.806141 0.633116 0.0378114 0.0757192 0.00293654
42 0.510209 0.567925 0.0368026 0.0222577 0.00293084
8 0.206014 0.639064 0.0454271 0.0827877 0.00289877
