2 0.235931 0.627882 0.0458756 0.059375 0.425581
2 0.584961 0.811325 0.011911 0.0263732 0.382088
30 0.228851 0.63151 0.0514671 0.0620809 0.0352204
2 0.225839 0.633717 0.0459286 0.0584917 0.0197838
22 0.437512 0.968217 0.0395291 0.0600097 0.00785361
2 0.399124 0.757524 0.0186443 0.0196276 0.00528052
2 0.39942 0.767847 0.0209771 0.0408235 0.00454832
30 0.225298 0.659191 0.044732 0.0938032 0.00397282
2 0.225298 0.659191 0.044732 0.0938032 0.00246215
2 0.773052 0.438578 0.0175217 0.0152782 0.00190661
2 0.770115 0.435026 0.0188374 0.0239177 0.00176912
7 0.640885 0.364134 0.0228398 0.0654399 0.00165464
2 0.399228 0.78127 0.0262144 0.066701 0.00142028
2 0.508586 0.566181 0.009469 0.0187607 0.00111894
