1 0.0808108 0.72911 0.0591848 0.0476306 0.896681
1 0.163871 0.726661 0.0578728 0.0461809 0.872345
4 0.269679 0.830902 0.0366265 0.0399204 0.85328
15 0.20652 0.818147 0.0418965 0.0648551 0.812661
4 0.165565 0.823971 0.0219122 0.024363 0.719674
1 0.240494 0.768298 0.0214786 0.0162604 0.664404
4 0.235148 0.819549 0.0177351 0.0205883 0.454448
1 0.339773 0.7778 0.00826907 0.011655 0.415881
1 0.274332 0.766964 0.0207264 0.017068 0.376529
1 0.0152704 0.379735 0.0295975 0.178908 0.249814
1 0.146173 0.778125 0.030952 0.02283 0.17073
1 0.156397 0.776062 0.0189681 0.0244575 0.153393
4 0.291313 0.821719 0.012842 0.0158563 0.152662
15 0.23656 0.819103 0.0164787 0.0210325 0.129533
4 0.205368 0.818408 0.0423684 0.0637698 0.125422
4 0.303055 0.813958 0.00919394 0.0105196 0.111897
4 0.294714 0.818305 0.0103716 0.0168354 0.0864493
1 0.27115 0.793401 0.0159171 0.0274236 0.0727592
15 0.165565 0.823971 0.0219122 0.024363 0.070821
1 0.164371 0.786118 0.0131473 0.0130815 0.0592024
1 0.156891 0.783447 0.0184042 0.0175605 0.0583812
6 0.27115 0.793401 0.0159171 0.0274236 0.0569468
1 0.339346 0.782387 0.00873984 0.0187018 0.0457783
6 0.0756584 0.830468 0.0287355 0.0301514 0.0450483
4 0.550235 0.823022 0.0176366 0.0121944 0.039855
4 0.302086 0.820767 0.00944138 0.0166996 0.0365976
1 0.159694 0.77994 0.0166593 0.0172476 0.0351835
6 0.303055 0.813958 0.00919394 0.0105196 0.0314317
1 0.221175 0.768198 0.0105043 0.0148211 0.0303087
4 0.320333 0.821607 0.00681564 0.0152534 0.0296179
1 0.165916 0.778323 0.0130105 0.0174917 0.028798
1 0.0637677 0.797217 0.017327 0.0202117 0.0259138
6 0.165565 0.823971 0.0219122 0.024363 0.0258307
1 0.0592516 0.792511 0.0124764 0.0163911 0.0229684
6 0.274332 0.766964 0.0207264 0.017068 0.0228741
4 0.316255 0.817311 0.00884592 0.015036 0.021212
4 0.310977 0.817203 0.0103112 0.0108671 0.0202971
1 0.352162 0.806866 0.011153 0.0145972 0.0199575
1 0.257906 0.768207 0.00833548 0.0129795 0.0191324
4 0.185101 0.814411 0.00908487 0.0164961 0.0166012
1 0.34229 0.807008 0.00805206 0.0143157 0.0164202
6 0.235358 0.819058 0.0173809 0.0201726 0.0157071
1 0.0820315 0.799666 0.011783 0.0212669 0.0150548
4 0.0887473 0.817218 0.0111205 0.0149335 0.0144461
1 0.208658 0.7709 0.0133847 0.0161636 0.0143698
1 0.0732106 0.818326 0.0239857 0.023806 0.0141807
4 0.256115 0.828314 0.0135634 0.0372492 0.0140627
1 0.0887473 0.817218 0.0111205 0.0149335 0.0138127
4 0.0762203 0.83274 0.0276093 0.0265121 0.0137145
4 0.257423 0.828312 0.0243599 0.0351488 0.0133483
1 0.0777679 0.817767 0.0207227 0.0188269 0.01305
6 0.205368 0.818408 0.0423684 0.0637698 0.0123075
1 0.0844244 0.821833 0.0146474 0.0200852 0.011584
6 0.0732106 0.818326 0.0239857 0.023806 0.0115317
4 0.550077 0.817687 0.0166321 0.0150558 0.0113731
6 0.156397 0.776062 0.0189681 0.0244575 0.0110991
4 0.183446 0.822238 0.00707402 0.0170632 0.0105256
1 0.165565 0.823971 0.0219122 0.024363 0.00971468
6 0.164371 0.786118 0.0131473 0.0130815 0.00946907
4 0.164371 0.786118 0.0131473 0.0130815 0.00856321
6 0.0887473 0.817218 0.0111205 0.0149335 0.00818666
1 0.047879 0.791814 0.014495 0.0260752 0.0078096
6 0.146173 0.778125 0.030952 0.02283 0.00777285
1 0.303055 0.813958 0.00919394 0.0105196 0.00767904
6 0.165916 0.778323 0.0130105 0.0174917 0.00762188
6 0.294714 0.818305 0.0103716 0.0168354 0.00740162
4 0.0885577 0.821663 0.0113239 0.0189795 0.00738419
1 0.269451 0.782309 0.0177572 0.0105538 0.00728393
1 0.3372 0.775797 0.0129556 0.0111832 0.00723011
1 0.33649 0.795747 0.0115626 0.0158777 0.0072122
1 0.235343 0.794391 0.0153448 0.0139591 0.00670681
1 0.0762203 0.83274 0.0276093 0.0265121 0.00653055
4 0.165916 0.778323 0.0130105 0.0174917 0.00635614
6 0.316255 0.817311 0.00884592 0.015036 0.0063176
1 0.142027 0.782375 0.0266678 0.0203983 0.00595544
1 0.179371 0.772058 0.00979977 0.0155803 0.0050679
4 0.146173 0.778125 0.030952 0.02283 0.00496625
6 0.240184 0.768242 0.021721 0.0169712 0.00487166
6 0.0777679 0.817767 0.0207227 0.0188269 0.00476176
1 0.0599689 0.777952 0.017321 0.0237865 0.00476112
1 0.391778 0.792919 0.00870969 0.0113568 0.00462483
1 0.304185 0.799458 0.00914136 0.0168111 0.00450813
6 0.310977 0.817203 0.0103112 0.0108671 0.00447628
1 0.222205 0.762275 0.00956804 0.0166053 0.0044356
1 0.302255 0.772789 0.0140392 0.0108071 0.00439797
7 0.257906 0.768207 0.00833548 0.0129795 0.00436995
1 0.334209 0.806917 0.00983865 0.011993 0.00436324
7 0.165916 0.778323 0.0130105 0.0174917 0.00434172
4 0.27115 0.793401 0.0159171 0.0274236 0.00429964
7 0.221175 0.768198 0.0105043 0.0148211 0.00425681
15 0.235343 0.794391 0.0153448 0.0139591 0.0040516
14 0.0762203 0.83274 0.0276093 0.0265121 0.00398842
7 0.117605 0.717688 0.0149225 0.0228377 0.00397516
5 0.0762203 0.83274 0.0276093 0.0265121 0.00375708
1 0.43065 0.787525 0.00687024 0.0257905 0.00366199
12 0.0762203 0.83274 0.0276093 0.0265121 0.00359448
6 0.235343 0.794391 0.0153448 0.0139591 0.0035716
6 0.156891 0.783447 0.0184042 0.0175605 0.00352134
15 0.27115 0.793401 0.0159171 0.0274236 0.00351011
0 0.235358 0.819058 0.0173809 0.0201726 0.00344273
1 0.227797 0.762158 0.00746549 0.0165238 0.00341532
6 0.257906 0.768207 0.00833548 0.0129795 0.00333261
1 0.365283 0.757027 0.0176749 0.0211676 0.0032868
4 0.55285 0.820987 0.0202544 0.00718402 0.00327053
4 0.156397 0.776062 0.0189681 0.0244575 0.00323534
6 0.258892 0.797546 0.00962285 0.0179715 0.00320302
1 0.0885577 0.821663 0.0113239 0.0189795 0.0031899
6 0.320333 0.821607 0.00681564 0.0152534 0.00316415
7 0.339654 0.778066 0.00837338 0.012551 0.00312121
1 0.626423 0.808837 0.0128402 0.0128584 0.00296748
1 0.550235 0.823022 0.0176366 0.0121944 0.00296205
4 0.273693 0.767054 0.021138 0.0170636 0.00294799
6 0.257423 0.828312 0.0243599 0.0351488 0.00294112
15 0.303055 0.813958 0.00919394 0.0105196 0.00292669
1 0.310977 0.817203 0.0103112 0.0108671 0.00276536
4 0.235343 0.794391 0.0153448 0.0139591 0.00269035
1 0.550077 0.817687 0.0166321 0.0150558 0.00266649
6 0.179371 0.772058 0.00979977 0.0155803 0.00261217
4 0.257906 0.768207 0.00833548 0.0129795 0.0026001
1 0.1176 0.727273 0.0155612 0.037308 0.00258891
1 0.0669206 0.773301 0.0234834 0.0289675 0.00247364
1 0.0908911 0.793816 0.00801743 0.0184475 0.00246449
1 0.316255 0.817311 0.00884592 0.015036 0.00243128
6 0.302086 0.820767 0.00944138 0.0166996 0.00238711
6 0.0844244 0.821833 0.0146474 0.0200852 0.00236159
1 0.235358 0.819058 0.0173809 0.0201726 0.00234536
1 0.0479471 0.807852 0.0188635 0.0161456 0.00229685
4 0.156891 0.783447 0.0184042 0.0175605 0.00227122
1 0.0484368 0.776881 0.0117447 0.0230158 0.00222272
1 0.258892 0.797546 0.00962285 0.0179715 0.0021979
1 0.381724 0.795505 0.00711966 0.0104168 0.00218833
7 0.179371 0.772058 0.00979977 0.0155803 0.00218003
7 0.164105 0.726835 0.0589263 0.0460034 0.00215325
1 0.358415 0.79704 0.00874133 0.0127848 0.0020993
7 0.0155766 0.376624 0.0293726 0.171822 0.0020605
1 0.117605 0.717688 0.0149225 0.0228377 0.00202623
5 0.235358 0.819058 0.0173809 0.0201726 0.0020236
22 0.0809518 0.728846 0.0590183 0.0455353 0.00190535
4 0.626423 0.808837 0.0128402 0.0128584 0.00190463
1 0.377464 0.815059 0.0102466 0.0141464 0.00186262
6 0.0885577 0.821663 0.0113239 0.0189795 0.00183246
4 0.258892 0.797546 0.00962285 0.0179715 0.00178953
7 0.156397 0.776062 0.0189681 0.0244575 0.00176532
7 0.0809518 0.728846 0.0590183 0.0455353 0.00174345
4 0.331311 0.822087 0.0121248 0.0155299 0.0017171
1 0.432678 0.770527 0.00905322 0.0252937 0.00163137
4 0.339773 0.7778 0.00826907 0.011655 0.00163136
6 0.339773 0.7778 0.00826907 0.011655 0.00159742
15 0.310977 0.817203 0.0103112 0.0108671 0.00159359
6 0.163666 0.726249 0.0578779 0.0463532 0.00159183
6 0.185101 0.814411 0.00908487 0.0164961 0.00152428
1 0.320333 0.821607 0.00681564 0.0152534 0.00152105
6 0.352162 0.806866 0.011153 0.0145972 0.00141625
1 0.194774 0.778229 0.010547 0.0199805 0.0013973
1 0.318409 0.798215 0.0119776 0.020297 0.00139653
15 0.273693 0.767054 0.021138 0.0170636 0.0013688
6 0.34229 0.807008 0.00805206 0.0143157 0.00135883
15 0.164371 0.786118 0.0131473 0.0130815 0.00135609
1 0.350562 0.775853 0.0176826 0.0151048 0.00135584
1 0.257423 0.828312 0.0243599 0.0351488 0.0013212
6 0.221175 0.768198 0.0105043 0.0148211 0.00130162
1 0.465346 0.84509 0.00947461 0.0144237 0.00126413
1 0.598168 0.812237 0.0144043 0.0127181 0.00126217
2 0.339773 0.7778 0.00826907 0.011655 0.00125932
15 0.0762203 0.83274 0.0276093 0.0265121 0.001257
6 0.550077 0.817687 0.0166321 0.0150558 0.00123194
1 0.58139 0.809335 0.0220961 0.0156798 0.00122717
1 0.257947 0.76436 0.00994829 0.0209035 0.00121211
1 0.365144 0.795162 0.0111094 0.00993641 0.00119578
6 0.334209 0.806917 0.00983865 0.011993 0.00118503
15 0.240494 0.768298 0.0214786 0.0162604 0.0011836
7 0.242413 0.767513 0.0195554 0.0179858 0.00116929
1 0.182629 0.793978 0.00773518 0.0150118 0.00116399
4 0.240494 0.768298 0.0214786 0.0162604 0.00115223
1 0.0572504 0.809544 0.0190587 0.029508 0.00114974
4 0.352162 0.806866 0.011153 0.0145972 0.00110291
7 0.222205 0.762275 0.00956804 0.0166053 0.00107912
4 0.304185 0.799458 0.00914136 0.0168111 0.00106078
15 0.550235 0.823022 0.0176366 0.0121944 0.00104468
6 0.0572504 0.809544 0.0190587 0.029508 0.00104428
6 0.339346 0.782387 0.00873984 0.0187018 0.00104217
1 0.288699 0.768194 0.0108822 0.0110141 0.00104211
15 0.156397 0.776062 0.0189681 0.0244575 0.00101198
