26 0.239519 0.660916 0.0441916 0.189488 0.950462
14 0.487843 0.702143 0.10355 0.366309 0.942766
14 0.382057 0.741869 0.117516 0.398749 0.933675
14 0.649427 0.627162 0.086264 0.313387 0.916064
14 0.58042 0.659523 0.0919678 0.336898 0.884721
19 0.189215 0.526286 0.15768 0.468008 0.84878
18 0.076705 0.538674 0.0891459 0.235254 0.788528
18 0.192444 0.531252 0.0767918 0.236231 0.613343
26 0.957455 0.429233 0.025235 0.101355 0.507471
26 0.966813 0.427737 0.0276027 0.106787 0.304006
10 0.865975 0.209138 0.0319897 0.0385331 0.104082
10 0.956802 0.429322 0.0248081 0.0996735 0.101654
10 0.902573 0.228012 0.0135929 0.0136133 0.0963624
10 0.878437 0.0898092 0.0251774 0.0306416 0.0688045
10 0.865277 0.086136 0.0090611 0.020491 0.064897
10 0.908507 0.316542 0.0150109 0.0283339 0.0557486
10 0.877924 0.0945908 0.0191153 0.0180827 0.0525483
10 0.892172 0.316647 0.0318322 0.0307659 0.052036
10 0.918498 0.318208 0.016011 0.0214115 0.0476189
10 0.972169 0.424678 0.020739 0.117394 0.0460434
26 0.972601 0.425862 0.0229687 0.11361 0.0410248
10 0.927244 0.229111 0.0120712 0.0196357 0.0404087
10 0.867618 0.0899724 0.0131439 0.0270888 0.0390855
10 0.183967 0.276147 0.00795679 0.0366763 0.0360955
10 0.830563 0.276121 0.0118481 0.0271823 0.031173
10 0.841911 0.299582 0.016428 0.0336707 0.0295276
10 0.939117 0.224152 0.0103859 0.0344738 0.0294398
10 0.165974 0.27063 0.00772086 0.0320472 0.0280049
10 0.933853 0.319967 0.0153074 0.0214628 0.0273214
10 0.82957 0.284036 0.0130793 0.0433013 0.026711
10 0.781492 0.301709 0.018552 0.0340789 0.0218397
30 0.861529 0.208084 0.0222252 0.0375202 0.0213299
10 0.204917 0.286864 0.00877647 0.0343117 0.0209683
10 0.937857 0.319346 0.0148293 0.0251796 0.0204768
10 0.879655 0.114334 0.034997 0.0255942 0.020274
10 0.22836 0.299983 0.00857086 0.0396523 0.0200135
10 0.921434 0.229676 0.0166521 0.0162672 0.0182808
10 0.967372 0.268415 0.0133196 0.0311472 0.0154823
10 0.963027 0.269635 0.0149434 0.0335206 0.0151692
10 0.844229 0.262346 0.0133854 0.0316422 0.0148578
10 0.88475 0.316874 0.0311505 0.0290153 0.0142991
10 0.939645 0.107481 0.0114742 0.0315726 0.0140985
10 0.903097 0.210945 0.0149628 0.0440699 0.0139012
4 0.735111 0.324127 0.0545872 0.0205202 0.0136273
10 0.907079 0.107909 0.0241839 0.0180599 0.0135435
10 0.875804 0.220947 0.012887 0.0184439 0.0132738
10 0.939653 0.209638 0.00952722 0.0255998 0.0113038
49 0.862684 0.207921 0.0238861 0.0396446 0.0112929
10 0.887092 0.11419 0.0215954 0.0252162 0.010967
10 0.856755 0.309935 0.0306995 0.0340404 0.0106952
10 0.868122 0.0820248 0.0120071 0.0333988 0.010542
30 0.988235 0.188343 0.0125046 0.0294647 0.00961682
10 0.919558 0.323482 0.0161779 0.0222093 0.00872398
10 0.0164086 0.282166 0.019635 0.0436131 0.00856857
10 0.935613 0.216394 0.0158974 0.0373442 0.00845774
10 0.863613 0.273866 0.0324148 0.0594857 0.00803579
10 0.938444 0.324447 0.0139857 0.0205811 0.00785683
10 0.844573 0.253866 0.0120096 0.0205643 0.00759947
10 0.0113857 0.285094 0.0221211 0.0399972 0.00735499
10 0.853856 0.295754 0.0287186 0.0347122 0.00714555
10 0.875863 0.10984 0.0307646 0.024887 0.00708121
10 0.907305 0.221095 0.0183724 0.0257244 0.00698669
10 0.939075 0.233452 0.010787 0.0389535 0.00696916
30 0.865163 0.214064 0.0307052 0.0304826 0.00632737
18 0.0363364 0.364284 0.027429 0.0445182 0.00573178
10 0.883144 0.0979737 0.0270599 0.0212421 0.00568938
10 0.904421 0.233769 0.0126292 0.0217782 0.00545342
49 0.865163 0.214064 0.0307052 0.0304826 0.00536221
10 0.90645 0.0999512 0.0198702 0.0231888 0.0053417
10 0.86156 0.0908617 0.0114695 0.0224484 0.00504569
18 0.0192257 0.331487 0.0384515 0.0562517 0.00485924
10 0.0147259 0.213112 0.0108844 0.0503022 0.0047401
10 0.882549 0.27575 0.0248752 0.0625205 0.00457493
10 0.871863 0.315859 0.0393275 0.0262641 0.00456147
10 0.166502 0.279382 0.016313 0.0437575 0.00418064
18 0.957458 0.42909 0.0253074 0.10203 0.00412619
10 0.889732 0.297523 0.0239491 0.0343432 0.00408446
10 0.872518 0.218268 0.0378723 0.0268646 0.00407844
10 0.779964 0.271642 0.0109751 0.0258898 0.00390727
10 0.496959 0.173922 0.0409403 0.175927 0.00386859
10 0.868885 0.112016 0.0211541 0.0309957 0.00351982
10 0.960425 0.296201 0.0127753 0.0181378 0.00340581
10 0.813102 0.290115 0.0222015 0.0428223 0.00332825
60 0.813102 0.290115 0.0222015 0.0428223 0.0032895
18 0.016063 0.2818 0.0225842 0.0428977 0.00322208
10 0.935071 0.297772 0.0154674 0.0200919 0.00320658
0 0.0335625 0.226199 0.00896571 0.0189374 0.00314381
10 0.831942 0.294319 0.0196741 0.0492316 0.00310999
0 0.00997216 0.213723 0.017109 0.0497399 0.00308155
10 0.968042 0.259634 0.0169899 0.0452783 0.00304864
10 0.942728 0.293989 0.0147747 0.0133323 0.00291183
18 0.0423092 0.374311 0.0251632 0.0505312 0.00287959
10 0.195039 0.286064 0.0225194 0.0419294 0.00281165
23 0.957842 0.429692 0.0269816 0.104587 0.00280091
10 0.932002 0.110645 0.0190206 0.0228361 0.00279592
36 0.957458 0.42909 0.0253074 0.10203 0.00279325
44 0.89126 0.320679 0.033605 0.0354764 0.00272507
10 0.932764 0.236182 0.0131491 0.0181329 0.0027103
31 0.00491222 0.0356919 0.00982443 0.0656013 0.00264601
18 0.0313733 0.360122 0.0194844 0.0448256 0.0025359
10 0.0335625 0.226199 0.00896571 0.0189374 0.00253076
10 0.895508 0.114136 0.0591262 0.0260859 0.00247357
10 0.877361 0.0832356 0.0164093 0.0407499 0.00239291
56 0.875804 0.220947 0.012887 0.0184439 0.00230203
18 0.0181412 0.353511 0.0362825 0.059758 0.00220906
10 0.00997216 0.213723 0.017109 0.0497399 0.00212513
14 0.957455 0.429233 0.025235 0.101355 0.0020981
10 0.961662 0.314372 0.0164699 0.0231471 0.00200214
18 0.0326804 0.380814 0.0412163 0.0712977 0.00197201
30 0.00592071 0.0350385 0.0118414 0.0694293 0.00194855
10 0.820259 0.278269 0.0212698 0.026721 0.00192319
9 0.0703381 0.28925 0.021706 0.0272111 0.0018998
10 0.899971 0.301693 0.0254507 0.0288729 0.00189036
56 0.902573 0.228012 0.0135929 0.0136133 0.00187767
10 0.648151 0.319408 0.00922528 0.022672 0.00186079
18 0.0261679 0.284634 0.0148407 0.0390438 0.0018268
26 0.989253 0.427463 0.0197786 0.119822 0.00181527
10 0.647895 0.271383 0.00861688 0.0405726 0.00180211
10 0.921564 0.30258 0.042412 0.0308711 0.0017398
10 0.0423092 0.374311 0.0251632 0.0505312 0.00168818
10 0.935869 0.103544 0.0187593 0.033443 0.00166062
26 0.250911 0.669088 0.0261788 0.163241 0.00164535
10 0.188338 0.282455 0.0179941 0.0402633 0.00163987
56 0.892172 0.316647 0.0318322 0.0307659 0.00160793
18 0.496852 0.171995 0.0406977 0.173375 0.00158499
4 0.750903 0.32432 0.0597607 0.0197512 0.00156207
10 0.962903 0.30062 0.0112499 0.0217249 0.00155854
10 0.891084 0.121467 0.0103237 0.0242698 0.00155142
0 0.0688911 0.29722 0.0284745 0.0440472 0.0015136
10 0.937689 0.110973 0.0190679 0.0301949 0.00149507
22 0.97259 0.422692 0.0209503 0.117295 0.00143155
10 0.0241057 0.208942 0.019137 0.0530698 0.00142811
59 0.892172 0.316647 0.0318322 0.0307659 0.00140452
10 0.93751 0.308831 0.0159765 0.0298646 0.0013975
10 0.913568 0.100923 0.0204502 0.0259026 0.00139522
10 0.696704 0.266349 0.0122523 0.0218263 0.00136804
60 0.818234 0.29321 0.0336744 0.0454899 0.00136009
0 0.0147259 0.213112 0.0108844 0.0503022 0.00135789
56 0.865163 0.214064 0.0307052 0.0304826 0.00135402
10 0.0261679 0.284634 0.0148407 0.0390438 0.00133178
27 0.910194 0.3121 0.0182258 0.0279391 0.00132625
0 0.0703381 0.28925 0.021706 0.0272111 0.00131542
22 0.957842 0.429692 0.0269816 0.104587 0.00127785
18 0.0485296 0.386405 0.0158561 0.0644974 0.00126944
59 0.842179 0.303715 0.0180106 0.0395287 0.00126535
9 0.0771901 0.383415 0.0450091 0.118401 0.00124114
30 0.356949 0.0126486 0.0346862 0.0205468 0.00121469
10 0.693242 0.300253 0.0131217 0.0395113 0.00118257
10 0.809266 0.276147 0.0133995 0.0207299 0.00116308
44 0.908754 0.320747 0.0156588 0.0325308 0.00115841
10 0.694705 0.310991 0.0133152 0.0304927 0.00114733
0 0.0720095 0.310825 0.0314306 0.0705538 0.00113533
10 0.782984 0.305845 0.026252 0.0356177 0.00113031
10 0.972043 0.284654 0.0211025 0.0171117 0.00111624
56 0.908507 0.316542 0.0150109 0.0283339 0.00106235
10 0.652452 0.2702 0.0147373 0.0364083 0.00105462
4 0.98074 0.310022 0.0195801 0.0176774 0.00104132
