1 0.679065 0.515724 0.0510119 0.0460124 0.912471
1 0.974288 0.800744 0.0409573 0.0772548 0.793089
5 0.162093 0.717601 0.0579097 0.0428573 0.634045
1 0.360745 0.583087 0.0191563 0.0369163 0.611212
1 0.198414 0.64697 0.0176869 0.0500363 0.603397
4 0.461595 0.476807 0.0184961 0.015822 0.493345
1 0.717656 0.541818 0.0138555 0.0210487 0.47153
0 0.102924 0.674644 0.00796479 0.0253715 0.346092
1 0.167046 0.464866 0.0362776 0.022799 0.344281
6 0.162446 0.718165 0.0572863 0.0424419 0.310746
1 0.565093 0.453915 0.0073866 0.0182685 0.250045
1 0.738396 0.594944 0.0103567 0.0366768 0.23126
1 0.735294 0.595516 0.0151865 0.0381826 0.21662
4 0.617004 0.521473 0.011515 0.0128423 0.198955
7 0.102924 0.674644 0.00796479 0.0253715 0.192752
1 0.855892 0.662624 0.0109853 0.0352861 0.192533
7 0.757422 0.586611 0.00705945 0.0262812 0.191026
1 0.632992 0.526074 0.0102301 0.0274165 0.181702
1 0.857319 0.637677 0.00934381 0.0169718 0.163239
4 0.381981 0.522687 0.0173018 0.0143452 0.154218
1 0.221785 0.659118 0.00823177 0.0243172 0.142719
4 0.379497 0.51649 0.0118781 0.0133409 0.141857
4 0.384462 0.518907 0.0174947 0.0123552 0.136259
1 0.715778 0.559634 0.0127108 0.0240513 0.121809
4 0.478352 0.440126 0.00680804 0.00950628 0.117301
4 0.206891 0.433472 0.0106301 0.0139622 0.115367
7 0.632992 0.526074 0.0102301 0.0274165 0.114801
1 0.889035 0.675489 0.00820648 0.0241145 0.112068
1 0.338568 0.440185 0.00993344 0.0100313 0.109596
1 0.398159 0.481132 0.0167768 0.0343742 0.105892
5 0.363109 0.582265 0.0163589 0.0368745 0.10484
1 0.199888 0.631836 0.0196275 0.0290213 0.0994606
4 0.46153 0.48268 0.0150649 0.0182553 0.0974396
1 0.407703 0.5154 0.00714996 0.0237396 0.0970394
7 0.408481 0.51852 0.00806702 0.0257543 0.0963057
4 0.577036 0.466262 0.00833966 0.0163232 0.0959308
1 0.336995 0.441964 0.00997983 0.009855 0.0894584
1 0.551094 0.432481 0.00988989 0.0128911 0.0872035
4 0.618959 0.517087 0.0115905 0.0132951 0.0868746
1 0.577229 0.463001 0.00788788 0.0187211 0.0861835
4 0.475627 0.474155 0.0106577 0.00979328 0.0834148
1 0.10678 0.675866 0.0134918 0.0293097 0.0801204
1 0.592752 0.485245 0.00729669 0.0185061 0.077571
14 0.301395 0.677193 0.00987741 0.025794 0.0750174
1 0.526418 0.543032 0.00903265 0.0147535 0.074521
7 0.221785 0.659118 0.00823177 0.0243172 0.0732552
4 0.454924 0.461146 0.00746018 0.014297 0.0729728
1 0.563865 0.449647 0.00608325 0.0160587 0.0726484
14 0.297313 0.68218 0.0101893 0.0203682 0.0720613
8 0.284242 0.684536 0.00970688 0.0212043 0.068278
7 0.118257 0.429864 0.0066063 0.0167334 0.0670472
1 0.751283 0.647104 0.00867767 0.0236665 0.0662582
4 0.519083 0.505178 0.00801331 0.0169429 0.0633422
14 0.312511 0.674691 0.0123801 0.0268512 0.0620435
4 0.520976 0.480665 0.00669806 0.0156853 0.0605204
1 0.693204 0.55728 0.0156357 0.0147235 0.0597683
4 0.470942 0.460193 0.00737442 0.0123215 0.0585319
7 0.691144 0.56122 0.00821887 0.0231601 0.0583622
1 0.504571 0.676711 0.0206764 0.022611 0.0583186
5 0.519083 0.505178 0.00801331 0.0169429 0.0564916
1 0.54729 0.431127 0.0088736 0.0113615 0.0537846
7 0.759953 0.589031 0.00593127 0.0309701 0.053678
0 0.301395 0.677193 0.00987741 0.025794 0.0536218
6 0.167118 0.461355 0.036906 0.0268836 0.0528471
0 0.855892 0.662624 0.0109853 0.0352861 0.052646
4 0.592752 0.485245 0.00729669 0.0185061 0.051995
7 0.405191 0.519294 0.00596051 0.0278575 0.0509603
4 0.553955 0.475146 0.00675708 0.010324 0.050149
4 0.591061 0.478825 0.00720734 0.0150591 0.0496475
1 0.855733 0.631824 0.010241 0.0181284 0.0492543
4 0.162215 0.717751 0.0577295 0.0416042 0.049138
1 0.535672 0.691873 0.0200004 0.0357826 0.0490144
7 0.470723 0.437383 0.00581238 0.0128015 0.0467103
1 0.717044 0.552592 0.0147897 0.0299866 0.046392
14 0.284242 0.684536 0.00970688 0.0212043 0.0458999
7 0.991553 0.769407 0.0110101 0.0371732 0.0451905
7 0.994025 0.762225 0.00845227 0.0480351 0.0450688
7 0.419427 0.441096 0.00522516 0.0136432 0.0446573
1 0.102924 0.674644 0.00796479 0.0253715 0.044493
1 0.590373 0.480953 0.00822754 0.0141488 0.0437756
1 0.704815 0.555387 0.0084538 0.031524 0.0436208
8 0.297313 0.68218 0.0101893 0.0203682 0.0430124
1 0.478352 0.440126 0.00680804 0.00950628 0.0417194
7 0.43913 0.459503 0.00857098 0.0124139 0.0406092
1 0.535696 0.678565 0.0212456 0.0529808 0.0385525
1 0.618332 0.522006 0.0119727 0.0153804 0.0374133
7 0.756767 0.592059 0.00765735 0.0283322 0.0370398
1 0.618959 0.517087 0.0115905 0.0132951 0.0360354
4 0.43913 0.459503 0.00857098 0.0124139 0.0356277
4 0.45043 0.467781 0.00772116 0.0132551 0.0339202
1 0.691144 0.56122 0.00821887 0.0231601 0.0336236
7 0.738396 0.594944 0.0103567 0.0366768 0.0328632
4 0.570465 0.471913 0.00821362 0.00869799 0.0326492
4 0.521092 0.489806 0.00713397 0.0128675 0.0323024
8 0.102924 0.674644 0.00796479 0.0253715 0.0320976
1 0.405191 0.519294 0.00596051 0.0278575 0.0312292
4 0.231193 0.453119 0.00882527 0.0102268 0.0309175
7 0.478352 0.440126 0.00680804 0.00950628 0.0308596
1 0.470723 0.437383 0.00581238 0.0128015 0.0307093
4 0.070964 0.460561 0.00851058 0.0128565 0.0301362
1 0.565065 0.444051 0.00704187 0.0184496 0.0299766
1 0.43913 0.459503 0.00857098 0.0124139 0.0297536
0 0.284242 0.684536 0.00970688 0.0212043 0.02948
4 0.477404 0.446036 0.00755771 0.0168474 0.0292328
4 0.514075 0.483063 0.00595984 0.006551 0.0291781
7 0.888652 0.675064 0.00878644 0.0227724 0.0289093
1 0.401469 0.49224 0.0117377 0.0227991 0.0287961
1 0.695818 0.559171 0.0131531 0.0251636 0.0284967
5 0.521092 0.489806 0.00713397 0.0128675 0.0281829
4 0.228578 0.435794 0.00629329 0.00948229 0.0280381
0 0.751283 0.647104 0.00867767 0.0236665 0.027964
1 0.419427 0.441096 0.00522516 0.0136432 0.0276172
5 0.312511 0.674691 0.0123801 0.0268512 0.0274748
4 0.217983 0.438814 0.0131405 0.0119598 0.027304
4 0.394942 0.53011 0.00659436 0.0136946 0.0272433
7 0.120284 0.4248 0.00631911 0.0196669 0.0269296
1 0.687276 0.520294 0.0299644 0.0423747 0.0267806
0 0.221785 0.659118 0.00823177 0.0243172 0.0267009
5 0.147973 0.716431 0.0258003 0.0413718 0.0265283
8 0.751283 0.647104 0.00867767 0.0236665 0.0260069
1 0.881954 0.641037 0.010429 0.0121164 0.0257881
4 0.632759 0.527036 0.01116 0.0253676 0.0253955
8 0.301395 0.677193 0.00987741 0.025794 0.0252074
4 0.526198 0.479431 0.00913709 0.0132308 0.0251922
1 0.206891 0.433472 0.0106301 0.0139622 0.0247195
8 0.632759 0.527036 0.01116 0.0253676 0.0235408
7 0.751283 0.647104 0.00867767 0.0236665 0.0234794
1 0.438238 0.453112 0.00676184 0.0172403 0.0234583
7 0.438238 0.453112 0.00676184 0.0172403 0.0232856
1 0.757422 0.586611 0.00705945 0.0262812 0.0231571
1 0.519083 0.505178 0.00801331 0.0169429 0.0229228
0 0.632759 0.527036 0.01116 0.0253676 0.0227456
1 0.702734 0.558615 0.00791962 0.0269459 0.0226846
4 0.565093 0.453915 0.0073866 0.0182685 0.0217474
0 0.297313 0.68218 0.0101893 0.0203682 0.0217338
4 0.79543 0.61709 0.0112983 0.0146465 0.0217069
6 0.43913 0.459503 0.00857098 0.0124139 0.0214577
2 0.855892 0.662624 0.0109853 0.0352861 0.0206709
4 0.388836 0.512867 0.00996136 0.0133839 0.0204694
4 0.525596 0.486005 0.0102561 0.0122678 0.0202776
5 0.478352 0.440126 0.00680804 0.00950628 0.0200021
5 0.618332 0.522006 0.0119727 0.0153804 0.019831
1 0.240774 0.530536 0.0109823 0.0331068 0.0197775
5 0.43913 0.459503 0.00857098 0.0124139 0.0196224
4 0.211909 0.438687 0.00943485 0.0140449 0.0194579
6 0.565093 0.453915 0.0073866 0.0182685 0.0193121
7 0.577229 0.463001 0.00788788 0.0187211 0.0193058
1 0.137682 0.41147 0.0118725 0.0164236 0.0190048
7 0.702734 0.558615 0.00791962 0.0269459 0.0187915
1 0.815966 0.654903 0.00937946 0.0170498 0.018715
1 0.341378 0.470369 0.0190004 0.0166512 0.0186513
1 0.690021 0.434124 0.0141561 0.0136129 0.0184689
0 0.460998 0.675825 0.0214516 0.0257077 0.0182979
1 0.558971 0.453268 0.00939215 0.0158098 0.0182783
1 0.994025 0.762225 0.00845227 0.0480351 0.0182502
4 0.54678 0.478365 0.00911975 0.0119388 0.018199
6 0.577036 0.466262 0.00833966 0.0163232 0.0181534
8 0.221785 0.659118 0.00823177 0.0243172 0.0180512
7 0.715778 0.559634 0.0127108 0.0240513 0.0180132
0 0.8565 0.638819 0.00976892 0.0173457 0.0179892
5 0.284242 0.684536 0.00970688 0.0212043 0.0179874
5 0.632759 0.527036 0.01116 0.0253676 0.0178064
4 0.372802 0.516691 0.00981311 0.0138774 0.0174574
0 0.314321 0.675228 0.011229 0.0229558 0.0172849
1 0.384462 0.518907 0.0174947 0.0123552 0.0172737
7 0.763403 0.600009 0.00938806 0.019408 0.0168047
7 0.755558 0.577663 0.00837018 0.0318927 0.0167888
4 0.484141 0.479042 0.00825659 0.00980679 0.0167664
8 0.519083 0.505178 0.00801331 0.0169429 0.01676
1 0.991553 0.769407 0.0110101 0.0371732 0.0167302
1 0.336254 0.455138 0.0118868 0.0187338 0.0165101
4 0.234137 0.443354 0.00970897 0.0104482 0.0164014
1 0.483948 0.441519 0.006569 0.00961833 0.0160279
4 0.372477 0.522866 0.00935696 0.0153171 0.0158694
5 0.297313 0.68218 0.0101893 0.0203682 0.0158214
4 0.492532 0.454451 0.00398776 0.0054313 0.0158139
7 0.762811 0.593422 0.0104462 0.0277726 0.0157627
1 0.419391 0.44668 0.00655023 0.0187732 0.0154851
14 0.307295 0.673868 0.010781 0.0279185 0.0153755
8 0.314321 0.675228 0.011229 0.0229558 0.015144
2 0.506041 0.590245 0.0102309 0.0151413 0.0150847
1 0.536946 0.738383 0.0170096 0.0294819 0.0148237
7 0.591061 0.478825 0.00720734 0.0150591 0.014793
1 0.520976 0.480665 0.00669806 0.0156853 0.0145979
4 0.221615 0.420029 0.0153448 0.0149572 0.0142913
1 0.814796 0.649655 0.00831982 0.0195967 0.0142141
0 0.521092 0.489806 0.00713397 0.0128675 0.0142046
4 0.438891 0.46531 0.00951016 0.0155529 0.014198
4 0.470723 0.437383 0.00581238 0.0128015 0.0141468
1 0.11054 0.677401 0.0187204 0.0317685 0.0140827
7 0.986943 0.761703 0.0219458 0.0480944 0.0137806
4 0.438238 0.453112 0.00676184 0.0172403 0.0135001
4 0.435886 0.458152 0.0102346 0.0107018 0.0134699
0 0.235825 0.620337 0.0114224 0.0151737 0.0129105
8 0.278976 0.686988 0.017165 0.0228893 0.0129087
7 0.104555 0.677006 0.0118656 0.0279802 0.0127302
4 0.505257 0.477321 0.00346722 0.0103607 0.0126916
7 0.521092 0.489806 0.00713397 0.0128675 0.0125854
1 0.79543 0.61709 0.0112983 0.0146465 0.0125608
7 0.565093 0.453915 0.0073866 0.0182685 0.0124365
2 0.503652 0.678266 0.021138 0.0253832 0.0124219
0 0.286192 0.680904 0.00658682 0.0243598 0.0123512
0 0.10678 0.675866 0.0134918 0.0293097 0.0122156
1 0.708502 0.536524 0.0122444 0.0171966 0.0120698
4 0.535354 0.482549 0.00567444 0.004915 0.0118209
8 0.617004 0.521473 0.011515 0.0128423 0.0117692
4 0.46348 0.446865 0.00856451 0.00881905 0.0117175
1 0.454924 0.461146 0.00746018 0.014297 0.0116445
4 0.563192 0.480041 0.00503442 0.00883393 0.0115715
1 0.477404 0.446036 0.00755771 0.0168474 0.011569
22 0.298502 0.679726 0.00873242 0.0225999 0.0113636
1 0.46059 0.476722 0.0180244 0.0146702 0.0113497
4 0.0704792 0.466516 0.00791563 0.0131665 0.0112136
7 0.439363 0.440399 0.00806281 0.016836 0.0111367
7 0.26564 0.427871 0.00685223 0.0163258 0.011088
6 0.478352 0.440126 0.00680804 0.00950628 0.011061
1 0.748141 0.646627 0.0104915 0.0236797 0.0109825
1 0.414129 0.53082 0.00937146 0.00959497 0.0109076
4 0.360745 0.583087 0.0191563 0.0369163 0.0108366
2 0.8565 0.638819 0.00976892 0.0173457 0.0106963
1 0.294286 0.430376 0.0120071 0.0152043 0.0106476
1 0.985669 0.758222 0.0249868 0.0510077 0.0106342
7 0.419391 0.44668 0.00655023 0.0187732 0.0105748
4 0.198414 0.64697 0.0176869 0.0500363 0.010544
1 0.994254 0.749964 0.0087627 0.0368718 0.010407
14 0.751283 0.647104 0.00867767 0.0236665 0.0103452
1 0.339924 0.451162 0.0159005 0.0143987 0.0103097
15 0.197875 0.646924 0.0177785 0.0498086 0.0102667
1 0.991531 0.815325 0.0124662 0.0493567 0.0101643
8 0.235825 0.620337 0.0114224 0.0151737 0.0101184
0 0.888652 0.675064 0.00878644 0.0227724 0.0100755
4 0.529431 0.45891 0.00493292 0.0109879 0.0100553
5 0.618959 0.517087 0.0115905 0.0132951 0.00997277
4 0.488148 0.439147 0.0104322 0.00887876 0.00995388
7 0.135648 0.413744 0.010514 0.0170921 0.00971489
4 0.690021 0.434124 0.0141561 0.0136129 0.00968709
7 0.483948 0.441519 0.006569 0.00961833 0.00962972
8 0.994025 0.762225 0.00845227 0.0480351 0.00957078
7 0.779931 0.61694 0.00835437 0.0150733 0.00953096
7 0.435886 0.458152 0.0102346 0.0107018 0.00951024
1 0.262313 0.44579 0.00607855 0.0103256 0.00945559
4 0.565805 0.486644 0.0061687 0.0116579 0.00943546
7 0.294286 0.430376 0.0120071 0.0152043 0.00941623
4 0.483948 0.441519 0.006569 0.00961833 0.00940886
1 0.521092 0.489806 0.00713397 0.0128675 0.00940733
7 0.735009 0.596422 0.0141757 0.0375828 0.00931638
8 0.521092 0.489806 0.00713397 0.0128675 0.00926835
1 0.526737 0.531389 0.00894428 0.00878641 0.00923481
1 0.391526 0.486645 0.0135402 0.0169946 0.00921823
4 0.498983 0.466321 0.00824686 0.0127417 0.00917222
5 0.751283 0.647104 0.00867767 0.0236665 0.00913171
1 0.541783 0.423781 0.00619782 0.0148301 0.00907937
0 0.238592 0.619542 0.00997148 0.0145495 0.00901077
1 0.779931 0.61694 0.00835437 0.0150733 0.00898102
1 0.759953 0.589031 0.00593127 0.0309701 0.00893498
4 0.0542862 0.459306 0.00966819 0.0110054 0.00891454
4 0.294286 0.430376 0.0120071 0.0152043 0.00888864
4 0.494869 0.47769 0.00634674 0.0116537 0.00884171
0 0.815966 0.654903 0.00937946 0.0170498 0.0088374
5 0.206891 0.433472 0.0106301 0.0139622 0.00877856
0 0.691144 0.56122 0.00821887 0.0231601 0.00870831
8 0.274239 0.689521 0.0158469 0.0219966 0.00849014
1 0.989655 0.85363 0.016418 0.114924 0.00846532
4 0.973692 0.800819 0.0401245 0.077298 0.00845954
0 0.814796 0.649655 0.00831982 0.0195967 0.00841522
1 0.637836 0.524833 0.0105781 0.0206165 0.00841381
1 0.394942 0.53011 0.00659436 0.0136946 0.00837059
1 0.388836 0.512867 0.00996136 0.0133839 0.00830477
7 0.592752 0.485245 0.00729669 0.0185061 0.00812932
7 0.856273 0.665424 0.0104977 0.036939 0.00810698
4 0.400273 0.530601 0.00791849 0.0197416 0.0080543
5 0.520976 0.480665 0.00669806 0.0156853 0.00802684
3 0.312511 0.674691 0.0123801 0.0268512 0.0080144
7 0.71768 0.538459 0.0115833 0.019766 0.00796505
4 0.508372 0.543187 0.00747015 0.0103227 0.00790876
6 0.470723 0.437383 0.00581238 0.0128015 0.00787405
8 0.991553 0.769407 0.0110101 0.0371732 0.00785213
0 0.43913 0.459503 0.00857098 0.0124139 0.00751008
1 0.401715 0.541162 0.00927524 0.018364 0.00746266
7 0.199654 0.646632 0.0201717 0.0502935 0.00743714
1 0.886587 0.638127 0.0102136 0.0184528 0.00737942
22 0.408481 0.51852 0.00806702 0.0257543 0.00736949
0 0.307295 0.673868 0.010781 0.0279185 0.00735522
5 0.301395 0.677193 0.00987741 0.025794 0.00733711
4 0.169082 0.571288 0.00998946 0.0121425 0.00732771
2 0.889035 0.675489 0.00820648 0.0241145 0.00725446
1 0.534926 0.718239 0.0201982 0.0281945 0.00719803
1 0.826433 0.659762 0.00962695 0.0225453 0.00719619
8 0.238592 0.619542 0.00997148 0.0145495 0.00709922
4 0.881954 0.641037 0.010429 0.0121164 0.00702569
6 0.363109 0.582265 0.0163589 0.0368745 0.00702148
24 0.162446 0.718165 0.0572863 0.0424419 0.00698872
7 0.427047 0.531435 0.00786505 0.00903371 0.00690135
4 0.397844 0.486742 0.016683 0.025857 0.00687939
7 0.704815 0.555387 0.0084538 0.031524 0.00687599
6 0.46059 0.476722 0.0180244 0.0146702 0.00687046
4 0.280284 0.42317 0.0105158 0.0129262 0.00681084
1 0.890075 0.637732 0.00886713 0.0198994 0.00679267
4 0.515527 0.510445 0.00826306 0.0231955 0.0067838
1 0.427047 0.531435 0.00786505 0.00903371 0.00672859
