1 0.426928 0.0883229 0.0709159 0.122067 0.0224248
2 0.614395 0.0486015 0.0166238 0.0318279 0.0220275
10 0.333197 0.53157 0.0118237 0.0571039 0.0202218
10 0.324266 0.527825 0.0191257 0.0529964 0.013475
26 0.253088 0.408832 0.0385795 0.16617 0.0123149
10 0.253088 0.408832 0.0385795 0.16617 0.0109997
2 0.674176 0.0895875 0.0161978 0.0323251 0.00680325
18 0.929816 0.670354 0.125753 0.124274 0.00608103
2 0.611546 0.0519284 0.0122134 0.0307739 0.00604399
10 0.356533 0.529559 0.0128107 0.0461275 0.0056853
2 0.822553 0.0591694 0.0102902 0.018326 0.00519336
10 0.3469 0.536486 0.0120406 0.036292 0.00455036
10 0.372645 0.476525 0.0313291 0.092453 0.0030843
10 0.376132 0.517526 0.0256989 0.0588877 0.00287433
10 0.343567 0.543524 0.0127911 0.0561913 0.00264098
2 0.669647 0.0590161 0.0264089 0.0782266 0.00257931
2 0.625933 0.0444318 0.0399541 0.0424204 0.00257731
10 0.54197 0.850199 0.016595 0.0410133 0.00238145
2 0.669663 0.0877554 0.022183 0.0495134 0.00227018
2 0.715928 0.0465073 0.0152585 0.0191481 0.00211465
2 0.442953 0.152024 0.0229398 0.0257764 0.00207267
2 0.706486 0.00611816 0.0188414 0.0122363 0.00204341
2 0.541756 0.848476 0.0162894 0.0364258 0.00202158
2 0.573676 0.0502913 0.0220167 0.0154309 0.00177725
2 0.453702 0.156369 0.0131733 0.0321037 0.00174491
2 0.473683 0.101926 0.017639 0.031866 0.00172265
2 0.427175 0.0866699 0.069441 0.121081 0.0017209
30 0.973944 0.0172593 0.0506485 0.0300716 0.00156702
2 0.669475 0.0544878 0.0248361 0.0459984 0.00142024
7 0.427175 0.0866699 0.069441 0.121081 0.00141113
2 0.478417 0.0988847 0.0232752 0.0401029 0.00140977
2 0.71364 0.0226864 0.0190399 0.0243442 0.00136917
2 0.467603 0.0934521 0.00815259 0.022721 0.00130399
25 0.0878963 0.406076 0.169954 0.743906 0.00129348
2 0.229135 0.0665869 0.00785283 0.0175229 0.00123575
2 0.670522 0.0381667 0.0255361 0.0562027 0.0011697
26 0.230432 0.457312 0.0152226 0.0857173 0.0011315
2 0.45283 0.173243 0.0134239 0.0259606 0.00104534
2 0.640056 0.00440559 0.0132209 0.00881119 0.00100434
