4 0.117773 0.827731 0.234842 0.312836 0.950436
4 0.282155 0.7821 0.166631 0.22293 0.944828
4 0.534669 0.793223 0.105326 0.134556 0.9338
4 0.387097 0.795495 0.0800405 0.140536 0.891118
4 0.438713 0.792049 0.0742145 0.108733 0.867232
1 0.980356 0.492967 0.0366748 0.354195 0.828743
0 0.6143 0.779911 0.0349287 0.0980997 0.821317
4 0.449434 0.774868 0.0757499 0.103406 0.798898
7 0.593946 0.627475 0.013831 0.0190244 0.77814
0 0.638973 0.775271 0.0272096 0.0937996 0.758021
4 0.676622 0.77154 0.0590768 0.0577257 0.742254
8 0.616186 0.813677 0.037423 0.089196 0.717476
7 0.569091 0.626108 0.00920221 0.0356063 0.712151
4 0.586686 0.790553 0.0323383 0.0977061 0.680361
7 0.11109 0.616834 0.0120132 0.0354527 0.590613
2 0.622923 0.460789 0.01009 0.0200228 0.472833
7 0.606105 0.7151 0.00603302 0.0163564 0.470109
2 0.552732 0.461471 0.0121865 0.0169177 0.460357
2 0.585383 0.462517 0.00998621 0.0168298 0.402719
2 0.604405 0.465159 0.00811938 0.0175362 0.393305
2 0.477719 0.461116 0.0122734 0.0169414 0.330559
2 0.313634 0.458835 0.0105518 0.0151942 0.28784
8 0.638524 0.798747 0.0264976 0.0727159 0.277965
7 0.127179 0.622838 0.0154474 0.0311642 0.251401
2 0.446486 0.462075 0.00920337 0.0160318 0.230294
2 0.418012 0.459634 0.0114591 0.0166848 0.220045
1 0.708856 0.673279 0.0174099 0.0435777 0.195321
7 0.13039 0.629105 0.0198547 0.035097 0.15394
7 0.484323 0.691664 0.00926636 0.0131399 0.143728
1 0.484323 0.691664 0.00926636 0.0131399 0.140784
7 0.45677 0.698849 0.00634256 0.0222668 0.126278
2 0.310596 0.459602 0.00996906 0.0162028 0.117539
4 0.191225 0.715131 0.0481799 0.0615169 0.111026
4 0.640456 0.774789 0.0244611 0.0721041 0.102695
7 0.497429 0.690282 0.00882993 0.0220446 0.101292
2 0.587908 0.464376 0.012587 0.0188043 0.0959082
7 0.123353 0.619934 0.0246481 0.0362921 0.0955382
4 0.489363 0.773678 0.0142 0.0381034 0.0851015
7 0.61721 0.720808 0.00775024 0.0146939 0.0694089
4 0.479512 0.77606 0.0189702 0.0907897 0.0613861
14 0.692574 0.787504 0.0242018 0.0516286 0.0600062
2 0.726992 0.68305 0.0143495 0.0156393 0.0509272
8 0.586859 0.795078 0.0323834 0.101583 0.0485336
13 0.638753 0.771774 0.0246693 0.0852026 0.0465347
2 0.313462 0.463357 0.01117 0.0227317 0.043383
7 0.607929 0.71625 0.00909979 0.0212607 0.0424977
7 0.670311 0.724237 0.00751398 0.0158101 0.0423288
2 0.602164 0.46321 0.010805 0.0170482 0.0397496
2 0.653789 0.522484 0.00755719 0.0140679 0.0386089
15 0.190476 0.718554 0.046514 0.0621181 0.0362668
4 0.46873 0.783198 0.0409532 0.0911597 0.0357269
4 0.566189 0.731738 0.0163602 0.0182099 0.0339233
2 0.309481 0.466712 0.0105462 0.0170498 0.033
1 0.497214 0.692684 0.00818457 0.015136 0.0311024
4 0.606276 0.77223 0.0255696 0.0587606 0.0299716
2 0.653566 0.518757 0.00747217 0.0166206 0.0291316
4 0.407274 0.735381 0.0165094 0.00913096 0.0276159
8 0.631399 0.807754 0.0425165 0.0962422 0.027084
7 0.606632 0.71003 0.00643433 0.0255936 0.0270375
4 0.656083 0.764637 0.017451 0.0399944 0.0268543
4 0.444623 0.742944 0.0625804 0.038574 0.0258416
0 0.692302 0.788159 0.0243024 0.049614 0.0240308
3 0.639369 0.795318 0.0277533 0.0763358 0.0231865
14 0.680069 0.776489 0.0512312 0.0670358 0.0225856
4 0.652933 0.770704 0.0195599 0.049634 0.0209354
4 0.613944 0.782681 0.0356434 0.0997899 0.020816
2 0.312633 0.454211 0.00942621 0.0189178 0.0207663
4 0.549421 0.730203 0.0278344 0.0156184 0.0207438
4 0.693496 0.762571 0.0265892 0.0368926 0.0207162
7 0.500378 0.69139 0.0107823 0.0259026 0.0199682
7 0.118239 0.622606 0.019276 0.0458078 0.0196361
1 0.709223 0.683296 0.0168831 0.030369 0.0170618
1 0.45677 0.698849 0.00634256 0.0222668 0.0169921
0 0.607929 0.71625 0.00909979 0.0212607 0.0160386
1 0.507642 0.716398 0.0122344 0.0247821 0.0153958
4 0.426407 0.731103 0.0300928 0.0134755 0.0130522
7 0.136567 0.627863 0.0155573 0.0195104 0.012209
1 0.076943 0.647346 0.0109718 0.0216364 0.0121513
1 0.61721 0.720808 0.00775024 0.0146939 0.0121289
7 0.137862 0.636815 0.0123141 0.0291162 0.0120093
8 0.601708 0.802768 0.0408298 0.0976544 0.0118486
4 0.194182 0.722484 0.0334331 0.0641603 0.011757
2 0.720807 0.619935 0.00841376 0.0141207 0.0113425
6 0.507642 0.716398 0.0122344 0.0247821 0.0111369
2 0.733753 0.649034 0.0127397 0.0178229 0.01063
4 0.693155 0.77794 0.0272723 0.0667145 0.0104712
7 0.597129 0.716097 0.0158282 0.0118306 0.0103915
6 0.190476 0.718554 0.046514 0.0621181 0.0103849
2 0.709017 0.671772 0.0168657 0.0402509 0.0102399
7 0.628838 0.629571 0.0133163 0.0173056 0.0100332
2 0.733566 0.653919 0.0135657 0.0191863 0.00900457
1 0.191006 0.717393 0.0474889 0.0611015 0.00889564
13 0.614174 0.772362 0.0231964 0.082942 0.00883621
4 0.567522 0.724735 0.01728 0.0178869 0.00870464
1 0.670311 0.724237 0.00751398 0.0158101 0.00851179
1 0.11109 0.616834 0.0120132 0.0354527 0.00840578
0 0.606276 0.77223 0.0255696 0.0587606 0.00835041
1 0.484493 0.698623 0.00885165 0.0211952 0.00822121
2 0.883504 0.289227 0.0157263 0.0229324 0.00805082
4 0.177076 0.708119 0.0251688 0.037666 0.0079946
2 0.830634 0.394486 0.0176446 0.0239244 0.00793394
7 0.6213 0.69827 0.00865045 0.0109303 0.00785708
8 0.692302 0.788159 0.0243024 0.049614 0.00734291
4 0.411556 0.756242 0.0203075 0.0293127 0.00719895
2 0.845377 0.397442 0.0167924 0.0249358 0.00710369
1 0.068493 0.645219 0.0250077 0.0230919 0.00698751
1 0.497222 0.719104 0.0104584 0.0186202 0.00686696
0 0.680069 0.776489 0.0512312 0.0670358 0.00684425
1 0.607929 0.71625 0.00909979 0.0212607 0.00662398
4 0.382336 0.732534 0.0349987 0.0124023 0.00656767
0 0.652933 0.770704 0.0195599 0.049634 0.00623164
2 0.522452 0.665103 0.00946668 0.00983096 0.00617842
4 0.575638 0.736488 0.0138154 0.0163234 0.00603941
17 0.638753 0.771774 0.0246693 0.0852026 0.00602464
0 0.612156 0.8147 0.0368187 0.0826828 0.00589469
2 0.737161 0.682364 0.0125781 0.0151001 0.00549861
2 0.729361 0.618204 0.00987463 0.0122602 0.00544031
2 0.730035 0.609829 0.0155173 0.0187534 0.00540966
4 0.171395 0.695514 0.0134542 0.0138431 0.00524975
1 0.606105 0.7151 0.00603302 0.0163564 0.00524577
2 0.312785 0.473034 0.008017 0.0209652 0.00511669
0 0.614174 0.772362 0.0231964 0.082942 0.00506098
1 0.459104 0.725678 0.0139891 0.0647393 0.00503566
6 0.514418 0.717011 0.0221821 0.0219418 0.00496676
2 0.95541 0.336838 0.0141082 0.0187726 0.00493026
8 0.655447 0.777014 0.0173782 0.0359301 0.0049207
4 0.446225 0.719901 0.0110061 0.00998403 0.00485644
1 0.467171 0.69902 0.0235364 0.0166818 0.0048242
5 0.586859 0.795078 0.0323834 0.101583 0.00481325
2 0.8556 0.399321 0.0148875 0.0188864 0.00474438
1 0.593267 0.627792 0.0141734 0.0186086 0.00448801
1 0.13039 0.629105 0.0198547 0.035097 0.00441846
7 0.625935 0.690901 0.0100822 0.0164046 0.00439922
4 0.48896 0.779732 0.018225 0.0866145 0.00438807
7 0.441796 0.703427 0.0112119 0.0198531 0.00426777
4 0.926946 0.732475 0.075075 0.0590965 0.00418162
7 0.522452 0.665103 0.00946668 0.00983096 0.00413871
2 0.585417 0.470109 0.0102584 0.0270301 0.00413622
7 0.587929 0.703419 0.0131908 0.0216242 0.00396662
7 0.0861161 0.634662 0.0253419 0.0196167 0.00396092
4 0.559382 0.724522 0.0140631 0.0165487 0.00393659
7 0.076943 0.647346 0.0109718 0.0216364 0.00375145
6 0.566189 0.731738 0.0163602 0.0182099 0.00361765
0 0.585998 0.792259 0.0338795 0.100209 0.00358345
4 0.612156 0.8147 0.0368187 0.0826828 0.00355873
1 0.577185 0.717619 0.00920233 0.0162053 0.00351106
8 0.606276 0.77223 0.0255696 0.0587606 0.00350089
1 0.500378 0.69139 0.0107823 0.0259026 0.00348302
2 0.00858151 0.588284 0.013232 0.0236989 0.00347593
22 0.593946 0.627475 0.013831 0.0190244 0.00344462
4 0.560219 0.76552 0.0557753 0.0769855 0.00339047
18 0.692574 0.787504 0.0242018 0.0516286 0.0033083
14 0.982066 0.844299 0.0325764 0.19865 0.00328427
4 0.495913 0.778484 0.0321846 0.0841353 0.00327314
7 0.456846 0.689816 0.00627594 0.0216799 0.00326383
1 0.983916 0.346292 0.0287885 0.063152 0.00322528
1 0.583095 0.703586 0.00850952 0.0199489 0.00315762
15 0.566189 0.731738 0.0163602 0.0182099 0.0031483
14 0.70359 0.790011 0.0326635 0.0458095 0.00311962
1 0.0763801 0.662688 0.0119766 0.0121108 0.00311428
0 0.66977 0.726482 0.00739746 0.021382 0.003113
7 0.628989 0.602749 0.0141913 0.0181276 0.00310596
1 0.127179 0.622838 0.0154474 0.0311642 0.0030419
8 0.645121 0.788565 0.0301789 0.0634359 0.00298525
1 0.432067 0.698501 0.0161885 0.0208025 0.00297814
3 0.612156 0.8147 0.0368187 0.0826828 0.00289142
17 0.614174 0.772362 0.0231964 0.082942 0.00286851
4 0.420446 0.760404 0.0395115 0.0448412 0.00279175
4 0.477354 0.790189 0.0237651 0.0850854 0.00273811
7 0.602164 0.46321 0.010805 0.0170482 0.00266151
1 0.567522 0.724735 0.01728 0.0178869 0.00263191
1 0.123353 0.619934 0.0246481 0.0362921 0.00261918
2 0.475408 0.463435 0.0151867 0.0222782 0.00258777
6 0.549421 0.730203 0.0278344 0.0156184 0.00251767
2 0.525324 0.664887 0.0109453 0.00927707 0.00251546
1 0.102761 0.659873 0.00829299 0.0141676 0.00245743
2 0.833941 0.391046 0.0238794 0.0251661 0.00245742
7 0.102761 0.659873 0.00829299 0.0141676 0.00237007
15 0.549421 0.730203 0.0278344 0.0156184 0.00236372
1 0.171395 0.695514 0.0134542 0.0138431 0.00231082
0 0.656083 0.764637 0.017451 0.0399944 0.00229115
7 0.659393 0.727267 0.0117634 0.0236479 0.00228369
1 0.514418 0.717011 0.0221821 0.0219418 0.00226948
2 0.417265 0.45471 0.0119223 0.0219011 0.00218854
1 0.167399 0.686836 0.0102042 0.0162393 0.0021822
0 0.606035 0.734806 0.0163472 0.0176932 0.0021351
2 0.606322 0.469907 0.0136536 0.028993 0.00212449
2 0.737235 0.655509 0.0120635 0.0180032 0.00211963
2 0.127179 0.622838 0.0154474 0.0311642 0.00208832
7 0.525324 0.664887 0.0109453 0.00927707 0.00201802
4 0.655447 0.777014 0.0173782 0.0359301 0.00200422
6 0.497222 0.719104 0.0104584 0.0186202 0.00199379
5 0.612156 0.8147 0.0368187 0.0826828 0.00198157
4 0.16503 0.692057 0.023466 0.0185115 0.00197916
4 0.898663 0.729346 0.135744 0.0512718 0.00194905
2 0.449132 0.464136 0.0141964 0.0192769 0.00193239
22 0.11109 0.616834 0.0120132 0.0354527 0.00189644
6 0.484323 0.691664 0.00926636 0.0131399 0.00189507
4 0.0127119 0.683697 0.0238923 0.0163314 0.00189373
4 0.374638 0.732516 0.0506077 0.0144146 0.00187959
3 0.692302 0.788159 0.0243024 0.049614 0.00186875
7 0.218941 0.598382 0.00684566 0.0158557 0.00184809
3 0.631399 0.807754 0.0425165 0.0962422 0.0018312
2 0.852883 0.356353 0.0193495 0.0326732 0.00178972
2 0.738023 0.619354 0.011079 0.01342 0.00176822
3 0.655447 0.777014 0.0173782 0.0359301 0.00176279
12 0.190476 0.718554 0.046514 0.0621181 0.00175641
4 0.194133 0.739534 0.0250835 0.0436549 0.00175069
1 0.474799 0.720328 0.0191971 0.0122445 0.00172181
6 0.497429 0.690282 0.00882993 0.0220446 0.00171215
7 0.583095 0.703586 0.00850952 0.0199489 0.00171052
7 0.577185 0.717619 0.00920233 0.0162053 0.001705
1 0.436339 0.710844 0.0160679 0.014813 0.00169826
6 0.426407 0.731103 0.0300928 0.0134755 0.00165949
2 0.862931 0.398476 0.0168198 0.0188162 0.00165135
1 0.522452 0.665103 0.00946668 0.00983096 0.00163576
5 0.190476 0.718554 0.046514 0.0621181 0.0016192
4 0.563615 0.785114 0.0510447 0.109537 0.00159498
1 0.00858151 0.588284 0.013232 0.0236989 0.00159085
2 0.594495 0.624154 0.0132131 0.0237959 0.00155976
2 0.71728 0.647806 0.00829944 0.0147948 0.00155485
3 0.645121 0.788565 0.0301789 0.0634359 0.00155194
2 0.860886 0.401492 0.0183744 0.0197938 0.00153359
6 0.444623 0.742944 0.0625804 0.038574 0.00146534
2 0.721241 0.613048 0.0107374 0.0204323 0.00146381
7 0.432067 0.698501 0.0161885 0.0208025 0.00143028
4 0.536155 0.732699 0.028169 0.0140287 0.00141135
8 0.680069 0.776489 0.0512312 0.0670358 0.00140742
2 0.670311 0.724237 0.00751398 0.0158101 0.00140188
2 0.730495 0.687522 0.014267 0.0226814 0.00139949
13 0.606035 0.734806 0.0163472 0.0176932 0.00139198
7 0.981474 0.49239 0.0370518 0.353955 0.0013876
4 0.423691 0.78604 0.047292 0.0931156 0.00137376
7 0.189801 0.708941 0.0416312 0.0429842 0.00136473
7 0.100073 0.621054 0.0178571 0.0292054 0.00136154
2 0.136567 0.627863 0.0155573 0.0195104 0.00135676
2 0.859948 0.366315 0.012188 0.0205455 0.00135525
4 0.546475 0.724273 0.0275725 0.016452 0.00135261
1 0.632095 0.726602 0.012929 0.0256176 0.00135208
7 0.653789 0.522484 0.00755719 0.0140679 0.00135182
2 0.743626 0.549205 0.0133529 0.0197269 0.00132649
15 0.567522 0.724735 0.01728 0.0178869 0.00130673
30 0.477719 0.461116 0.0122734 0.0169414 0.00130558
2 0.869012 0.358102 0.0136559 0.0284676 0.00130343
1 0.477719 0.461116 0.0122734 0.0169414 0.00129657
7 0.167399 0.686836 0.0102042 0.0162393 0.00129493
4 0.431101 0.723566 0.0329839 0.0149274 0.00129219
30 0.418012 0.459634 0.0114591 0.0166848 0.00127563
8 0.639205 0.775112 0.0266273 0.0980635 0.00126726
1 0.703831 0.672697 0.0241117 0.0440104 0.00126303
13 0.632095 0.726602 0.012929 0.0256176 0.00126176
4 0.413874 0.768291 0.025963 0.0515537 0.00125328
4 0.959608 0.795972 0.0716736 0.160343 0.00123348
7 0.467171 0.69902 0.0235364 0.0166818 0.00123014
2 0.484323 0.691664 0.00926636 0.0131399 0.00122264
1 0.614899 0.815492 0.0344327 0.0858574 0.0012026
2 0.737284 0.647868 0.0121986 0.0184483 0.00120015
2 0.42282 0.46111 0.0186209 0.0159734 0.0011812
6 0.474799 0.720328 0.0191971 0.0122445 0.00118092
6 0.567522 0.724735 0.01728 0.0178869 0.00117052
15 0.177076 0.708119 0.0251688 0.037666 0.00116526
2 0.280622 0.564239 0.00924222 0.00941283 0.00114882
2 0.11109 0.616834 0.0120132 0.0354527 0.00113369
0 0.487846 0.77109 0.0147641 0.038134 0.00113105
4 0.638524 0.798747 0.0264976 0.0727159 0.00112788
3 0.606276 0.77223 0.0255696 0.0587606 0.00112553
4 0.590361 0.749426 0.0144247 0.0322726 0.00112321
2 0.218941 0.598382 0.00684566 0.0158557 0.00112051
13 0.61721 0.720808 0.00775024 0.0146939 0.00111875
7 0.67347 0.72489 0.0154434 0.0184013 0.00110958
0 0.698079 0.784075 0.0337735 0.0580517 0.00110874
14 0.679367 0.784268 0.0350604 0.0602763 0.00110628
0 0.0153172 0.680131 0.0181167 0.0154738 0.00109018
1 0.441796 0.703427 0.0112119 0.0198531 0.0010882
7 0.497222 0.719104 0.0104584 0.0186202 0.00108774
7 0.553843 0.462012 0.0132012 0.0184426 0.0010869
22 0.607929 0.71625 0.00909979 0.0212607 0.0010719
7 0.513833 0.699868 0.0139847 0.0159089 0.00107122
7 0.627681 0.657059 0.011482 0.0193298 0.00106448
7 0.632095 0.726602 0.012929 0.0256176 0.00106094
2 0.303274 0.562247 0.0102983 0.0124412 0.00104966
4 0.167399 0.686836 0.0102042 0.0162393 0.00104698
7 0.611242 0.62774 0.0266988 0.014371 0.00103931
4 0.4675 0.7216 0.0176826 0.0126967 0.0010351
5 0.680069 0.776489 0.0512312 0.0670358 0.00103192
2 0.550452 0.463563 0.0155018 0.0222415 0.00102575
0 0.659043 0.737742 0.0144742 0.0201612 0.00101957
1 0.525324 0.664887 0.0109453 0.00927707 0.00101835
2 0.910966 0.360601 0.0187745 0.0314307 0.00101721
22 0.497125 0.690179 0.00818799 0.0229118 0.00101448
2 0.840109 0.39134 0.028567 0.0269667 0.00101239
6 0.584774 0.793112 0.0351189 0.104123 0.00100554
