0 0.558326 0.343388 0.0746487 0.228495 0.874786
8 0.559054 0.416234 0.122272 0.19281 0.868597
1 0.848944 0.120112 0.0312061 0.136928 0.834904
6 0.88749 0.260287 0.224227 0.520573 0.825604
4 0.317737 0.289507 0.0661209 0.0315546 0.737629
2 0.327922 0.124049 0.00817459 0.0187912 0.478071
13 0.551797 0.245431 0.0252326 0.0294743 0.451151
2 0.370136 0.119015 0.00980911 0.0171045 0.408131
2 0.328023 0.119663 0.00886429 0.0176485 0.349744
0 0.382336 0.280968 0.0140638 0.0263526 0.275102
6 0.227407 0.263412 0.0629023 0.0395959 0.250086
4 0.0773577 0.267812 0.0351963 0.0206293 0.215519
2 0.696248 0.0429925 0.0103033 0.0164463 0.187278
2 0.8047 0.071731 0.0159359 0.0247198 0.183587
17 0.551797 0.245431 0.0252326 0.0294743 0.177538
4 0.823795 0.312682 0.0936356 0.102778 0.152267
4 0.243789 0.282345 0.0444776 0.0156673 0.118673
14 0.0473582 0.31047 0.00912912 0.0407059 0.0914636
7 0.743971 0.0111385 0.0305565 0.022277 0.0784434
2 0.802761 0.0774789 0.013945 0.0254749 0.0635752
4 0.156836 0.27172 0.0535201 0.0210901 0.0592502
4 0.355279 0.287499 0.0235291 0.0256749 0.0552328
4 0.369957 0.284356 0.0450183 0.0252699 0.0551696
2 0.818101 0.0716855 0.0132877 0.019551 0.0551381
2 0.366455 0.118151 0.0116798 0.0176303 0.0500116
8 0.563235 0.368351 0.116333 0.100331 0.0488592
0 0.0473582 0.31047 0.00912912 0.0407059 0.0482171
15 0.936326 0.156387 0.126502 0.304529 0.0477614
1 0.880939 0.103974 0.0164982 0.0644082 0.0475375
4 0.85563 0.239303 0.0207321 0.0219397 0.0455545
2 0.3321 0.118911 0.0123774 0.014509 0.0451064
7 0.77789 0.0199938 0.0119978 0.0392323 0.0435835
1 0.880449 0.116647 0.0200649 0.0910004 0.0417864
4 0.22859 0.280528 0.0669229 0.0180422 0.040224
7 0.777189 0.011436 0.0131025 0.022872 0.0378323
4 0.0723391 0.266002 0.0448797 0.0309733 0.0356356
8 0.0473582 0.31047 0.00912912 0.0407059 0.0337921
1 0.74451 0.0118721 0.0346527 0.0237146 0.0332855
9 0.580506 0.384101 0.0380496 0.11598 0.0320335
4 0.0537317 0.305215 0.0224624 0.032114 0.0313297
4 0.226996 0.265323 0.0648179 0.0385921 0.0272751
2 0.695936 0.0311585 0.0128259 0.025485 0.0262156
2 0.799369 0.0727861 0.0121735 0.0229863 0.0253942
4 0.0589401 0.299823 0.0305757 0.0252719 0.0242896
2 0.764582 0.00695973 0.009857 0.0139195 0.0234492
15 0.0777008 0.265174 0.0334805 0.0213586 0.0230145
14 0.382336 0.280968 0.0140638 0.0263526 0.0227025
4 0.874828 0.252164 0.0301563 0.0268842 0.0227004
4 0.563235 0.368351 0.116333 0.100331 0.0221997
4 0.86148 0.255292 0.027919 0.0335162 0.0221179
4 0.0472408 0.299815 0.0101788 0.0236997 0.0213738
4 0.84697 0.239768 0.0399158 0.0311341 0.0213308
13 0.602307 0.385857 0.0407005 0.0658238 0.0204102
4 0.382336 0.280968 0.0140638 0.0263526 0.0199159
2 0.798507 0.0852762 0.0102803 0.0263858 0.01824
7 0.792812 0.0234755 0.0205289 0.046951 0.017951
13 0.509948 0.381305 0.0123682 0.0212504 0.017566
2 0.346474 0.119107 0.0111489 0.0179697 0.0175403
7 0.819451 0.225634 0.00987018 0.0255887 0.0164942
0 0.0472408 0.299815 0.0101788 0.0236997 0.015772
4 0.172457 0.272431 0.0807518 0.0230563 0.014801
13 0.552935 0.236665 0.0278795 0.0357255 0.0138935
4 0.872997 0.262488 0.0389292 0.0440283 0.0138426
4 0.559086 0.34106 0.0758362 0.221495 0.0136022
14 0.0472408 0.299815 0.0101788 0.0236997 0.0135876
2 0.286061 0.089972 0.0112984 0.0153849 0.013498
2 0.28865 0.0921186 0.0110449 0.013797 0.0132606
4 0.0765838 0.277828 0.0384472 0.0323703 0.0132582
2 0.374294 0.118204 0.0140255 0.0151967 0.0127946
1 0.22098 0.256205 0.0483377 0.0259909 0.0121615
2 0.357508 0.110316 0.0155576 0.0253788 0.0121189
9 0.557835 0.296695 0.0192875 0.0500658 0.0117753
4 0.856531 0.231777 0.0245363 0.0273615 0.0114752
0 0.0133923 0.299221 0.0106326 0.0282095 0.0114052
0 0.355279 0.287499 0.0235291 0.0256749 0.0110694
6 0.196204 0.264916 0.0515755 0.0346533 0.0110612
1 0.819451 0.225634 0.00987018 0.0255887 0.0108652
0 0.0136515 0.307151 0.0104334 0.0310389 0.0107623
12 0.227676 0.262491 0.0619997 0.0371852 0.0105782
4 0.855228 0.263525 0.0322502 0.0210754 0.0103154
14 0.0133923 0.299221 0.0106326 0.0282095 0.0101836
8 0.355279 0.287499 0.0235291 0.0256749 0.0100014
2 0.77789 0.0199938 0.0119978 0.0392323 0.0098373
4 0.84117 0.278321 0.0534983 0.0376261 0.00981331
4 0.230799 0.272549 0.0626968 0.0275965 0.00961659
2 0.353116 0.131393 0.0107209 0.0396396 0.00947485
2 0.0454543 0.179747 0.0101446 0.0213451 0.0094105
6 0.195191 0.267632 0.12865 0.0375598 0.00938502
4 0.379083 0.285599 0.0209387 0.0305097 0.00902462
2 0.817098 0.0778999 0.011508 0.024278 0.00898633
4 0.141116 0.271191 0.0495364 0.0188088 0.00871245
2 0.34789 0.124178 0.0122914 0.0249657 0.0086382
4 0.0877393 0.272755 0.0326156 0.0187702 0.00859537
4 0.366281 0.280779 0.0751934 0.0230655 0.00858134
2 0.8122 0.0210615 0.023204 0.0263163 0.00844525
4 0.824382 0.356068 0.0963722 0.193622 0.00841576
13 0.593781 0.376646 0.0565762 0.0862788 0.00839963
1 0.71007 0.103337 0.0170042 0.0753089 0.00831079
2 0.392771 0.170898 0.0115764 0.0176113 0.00823514
2 0.395214 0.165813 0.0089097 0.0206348 0.00814898
23 0.0136515 0.307151 0.0104334 0.0310389 0.0080484
2 0.810121 0.0273361 0.019397 0.0230682 0.00801409
2 0.702296 0.0789455 0.0199875 0.0973467 0.00799359
4 0.824731 0.291451 0.089476 0.0583919 0.00781489
13 0.512968 0.384712 0.0186424 0.0287227 0.00762305
14 0.121746 0.305998 0.00737482 0.0185098 0.00755694
4 0.633466 0.307358 0.0557689 0.0257859 0.00746831
1 0.382129 0.278567 0.0147325 0.0287827 0.00745267
5 0.382336 0.280968 0.0140638 0.0263526 0.00738916
4 0.850602 0.282937 0.0334839 0.041276 0.00721678
14 0.0136515 0.307151 0.0104334 0.0310389 0.00719863
4 0.0473582 0.31047 0.00912912 0.0407059 0.00716629
1 0.253906 0.20314 0.0240314 0.0304571 0.00708331
2 0.323344 0.11892 0.0107686 0.0186635 0.00702458
4 0.23931 0.288694 0.0586809 0.0255332 0.00694872
6 0.0777008 0.265174 0.0334805 0.0213586 0.00686509
4 0.160123 0.276886 0.050572 0.0245944 0.00685745
23 0.0473582 0.31047 0.00912912 0.0407059 0.00670215
0 0.384325 0.281966 0.0203591 0.0205885 0.00669478
2 0.880787 0.104526 0.0170307 0.0643363 0.00653132
6 0.156519 0.27229 0.0502682 0.0251134 0.0065216
6 0.172457 0.272431 0.0807518 0.0230563 0.00640212
14 0.0537317 0.305215 0.0224624 0.032114 0.00629084
4 0.37533 0.279976 0.040652 0.0314563 0.0062782
2 0.764349 0.0157042 0.0132805 0.0205799 0.0060237
7 0.0463604 0.190381 0.0122098 0.0460473 0.00599387
0 0.578496 0.29018 0.0138248 0.0286058 0.00593968
7 0.880787 0.104526 0.0170307 0.0643363 0.00577089
1 0.225065 0.262021 0.0573036 0.034256 0.00576997
4 0.868085 0.273178 0.0227108 0.0641095 0.00575125
1 0.807025 0.0724681 0.0178777 0.0252417 0.00572879
4 0.867772 0.225699 0.0287247 0.034791 0.0055901
3 0.0471808 0.313833 0.00978327 0.0436152 0.00548776
4 0.721241 0.285266 0.0265347 0.01894 0.00543104
6 0.240493 0.28147 0.0452786 0.0162683 0.00539374
15 0.0723391 0.266002 0.0448797 0.0309733 0.00537424
13 0.50985 0.38888 0.0158707 0.0379039 0.00529662
8 0.599144 0.378993 0.0461825 0.0827411 0.00523004
22 0.0136515 0.307151 0.0104334 0.0310389 0.00521953
0 0.369957 0.284356 0.0450183 0.0252699 0.00521262
8 0.379083 0.285599 0.0209387 0.0305097 0.00510491
8 0.0537317 0.305215 0.0224624 0.032114 0.00508199
15 0.22776 0.262537 0.0636642 0.0392239 0.00500971
1 0.898422 0.0192519 0.0398213 0.0292117 0.00488654
7 0.0503773 0.188671 0.0136945 0.0461274 0.00486727
4 0.013801 0.296014 0.0114079 0.0201332 0.00474068
7 0.35638 0.0845756 0.0145212 0.0467219 0.00472564
4 0.639701 0.29817 0.0225442 0.0227586 0.00472407
4 0.876138 0.225639 0.0151165 0.0313488 0.00461996
8 0.0472408 0.299815 0.0101788 0.0236997 0.00455051
4 0.384325 0.281966 0.0203591 0.0205885 0.00454379
7 0.0454543 0.179747 0.0101446 0.0213451 0.00454225
7 0.0535059 0.193885 0.0114793 0.0548085 0.00446399
1 0.0777008 0.265174 0.0334805 0.0213586 0.00441046
4 0.0688813 0.282907 0.035377 0.0405808 0.00440604
0 0.379083 0.285599 0.0209387 0.0305097 0.00427201
4 0.806085 0.269642 0.0344921 0.0327426 0.00422085
2 0.692348 0.0369869 0.0127119 0.0186038 0.00420723
7 0.764349 0.0157042 0.0132805 0.0205799 0.00419582
11 0.591638 0.373723 0.0590544 0.098547 0.0041311
4 0.645911 0.297313 0.0274683 0.0239864 0.00410988
2 0.0644031 0.205513 0.00989475 0.016212 0.00408901
15 0.156519 0.27229 0.0502682 0.0251134 0.00404385
6 0.22859 0.280528 0.0669229 0.0180422 0.00403271
8 0.382336 0.280968 0.0140638 0.0263526 0.00401144
13 0.517508 0.393808 0.0294269 0.04666 0.00398989
9 0.591103 0.374057 0.0614344 0.103083 0.00392247
1 0.68184 0.223216 0.00911737 0.0206449 0.00391975
4 0.0435113 0.300388 0.0171603 0.0262916 0.00385991
11 0.580506 0.384101 0.0380496 0.11598 0.00385621
4 0.104294 0.270434 0.0232562 0.0146008 0.00377695
2 0.374962 0.124049 0.0128098 0.0189385 0.00373109
11 0.533232 0.313811 0.0229677 0.0656029 0.00372198
11 0.581126 0.33157 0.0338669 0.0284343 0.00367334
5 0.563235 0.368351 0.116333 0.100331 0.0036669
2 0.892965 0.0631962 0.020422 0.0186247 0.00356931
0 0.566364 0.292862 0.0174885 0.0376343 0.00354679
6 0.0723391 0.266002 0.0448797 0.0309733 0.00354531
4 0.846736 0.230623 0.0269009 0.0249995 0.00353424
2 0.719562 0.0086163 0.0118988 0.0172326 0.00346758
4 0.107982 0.265955 0.0250528 0.0237348 0.00345699
22 0.0473582 0.31047 0.00912912 0.0407059 0.00335937
3 0.558753 0.426435 0.12152 0.166427 0.00334782
4 0.0310353 0.297361 0.0112279 0.0210409 0.00333516
7 0.764582 0.00695973 0.009857 0.0139195 0.00333084
9 0.581126 0.33157 0.0338669 0.0284343 0.00332128
1 0.713835 0.101998 0.012834 0.0788759 0.00329909
4 0.00779997 0.291079 0.0140647 0.0300509 0.00329542
25 0.0773577 0.267812 0.0351963 0.0206293 0.00326127
8 0.0589401 0.299823 0.0305757 0.0252719 0.00325553
4 0.250522 0.286411 0.0408879 0.0201978 0.00320809
5 0.0589401 0.299823 0.0305757 0.0252719 0.00320419
4 0.593157 0.37326 0.0586395 0.0975642 0.00317167
2 0.352171 0.149922 0.00946378 0.0242736 0.00316805
1 0.791833 0.0203857 0.022702 0.0407714 0.00316227
15 0.0797537 0.269329 0.037832 0.0188222 0.00314998
5 0.559054 0.416234 0.122272 0.19281 0.00314744
1 0.235556 0.225847 0.0116629 0.0286852 0.00313699
8 0.64098 0.30133 0.0226305 0.0150345 0.00313288
2 0.871276 0.0510692 0.0132462 0.0220728 0.00313194
1 0.240063 0.217662 0.0102681 0.0299084 0.00311892
1 0.879614 0.12274 0.0334831 0.120302 0.0031093
2 0.357578 0.0829116 0.0137628 0.048375 0.00307391
1 0.750293 0.0188483 0.0402537 0.0337849 0.00304235
3 0.0589401 0.299823 0.0305757 0.0252719 0.00301148
23 0.0137648 0.31635 0.010252 0.0374314 0.00301072
4 0.826976 0.273848 0.0706675 0.0376429 0.00300695
4 0.558919 0.415438 0.122208 0.193185 0.00300273
0 0.00779997 0.291079 0.0140647 0.0300509 0.00297857
8 0.581126 0.33157 0.0338669 0.0284343 0.0029392
2 0.686934 0.0360945 0.0142469 0.0254685 0.00290644
1 0.0454543 0.179747 0.0101446 0.0213451 0.00290307
14 0.00413204 0.312613 0.00624481 0.0339982 0.00288324
2 0.684911 0.0200426 0.0137905 0.0248555 0.00284531
2 0.31669 0.121982 0.0209531 0.0256776 0.00282068
1 0.810121 0.0273361 0.019397 0.0230682 0.00281803
1 0.70786 0.0834226 0.0185803 0.118695 0.00281274
8 0.0435113 0.300388 0.0171603 0.0262916 0.00281187
2 0.691256 0.00762827 0.0230976 0.0152565 0.00280916
2 0.791833 0.0203857 0.022702 0.0407714 0.002782
0 0.580406 0.31693 0.0258553 0.0331997 0.00277106
42 0.382336 0.280968 0.0140638 0.0263526 0.0027622
4 0.0607453 0.282122 0.0391545 0.0236951 0.00273532
1 0.790159 0.015678 0.0306574 0.0289298 0.00273298
0 0.37533 0.279976 0.040652 0.0314563 0.00272015
6 0.85563 0.239303 0.0207321 0.0219397 0.00267088
0 0.87312 0.25288 0.0233101 0.0280631 0.00265181
2 0.533517 0.0445651 0.00820587 0.0241125 0.00263253
8 0.0133923 0.299221 0.0106326 0.0282095 0.00262147
22 0.0137648 0.31635 0.010252 0.0374314 0.00259956
4 0.602617 0.309094 0.0255167 0.0460076 0.00258667
14 0.355279 0.287499 0.0235291 0.0256749 0.00256699
7 0.880881 0.123604 0.0208023 0.118941 0.00252975
8 0.591103 0.374057 0.0614344 0.103083 0.00252355
2 0.8084 0.0364748 0.0153232 0.0255038 0.00249553
2 0.82983 0.0639848 0.0116499 0.0149215 0.00248524
0 0.85563 0.239303 0.0207321 0.0219397 0.00246318
2 0.777189 0.011436 0.0131025 0.022872 0.00240937
14 0.0589401 0.299823 0.0305757 0.0252719 0.00237651
8 0.369957 0.284356 0.0450183 0.0252699 0.00231396
7 0.71103 0.103999 0.0164293 0.0745892 0.00231316
1 0.647068 0.210421 0.047504 0.0413413 0.00230512
0 0.557835 0.296695 0.0192875 0.0500658 0.00227634
2 0.882853 0.062525 0.0293354 0.0200048 0.00224789
3 0.0435113 0.300388 0.0171603 0.0262916 0.00224421
7 0.70786 0.0834226 0.0185803 0.118695 0.00221965
4 0.981423 0.160957 0.0369363 0.0657473 0.0022109
2 0.744058 0.0121075 0.0311097 0.0242149 0.00216407
4 0.614352 0.297516 0.0241316 0.0245865 0.0021479
4 0.652352 0.313412 0.0223321 0.0250509 0.00213905
4 0.797064 0.259274 0.0116509 0.02226 0.00213759
7 0.807025 0.0724681 0.0178777 0.0252417 0.00213749
1 0.85563 0.239303 0.0207321 0.0219397 0.00213054
11 0.557835 0.296695 0.0192875 0.0500658 0.0021187
3 0.0537317 0.305215 0.0224624 0.032114 0.0021122
1 0.405406 0.20433 0.0114447 0.0135054 0.00211008
1 0.889635 0.0110808 0.020726 0.0221617 0.00210308
1 0.696248 0.0429925 0.0103033 0.0164463 0.00209397
3 0.563235 0.368351 0.116333 0.100331 0.00206299
12 0.0723391 0.266002 0.0448797 0.0309733 0.00204306
5 0.888012 0.261616 0.223426 0.521589 0.00201354
14 0.0435113 0.300388 0.0171603 0.0262916 0.00200842
4 0.518902 0.310683 0.0127916 0.0254401 0.00198627
12 0.196204 0.264916 0.0515755 0.0346533 0.00197109
4 0.00413204 0.312613 0.00624481 0.0339982 0.00196362
0 0.0435113 0.300388 0.0171603 0.0262916 0.00194791
24 0.227123 0.263092 0.062693 0.0401941 0.0019291
4 0.581126 0.33157 0.0338669 0.0284343 0.00191872
5 0.0537317 0.305215 0.0224624 0.032114 0.00191109
0 0.581126 0.33157 0.0338669 0.0284343 0.001907
9 0.382336 0.280968 0.0140638 0.0263526 0.00190384
2 0.259654 0.0606949 0.0131276 0.0177023 0.00190222
2 0.25769 0.11293 0.0134766 0.0141976 0.00189094
4 0.205935 0.280388 0.0451379 0.0175965 0.00186387
13 0.556037 0.264286 0.0333463 0.0638344 0.00185382
2 0.559717 0.1579 0.0106543 0.0170055 0.00184207
3 0.355279 0.287499 0.0235291 0.0256749 0.0018369
1 0.908643 0.0217139 0.0246725 0.0230574 0.00183223
2 0.25279 0.205689 0.0236974 0.0264983 0.00180127
4 0.58811 0.311829 0.0336964 0.0504118 0.00179053
4 0.0757085 0.290598 0.0453692 0.0310512 0.00177345
2 0.0412326 0.173607 0.0116886 0.0210756 0.00176039
1 0.313818 0.241382 0.0122376 0.01889 0.00175283
1 0.0503773 0.188671 0.0136945 0.0461274 0.00174249
17 0.557835 0.296695 0.0192875 0.0500658 0.00174212
14 0.0137648 0.31635 0.010252 0.0374314 0.00173213
13 0.581126 0.33157 0.0338669 0.0284343 0.00173122
6 0.0877393 0.272755 0.0326156 0.0187702 0.00169135
0 0.0537317 0.305215 0.0224624 0.032114 0.00168486
14 0.652456 0.328999 0.013044 0.0363888 0.00166209
4 0.652679 0.294426 0.0240551 0.0297025 0.00166034
4 0.116357 0.270299 0.0189254 0.0167652 0.00165848
1 0.352682 0.176885 0.0102115 0.0567728 0.00164702
4 0.884552 0.254688 0.0198372 0.0322337 0.00164414
7 0.0548981 0.208293 0.00985596 0.0634646 0.00164321
7 0.366455 0.118151 0.0116798 0.0176303 0.00163978
7 0.353116 0.131393 0.0107209 0.0396396 0.00162972
6 0.22098 0.256205 0.0483377 0.0259909 0.00161624
4 0.0763479 0.257095 0.0348029 0.0292001 0.00161611
2 0.848763 0.119771 0.0316354 0.134848 0.00159995
