19 0.612409 0.702364 0.765166 0.581457 0.970257
18 0.520002 0.378218 0.130862 0.100926 0.919286
31 0.0800873 0.154812 0.160175 0.309624 0.898907
18 0.97448 0.369555 0.0506813 0.328647 0.86386
18 0.214751 0.668403 0.180419 0.460519 0.849033
31 0.882247 0.0890844 0.235506 0.178021 0.844656
33 0.591435 0.759429 0.0658213 0.125478 0.289645
27 0.642594 0.798428 0.0991464 0.181992 0.263442
18 0.175105 0.904298 0.337006 0.189803 0.109637
10 0.64256 0.798805 0.0989592 0.180444 0.0728141
34 0.590065 0.760984 0.0659314 0.127906 0.0467803
17 0.642504 0.797987 0.099185 0.182503 0.0239724
39 0.590865 0.760038 0.0658325 0.126699 0.0186706
44 0.642635 0.79811 0.0988659 0.182028 0.0124644
18 0.934204 0.852246 0.13022 0.288631 0.00971913
52 0.590303 0.760447 0.066188 0.127979 0.00751609
44 0.590828 0.758656 0.0664331 0.124608 0.00663623
34 0.642902 0.797081 0.0993345 0.183661 0.00593183
18 0.882668 0.0875853 0.233529 0.174959 0.00506462
10 0.590065 0.760984 0.0659314 0.127906 0.0042841
9 0.590065 0.760984 0.0659314 0.127906 0.00405079
2 0.64302 0.798662 0.0983007 0.179499 0.00381793
18 0.178445 0.791219 0.333117 0.416398 0.0036523
45 0.642902 0.797081 0.0993345 0.183661 0.00299933
48 0.882668 0.0875853 0.233529 0.174959 0.00274127
33 0.642902 0.797081 0.0993345 0.183661 0.00256703
33 0.597034 0.728312 0.0540078 0.0672609 0.00235304
28 0.642393 0.798557 0.0995712 0.180736 0.00208421
18 0.932417 0.920422 0.133894 0.159157 0.00180822
9 0.642987 0.799615 0.100429 0.17926 0.00170503
47 0.589957 0.761445 0.0652828 0.128289 0.00165254
1 0.882247 0.0890844 0.235506 0.178021 0.00143745
18 0.289991 0.655209 0.131739 0.473662 0.00135311
