7 0.293709 0.384745 0.0511429 0.216635 0.926516
7 0.208771 0.377796 0.0515167 0.20599 0.922791
7 0.74197 0.385201 0.0603439 0.223796 0.907302
1 0.62384 0.870546 0.0687704 0.256365 0.826453
1 0.625061 0.927487 0.0666619 0.139906 0.650797
2 0.557121 0.732439 0.0229226 0.0243093 0.122802
1 0.208424 0.377814 0.0509384 0.206914 0.069329
2 0.920697 0.416169 0.0285326 0.0342014 0.0344921
2 0.812874 0.762797 0.0204235 0.0242636 0.0298692
2 0.817897 0.759417 0.028085 0.0271749 0.01906
1 0.61939 0.804903 0.032008 0.110035 0.0180355
2 0.810503 0.767353 0.016774 0.0264302 0.0123757
2 0.895457 0.780273 0.00894562 0.0182075 0.0123714
2 0.345507 0.289042 0.00838004 0.0171901 0.011741
2 0.929638 0.780016 0.0137026 0.0160688 0.0116478
1 0.742208 0.385473 0.0603549 0.22499 0.011369
8 0.741919 0.385267 0.0602012 0.223698 0.0105588
2 0.327235 0.436433 0.0173654 0.0322809 0.0105407
2 0.280174 0.24965 0.0139667 0.0146523 0.00973186
2 0.551497 0.718537 0.0140318 0.026474 0.00951529
8 0.208771 0.377796 0.0515167 0.20599 0.00903599
2 0.819056 0.368594 0.0199782 0.0198858 0.00887587
1 0.627401 0.748556 0.0593008 0.48588 0.00735162
2 0.901159 0.795446 0.012022 0.0212561 0.00693395
8 0.294123 0.384852 0.0507606 0.217203 0.00693245
2 0.745365 0.751756 0.0151907 0.0195469 0.00690765
2 0.555266 0.743052 0.0186564 0.0321571 0.0067166
2 0.780988 0.774255 0.0135383 0.0162727 0.00652004
1 0.626044 0.785909 0.0454912 0.122638 0.00642035
2 0.91772 0.778039 0.0189621 0.0123874 0.00539727
2 0.922528 0.448657 0.0239681 0.0360884 0.00518261
2 0.893884 0.791353 0.0110239 0.0252277 0.00477744
2 0.731206 0.750894 0.0148766 0.0196026 0.00448961
2 0.548132 0.703487 0.0141806 0.0344119 0.00447272
2 0.890284 0.783713 0.00939502 0.019124 0.00443654
2 0.845633 0.773155 0.008495 0.012539 0.00431451
2 0.32054 0.421934 0.0148107 0.0257774 0.00409565
2 0.325152 0.427499 0.0171136 0.0378169 0.00383927
2 0.531441 0.32699 0.0155023 0.0240363 0.00371035
2 0.919943 0.760022 0.0242216 0.0251129 0.00363737
2 0.824669 0.768287 0.0179272 0.0233103 0.00349737
2 0.926289 0.759652 0.0168889 0.0261147 0.00322254
2 0.340046 0.40667 0.01895 0.0213238 0.00298123
2 0.191619 0.880599 0.0115381 0.0173664 0.00250035
2 0.273432 0.249424 0.0178416 0.0142251 0.00228431
1 0.636417 0.796189 0.0271038 0.104667 0.00211573
2 0.899978 0.780093 0.0138378 0.0143175 0.00210622
2 0.562842 0.751228 0.0218563 0.0154982 0.00200183
2 0.321111 0.435078 0.0148127 0.0299802 0.00194485
1 0.590865 0.975508 0.0144236 0.04608 0.00185719
1 0.638241 0.807857 0.019134 0.0962436 0.00184248
2 0.355183 0.372407 0.0148811 0.0133053 0.00180817
2 0.8254 0.37061 0.0204191 0.017465 0.00173072
2 0.336624 0.438857 0.0274079 0.0298686 0.00171417
2 0.191112 0.875484 0.0104233 0.0179745 0.00170973
2 0.258303 0.449616 0.0142899 0.016901 0.0017002
2 0.356839 0.362263 0.0156894 0.0194711 0.00156995
2 0.543011 0.385085 0.0239207 0.018798 0.00153171
2 0.930157 0.45864 0.0209671 0.0394218 0.00148089
2 0.884824 0.780506 0.0139406 0.0158056 0.00142975
2 0.880252 0.794868 0.0123846 0.0242084 0.00137983
2 0.453693 0.35378 0.0153835 0.0147498 0.00134152
2 0.839831 0.454066 0.0223736 0.0398583 0.00132939
1 0.558559 0.735284 0.0227878 0.0270878 0.00128898
2 0.796963 0.772426 0.0140087 0.0171143 0.00126869
2 0.907035 0.762638 0.0154579 0.0243065 0.00124042
1 0.595313 0.92112 0.0114088 0.122306 0.00122005
2 0.852267 0.763037 0.0141251 0.0173842 0.00120833
2 0.174242 0.878093 0.0317555 0.0135382 0.00120414
22 0.293088 0.380765 0.048323 0.209345 0.00118034
22 0.208952 0.37668 0.0492847 0.20488 0.00115051
2 0.920315 0.381508 0.0192076 0.0161943 0.00109411
2 0.5288 0.323112 0.0195562 0.0258396 0.00108767
2 0.177154 0.875063 0.0117053 0.017236 0.00106025
2 0.928799 0.428552 0.0323425 0.0422133 0.00104416
2 0.418078 0.369623 0.0129556 0.0168279 0.00103979
2 0.842869 0.761917 0.0139639 0.0186215 0.00102177
2 0.28342 0.26562 0.0226193 0.0140257 0.00100325
