22 0.678965 0.678842 0.0273458 0.0890611 0.875931
22 0.900979 0.705699 0.0321285 0.0910314 0.861594
22 0.802832 0.695911 0.0333271 0.0976566 0.811323
22 0.571321 0.666059 0.0270063 0.0840802 0.807514
22 0.480913 0.65387 0.0245312 0.0813078 0.803337
22 0.401579 0.640989 0.0256516 0.0814741 0.797288
4 0.506725 0.528582 0.040034 0.0614825 0.794613
4 0.301684 0.534914 0.0869562 0.0605755 0.713081
22 0.254228 0.636075 0.0214897 0.0591846 0.70524
22 0.322638 0.639893 0.0229926 0.063434 0.643755
1 0.30994 0.453305 0.011512 0.0436616 0.464784
4 0.0110194 0.534032 0.0210922 0.039127 0.389065
4 0.332858 0.532764 0.0316856 0.0401141 0.350516
4 0.473045 0.51729 0.0366411 0.031336 0.309549
22 0.195232 0.628704 0.018104 0.0494549 0.305467
4 0.405963 0.511256 0.0148171 0.0189836 0.289188
22 0.193162 0.619462 0.0219706 0.06198 0.258701
22 0.0170391 0.776041 0.022186 0.109707 0.216581
22 0.201992 0.562895 0.0138555 0.0340737 0.188519
4 0.332371 0.52193 0.0315198 0.0355462 0.18843
22 0.0691825 0.575811 0.018539 0.0570861 0.183347
22 0.214516 0.563235 0.0118846 0.0284406 0.183125
4 0.0733457 0.537252 0.0176164 0.0201467 0.165425
22 0.0962748 0.591772 0.0117955 0.0324249 0.140765
4 0.205542 0.51074 0.0147162 0.0187092 0.137952
22 0.0604454 0.582338 0.011768 0.0443727 0.136115
22 0.245168 0.563704 0.0121376 0.0401981 0.129089
22 0.430112 0.609048 0.0183822 0.0663854 0.126828
22 0.457832 0.627251 0.0149124 0.0447338 0.12297
22 0.233754 0.570351 0.0124798 0.0360407 0.122228
22 0.0833541 0.585475 0.0138317 0.034987 0.113046
8 0.00508243 0.578094 0.0101649 0.0522864 0.112357
42 0.0110194 0.534032 0.0210922 0.039127 0.107022
22 0.0307526 0.587391 0.0123775 0.0352562 0.106537
22 0.0969634 0.573483 0.0117294 0.062177 0.105249
0 0.0981489 0.571638 0.0108977 0.0621772 0.102641
1 0.569079 0.421062 0.0187447 0.0665375 0.101003
4 0.0362503 0.54257 0.0695599 0.0537998 0.098623
8 0.265148 0.559367 0.0153813 0.0530767 0.0979635
4 0.154553 0.515644 0.0165519 0.0182 0.0923956
22 0.0982197 0.608733 0.0144884 0.053307 0.0888181
2 0.0733457 0.537252 0.0176164 0.0201467 0.0868589
22 0.0117439 0.738092 0.0206401 0.0575982 0.0851371
22 0.111937 0.624378 0.0191504 0.0727853 0.0840996
8 0.28197 0.551306 0.0239821 0.0542774 0.0812025
22 0.19938 0.57525 0.0126671 0.0542516 0.0791655
22 0.0124438 0.762809 0.0222863 0.10694 0.076364
22 0.261869 0.566301 0.0128663 0.042712 0.075662
4 0.210684 0.511313 0.0189778 0.019762 0.073837
4 0.370645 0.531028 0.045804 0.0490315 0.0705405
22 0.044355 0.583777 0.022214 0.0404627 0.0699002
1 0.638229 0.435399 0.0205589 0.0210783 0.0694735
8 0.0689426 0.572256 0.0225138 0.059028 0.0675618
22 0.319518 0.613482 0.0299635 0.0536448 0.0656875
8 0.308426 0.539669 0.0681998 0.0573978 0.0651312
22 0.515262 0.582856 0.0166088 0.0486465 0.0647814
1 0.677784 0.452723 0.02055 0.130383 0.0641071
4 0.413232 0.514079 0.028578 0.0256258 0.0622367
22 0.310518 0.589941 0.0175923 0.0543403 0.0602835
8 0.0170246 0.576114 0.0150359 0.0539937 0.0597813
0 0.269868 0.534728 0.0293916 0.0660329 0.0587592
4 0.29119 0.525271 0.0708588 0.0457391 0.0574312
4 0.0124471 0.560398 0.0231132 0.0755325 0.0573376
22 0.106851 0.598 0.0117965 0.0301136 0.0570603
1 0.606445 0.431983 0.0123583 0.0200124 0.0570532
22 0.101358 0.573796 0.0149494 0.0636822 0.0569023
22 0.424638 0.598437 0.0255339 0.0624529 0.0568767
2 0.154553 0.515644 0.0165519 0.0182 0.055566
1 0.678264 0.42558 0.0200142 0.077394 0.0534683
22 0.0266792 0.577949 0.0189318 0.04894 0.0533567
1 0.678048 0.404185 0.0196863 0.0339539 0.0487846
22 0.330452 0.63688 0.0171495 0.0665807 0.0462568
4 0.265219 0.538623 0.0220591 0.0663683 0.046095
22 0.185252 0.599885 0.0111579 0.0520036 0.0448309
2 0.0110194 0.534032 0.0210922 0.039127 0.0448087
4 0.457863 0.513675 0.0337608 0.0212021 0.0445641
22 0.201122 0.620011 0.0133646 0.0327602 0.0439439
0 0.0170246 0.576114 0.0150359 0.0539937 0.0434708
4 0.268952 0.527487 0.0287425 0.0518699 0.0432299
14 0.163715 0.541291 0.017388 0.0464036 0.0399954
0 0.0106452 0.565314 0.0198629 0.0649965 0.0394074
22 0.0191779 0.863247 0.0277997 0.0674293 0.0378409
22 0.354797 0.599225 0.0206573 0.0408693 0.0370615
22 0.0208656 0.579634 0.0145802 0.0510565 0.0370533
0 0.0710455 0.571015 0.0185028 0.0589035 0.0368976
0 0.00508243 0.578094 0.0101649 0.0522864 0.0365904
22 0.244315 0.567588 0.0176661 0.0395359 0.0356471
4 0.16255 0.520011 0.0191089 0.021789 0.0340593
8 0.0106452 0.565314 0.0198629 0.0649965 0.0335223
22 0.202157 0.599908 0.0161226 0.0608068 0.0331779
4 0.0577052 0.543426 0.0496761 0.0492663 0.032653
22 0.453512 0.633385 0.020212 0.0460385 0.0315559
4 0.0336981 0.560264 0.0632121 0.066423 0.0314957
22 0.3325 0.606532 0.0357138 0.0435883 0.031418
4 0.199669 0.509669 0.0163526 0.0193515 0.0313918
1 0.459284 0.336312 0.00990179 0.0208706 0.0312324
8 0.0729561 0.559314 0.0200028 0.0553661 0.0305034
22 0.508404 0.583936 0.019252 0.055355 0.0303293
22 0.0448264 0.579796 0.0335072 0.0464957 0.0291577
22 0.264921 0.563104 0.0135814 0.0495366 0.0288373
2 0.852712 0.509781 0.00814935 0.0214532 0.0286281
22 0.333006 0.622146 0.0237507 0.0552836 0.0270795
4 0.481731 0.495186 0.0155519 0.0134387 0.0269758
42 0.0733457 0.537252 0.0176164 0.0201467 0.0261983
4 0.0729561 0.559314 0.0200028 0.0553661 0.0260132
4 0.182288 0.535746 0.0497851 0.0625136 0.0259094
4 0.196047 0.537687 0.0836679 0.0723348 0.0256128
22 0.103681 0.623405 0.028331 0.0746668 0.0252647
1 0.678163 0.677534 0.0280546 0.0899632 0.0252026
8 0.0823558 0.580405 0.0163712 0.0427455 0.0251527
22 0.0170246 0.576114 0.0150359 0.0539937 0.0248409
0 0.282871 0.541356 0.0385561 0.0541355 0.0234507
22 0.343078 0.638479 0.0152314 0.0305378 0.0233011
22 0.182602 0.585298 0.0110267 0.0384186 0.0231981
0 0.260699 0.537694 0.014422 0.0559385 0.023145
4 0.221862 0.520698 0.0506665 0.0321613 0.02305
3 0.265148 0.559367 0.0153813 0.0530767 0.0229231
22 0.236787 0.56894 0.0103359 0.039413 0.0228185
22 0.349371 0.599722 0.0196795 0.0418396 0.0227756
22 0.215033 0.607306 0.0155184 0.052008 0.0227407
4 0.397952 0.510703 0.0305443 0.0208557 0.0226429
4 0.164404 0.541803 0.0174784 0.0472568 0.0224394
4 0.0188121 0.527501 0.0346703 0.0480459 0.0223741
22 0.277267 0.561518 0.0241194 0.0691194 0.0221442
8 0.0602764 0.572619 0.0406505 0.0631743 0.0218381
4 0.282871 0.541356 0.0385561 0.0541355 0.0212791
22 0.0175396 0.824673 0.030429 0.150984 0.0207661
8 0.0104364 0.537053 0.0208728 0.038219 0.0207407
22 0.197781 0.62204 0.0185467 0.0548219 0.0206848
25 0.0188121 0.527501 0.0346703 0.0480459 0.019631
8 0.260122 0.561186 0.0146802 0.047882 0.0195247
8 0.212954 0.564791 0.0108134 0.0328481 0.0188813
8 0.159992 0.528052 0.0238531 0.0420397 0.0184956
22 0.277066 0.587152 0.0250174 0.0737046 0.0179223
42 0.0106322 0.524262 0.0195001 0.0419202 0.0179025
4 0.406036 0.501924 0.0150352 0.026868 0.0176359
22 0.361763 0.599699 0.0192616 0.0398332 0.0171667
4 0.0446038 0.545419 0.0775491 0.079395 0.017054
0 0.308426 0.539669 0.0681998 0.0573978 0.0168061
5 0.0446038 0.545419 0.0775491 0.079395 0.0166945
8 0.0208656 0.579634 0.0145802 0.0510565 0.0163133
2 0.410203 0.361658 0.00830154 0.0153731 0.016107
4 0.159992 0.528052 0.0238531 0.0420397 0.0156701
14 0.199947 0.56363 0.0130535 0.0320002 0.0156651
22 0.0420341 0.829156 0.0345857 0.0712249 0.0155639
22 0.220207 0.590584 0.030703 0.0809103 0.0149509
0 0.0104364 0.537053 0.0208728 0.038219 0.0148198
4 0.0106322 0.524262 0.0195001 0.0419202 0.0145468
4 0.208185 0.500747 0.0205866 0.0248992 0.0144962
8 0.0601206 0.578563 0.0155706 0.0503898 0.0143636
22 0.269821 0.595403 0.0298394 0.056326 0.014246
42 0.0188121 0.527501 0.0346703 0.0480459 0.0141684
8 0.0336981 0.560264 0.0632121 0.066423 0.0140615
3 0.00508243 0.578094 0.0101649 0.0522864 0.014059
3 0.28197 0.551306 0.0239821 0.0542774 0.0140411
2 0.439658 0.277323 0.00988294 0.0226975 0.013785
0 0.265148 0.559367 0.0153813 0.0530767 0.0137749
22 0.116366 0.596667 0.0114293 0.0210244 0.0136884
8 0.265219 0.538623 0.0220591 0.0663683 0.0135316
0 0.260122 0.561186 0.0146802 0.047882 0.0133196
22 0.475806 0.630956 0.0327179 0.0574306 0.0128285
22 0.229492 0.604938 0.0288212 0.0681088 0.0128007
4 0.427095 0.514865 0.0509672 0.0285968 0.0127238
22 0.0155334 0.793406 0.0280705 0.158702 0.0126525
22 0.32304 0.624789 0.031997 0.0735066 0.0124732
22 0.211892 0.598346 0.0364518 0.0866443 0.012264
4 0.476364 0.500989 0.0256483 0.026075 0.0119285
22 0.449486 0.615865 0.0271858 0.068285 0.0117014
8 0.253859 0.637545 0.0207296 0.060991 0.0116125
8 0.277267 0.561518 0.0241194 0.0691194 0.0110977
2 0.996044 0.285248 0.00718878 0.0289868 0.0110625
18 0.201992 0.562895 0.0138555 0.0340737 0.0108696
2 0.219073 0.357682 0.0107735 0.0127453 0.0108694
2 0.848812 0.509272 0.0105839 0.0218526 0.0108207
8 0.0981489 0.571638 0.0108977 0.0621772 0.0107042
22 0.448504 0.631536 0.0221056 0.0372797 0.0106828
0 0.252209 0.54926 0.0128084 0.0471605 0.010576
0 0.344655 0.532453 0.0172241 0.0396456 0.010122
4 0.260699 0.537694 0.014422 0.0559385 0.010121
4 0.0104282 0.536155 0.0208565 0.0420772 0.00999932
0 0.378117 0.534965 0.0284272 0.058909 0.0098744
8 0.201992 0.562895 0.0138555 0.0340737 0.00969883
8 0.233376 0.568957 0.0122253 0.0377154 0.00964764
8 0.344655 0.532453 0.0172241 0.0396456 0.0096337
22 0.461474 0.608957 0.0242084 0.0820362 0.00962238
2 0.441783 0.28334 0.00752011 0.0224084 0.00960198
2 0.0537433 0.340029 0.00825119 0.0136434 0.00949738
22 0.0090541 0.788238 0.0166684 0.132037 0.00948433
18 0.214516 0.563235 0.0118846 0.0284406 0.00942145
2 0.491509 0.316388 0.00918942 0.0147137 0.00941357
2 0.219982 0.288518 0.00751146 0.019863 0.00934336
0 0.159992 0.528052 0.0238531 0.0420397 0.0093378
4 0.344655 0.532453 0.0172241 0.0396456 0.00932883
22 0.109648 0.623229 0.0278738 0.08481 0.00932589
8 0.0733457 0.537252 0.0176164 0.0201467 0.00931606
22 0.0200907 0.849189 0.0347374 0.0947135 0.00889475
8 0.419336 0.537874 0.0126791 0.0291935 0.00868837
8 0.0852044 0.570818 0.0259178 0.0608885 0.0086252
22 0.339816 0.617952 0.0163131 0.0514879 0.00858158
2 0.946236 0.426178 0.00978815 0.0171019 0.00847877
22 0.124593 0.814853 0.0217767 0.035247 0.00827777
22 0.307527 0.572385 0.0259119 0.0637849 0.00820149
4 0.455988 0.517443 0.0621035 0.032334 0.00802429
8 0.194138 0.622449 0.0196278 0.0593702 0.00784384
23 0.201992 0.562895 0.0138555 0.0340737 0.00759675
22 0.419043 0.607781 0.0268049 0.0654174 0.00756684
22 0.00535762 0.580513 0.0103484 0.0511774 0.00756351
22 0.358335 0.583832 0.0283771 0.067482 0.00753976
0 0.38822 0.531367 0.0130988 0.0522129 0.00749763
0 0.28197 0.551306 0.0239821 0.0542774 0.00743509
0 0.161689 0.53787 0.019715 0.0557852 0.0073054
8 0.282871 0.541356 0.0385561 0.0541355 0.00728672
25 0.476364 0.500989 0.0256483 0.026075 0.00722064
0 0.0208656 0.579634 0.0145802 0.0510565 0.00714769
8 0.432829 0.586235 0.0305209 0.0747915 0.00711476
5 0.370876 0.53161 0.0438307 0.0507856 0.00711027
8 0.260699 0.537694 0.014422 0.0559385 0.00710779
8 0.091469 0.553255 0.0238447 0.0560068 0.00703309
8 0.0448264 0.579796 0.0335072 0.0464957 0.00702573
22 0.633015 0.625861 0.0134493 0.0410826 0.00700164
8 0.0266792 0.577949 0.0189318 0.04894 0.00697275
2 0.205542 0.51074 0.0147162 0.0187092 0.00694009
22 0.384848 0.600321 0.0220518 0.043617 0.00684997
14 0.185059 0.560129 0.036153 0.0735533 0.00670376
8 0.378117 0.534965 0.0284272 0.058909 0.00666742
22 0.41294 0.580619 0.0348916 0.064604 0.00655096
8 0.236787 0.56894 0.0103359 0.039413 0.00654991
6 0.0406264 0.54658 0.075645 0.0739751 0.00653472
0 0.212954 0.564791 0.0108134 0.0328481 0.00648569
25 0.0106322 0.524262 0.0195001 0.0419202 0.00647314
4 0.00508243 0.578094 0.0101649 0.0522864 0.00644923
4 0.244055 0.515746 0.00969548 0.0168243 0.00641543
22 0.484755 0.636735 0.0278614 0.0724501 0.0063394
8 0.401338 0.640913 0.0267048 0.0817016 0.00614035
22 0.344655 0.532453 0.0172241 0.0396456 0.00612363
22 0.35813 0.604056 0.0209829 0.0419189 0.00610362
2 0.16255 0.520011 0.0191089 0.021789 0.00608937
22 0.714133 0.692303 0.0166526 0.0277065 0.00602574
25 0.0110194 0.534032 0.0210922 0.039127 0.00595094
13 0.0733457 0.537252 0.0176164 0.0201467 0.00592021
1 0.681672 0.599757 0.0182203 0.042195 0.00568971
4 0.226767 0.541184 0.0732922 0.0830544 0.00561229
0 0.419336 0.537874 0.0126791 0.0291935 0.00560311
1 0.490559 0.421241 0.00838718 0.0172495 0.00558509
8 0.291072 0.564483 0.02746 0.0641903 0.00556416
1 0.0653894 0.416817 0.0311895 0.0258781 0.00551931
4 0.0427188 0.523742 0.0374418 0.0390735 0.00547803
22 0.252376 0.600335 0.0250622 0.0590671 0.00539781
4 0.520613 0.496257 0.0123331 0.016127 0.00538889
4 0.0923068 0.554168 0.0189414 0.0445458 0.0053701
6 0.0398521 0.519843 0.0702813 0.129901 0.00535889
18 0.245168 0.563704 0.0121376 0.0401981 0.00534802
4 0.489336 0.497655 0.012685 0.0181412 0.00531041
2 0.413784 0.358721 0.0100551 0.0116781 0.00527904
2 0.220048 0.338751 0.0126189 0.0406581 0.00526613
0 0.332481 0.531085 0.0325546 0.0462828 0.00524801
42 0.00559712 0.499805 0.00887115 0.0243125 0.00520562
18 0.233376 0.568957 0.0122253 0.0377154 0.0052007
4 0.378117 0.534965 0.0284272 0.058909 0.0051931
22 0.211851 0.807951 0.0188242 0.03872 0.00519264
22 0.297102 0.579858 0.0483849 0.0729979 0.00518998
1 0.459862 0.47247 0.0149909 0.0126867 0.00511964
3 0.420207 0.559408 0.0156902 0.0424042 0.00510478
8 0.420207 0.559408 0.0156902 0.0424042 0.00507775
22 0.0852044 0.570818 0.0259178 0.0608885 0.00505034
1 0.303187 0.48243 0.0109535 0.0188243 0.00501335
4 0.0710455 0.571015 0.0185028 0.0589035 0.00501119
0 0.091469 0.553255 0.0238447 0.0560068 0.00498912
4 0.413871 0.501668 0.0219025 0.0268019 0.00497941
1 0.0729644 0.418812 0.0176484 0.0303853 0.00483741
1 0.459641 0.345589 0.00883313 0.0210947 0.00483669
8 0.33616 0.536177 0.0243527 0.0404424 0.00483576
17 0.260699 0.537694 0.014422 0.0559385 0.00482563
2 0.307512 0.34178 0.00718515 0.017504 0.00480847
2 0.852317 0.499653 0.00879517 0.022282 0.00480756
22 0.441156 0.573847 0.0120092 0.0471832 0.00479972
3 0.0170246 0.576114 0.0150359 0.0539937 0.00479557
4 0.144111 0.538999 0.0480827 0.0713479 0.00479533
14 0.344655 0.532453 0.0172241 0.0396456 0.00472824
0 0.101358 0.573796 0.0149494 0.0636822 0.00471407
22 0.291072 0.564483 0.02746 0.0641903 0.00467514
5 0.471307 0.52151 0.0384321 0.0369639 0.00463515
8 0.0362503 0.54257 0.0695599 0.0537998 0.00462032
22 0.315213 0.606548 0.0271415 0.0533504 0.00460621
2 0.682708 0.332779 0.0136204 0.0240172 0.00459159
18 0.265148 0.559367 0.0153813 0.0530767 0.00455237
18 0.260166 0.56541 0.0143018 0.0426711 0.00448229
2 0.153079 0.361992 0.00788655 0.0131157 0.00441415
4 0.480041 0.569536 0.0449205 0.0859178 0.00440451
8 0.252209 0.54926 0.0128084 0.0471605 0.00440105
4 0.505791 0.573945 0.0378164 0.0749981 0.00436393
13 0.28197 0.551306 0.0239821 0.0542774 0.00435801
42 0.481731 0.495186 0.0155519 0.0134387 0.00429734
8 0.0577052 0.543426 0.0496761 0.0492663 0.00425592
22 0.350784 0.631804 0.0303611 0.060237 0.00424483
22 0.0899093 0.810096 0.0240989 0.0267797 0.00424379
8 0.409749 0.5792 0.0424047 0.0747123 0.00423196
12 0.64374 0.543103 0.0892944 0.275681 0.00422973
22 0.230583 0.633713 0.0200399 0.0321191 0.00420573
22 0.495901 0.58793 0.0163811 0.0949002 0.00419221
