4 0.460788 0.807105 0.158227 0.133196 0.940458
4 0.176403 0.766299 0.0919135 0.044182 0.881752
4 0.647469 0.783674 0.0453369 0.0222301 0.774805
4 0.592497 0.779122 0.0593081 0.0236239 0.732071
4 0.696927 0.780777 0.0490936 0.0303855 0.717421
4 0.77877 0.784705 0.0534203 0.0183352 0.679565
4 0.240705 0.771302 0.0404801 0.0266588 0.60941
4 0.829584 0.776537 0.037432 0.0253529 0.506665
4 0.933318 0.786074 0.036881 0.0182425 0.364028
7 0.268901 0.347656 0.0287706 0.0668764 0.238503
7 0.158689 0.378562 0.0354914 0.0599601 0.232519
4 0.904406 0.7865 0.0264852 0.0153834 0.124488
7 0.297488 0.350532 0.0302559 0.0634861 0.0959448
4 0.818033 0.780728 0.0310604 0.0194566 0.0902509
4 0.860751 0.783159 0.0285272 0.018471 0.0891643
4 0.910338 0.785235 0.0157358 0.0145977 0.0860316
4 0.896543 0.788122 0.0141741 0.0173543 0.0719178
4 0.735495 0.78565 0.0331339 0.019176 0.0668191
4 0.809212 0.781501 0.0226234 0.0203909 0.0501879
4 0.878598 0.783021 0.0266506 0.0197074 0.0424081
1 0.863971 0.734298 0.0281294 0.0349301 0.0414289
4 0.845078 0.779946 0.0487961 0.0213472 0.0410635
4 0.883929 0.784873 0.021144 0.0159555 0.0337519
1 0.957274 0.748072 0.0117957 0.0223507 0.0303939
0 0.89621 0.811049 0.013903 0.0285814 0.0300306
4 0.91742 0.781839 0.01934 0.0185901 0.0256292
4 0.906658 0.782175 0.0223989 0.0194302 0.0216602
4 0.960081 0.786112 0.0218322 0.0144331 0.0197685
4 0.869652 0.780884 0.0316118 0.0208418 0.0170818
2 0.156319 0.376898 0.0276145 0.058552 0.0165115
4 0.89621 0.811049 0.013903 0.0285814 0.015595
4 0.736342 0.781423 0.028343 0.0202202 0.0144229
6 0.828982 0.776259 0.0394647 0.0246101 0.0124523
4 0.548621 0.777401 0.0438737 0.0198857 0.0117222
4 0.989952 0.78539 0.0177847 0.0190953 0.00972316
4 0.967856 0.787239 0.017906 0.0149651 0.00951035
4 0.58325 0.792084 0.0780814 0.0470562 0.00905537
4 0.887032 0.782059 0.026533 0.0204367 0.00887014
2 0.167055 0.3631 0.0450923 0.0459707 0.00876856
6 0.845078 0.779946 0.0487961 0.0213472 0.00834486
2 0.322047 0.335432 0.0158164 0.0193935 0.00808491
4 0.980802 0.786993 0.0205585 0.016846 0.00767534
0 0.896543 0.788122 0.0141741 0.0173543 0.00755153
6 0.869652 0.780884 0.0316118 0.0208418 0.00752209
2 0.153929 0.350091 0.0185369 0.0230804 0.00732269
4 0.565381 0.794515 0.0771376 0.0489331 0.00702916
4 0.152011 0.762893 0.0689505 0.037407 0.00691006
4 0.408938 0.772572 0.0154748 0.0216632 0.00619688
6 0.860751 0.783159 0.0285272 0.018471 0.00566025
2 0.339269 0.332027 0.0480303 0.0239044 0.00523454
2 0.0728182 0.347112 0.0165654 0.0235245 0.00513974
4 0.212979 0.768493 0.0326603 0.0323263 0.00503791
4 0.561384 0.784999 0.0697255 0.0308799 0.00467974
1 0.817226 0.730757 0.0249365 0.0525771 0.00420437
4 0.541458 0.774689 0.0323068 0.0157628 0.00410838
7 0.169477 0.365921 0.0415167 0.0518756 0.00398387
6 0.697394 0.778847 0.0476373 0.0331262 0.00368272
4 0.267348 0.769864 0.0735979 0.0291874 0.00314987
8 0.89621 0.811049 0.013903 0.0285814 0.00297933
4 0.9497 0.781001 0.0209863 0.0186602 0.00295895
4 0.402635 0.772544 0.0277222 0.0225669 0.0028872
4 0.932511 0.796142 0.0419322 0.0330398 0.00284058
4 0.646841 0.793445 0.0462055 0.0399573 0.002683
4 0.413717 0.764375 0.0311015 0.0333605 0.00267065
7 0.26216 0.348648 0.015533 0.0693434 0.00241501
4 0.690729 0.770622 0.0576614 0.0341565 0.00237372
4 0.580487 0.781627 0.0829015 0.0271162 0.00226989
7 0.956975 0.747703 0.0118583 0.0212837 0.00213447
4 0.783091 0.774443 0.0557376 0.0284623 0.00197173
0 0.295819 0.764461 0.0132344 0.0295953 0.00193983
1 0.811178 0.756582 0.0225616 0.0245482 0.00192007
0 0.910338 0.785235 0.0157358 0.0145977 0.00167219
7 0.92988 0.710124 0.0101001 0.0323419 0.00166221
7 0.221868 0.366243 0.0421947 0.0689116 0.00164019
2 0.267344 0.347683 0.0263293 0.0667137 0.00152196
15 0.828982 0.776259 0.0394647 0.0246101 0.00151737
2 0.0755034 0.350316 0.021971 0.0287218 0.00147491
15 0.845078 0.779946 0.0487961 0.0213472 0.00146282
0 0.460691 0.807259 0.158613 0.133546 0.00138861
2 0.298069 0.352396 0.0302322 0.062804 0.00132599
4 0.4172 0.764205 0.0436906 0.0410556 0.00132494
6 0.818033 0.780728 0.0310604 0.0194566 0.00131641
4 0.480536 0.760027 0.105272 0.0420294 0.00128658
4 0.697481 0.766562 0.0421663 0.0255902 0.00127937
4 0.294365 0.768261 0.0207066 0.027621 0.0012382
4 0.29749 0.76819 0.032832 0.0293266 0.00120145
4 0.534648 0.771327 0.021295 0.0166784 0.00117485
1 0.516253 0.716193 0.0158254 0.019866 0.00116736
4 0.993455 0.781406 0.0113031 0.0222942 0.00113718
1 0.868483 0.764452 0.0273159 0.0254198 0.00110333
2 0.460691 0.807259 0.158613 0.133546 0.00109855
14 0.89621 0.811049 0.013903 0.0285814 0.00109196
4 0.245563 0.775455 0.0532709 0.0331657 0.00103479
6 0.830382 0.767262 0.050485 0.0319709 0.00100653
