3 0.671288 0.725072 0.0495421 0.157589 0.810536
0 0.377407 0.670369 0.0194924 0.0868055 0.77501
4 0.470921 0.662476 0.0214833 0.022392 0.576184
0 0.450239 0.663242 0.0167131 0.0490287 0.550953
3 0.812149 0.751294 0.144927 0.193601 0.531358
3 0.757107 0.727442 0.0865045 0.136732 0.446097
0 0.357726 0.664958 0.0152993 0.0865476 0.445218
3 0.871749 0.751038 0.150923 0.232569 0.412616
4 0.496211 0.66072 0.0265048 0.0312337 0.39206
3 0.395576 0.684869 0.0205934 0.0500264 0.35065
8 0.450182 0.66969 0.0148417 0.03821 0.334124
2 0.590014 0.513433 0.00935071 0.0155121 0.282279
8 0.880581 0.74784 0.171718 0.244431 0.201583
2 0.590868 0.521954 0.00964789 0.019059 0.186478
4 0.975557 0.668034 0.0462261 0.120288 0.185662
2 0.679777 0.47691 0.015986 0.023994 0.175861
3 0.777709 0.767779 0.0790161 0.165209 0.170919
3 0.834822 0.676315 0.0648101 0.0832405 0.169407
3 0.556378 0.673264 0.0169756 0.0445585 0.168416
3 0.780124 0.704866 0.0918797 0.103117 0.163415
3 0.95472 0.844539 0.0867239 0.263284 0.155086
4 0.98556 0.910218 0.0250682 0.179565 0.154973
3 0.819309 0.703631 0.108257 0.120595 0.143733
2 0.622631 0.484664 0.0100706 0.0154573 0.141454
2 0.589583 0.518727 0.00921655 0.0215831 0.138887
4 0.986316 0.668112 0.0238333 0.116081 0.135655
0 0.394376 0.68283 0.0189355 0.0514483 0.125424
3 0.802619 0.706172 0.0798678 0.101165 0.109727
3 0.946466 0.769553 0.102536 0.222205 0.108766
2 0.605009 0.513968 0.0122586 0.0128098 0.0980597
3 0.760393 0.706967 0.0630284 0.110561 0.0899092
2 0.607872 0.519412 0.0108062 0.0178096 0.086561
2 0.607458 0.526338 0.0104776 0.017112 0.086456
3 0.562357 0.680003 0.0242681 0.0373789 0.0849263
3 0.855197 0.675512 0.0932919 0.082335 0.0756636
0 0.448675 0.67388 0.0143481 0.0356508 0.0750756
3 0.737064 0.734015 0.051203 0.121104 0.0663393
3 0.59885 0.68325 0.0230735 0.0544053 0.0659796
0 0.345061 0.664668 0.0125728 0.0771657 0.061615
8 0.955012 0.84276 0.0870863 0.263436 0.0600635
2 0.624866 0.48088 0.0115548 0.0164602 0.0585802
8 0.946129 0.765219 0.101603 0.215328 0.0503587
3 0.567595 0.682299 0.0205319 0.0355493 0.0488877
0 0.353759 0.674107 0.0187115 0.0854244 0.047917
8 0.923545 0.674897 0.108643 0.110812 0.0437124
3 0.580542 0.681839 0.0220159 0.0394452 0.0419871
3 0.808919 0.680765 0.0838382 0.0867957 0.0411144
3 0.795183 0.687958 0.0618569 0.0770776 0.0406648
8 0.90684 0.653873 0.0547489 0.0667787 0.0402034
8 0.469933 0.661868 0.0216726 0.0265225 0.0355419
0 0.342617 0.671464 0.0147905 0.0877174 0.0350369
8 0.556122 0.672606 0.0155746 0.045839 0.034936
3 0.786422 0.742119 0.0989705 0.161348 0.0333093
0 0.348042 0.67368 0.020652 0.0992494 0.0331971
8 0.397603 0.687224 0.0195743 0.0428085 0.0326906
4 0.502793 0.661406 0.0221059 0.0308852 0.0321338
3 0.604446 0.682087 0.0233195 0.0534597 0.0313468
2 0.683027 0.478794 0.0208546 0.0287453 0.0301637
0 0.469933 0.661868 0.0216726 0.0265225 0.0292845
14 0.394376 0.68283 0.0189355 0.0514483 0.0271138
8 0.963688 0.672009 0.0684652 0.126635 0.0262023
8 0.897482 0.647407 0.0311633 0.0527057 0.0257126
3 0.687962 0.715957 0.0347499 0.131064 0.0256686
4 0.915697 0.681629 0.117905 0.114187 0.0256543
3 0.833693 0.688116 0.0907386 0.0850695 0.0249842
3 0.584978 0.677959 0.0222204 0.0465945 0.0226428
0 0.555346 0.668848 0.0132452 0.0411095 0.0220592
3 0.837859 0.776601 0.0972822 0.187155 0.0219705
4 0.946914 0.699955 0.102275 0.165037 0.0214083
0 0.986316 0.668112 0.0238333 0.116081 0.0212983
2 0.585037 0.513917 0.00900464 0.0134081 0.0211871
2 0.282396 0.546863 0.00925073 0.0190238 0.0201673
3 0.550362 0.672178 0.0172115 0.0319853 0.0198185
4 0.470159 0.655808 0.0196815 0.0293412 0.0197706
2 0.593016 0.49809 0.0102096 0.0128578 0.0188228
13 0.357076 0.633185 0.0119393 0.0229696 0.0185915
3 0.355394 0.703467 0.0213712 0.0509062 0.0183806
0 0.397703 0.683398 0.0193795 0.0404041 0.0165885
2 0.486669 0.483028 0.00733572 0.0107877 0.0163074
8 0.965969 0.714494 0.0657769 0.103244 0.0162372
4 0.95799 0.850591 0.0803138 0.266912 0.0158806
3 0.382239 0.679257 0.0189439 0.0697362 0.0152326
4 0.963053 0.654937 0.0713578 0.0898522 0.0137082
0 0.382239 0.679257 0.0189439 0.0697362 0.0135241
8 0.810423 0.742664 0.139698 0.19697 0.0132345
3 0.365354 0.699497 0.0175617 0.0457485 0.0130205
4 0.977899 0.88269 0.0423965 0.208921 0.0128388
4 0.9869 0.761791 0.0226403 0.0579994 0.0126936
13 0.988538 0.658785 0.0195355 0.0987712 0.0120877
2 0.584996 0.52282 0.0092049 0.0189144 0.012005
3 0.875287 0.681661 0.0916956 0.0756807 0.0119528
8 0.604446 0.682087 0.0233195 0.0534597 0.0116509
8 0.827338 0.677843 0.0682842 0.0863428 0.0112991
8 0.865835 0.673435 0.120248 0.105556 0.0110149
3 0.923733 0.67551 0.106937 0.115358 0.0109549
8 0.985237 0.867888 0.0257573 0.260858 0.010917
3 0.348995 0.684139 0.0231401 0.0827724 0.0106089
0 0.978861 0.66834 0.0400336 0.119739 0.0105621
2 0.310775 0.561648 0.0078819 0.0113442 0.0103637
8 0.946914 0.699955 0.102275 0.165037 0.0100314
2 0.656304 0.54834 0.0109782 0.0102073 0.0100128
8 0.559076 0.679802 0.0214689 0.0379158 0.00994285
0 0.314988 0.663079 0.0155302 0.0569511 0.00966011
0 0.377479 0.654862 0.0142795 0.0653338 0.00957038
8 0.896678 0.664066 0.0724301 0.0857247 0.0092061
1 0.520748 0.612393 0.0126317 0.0180807 0.00919701
0 0.357076 0.633185 0.0119393 0.0229696 0.00903945
4 0.449388 0.662548 0.0188589 0.0486693 0.00875752
2 0.74727 0.470785 0.012692 0.0222468 0.00820284
8 0.88998 0.690449 0.175415 0.140793 0.00806669
3 0.411595 0.675731 0.0116137 0.0323772 0.00797074
2 0.608788 0.495046 0.0113259 0.00828521 0.00783839
3 0.963688 0.672009 0.0684652 0.126635 0.00773931
8 0.819309 0.703631 0.108257 0.120595 0.00766598
4 0.901377 0.65114 0.0424721 0.0592836 0.00766167
8 0.382239 0.679257 0.0189439 0.0697362 0.00757693
14 0.397703 0.683398 0.0193795 0.0404041 0.00752389
5 0.395576 0.684869 0.0205934 0.0500264 0.00748122
8 0.567595 0.682299 0.0205319 0.0355493 0.0073054
2 0.662853 0.550092 0.0113975 0.0104071 0.00727336
8 0.88156 0.659251 0.0696448 0.0757282 0.00722003
8 0.978861 0.66834 0.0400336 0.119739 0.00714585
4 0.985199 0.851307 0.0256175 0.273059 0.00677467
3 0.377328 0.693889 0.021592 0.0497109 0.00670868
4 0.964744 0.720363 0.0677848 0.112109 0.00669991
2 0.644677 0.544089 0.0131447 0.0111956 0.00666556
17 0.357076 0.633185 0.0119393 0.0229696 0.00650231
3 0.946914 0.699955 0.102275 0.165037 0.00644096
2 0.536835 0.609223 0.0155681 0.0172545 0.00630442
3 0.448675 0.67388 0.0143481 0.0356508 0.00629573
17 0.925694 0.674385 0.109247 0.112109 0.00626222
4 0.916197 0.659071 0.0767079 0.0771204 0.0062619
3 0.354122 0.678154 0.0216893 0.0958245 0.00622657
3 0.358873 0.674615 0.0196547 0.0964308 0.00613608
8 0.985705 0.745856 0.0255684 0.0889019 0.00611362
8 0.584978 0.677959 0.0222204 0.0465945 0.00601526
8 0.411595 0.675731 0.0116137 0.0323772 0.00594349
3 0.414773 0.679582 0.0160216 0.0279152 0.00591253
8 0.869222 0.668733 0.0853477 0.0848828 0.0058754
8 0.808919 0.680765 0.0838382 0.0867957 0.0058669
2 0.612181 0.487414 0.00621252 0.0129792 0.00577942
8 0.550362 0.672178 0.0172115 0.0319853 0.00572355
4 0.896678 0.664066 0.0724301 0.0857247 0.00566194
8 0.59885 0.68325 0.0230735 0.0544053 0.00563441
4 0.966197 0.679037 0.0662765 0.108527 0.00561181
8 0.958303 0.65661 0.0704588 0.0851546 0.00527972
8 0.669096 0.723109 0.0454716 0.15853 0.00522472
8 0.449388 0.662548 0.0188589 0.0486693 0.00519486
4 0.88156 0.659251 0.0696448 0.0757282 0.00517381
0 0.338195 0.662951 0.0183228 0.0710436 0.00505627
3 0.599475 0.695801 0.0190247 0.0453065 0.00499835
8 0.358873 0.674615 0.0196547 0.0964308 0.00499127
3 0.34861 0.701224 0.0235742 0.056608 0.00498976
44 0.952616 0.832616 0.0912235 0.281624 0.00484805
8 0.986316 0.668112 0.0238333 0.116081 0.00484082
3 0.469933 0.661868 0.0216726 0.0265225 0.00483836
4 0.50975 0.661255 0.0219649 0.0313918 0.0048132
5 0.851181 0.753979 0.200405 0.222351 0.00479637
2 0.484143 0.484369 0.00831775 0.0151227 0.00467033
22 0.579931 0.683251 0.0199031 0.0407815 0.00466633
2 0.802119 0.467281 0.0110257 0.0160898 0.00466203
2 0.634197 0.54633 0.0102455 0.00904236 0.00459222
3 0.659557 0.701005 0.035339 0.110556 0.00451957
1 0.52996 0.611401 0.0276622 0.0170907 0.00449935
2 0.625587 0.458733 0.0106124 0.0191811 0.00448929
7 0.430601 0.62501 0.00958627 0.0432449 0.00448527
3 0.852913 0.730675 0.128819 0.150913 0.00438596
8 0.795183 0.687958 0.0618569 0.0770776 0.00434683
3 0.540878 0.668689 0.01661 0.0296907 0.00432281
2 0.641404 0.538349 0.00901257 0.0183687 0.0042366
2 0.684589 0.454425 0.0131285 0.0218437 0.00417986
4 0.985705 0.745856 0.0255684 0.0889019 0.00415743
1 0.282396 0.546863 0.00925073 0.0190238 0.00411927
0 0.411595 0.675731 0.0116137 0.0323772 0.004106
8 0.580542 0.681839 0.0220159 0.0394452 0.00409031
2 0.797018 0.468756 0.009948 0.0118854 0.0039923
8 0.888198 0.65162 0.0453138 0.060371 0.00394332
3 0.88373 0.691207 0.125282 0.0686067 0.00393925
0 0.395242 0.666459 0.0157053 0.0705101 0.00393025
4 0.975446 0.703687 0.0450535 0.113648 0.00385188
2 0.816049 0.4706 0.00847302 0.0107996 0.0038413
4 0.445945 0.668642 0.0192686 0.0358495 0.00379449
22 0.59957 0.685959 0.0215805 0.0594092 0.00379296
18 0.395576 0.684869 0.0205934 0.0500264 0.00369561
3 0.839301 0.656275 0.025868 0.0457438 0.00369543
2 0.0765829 0.424106 0.0116613 0.0336156 0.00360503
4 0.869222 0.668733 0.0853477 0.0848828 0.00359574
2 0.598843 0.527665 0.00857062 0.0286916 0.0035862
19 0.952616 0.832616 0.0912235 0.281624 0.00356138
7 0.429677 0.608574 0.0107387 0.014898 0.00355608
8 0.450709 0.680401 0.0129153 0.0351054 0.00340376
43 0.326171 0.413825 0.652341 0.827649 0.0033719
4 0.945783 0.764033 0.103627 0.219166 0.00335837
8 0.414773 0.679582 0.0160216 0.0279152 0.00334326
8 0.802619 0.706172 0.0798678 0.101165 0.00324748
8 0.987154 0.761167 0.0223275 0.0607955 0.00324249
3 0.376269 0.671831 0.0214722 0.0912347 0.00316855
8 0.42779 0.675932 0.0249142 0.024194 0.00315216
0 0.373627 0.659658 0.0183822 0.0765576 0.00313197
0 0.555488 0.652698 0.013215 0.0258485 0.0028676
2 0.330883 0.57907 0.0110898 0.01563 0.00284624
0 0.550644 0.666954 0.0187835 0.0343044 0.00284521
3 0.831347 0.657057 0.0366828 0.0473439 0.00278391
2 0.364356 0.597138 0.00748462 0.0104229 0.00278381
2 0.691501 0.436605 0.0131121 0.041453 0.00278305
8 0.445945 0.668642 0.0192686 0.0358495 0.00277167
0 0.965769 0.668037 0.065001 0.119586 0.00270547
0 0.445945 0.668642 0.0192686 0.0358495 0.00269379
3 0.88998 0.690449 0.175415 0.140793 0.00267357
2 0.488529 0.478978 0.00962238 0.0135152 0.00264724
8 0.975446 0.703687 0.0450535 0.113648 0.00258276
8 0.760393 0.706967 0.0630284 0.110561 0.0025736
3 0.445945 0.668642 0.0192686 0.0358495 0.00256068
5 0.449063 0.663655 0.0167462 0.0489387 0.00253279
2 0.79596 0.461009 0.0102956 0.0168506 0.00252943
2 0.336164 0.588178 0.0082558 0.0183518 0.00247816
2 0.606398 0.433351 0.0109897 0.0131126 0.00243871
3 0.905214 0.751368 0.110802 0.166359 0.00243543
17 0.965769 0.668037 0.065001 0.119586 0.00243244
8 0.540878 0.668689 0.01661 0.0296907 0.00243226
2 0.52996 0.611401 0.0276622 0.0170907 0.00239309
7 0.3658 0.598815 0.00657806 0.0135557 0.00237165
2 0.612856 0.530583 0.011338 0.0156833 0.00236301
4 0.888198 0.65162 0.0453138 0.060371 0.00234937
2 0.687099 0.443903 0.0160184 0.0342093 0.00234662
1 0.429677 0.608574 0.0107387 0.014898 0.00222724
0 0.415968 0.669186 0.0152465 0.0443436 0.00219368
0 0.499605 0.660293 0.0203107 0.0311078 0.00218412
2 0.36568 0.594102 0.00722653 0.0176607 0.00212191
22 0.567595 0.682299 0.0205319 0.0355493 0.00202485
1 0.430601 0.62501 0.00958627 0.0432449 0.0020131
2 0.804366 0.462648 0.0162639 0.0209194 0.00201025
2 0.488357 0.484095 0.0099884 0.0160308 0.00200461
13 0.988809 0.62912 0.0187136 0.0589883 0.00199954
3 0.610475 0.689481 0.0257468 0.0646661 0.00196483
3 0.985237 0.867888 0.0257573 0.260858 0.0019415
0 0.925694 0.674385 0.109247 0.112109 0.00194026
2 0.3658 0.598815 0.00657806 0.0135557 0.00190044
2 0.357076 0.633185 0.0119393 0.0229696 0.00184613
22 0.721205 0.75102 0.0285121 0.0852525 0.00179984
3 0.723365 0.746345 0.0256772 0.0915849 0.00179371
3 0.644863 0.694267 0.0483351 0.0953444 0.0017689
2 0.484394 0.479794 0.00870819 0.0142423 0.00176302
2 0.616335 0.504624 0.00963647 0.0185012 0.00175436
2 0.327325 0.574253 0.0119247 0.0157909 0.00174018
8 0.378255 0.670674 0.020167 0.0859068 0.00170767
1 0.984976 0.871418 0.0252997 0.255323 0.00170528
8 0.834884 0.759549 0.103324 0.203866 0.00169856
4 0.397703 0.683398 0.0193795 0.0404041 0.00169031
0 0.602455 0.677525 0.021907 0.0485963 0.00168945
4 0.865835 0.673435 0.120248 0.105556 0.0016868
2 0.0331335 0.474956 0.0162908 0.018571 0.00168564
8 0.883979 0.735788 0.143295 0.144447 0.00168371
8 0.760438 0.732564 0.0881243 0.125389 0.00167767
9 0.393944 0.679365 0.0179914 0.0481414 0.00166043
2 0.661877 0.485713 0.0144496 0.0140212 0.00163062
8 0.971765 0.851638 0.054707 0.257765 0.00161407
2 0.464449 0.488883 0.0104249 0.00997822 0.00160651
3 0.850439 0.659608 0.0465228 0.0544886 0.00160247
2 0.585414 0.497367 0.010206 0.0122218 0.00157762
2 0.607274 0.538211 0.00966449 0.0218055 0.00157457
0 0.470159 0.655808 0.0196815 0.0293412 0.00156356
2 0.64595 0.492645 0.0122933 0.0083424 0.00156327
3 0.670685 0.668775 0.0498456 0.0526636 0.00154473
4 0.540878 0.668689 0.01661 0.0296907 0.00154127
0 0.896678 0.664066 0.0724301 0.0857247 0.00153986
3 0.957177 0.723999 0.0839417 0.125904 0.00153717
3 0.638018 0.710158 0.0172685 0.0586944 0.0015346
2 0.308858 0.556159 0.00836453 0.0166455 0.00151346
2 0.610197 0.480854 0.0111843 0.0175775 0.00146651
2 0.520748 0.612393 0.0126317 0.0180807 0.00146388
3 0.784257 0.677892 0.0388428 0.0630366 0.00145521
3 0.398264 0.67511 0.0189409 0.0402375 0.00143148
4 0.450182 0.66969 0.0148417 0.03821 0.0014171
0 0.988809 0.62912 0.0187136 0.0589883 0.00141693
2 0.0405205 0.475223 0.0119521 0.0191198 0.00141214
4 0.3578 0.670878 0.0164965 0.0959236 0.00140664
13 0.896358 0.644869 0.0273731 0.049608 0.00140662
2 0.472045 0.478478 0.00870343 0.0135121 0.00140504
0 0.901377 0.65114 0.0424721 0.0592836 0.0014009
0 0.347325 0.632421 0.0124296 0.0210616 0.00139296
8 0.780124 0.704866 0.0918797 0.103117 0.00138924
3 0.589289 0.685724 0.0265902 0.0512435 0.00137007
18 0.376269 0.671831 0.0214722 0.0912347 0.00134596
4 0.46106 0.646439 0.0146901 0.0336144 0.00133642
7 0.282688 0.548331 0.0101502 0.0209411 0.00133479
2 0.747431 0.464435 0.0119892 0.0216019 0.00132524
14 0.376269 0.671831 0.0214722 0.0912347 0.00132326
17 0.865835 0.673435 0.120248 0.105556 0.00131413
2 0.988538 0.658785 0.0195355 0.0987712 0.00130733
4 0.411595 0.675731 0.0116137 0.0323772 0.00129909
5 0.470921 0.662476 0.0214833 0.022392 0.00129329
8 0.977899 0.88269 0.0423965 0.208921 0.00129146
0 0.555878 0.673853 0.0182033 0.0417361 0.00128955
0 0.602306 0.656771 0.018424 0.0349847 0.00128638
23 0.556122 0.672606 0.0155746 0.045839 0.00127497
22 0.556122 0.672606 0.0155746 0.045839 0.00126182
8 0.353759 0.674107 0.0187115 0.0854244 0.00124874
0 0.590477 0.659416 0.0152791 0.0504096 0.00123885
2 0.657213 0.493535 0.0131512 0.00898256 0.00123439
