0 0.215646 0.640543 0.111281 0.416598 0.912264
0 0.34802 0.703656 0.110592 0.574067 0.887664
0 0.473932 0.582601 0.0588646 0.32081 0.885317
8 0.138238 0.60149 0.0589226 0.125465 0.770904
0 0.137677 0.560581 0.0558922 0.170578 0.507251
30 0.0375387 0.288177 0.023205 0.0517172 0.464165
0 0.38635 0.541159 0.0406341 0.157406 0.364895
0 0.162258 0.517191 0.0298148 0.0769689 0.315337
0 0.321993 0.484466 0.0436918 0.0835293 0.224356
8 0.011808 0.61429 0.0236127 0.115018 0.205695
0 0.138628 0.532015 0.0519298 0.105127 0.19563
5 0.139069 0.603084 0.0592936 0.126031 0.176345
0 0.178258 0.577277 0.0374557 0.189846 0.149554
0 0.154055 0.521636 0.0296932 0.0847748 0.131869
8 0.037178 0.606013 0.0460032 0.113203 0.120577
0 0.409274 0.567213 0.0187513 0.108091 0.115801
0 0.44353 0.536324 0.0203842 0.149333 0.0792744
17 0.360273 0.438916 0.0414885 0.0417682 0.0601629
0 0.444581 0.561752 0.0174999 0.104577 0.0586579
0 0.165721 0.574395 0.0390743 0.185337 0.0537691
17 0.14128 0.483705 0.0185542 0.0167313 0.0481554
0 0.14128 0.483705 0.0185542 0.0167313 0.0451931
8 0.0104051 0.639838 0.0201892 0.0666317 0.0434881
8 0.0178971 0.606915 0.0353214 0.114483 0.0421924
0 0.40277 0.550981 0.0125498 0.0935351 0.0417583
18 0.410265 0.58052 0.0173872 0.0905163 0.0409371
0 0.138476 0.505871 0.0232943 0.0611884 0.0395867
0 0.125362 0.532507 0.056819 0.145626 0.0367624
17 0.142754 0.476073 0.0175387 0.0223449 0.034403
0 0.393536 0.560554 0.0293478 0.130913 0.0341595
8 0.172261 0.598258 0.0350645 0.13697 0.0318002
30 0.0719749 0.305851 0.0179243 0.040146 0.0287335
0 0.443282 0.509202 0.0187018 0.0895391 0.0282581
0 0.391472 0.494266 0.0159746 0.0523989 0.0280294
17 0.468529 0.438939 0.0168978 0.0292677 0.0277534
0 0.377573 0.480489 0.0137438 0.0436094 0.0272524
30 0.00775813 0.264021 0.0145447 0.0392016 0.0259746
0 0.319435 0.488375 0.0298633 0.0712312 0.0258661
10 0.492381 0.571896 0.0168553 0.0290984 0.0246155
0 0.443936 0.575439 0.0153202 0.0702155 0.0240324
0 0.126501 0.535382 0.0312636 0.130122 0.022725
0 0.379842 0.485975 0.0180756 0.0514274 0.0207612
0 0.413084 0.550802 0.0141624 0.0676451 0.019711
0 0.449837 0.533677 0.0153629 0.119095 0.0192183
32 0.702265 0.732977 0.0575935 0.113507 0.0189226
0 0.187372 0.65034 0.059184 0.386088 0.0184528
30 0.252992 0.303868 0.0192607 0.0350579 0.0177501
0 0.142335 0.482312 0.0339837 0.0182536 0.0176799
0 0.188766 0.51319 0.0162513 0.0523309 0.0169307
3 0.443936 0.575439 0.0153202 0.0702155 0.016903
0 0.312366 0.498859 0.0233795 0.0489772 0.0161589
18 0.107187 0.569727 0.0147422 0.0589618 0.0159766
2 0.575226 0.532514 0.0159944 0.0192739 0.0146237
8 0.0452134 0.611142 0.0328234 0.0956881 0.0144189
17 0.137891 0.473949 0.0202483 0.0245139 0.01353
9 0.107187 0.569727 0.0147422 0.0589618 0.0124248
3 0.0111651 0.614879 0.0221303 0.11563 0.0123901
18 0.702265 0.732977 0.0575935 0.113507 0.0119305
2 0.10839 0.249198 0.0144714 0.0271719 0.0117446
22 0.641275 0.912732 0.0130286 0.0300878 0.0114044
10 0.492525 0.531361 0.0209925 0.0968012 0.0112885
18 0.42912 0.566779 0.0223667 0.0427703 0.0107954
8 0.164492 0.58163 0.0344121 0.167888 0.0105581
1 0.708773 0.242488 0.0649007 0.059482 0.0105052
0 0.452709 0.515673 0.0135629 0.131387 0.0101366
9 0.479482 0.526861 0.0446353 0.101897 0.00978799
0 0.124707 0.505953 0.0245209 0.10646 0.00972761
22 0.410265 0.58052 0.0173872 0.0905163 0.00944396
0 0.448233 0.572431 0.018342 0.0743541 0.00894408
0 0.0455363 0.610223 0.030909 0.0990732 0.00844698
17 0.15145 0.466099 0.0134031 0.0354436 0.00815743
8 0.129375 0.547168 0.0559242 0.134095 0.00805061
17 0.138476 0.505871 0.0232943 0.0611884 0.00802579
18 0.44335 0.57334 0.0156693 0.0758553 0.00795144
0 0.142754 0.476073 0.0175387 0.0223449 0.00761919
0 0.319044 0.502842 0.0511046 0.117678 0.00748379
0 0.421792 0.502483 0.00988129 0.0487798 0.00746758
0 0.420618 0.514771 0.00993127 0.0423869 0.00734986
30 0.239043 0.211522 0.032994 0.0330315 0.00730558
8 0.129837 0.59208 0.0415939 0.102906 0.00712463
17 0.104449 0.466459 0.0232442 0.023373 0.00686338
17 0.162158 0.516933 0.0295124 0.0774564 0.00686068
0 0.312662 0.506748 0.0338254 0.0605792 0.00684949
0 0.15145 0.466099 0.0134031 0.0354436 0.00674388
20 0.492381 0.571896 0.0168553 0.0290984 0.00655162
14 0.549555 0.613823 0.0457739 0.113798 0.00630342
3 0.037178 0.606013 0.0460032 0.113203 0.00622251
0 0.27245 0.515443 0.0102598 0.0298333 0.00611689
22 0.641576 0.928665 0.0155187 0.0618039 0.00596293
18 0.0455363 0.610223 0.030909 0.0990732 0.0056961
9 0.492525 0.531361 0.0209925 0.0968012 0.0055836
0 0.107187 0.569727 0.0147422 0.0589618 0.00555673
10 0.391203 0.620174 0.0153763 0.0323527 0.00550573
30 0.0574379 0.308398 0.0157762 0.0269794 0.00542264
1 0.402019 0.437416 0.0106218 0.0187356 0.00532424
30 0.558491 0.270706 0.0194284 0.0549631 0.00513725
0 0.256783 0.511093 0.0114305 0.0341258 0.00513531
17 0.111229 0.461588 0.0334847 0.0352131 0.00503263
22 0.27245 0.515443 0.0102598 0.0298333 0.00497579
0 0.11432 0.537618 0.0313075 0.125993 0.00494069
11 0.479482 0.526861 0.0446353 0.101897 0.00493827
10 0.107187 0.569727 0.0147422 0.0589618 0.00488941
2 0.902055 0.241609 0.013207 0.0200438 0.00483944
22 0.275304 0.516327 0.0124305 0.0285989 0.00451172
18 0.433018 0.579122 0.0254478 0.0688249 0.0044789
0 0.176933 0.523203 0.0143484 0.0691074 0.00445
0 0.468529 0.438939 0.0168978 0.0292677 0.00441685
0 0.429594 0.496322 0.0243601 0.0810951 0.00440165
17 0.0423443 0.59868 0.0388779 0.121355 0.00434877
0 0.462996 0.446607 0.0205368 0.0289298 0.00431971
8 0.177055 0.576324 0.0385547 0.180009 0.00429163
4 0.38635 0.541159 0.0406341 0.157406 0.00428264
30 0.00964933 0.318871 0.0179006 0.0174665 0.00426246
1 0.170188 0.38546 0.0276998 0.0473078 0.00424655
9 0.136867 0.544924 0.0518285 0.119324 0.00424583
8 0.144766 0.583189 0.0450788 0.104574 0.00422816
8 0.0320262 0.623096 0.0332547 0.0773209 0.0041951
9 0.492381 0.571896 0.0168553 0.0290984 0.00405308
30 0.0947417 0.319752 0.0122169 0.034696 0.00404751
10 0.410265 0.58052 0.0173872 0.0905163 0.00382625
0 0.137138 0.602766 0.0566974 0.128427 0.00379716
10 0.717405 0.686748 0.00745313 0.0242675 0.00378305
30 0.104449 0.466459 0.0232442 0.023373 0.00365061
9 0.121309 0.57983 0.0242294 0.0876356 0.00360554
30 0.540792 0.284516 0.014562 0.0434379 0.00355476
8 0.409898 0.556464 0.0153307 0.0904068 0.00354145
3 0.430298 0.566754 0.0194296 0.0386765 0.00352975
14 0.362588 0.803356 0.0535849 0.278809 0.00352851
3 0.173331 0.575825 0.03469 0.178316 0.00352348
30 0.102068 0.469661 0.0187483 0.0165854 0.00337793
0 0.486528 0.525149 0.0349821 0.107907 0.00333266
9 0.448307 0.546907 0.0166861 0.119718 0.00322811
0 0.170978 0.602316 0.0339361 0.129473 0.00320295
17 0.102068 0.469661 0.0187483 0.0165854 0.00320193
2 0.402019 0.437416 0.0106218 0.0187356 0.00318756
3 0.0178971 0.606915 0.0353214 0.114483 0.00318754
8 0.137677 0.560581 0.0558922 0.170578 0.00312062
0 0.190394 0.499655 0.0116594 0.0247933 0.00303252
2 0.892085 0.216486 0.013501 0.0498559 0.00301868
2 0.648356 0.293487 0.012923 0.0253834 0.00299607
0 0.445919 0.587619 0.0152887 0.0927937 0.00297376
19 0.42912 0.566779 0.0223667 0.0427703 0.00289233
0 0.121309 0.57983 0.0242294 0.0876356 0.00287509
0 0.0459874 0.601368 0.0433634 0.11909 0.00285854
2 0.66169 0.243735 0.0137443 0.0311826 0.00283938
16 0.0460225 0.622422 0.0330532 0.0749081 0.00280576
30 0.217607 0.353136 0.0113105 0.0238203 0.00280162
0 0.137891 0.473949 0.0202483 0.0245139 0.00279303
30 0.170188 0.38546 0.0276998 0.0473078 0.00278544
2 0.0380137 0.287801 0.0236902 0.0530833 0.00277325
2 0.01216 0.323225 0.0211501 0.0211358 0.00275883
20 0.492525 0.531361 0.0209925 0.0968012 0.00273447
20 0.391203 0.620174 0.0153763 0.0323527 0.00265948
18 0.0130805 0.643277 0.0244319 0.0576967 0.00265107
0 0.25439 0.501444 0.0106879 0.0383206 0.0026435
30 0.069243 0.305729 0.0167301 0.0280948 0.00264043
35 0.927537 0.922327 0.0511616 0.115148 0.00262997
30 0.403796 0.430054 0.0104141 0.0176432 0.00260929
18 0.0136335 0.622133 0.0258633 0.096966 0.00255724
8 0.443936 0.575439 0.0153202 0.0702155 0.00254562
18 0.697528 0.60824 0.074989 0.387115 0.00252191
9 0.413084 0.550802 0.0141624 0.0676451 0.00251211
30 0.157846 0.284975 0.018166 0.0501717 0.00247792
0 0.144766 0.583189 0.0450788 0.104574 0.00247149
37 0.410265 0.58052 0.0173872 0.0905163 0.00244363
0 0.492525 0.531361 0.0209925 0.0968012 0.00240636
26 0.702265 0.732977 0.0575935 0.113507 0.00235873
17 0.142335 0.482312 0.0339837 0.0182536 0.00235134
8 0.388257 0.547415 0.0379739 0.147037 0.00233996
0 0.435664 0.53893 0.0188715 0.0383743 0.00232283
2 0.896221 0.221223 0.0222595 0.0599278 0.00228346
1 0.430065 0.36937 0.0313741 0.107596 0.00223502
30 0.402019 0.437416 0.0106218 0.0187356 0.00221385
17 0.462996 0.446607 0.0205368 0.0289298 0.00217992
30 0.162545 0.236106 0.0271486 0.0221094 0.00217254
30 0.156591 0.246081 0.0216567 0.0142387 0.00215515
0 0.403367 0.529608 0.02262 0.113884 0.00210412
3 0.138576 0.601319 0.0589035 0.125971 0.00207718
30 0.00823587 0.278879 0.0152977 0.0226127 0.0020628
26 0.717405 0.686748 0.00745313 0.0242675 0.00206271
30 0.303923 0.317893 0.0129618 0.040088 0.00203396
22 0.107187 0.569727 0.0147422 0.0589618 0.00203082
30 0.232762 0.254044 0.0124275 0.0231289 0.00200769
13 0.14128 0.483705 0.0185542 0.0167313 0.0020005
30 0.414862 0.276394 0.0205058 0.0446765 0.00200037
10 0.413084 0.550802 0.0141624 0.0676451 0.00197362
18 0.696477 0.693808 0.0743533 0.21612 0.00197225
0 0.412336 0.582432 0.018956 0.0870572 0.00196885
8 0.444581 0.561752 0.0174999 0.104577 0.0019553
17 0.120551 0.452917 0.0225251 0.0234168 0.0019359
30 0.0118032 0.293771 0.0211671 0.0370721 0.00189569
0 0.275304 0.516327 0.0124305 0.0285989 0.00188849
0 0.296321 0.517378 0.0108014 0.0331407 0.00188068
2 0.58052 0.0750414 0.0213701 0.0471856 0.00187253
10 0.641275 0.912732 0.0130286 0.0300878 0.0018719
37 0.107187 0.569727 0.0147422 0.0589618 0.00187027
17 0.149086 0.453174 0.0177076 0.0247257 0.00186354
0 0.397865 0.601439 0.0178259 0.0533452 0.001843
30 0.154309 0.277414 0.0173996 0.0659142 0.001842
0 0.359803 0.489338 0.0879516 0.13003 0.00179252
14 0.138576 0.601319 0.0589035 0.125971 0.00178368
20 0.468529 0.438939 0.0168978 0.0292677 0.00177956
9 0.444581 0.561752 0.0174999 0.104577 0.0017755
5 0.129837 0.59208 0.0415939 0.102906 0.0017625
8 0.109353 0.576171 0.014119 0.0546417 0.00176121
9 0.42912 0.566779 0.0223667 0.0427703 0.00174368
8 0.42912 0.566779 0.0223667 0.0427703 0.00174134
3 0.0104051 0.639838 0.0201892 0.0666317 0.001715
0 0.467242 0.458166 0.0245468 0.0450263 0.00170357
2 0.115145 0.252801 0.0180868 0.0302864 0.00168578
0 0.319538 0.555587 0.0571676 0.248627 0.00167356
16 0.443936 0.575439 0.0153202 0.0702155 0.00165564
9 0.410265 0.58052 0.0173872 0.0905163 0.00162219
11 0.136867 0.544924 0.0518285 0.119324 0.00159092
3 0.362588 0.803356 0.0535849 0.278809 0.00156058
0 0.1896 0.609832 0.0385459 0.319875 0.00154077
35 0.923782 0.913895 0.064237 0.155992 0.00153989
0 0.408826 0.535803 0.0268017 0.159585 0.00153266
0 0.011808 0.61429 0.0236127 0.115018 0.00150536
0 0.246637 0.496939 0.0116322 0.0321342 0.00146591
10 0.965094 0.761119 0.00869714 0.038721 0.00145082
22 0.652445 0.911991 0.02692 0.0281029 0.00142912
8 0.00843935 0.569691 0.0158773 0.069178 0.00142053
8 0.413084 0.550802 0.0141624 0.0676451 0.00141815
35 0.443936 0.575439 0.0153202 0.0702155 0.00140291
30 0.15752 0.227821 0.0370866 0.0335165 0.00140251
16 0.0413692 0.610778 0.036076 0.0994954 0.00139021
1 0.201667 0.397653 0.0117486 0.0272827 0.0013868
3 0.00624422 0.553739 0.0112479 0.0541584 0.00138019
13 0.391203 0.620174 0.0153763 0.0323527 0.00135963
1 0.24432 0.424423 0.00940361 0.0245473 0.00135591
17 0.413084 0.550802 0.0141624 0.0676451 0.00134563
1 0.403796 0.430054 0.0104141 0.0176432 0.00134246
3 0.00843935 0.569691 0.0158773 0.069178 0.00133319
2 0.00964933 0.318871 0.0179006 0.0174665 0.00132529
5 0.172261 0.598258 0.0350645 0.13697 0.00132508
2 0.167696 0.368421 0.0229293 0.0348692 0.00129855
2 0.11182 0.255612 0.0165832 0.0364921 0.0012954
0 0.327862 0.475545 0.0408805 0.0648456 0.00128668
30 0.249485 0.402374 0.014655 0.0251321 0.0012865
14 0.410265 0.58052 0.0173872 0.0905163 0.00128605
0 0.43198 0.511647 0.0258036 0.0573289 0.00128313
2 0.156591 0.246081 0.0216567 0.0142387 0.001283
3 0.433018 0.579122 0.0254478 0.0688249 0.00127567
30 0.217423 0.215929 0.011522 0.0405436 0.00125311
2 0.102068 0.469661 0.0187483 0.0165854 0.00124539
8 0.435664 0.53893 0.0188715 0.0383743 0.00123814
0 0.25041 0.504863 0.0211626 0.0462729 0.00123395
9 0.138814 0.518954 0.0493398 0.0805264 0.00122976
18 0.435664 0.53893 0.0188715 0.0383743 0.00122961
22 0.0109558 0.614654 0.0219116 0.110791 0.00122086
18 0.413084 0.550802 0.0141624 0.0676451 0.00121439
0 0.42912 0.566779 0.0223667 0.0427703 0.00121316
11 0.138814 0.518954 0.0493398 0.0805264 0.00120067
30 0.0152707 0.265974 0.0212245 0.0355691 0.00118978
30 0.257492 0.362794 0.0198738 0.0276575 0.00118856
9 0.18054 0.576207 0.0356618 0.181459 0.00116634
8 0.121309 0.57983 0.0242294 0.0876356 0.00116418
0 0.29747 0.487754 0.0161948 0.092688 0.00116368
2 0.0574379 0.308398 0.0157762 0.0269794 0.00115453
18 0.397865 0.601439 0.0178259 0.0533452 0.0011465
30 0.0129692 0.308196 0.0247512 0.0321909 0.00113982
2 0.104449 0.466459 0.0232442 0.023373 0.00111528
18 0.0320262 0.623096 0.0332547 0.0773209 0.00111438
26 0.72037 0.681772 0.0115927 0.0314325 0.00111417
0 0.492381 0.571896 0.0168553 0.0290984 0.00109834
35 0.677211 0.345945 0.0523883 0.124104 0.00109086
1 0.398047 0.438734 0.0100029 0.0170909 0.00108351
17 0.387071 0.547922 0.0392603 0.148043 0.00107577
17 0.128934 0.451588 0.021256 0.0207816 0.00107092
18 0.137138 0.602766 0.0566974 0.128427 0.0010697
9 0.163462 0.528747 0.0291375 0.0803277 0.00106872
20 0.413084 0.550802 0.0141624 0.0676451 0.00104975
17 0.391203 0.620174 0.0153763 0.0323527 0.00104971
2 0.162545 0.236106 0.0271486 0.0221094 0.00103925
2 0.0951532 0.319807 0.0109383 0.0345147 0.00103442
5 0.177055 0.576324 0.0385547 0.180009 0.00103419
10 0.397865 0.601439 0.0178259 0.0533452 0.00102489
0 0.261005 0.51633 0.0205835 0.0369359 0.00101336
0 0.00624422 0.553739 0.0112479 0.0541584 0.00101238
30 0.384316 0.339403 0.0108426 0.0142244 0.00101186
