10 0.442394 0.65399 0.130597 0.284733 0.784108
10 0.288464 0.591629 0.149948 0.403845 0.659175
36 0.288402 0.589709 0.150438 0.407621 0.110084
35 0.248415 0.500742 0.232063 0.589058 0.0817838
36 0.29668 0.661003 0.134253 0.272329 0.0712091
35 0.759426 0.518079 0.19808 0.66989 0.0375457
36 0.753452 0.696438 0.144387 0.337783 0.0194103
10 0.758082 0.518773 0.187528 0.677493 0.0185416
36 0.748405 0.525169 0.172646 0.661374 0.0155084
35 0.503169 0.57477 0.256274 0.440324 0.0090269
35 0.571396 0.556294 0.394639 0.491129 0.0034862
35 0.440453 0.399911 0.613211 0.799822 0.00345459
36 0.453744 0.647229 0.145629 0.293764 0.00333293
35 0.66808 0.569531 0.340385 0.546738 0.00322495
36 0.682779 0.571925 0.300746 0.571775 0.00132571
60 0.29668 0.661003 0.134253 0.272329 0.00112177
