1 0.918224 0.471807 0.108149 0.251633 0.948369
4 0.369428 0.712022 0.120266 0.173516 0.932116
4 0.264122 0.685877 0.0365957 0.0393615 0.844515
1 0.141388 0.597879 0.0363292 0.0929851 0.840663
1 0.557218 0.620337 0.0204774 0.0655709 0.808474
42 0.586786 0.666607 0.0306404 0.0215068 0.728847
4 0.286293 0.684493 0.0234155 0.038105 0.726357
42 0.108226 0.659324 0.0228684 0.0110305 0.714682
4 0.208036 0.686673 0.0345544 0.0523407 0.703973
0 0.587884 0.710605 0.0246214 0.0783991 0.701456
42 0.639314 0.658687 0.0226365 0.0132757 0.633249
0 0.103491 0.694552 0.0127387 0.0512018 0.623605
0 0.643064 0.690198 0.0135461 0.0556815 0.488012
7 0.189295 0.565834 0.00872884 0.0275423 0.434995
1 0.0790009 0.64965 0.0193294 0.0308579 0.3458
6 0.20837 0.686778 0.034335 0.0528326 0.277486
0 0.60593 0.684187 0.0119697 0.0408627 0.23721
7 0.686195 0.452851 0.0191019 0.10775 0.190044
42 0.586364 0.680557 0.0290464 0.0469433 0.187556
5 0.208035 0.686606 0.0348728 0.0522925 0.172843
0 0.597539 0.696006 0.0182158 0.0656142 0.152457
1 0.505401 0.626215 0.0209125 0.0346269 0.136688
42 0.606233 0.653631 0.0141917 0.0337062 0.130612
0 0.606528 0.669571 0.0131537 0.0555966 0.123921
0 0.63699 0.686922 0.0150631 0.060396 0.116704
5 0.440732 0.688889 0.0163058 0.0259341 0.108399
2 0.989227 0.070324 0.0205198 0.0404831 0.108297
1 0.491274 0.623042 0.014946 0.0303792 0.107549
1 0.60592 0.652644 0.0150341 0.0317673 0.105077
7 0.178131 0.550097 0.0117459 0.0184419 0.0973363
6 0.440509 0.682927 0.017496 0.0385859 0.0597738
0 0.602791 0.697514 0.0148408 0.0560551 0.0574963
4 0.440509 0.682927 0.017496 0.0385859 0.0562141
7 0.186463 0.566328 0.0109309 0.0236715 0.055635
4 0.422389 0.681563 0.011858 0.0242362 0.052077
42 0.606528 0.669571 0.0131537 0.0555966 0.0480328
4 0.453396 0.674587 0.00734735 0.0167854 0.0423675
1 0.453574 0.665205 0.00770834 0.0229941 0.0422256
8 0.440732 0.688889 0.0163058 0.0259341 0.0395827
0 0.586364 0.680557 0.0290464 0.0469433 0.039463
0 0.0754347 0.682477 0.0148899 0.0406952 0.0381916
22 0.315922 0.698189 0.0096445 0.0365489 0.0366432
1 0.464485 0.676295 0.00863074 0.0168603 0.0351257
0 0.422389 0.681563 0.011858 0.0242362 0.0349742
4 0.461933 0.675405 0.0119373 0.0172235 0.0341294
4 0.422516 0.687749 0.0162502 0.039218 0.0317974
0 0.107133 0.663801 0.0194163 0.0183168 0.0276823
8 0.426345 0.681084 0.0100597 0.0250909 0.0257842
0 0.605546 0.692154 0.0144919 0.0492512 0.0257011
4 0.426345 0.681084 0.0100597 0.0250909 0.0226047
2 0.96838 0.0751871 0.0401696 0.048992 0.0220876
0 0.440753 0.682002 0.0161641 0.0360639 0.0218489
0 0.606233 0.653631 0.0141917 0.0337062 0.0218019
0 0.649534 0.688495 0.0125773 0.0466137 0.0206496
0 0.426345 0.681084 0.0100597 0.0250909 0.0203677
8 0.453396 0.674587 0.00734735 0.0167854 0.0197277
1 0.21496 0.638273 0.00815227 0.0136956 0.0196895
2 0.993294 0.136185 0.0101616 0.0286789 0.0190399
4 0.44372 0.679921 0.014947 0.0266562 0.0190059
42 0.0790009 0.64965 0.0193294 0.0308579 0.0182863
2 0.990233 0.0779432 0.0164598 0.0498598 0.016585
1 0.464211 0.670104 0.00953854 0.0244192 0.0165473
42 0.102831 0.695138 0.0124992 0.050806 0.016395
1 0.108226 0.659324 0.0228684 0.0110305 0.0157603
4 0.422138 0.698459 0.0175696 0.0624135 0.0155182
1 0.148417 0.545801 0.0279223 0.0241725 0.0147291
14 0.0772054 0.683928 0.0125227 0.0385436 0.0147219
8 0.428873 0.68506 0.0115587 0.0328222 0.0144623
3 0.0345974 0.703637 0.029945 0.0341771 0.0131699
1 0.456144 0.651873 0.00796964 0.0218306 0.0131493
7 0.273025 0.546684 0.0105769 0.0211618 0.0128272
1 0.586354 0.667081 0.030795 0.0214468 0.0127663
12 0.0788851 0.649729 0.0182432 0.0309805 0.0126891
0 0.262981 0.686032 0.0333539 0.0398418 0.0125233
1 0.489899 0.614832 0.0118481 0.0237358 0.0125129
5 0.453396 0.674587 0.00734735 0.0167854 0.0120958
9 0.605272 0.688094 0.0122266 0.0396806 0.0118544
5 0.422389 0.681563 0.011858 0.0242362 0.0116553
1 0.453396 0.674587 0.00734735 0.0167854 0.0113798
22 0.488866 0.688051 0.0097345 0.0256932 0.0113302
2 0.225506 0.562005 0.01121 0.0111007 0.0109181
0 0.112165 0.678926 0.0150835 0.0283332 0.0109152
7 0.188354 0.575479 0.0095293 0.0466049 0.0108139
2 0.978087 0.0722832 0.0409905 0.0449995 0.0107828
4 0.247873 0.685023 0.00946709 0.0280482 0.00991807
8 0.422389 0.681563 0.011858 0.0242362 0.00979856
0 0.422516 0.687749 0.0162502 0.039218 0.00973715
42 0.640917 0.685357 0.0178456 0.0617704 0.0097352
14 0.440753 0.682002 0.0161641 0.0360639 0.00958306
0 0.464485 0.676295 0.00863074 0.0168603 0.00941995
4 0.464485 0.676295 0.00863074 0.0168603 0.00930036
2 0.992183 0.12048 0.0124315 0.0420543 0.00928774
7 0.21496 0.638273 0.00815227 0.0136956 0.00924722
4 0.291543 0.682282 0.0200136 0.0287488 0.00915102
0 0.488866 0.688051 0.0097345 0.0256932 0.00875373
1 0.366436 0.580263 0.0191264 0.0176384 0.00867069
42 0.60593 0.684187 0.0119697 0.0408627 0.00857264
4 0.586354 0.667081 0.030795 0.0214468 0.00849867
1 0.213139 0.636204 0.00657967 0.0113528 0.00807264
0 0.453396 0.674587 0.00734735 0.0167854 0.00804071
42 0.639037 0.651773 0.0225474 0.0206062 0.00783825
3 0.587345 0.709969 0.0262427 0.0803707 0.00775251
2 0.639314 0.658687 0.0226365 0.0132757 0.00769436
4 0.309466 0.675703 0.0104971 0.0163543 0.00766724
7 0.240848 0.548882 0.00979892 0.0178437 0.00763513
8 0.44372 0.679921 0.014947 0.0266562 0.00753687
0 0.461933 0.675405 0.0119373 0.0172235 0.00738453
1 0.519687 0.619263 0.00953455 0.0305271 0.00732231
0 0.0849997 0.664187 0.00858827 0.0229945 0.00725257
3 0.0772148 0.68375 0.0129684 0.0386151 0.00718002
1 0.461933 0.675405 0.0119373 0.0172235 0.00717618
8 0.464485 0.676295 0.00863074 0.0168603 0.00717239
3 0.439748 0.691982 0.0162857 0.0340344 0.00716157
7 0.335193 0.492721 0.0116762 0.0427549 0.00714777
1 0.51864 0.642326 0.0112248 0.022547 0.00710835
0 0.247873 0.685023 0.00946709 0.0280482 0.00701213
3 0.440753 0.682002 0.0161641 0.0360639 0.00694039
1 0.499707 0.627611 0.020476 0.0340198 0.00690123
2 0.223371 0.566763 0.0101954 0.0132672 0.0068521
7 0.213139 0.636204 0.00657967 0.0113528 0.00681503
0 0.0992773 0.692561 0.0168048 0.0520107 0.00662445
0 0.574894 0.702368 0.0147309 0.0454845 0.00652824
5 0.426345 0.681084 0.0100597 0.0250909 0.00637906
14 0.464485 0.676295 0.00863074 0.0168603 0.00621885
1 0.521615 0.61137 0.0101644 0.0322287 0.00604079
1 0.639317 0.658908 0.0228079 0.0142093 0.00599985
14 0.488389 0.686759 0.0106036 0.0273462 0.00580243
9 0.587111 0.711475 0.0243882 0.0750564 0.00578121
1 0.483005 0.58221 0.0135156 0.0258759 0.00573209
1 0.211289 0.640081 0.0110661 0.0147887 0.00569219
3 0.602791 0.697514 0.0148408 0.0560551 0.00569102
25 0.586354 0.667081 0.030795 0.0214468 0.00567361
6 0.426345 0.681084 0.0100597 0.0250909 0.0056639
6 0.453396 0.674587 0.00734735 0.0167854 0.00549222
22 0.315508 0.680101 0.00749719 0.0103722 0.00546793
8 0.422516 0.687749 0.0162502 0.039218 0.00518887
3 0.0251078 0.707491 0.0178253 0.0258736 0.00506977
15 0.440509 0.682927 0.017496 0.0385859 0.00497351
0 0.611337 0.677261 0.0146934 0.0356786 0.00497288
4 0.283743 0.667406 0.0158521 0.014213 0.00491019
15 0.453574 0.665205 0.00770834 0.0229941 0.00485199
4 0.315508 0.680101 0.00749719 0.0103722 0.00478112
0 0.208205 0.68686 0.0345046 0.0524091 0.00476048
11 0.605272 0.688094 0.0122266 0.0396806 0.00475965
7 0.223371 0.566763 0.0101954 0.0132672 0.00464699
5 0.461933 0.675405 0.0119373 0.0172235 0.00461257
23 0.488866 0.688051 0.0097345 0.0256932 0.00455011
5 0.262981 0.686032 0.0333539 0.0398418 0.00452053
15 0.453396 0.674587 0.00734735 0.0167854 0.00442335
7 0.332484 0.569905 0.00815585 0.0198558 0.00436043
8 0.587883 0.710974 0.02446 0.0792422 0.00434412
1 0.481081 0.574226 0.0182141 0.0239012 0.0040784
42 0.107133 0.663801 0.0194163 0.0183168 0.00399417
4 0.423369 0.677633 0.0158492 0.040127 0.00395148
1 0.487711 0.618365 0.0152495 0.0234004 0.00387917
0 0.586647 0.669618 0.0285939 0.0258469 0.00385503
8 0.488866 0.688051 0.0097345 0.0256932 0.00382048
7 0.282628 0.545198 0.00885983 0.0225044 0.00377394
7 0.177408 0.540762 0.0110466 0.0237591 0.00376859
0 0.44372 0.679921 0.014947 0.0266562 0.00374932
42 0.208205 0.68686 0.0345046 0.0524091 0.00373376
4 0.453574 0.665205 0.00770834 0.0229941 0.00367926
14 0.518985 0.68224 0.0070719 0.0246897 0.00366638
6 0.427229 0.67264 0.0097569 0.028724 0.00358106
7 0.218327 0.550949 0.0101435 0.0170329 0.00353641
1 0.188354 0.575479 0.0095293 0.0466049 0.00350227
22 0.484023 0.680241 0.00836652 0.0202127 0.0034953
14 0.453396 0.674587 0.00734735 0.0167854 0.00345499
6 0.461933 0.675405 0.0119373 0.0172235 0.00342234
12 0.453574 0.665205 0.00770834 0.0229941 0.00340255
3 0.461933 0.675405 0.0119373 0.0172235 0.00340184
7 0.208834 0.572493 0.0150681 0.0178517 0.00339985
8 0.248481 0.687598 0.0107006 0.0290267 0.00338647
3 0.428873 0.68506 0.0115587 0.0328222 0.00332146
15 0.461933 0.675405 0.0119373 0.0172235 0.00331788
0 0.453574 0.665205 0.00770834 0.0229941 0.00330664
8 0.484023 0.680241 0.00836652 0.0202127 0.00324496
14 0.461933 0.675405 0.0119373 0.0172235 0.00323237
2 0.108226 0.659324 0.0228684 0.0110305 0.00318392
3 0.642221 0.691651 0.0143997 0.0553367 0.00313249
4 0.439748 0.691982 0.0162857 0.0340344 0.00310331
22 0.464485 0.676295 0.00863074 0.0168603 0.00309319
9 0.102831 0.695138 0.0124992 0.050806 0.00305628
5 0.422516 0.687749 0.0162502 0.039218 0.00300353
22 0.426345 0.681084 0.0100597 0.0250909 0.00299334
2 0.22687 0.5539 0.00972089 0.0128955 0.00298947
0 0.484023 0.680241 0.00836652 0.0202127 0.00297478
14 0.484023 0.680241 0.00836652 0.0202127 0.00295355
5 0.464485 0.676295 0.00863074 0.0168603 0.00292793
1 0.44372 0.679921 0.014947 0.0266562 0.00292545
42 0.612001 0.660027 0.0133917 0.02337 0.00290449
2 0.805437 0.528376 0.00704761 0.00973302 0.00288844
4 0.640917 0.685357 0.0178456 0.0617704 0.00283353
8 0.461933 0.675405 0.0119373 0.0172235 0.00277949
1 0.168914 0.572358 0.0171861 0.0217934 0.0027584
3 0.605546 0.692154 0.0144919 0.0492512 0.00270821
7 0.225506 0.562005 0.01121 0.0111007 0.00270585
7 0.345423 0.564926 0.0106903 0.0228469 0.00270408
6 0.453574 0.665205 0.00770834 0.0229941 0.00268338
7 0.14505 0.545789 0.0206595 0.021469 0.00267978
2 0.745313 0.626147 0.00743079 0.0124091 0.00265104
7 0.168914 0.572358 0.0171861 0.0217934 0.00259324
3 0.453396 0.674587 0.00734735 0.0167854 0.00256398
3 0.44372 0.679921 0.014947 0.0266562 0.00256157
8 0.602791 0.697514 0.0148408 0.0560551 0.0025577
1 0.440753 0.682002 0.0161641 0.0360639 0.00253638
8 0.208019 0.686777 0.0352987 0.0526872 0.00251458
11 0.587111 0.711475 0.0243882 0.0750564 0.00246035
3 0.105641 0.691378 0.0151147 0.0569983 0.0024476
4 0.639317 0.658908 0.0228079 0.0142093 0.00244247
25 0.0790009 0.64965 0.0193294 0.0308579 0.00242153
42 0.582705 0.656161 0.0215516 0.0315587 0.00240904
4 0.107133 0.663801 0.0194163 0.0183168 0.00240474
6 0.423369 0.677633 0.0158492 0.040127 0.00237299
0 0.423369 0.677633 0.0158492 0.040127 0.00236113
7 0.22687 0.5539 0.00972089 0.0128955 0.00234385
4 0.428873 0.68506 0.0115587 0.0328222 0.00224976
7 0.519687 0.619263 0.00953455 0.0305271 0.00224898
3 0.426345 0.681084 0.0100597 0.0250909 0.00224212
3 0.488866 0.688051 0.0097345 0.0256932 0.00224185
14 0.426345 0.681084 0.0100597 0.0250909 0.00218858
6 0.464485 0.676295 0.00863074 0.0168603 0.00218845
8 0.605272 0.688094 0.0122266 0.0396806 0.00216913
17 0.606528 0.669571 0.0131537 0.0555966 0.0021258
1 0.51932 0.654557 0.0117988 0.0298223 0.00211039
2 0.858923 0.417306 0.00990192 0.0124378 0.00210211
7 0.238889 0.578354 0.0108859 0.0172432 0.00209378
22 0.484367 0.688284 0.00912021 0.0280316 0.00207628
7 0.38291 0.589619 0.00687311 0.013188 0.00205491
12 0.442477 0.68115 0.0170942 0.044371 0.00204605
0 0.612001 0.660027 0.0133917 0.02337 0.00204189
2 0.552574 0.471803 0.00907092 0.0210447 0.00203659
3 0.464485 0.676295 0.00863074 0.0168603 0.00203363
4 0.315922 0.698189 0.0096445 0.0365489 0.0020239
12 0.555348 0.626001 0.0195106 0.0792556 0.0019898
12 0.461933 0.675405 0.0119373 0.0172235 0.0019835
17 0.639314 0.658687 0.0226365 0.0132757 0.00197012
3 0.484023 0.680241 0.00836652 0.0202127 0.00196627
7 0.453574 0.665205 0.00770834 0.0229941 0.00196228
4 0.427229 0.67264 0.0097569 0.028724 0.00196018
1 0.369302 0.625869 0.0135056 0.00840925 0.00194997
17 0.587481 0.710527 0.0239065 0.0791856 0.00194209
8 0.484367 0.688284 0.00912021 0.0280316 0.0019408
37 0.0772054 0.683928 0.0125227 0.0385436 0.00193491
14 0.642532 0.68955 0.013859 0.0567945 0.00189827
7 0.17208 0.547417 0.013102 0.0228856 0.00183925
1 0.483069 0.602205 0.00809091 0.0210441 0.00182574
6 0.422389 0.681563 0.011858 0.0242362 0.00181738
15 0.20837 0.686778 0.034335 0.0528326 0.00175464
2 0.960209 0.33992 0.0181354 0.0128536 0.00174933
1 0.367951 0.600579 0.0175395 0.0266106 0.00173863
3 0.0236511 0.702285 0.0224175 0.0329318 0.00173261
1 0.484728 0.59261 0.0101126 0.0262224 0.00173139
7 0.388619 0.592182 0.0102159 0.0142585 0.00170807
4 0.484868 0.677428 0.0093783 0.0199473 0.00170177
1 0.307164 0.630041 0.00834235 0.0203473 0.00165313
3 0.101008 0.69675 0.0159945 0.0484164 0.00162871
4 0.586364 0.680557 0.0290464 0.0469433 0.00162584
7 0.333588 0.555816 0.0092894 0.0236348 0.00162144
1 0.359027 0.625343 0.0115986 0.00974076 0.00161768
0 0.138218 0.701108 0.00843518 0.0237894 0.00161261
9 0.602791 0.697514 0.0148408 0.0560551 0.00160303
8 0.425249 0.700989 0.0128412 0.0423128 0.00159862
0 0.427229 0.67264 0.0097569 0.028724 0.00159203
7 0.689178 0.586736 0.0287897 0.383127 0.00159136
1 0.60593 0.684187 0.0119697 0.0408627 0.0015896
1 0.30641 0.634528 0.00985077 0.0271273 0.00158646
7 0.989227 0.070324 0.0205198 0.0404831 0.00158335
7 0.691101 0.576335 0.0277505 0.117434 0.00156811
7 0.328693 0.589711 0.00691016 0.0205781 0.00156543
4 0.268472 0.666429 0.0161078 0.0124074 0.0015604
12 0.0772148 0.68375 0.0129684 0.0386151 0.00155799
7 0.60592 0.652644 0.0150341 0.0317673 0.00155454
3 0.484367 0.688284 0.00912021 0.0280316 0.00153255
7 0.521615 0.61137 0.0101644 0.0322287 0.00152954
3 0.422389 0.681563 0.011858 0.0242362 0.00152429
2 0.864996 0.414087 0.00772443 0.0200536 0.00151983
2 0.969465 0.0908543 0.040372 0.0813063 0.0014932
2 0.953537 0.0806726 0.0560038 0.0601603 0.00149192
4 0.63699 0.686922 0.0150631 0.060396 0.00148682
2 0.990607 0.1104 0.0152701 0.0981527 0.00148374
7 0.272965 0.540785 0.0115802 0.0323644 0.00147342
5 0.453574 0.665205 0.00770834 0.0229941 0.00146477
7 0.258648 0.548147 0.00975748 0.0153777 0.00145818
0 0.428873 0.68506 0.0115587 0.0328222 0.00145657
15 0.464485 0.676295 0.00863074 0.0168603 0.00145284
5 0.44372 0.679921 0.014947 0.0266562 0.00145206
14 0.685812 0.724017 0.0204702 0.0811852 0.00145098
0 0.670163 0.686988 0.00847534 0.0390545 0.00144331
42 0.596553 0.655424 0.0326807 0.0374124 0.00141666
3 0.13925 0.693511 0.00966132 0.0187742 0.00141564
4 0.605272 0.688094 0.0122266 0.0396806 0.00140958
7 0.504466 0.623382 0.0202051 0.0343682 0.00140603
8 0.262981 0.686032 0.0333539 0.0398418 0.00140265
0 0.464211 0.670104 0.00953854 0.0244192 0.00139749
14 0.439748 0.691982 0.0162857 0.0340344 0.00138084
1 0.218348 0.608484 0.0122681 0.0165126 0.00138039
42 0.10372 0.657317 0.025079 0.0121313 0.00137295
7 0.215466 0.540785 0.00968654 0.0355968 0.00136887
1 0.422389 0.681563 0.011858 0.0242362 0.00136049
