6 0.456133 0.545855 0.209311 0.0956701 0.915391
6 0.955807 0.532077 0.0842606 0.052116 0.84382
4 0.446825 0.610098 0.0898053 0.0526715 0.83805
4 0.861239 0.548542 0.0615892 0.0281339 0.804577
4 0.504555 0.571758 0.0820723 0.0309994 0.639381
4 0.861833 0.591047 0.0228989 0.0296219 0.40089
4 0.877609 0.585707 0.0544241 0.0392024 0.395949
6 0.445758 0.609959 0.0897741 0.0527809 0.0778628
4 0.928668 0.545924 0.0299918 0.0211881 0.0584318
4 0.956435 0.532099 0.0833998 0.0498737 0.0558812
6 0.904036 0.586471 0.107553 0.0476149 0.0529167
4 0.452284 0.573987 0.0210061 0.0238527 0.0499778
6 0.516507 0.557037 0.0978611 0.046457 0.0423846
4 0.438047 0.578382 0.0602579 0.0250045 0.0414665
4 0.525442 0.567609 0.0731184 0.0297314 0.0345951
5 0.860838 0.591711 0.020094 0.0285161 0.0289912
1 0.240735 0.556272 0.00637422 0.0270289 0.0287328
4 0.458273 0.577336 0.0403699 0.0263665 0.0263202
4 0.869119 0.564401 0.0539944 0.023883 0.0260667
0 0.452284 0.573987 0.0210061 0.0238527 0.0255478
6 0.876083 0.587525 0.0504065 0.0395291 0.024723
7 0.240735 0.556272 0.00637422 0.0270289 0.0219954
4 0.932059 0.536937 0.0364416 0.0376405 0.0219226
4 0.53029 0.558983 0.0674973 0.0436998 0.0198053
6 0.860893 0.549458 0.0634649 0.0330583 0.019326
8 0.790888 0.561313 0.0101873 0.0126335 0.0117567
6 0.511956 0.566529 0.0950874 0.0308119 0.0116942
4 0.539101 0.565055 0.0485325 0.031987 0.011604
4 0.897893 0.584669 0.098796 0.0475346 0.0084991
6 0.928668 0.545924 0.0299918 0.0211881 0.00825724
5 0.865447 0.587714 0.0303112 0.0343782 0.00757426
6 0.932059 0.536937 0.0364416 0.0376405 0.00710641
0 0.790888 0.561313 0.0101873 0.0126335 0.00692352
4 0.438412 0.574921 0.0442895 0.0272061 0.00655001
1 0.519848 0.52338 0.0120406 0.0132239 0.00648213
0 0.438412 0.574921 0.0442895 0.0272061 0.00625026
4 0.790205 0.560688 0.0109579 0.0126356 0.00598339
6 0.865447 0.587714 0.0303112 0.0343782 0.00499226
8 0.860838 0.591711 0.020094 0.0285161 0.00421418
1 0.45251 0.456151 0.00956787 0.0692836 0.00411302
6 0.984861 0.530329 0.0251854 0.0455 0.00405261
4 0.504887 0.589024 0.0778909 0.0381463 0.00393516
4 0.513811 0.561618 0.0899487 0.0375735 0.00390348
6 0.458535 0.475133 0.213167 0.240766 0.00351501
3 0.790888 0.561313 0.0101873 0.0126335 0.00341567
6 0.91064 0.558162 0.13842 0.0330755 0.00337799
15 0.454487 0.544415 0.212007 0.0969357 0.00331586
0 0.240744 0.558692 0.00706306 0.0296878 0.00311672
6 0.860838 0.591711 0.020094 0.0285161 0.00308368
6 0.438047 0.578382 0.0602579 0.0250045 0.00296408
1 0.923904 0.38569 0.0150392 0.0167518 0.00291724
6 0.504476 0.573644 0.0822299 0.0347743 0.00273526
6 0.915616 0.601746 0.130413 0.0811208 0.00262721
14 0.790888 0.561313 0.0101873 0.0126335 0.00254806
8 0.452284 0.573987 0.0210061 0.0238527 0.0023602
4 0.361741 0.581268 0.0180364 0.0215631 0.00221267
0 0.539101 0.565055 0.0485325 0.031987 0.00220489
5 0.877609 0.585707 0.0544241 0.0392024 0.00214516
4 0.491975 0.560486 0.0659451 0.0282124 0.0020099
4 0.786657 0.561377 0.0157766 0.0131077 0.00199047
0 0.860838 0.591711 0.020094 0.0285161 0.00198153
6 0.539101 0.565055 0.0485325 0.031987 0.00182748
6 0.536506 0.557248 0.0561512 0.0446955 0.00182162
8 0.789687 0.557257 0.0108098 0.0192957 0.0017707
6 0.452061 0.575319 0.0249879 0.026214 0.00173077
14 0.240744 0.558692 0.00706306 0.0296878 0.0017083
0 0.789687 0.557257 0.0108098 0.0192957 0.00163095
14 0.452284 0.573987 0.0210061 0.0238527 0.00162336
0 0.429003 0.553829 0.0156565 0.0424571 0.00162202
0 0.928728 0.543916 0.0297827 0.0258096 0.00161819
6 0.485467 0.536649 0.164848 0.081866 0.00147663
1 0.860838 0.591711 0.020094 0.0285161 0.00142303
8 0.786657 0.561377 0.0157766 0.0131077 0.00137417
8 0.928728 0.543916 0.0297827 0.0258096 0.00132719
6 0.932064 0.559289 0.134136 0.105281 0.00130563
22 0.790888 0.561313 0.0101873 0.0126335 0.00129941
1 0.790888 0.561313 0.0101873 0.0126335 0.00123297
42 0.450865 0.574242 0.0188806 0.0234707 0.00120898
4 0.789687 0.557257 0.0108098 0.0192957 0.00115374
22 0.240735 0.556272 0.00637422 0.0270289 0.00112386
5 0.790888 0.561313 0.0101873 0.0126335 0.00111475
8 0.539101 0.565055 0.0485325 0.031987 0.00110552
1 0.452833 0.490156 0.0118662 0.0191322 0.00108751
13 0.452284 0.573987 0.0210061 0.0238527 0.00108716
1 0.872397 0.5889 0.0418068 0.0323848 0.00108384
2 0.925378 0.390114 0.0118126 0.0161294 0.00107948
5 0.539101 0.565055 0.0485325 0.031987 0.00107294
5 0.446729 0.609819 0.0896975 0.0527412 0.00105011
4 0.281748 0.62532 0.0172945 0.0176013 0.00103184
8 0.438412 0.574921 0.0442895 0.0272061 0.00100877
24 0.457125 0.545549 0.21268 0.101921 0.0010018
