10 0.723567 0.371466 0.0802097 0.298263 0.798409
31 0.438071 0.0748584 0.236582 0.147843 0.743176
26 0.72357 0.371205 0.0803324 0.298759 0.472855
18 0.102544 0.661285 0.204279 0.659702 0.281397
10 0.292395 0.0430379 0.0635851 0.0852277 0.25876
10 0.569991 0.202347 0.0324661 0.142304 0.25258
10 0.307708 0.0437134 0.0248022 0.0841803 0.160272
19 0.357462 0.855918 0.412572 0.286016 0.15528
9 0.571177 0.206275 0.0313215 0.141325 0.0701011
19 0.27346 0.23977 0.544575 0.437131 0.0668329
56 0.54713 0.258246 0.0670302 0.0875833 0.0585203
53 0.127827 0.361901 0.255655 0.307698 0.0576949
19 0.103552 0.661605 0.205204 0.668308 0.0416085
14 0.977165 0.299338 0.0445791 0.341555 0.0289902
10 0.562605 0.253125 0.0320273 0.0718203 0.0254313
10 0.279826 0.0434219 0.0373149 0.0866762 0.0177615
14 0.970921 0.251529 0.0565018 0.479916 0.0173297
49 0.548363 0.348639 0.0748255 0.260186 0.0142727
4 0.970921 0.251529 0.0565018 0.479916 0.0128222
52 0.319672 0.550815 0.0267634 0.0790755 0.0126394
10 0.554814 0.252831 0.0509215 0.0813751 0.0107205
10 0.548476 0.351934 0.0741514 0.257871 0.00742226
10 0.467652 0.0753591 0.0504572 0.073369 0.00697685
50 0.0367533 0.203244 0.0733425 0.0520058 0.00692608
14 0.29159 0.0452652 0.0625599 0.0871068 0.00628792
11 0.969499 0.241907 0.05877 0.483815 0.00599232
9 0.551299 0.212327 0.071088 0.180541 0.00591699
9 0.291444 0.0453016 0.0629394 0.086765 0.00569795
49 0.291393 0.0449616 0.0622344 0.0865835 0.00547514
31 0.497606 0.0609531 0.109315 0.113983 0.00535333
19 0.366162 0.654758 0.412864 0.687858 0.00478665
50 0.30556 0.137227 0.0894665 0.0765993 0.00428693
10 0.548295 0.260085 0.0724677 0.086954 0.00422918
14 0.548363 0.348639 0.0748255 0.260186 0.00393457
0 0.353152 0.85564 0.415335 0.287675 0.00368709
19 0.343838 0.353299 0.284496 0.298529 0.00349888
53 0.279907 0.256157 0.0873596 0.0909166 0.00326033
45 0.54838 0.259284 0.0710992 0.0886982 0.00284164
53 0.0864296 0.0148099 0.10869 0.0280876 0.0028122
36 0.467652 0.0753591 0.0504572 0.073369 0.00274264
0 0.273969 0.195526 0.547706 0.351745 0.00260092
55 0.10278 0.658525 0.204309 0.672414 0.00239192
56 0.569991 0.202347 0.0324661 0.142304 0.0022674
34 0.291444 0.0453016 0.0629394 0.086765 0.00223574
51 0.408457 0.328016 0.0878206 0.119182 0.00195367
0 0.437846 0.0768953 0.236125 0.153791 0.00181602
10 0.708862 0.762343 0.133818 0.350278 0.00178917
56 0.562605 0.253125 0.0320273 0.0718203 0.00169242
14 0.467652 0.0753591 0.0504572 0.073369 0.00168713
52 0.355715 0.556003 0.019086 0.0768166 0.00167567
19 0.128348 0.37549 0.256696 0.330547 0.00167186
4 0.354585 0.853963 0.413605 0.286648 0.00164609
31 0.970921 0.251529 0.0565018 0.479916 0.00157798
9 0.971581 0.238666 0.0558655 0.470254 0.00156157
9 0.733208 0.217387 0.0926029 0.432105 0.00155276
44 0.386625 0.831145 0.323596 0.247922 0.00148954
18 0.291444 0.0453016 0.0629394 0.086765 0.00148338
10 0.540742 0.648166 0.0157723 0.171143 0.00148005
57 0.103552 0.661605 0.205204 0.668308 0.00142955
9 0.549085 0.252408 0.0716902 0.101535 0.00138862
51 0.548295 0.260085 0.0724677 0.086954 0.00133318
31 0.0202778 0.0249412 0.039628 0.0488768 0.00132029
18 0.355796 0.852698 0.410195 0.290634 0.00130264
47 0.0879616 0.0158689 0.107348 0.029992 0.00122893
31 0.0864296 0.0148099 0.10869 0.0280876 0.00115196
0 0.969307 0.248879 0.0607943 0.479855 0.00112434
19 0.547097 0.338665 0.0756976 0.260122 0.00110988
0 0.878219 0.236239 0.238676 0.472477 0.00110728
51 0.569991 0.202347 0.0324661 0.142304 0.00104427
18 0.439341 0.0768615 0.23235 0.152466 0.00103539
48 0.280123 0.255284 0.0861104 0.0901004 0.00103378
