19 0.305996 0.732458 0.611992 0.530886 0.940714
10 0.544131 0.170107 0.106681 0.105131 0.917165
10 0.404955 0.146877 0.105087 0.134199 0.901389
43 0.709675 0.712063 0.579931 0.575875 0.867771
49 0.281423 0.301916 0.291986 0.540115 0.767701
44 0.210329 0.896961 0.324158 0.20494 0.353618
57 0.712315 0.711881 0.572242 0.576237 0.34351
30 0.280756 0.30066 0.287891 0.540915 0.00907538
30 0.210329 0.896961 0.324158 0.20494 0.00865292
55 0.210329 0.896961 0.324158 0.20494 0.00509791
19 0.208586 0.903169 0.318631 0.19194 0.0049836
0 0.952136 0.135297 0.0957277 0.0864745 0.00434564
35 0.285579 0.303539 0.304014 0.536867 0.00351818
10 0.231073 0.141912 0.128492 0.190678 0.00351182
18 0.715483 0.713234 0.566157 0.573533 0.00303144
18 0.204884 0.900371 0.315757 0.198156 0.00295998
10 0.293682 0.307173 0.320958 0.536136 0.00267464
0 0.974632 0.133237 0.0507366 0.08467 0.00174334
46 0.71076 0.712703 0.578479 0.574594 0.00152428
46 0.239676 0.855907 0.282853 0.164762 0.0013806
30 0.309244 0.732299 0.618487 0.527263 0.00133085
