43 0.49393 0.376 0.769923 0.651176 0.94765
43 0.0556935 0.253466 0.111116 0.230613 0.397378
43 0.308488 0.829784 0.616976 0.339749 0.355917
46 0.0547732 0.254714 0.109259 0.228005 0.122012
43 0.0635514 0.500366 0.125224 0.102388 0.0302603
43 0.0699 0.558304 0.138917 0.217782 0.0288712
18 0.0560835 0.253616 0.111213 0.227959 0.00619682
2 0.114696 0.414131 0.0141344 0.0254619 0.00537368
46 0.306437 0.831345 0.612579 0.336799 0.0030542
46 0.170549 0.226999 0.127407 0.05748 0.00262657
57 0.0554161 0.253953 0.110418 0.22806 0.00243998
18 0.308848 0.829341 0.617696 0.339191 0.00218026
57 0.30858 0.834228 0.61665 0.331545 0.00159109
