1 0.592799 0.411035 0.137629 0.195345 0.939729
4 0.441019 0.763613 0.0525326 0.0597156 0.872799
1 0.34006 0.700264 0.0286385 0.0283948 0.701665
4 0.487843 0.763296 0.0289873 0.0370471 0.679826
1 0.564836 0.645527 0.021913 0.0442218 0.582395
4 0.289068 0.756984 0.036575 0.0339492 0.556448
1 0.564852 0.698573 0.0194825 0.0202336 0.529663
1 0.564736 0.680183 0.0207759 0.0153103 0.51256
1 0.564891 0.711752 0.019879 0.0132716 0.433655
4 0.36863 0.760899 0.0180767 0.0221139 0.431617
4 0.399949 0.760156 0.0255392 0.0254387 0.40536
7 0.427939 0.697682 0.00693607 0.0158438 0.392524
1 0.46889 0.649317 0.0282874 0.0393142 0.356121
7 0.442938 0.697348 0.00740204 0.0161152 0.346367
4 0.199163 0.76111 0.0363029 0.0256065 0.248676
1 0.257225 0.735379 0.0125799 0.0215618 0.190639
4 0.470142 0.758911 0.0118546 0.0267884 0.164058
7 0.226238 0.736453 0.0102928 0.0219295 0.14422
7 0.422699 0.698031 0.00979129 0.0145275 0.122893
4 0.209988 0.760753 0.0168818 0.0231931 0.120201
1 0.564912 0.670614 0.0213101 0.0179266 0.119873
1 0.491412 0.732297 0.0097991 0.0179229 0.110057
7 0.435464 0.700702 0.0077251 0.0163537 0.100448
1 0.468969 0.667767 0.0274762 0.0278357 0.0975998
7 0.577398 0.740944 0.00812726 0.0285707 0.0960352
4 0.472458 0.762981 0.0154883 0.0315532 0.0927735
7 0.223639 0.736062 0.0110832 0.023324 0.0825134
1 0.337802 0.689774 0.0325958 0.0305724 0.0801869
1 0.465794 0.674354 0.0218995 0.025724 0.0739441
1 0.241695 0.702173 0.0158564 0.0285447 0.0609545
4 0.373821 0.760616 0.0270995 0.0257542 0.058398
7 0.433713 0.705125 0.0151098 0.0238106 0.0483681
7 0.445332 0.706216 0.0112372 0.0220839 0.0423143
1 0.487863 0.663982 0.0424228 0.0340333 0.0348586
1 0.334686 0.695499 0.0367592 0.0313426 0.0334532
1 0.174597 0.726596 0.0345337 0.0249378 0.0326069
7 0.578745 0.744383 0.00907739 0.0290164 0.032031
7 0.444328 0.689711 0.00918814 0.0225672 0.0306139
1 0.503369 0.673895 0.0147033 0.0274484 0.0267669
4 0.405178 0.757573 0.0200317 0.0288601 0.0259938
7 0.453135 0.695369 0.00859491 0.0215678 0.0251726
7 0.427918 0.691668 0.00824298 0.0262727 0.02342
4 0.280263 0.761119 0.0272842 0.03526 0.0223419
4 0.415083 0.757691 0.0110534 0.0290252 0.0217541
1 0.561218 0.735546 0.0182907 0.0391957 0.0213627
1 0.490693 0.725507 0.0110833 0.0237594 0.0204792
1 0.327937 0.730251 0.00762192 0.0179358 0.0204363
7 0.493458 0.678287 0.0181066 0.0279567 0.0188026
1 0.331447 0.684132 0.0306795 0.0339753 0.0186333
7 0.307429 0.704245 0.0121135 0.02059 0.0184779
1 0.226238 0.736453 0.0102928 0.0219295 0.0184028
1 0.479849 0.649936 0.0492328 0.0402059 0.0178352
7 0.478894 0.679246 0.0126958 0.0271208 0.0176511
4 0.192128 0.759956 0.0272928 0.0256041 0.0164752
7 0.572307 0.738149 0.00937543 0.0295081 0.0164591
7 0.469157 0.650462 0.0281463 0.0419762 0.0155257
1 0.493458 0.678287 0.0181066 0.0279567 0.0146587
1 0.582874 0.738241 0.00978388 0.0288661 0.0140981
1 0.453135 0.712155 0.0115207 0.0174229 0.0131076
7 0.465794 0.674354 0.0218995 0.025724 0.012896
1 0.338176 0.681996 0.0317467 0.0279274 0.0125359
1 0.285769 0.706959 0.0187685 0.0484996 0.0117646
1 0.239874 0.708146 0.0140926 0.0176 0.0112074
1 0.523156 0.731694 0.0175846 0.0442158 0.0107742
1 0.487022 0.705053 0.0114115 0.0187967 0.00996426
7 0.420292 0.689794 0.0102752 0.0254593 0.00927964
1 0.459819 0.700358 0.00948709 0.0264009 0.0088789
1 0.479765 0.743496 0.0203983 0.0206207 0.00886809
1 0.242185 0.692047 0.0182821 0.0487699 0.0086894
6 0.487834 0.763445 0.0279291 0.0374385 0.00856876
1 0.44885 0.693118 0.0104939 0.0253013 0.00844077
1 0.603535 0.742178 0.00899207 0.0189921 0.00831182
1 0.572307 0.738149 0.00937543 0.0295081 0.00807895
1 0.445332 0.706216 0.0112372 0.0220839 0.00802625
4 0.501503 0.756427 0.00986475 0.0218416 0.00783055
1 0.223639 0.736062 0.0110832 0.023324 0.00776112
1 0.140504 0.712442 0.0218482 0.0627424 0.00772984
1 0.464993 0.688982 0.0150207 0.0298947 0.00768358
7 0.582874 0.738241 0.00978388 0.0288661 0.00755828
1 0.174314 0.70069 0.0326242 0.0445034 0.00753633
4 0.361279 0.759153 0.0114301 0.0189769 0.00753532
1 0.250565 0.73452 0.0189295 0.0232175 0.0074412
4 0.418142 0.760666 0.0134792 0.0349521 0.00700889
6 0.473567 0.744021 0.0189814 0.0197482 0.00662233
4 0.197707 0.754418 0.0380136 0.0352935 0.00640584
7 0.44885 0.693118 0.0104939 0.0253013 0.00639132
7 0.422404 0.706948 0.0103523 0.0226147 0.00598794
1 0.308839 0.703492 0.0130437 0.0204929 0.00593611
6 0.537853 0.739791 0.041038 0.044572 0.00581071
7 0.468969 0.667767 0.0274762 0.0278357 0.00579441
4 0.273672 0.782763 0.0180636 0.0214352 0.00567753
7 0.505896 0.672916 0.0134505 0.0277126 0.00565769
1 0.484189 0.722438 0.0182696 0.030312 0.00561777
4 0.499648 0.76361 0.0125681 0.0301266 0.00552818
1 0.134704 0.712415 0.0267333 0.0601609 0.00535519
1 0.174758 0.717092 0.033895 0.0441042 0.0053321
6 0.51981 0.750997 0.0141814 0.0244075 0.00520801
4 0.397258 0.765394 0.0252147 0.0354582 0.0051854
1 0.435464 0.700702 0.0077251 0.0163537 0.00516402
7 0.29657 0.677264 0.011546 0.0213577 0.00514285
6 0.522952 0.738399 0.0185261 0.0463953 0.00506082
6 0.491412 0.732297 0.0097991 0.0179229 0.00505469
7 0.453135 0.712155 0.0115207 0.0174229 0.00505403
1 0.453135 0.695369 0.00859491 0.0215678 0.00504325
1 0.505061 0.68998 0.0123499 0.0232134 0.00504279
4 0.258179 0.743227 0.0146514 0.0185013 0.00467954
1 0.502266 0.740541 0.0135036 0.0258683 0.00451309
1 0.339921 0.72782 0.021196 0.0248966 0.0044854
7 0.459819 0.700358 0.00948709 0.0264009 0.00443142
7 0.446329 0.6596 0.0133045 0.020848 0.0043205
1 0.291318 0.711419 0.0132683 0.0322883 0.00421532
6 0.479765 0.743496 0.0203983 0.0206207 0.00412146
4 0.473567 0.744021 0.0189814 0.0197482 0.00411757
1 0.568364 0.700124 0.0262021 0.0256499 0.00410829
1 0.251913 0.698385 0.0335571 0.0423544 0.00408971
1 0.322146 0.733106 0.0101518 0.014788 0.00408383
1 0.473567 0.744021 0.0189814 0.0197482 0.00402195
1 0.573745 0.724805 0.015761 0.0281239 0.0038463
7 0.484977 0.688991 0.0123835 0.0264164 0.00381214
1 0.467108 0.720174 0.0156066 0.0210993 0.00379099
1 0.282062 0.680666 0.012085 0.0107348 0.00376815
1 0.256951 0.720313 0.0162939 0.0381586 0.00373478
1 0.478894 0.679246 0.0126958 0.0271208 0.00370125
1 0.496216 0.647258 0.0268025 0.0271276 0.00353209
1 0.48968 0.687466 0.012513 0.0290731 0.00345989
7 0.573745 0.724805 0.015761 0.0281239 0.00343517
4 0.280854 0.779159 0.0269036 0.0295184 0.00318327
4 0.344364 0.755891 0.0157476 0.0195102 0.00312512
1 0.555663 0.738797 0.0233084 0.0384827 0.00307178
6 0.510986 0.747982 0.00693976 0.0308644 0.00294232
1 0.21184 0.760788 0.0154865 0.0213799 0.00293083
4 0.287796 0.742173 0.0247254 0.017555 0.00293035
4 0.287569 0.747963 0.0256406 0.0270196 0.00282234
4 0.479765 0.743496 0.0203983 0.0206207 0.0027602
6 0.470142 0.758911 0.0118546 0.0267884 0.00274673
12 0.555663 0.738797 0.0233084 0.0384827 0.0026632
1 0.295877 0.668479 0.0117186 0.024282 0.00257365
12 0.540995 0.73786 0.0203382 0.0430639 0.00256152
6 0.502266 0.740541 0.0135036 0.0258683 0.00253577
7 0.306468 0.684513 0.014523 0.0276395 0.00251905
6 0.563725 0.736097 0.0214922 0.0366833 0.00251899
4 0.316296 0.753818 0.0132958 0.0199466 0.00246881
4 0.33416 0.754515 0.0231354 0.0226092 0.00233603
6 0.369135 0.762216 0.0187276 0.023282 0.00231578
1 0.295804 0.696958 0.0123537 0.0298325 0.00229481
1 0.550537 0.730355 0.0254225 0.0417854 0.00227383
7 0.331447 0.684132 0.0306795 0.0339753 0.00226847
1 0.262652 0.701336 0.029928 0.0389344 0.00226255
4 0.350626 0.758458 0.0301233 0.0406033 0.00225666
0 0.435464 0.700702 0.0077251 0.0163537 0.00221298
1 0.187213 0.731986 0.0178571 0.0274372 0.00220355
4 0.412026 0.768216 0.0147111 0.036015 0.00214834
1 0.542786 0.73768 0.0238886 0.042449 0.00212081
6 0.28833 0.756212 0.0366561 0.0326403 0.0021143
1 0.29657 0.677264 0.011546 0.0213577 0.0020809
6 0.405178 0.757573 0.0200317 0.0288601 0.00207243
1 0.258409 0.746639 0.0138996 0.0213814 0.00205061
6 0.52884 0.744894 0.0188873 0.0298379 0.00203899
1 0.433713 0.705125 0.0151098 0.0238106 0.00202901
1 0.3078 0.708155 0.011168 0.0250732 0.00197999
6 0.540995 0.73786 0.0203382 0.0430639 0.00196099
7 0.327937 0.730251 0.00762192 0.0179358 0.00195927
1 0.484977 0.688991 0.0123835 0.0264164 0.00195828
6 0.173592 0.728859 0.0378764 0.0280762 0.00192044
7 0.320294 0.670122 0.00914813 0.0225699 0.00191713
7 0.500601 0.671381 0.0195138 0.0286352 0.00188941
7 0.448216 0.650145 0.0163796 0.0237141 0.00188823
6 0.399949 0.760156 0.0255392 0.0254387 0.0018732
7 0.339457 0.699425 0.0300001 0.0318764 0.00187231
7 0.564618 0.637371 0.0223145 0.0311071 0.00183663
7 0.295877 0.668479 0.0117186 0.024282 0.00182232
1 0.287796 0.742173 0.0247254 0.017555 0.00180934
1 0.224157 0.729949 0.0127697 0.0277552 0.00177447
0 0.470142 0.758911 0.0118546 0.0267884 0.0017566
1 0.107776 0.739198 0.00764471 0.0133756 0.00169629
6 0.501503 0.756427 0.00986475 0.0218416 0.00164058
1 0.510986 0.747982 0.00693976 0.0308644 0.00163725
7 0.48968 0.687466 0.012513 0.0290731 0.00157182
7 0.49591 0.630754 0.0113454 0.0189675 0.0015603
1 0.577398 0.740944 0.00812726 0.0285707 0.00155554
22 0.572307 0.738149 0.00937543 0.0295081 0.00147405
7 0.412058 0.699547 0.0145952 0.0188706 0.00146792
1 0.558584 0.639535 0.0337825 0.0304564 0.00145064
12 0.52884 0.744894 0.0188873 0.0298379 0.00142817
1 0.442938 0.697348 0.00740204 0.0161152 0.00142797
1 0.320373 0.711708 0.0107948 0.0240939 0.00140022
7 0.487022 0.705053 0.0114115 0.0187967 0.00139949
12 0.172787 0.728804 0.0392734 0.0282071 0.0013981
7 0.479536 0.657819 0.048861 0.0533374 0.00137296
1 0.161194 0.703592 0.0281975 0.0514863 0.00133836
1 0.320294 0.670122 0.00914813 0.0225699 0.00132984
12 0.537853 0.739791 0.041038 0.044572 0.00132911
4 0.44885 0.693118 0.0104939 0.0253013 0.00131342
1 0.291021 0.674689 0.0186751 0.0201911 0.00126151
7 0.317192 0.678315 0.0173026 0.0270027 0.00124382
6 0.555663 0.738797 0.0233084 0.0384827 0.00123858
7 0.295804 0.696958 0.0123537 0.0298325 0.00122914
2 0.435464 0.700702 0.0077251 0.0163537 0.00120626
1 0.127335 0.713625 0.0343705 0.0589487 0.00118652
1 0.446329 0.6596 0.0133045 0.020848 0.00118188
6 0.257225 0.735379 0.0125799 0.0215618 0.00115324
1 0.537853 0.739791 0.041038 0.044572 0.00114882
1 0.5043 0.719224 0.0148569 0.030048 0.00114748
7 0.491412 0.732297 0.0097991 0.0179229 0.00112869
5 0.487834 0.763445 0.0279291 0.0374385 0.00110956
4 0.30252 0.746154 0.0138162 0.0266871 0.00109193
4 0.402535 0.752488 0.022771 0.0369307 0.00108677
4 0.312335 0.763188 0.0145637 0.0236713 0.00106652
7 0.224157 0.729949 0.0127697 0.0277552 0.00106489
0 0.501503 0.756427 0.00986475 0.0218416 0.0010585
4 0.334917 0.762839 0.0212718 0.0245653 0.00104998
7 0.322146 0.733106 0.0101518 0.014788 0.00104137
4 0.45153 0.761434 0.0345006 0.0420518 0.00103367
22 0.577398 0.740944 0.00812726 0.0285707 0.0010273
1 0.568428 0.683784 0.0264127 0.0201216 0.00102115
