4 0.49472 0.58918 0.139186 0.196168 0.945295
4 0.0272992 0.570862 0.05339 0.0731745 0.923217
4 0.585822 0.537727 0.0300631 0.0367574 0.84157
4 0.430799 0.537478 0.0228156 0.0349796 0.719791
8 0.627904 0.548899 0.0214088 0.0330368 0.671452
4 0.565618 0.536808 0.0186659 0.0324171 0.6214
1 0.404207 0.469258 0.0122631 0.0309155 0.536825
4 0.556007 0.538903 0.0185329 0.0330386 0.432541
8 0.332711 0.5686 0.0187447 0.0336514 0.427009
8 0.816128 0.557557 0.0163605 0.0422821 0.388872
8 0.857807 0.563172 0.0326238 0.060613 0.343996
5 0.708737 0.547028 0.0368485 0.0372808 0.328207
8 0.715301 0.551703 0.0252387 0.0338635 0.313432
7 0.185074 0.271043 0.013135 0.0358162 0.313403
4 0.373587 0.541015 0.02267 0.0194321 0.302804
8 0.343446 0.559456 0.0224241 0.0373557 0.283903
8 0.903654 0.55745 0.023299 0.0469489 0.279177
8 0.339442 0.566429 0.0317248 0.0396189 0.276797
8 0.932166 0.559098 0.0389173 0.0479467 0.27589
1 0.824822 0.494506 0.0135872 0.039914 0.249169
8 0.849472 0.565572 0.0201282 0.0537191 0.236831
8 0.946506 0.558512 0.0135972 0.0447605 0.233459
8 0.754687 0.559967 0.0144146 0.0283058 0.207606
8 0.897855 0.553805 0.023939 0.0507684 0.19155
8 0.782065 0.555124 0.0121429 0.0348434 0.180519
8 0.915493 0.560646 0.0170147 0.0441013 0.163126
4 0.55126 0.538929 0.0170922 0.0325156 0.158612
8 0.834459 0.563103 0.0316652 0.0555208 0.155689
1 0.532706 0.497434 0.0125141 0.0219813 0.147923
1 0.698617 0.488274 0.0133282 0.0178988 0.144631
8 0.827062 0.557552 0.0323891 0.0447671 0.136206
8 0.863402 0.554558 0.0307907 0.0730868 0.129723
1 0.850482 0.494001 0.0215522 0.0409966 0.11318
1 0.540317 0.498517 0.0103441 0.024526 0.113111
8 0.791573 0.555011 0.0203552 0.0431374 0.110908
8 0.754499 0.568696 0.0171898 0.0312214 0.102611
8 0.88997 0.559757 0.0170229 0.0517069 0.0732751
4 0.708737 0.547028 0.0368485 0.0372808 0.0698747
5 0.716003 0.552658 0.0238077 0.0360323 0.0694906
8 0.950309 0.561135 0.0202523 0.0440214 0.0661117
1 0.69282 0.471279 0.0107907 0.0347653 0.065431
3 0.817107 0.557388 0.0173458 0.0441879 0.058094
0 0.627868 0.547337 0.0217007 0.0339935 0.0567277
8 0.349044 0.557647 0.0233797 0.032318 0.0554325
3 0.334312 0.566927 0.0218325 0.0347025 0.0512282
8 0.993286 0.576864 0.0124314 0.0392319 0.0500221
8 0.802099 0.555863 0.0168896 0.0405602 0.0491734
8 0.877903 0.569246 0.0248699 0.0529926 0.0475891
8 0.994652 0.560252 0.0105423 0.0491732 0.0463155
0 0.345693 0.54486 0.0126759 0.0269193 0.0458182
0 0.945611 0.555399 0.0146557 0.0494205 0.0449708
8 0.959235 0.561063 0.0225281 0.0411101 0.0446611
4 0.361446 0.54291 0.0166694 0.0224417 0.0445917
8 0.708681 0.548826 0.0370107 0.0357654 0.0419142
8 0.345693 0.54486 0.0126759 0.0269193 0.040921
1 0.192916 0.504724 0.0122538 0.0187253 0.040436
7 0.187149 0.266369 0.0135271 0.0276455 0.0401669
7 0.972663 0.258708 0.0228573 0.131414 0.0394792
8 0.361446 0.54291 0.0166694 0.0224417 0.0380042
3 0.782065 0.555124 0.0121429 0.0348434 0.0375672
1 0.40433 0.47597 0.0137015 0.0285373 0.0364815
0 0.632022 0.537903 0.014436 0.0339832 0.0363335
1 0.841323 0.494611 0.0395168 0.044099 0.0350078
8 0.75697 0.549044 0.0124724 0.0422555 0.0345607
3 0.343446 0.559456 0.0224241 0.0373557 0.0338827
1 0.54373 0.505869 0.00912 0.0324317 0.032157
8 0.868097 0.573008 0.0291582 0.069438 0.0320025
8 0.878853 0.5809 0.0278937 0.0838408 0.0319795
4 0.382717 0.535158 0.0141502 0.0269495 0.0301457
5 0.817107 0.557388 0.0173458 0.0441879 0.027413
8 0.640324 0.540026 0.0100115 0.0201074 0.0263012
3 0.339442 0.566429 0.0317248 0.0396189 0.0250809
3 0.932166 0.559098 0.0389173 0.0479467 0.0248231
7 0.957822 0.255827 0.0462757 0.135428 0.0236858
3 0.897855 0.553805 0.023939 0.0507684 0.0231789
1 0.415141 0.472284 0.0110762 0.0256163 0.0228608
1 0.390406 0.496702 0.0093049 0.0196101 0.0227686
8 0.753439 0.553358 0.0136566 0.0350515 0.0227023
3 0.994652 0.560252 0.0105423 0.0491732 0.0226929
4 0.54378 0.531155 0.03855 0.0490902 0.0223912
3 0.946506 0.558512 0.0135972 0.0447605 0.0222383
4 0.417105 0.533626 0.0143732 0.0294681 0.0221839
3 0.903654 0.55745 0.023299 0.0469489 0.0216874
4 0.384477 0.539873 0.020879 0.0214557 0.0216526
4 0.439917 0.536028 0.0260416 0.0342487 0.0215624
8 0.995213 0.552891 0.00957452 0.0455546 0.0212791
8 0.373587 0.541015 0.02267 0.0194321 0.0212451
8 0.844314 0.552655 0.0310337 0.0547315 0.0211427
8 0.784001 0.563186 0.014658 0.0344001 0.0208722
3 0.915493 0.560646 0.0170147 0.0441013 0.0203569
8 0.792543 0.565067 0.0159506 0.0481345 0.020302
4 0.556797 0.521202 0.0110283 0.0206702 0.0198062
3 0.993286 0.576864 0.0124314 0.0392319 0.019567
4 0.533859 0.500504 0.01392 0.0285762 0.019554
5 0.829414 0.550684 0.0368 0.0542846 0.0191655
4 0.569971 0.521576 0.0135298 0.021101 0.0189887
3 0.827062 0.557552 0.0323891 0.0447671 0.0188106
3 0.140626 0.555811 0.0114512 0.0182364 0.0181366
4 0.433481 0.522054 0.0166899 0.0221319 0.0180308
8 0.0555672 0.568857 0.0122984 0.0281854 0.0179718
8 0.88 0.552492 0.0274678 0.0556934 0.0176811
3 0.754687 0.559967 0.0144146 0.0283058 0.0175157
7 0.146836 0.294375 0.0259097 0.0371593 0.0175134
8 0.812444 0.550601 0.0180247 0.0455738 0.0174306
3 0.959235 0.561063 0.0225281 0.0411101 0.0171441
4 0.368394 0.535257 0.0171053 0.0280712 0.0167109
8 0.346274 0.553095 0.0172837 0.027996 0.0166251
4 0.86397 0.539024 0.0274094 0.0609404 0.0162519
3 0.812725 0.556574 0.0180929 0.0403129 0.0162334
8 0.723192 0.555221 0.0164572 0.0319397 0.015998
8 0.353836 0.562184 0.0226693 0.0349769 0.0159624
14 0.195009 0.569212 0.0165901 0.0480451 0.0155627
1 0.144083 0.296444 0.0195975 0.0301955 0.015437
5 0.627451 0.547907 0.0216709 0.0329658 0.0153471
4 0.398984 0.540727 0.0096489 0.0160688 0.0152438
8 0.985389 0.573851 0.0244257 0.0432089 0.0148354
8 0.0527118 0.566573 0.0121017 0.0354911 0.0146398
8 0.837739 0.54736 0.0299106 0.0617891 0.0145233
3 0.306283 0.562492 0.00969775 0.0241473 0.0142816
0 0.901356 0.554027 0.0257227 0.052755 0.0141396
0 0.640324 0.540026 0.0100115 0.0201074 0.0140245
8 0.892183 0.548132 0.0185742 0.0631381 0.0139527
8 0.989851 0.569784 0.0186042 0.049459 0.0139328
4 0.829414 0.550684 0.0368 0.0542846 0.0137102
0 0.863402 0.554558 0.0307907 0.0730868 0.0136713
5 0.373587 0.541015 0.02267 0.0194321 0.0135603
0 0.819514 0.554039 0.0213615 0.0488487 0.0135567
0 0.346274 0.553095 0.0172837 0.027996 0.0133497
8 0.632022 0.537903 0.014436 0.0339832 0.013069
8 0.108752 0.549529 0.00991211 0.0241935 0.0129074
4 0.861335 0.552538 0.0316259 0.0739231 0.0127313
3 0.983285 0.566889 0.0311485 0.0413053 0.0122495
8 0.633717 0.547682 0.0206719 0.0274895 0.0119935
8 0.832881 0.574417 0.0197769 0.0586126 0.0117512
4 0.525579 0.501064 0.0243602 0.0237905 0.0116905
8 0.844875 0.572474 0.0300827 0.0592927 0.0116586
4 0.345693 0.54486 0.0126759 0.0269193 0.0115433
3 0.26607 0.560878 0.0120495 0.0154375 0.0115249
14 0.708737 0.547028 0.0368485 0.0372808 0.0113672
0 0.336869 0.548742 0.0147443 0.0370575 0.011313
8 0.140626 0.555811 0.0114512 0.0182364 0.0109585
1 0.458813 0.497851 0.00899381 0.0181864 0.0109477
4 0.17743 0.55612 0.0144989 0.0252492 0.0107615
3 0.995241 0.546699 0.00942035 0.0511797 0.0103351
1 0.385525 0.49779 0.0101479 0.0188868 0.010254
4 0.627451 0.547907 0.0216709 0.0329658 0.0102359
14 0.0976395 0.5721 0.0110663 0.0389799 0.0101974
4 0.844314 0.552655 0.0310337 0.0547315 0.0101468
3 0.349044 0.557647 0.0233797 0.032318 0.0100795
3 0.950309 0.561135 0.0202523 0.0440214 0.0100554
3 0.25657 0.562079 0.0111924 0.0168132 0.00980359
3 0.136801 0.553892 0.0163564 0.0215171 0.00945984
8 0.983285 0.566889 0.0311485 0.0413053 0.00945461
7 0.174926 0.283216 0.0179242 0.0262999 0.00932288
3 0.84995 0.563781 0.0209733 0.0558766 0.0092271
3 0.17531 0.555525 0.0166249 0.0263382 0.00920145
4 0.600566 0.535946 0.0129387 0.0236617 0.00918315
8 0.768506 0.556206 0.0310411 0.0384857 0.00916133
1 0.52409 0.498766 0.0144785 0.020403 0.00913609
8 0.75012 0.55582 0.0142181 0.025148 0.00911575
8 0.718202 0.55943 0.0197648 0.0370512 0.00907282
0 0.949022 0.559652 0.0162437 0.0442442 0.00903971
3 0.831442 0.567039 0.0330577 0.0578483 0.00875803
4 0.658077 0.537013 0.0105199 0.0175282 0.00874549
3 0.86134 0.560501 0.0356186 0.0686289 0.00872147
4 0.445635 0.518145 0.00929852 0.0158936 0.00871789
5 0.861335 0.552538 0.0316259 0.0739231 0.00826657
8 0.907782 0.548782 0.0234424 0.0594991 0.00825438
22 0.0976395 0.5721 0.0110663 0.0389799 0.00821543
5 0.899015 0.555504 0.0264752 0.0502843 0.00814082
3 0.754499 0.568696 0.0171898 0.0312214 0.00812508
7 0.177306 0.274536 0.0210463 0.0292585 0.00809685
3 0.802099 0.555863 0.0168896 0.0405602 0.00795584
4 0.349044 0.557647 0.0233797 0.032318 0.00780663
1 0.657865 0.439829 0.00543353 0.0212138 0.00778253
8 0.326877 0.568851 0.0186747 0.0325218 0.00773331
3 0.791573 0.555011 0.0203552 0.0431374 0.00772671
4 0.206873 0.547709 0.0114427 0.0317942 0.00768491
3 0.985389 0.573851 0.0244257 0.0432089 0.00768097
4 0.819514 0.554039 0.0213615 0.0488487 0.00767087
7 0.404866 0.467576 0.0133676 0.0309335 0.00745962
8 0.86397 0.539024 0.0274094 0.0609404 0.00730482
8 0.0973349 0.563264 0.0101873 0.0430706 0.00721583
8 0.336869 0.548742 0.0147443 0.0370575 0.00712732
4 0.410659 0.540243 0.0122204 0.021568 0.00704545
5 0.334312 0.566927 0.0218325 0.0347025 0.00688193
0 0.890722 0.523046 0.0106918 0.0300079 0.0068396
8 0.0590629 0.570029 0.0126159 0.0360835 0.00683171
12 0.698617 0.488274 0.0133282 0.0178988 0.00665483
0 0.914214 0.555254 0.017178 0.0518619 0.00664012
4 0.853614 0.524395 0.0198637 0.0435133 0.00660958
3 0.989851 0.569784 0.0186042 0.049459 0.00655791
3 0.346274 0.553095 0.0172837 0.027996 0.00650388
3 0.784001 0.563186 0.014658 0.0344001 0.00646091
22 0.0555672 0.568857 0.0122984 0.0281854 0.00644886
3 0.298969 0.559096 0.0126803 0.0207803 0.00642345
4 0.195663 0.555113 0.0214409 0.0304204 0.00639403
8 0.646526 0.543399 0.0137581 0.0212972 0.00637235
8 0.823266 0.570726 0.0263359 0.065615 0.00629514
14 0.306283 0.562492 0.00969775 0.0241473 0.00625102
2 0.155253 0.336867 0.0103755 0.021332 0.00624348
8 0.325556 0.561902 0.0169505 0.0243787 0.00613418
5 0.339442 0.566429 0.0317248 0.0396189 0.00613254
3 0.206227 0.555757 0.0119746 0.0330263 0.00611453
8 0.26217 0.561574 0.0126946 0.0151492 0.00606884
14 0.108752 0.549529 0.00991211 0.0241935 0.00603967
4 0.632022 0.537903 0.014436 0.0339832 0.00595955
3 0.153016 0.551784 0.0160595 0.0198792 0.00595919
5 0.343446 0.559456 0.0224241 0.0373557 0.00594274
0 0.812444 0.550601 0.0180247 0.0455738 0.005922
1 0.698572 0.476449 0.0160233 0.0314102 0.00575764
4 0.840549 0.519275 0.0414805 0.0474534 0.00562308
8 0.410659 0.540243 0.0122204 0.021568 0.00560784
4 0.837739 0.54736 0.0299106 0.0617891 0.00559
0 0.55126 0.538929 0.0170922 0.0325156 0.00558645
4 0.486106 0.501769 0.0834596 0.0205277 0.00553326
4 0.0354864 0.56152 0.0346577 0.0456488 0.00544309
4 0.615122 0.535373 0.0122413 0.0301357 0.00543931
14 0.817107 0.557388 0.0173458 0.0441879 0.00539638
4 0.668977 0.538767 0.00984973 0.017637 0.00536125
7 0.945202 0.284364 0.0172239 0.069433 0.00535307
0 0.995241 0.546699 0.00942035 0.0511797 0.00531863
14 0.189093 0.559326 0.00880089 0.0312281 0.00527179
8 0.93559 0.57698 0.0298031 0.0692637 0.00526544
7 0.385525 0.49779 0.0101479 0.0188868 0.00522195
3 0.75697 0.549044 0.0124724 0.0422555 0.00519518
0 0.782867 0.549103 0.0136921 0.0438149 0.00518029
0 0.0354864 0.56152 0.0346577 0.0456488 0.00516516
3 0.242294 0.562183 0.0108084 0.0160808 0.00515415
0 0.634104 0.525979 0.0101816 0.031522 0.00514517
4 0.498556 0.503946 0.0867142 0.0276475 0.00511337
4 0.897855 0.553805 0.023939 0.0507684 0.00511113
8 0.206227 0.555757 0.0119746 0.0330263 0.00510388
3 0.108752 0.549529 0.00991211 0.0241935 0.00508578
8 0.313162 0.562383 0.0146723 0.0225503 0.00501782
0 0.829414 0.550684 0.0368 0.0542846 0.00501503
0 0.334312 0.566927 0.0218325 0.0347025 0.0048614
23 0.0976395 0.5721 0.0110663 0.0389799 0.00483731
4 0.206227 0.555757 0.0119746 0.0330263 0.00477523
1 0.392068 0.501897 0.0150707 0.0240239 0.00470406
3 0.26217 0.561574 0.0126946 0.0151492 0.0046628
8 0.306283 0.562492 0.00969775 0.0241473 0.00462854
1 0.702065 0.521369 0.0129717 0.0301097 0.00461004
5 0.844314 0.552655 0.0310337 0.0547315 0.0045941
6 0.533859 0.500504 0.01392 0.0285762 0.00452294
4 0.68541 0.542729 0.0200692 0.0257673 0.0044953
8 0.208542 0.561049 0.0134549 0.0239224 0.00448596
3 0.877903 0.569246 0.0248699 0.0529926 0.00448423
7 0.657865 0.439829 0.00543353 0.0212138 0.00442305
0 0.941817 0.540502 0.0159737 0.0665456 0.00440936
0 0.844314 0.552655 0.0310337 0.0547315 0.00439912
14 0.25657 0.562079 0.0111924 0.0168132 0.00439502
8 0.384477 0.539873 0.020879 0.0214557 0.0043702
4 0.716003 0.552658 0.0238077 0.0360323 0.00423966
8 0.238375 0.562283 0.0108871 0.013878 0.00419746
7 0.167277 0.301994 0.0183642 0.030703 0.00418593
3 0.0527118 0.566573 0.0121017 0.0354911 0.00416931
2 0.185074 0.271043 0.013135 0.0358162 0.00414943
4 0.346274 0.553095 0.0172837 0.027996 0.00411406
8 0.62805 0.558937 0.020335 0.0379254 0.00408326
8 0.363516 0.564965 0.0141241 0.033 0.00406961
0 0.0973349 0.563264 0.0101873 0.0430706 0.00406129
4 0.504112 0.531847 0.0532723 0.0484402 0.00405299
8 0.765408 0.565801 0.0337225 0.0371995 0.00403053
4 0.582996 0.523769 0.0231791 0.0258004 0.00402477
0 0.361446 0.54291 0.0166694 0.0224417 0.00400569
3 0.372899 0.543718 0.0234331 0.0242056 0.00399996
3 0.708028 0.548325 0.0375545 0.0381093 0.00398861
1 0.694513 0.477783 0.0157461 0.024306 0.00398833
8 0.386892 0.544696 0.0156759 0.0227874 0.00398133
3 0.0973349 0.563264 0.0101873 0.0430706 0.00397448
4 0.416349 0.526004 0.0136584 0.0310773 0.00395282
8 0.25657 0.562079 0.0111924 0.0168132 0.00394131
3 0.832881 0.574417 0.0197769 0.0586126 0.00390259
4 0.442259 0.534911 0.041848 0.0478624 0.00389222
7 0.953066 0.268024 0.0336738 0.111379 0.00386185
4 0.790577 0.550532 0.0227486 0.0421682 0.00384751
15 0.54373 0.505869 0.00912 0.0324317 0.00384746
3 0.234826 0.561905 0.0136038 0.0165518 0.0038075
3 0.345693 0.54486 0.0126759 0.0269193 0.00371654
14 0.17743 0.55612 0.0144989 0.0252492 0.00370735
8 0.713907 0.541248 0.0262068 0.0476776 0.00370244
1 0.876028 0.41237 0.012915 0.0846856 0.00368229
8 0.758546 0.542001 0.0135519 0.0478953 0.00365194
1 0.388906 0.48224 0.00860385 0.0226032 0.0036283
5 0.430857 0.539603 0.0227259 0.0387858 0.00361238
8 0.368394 0.535257 0.0171053 0.0280712 0.0035943
5 0.840549 0.519275 0.0414805 0.0474534 0.0035692
3 0.792543 0.565067 0.0159506 0.0481345 0.00356504
1 0.853614 0.524395 0.0198637 0.0435133 0.00356198
14 0.754499 0.568696 0.0171898 0.0312214 0.00353141
8 0.17531 0.555525 0.0166249 0.0263382 0.00350107
4 0.812444 0.550601 0.0180247 0.0455738 0.00349072
1 0.401136 0.472096 0.0173542 0.0315522 0.00344156
4 0.513082 0.528057 0.0340134 0.0520135 0.00343876
15 0.533859 0.500504 0.01392 0.0285762 0.0034382
3 0.313162 0.562383 0.0146723 0.0225503 0.00340526
7 0.183843 0.280172 0.0155811 0.049162 0.00339252
5 0.812725 0.556574 0.0180929 0.0403129 0.00334118
3 0.878853 0.5809 0.0278937 0.0838408 0.0033403
