4 0.902698 0.893113 0.194605 0.211405 0.954088
4 0.401751 0.850662 0.128102 0.170759 0.949291
1 0.698562 0.604444 0.0468851 0.156052 0.901514
7 0.624843 0.312239 0.0285955 0.132072 0.89186
4 0.185359 0.845706 0.0824011 0.101221 0.864748
7 0.687884 0.323463 0.0387192 0.0637084 0.858844
4 0.925667 0.760707 0.0847653 0.0810601 0.783824
4 0.987177 0.755817 0.0255106 0.0718926 0.612005
4 0.866593 0.749176 0.0664408 0.0734124 0.321109
4 0.985747 0.795159 0.0280838 0.140082 0.187811
4 0.896707 0.752777 0.125972 0.0876355 0.142516
4 0.669016 0.742605 0.0235234 0.0434771 0.0838588
4 0.964201 0.761229 0.0156051 0.034724 0.0546349
1 0.648098 0.711603 0.0362568 0.0314138 0.0537107
25 0.649075 0.711555 0.0381086 0.0331931 0.0445697
4 0.914999 0.715951 0.0630096 0.0232568 0.0426185
4 0.967838 0.765404 0.0265277 0.0487108 0.0420081
4 0.655313 0.731908 0.0479879 0.0672425 0.0419787
2 0.802841 0.336362 0.0108139 0.0209227 0.0401595
4 0.974094 0.752026 0.043746 0.0552877 0.0395354
14 0.284186 0.821745 0.0130026 0.0253301 0.0392581
2 0.648128 0.711599 0.0362554 0.0312829 0.0339006
4 0.662112 0.743022 0.0314717 0.0462485 0.0330005
8 0.964201 0.761229 0.0156051 0.034724 0.0309423
4 0.859546 0.723322 0.0452221 0.026098 0.0284538
7 0.128718 0.662636 0.0219143 0.0692645 0.0269786
4 0.912958 0.733983 0.0717363 0.054321 0.0238121
4 0.968167 0.745544 0.0596626 0.0878096 0.0233
14 0.295377 0.817119 0.0124238 0.0337453 0.0204215
4 0.975709 0.799902 0.0485829 0.124121 0.01938
4 0.649075 0.711555 0.0381086 0.0331931 0.0166853
2 0.802988 0.320285 0.0138156 0.0262422 0.0163085
2 0.130711 0.665921 0.0244926 0.0640023 0.0162214
4 0.664839 0.709156 0.0320441 0.0395555 0.0138717
4 0.84204 0.748156 0.0850753 0.0552154 0.0135198
8 0.983966 0.793688 0.0320673 0.142409 0.0121524
4 0.67825 0.740098 0.0438195 0.0487759 0.0120153
8 0.967838 0.765404 0.0265277 0.0487108 0.011936
12 0.653819 0.717954 0.049284 0.0453933 0.0113909
4 0.984125 0.831613 0.0317186 0.206083 0.0108917
0 0.964201 0.761229 0.0156051 0.034724 0.0101193
2 0.666645 0.747733 0.019144 0.0345717 0.00967388
4 0.157098 0.847738 0.139504 0.0960646 0.00893269
7 0.739457 0.374156 0.0126141 0.0252601 0.00882775
14 0.284214 0.814161 0.0152039 0.0382677 0.008684
4 0.845585 0.712924 0.0185917 0.0102417 0.00860569
2 0.739457 0.374156 0.0126141 0.0252601 0.00844883
7 0.325428 0.689113 0.0163076 0.0362789 0.00786939
4 0.972683 0.778718 0.0486191 0.0826657 0.00786001
7 0.327227 0.727249 0.0120093 0.0767792 0.00779903
4 0.141333 0.965745 0.245225 0.0685107 0.00737419
2 0.0653532 0.757085 0.0228731 0.021097 0.00733727
14 0.265312 0.8239 0.0216512 0.0199902 0.00615137
4 0.677113 0.710479 0.0394634 0.0370948 0.00584011
0 0.185126 0.846126 0.0818885 0.101989 0.0057433
4 0.981035 0.744071 0.0372135 0.0952128 0.00565554
0 0.986644 0.755623 0.0248449 0.0718341 0.00565324
2 0.882095 0.607849 0.0090874 0.0164881 0.00529481
4 0.965642 0.728622 0.0520618 0.0618963 0.00514378
7 0.577416 0.712884 0.0133833 0.0510803 0.00506922
6 0.790087 0.717517 0.116198 0.165417 0.0050614
7 0.131815 0.675874 0.0245991 0.0456527 0.00500478
2 0.804721 0.345449 0.00924451 0.0210517 0.00473047
2 0.798486 0.337626 0.0149361 0.0218631 0.00465822
1 0.655026 0.714834 0.0468672 0.0466948 0.0046237
4 0.949677 0.817822 0.0990246 0.15418 0.00443748
14 0.290992 0.814904 0.0182568 0.0381203 0.00443169
8 0.815293 0.863597 0.0210449 0.0294454 0.00440279
14 0.31224 0.819918 0.0170856 0.0258274 0.00439228
4 0.957173 0.764077 0.0319876 0.0638269 0.00438072
5 0.986792 0.79101 0.0263756 0.144373 0.00434308
3 0.983966 0.793688 0.0320673 0.142409 0.00432882
0 0.376734 0.813445 0.0119789 0.0235016 0.00428751
8 0.687965 0.323137 0.0393206 0.0653012 0.00425455
0 0.967838 0.765404 0.0265277 0.0487108 0.00415097
2 0.589228 0.709639 0.0101703 0.0121072 0.00414493
0 0.360238 0.818734 0.0289594 0.0486291 0.00411365
1 0.654751 0.730616 0.0490972 0.0695285 0.00398321
8 0.976265 0.803146 0.0474697 0.118306 0.00387908
2 0.661413 0.705008 0.0185375 0.037107 0.00382587
4 0.938013 0.720102 0.101468 0.0408217 0.00377468
2 0.654445 0.727182 0.0495541 0.0626917 0.00358511
0 0.406154 0.814954 0.0209868 0.0292566 0.0035219
14 0.318503 0.816282 0.0202717 0.0288663 0.0035159
1 0.661413 0.705008 0.0185375 0.037107 0.00349462
4 0.655026 0.714834 0.0468672 0.0466948 0.00344434
2 0.553762 0.753847 0.00822052 0.014121 0.0033049
4 0.352028 0.785572 0.0239349 0.0236081 0.00318684
7 0.706678 0.741364 0.0103899 0.0422492 0.00314218
42 0.648128 0.711599 0.0362554 0.0312829 0.00312444
7 0.703024 0.725741 0.0135732 0.069086 0.00312152
4 0.453678 0.810394 0.015465 0.0245348 0.00311207
8 0.702674 0.833123 0.0229599 0.0606147 0.00309214
4 0.454346 0.817355 0.0127576 0.0175186 0.00308338
2 0.791317 0.312211 0.0153757 0.0161049 0.00307155
2 0.739329 0.34609 0.0137329 0.0328483 0.00302623
4 0.787797 0.718224 0.110369 0.170007 0.00293012
2 0.878366 0.612606 0.0110115 0.0200243 0.00291977
2 0.0715979 0.756737 0.0328369 0.0252411 0.00274906
4 0.680005 0.732094 0.0683238 0.0624766 0.00269141
0 0.395782 0.814772 0.0174928 0.0257812 0.00269126
6 0.0339841 0.806156 0.0604696 0.10856 0.00265977
8 0.98708 0.756318 0.0258267 0.0735009 0.00261127
14 0.986477 0.792573 0.0270457 0.139254 0.0025539
2 0.545973 0.740717 0.0100491 0.018295 0.00252149
12 0.0339841 0.806156 0.0604696 0.10856 0.00250102
4 0.690811 0.738634 0.0422722 0.0458879 0.00229563
12 0.0719236 0.799667 0.0345533 0.112278 0.00228358
14 0.319928 0.808153 0.0181494 0.0220127 0.00225623
7 0.737272 0.366845 0.0193837 0.0510162 0.00225131
4 0.104551 0.853996 0.0393655 0.0529631 0.00217443
2 0.134018 0.677702 0.0253189 0.0439144 0.00213093
2 0.547424 0.75046 0.0115986 0.0162958 0.00210295
25 0.654445 0.727182 0.0495541 0.0626917 0.0020749
2 0.0356677 0.758907 0.0336933 0.016018 0.00206928
2 0.910301 0.262714 0.0279334 0.0289969 0.00203913
0 0.986792 0.79101 0.0263756 0.144373 0.00202348
6 0.662112 0.743022 0.0314717 0.0462485 0.00196119
0 0.330212 0.807774 0.0102408 0.0341187 0.00195261
4 0.35352 0.816978 0.0309258 0.0888338 0.00189124
7 0.739329 0.34609 0.0137329 0.0328483 0.0018645
4 0.83072 0.718016 0.0356511 0.0257707 0.00186357
15 0.649075 0.711555 0.0381086 0.0331931 0.00185296
0 0.376452 0.807667 0.0138831 0.0273641 0.00181801
4 0.368463 0.807121 0.0609031 0.0843018 0.00180026
1 0.746385 0.650671 0.0134601 0.0355148 0.00179936
7 0.574869 0.706881 0.0130418 0.0458014 0.00176504
4 0.898246 0.716064 0.114467 0.0338162 0.00175698
4 0.931451 0.744068 0.0981129 0.0925907 0.00174677
7 0.759508 0.361844 0.0144802 0.0684188 0.00166889
2 0.664839 0.709156 0.0320441 0.0395555 0.00166645
7 0.328489 0.746135 0.00938763 0.0435489 0.00164043
2 0.107485 0.745283 0.0171646 0.03406 0.0015471
0 0.923983 0.759461 0.082027 0.0824809 0.00153366
2 0.803663 0.00625217 0.0134517 0.0125043 0.00152643
1 0.706678 0.741364 0.0103899 0.0422492 0.00151206
4 0.661413 0.705008 0.0185375 0.037107 0.00150124
0 0.368463 0.807121 0.0609031 0.0843018 0.00147219
2 0.120319 0.663724 0.027192 0.064451 0.00145233
4 0.754592 0.726191 0.0458713 0.176038 0.00145231
24 0.653819 0.717954 0.049284 0.0453933 0.00145017
7 0.794153 0.524633 0.010162 0.0447786 0.00143902
15 0.654445 0.727182 0.0495541 0.0626917 0.00142054
0 0.332216 0.81416 0.0110441 0.0377875 0.0014197
4 0.347872 0.80018 0.0204709 0.0503687 0.0014062
8 0.319928 0.808153 0.0181494 0.0220127 0.00139945
22 0.964201 0.761229 0.0156051 0.034724 0.00139681
14 0.332216 0.81416 0.0110441 0.0377875 0.00139481
5 0.0345836 0.806341 0.0590023 0.108226 0.00138232
4 0.842493 0.698986 0.0158466 0.0255549 0.00137264
4 0.319928 0.808153 0.0181494 0.0220127 0.00134841
1 0.134018 0.677702 0.0253189 0.0439144 0.00134827
6 0.655398 0.733375 0.0511358 0.0688403 0.00134514
2 0.109468 0.72086 0.0217329 0.032465 0.00134188
1 0.842493 0.698986 0.0158466 0.0255549 0.00133562
6 0.0723985 0.800075 0.0332106 0.111918 0.00131861
7 0.574932 0.719103 0.0142021 0.0671641 0.00131336
2 0.686658 0.271581 0.0234368 0.0380837 0.00131153
22 0.687915 0.323826 0.0388994 0.0643733 0.00129651
2 0.903928 0.63968 0.00773145 0.0254077 0.00128211
2 0.769398 0.609521 0.0143948 0.0214695 0.0012803
4 0.750579 0.698792 0.0380502 0.063605 0.00126996
0 0.391406 0.805306 0.0181337 0.0302714 0.00126933
1 0.666645 0.747733 0.019144 0.0345717 0.00125423
0 0.414899 0.814023 0.0183532 0.0284543 0.00125265
0 0.454346 0.817355 0.0127576 0.0175186 0.00124997
4 0.0812957 0.983445 0.0884175 0.0323338 0.00124821
13 0.813686 0.864734 0.0181334 0.0273383 0.00123462
8 0.957173 0.764077 0.0319876 0.0638269 0.00122822
1 0.072038 0.756689 0.0338786 0.0255941 0.0012182
4 0.744348 0.706148 0.0243359 0.0392419 0.00119214
7 0.686658 0.271581 0.0234368 0.0380837 0.00117929
2 0.126512 0.658701 0.0206372 0.0808537 0.00117351
0 0.284186 0.821745 0.0130026 0.0253301 0.00117038
3 0.319928 0.808153 0.0181494 0.0220127 0.00116597
8 0.870847 0.769711 0.0756066 0.0848813 0.00116329
3 0.976265 0.803146 0.0474697 0.118306 0.00114518
2 0.892141 0.601748 0.00786554 0.0156277 0.00113623
7 0.735676 0.342481 0.0228306 0.0346266 0.00112323
3 0.318503 0.816282 0.0202717 0.0288663 0.00111879
7 0.752198 0.360091 0.0286675 0.0656591 0.00110368
10 0.705493 0.0160576 0.0130425 0.028038 0.00109345
4 0.708058 0.744585 0.0113397 0.0364 0.00108437
2 0.799489 0.0114306 0.0238171 0.0228612 0.00104654
4 0.990667 0.874785 0.0185085 0.18764 0.0010416
0 0.416743 0.804858 0.0190728 0.0398684 0.00102323
2 0.401611 0.851208 0.128381 0.171223 0.00101229
6 0.985747 0.795159 0.0280838 0.140082 0.00101031
0 0.666645 0.747733 0.019144 0.0345717 0.00100067
