4 0.0974543 0.666057 0.193974 0.292799 0.948208
0 0.306554 0.603504 0.0228903 0.0968769 0.802657
0 0.521467 0.636772 0.0384837 0.104437 0.772159
3 0.594657 0.838433 0.414232 0.321491 0.709763
0 0.335646 0.602399 0.0232325 0.102252 0.690595
0 0.553203 0.626931 0.0169069 0.0733187 0.687074
42 0.692955 0.597631 0.0256304 0.0111521 0.682552
0 0.385803 0.606767 0.0167344 0.0782305 0.662982
42 0.385231 0.564174 0.0309116 0.0146059 0.639806
42 0.55781 0.592309 0.0309784 0.0139806 0.602398
42 0.615163 0.597354 0.0185397 0.0150538 0.541093
8 0.600641 0.837883 0.403678 0.324234 0.533014
8 0.520795 0.659233 0.0365845 0.0700538 0.503642
42 0.639869 0.6075 0.0304551 0.0158792 0.491717
0 0.693636 0.631529 0.0186265 0.0556232 0.455652
0 0.438587 0.607656 0.012316 0.0542353 0.412681
3 0.374216 0.910574 0.323008 0.178546 0.340078
42 0.591489 0.598286 0.0179491 0.0157962 0.335235
0 0.427107 0.607768 0.00880289 0.0522448 0.320423
0 0.373988 0.606319 0.016374 0.0807611 0.292331
4 0.496 0.601317 0.0192691 0.0198649 0.279799
42 0.439672 0.581107 0.0171709 0.0125786 0.267143
0 0.408215 0.606148 0.0127707 0.0581981 0.259882
4 0.829801 0.643306 0.0255039 0.0370359 0.216486
4 0.467449 0.606958 0.032161 0.0274521 0.210226
0 0.510624 0.626471 0.021644 0.0773569 0.191426
0 0.590325 0.619887 0.0127303 0.0350465 0.181244
42 0.499417 0.593365 0.0176109 0.0166127 0.146706
42 0.339088 0.563672 0.0211896 0.0256518 0.131564
42 0.483457 0.584697 0.0147439 0.0184636 0.124599
42 0.693314 0.591047 0.0268973 0.0255536 0.124313
4 0.861672 0.646456 0.0509005 0.0413141 0.123723
4 0.872001 0.64766 0.0341734 0.0399494 0.0988159
3 0.520931 0.855605 0.307031 0.28879 0.0934731
4 0.835174 0.642186 0.0210634 0.0360791 0.0870008
42 0.591392 0.59381 0.0159565 0.016874 0.0867756
0 0.495913 0.605188 0.0178169 0.0330871 0.0829944
0 0.310992 0.592341 0.0162282 0.0723348 0.0746225
4 0.493194 0.610411 0.0186562 0.0276817 0.0707963
4 0.954743 0.655982 0.0373405 0.0394665 0.0696958
0 0.366905 0.600879 0.0148808 0.0584245 0.0686487
0 0.337694 0.56446 0.0233248 0.0282585 0.06601
4 0.475969 0.606552 0.0268173 0.0262783 0.0656786
0 0.956375 0.655234 0.0277338 0.0387484 0.0632393
4 0.500636 0.597543 0.0154967 0.0190927 0.0611241
42 0.394654 0.570208 0.0391471 0.013378 0.0595931
4 0.837454 0.644746 0.0316892 0.0408803 0.0551903
0 0.399356 0.606126 0.0119063 0.0645016 0.046094
4 0.943475 0.655575 0.0471396 0.0404739 0.0459277
42 0.439045 0.575382 0.0210455 0.0184242 0.0438009
42 0.496 0.601317 0.0192691 0.0198649 0.0417795
4 0.610942 0.627249 0.0294863 0.0232365 0.0413165
8 0.946546 0.655479 0.0436746 0.0393856 0.0403718
4 0.492404 0.601189 0.0238107 0.025246 0.0396409
8 0.926815 0.654364 0.0228513 0.0395048 0.0372407
0 0.420145 0.606324 0.0102134 0.0563024 0.0346932
0 0.524272 0.616146 0.0349922 0.0552898 0.0332291
4 0.609355 0.635618 0.0360397 0.0340758 0.0317137
8 0.95674 0.655874 0.0308127 0.0384816 0.0316385
42 0.558184 0.617705 0.0303547 0.058831 0.0315442
42 0.517123 0.592019 0.0181943 0.0177278 0.0301623
3 0.521877 0.656575 0.0388818 0.0739134 0.0298037
0 0.586692 0.617301 0.0147418 0.0322297 0.0274118
8 0.835174 0.642186 0.0210634 0.0360791 0.027189
8 0.877736 0.649557 0.0249506 0.0359548 0.0265551
8 0.521753 0.63753 0.0395845 0.113367 0.0262783
11 0.5204 0.633734 0.0328261 0.0939648 0.0252938
0 0.558491 0.62429 0.0270544 0.070686 0.024905
42 0.500636 0.597543 0.0154967 0.0190927 0.0246197
3 0.550337 0.718322 0.147748 0.14074 0.0234274
42 0.70336 0.627959 0.0129512 0.0198351 0.023115
0 0.626696 0.634222 0.0148149 0.0331384 0.0230406
8 0.363915 0.911863 0.301389 0.176274 0.0229948
8 0.829801 0.643306 0.0255039 0.0370359 0.0226022
8 0.921881 0.65196 0.0117166 0.0404099 0.0223682
0 0.539569 0.616309 0.013387 0.0310222 0.0214878
0 0.359182 0.595145 0.0104405 0.0439112 0.021484
42 0.639302 0.617666 0.0299482 0.0353261 0.0212628
14 0.407491 0.607816 0.0137578 0.0570689 0.0202926
42 0.542075 0.608545 0.0117964 0.0310264 0.0195225
4 0.475626 0.609394 0.0182744 0.0282612 0.0186879
0 0.457061 0.592559 0.0106032 0.0228566 0.018578
4 0.973536 0.659185 0.0487988 0.0399805 0.0179037
42 0.428094 0.594993 0.00833508 0.0364944 0.0176912
0 0.642867 0.632984 0.0205938 0.0290213 0.0168143
42 0.414727 0.572681 0.0229063 0.0181064 0.0166112
8 0.495913 0.605188 0.0178169 0.0330871 0.0163254
0 0.413738 0.593326 0.0137024 0.0324004 0.0161361
8 0.871736 0.647324 0.034541 0.0395891 0.0160173
42 0.432927 0.574246 0.0162897 0.0223487 0.0157752
11 0.539569 0.616309 0.013387 0.0310222 0.0157578
0 0.921881 0.65196 0.0117166 0.0404099 0.0155303
0 0.428094 0.594993 0.00833508 0.0364944 0.0155151
4 0.639869 0.6075 0.0304551 0.0158792 0.0154773
11 0.524272 0.616146 0.0349922 0.0552898 0.0153022
11 0.310992 0.592341 0.0162282 0.0723348 0.0151675
0 0.348785 0.602008 0.0119612 0.0631598 0.0148801
8 0.73536 0.635099 0.0290068 0.0388188 0.0146373
8 0.715069 0.642132 0.0180008 0.0303406 0.0146367
42 0.584213 0.604205 0.0106465 0.0219362 0.0145658
8 0.493194 0.610411 0.0186562 0.0276817 0.0144088
4 0.598302 0.611946 0.0218041 0.0366411 0.0141931
0 0.945519 0.654559 0.0384708 0.0410325 0.0138247
42 0.374388 0.562628 0.0361202 0.0177113 0.0134711
0 0.609339 0.627967 0.0322596 0.0240193 0.0133107
8 0.88667 0.652113 0.0139002 0.0295929 0.0129563
42 0.610942 0.627249 0.0294863 0.0232365 0.0128078
42 0.682362 0.592696 0.0394617 0.0178686 0.0124011
4 0.73536 0.635099 0.0290068 0.0388188 0.0121816
4 0.335308 0.603176 0.0242819 0.101214 0.012172
0 0.446684 0.607044 0.0117412 0.0434322 0.0121704
4 0.539569 0.616309 0.013387 0.0310222 0.0121475
42 0.310567 0.573982 0.0169382 0.0387674 0.0118773
0 0.69202 0.618454 0.0240905 0.0499465 0.0110509
0 0.352966 0.59653 0.0109784 0.0384293 0.0107043
8 0.720503 0.632623 0.0286458 0.030881 0.0106839
22 0.207153 0.608463 0.0184194 0.0330245 0.0106647
4 0.55336 0.624132 0.0254927 0.0703125 0.0102993
42 0.385675 0.557711 0.0299844 0.0207524 0.0101992
9 0.310992 0.592341 0.0162282 0.0723348 0.0100676
0 0.942334 0.645051 0.0218784 0.0503483 0.00984361
0 0.493194 0.610411 0.0186562 0.0276817 0.00978827
0 0.584213 0.604205 0.0106465 0.0219362 0.00977751
14 0.439858 0.608239 0.012472 0.053111 0.00961214
1 0.614858 0.597585 0.0163678 0.014849 0.00947584
0 0.590814 0.597961 0.0160234 0.0158028 0.00933313
4 0.408883 0.605962 0.0192457 0.0633569 0.00932934
4 0.88258 0.652253 0.0156432 0.0371228 0.00912133
0 0.598302 0.611946 0.0218041 0.0366411 0.00887143
4 0.64086 0.610106 0.0268848 0.0282777 0.00869934
4 0.720503 0.632623 0.0286458 0.030881 0.00868465
0 0.356229 0.604425 0.0120378 0.0771236 0.00847077
0 0.492404 0.601189 0.0238107 0.025246 0.00841172
42 0.313339 0.558463 0.0157636 0.0222448 0.00826262
42 0.520948 0.594814 0.0234907 0.0215438 0.00824124
4 0.467178 0.591862 0.0289144 0.0202654 0.00820561
9 0.352966 0.59653 0.0109784 0.0384293 0.0081871
8 0.473016 0.609102 0.0202272 0.029333 0.00818011
4 0.457061 0.592559 0.0106032 0.0228566 0.00792847
0 0.70336 0.627959 0.0129512 0.0198351 0.00790506
11 0.692579 0.62978 0.0157238 0.0545374 0.00759677
8 0.88258 0.652253 0.0156432 0.0371228 0.00756149
42 0.674786 0.601181 0.0368823 0.0161705 0.00725127
42 0.413738 0.593326 0.0137024 0.0324004 0.00701245
0 0.310567 0.573982 0.0169382 0.0387674 0.00699626
4 0.495913 0.605188 0.0178169 0.0330871 0.00697411
0 0.613721 0.597854 0.0198236 0.0173446 0.00689528
0 0.542075 0.608545 0.0117964 0.0310264 0.00679552
1 0.483457 0.584697 0.0147439 0.0184636 0.00672664
4 0.658638 0.642324 0.0192103 0.026267 0.00668405
0 0.500636 0.597543 0.0154967 0.0190927 0.00662227
0 0.64086 0.610106 0.0268848 0.0282777 0.00657871
0 0.714349 0.637281 0.0175448 0.0315133 0.00654727
4 0.524272 0.616146 0.0349922 0.0552898 0.00630515
0 0.496 0.601317 0.0192691 0.0198649 0.0062907
4 0.851324 0.643254 0.0442331 0.0426786 0.0062815
42 0.467178 0.591862 0.0289144 0.0202654 0.00627752
4 0.438587 0.607656 0.012316 0.0542353 0.00623349
42 0.492404 0.601189 0.0238107 0.025246 0.00613989
4 0.497444 0.593361 0.0178576 0.0171782 0.00605233
8 0.669071 0.643974 0.0313917 0.0302137 0.00604437
8 0.493579 0.618556 0.0177827 0.0342283 0.00602795
4 0.823051 0.643877 0.0281578 0.0384238 0.00598867
0 0.652702 0.623289 0.0111133 0.0277476 0.00592998
42 0.590325 0.619887 0.0127303 0.0350465 0.00591909
42 0.692893 0.630713 0.0214468 0.0563003 0.00591105
1 0.385229 0.56457 0.0288222 0.0151368 0.00586835
2 0.639869 0.6075 0.0304551 0.0158792 0.00584946
4 0.439672 0.581107 0.0171709 0.0125786 0.00576382
42 0.612602 0.594422 0.0223564 0.0185847 0.00570276
4 0.88667 0.652113 0.0139002 0.0295929 0.00565282
9 0.359182 0.595145 0.0104405 0.0439112 0.00558707
42 0.483895 0.577561 0.0143763 0.0222248 0.00554595
0 0.635731 0.617218 0.0285782 0.0330116 0.00554176
4 0.5204 0.633734 0.0328261 0.0939648 0.00551519
0 0.666418 0.636958 0.0238918 0.0349697 0.00546976
4 0.413738 0.593326 0.0137024 0.0324004 0.00541617
8 0.496 0.601317 0.0192691 0.0198649 0.00518181
0 0.475969 0.606552 0.0268173 0.0262783 0.00513655
13 0.336548 0.564803 0.021737 0.0275938 0.0050848
1 0.693937 0.597962 0.0226644 0.0132582 0.00505074
4 0.933477 0.654627 0.033944 0.0403931 0.00500359
0 0.950714 0.646081 0.0188035 0.0531155 0.00497507
4 0.420145 0.606324 0.0102134 0.0563024 0.0049393
11 0.70336 0.627959 0.0129512 0.0198351 0.00489238
4 0.635731 0.617218 0.0285782 0.0330116 0.00488335
4 0.904127 0.652875 0.0457677 0.0402392 0.00487995
17 0.336548 0.564803 0.021737 0.0275938 0.00486785
14 0.427854 0.607603 0.00951874 0.0516704 0.00485192
0 0.926815 0.654364 0.0228513 0.0395048 0.0048137
42 0.386112 0.607401 0.0162369 0.0773407 0.0047778
3 0.835174 0.642186 0.0210634 0.0360791 0.00476319
11 0.510624 0.626471 0.021644 0.0773569 0.0047462
1 0.439672 0.581107 0.0171709 0.0125786 0.00461637
25 0.385229 0.56457 0.0288222 0.0151368 0.00452863
42 0.413063 0.565391 0.0176414 0.0183285 0.00452098
9 0.692579 0.62978 0.0157238 0.0545374 0.00450781
0 0.493579 0.618556 0.0177827 0.0342283 0.00449972
42 0.554083 0.627266 0.0191328 0.0730614 0.00434331
11 0.310567 0.573982 0.0169382 0.0387674 0.00426386
42 0.5204 0.633734 0.0328261 0.0939648 0.00417779
4 0.310992 0.592341 0.0162282 0.0723348 0.0041702
4 0.669071 0.643974 0.0313917 0.0302137 0.00416772
13 0.517123 0.592019 0.0181943 0.0177278 0.00413853
2 0.496 0.601317 0.0192691 0.0198649 0.00411569
42 0.64033 0.627998 0.0269402 0.0315802 0.00411283
14 0.352966 0.59653 0.0109784 0.0384293 0.00408201
4 0.310567 0.573982 0.0169382 0.0387674 0.00407476
42 0.524272 0.616146 0.0349922 0.0552898 0.00407207
4 0.510624 0.626471 0.021644 0.0773569 0.00393588
0 0.669071 0.643974 0.0313917 0.0302137 0.00384416
42 0.409408 0.603615 0.0155432 0.056301 0.0038276
3 0.829897 0.641715 0.0260668 0.0398644 0.00379832
25 0.615163 0.597354 0.0185397 0.0150538 0.00379281
0 0.671561 0.630422 0.0272684 0.0401245 0.00376858
42 0.348571 0.552471 0.0235782 0.0263007 0.0037205
17 0.520802 0.634496 0.0377569 0.102305 0.00369405
11 0.590325 0.619887 0.0127303 0.0350465 0.00368299
42 0.347638 0.562892 0.0186027 0.0190658 0.00365995
4 0.642867 0.632984 0.0205938 0.0290213 0.00364338
42 0.377441 0.558295 0.0361086 0.0228324 0.00356035
0 0.720503 0.632623 0.0286458 0.030881 0.00355348
4 0.715069 0.642132 0.0180008 0.0303406 0.00353971
17 0.31033 0.557632 0.0138887 0.0199349 0.00353327
11 0.359182 0.595145 0.0104405 0.0439112 0.00336275
2 0.164632 0.601969 0.0133447 0.0237381 0.00335781
4 0.306527 0.603908 0.0227781 0.0971128 0.00335497
0 0.696176 0.646699 0.0231504 0.0287893 0.00334862
3 0.73536 0.635099 0.0290068 0.0388188 0.00334849
9 0.408215 0.606148 0.0127707 0.0581981 0.00333331
4 0.394654 0.570208 0.0391471 0.013378 0.00332468
42 0.467032 0.603509 0.0328212 0.0297028 0.00330116
3 0.877736 0.649557 0.0249506 0.0359548 0.00320595
0 0.475626 0.609394 0.0182744 0.0282612 0.00317348
0 0.458653 0.609745 0.0144289 0.0281305 0.00316823
3 0.458653 0.609745 0.0144289 0.0281305 0.00316564
42 0.432575 0.552811 0.013416 0.0276773 0.00315874
0 0.439672 0.581107 0.0171709 0.0125786 0.0031499
11 0.69653 0.637893 0.0242574 0.0431939 0.00312444
8 0.93507 0.660496 0.0366584 0.0434287 0.00309323
8 0.904127 0.652875 0.0457677 0.0402392 0.00308485
4 0.70336 0.627959 0.0129512 0.0198351 0.00305373
8 0.609355 0.635618 0.0360397 0.0340758 0.00303533
8 0.69653 0.637893 0.0242574 0.0431939 0.00303295
13 0.31033 0.557632 0.0138887 0.0199349 0.00301536
11 0.306962 0.603324 0.0217715 0.0961741 0.00300709
0 0.601097 0.637745 0.0330904 0.0403114 0.00300343
0 0.609355 0.635618 0.0360397 0.0340758 0.002976
3 0.926815 0.654364 0.0228513 0.0395048 0.00296732
4 0.601097 0.637745 0.0330904 0.0403114 0.00295016
3 0.886796 0.650212 0.0134677 0.0280139 0.00292953
42 0.532988 0.596186 0.0236451 0.0217677 0.00289339
9 0.5204 0.633734 0.0328261 0.0939648 0.00288824
37 0.352966 0.59653 0.0109784 0.0384293 0.00287229
42 0.366905 0.600879 0.0148808 0.0584245 0.00284784
4 0.606585 0.648566 0.0464342 0.0479296 0.00283136
0 0.347638 0.562892 0.0186027 0.0190658 0.0027971
42 0.457061 0.592559 0.0106032 0.0228566 0.00276213
4 0.382806 0.564447 0.0408015 0.0175171 0.00275124
0 0.932031 0.645196 0.0278878 0.050364 0.00274119
0 0.68778 0.645814 0.0313592 0.031777 0.00273513
22 0.260107 0.605504 0.0102901 0.0395917 0.00271485
3 0.495913 0.605188 0.0178169 0.0330871 0.00269633
13 0.497444 0.593361 0.0178576 0.0171782 0.00265966
42 0.652702 0.623289 0.0111133 0.0277476 0.00265775
0 0.640331 0.606336 0.031152 0.0168557 0.00261747
0 0.658638 0.642324 0.0192103 0.026267 0.00260229
9 0.539569 0.616309 0.013387 0.0310222 0.00259214
2 0.70336 0.627959 0.0129512 0.0198351 0.00257838
4 0.483457 0.584697 0.0147439 0.0184636 0.00257557
13 0.310567 0.573982 0.0169382 0.0387674 0.00257429
42 0.539569 0.616309 0.013387 0.0310222 0.00256152
8 0.658638 0.642324 0.0192103 0.026267 0.0025235
25 0.557301 0.592808 0.0305324 0.0150464 0.00246556
11 0.352966 0.59653 0.0109784 0.0384293 0.00243069
13 0.483457 0.584697 0.0147439 0.0184636 0.00242219
8 0.458653 0.609745 0.0144289 0.0281305 0.00241171
8 0.550337 0.718322 0.147748 0.14074 0.00240847
8 0.590325 0.619887 0.0127303 0.0350465 0.00239687
11 0.500636 0.597543 0.0154967 0.0190927 0.00239596
42 0.373505 0.610471 0.0151668 0.0718944 0.00238483
3 0.921881 0.65196 0.0117166 0.0404099 0.00238083
9 0.524272 0.616146 0.0349922 0.0552898 0.00235982
8 0.837454 0.644746 0.0316892 0.0408803 0.00235792
4 0.921711 0.653968 0.0372822 0.0393489 0.0023532
17 0.517123 0.592019 0.0181943 0.0177278 0.0023259
11 0.336548 0.564803 0.021737 0.0275938 0.00229678
8 0.500636 0.597543 0.0154967 0.0190927 0.00228518
4 0.542075 0.608545 0.0117964 0.0310264 0.00226503
11 0.586692 0.617301 0.0147418 0.0322297 0.00224722
42 0.306527 0.603908 0.0227781 0.0971128 0.00222861
1 0.959014 0.388495 0.0376245 0.114092 0.00220443
0 0.923798 0.645607 0.0176568 0.0501169 0.0021706
42 0.69653 0.637893 0.0242574 0.0431939 0.00215944
3 0.871736 0.647324 0.034541 0.0395891 0.00214377
4 0.458653 0.609745 0.0144289 0.0281305 0.00213238
8 0.408225 0.606844 0.0146031 0.0561664 0.0021087
4 0.813357 0.644099 0.0295014 0.0365754 0.00207132
0 0.694683 0.597799 0.0233539 0.015151 0.00203796
8 0.55336 0.624132 0.0254927 0.0703125 0.00202437
