8 0.201193 0.661863 0.131818 0.141943 0.898214
4 0.663603 0.593733 0.0643858 0.0336156 0.875371
1 0.391495 0.506827 0.0215891 0.0640192 0.87138
0 0.201807 0.625277 0.0669427 0.184236 0.866366
1 0.652699 0.531875 0.0147035 0.0418985 0.862136
7 0.640706 0.409395 0.0105649 0.0383369 0.784373
7 0.685823 0.40538 0.0115799 0.0404312 0.752465
7 0.962439 0.483538 0.0225087 0.0879492 0.741002
7 0.664354 0.408466 0.0157143 0.018669 0.590623
7 0.992608 0.486575 0.0144752 0.073728 0.549275
7 0.709641 0.40232 0.0191218 0.0215068 0.494267
7 0.767839 0.521559 0.0114743 0.0507504 0.471142
13 0.21565 0.545757 0.027275 0.0249601 0.442672
3 0.745675 0.604427 0.0195264 0.0297929 0.329315
1 0.323742 0.490649 0.0272224 0.0297221 0.250912
3 0.778909 0.604369 0.0135699 0.0270017 0.221965
5 0.381417 0.578507 0.051017 0.058983 0.186567
3 0.783348 0.604051 0.017105 0.0278804 0.133059
3 0.791003 0.604565 0.0218812 0.0280573 0.130016
17 0.21565 0.545757 0.027275 0.0249601 0.123095
1 0.767691 0.526518 0.0128738 0.0597052 0.106639
3 0.774461 0.603286 0.0181476 0.0276 0.102263
7 0.747674 0.51508 0.0102427 0.0373279 0.0983669
5 0.373794 0.577821 0.0405519 0.0478155 0.0863131
7 0.273014 0.545312 0.0117564 0.0425234 0.0739955
1 0.745675 0.604427 0.0195264 0.0297929 0.0732522
8 0.916085 0.623582 0.0183267 0.0265605 0.0725391
7 0.750196 0.517402 0.0111955 0.0430739 0.0708665
3 0.753081 0.604038 0.0275009 0.0266482 0.0656317
8 0.788656 0.605429 0.0238003 0.0270825 0.0594805
7 0.27571 0.544284 0.0106938 0.0392819 0.0523742
8 0.778909 0.604369 0.0135699 0.0270017 0.0502471
13 0.214018 0.552468 0.0254279 0.0373635 0.0431646
6 0.38397 0.574679 0.0603769 0.0617994 0.0424272
13 0.21321 0.540194 0.0303931 0.0231978 0.0415305
2 0.273014 0.545312 0.0117564 0.0425234 0.0402656
6 0.418604 0.573472 0.0504517 0.0594162 0.0383884
8 0.783348 0.604051 0.017105 0.0278804 0.0374213
4 0.421967 0.587466 0.0272379 0.0279831 0.0337741
4 0.437498 0.586108 0.0221482 0.0305071 0.0326934
13 0.207031 0.556229 0.0150593 0.0286602 0.031595
4 0.372891 0.576026 0.039863 0.046146 0.0308963
7 0.987939 0.486436 0.0231607 0.0775808 0.0270037
2 0.27571 0.543444 0.0106609 0.0383967 0.0263897
0 0.778909 0.604369 0.0135699 0.0270017 0.0230464
8 0.745619 0.603028 0.0198475 0.0270324 0.0228437
4 0.428631 0.586163 0.0380798 0.0345101 0.0227117
1 0.39074 0.520597 0.0230894 0.0475894 0.019759
3 0.201835 0.662748 0.133448 0.140141 0.0187472
15 0.418604 0.573472 0.0504517 0.0594162 0.0184233
15 0.38397 0.574679 0.0603769 0.0617994 0.0182691
4 0.387909 0.583675 0.0618315 0.0484442 0.0177385
4 0.424122 0.573419 0.0325346 0.0570753 0.0173955
3 0.795485 0.611291 0.011374 0.0234469 0.0168465
0 0.190125 0.616264 0.0477645 0.16408 0.0168408
1 0.991547 0.488346 0.0161618 0.0800494 0.0166571
4 0.51068 0.591111 0.0194055 0.0211742 0.0157357
4 0.705258 0.591539 0.0174749 0.0131354 0.0155142
0 0.783348 0.604051 0.017105 0.0278804 0.0152197
4 0.638044 0.591916 0.0164541 0.0247132 0.0136705
0 0.788656 0.605429 0.0238003 0.0270825 0.0131765
7 0.748669 0.557113 0.0151973 0.0707137 0.0127482
0 0.268784 0.556733 0.0163817 0.0642865 0.0125377
3 0.372755 0.578255 0.0411982 0.0462795 0.0124155
14 0.916085 0.623582 0.0183267 0.0265605 0.0123431
4 0.71533 0.591896 0.0122592 0.0132748 0.0123032
14 0.381289 0.581076 0.0504467 0.0555483 0.0119494
13 0.208661 0.533945 0.0366959 0.0333397 0.0109665
0 0.272285 0.545915 0.0126416 0.0444116 0.0107054
3 0.36985 0.588109 0.0332599 0.0399785 0.0104639
4 0.783348 0.604051 0.017105 0.0278804 0.0102909
7 0.753249 0.551057 0.00988031 0.0337309 0.00961923
1 0.963298 0.492536 0.0223226 0.0831102 0.00944663
17 0.207031 0.556229 0.0150593 0.0286602 0.00943378
17 0.214018 0.552468 0.0254279 0.0373635 0.00896629
3 0.779901 0.609178 0.0104589 0.0276367 0.00881496
4 0.788656 0.605429 0.0238003 0.0270825 0.00816222
1 0.709474 0.401952 0.0178056 0.0219675 0.00812914
4 0.434442 0.578216 0.0287552 0.0470359 0.0081233
4 0.601885 0.453185 0.0130414 0.0140978 0.00807646
3 0.738009 0.597109 0.0175637 0.0165981 0.00797072
0 0.268086 0.573398 0.0173719 0.0435433 0.0077057
7 0.746959 0.499239 0.00934326 0.0153398 0.00764556
5 0.788656 0.605429 0.0238003 0.0270825 0.00711095
0 0.540936 0.578632 0.0164052 0.0475857 0.00696054
1 0.768214 0.56095 0.0115103 0.0204157 0.00695834
0 0.204592 0.579816 0.0568703 0.078789 0.00676631
5 0.415503 0.574659 0.0563052 0.061527 0.00648299
8 0.795485 0.611291 0.011374 0.0234469 0.00647501
4 0.415503 0.574659 0.0563052 0.061527 0.00600429
8 0.91638 0.630906 0.016911 0.0218942 0.00584356
2 0.754893 0.397399 0.0115383 0.0155101 0.00567698
7 0.268862 0.556262 0.0170249 0.0632659 0.00550701
4 0.201889 0.661444 0.134099 0.141604 0.0054624
24 0.74618 0.604374 0.0213776 0.0304475 0.00542667
3 0.780835 0.599668 0.0158375 0.0304067 0.00538612
22 0.640753 0.409305 0.0100486 0.0386936 0.00535651
14 0.778909 0.604369 0.0135699 0.0270017 0.00527748
4 0.700938 0.595594 0.0182574 0.0178308 0.00524232
3 0.389342 0.591523 0.0527242 0.0352856 0.00521816
42 0.21565 0.545757 0.027275 0.0249601 0.00519937
22 0.685692 0.405193 0.0117248 0.0404284 0.00510951
1 0.778909 0.604369 0.0135699 0.0270017 0.00507446
3 0.916085 0.623582 0.0183267 0.0265605 0.00503569
15 0.368201 0.573773 0.0768145 0.0482162 0.00500518
1 0.74787 0.517074 0.0114146 0.0409056 0.00496099
4 0.915498 0.62643 0.0184083 0.0215519 0.00495912
4 0.74618 0.604374 0.0213776 0.0304475 0.00485615
3 0.381417 0.578507 0.051017 0.058983 0.00479081
12 0.381388 0.57789 0.0517802 0.0586063 0.00478922
4 0.49561 0.590478 0.0357023 0.0264337 0.00470623
1 0.960336 0.474178 0.0224389 0.0823623 0.00461736
22 0.745675 0.604427 0.0195264 0.0297929 0.0045632
6 0.373794 0.577821 0.0405519 0.0478155 0.00453965
14 0.788656 0.605429 0.0238003 0.0270825 0.00453586
0 0.19279 0.577265 0.0490104 0.0593551 0.00451525
1 0.716229 0.431617 0.0199814 0.0122394 0.00449415
12 0.373794 0.577821 0.0405519 0.0478155 0.00439193
14 0.421967 0.587466 0.0272379 0.0279831 0.00435909
22 0.916085 0.623582 0.0183267 0.0265605 0.00426802
17 0.21321 0.540194 0.0303931 0.0231978 0.00422846
4 0.551189 0.435781 0.0217342 0.0158167 0.00420785
22 0.778909 0.604369 0.0135699 0.0270017 0.00402532
1 0.753249 0.551057 0.00988031 0.0337309 0.0040048
1 0.331978 0.498013 0.0108138 0.025214 0.00394159
8 0.774461 0.603286 0.0181476 0.0276 0.00393159
14 0.783348 0.604051 0.017105 0.0278804 0.00390618
4 0.595835 0.449253 0.0114822 0.0139319 0.00379597
0 0.785673 0.600379 0.0243021 0.0338988 0.00377605
0 0.27571 0.544284 0.0106938 0.0392819 0.00377377
5 0.778909 0.604369 0.0135699 0.0270017 0.00375402
8 0.797882 0.608198 0.0161306 0.0217427 0.00373885
2 0.424756 0.569344 0.0271635 0.0494924 0.00368222
1 0.689038 0.472748 0.00917346 0.0281262 0.00366722
14 0.389342 0.591523 0.0527242 0.0352856 0.00363824
1 0.273014 0.545312 0.0117564 0.0425234 0.00356154
0 0.745619 0.603028 0.0198475 0.0270324 0.00349561
22 0.663466 0.408649 0.0167899 0.0182594 0.00347686
4 0.565364 0.440534 0.0123643 0.0130223 0.00341203
3 0.987895 0.636449 0.0214615 0.0395371 0.00340759
3 0.349777 0.578106 0.0378897 0.0377122 0.00338794
4 0.728352 0.591862 0.01471 0.0138757 0.0033819
5 0.428407 0.578989 0.0365359 0.0518764 0.00337677
4 0.368201 0.573773 0.0768145 0.0482162 0.0033626
3 0.797882 0.608198 0.0161306 0.0217427 0.00335836
4 0.715752 0.596183 0.0139051 0.016332 0.00334673
0 0.780835 0.599668 0.0158375 0.0304067 0.0033146
15 0.434442 0.578216 0.0287552 0.0470359 0.00319335
8 0.779901 0.609178 0.0104589 0.0276367 0.00309546
8 0.753081 0.604038 0.0275009 0.0266482 0.0030296
0 0.218421 0.590609 0.0359913 0.0944611 0.00297145
4 0.350282 0.574926 0.0393445 0.0373015 0.00295457
0 0.189375 0.59367 0.0458125 0.0989061 0.00292422
0 0.51068 0.591111 0.0194055 0.0211742 0.00291999
1 0.387781 0.558396 0.0187434 0.0337602 0.00284081
15 0.428631 0.586163 0.0380798 0.0345101 0.00283341
7 0.593487 0.437482 0.00930475 0.0214288 0.00270028
4 0.753081 0.604038 0.0275009 0.0266482 0.00269932
1 0.601885 0.453185 0.0130414 0.0140978 0.00267198
0 0.275242 0.552999 0.0124741 0.0576153 0.00265546
3 0.800541 0.613805 0.0105966 0.0184329 0.00264622
8 0.377351 0.582779 0.0459553 0.051595 0.00258654
7 0.768093 0.501796 0.00957111 0.0202016 0.00246129
8 0.268086 0.573398 0.0173719 0.0435433 0.00241976
1 0.595835 0.449253 0.0114822 0.0139319 0.0023854
7 0.601885 0.453185 0.0130414 0.0140978 0.00233373
4 0.797882 0.608198 0.0161306 0.0217427 0.00232688
8 0.800541 0.613805 0.0105966 0.0184329 0.00228445
9 0.204592 0.579816 0.0568703 0.078789 0.00220845
15 0.437498 0.586108 0.0221482 0.0305071 0.00220223
13 0.222226 0.537851 0.0367538 0.0234691 0.00216143
12 0.424122 0.573419 0.0325346 0.0570753 0.00214331
14 0.774461 0.603286 0.0181476 0.0276 0.00213053
0 0.779901 0.609178 0.0104589 0.0276367 0.00210834
4 0.484051 0.590034 0.0416322 0.03322 0.00205557
5 0.783348 0.604051 0.017105 0.0278804 0.00203542
7 0.78937 0.48673 0.0119384 0.0141762 0.00200882
13 0.219258 0.55955 0.0330239 0.0378249 0.00200797
7 0.768214 0.56095 0.0115103 0.0204157 0.00198824
17 0.208661 0.533945 0.0366959 0.0333397 0.00196254
7 0.617917 0.396831 0.0116579 0.0263156 0.00195173
15 0.512341 0.571551 0.0748636 0.0650765 0.00194097
1 0.748669 0.557113 0.0151973 0.0707137 0.00192581
1 0.584113 0.447442 0.0110762 0.0166001 0.00190499
7 0.964413 0.483562 0.0361148 0.0806841 0.00189996
0 0.258112 0.579217 0.0194415 0.0318915 0.00188862
14 0.424122 0.573419 0.0325346 0.0570753 0.00188694
5 0.201835 0.662748 0.133448 0.140141 0.0018743
9 0.218849 0.63568 0.0315508 0.150944 0.0018609
4 0.54845 0.432159 0.0171754 0.0139512 0.00185516
4 0.471892 0.589405 0.0209291 0.0332398 0.00185329
12 0.74618 0.604374 0.0213776 0.0304475 0.00185235
7 0.595835 0.449253 0.0114822 0.0139319 0.00180868
3 0.785673 0.600379 0.0243021 0.0338988 0.00179671
8 0.51068 0.591111 0.0194055 0.0211742 0.0017955
8 0.421967 0.587466 0.0272379 0.0279831 0.00179044
44 0.74618 0.604374 0.0213776 0.0304475 0.00178006
6 0.428407 0.578989 0.0365359 0.0518764 0.00176881
4 0.366545 0.56779 0.0567433 0.050415 0.00176493
6 0.557318 0.574085 0.022103 0.0543903 0.00175557
15 0.372891 0.576026 0.039863 0.046146 0.0017451
4 0.409416 0.567092 0.0161705 0.0514855 0.00173936
0 0.916085 0.623582 0.0183267 0.0265605 0.0017263
3 0.728352 0.591862 0.01471 0.0138757 0.00172532
8 0.389342 0.591523 0.0527242 0.0352856 0.00171768
14 0.746839 0.604616 0.0200021 0.0287337 0.0017154
0 0.559426 0.574316 0.0156418 0.0481975 0.00171422
0 0.428631 0.586163 0.0380798 0.0345101 0.00169473
7 0.748959 0.574414 0.0169634 0.0613888 0.00168199
1 0.750753 0.531443 0.0162825 0.0540481 0.00165118
1 0.589262 0.446215 0.00957825 0.0158677 0.00162367
7 0.652591 0.532048 0.0151349 0.0404303 0.00161817
3 0.976883 0.618557 0.029037 0.0247654 0.00161413
8 0.36985 0.588109 0.0332599 0.0399785 0.00161293
7 0.753103 0.570366 0.0144965 0.0631452 0.00159194
4 0.785673 0.600379 0.0243021 0.0338988 0.00151218
14 0.425768 0.591561 0.0370843 0.034753 0.00151054
1 0.561354 0.440867 0.00773688 0.0138336 0.00150335
2 0.267973 0.550897 0.0157752 0.0642539 0.00149422
7 0.614793 0.457693 0.00971765 0.0135304 0.00148168
5 0.74618 0.604374 0.0213776 0.0304475 0.00148003
6 0.515682 0.574987 0.0730511 0.0583245 0.00146954
14 0.372891 0.576026 0.039863 0.046146 0.00146381
8 0.929158 0.621798 0.0247757 0.0276528 0.00144087
4 0.778909 0.604369 0.0135699 0.0270017 0.00144024
0 0.260151 0.571637 0.0163559 0.0452499 0.0014387
7 0.275242 0.552999 0.0124741 0.0576153 0.00143181
4 0.451622 0.588454 0.0286169 0.034768 0.00142502
1 0.71449 0.465969 0.0289553 0.0636203 0.00142034
8 0.258112 0.579217 0.0194415 0.0318915 0.0014136
7 0.622483 0.414703 0.0150426 0.0305014 0.00140692
4 0.45411 0.589491 0.0442423 0.0403331 0.00140309
22 0.783348 0.604051 0.017105 0.0278804 0.00140287
1 0.557318 0.574085 0.022103 0.0543903 0.00139215
3 0.784663 0.612844 0.0235814 0.0479476 0.00137031
1 0.593487 0.437482 0.00930475 0.0214288 0.00136728
5 0.389342 0.591523 0.0527242 0.0352856 0.00134411
3 0.713263 0.592901 0.0173879 0.0113154 0.00127235
5 0.915498 0.62643 0.0184083 0.0215519 0.00125018
8 0.916446 0.616918 0.0170755 0.0316783 0.00124696
4 0.589262 0.446215 0.00957825 0.0158677 0.0012336
2 0.255915 0.541122 0.00716391 0.0374678 0.00123301
4 0.466675 0.39968 0.0297869 0.0247408 0.00122545
22 0.709474 0.401952 0.0178056 0.0219675 0.00122076
0 0.795485 0.611291 0.011374 0.0234469 0.00120923
3 0.421967 0.587466 0.0272379 0.0279831 0.0011976
14 0.987895 0.636449 0.0214615 0.0395371 0.00119105
1 0.268862 0.556262 0.0170249 0.0632659 0.00118924
4 0.916446 0.616918 0.0170755 0.0316783 0.00116534
4 0.608997 0.451417 0.0116329 0.0160017 0.00116379
7 0.750753 0.531443 0.0162825 0.0540481 0.00115636
6 0.663761 0.593324 0.063719 0.0340871 0.00114339
8 0.268784 0.556733 0.0163817 0.0642865 0.00113701
1 0.692928 0.484528 0.00856903 0.0153124 0.00113487
2 0.749944 0.401588 0.0148516 0.0156765 0.00113304
14 0.929158 0.621798 0.0247757 0.0276528 0.0011224
11 0.204592 0.579816 0.0568703 0.078789 0.00111388
4 0.583645 0.443325 0.0116812 0.0178217 0.00110862
1 0.748959 0.574414 0.0169634 0.0613888 0.00110722
1 0.774461 0.603286 0.0181476 0.0276 0.00105499
0 0.421967 0.587466 0.0272379 0.0279831 0.00105214
6 0.368201 0.573773 0.0768145 0.0482162 0.0010508
3 0.945666 0.618358 0.0548749 0.0271581 0.00105053
17 0.19279 0.577265 0.0490104 0.0593551 0.00104414
2 0.755497 0.389268 0.0107256 0.0201349 0.00103167
3 0.929158 0.621798 0.0247757 0.0276528 0.00102944
7 0.564011 0.532503 0.0108674 0.0219526 0.00102267
1 0.689162 0.462615 0.0122903 0.0414492 0.00100894
1 0.712445 0.431596 0.0169571 0.0149876 0.00100569
