10 0.643203 0.80043 0.0602883 0.378022 0.909833
10 0.688689 0.773907 0.0483551 0.36626 0.840699
9 0.844007 0.23874 0.13299 0.313415 0.149335
49 0.512108 0.545818 0.208051 0.604328 0.130811
49 0.511589 0.382386 0.209103 0.279572 0.0179804
19 0.301793 0.822669 0.26952 0.35312 0.016703
49 0.426441 0.229358 0.0549042 0.193275 0.0132649
30 0.511211 0.379132 0.210677 0.269415 0.00617766
17 0.511589 0.382386 0.209103 0.279572 0.00541186
17 0.844295 0.24014 0.133027 0.310189 0.004851
19 0.64197 0.888849 0.410104 0.217314 0.0046036
19 0.719537 0.662919 0.528729 0.662036 0.00371211
15 0.0500019 0.962125 0.0960611 0.0682874 0.003459
44 0.714595 0.928294 0.255281 0.141245 0.0027287
10 0.52004 0.806253 0.0521072 0.123724 0.00269341
49 0.546768 0.292348 0.0624359 0.0927942 0.0025378
35 0.508325 0.538944 0.209715 0.586823 0.00243049
45 0.843964 0.239983 0.133126 0.310048 0.00215962
1 0.050332 0.962822 0.093495 0.0632695 0.00189209
49 0.457357 0.562026 0.0808695 0.550274 0.00187692
51 0.0500019 0.962125 0.0960611 0.0682874 0.0018652
19 0.387716 0.640951 0.768345 0.71037 0.00175833
0 0.303626 0.823328 0.26622 0.353344 0.0016772
30 0.54781 0.289879 0.0603245 0.0868435 0.00164569
10 0.445278 0.487004 0.0554264 0.345237 0.00160595
44 0.64197 0.888849 0.410104 0.217314 0.00144584
44 0.301082 0.822589 0.272405 0.351632 0.00124004
10 0.642789 0.896744 0.0602445 0.196367 0.00120946
10 0.510383 0.544445 0.20798 0.599 0.00109728
30 0.508325 0.538944 0.209715 0.586823 0.0010258
2 0.38192 0.400188 0.0102949 0.0217017 0.00101932
