4 0.710195 0.524686 0.0332911 0.0512601 0.752706
4 0.760108 0.207327 0.0205703 0.0130891 0.585444
4 0.814871 0.224123 0.0131006 0.012088 0.550857
8 0.0645552 0.42162 0.0137323 0.0301793 0.422087
5 0.0214084 0.420401 0.0384525 0.0374617 0.385816
5 0.145303 0.422543 0.0399788 0.0411181 0.337909
8 0.608896 0.416347 0.0171103 0.0194315 0.312673
4 0.804084 0.382434 0.0228907 0.0190135 0.275177
4 0.517081 0.217306 0.0316439 0.026332 0.253069
4 0.537402 0.242468 0.0183908 0.0185577 0.242136
25 0.609377 0.39107 0.0460466 0.0559999 0.21437
8 0.613267 0.414428 0.0221781 0.0226232 0.19851
4 0.553469 0.209137 0.0142519 0.0162457 0.196054
6 0.678378 0.398562 0.0455281 0.0666142 0.167948
4 0.515551 0.223635 0.0297977 0.0289297 0.154
8 0.154288 0.429591 0.0163319 0.0271345 0.14726
6 0.709865 0.525179 0.0338327 0.0510386 0.147073
4 0.992126 0.354139 0.0124886 0.0141763 0.145882
6 0.705853 0.401866 0.0210837 0.0375243 0.140314
0 0.148036 0.428384 0.013024 0.0302791 0.130454
5 0.608896 0.416347 0.0171103 0.0194315 0.124806
4 0.0226205 0.417806 0.0429159 0.0432726 0.111787
5 0.709908 0.525067 0.0331809 0.0506831 0.10946
0 0.154288 0.429591 0.0163319 0.0271345 0.10148
4 0.00929157 0.401996 0.0169068 0.0262583 0.0980513
0 0.152184 0.425409 0.0230569 0.0348898 0.0861605
14 0.358736 0.416126 0.0101174 0.0333149 0.0856626
8 0.165108 0.430251 0.0134156 0.0244169 0.0828491
5 0.607658 0.394185 0.0480588 0.0616329 0.0825809
4 0.759892 0.211302 0.020731 0.0182524 0.0820985
8 0.148036 0.428384 0.013024 0.0302791 0.0777824
25 0.606911 0.382912 0.0416686 0.0340802 0.0769118
5 0.705853 0.401866 0.0210837 0.0375243 0.0767071
4 0.992681 0.350335 0.0118738 0.0171873 0.0763562
8 0.775092 0.405624 0.0159465 0.0174924 0.0730336
0 0.186262 0.427701 0.0108928 0.0305247 0.0695631
4 0.497925 0.242883 0.0469687 0.01738 0.0692933
0 0.608896 0.416347 0.0171103 0.0194315 0.0678921
1 0.625477 0.353857 0.0127665 0.0141991 0.0639872
1 0.553469 0.209137 0.0142519 0.0162457 0.0611129
5 0.613267 0.414428 0.0221781 0.0226232 0.0603193
14 0.608896 0.416347 0.0171103 0.0194315 0.059691
3 0.608896 0.416347 0.0171103 0.0194315 0.057889
4 0.160112 0.397146 0.0424789 0.0200278 0.0569279
4 0.705853 0.401866 0.0210837 0.0375243 0.0564182
4 0.0129217 0.405273 0.0206422 0.0223027 0.0552095
4 0.789826 0.21558 0.0181511 0.0108054 0.0519033
6 0.553469 0.209137 0.0142519 0.0162457 0.0507674
4 0.157158 0.404485 0.0492605 0.0330012 0.050161
4 0.744142 0.386466 0.0184031 0.0148084 0.049433
8 0.74665 0.415588 0.0109177 0.0222456 0.0489336
1 0.217398 0.365746 0.020932 0.0172096 0.0484632
14 0.613267 0.414428 0.0221781 0.0226232 0.0480507
6 0.702402 0.404035 0.0307841 0.0464885 0.047192
4 0.704945 0.387794 0.0184611 0.017311 0.0468111
4 0.73066 0.171029 0.0170859 0.0122989 0.0466733
4 0.775092 0.405624 0.0159465 0.0174924 0.0454584
4 0.743103 0.396763 0.0194395 0.0226238 0.0425761
4 0.753477 0.384713 0.0141745 0.0118666 0.0422837
1 0.74415 0.347179 0.0209766 0.0109862 0.0413323
0 0.613267 0.414428 0.0221781 0.0226232 0.0406727
4 0.608896 0.416347 0.0171103 0.0194315 0.0388712
24 0.609302 0.395501 0.0474963 0.0597091 0.0388538
0 0.135815 0.423591 0.0196032 0.0387816 0.0380366
3 0.613267 0.414428 0.0221781 0.0226232 0.0379062
8 0.751637 0.414067 0.0130235 0.0210734 0.0376082
8 0.152184 0.425409 0.0230569 0.0348898 0.0361502
6 0.515551 0.223635 0.0297977 0.0289297 0.0360963
8 0.186299 0.428411 0.010807 0.029421 0.0358591
8 0.712687 0.413592 0.0116201 0.0220236 0.0353362
1 0.161031 0.396945 0.0400406 0.0195815 0.0342947
1 0.992126 0.354139 0.0124886 0.0141763 0.0335281
14 0.135815 0.423591 0.0196032 0.0387816 0.0334877
4 0.752435 0.402271 0.0200875 0.0191361 0.0333796
8 0.0140591 0.42453 0.028046 0.036805 0.0333364
0 0.165108 0.430251 0.0134156 0.0244169 0.0325739
6 0.665315 0.395518 0.0265668 0.0443072 0.032301
0 0.712687 0.413592 0.0116201 0.0220236 0.0322372
25 0.161031 0.396945 0.0400406 0.0195815 0.0321834
22 0.397137 0.403222 0.00904352 0.0216906 0.0317902
0 0.0624456 0.42135 0.0146853 0.0306471 0.0317319
8 0.626038 0.413557 0.0109245 0.0232721 0.0310737
4 0.814839 0.219562 0.0145667 0.0178164 0.0309159
4 0.728832 0.382136 0.00896655 0.0107447 0.030513
8 0.773223 0.408699 0.0154752 0.0173284 0.0305052
5 0.135815 0.423591 0.0196032 0.0387816 0.0300549
6 0.691747 0.404165 0.0515831 0.0491521 0.0298179
3 0.165108 0.430251 0.0134156 0.0244169 0.0292836
4 0.0335046 0.38561 0.0217856 0.0131376 0.0284231
0 0.74665 0.415588 0.0109177 0.0222456 0.0281861
8 0.0219275 0.420027 0.0391453 0.0396271 0.0277065
14 0.329928 0.401836 0.0170562 0.0296855 0.0275234
4 0.145303 0.422543 0.0399788 0.0411181 0.0270049
8 0.371338 0.400724 0.013985 0.0182318 0.0263317
4 0.0111555 0.418987 0.0211576 0.0376721 0.0258277
4 0.613267 0.414428 0.0221781 0.0226232 0.0256065
14 0.371338 0.400724 0.013985 0.0182318 0.0253887
1 0.814871 0.224123 0.0131006 0.012088 0.0245503
6 0.609302 0.395501 0.0474963 0.0597091 0.0244365
4 0.0292009 0.406277 0.0538885 0.0475056 0.0234935
8 0.358736 0.416126 0.0101174 0.0333149 0.0232296
0 0.739259 0.403145 0.0145101 0.0303199 0.0230907
4 0.810237 0.218728 0.0163665 0.0163761 0.0229672
4 0.502837 0.236828 0.0576891 0.0176297 0.0227969
8 0.337202 0.405176 0.00897046 0.0219137 0.0224142
8 0.0111555 0.418987 0.0211576 0.0376721 0.0223628
4 0.756006 0.166327 0.0148092 0.014803 0.0217897
4 0.497299 0.248067 0.0465882 0.0255844 0.0214031
5 0.660228 0.410508 0.0119854 0.0205908 0.0210119
4 0.00854411 0.388108 0.0167008 0.0182193 0.0209336
8 0.135815 0.423591 0.0196032 0.0387816 0.0201735
6 0.660531 0.402788 0.0139808 0.0296825 0.0201383
14 0.368649 0.411818 0.0126082 0.0326302 0.0201354
22 0.186679 0.431239 0.00938849 0.0279754 0.0200998
4 0.74415 0.347179 0.0209766 0.0109862 0.0199548
6 0.0226205 0.417806 0.0429159 0.0432726 0.019925
14 0.28868 0.410429 0.0236765 0.0348707 0.0199014
4 0.53944 0.237527 0.0154717 0.0179307 0.0197091
4 0.625067 0.385941 0.0138154 0.0184006 0.0193687
14 0.0212163 0.420962 0.0398389 0.0390759 0.019333
0 0.0111555 0.418987 0.0211576 0.0376721 0.0186741
1 0.22608 0.361588 0.0298037 0.0244257 0.0183182
25 0.603793 0.37131 0.027884 0.0219417 0.0180675
23 0.188499 0.42927 0.0104965 0.0283253 0.0177978
0 0.397137 0.403222 0.00904352 0.0216906 0.0174369
14 0.712687 0.413592 0.0116201 0.0220236 0.0173818
8 0.397137 0.403222 0.00904352 0.0216906 0.0173043
0 0.144 0.423233 0.0377032 0.0399699 0.0172028
6 0.743103 0.396763 0.0194395 0.0226238 0.0169632
5 0.0140591 0.42453 0.028046 0.036805 0.0164038
5 0.660531 0.402788 0.0139808 0.0296825 0.0163883
4 0.0140591 0.42453 0.028046 0.036805 0.0162531
8 0.368649 0.411818 0.0126082 0.0326302 0.016205
4 0.700237 0.388488 0.0181617 0.0207675 0.016156
0 0.778874 0.375195 0.00887109 0.0161789 0.0160795
25 0.157158 0.404485 0.0492605 0.0330012 0.0159836
6 0.157158 0.404485 0.0492605 0.0330012 0.0156493
5 0.74665 0.415588 0.0109177 0.0222456 0.0156473
0 0.757662 0.408519 0.0120102 0.0219515 0.0155882
6 0.704945 0.387794 0.0184611 0.017311 0.0154996
8 0.162249 0.430234 0.0105235 0.0307243 0.0154396
5 0.152184 0.425409 0.0230569 0.0348898 0.0154276
5 0.751637 0.414067 0.0130235 0.0210734 0.0152953
6 0.552806 0.218309 0.0150953 0.030752 0.01519
4 0.788367 0.213494 0.0182189 0.00841717 0.0151176
8 0.144 0.423233 0.0377032 0.0399699 0.0151027
5 0.371338 0.400724 0.013985 0.0182318 0.0150243
6 0.145303 0.422543 0.0399788 0.0411181 0.0150222
8 0.240626 0.412713 0.0115103 0.0176582 0.0150172
6 0.748541 0.398482 0.0262266 0.0355987 0.0150054
24 0.678378 0.398562 0.0455281 0.0666142 0.01495
4 0.726433 0.393389 0.0173626 0.0261049 0.0149426
4 0.552806 0.218309 0.0150953 0.030752 0.0144969
1 0.623682 0.357585 0.0146284 0.0166399 0.0144679
3 0.154288 0.429591 0.0163319 0.0271345 0.0143483
3 0.186262 0.427701 0.0108928 0.0305247 0.014177
14 0.337202 0.405176 0.00897046 0.0219137 0.0138882
0 0.772998 0.405039 0.0149719 0.0167912 0.0138437
3 0.626038 0.413557 0.0109245 0.0232721 0.0137844
4 0.779709 0.406037 0.0158587 0.0147343 0.0135177
4 0.554633 0.212965 0.0151559 0.0249727 0.0133719
4 0.284236 0.403635 0.0353115 0.028822 0.0133436
3 0.397137 0.403222 0.00904352 0.0216906 0.0132717
14 0.362496 0.404521 0.0142646 0.0247092 0.0132377
4 0.771077 0.383076 0.0129201 0.0116801 0.0129643
5 0.671492 0.418901 0.0220864 0.0254547 0.0126786
0 0.188499 0.42927 0.0104965 0.0283253 0.0123829
4 0.757662 0.408519 0.0120102 0.0219515 0.0122544
0 0.751637 0.414067 0.0130235 0.0210734 0.0122544
8 0.231745 0.413743 0.0236473 0.0182926 0.0121055
1 0.682752 0.367308 0.0120108 0.0135437 0.0120743
4 0.534602 0.246214 0.0261316 0.0259875 0.0119947
1 0.992681 0.350335 0.0118738 0.0171873 0.0119677
1 0.0335046 0.38561 0.0217856 0.0131376 0.0119401
4 0.74665 0.415588 0.0109177 0.0222456 0.0117356
3 0.0641882 0.420585 0.0144852 0.0329895 0.0114862
0 0.626038 0.413557 0.0109245 0.0232721 0.0113569
4 0.784132 0.376331 0.0107391 0.01612 0.0113043
8 0.342501 0.400347 0.0149088 0.0201368 0.0111934
4 0.233056 0.40038 0.0213348 0.0183385 0.0111905
4 0.794275 0.220294 0.0245875 0.0186931 0.0109876
8 0.00929157 0.401996 0.0169068 0.0262583 0.0109284
3 0.371338 0.400724 0.013985 0.0182318 0.0109092
14 0.0140591 0.42453 0.028046 0.036805 0.0108759
5 0.0111555 0.418987 0.0211576 0.0376721 0.0108168
4 0.0186009 0.387818 0.0223685 0.0178981 0.010634
6 0.554633 0.212965 0.0151559 0.0249727 0.0105281
4 0.751637 0.414067 0.0130235 0.0210734 0.0104173
4 0.266376 0.40095 0.0124636 0.0158228 0.0103713
4 0.208241 0.179708 0.0331523 0.0138826 0.0102949
6 0.760108 0.207327 0.0205703 0.0130891 0.0102522
0 0.220353 0.396428 0.0116805 0.0422731 0.0100975
5 0.148036 0.428384 0.013024 0.0302791 0.00990674
4 0.607658 0.394185 0.0480588 0.0616329 0.00986292
15 0.160112 0.397146 0.0424789 0.0200278 0.0097532
0 0.708291 0.405611 0.0183589 0.0402901 0.00974428
14 0.145303 0.422543 0.0399788 0.0411181 0.00973964
8 0.598624 0.414513 0.0200412 0.0208842 0.0097308
3 0.162249 0.430234 0.0105235 0.0307243 0.00963681
8 0.360221 0.40397 0.0148885 0.0217209 0.00944923
4 0.234765 0.411803 0.0239595 0.0200005 0.00939135
7 0.188313 0.427773 0.010977 0.0303867 0.0093254
3 0.105924 0.428912 0.0101378 0.0290629 0.00932243
14 0.626038 0.413557 0.0109245 0.0232721 0.00928375
3 0.188499 0.42927 0.0104965 0.0283253 0.00927688
5 0.157158 0.404485 0.0492605 0.0330012 0.00923535
14 0.165108 0.430251 0.0134156 0.0244169 0.00921919
8 0.036263 0.418174 0.0273272 0.0325532 0.00914384
6 0.728832 0.382136 0.00896655 0.0107447 0.00908786
8 0.0565881 0.414038 0.0266756 0.0403355 0.00898001
4 0.773223 0.408699 0.0154752 0.0173284 0.00892449
3 0.342501 0.400347 0.0149088 0.0201368 0.00869872
8 0.660228 0.410508 0.0119854 0.0205908 0.00861678
8 0.329928 0.401836 0.0170562 0.0296855 0.00859634
6 0.517081 0.217306 0.0316439 0.026332 0.00858041
5 0.0641882 0.420585 0.0144852 0.0329895 0.00851894
12 0.609637 0.393287 0.0500706 0.06397 0.00850983
25 0.623682 0.357585 0.0146284 0.0166399 0.00831432
8 0.733641 0.413783 0.00838013 0.0167132 0.00828632
14 0.188499 0.42927 0.0104965 0.0283253 0.00824545
6 0.726433 0.393389 0.0173626 0.0261049 0.00798395
4 0.737762 0.166536 0.0156846 0.0151196 0.00794655
8 0.671492 0.418901 0.0220864 0.0254547 0.00794317
4 0.222292 0.363779 0.0271959 0.0199867 0.00788573
5 0.702402 0.404035 0.0307841 0.0464885 0.00784737
4 0.660228 0.410508 0.0119854 0.0205908 0.0077603
4 0.67667 0.396988 0.0320545 0.0653029 0.00759387
22 0.39997 0.403673 0.0120118 0.0183166 0.00747437
0 0.358736 0.416126 0.0101174 0.0333149 0.00743328
5 0.154288 0.429591 0.0163319 0.0271345 0.00742461
4 0.671492 0.418901 0.0220864 0.0254547 0.00740794
4 0.598624 0.414513 0.0200412 0.0208842 0.00740632
4 0.992101 0.359931 0.0134977 0.0264005 0.00740548
5 0.0241141 0.41012 0.0468671 0.054214 0.00736781
4 0.80471 0.387643 0.0222347 0.0212396 0.00734639
22 0.358736 0.416126 0.0101174 0.0333149 0.00731198
15 0.155386 0.403044 0.0493391 0.0290426 0.00727704
6 0.992126 0.354139 0.0124886 0.0141763 0.00713226
4 0.660531 0.402788 0.0139808 0.0296825 0.00712402
0 0.0219275 0.420027 0.0391453 0.0396271 0.00708886
4 0.516647 0.240239 0.0351006 0.0185794 0.00708142
5 0.00929157 0.401996 0.0169068 0.0262583 0.00704925
4 0.716861 0.403366 0.0311216 0.0358308 0.00697374
14 0.186262 0.427701 0.0108928 0.0305247 0.0069442
5 0.690427 0.405682 0.0543442 0.0519567 0.00687468
4 0.481135 0.0927793 0.0124003 0.0125552 0.00683193
8 0.613056 0.423854 0.0160866 0.0235699 0.00681455
4 0.702402 0.404035 0.0307841 0.0464885 0.00673229
8 0.266376 0.40095 0.0124636 0.0158228 0.00668654
22 0.200109 0.430852 0.0123344 0.0225647 0.00667476
1 0.0647857 0.42351 0.0130122 0.0264183 0.00664784
0 0.00929157 0.401996 0.0169068 0.0262583 0.00663713
14 0.148036 0.428384 0.013024 0.0302791 0.00662309
0 0.371338 0.400724 0.013985 0.0182318 0.00657617
5 0.743103 0.396763 0.0194395 0.0226238 0.00653043
0 0.186135 0.419807 0.00928694 0.0284435 0.00651892
4 0.759832 0.201559 0.0188907 0.019878 0.00642757
4 0.708737 0.160819 0.00786426 0.0148498 0.00642132
0 0.776232 0.408673 0.0153052 0.0168485 0.00641055
14 0.74665 0.415588 0.0109177 0.0222456 0.00638675
4 0.712687 0.413592 0.0116201 0.0220236 0.0063641
6 0.691864 0.396408 0.0683511 0.0591623 0.00630411
8 0.757662 0.408519 0.0120102 0.0219515 0.00629509
4 0.746096 0.348729 0.0301811 0.0145672 0.00625146
1 0.728832 0.382136 0.00896655 0.0107447 0.00622178
4 0.261127 0.402303 0.0234324 0.020166 0.00604718
3 0.358736 0.416126 0.0101174 0.0333149 0.00604691
2 0.481135 0.0927793 0.0124003 0.0125552 0.0059421
4 0.819456 0.223257 0.0255407 0.0149331 0.00592415
4 0.682752 0.367308 0.0120108 0.0135437 0.00588973
4 0.342501 0.400347 0.0149088 0.0201368 0.00581508
0 0.329928 0.401836 0.0170562 0.0296855 0.0058001
6 0.537402 0.242468 0.0183908 0.0185577 0.00576772
4 0.00182345 0.401257 0.0036469 0.0196794 0.00557902
6 0.719359 0.39119 0.0290156 0.0268949 0.0055034
4 0.733641 0.413783 0.00838013 0.0167132 0.00546535
5 0.760108 0.207327 0.0205703 0.0130891 0.00545762
6 0.160112 0.397146 0.0424789 0.0200278 0.00544142
0 0.162249 0.430234 0.0105235 0.0307243 0.00544059
3 0.152184 0.425409 0.0230569 0.0348898 0.00542657
5 0.0129217 0.405273 0.0206422 0.0223027 0.00540259
4 0.152184 0.425409 0.0230569 0.0348898 0.00538336
6 0.700237 0.388488 0.0181617 0.0207675 0.00534049
5 0.163578 0.426841 0.0143136 0.0289547 0.00533414
4 0.739259 0.403145 0.0145101 0.0303199 0.0051175
4 0.764033 0.199985 0.0137916 0.0180536 0.00506258
5 0.67667 0.396988 0.0320545 0.0653029 0.00504504
24 0.705853 0.401866 0.0210837 0.0375243 0.00503266
8 0.287927 0.411876 0.0249086 0.0342184 0.00502521
22 0.188313 0.427773 0.010977 0.0303867 0.00501762
8 0.778874 0.375195 0.00887109 0.0161789 0.00497181
42 0.161031 0.396945 0.0400406 0.0195815 0.00496599
14 0.342501 0.400347 0.0149088 0.0201368 0.00493866
0 0.0129217 0.405273 0.0206422 0.0223027 0.00493115
3 0.148036 0.428384 0.013024 0.0302791 0.00489116
22 0.435116 0.409661 0.0095376 0.0214697 0.0048499
3 0.598624 0.414513 0.0200412 0.0208842 0.00484504
4 0.988398 0.354821 0.0184853 0.0165618 0.0048394
3 0.776232 0.408673 0.0153052 0.0168485 0.00483287
14 0.0111555 0.418987 0.0211576 0.0376721 0.00478294
