4 0.0840355 0.824216 0.167085 0.347834 0.949823
4 0.902441 0.608232 0.192085 0.208536 0.948378
4 0.704029 0.615377 0.315663 0.233363 0.941994
0 0.131609 0.632979 0.0630364 0.259957 0.927633
4 0.430326 0.561596 0.090954 0.0741905 0.915434
1 0.41107 0.44485 0.0212704 0.0815977 0.857261
4 0.0715295 0.543121 0.0402333 0.0549723 0.844159
4 0.244591 0.54427 0.0310268 0.0386535 0.81813
8 0.338864 0.611427 0.0516281 0.103619 0.814117
4 0.978704 0.531341 0.0393456 0.0486246 0.769406
4 0.273933 0.545045 0.038101 0.0489961 0.764281
4 0.293349 0.548398 0.0324605 0.0502906 0.738656
6 0.0258815 0.523184 0.0517629 0.0920116 0.735817
4 0.336971 0.547553 0.0643548 0.0617779 0.638441
1 0.822456 0.402553 0.019145 0.129167 0.614603
4 0.206303 0.540707 0.0204574 0.0394486 0.566683
4 0.196652 0.539972 0.0168561 0.0327017 0.501614
4 0.0203773 0.616305 0.0395311 0.135956 0.500236
4 0.0263229 0.577211 0.052395 0.131297 0.475252
0 0.337497 0.581443 0.0451803 0.121779 0.457666
4 0.322775 0.548316 0.047596 0.0617631 0.427646
4 0.227181 0.543007 0.0313986 0.0402781 0.414089
4 0.167885 0.535813 0.0221857 0.0274084 0.364586
4 0.0171735 0.561891 0.0331856 0.101703 0.32998
3 0.56607 0.549935 0.0291918 0.0458804 0.294796
4 0.300848 0.549046 0.0258551 0.0555239 0.286793
4 0.341879 0.577903 0.0547276 0.119312 0.263117
8 0.56028 0.559772 0.0355684 0.0617862 0.2279
4 0.144697 0.533355 0.0141928 0.0190709 0.216199
4 0.155308 0.53567 0.0120373 0.0251751 0.212701
8 0.539046 0.573558 0.034555 0.0464579 0.202066
8 0.0757017 0.722247 0.0368157 0.0436423 0.183518
8 0.588972 0.54551 0.0224008 0.040359 0.180904
8 0.546996 0.565884 0.0436592 0.0638613 0.175714
0 0.588972 0.54551 0.0224008 0.040359 0.174897
4 0.155835 0.541564 0.0115727 0.0177197 0.173778
4 0.091268 0.533531 0.0100589 0.0223044 0.172748
8 0.56607 0.549935 0.0291918 0.0458804 0.168034
4 0.0925968 0.539898 0.0126756 0.023723 0.161692
0 0.178247 0.533891 0.0114925 0.0274674 0.150721
0 0.638584 0.492299 0.0133022 0.0324163 0.150025
4 0.283848 0.528386 0.02609 0.0194406 0.14552
8 0.0376269 0.599052 0.0345473 0.0880186 0.143028
1 0.188919 0.500046 0.011099 0.0347153 0.142858
0 0.209125 0.541993 0.0166081 0.0409312 0.136762
8 0.582858 0.546811 0.0218182 0.0387792 0.1357
1 0.824338 0.456077 0.0150582 0.0234277 0.12488
8 0.0559335 0.554985 0.0151181 0.036459 0.117984
0 0.59028 0.541455 0.0153367 0.0346763 0.114093
4 0.102696 0.529413 0.0098746 0.0140357 0.112016
4 0.0254217 0.522641 0.0508434 0.0890089 0.10714
8 0.59028 0.541455 0.0153367 0.0346763 0.102821
3 0.582858 0.546811 0.0218182 0.0387792 0.101029
8 0.0688138 0.696554 0.0542913 0.100867 0.101028
7 0.350615 0.398079 0.0400241 0.0390754 0.0998502
3 0.56028 0.559772 0.0355684 0.0617862 0.0934749
4 0.188995 0.533218 0.0115948 0.0338981 0.092115
4 0.17638 0.53694 0.012329 0.0231773 0.0913587
4 0.146986 0.538352 0.0159604 0.0205623 0.0898085
8 0.0209991 0.62285 0.0419982 0.127706 0.0890892
5 0.206303 0.540707 0.0204574 0.0394486 0.0881101
2 0.10348 0.413401 0.0056693 0.0096164 0.0849595
1 0.427731 0.49078 0.00967514 0.018235 0.0822941
1 0.358928 0.498205 0.00798633 0.0228484 0.0791683
5 0.197654 0.539148 0.0210813 0.0340211 0.0778828
8 0.209678 0.549641 0.0147864 0.0348272 0.0739811
1 0.390575 0.449091 0.0165883 0.0391985 0.0722954
4 0.178247 0.533891 0.0114925 0.0274674 0.0700295
7 0.358928 0.498205 0.00798633 0.0228484 0.0659863
1 0.157869 0.49376 0.00702863 0.019465 0.0627851
2 0.146367 0.406449 0.00625093 0.0167412 0.0613869
2 0.14677 0.410379 0.00674425 0.0139847 0.0598278
4 0.160653 0.532101 0.0117377 0.0250361 0.0583844
8 0.0210958 0.650556 0.0400484 0.0758992 0.0575589
8 0.0813156 0.716233 0.0427673 0.0579959 0.057494
10 0.151887 0.638946 0.0191622 0.0395085 0.0569592
20 0.151887 0.638946 0.0191622 0.0395085 0.0565081
8 0.0278268 0.597821 0.0520401 0.0986048 0.0550523
15 0.0263536 0.523007 0.0527073 0.0906013 0.0549904
9 0.13823 0.591877 0.0403907 0.088085 0.0541412
4 0.100642 0.537496 0.0119045 0.024044 0.0531588
1 0.205349 0.497052 0.00767423 0.0132137 0.0525177
5 0.0276698 0.581189 0.0535059 0.126394 0.0522038
0 0.582858 0.546811 0.0218182 0.0387792 0.0501953
0 0.155835 0.541564 0.0115727 0.0177197 0.0481536
7 0.276632 0.491083 0.00887927 0.0180748 0.0466176
8 0.0481949 0.551738 0.0119272 0.0281356 0.0435407
8 0.155835 0.541564 0.0115727 0.0177197 0.0422206
3 0.588972 0.54551 0.0224008 0.040359 0.0419909
8 0.209125 0.541993 0.0166081 0.0409312 0.0418666
4 0.114968 0.529762 0.00981703 0.0136998 0.0416316
2 0.271338 0.424784 0.00835507 0.0170847 0.0404554
7 0.607326 0.411083 0.0148326 0.0766522 0.0393569
4 0.236234 0.537763 0.0301292 0.0398687 0.038343
18 0.538975 0.5734 0.0383203 0.0481656 0.03789
6 0.188995 0.533218 0.0115948 0.0338981 0.0372853
1 0.36507 0.440064 0.0223533 0.0181051 0.0367254
1 0.346935 0.495076 0.00883459 0.0188862 0.0363841
7 0.367493 0.398409 0.00894238 0.0344213 0.0358245
8 0.575162 0.548294 0.0344619 0.0412987 0.0346535
8 0.0497199 0.59245 0.0183012 0.0797831 0.0345991
9 0.151887 0.638946 0.0191622 0.0395085 0.0341626
8 0.0439075 0.597386 0.0270737 0.0785155 0.0333863
5 0.0255632 0.527351 0.0511264 0.0995556 0.0329834
9 0.151273 0.648837 0.0199976 0.0357939 0.0325831
8 0.0988653 0.707546 0.0276784 0.0713068 0.0321805
4 0.888611 0.507853 0.0988196 0.014373 0.0319361
4 0.108397 0.538706 0.0138094 0.0225675 0.0318522
8 0.0355643 0.57379 0.0392415 0.071087 0.031821
0 0.0559335 0.554985 0.0151181 0.036459 0.0317765
2 0.892848 0.348131 0.0143823 0.0211895 0.0303372
7 0.551015 0.435683 0.0134575 0.0666841 0.0301053
0 0.136596 0.691886 0.0504286 0.145264 0.0298997
2 0.595412 0.383236 0.0089596 0.0146139 0.0292273
4 0.380364 0.537709 0.0304399 0.0308739 0.0290446
11 0.132386 0.582782 0.0359398 0.081577 0.0289944
5 0.223151 0.542091 0.0303904 0.0425138 0.0285703
3 0.575162 0.548294 0.0344619 0.0412987 0.0285639
0 0.220844 0.542516 0.0317266 0.0431837 0.0285414
7 0.346935 0.495076 0.00883459 0.0188862 0.0280896
18 0.528562 0.569263 0.0365916 0.0489352 0.0279102
0 0.0481949 0.551738 0.0119272 0.0281356 0.0278676
2 0.0953697 0.413576 0.00650169 0.00765069 0.0277541
0 0.0232806 0.593637 0.0463719 0.170722 0.0272967
1 0.393878 0.494049 0.0161969 0.0319008 0.0272916
0 0.091268 0.533531 0.0100589 0.0223044 0.024091
7 0.162037 0.449615 0.00518045 0.0185344 0.023892
9 0.146407 0.606132 0.0300024 0.100763 0.0235551
7 0.14677 0.410379 0.00674425 0.0139847 0.0229235
2 0.592881 0.366544 0.007297 0.012416 0.0216826
7 0.153103 0.450658 0.00798195 0.0146353 0.0213014
8 0.178247 0.533891 0.0114925 0.0274674 0.0212094
8 0.0690401 0.716809 0.0497112 0.0517109 0.020993
8 0.135881 0.69052 0.0524091 0.150601 0.0207114
1 0.276632 0.491083 0.00887927 0.0180748 0.020567
20 0.151273 0.648837 0.0199976 0.0357939 0.0202819
0 0.0345843 0.595019 0.0419179 0.090535 0.0200159
3 0.59028 0.541455 0.0153367 0.0346763 0.0198895
7 0.741525 0.473852 0.0171501 0.0535002 0.0198098
0 0.155308 0.53567 0.0120373 0.0251751 0.019558
1 0.438165 0.515547 0.0122312 0.0193673 0.0194906
8 0.17638 0.53694 0.012329 0.0231773 0.0194087
4 0.486514 0.522389 0.0247225 0.0185144 0.019271
4 0.967323 0.537867 0.0611194 0.0478151 0.0190244
7 0.0530534 0.454087 0.00744614 0.0261406 0.018908
2 0.134704 0.413163 0.00831438 0.00921951 0.0186565
5 0.978601 0.531041 0.0402961 0.0479803 0.0186541
4 0.369171 0.529031 0.0104458 0.0218718 0.0183288
7 0.271859 0.427046 0.00873676 0.0217404 0.0181204
7 0.638584 0.492299 0.0133022 0.0324163 0.0176782
6 0.122671 0.522051 0.0135215 0.0262191 0.0176736
3 0.539046 0.573558 0.034555 0.0464579 0.017601
8 0.196652 0.539972 0.0168561 0.0327017 0.0175399
1 0.328226 0.500382 0.0111546 0.0260801 0.017433
18 0.520543 0.555463 0.0241267 0.0326632 0.0172312
0 0.0711239 0.543535 0.0415152 0.0549905 0.0172051
4 0.0559335 0.554985 0.0151181 0.036459 0.0171854
10 0.151273 0.648837 0.0199976 0.0357939 0.0171455
2 0.601985 0.346868 0.00848981 0.0188973 0.0169843
6 0.129191 0.523367 0.0214894 0.0352992 0.0166955
0 0.102696 0.529413 0.0098746 0.0140357 0.0161316
4 0.0210958 0.650556 0.0400484 0.0758992 0.0160935
5 0.178247 0.533891 0.0114925 0.0274674 0.0160763
1 0.0261102 0.52312 0.0522204 0.0904309 0.0159204
9 0.145404 0.63506 0.0302813 0.0456408 0.0158462
1 0.321591 0.500553 0.0092836 0.0235016 0.0157744
5 0.166868 0.536688 0.0267622 0.0255358 0.0155824
4 0.34306 0.515363 0.00800339 0.0133167 0.0155688
1 0.185469 0.519774 0.0114906 0.0190952 0.0152715
1 0.437023 0.502166 0.0139925 0.0360704 0.0151739
5 0.188995 0.533218 0.0115948 0.0338981 0.0149655
8 0.528562 0.569263 0.0365916 0.0489352 0.0146998
2 0.612598 0.385615 0.011973 0.0188949 0.0146985
2 0.601828 0.366317 0.00925421 0.0147222 0.0146661
4 0.105064 0.519898 0.00817214 0.019425 0.0146071
0 0.197654 0.539148 0.0210813 0.0340211 0.0144975
6 0.197654 0.539148 0.0210813 0.0340211 0.0144704
0 0.144697 0.533355 0.0141928 0.0190709 0.0144074
0 0.575981 0.525875 0.011211 0.0551326 0.0143455
3 0.543638 0.568521 0.0471019 0.0589287 0.0143368
7 0.276149 0.481223 0.00966538 0.021973 0.0139314
4 0.773892 0.503039 0.065623 0.0176585 0.0134982
2 0.0814816 0.41108 0.00764507 0.0125941 0.0134254
8 0.0756442 0.708103 0.0631925 0.0711359 0.0134203
13 0.129191 0.523367 0.0214894 0.0352992 0.013223
1 0.268437 0.497626 0.0069585 0.0147853 0.0130531
1 0.15757 0.516234 0.00845155 0.0150217 0.0127789
4 0.775701 0.508091 0.0715832 0.0154941 0.0127755
1 0.240958 0.499718 0.0120687 0.016969 0.0125259
2 0.589718 0.368237 0.0081051 0.0107387 0.0124999
1 0.521461 0.477583 0.0104326 0.0223902 0.0123982
4 0.0285464 0.558944 0.0352436 0.0429481 0.0123366
1 0.551057 0.435826 0.0132899 0.0671845 0.0122775
2 0.138131 0.409497 0.00342595 0.00902267 0.0122318
0 0.331439 0.512713 0.0120475 0.0173153 0.0121586
8 0.220844 0.542516 0.0317266 0.0431837 0.0121442
2 0.104063 0.407216 0.00556631 0.0182983 0.0120719
6 0.144697 0.533355 0.0141928 0.0190709 0.0120559
0 0.17638 0.53694 0.012329 0.0231773 0.0119431
1 0.434306 0.512176 0.0169604 0.0268141 0.0119301
4 0.0481949 0.551738 0.0119272 0.0281356 0.0116497
0 0.321052 0.508124 0.00911594 0.0280478 0.0116273
0 0.188995 0.533218 0.0115948 0.0338981 0.0115503
7 0.268437 0.497626 0.0069585 0.0147853 0.0112257
1 0.363947 0.499658 0.0118686 0.0219434 0.0111062
4 0.11269 0.526114 0.0106582 0.0194196 0.0110987
4 0.115672 0.539862 0.0142707 0.022515 0.0110958
3 0.526729 0.531257 0.0177249 0.0307299 0.0109328
6 0.167885 0.535813 0.0221857 0.0274084 0.0108224
0 0.575162 0.548294 0.0344619 0.0412987 0.0108056
17 0.129191 0.523367 0.0214894 0.0352992 0.0105029
7 0.366189 0.440264 0.0185176 0.0195403 0.0104298
7 0.608789 0.440615 0.0174552 0.0408607 0.0102551
5 0.0376269 0.599052 0.0345473 0.0880186 0.0102056
6 0.114968 0.529762 0.00981703 0.0136998 0.0101871
5 0.071485 0.543085 0.0401204 0.0538253 0.0101501
4 0.193402 0.541856 0.014326 0.0327879 0.0100708
4 0.261944 0.546598 0.0142284 0.0425744 0.0100579
9 0.140595 0.65735 0.0393807 0.0733983 0.00997818
1 0.34306 0.515363 0.00800339 0.0133167 0.00996312
0 0.11269 0.526114 0.0106582 0.0194196 0.00994696
1 0.360087 0.503664 0.0119753 0.0348771 0.00990184
7 0.526088 0.493445 0.0110894 0.0292524 0.00977142
8 0.193402 0.541856 0.014326 0.0327879 0.00976013
0 0.146986 0.538352 0.0159604 0.0205623 0.00974684
6 0.145044 0.523261 0.0172059 0.0277471 0.00973161
5 0.56028 0.559772 0.0355684 0.0617862 0.00961456
2 0.291197 0.304279 0.00930298 0.0254486 0.00959422
0 0.0285464 0.558944 0.0352436 0.0429481 0.00940118
9 0.126349 0.592391 0.0480651 0.104592 0.00937413
1 0.35977 0.493069 0.00823621 0.0225578 0.00927894
4 0.228461 0.519711 0.0209844 0.0199586 0.00916233
7 0.822309 0.401513 0.0178584 0.126215 0.00908632
0 0.638433 0.479868 0.0106686 0.0137054 0.00907891
8 0.595451 0.545678 0.0264205 0.0380151 0.00904091
7 0.205349 0.497052 0.00767423 0.0132137 0.00884445
6 0.178247 0.533891 0.0114925 0.0274674 0.00882275
5 0.155835 0.541564 0.0115727 0.0177197 0.00880566
7 0.216936 0.419531 0.0149866 0.0129401 0.00871289
6 0.155308 0.53567 0.0120373 0.0251751 0.00867724
4 0.386513 0.539511 0.0246664 0.027934 0.00861063
0 0.369171 0.529031 0.0104458 0.0218718 0.008558
7 0.165025 0.452441 0.00970149 0.0250763 0.00854334
1 0.276149 0.481223 0.00966538 0.021973 0.00854167
1 0.428278 0.478938 0.0112121 0.0185938 0.00850993
4 0.338622 0.611982 0.0518951 0.108399 0.00847573
0 0.528415 0.519164 0.0150925 0.0396285 0.00836815
2 0.363956 0.439803 0.0198512 0.0178749 0.00826857
4 0.202163 0.515353 0.0105827 0.01722 0.00824258
4 0.469621 0.525283 0.0148969 0.0185311 0.00820835
0 0.559532 0.522561 0.0136583 0.0548632 0.00820117
8 0.481996 0.522721 0.0204044 0.0171833 0.00811315
8 0.091268 0.533531 0.0100589 0.0223044 0.00799875
4 0.306012 0.517741 0.0137054 0.0171082 0.00797812
0 0.209678 0.549641 0.0147864 0.0348272 0.00797086
7 0.240958 0.499718 0.0120687 0.016969 0.00791738
4 0.223441 0.518678 0.0214295 0.0174056 0.00789888
1 0.350509 0.396831 0.0386069 0.037203 0.00786286
6 0.071485 0.543085 0.0401204 0.0538253 0.0077962
7 0.152068 0.477876 0.0102991 0.0197705 0.00778298
7 0.273153 0.479499 0.00975089 0.0260945 0.0076536
0 0.437437 0.517412 0.0134298 0.0157485 0.00764339
3 0.481996 0.522721 0.0204044 0.0171833 0.00762304
1 0.394994 0.478437 0.015692 0.0161123 0.00753814
7 0.35977 0.493069 0.00823621 0.0225578 0.00749333
7 0.521147 0.488754 0.0100228 0.0206283 0.00744308
2 0.606039 0.399812 0.0142317 0.059184 0.00743657
2 0.119503 0.4158 0.00522665 0.00593099 0.00738778
8 0.0285464 0.558944 0.0352436 0.0429481 0.00732687
1 0.239595 0.512432 0.0127482 0.0129069 0.00728793
4 0.404657 0.538692 0.0213541 0.0232856 0.00728065
4 0.331439 0.512713 0.0120475 0.0173153 0.00725561
7 0.321591 0.500553 0.0092836 0.0235016 0.00721187
8 0.109801 0.6722 0.0196502 0.0419342 0.00709543
4 0.296145 0.517858 0.0155999 0.0164911 0.00708832
4 0.36896 0.517268 0.0101664 0.0186805 0.0070844
0 0.160653 0.532101 0.0117377 0.0250361 0.00705539
7 0.363947 0.499658 0.0118686 0.0219434 0.00698993
0 0.0925968 0.539898 0.0126756 0.023723 0.0069144
1 0.11482 0.489205 0.00887551 0.0112706 0.00683194
2 0.0819804 0.40566 0.0073122 0.0153366 0.00679986
4 0.778539 0.512798 0.0746026 0.0129424 0.00678003
1 0.0814816 0.41108 0.00764507 0.0125941 0.006757
4 0.129191 0.523367 0.0214894 0.0352992 0.00674829
0 0.434306 0.512176 0.0169604 0.0268141 0.00672609
15 0.188995 0.533218 0.0115948 0.0338981 0.00670618
2 0.0846763 0.410881 0.00646849 0.0125574 0.00670348
2 0.638433 0.479868 0.0106686 0.0137054 0.00661947
5 0.566227 0.548355 0.02792 0.0441705 0.00653911
7 0.157536 0.413543 0.00616455 0.00929854 0.00652702
2 0.157536 0.413543 0.00616455 0.00929854 0.00650843
4 0.415309 0.536425 0.056885 0.0249688 0.00649802
14 0.741525 0.473852 0.0171501 0.0535002 0.00646909
2 0.110836 0.411668 0.00489817 0.0100321 0.00646456
7 0.360348 0.401308 0.017631 0.0423692 0.00644559
2 0.216936 0.419531 0.0149866 0.0129401 0.00643904
0 0.167885 0.535813 0.0221857 0.0274084 0.00641647
4 0.480554 0.519178 0.0142296 0.0177738 0.00639291
4 0.463975 0.526547 0.012012 0.0181745 0.00635828
1 0.321052 0.508124 0.00911594 0.0280478 0.00628927
