15 0.299771 0.681 0.273263 0.344036 0.965258
1 0.295297 0.448302 0.11266 0.0825761 0.932094
4 0.104174 0.736377 0.0564807 0.0785755 0.913471
4 0.970946 0.734736 0.0548526 0.144691 0.910675
4 0.0258075 0.785997 0.0512693 0.239064 0.901755
1 0.862276 0.559723 0.0483426 0.0696457 0.894292
4 0.612474 0.726248 0.102125 0.101902 0.889888
7 0.561024 0.217527 0.0255955 0.11029 0.886743
4 0.0499313 0.751722 0.0533474 0.121291 0.875484
4 0.775417 0.727461 0.118359 0.139692 0.873287
1 0.163894 0.566215 0.0542454 0.0709206 0.863294
7 0.403611 0.207318 0.0272871 0.111937 0.859121
4 0.516122 0.739914 0.0931377 0.0937077 0.806743
7 0.485156 0.21369 0.04404 0.053551 0.804904
8 0.912972 0.742522 0.0486359 0.0856175 0.651456
0 0.522816 0.74167 0.0281778 0.0902091 0.548846
8 0.520663 0.76625 0.0338515 0.0867131 0.319717
7 0.956888 0.530501 0.0383715 0.12039 0.317819
1 0.057987 0.681186 0.039356 0.0234692 0.295083
2 0.844841 0.284736 0.0117601 0.0198304 0.280704
7 0.992791 0.52036 0.0142881 0.0910257 0.27354
4 0.456091 0.727335 0.0370551 0.0484776 0.146021
0 0.685091 0.733604 0.0209424 0.0770044 0.140656
2 0.833128 0.287052 0.0230538 0.0281128 0.131379
2 0.77373 0.282152 0.0233154 0.0259018 0.116767
6 0.0582955 0.694612 0.0400742 0.0423473 0.0845934
13 0.522019 0.701927 0.0183104 0.0211062 0.078949
4 0.517606 0.724166 0.0696839 0.0620878 0.0694064
1 0.0861354 0.671595 0.0145882 0.0290676 0.0686716
2 0.779841 0.277031 0.0367271 0.0276073 0.0621402
4 0.0574704 0.68034 0.0415379 0.0267333 0.0513927
3 0.913497 0.74142 0.0459464 0.08384 0.0434661
0 0.524849 0.741017 0.0565328 0.0942123 0.0431921
8 0.505637 0.763217 0.0625296 0.0986454 0.0422794
1 0.0856449 0.678726 0.0158615 0.025262 0.0391439
1 0.0853715 0.664174 0.0148058 0.0309248 0.0341281
2 0.785372 0.29105 0.0380993 0.0245893 0.0323304
6 0.0579797 0.681627 0.040636 0.0239862 0.0310986
7 0.990953 0.536945 0.0178828 0.108408 0.0293898
4 0.0581156 0.704608 0.0412272 0.0530577 0.0252838
0 0.779508 0.709357 0.0136085 0.0396669 0.025038
0 0.520464 0.760218 0.0350103 0.0875573 0.0221641
1 0.0584516 0.671291 0.0385705 0.0324674 0.0215116
0 0.901179 0.665413 0.0440643 0.198 0.0211215
4 0.0441275 0.709144 0.0414797 0.0357755 0.0206484
2 0.778477 0.302005 0.0177564 0.0172494 0.0204887
4 0.136336 0.731703 0.0143554 0.018921 0.0203442
4 0.51765 0.713422 0.0622126 0.0431377 0.0190668
5 0.505637 0.763217 0.0625296 0.0986454 0.0176622
2 0.359084 0.359572 0.0108798 0.00893973 0.0167511
17 0.522019 0.701927 0.0183104 0.0211062 0.0161953
1 0.0348496 0.684434 0.0192552 0.0215695 0.0160352
15 0.0574704 0.68034 0.0415379 0.0267333 0.014582
8 0.689858 0.739748 0.0249838 0.0660752 0.0139774
1 0.159109 0.697451 0.0133647 0.012113 0.0137338
14 0.453623 0.762347 0.0318187 0.0434231 0.0131961
8 0.775538 0.726892 0.118789 0.140046 0.0131599
4 0.539273 0.733001 0.0586473 0.0631938 0.0124455
4 0.138552 0.736492 0.0114063 0.0100186 0.0120756
0 0.689858 0.739748 0.0249838 0.0660752 0.0109028
2 0.363476 0.360548 0.0139531 0.00902549 0.010845
8 0.531128 0.750333 0.0555774 0.0664637 0.010747
4 0.454469 0.735865 0.0342026 0.0321994 0.0105303
7 0.437033 0.176375 0.0396497 0.0665627 0.0104555
8 0.513839 0.744888 0.0918034 0.101752 0.0104488
7 0.986652 0.530987 0.0266954 0.118128 0.00994164
3 0.689858 0.739748 0.0249838 0.0660752 0.00938718
2 0.833528 0.274613 0.0230113 0.0324506 0.00908351
4 0.779404 0.689676 0.108689 0.0634626 0.00888758
2 0.838795 0.275708 0.0171435 0.0215045 0.00877843
2 0.787804 0.279613 0.0395591 0.0358613 0.00864154
4 0.526017 0.706565 0.0485131 0.0288112 0.00823091
8 0.876924 0.744534 0.115299 0.0894335 0.00823022
3 0.520411 0.768147 0.0343674 0.0933466 0.00811359
2 0.848034 0.285331 0.0161199 0.0180593 0.00802522
5 0.520201 0.76521 0.0356984 0.0884595 0.00790129
14 0.689858 0.739748 0.0249838 0.0660752 0.00765114
42 0.524669 0.702693 0.0219368 0.021568 0.00739224
1 0.0339903 0.659377 0.0188161 0.0207365 0.00735429
4 0.586806 0.698396 0.0443671 0.0407575 0.00734949
2 0.831722 0.292483 0.0196616 0.0272881 0.00734506
4 0.87639 0.746141 0.113645 0.0842362 0.00694902
4 0.0628421 0.722832 0.0333794 0.0679998 0.00690471
6 0.0628421 0.722832 0.0333794 0.0679998 0.0066001
3 0.508589 0.765696 0.0568391 0.0975763 0.00642302
2 0.834997 0.264517 0.0201582 0.0260997 0.00640953
2 0.593914 0.453599 0.0098971 0.0193202 0.00581293
6 0.0441275 0.709144 0.0414797 0.0357755 0.00578686
4 0.479174 0.720532 0.0196392 0.0386271 0.00569957
8 0.69871 0.741132 0.0425377 0.0639867 0.00568872
3 0.87353 0.746838 0.106729 0.0855398 0.00527519
4 0.698723 0.736583 0.0504642 0.0742629 0.00515839
4 0.562546 0.71987 0.023763 0.0297832 0.0050864
1 0.162126 0.682974 0.0192505 0.0302518 0.00497548
1 0.0607899 0.658036 0.0347382 0.0376468 0.00486887
1 0.40303 0.207157 0.027314 0.110936 0.00481013
2 0.361656 0.363913 0.013063 0.0150681 0.00478547
4 0.529346 0.744173 0.0658041 0.077835 0.00472576
0 0.677914 0.731837 0.0306149 0.0710538 0.00467982
3 0.69871 0.741132 0.0425377 0.0639867 0.00467765
4 0.0721327 0.745457 0.0143674 0.0489764 0.00436474
1 0.0582955 0.694612 0.0400742 0.0423473 0.00424094
4 0.135968 0.74433 0.00907391 0.0322188 0.00414095
0 0.136336 0.731703 0.0143554 0.018921 0.00412855
15 0.0582955 0.694612 0.0400742 0.0423473 0.00411992
2 0.841966 0.292074 0.0143887 0.0272265 0.00408042
0 0.479174 0.720532 0.0196392 0.0386271 0.00402595
4 0.075931 0.744972 0.0114967 0.0351188 0.00380324
4 0.145231 0.744977 0.0250551 0.0231137 0.0037838
5 0.775538 0.726892 0.118789 0.140046 0.00374173
2 0.775219 0.294682 0.0212277 0.0276204 0.00370292
4 0.501984 0.755409 0.0715007 0.108716 0.00358235
2 0.177869 0.456922 0.00807967 0.0144629 0.00356659
4 0.578516 0.705649 0.0273551 0.0362294 0.00352734
1 0.0841528 0.643109 0.0123514 0.015812 0.00348379
1 0.078941 0.630563 0.0157226 0.018652 0.00348081
0 0.522019 0.701927 0.0183104 0.0211062 0.00344354
4 0.491448 0.76489 0.110712 0.076748 0.00327786
8 0.45396 0.73319 0.0330088 0.044096 0.00323734
6 0.0348496 0.684434 0.0192552 0.0215695 0.00315622
6 0.104203 0.736382 0.0567911 0.0776728 0.00308452
4 0.022818 0.728608 0.0446578 0.104692 0.00307151
8 0.138552 0.736492 0.0114063 0.0100186 0.00304837
0 0.526017 0.706565 0.0485131 0.0288112 0.00289486
1 0.153033 0.72044 0.0113931 0.0301734 0.00287095
2 0.560074 0.45787 0.0185783 0.0127593 0.00281153
5 0.45322 0.757517 0.0325609 0.0538302 0.00269309
0 0.719945 0.731064 0.0177004 0.0826111 0.00268444
5 0.491448 0.76489 0.110712 0.076748 0.00267957
0 0.578516 0.705649 0.0273551 0.0362294 0.00265947
42 0.526017 0.706565 0.0485131 0.0288112 0.00264641
5 0.913882 0.741947 0.0478274 0.0826745 0.00256199
4 0.156409 0.747359 0.0366621 0.0233243 0.0025579
8 0.685274 0.734392 0.0209989 0.0757363 0.0025459
0 0.586806 0.698396 0.0443671 0.0407575 0.00251561
2 0.777081 0.285336 0.0454278 0.0357259 0.0024822
2 0.347347 0.36 0.0108545 0.00703012 0.00240012
14 0.454851 0.74946 0.0345492 0.0680013 0.00239097
14 0.69871 0.741132 0.0425377 0.0639867 0.00238009
6 0.0129505 0.685212 0.0211108 0.0260384 0.00232196
1 0.615462 0.666553 0.0120942 0.0250376 0.00230871
14 0.454469 0.735865 0.0342026 0.0321994 0.00225236
0 0.502833 0.758556 0.0691746 0.103367 0.00217036
2 0.543101 0.356043 0.0119113 0.0176028 0.00211034
4 0.554676 0.725811 0.0385836 0.0432714 0.00207634
1 0.967908 0.530442 0.0607615 0.120967 0.0020738
0 0.912762 0.742062 0.0471235 0.0844381 0.00206393
0 0.517606 0.724166 0.0696839 0.0620878 0.00203891
4 0.522019 0.701927 0.0183104 0.0211062 0.00202289
4 0.153229 0.736648 0.0273996 0.0267622 0.00201505
2 0.283633 0.339684 0.0213222 0.0263179 0.00201465
2 0.769423 0.278165 0.0322958 0.0245823 0.00199107
6 0.0808563 0.688254 0.0220188 0.0283219 0.00198034
7 0.0861354 0.671595 0.0145882 0.0290676 0.00197399
1 0.173402 0.641179 0.0251885 0.0621581 0.0018997
4 0.451376 0.746745 0.0319468 0.0440063 0.00186955
4 0.165023 0.747825 0.0215508 0.0215396 0.00186222
2 0.140617 0.517522 0.00861142 0.0153314 0.00186017
2 0.472006 0.419809 0.011002 0.00924603 0.00185825
7 0.0210754 0.640489 0.00592935 0.00806076 0.00184402
14 0.834752 0.746787 0.0361939 0.0845707 0.00179963
1 0.0231045 0.663654 0.0412849 0.031499 0.00176661
4 0.467562 0.723726 0.0424233 0.0457465 0.00175474
2 0.194206 0.473913 0.00909259 0.0128914 0.0017278
0 0.138552 0.736492 0.0114063 0.0100186 0.0016781
1 0.0642883 0.647639 0.0294142 0.0214281 0.00164604
4 0.79014 0.690939 0.064454 0.0528267 0.00163693
2 0.794901 0.297376 0.0243683 0.0209574 0.00161729
5 0.505158 0.752069 0.0878144 0.103684 0.00160934
2 0.592189 0.396979 0.0142071 0.0213709 0.00158784
4 0.677914 0.731837 0.0306149 0.0710538 0.00155258
1 0.0681374 0.6291 0.0166515 0.0210378 0.00154324
1 0.166139 0.66398 0.0209694 0.0686636 0.00153762
2 0.095743 0.572613 0.010271 0.0125156 0.00152097
5 0.530395 0.746277 0.0593199 0.0743976 0.00150307
4 0.132164 0.723058 0.0102508 0.0357231 0.00149808
0 0.520745 0.688242 0.0131031 0.0202148 0.0014831
32 0.453973 0.761121 0.0330977 0.0475163 0.00148217
4 0.543169 0.713426 0.0464424 0.0404156 0.00147998
1 0.484927 0.641091 0.0140055 0.0451094 0.00147403
0 0.700597 0.73388 0.0453811 0.0800778 0.00142981
4 0.0184458 0.693202 0.0192079 0.0285656 0.00141458
42 0.526286 0.690018 0.0216285 0.0260692 0.00141291
5 0.45396 0.73319 0.0330088 0.044096 0.00140713
3 0.685274 0.734392 0.0209989 0.0757363 0.00140366
7 0.994605 0.524604 0.0107896 0.0639941 0.00139008
8 0.779508 0.709357 0.0136085 0.0396669 0.00138015
12 0.453731 0.68834 0.0322294 0.0962513 0.00137619
0 0.713821 0.735312 0.0259551 0.0753863 0.00136193
4 0.689215 0.735451 0.0284148 0.0736219 0.00135627
2 0.366531 0.349601 0.0118277 0.0177664 0.00135265
2 0.0210754 0.640489 0.00592935 0.00806076 0.00133683
0 0.457034 0.72512 0.0367047 0.0449842 0.00133405
2 0.557545 0.464701 0.0156317 0.0182114 0.00130902
1 0.955763 0.531101 0.0363242 0.121797 0.0013049
2 0.79596 0.283683 0.0241221 0.0356243 0.00129818
3 0.138552 0.736492 0.0114063 0.0100186 0.00129146
0 0.915101 0.724941 0.0370629 0.0693671 0.00129138
8 0.136336 0.731703 0.0143554 0.018921 0.00128178
7 0.995646 0.525337 0.00870819 0.0431322 0.0012726
0 0.140345 0.724852 0.00972022 0.0260686 0.00126463
3 0.45322 0.757517 0.0325609 0.0538302 0.00125337
1 0.16044 0.667948 0.0157653 0.0551316 0.00124831
9 0.522816 0.74167 0.0281778 0.0902091 0.00121834
8 0.888619 0.742948 0.0543666 0.0840441 0.00120074
14 0.860221 0.749387 0.082622 0.084322 0.00119276
2 0.832449 0.243555 0.0216798 0.0181107 0.00119195
1 0.0808563 0.688254 0.0220188 0.0283219 0.00116881
8 0.713821 0.735312 0.0259551 0.0753863 0.0011571
4 0.635918 0.720668 0.0719634 0.0923358 0.00115445
0 0.899817 0.579717 0.0204299 0.0361671 0.00114725
2 0.358843 0.35023 0.011279 0.0177427 0.00112954
8 0.45322 0.757517 0.0325609 0.0538302 0.00112442
4 0.97323 0.69601 0.0492399 0.0635555 0.00112406
6 0.0259803 0.78709 0.0509893 0.244515 0.00111601
1 0.989645 0.54274 0.0196289 0.100618 0.0010853
3 0.71713 0.731476 0.01975 0.0815724 0.00108422
4 0.0767727 0.753444 0.012932 0.0453937 0.00107407
0 0.451376 0.746745 0.0319468 0.0440063 0.00106083
2 0.377879 0.359727 0.0152418 0.0143538 0.00103289
1 0.00433922 0.644439 0.00751241 0.00893874 0.00102553
0 0.467173 0.708793 0.0122957 0.0269084 0.00102283
4 0.0808563 0.688254 0.0220188 0.0283219 0.00102238
6 0.0856449 0.678726 0.0158615 0.025262 0.00100829
