7 0.15685 0.625921 0.0399682 0.349827 0.889315
7 0.663342 0.189238 0.0242205 0.124782 0.598327
1 0.690449 0.360129 0.0561194 0.265225 0.489345
6 0.564263 0.718023 0.20493 0.156051 0.413439
4 0.56268 0.718115 0.209235 0.153762 0.200496
14 0.341202 0.784839 0.0266917 0.0818774 0.12255
4 0.781765 0.723269 0.113613 0.143467 0.114324
14 0.0676327 0.778591 0.0263456 0.0663589 0.0935263
6 0.69137 0.667681 0.110174 0.229108 0.0912563
6 0.967429 0.717064 0.0628857 0.201691 0.0815461
4 0.894111 0.729502 0.165225 0.161943 0.0474626
6 0.753221 0.722133 0.13159 0.142081 0.0387305
6 0.718495 0.7079 0.150264 0.159298 0.0270124
6 0.659855 0.664137 0.170755 0.258932 0.0199283
7 0.733519 0.189593 0.0401859 0.0476682 0.0159603
1 0.0676479 0.778464 0.0252711 0.0662908 0.0143136
7 0.68981 0.360348 0.0559163 0.264974 0.0108103
7 0.154675 0.691364 0.03679 0.20696 0.010767
23 0.0676796 0.778536 0.0256999 0.0673474 0.00910162
6 0.608264 0.717657 0.118803 0.158165 0.00658927
23 0.341353 0.783669 0.0262346 0.0792827 0.00571326
7 0.160549 0.571389 0.0316377 0.240442 0.00515255
6 0.599472 0.667764 0.286781 0.258616 0.00504287
6 0.783489 0.724621 0.110267 0.14407 0.00449789
4 0.96954 0.73804 0.0578141 0.16034 0.00445605
22 0.383986 0.811594 0.0294117 0.0965567 0.00426999
4 0.517023 0.717835 0.120558 0.148928 0.00360209
14 0.503998 0.809308 0.0331086 0.0909161 0.00322532
6 0.968576 0.695543 0.0628477 0.247864 0.00318967
6 0.619306 0.680012 0.153877 0.228393 0.00263304
8 0.201577 0.775882 0.0607561 0.112097 0.002617
0 0.38064 0.725317 0.0383508 0.075829 0.00259227
8 0.157456 0.626471 0.0392505 0.34796 0.00235079
7 0.64411 0.562131 0.0090368 0.0303952 0.00227246
8 0.187931 0.79439 0.0338675 0.0727073 0.00211215
14 0.242006 0.777434 0.0435729 0.0845681 0.00204269
6 0.96714 0.672505 0.0629836 0.102471 0.00195501
14 0.200345 0.761871 0.0609621 0.142031 0.00194713
4 0.457944 0.715325 0.172881 0.143037 0.00193028
4 0.73962 0.723988 0.15064 0.147355 0.00165049
6 0.968562 0.647196 0.0628765 0.368466 0.00161188
7 0.201114 0.62617 0.0293215 0.188788 0.00160975
14 0.380131 0.724645 0.0388495 0.0744749 0.00147812
24 0.967546 0.718727 0.0632778 0.195537 0.00139949
4 0.880379 0.685409 0.125507 0.0795597 0.00138014
6 0.912133 0.730789 0.172866 0.171672 0.0013699
14 0.0554644 0.776893 0.0547323 0.0676416 0.00133856
6 0.517023 0.717835 0.120558 0.148928 0.00130326
2 0.662873 0.189232 0.0242178 0.126212 0.00126653
4 0.834 0.731419 0.190578 0.145457 0.00126212
7 0.156671 0.547949 0.0198429 0.192168 0.00121228
14 0.384473 0.811202 0.0319647 0.0974219 0.00115156
2 0.663249 0.673732 0.0132592 0.0414824 0.00108869
1 0.64411 0.562131 0.0090368 0.0303952 0.00108827
4 0.498406 0.729904 0.0837264 0.118275 0.00106065
7 0.164085 0.55892 0.0237556 0.147262 0.00100561
