8 0.0693503 0.907567 0.137136 0.183639 0.935379
0 0.344191 0.828621 0.0410505 0.19237 0.882789
42 0.337445 0.724288 0.0657172 0.037522 0.815839
22 0.628057 0.931935 0.0345314 0.105447 0.810112
0 0.407525 0.823165 0.0301298 0.184781 0.754525
0 0.374997 0.819726 0.0301501 0.188846 0.726382
22 0.687726 0.960099 0.0290588 0.0758817 0.564317
8 0.983875 0.899972 0.0316132 0.144977 0.319048
42 0.393374 0.721847 0.048188 0.024763 0.303577
0 0.0580881 0.709204 0.0321426 0.138391 0.290309
3 0.317365 0.786088 0.0242837 0.0518019 0.277478
42 0.396829 0.731827 0.0445428 0.0230323 0.275586
3 0.46831 0.78611 0.0239066 0.043261 0.260241
4 0.147489 0.739853 0.0269833 0.0223114 0.259065
8 0.277926 0.779699 0.0346302 0.0507626 0.226279
3 0.485752 0.783247 0.0283365 0.047745 0.219481
42 0.42421 0.735658 0.0151447 0.017359 0.2112
3 0.305514 0.788541 0.0233554 0.0515767 0.189766
11 0.410123 0.78248 0.021841 0.080613 0.189302
0 0.430475 0.752717 0.0111 0.0354658 0.175653
8 0.613788 0.7434 0.0122181 0.0183901 0.175301
3 0.274992 0.782156 0.0309094 0.0517751 0.13822
8 0.457659 0.753931 0.0132938 0.0277018 0.138193
11 0.351153 0.786961 0.0291375 0.0713586 0.1378
3 0.448816 0.783817 0.0177543 0.039798 0.136843
8 0.449142 0.777966 0.0181657 0.0435577 0.135117
3 0.460704 0.786334 0.0157171 0.0480092 0.132587
8 0.444845 0.748801 0.0139505 0.0250024 0.127394
3 0.453555 0.778295 0.0236269 0.041722 0.119081
3 0.287495 0.783272 0.0222097 0.0539242 0.113619
4 0.523447 0.754527 0.0113176 0.0166628 0.10392
4 0.207362 0.737114 0.0150038 0.0194563 0.103496
3 0.459859 0.752904 0.0113062 0.0207592 0.103486
8 0.318689 0.775312 0.0226572 0.0551456 0.103207
8 0.312309 0.781807 0.0268513 0.0574814 0.101617
3 0.312309 0.781807 0.0268513 0.0574814 0.100971
8 0.242206 0.749295 0.0112312 0.0218838 0.100341
0 0.421851 0.769976 0.0134483 0.0682473 0.0902868
8 0.959645 0.916056 0.0785794 0.167166 0.0886333
3 0.297158 0.779726 0.031404 0.0581258 0.0838804
42 0.315234 0.739045 0.0218925 0.0205468 0.0786907
3 0.510955 0.779852 0.0184912 0.0467533 0.0765353
9 0.410123 0.78248 0.021841 0.080613 0.0760838
8 0.601596 0.747797 0.0126099 0.0171683 0.0759427
8 0.275411 0.768398 0.027881 0.042039 0.0757815
8 0.593141 0.749999 0.014778 0.0176905 0.0741401
8 0.61071 0.743288 0.015812 0.0208289 0.0676823
8 0.29739 0.76385 0.0280062 0.0337989 0.0669614
0 0.357133 0.826995 0.0214907 0.196454 0.0641305
25 0.785723 0.910114 0.16136 0.179044 0.0641116
4 0.539962 0.752655 0.035132 0.0351759 0.0639834
8 0.430475 0.752717 0.0111 0.0354658 0.0635164
8 0.297158 0.779726 0.031404 0.0581258 0.0630038
42 0.379859 0.735953 0.0216665 0.0237112 0.0627513
4 0.529706 0.757863 0.0217892 0.0169039 0.0616469
8 0.0502679 0.949936 0.0968632 0.096461 0.0615306
8 0.147079 0.739161 0.0292748 0.0236036 0.0604293
8 0.112518 0.874513 0.0619001 0.1144 0.0589877
8 0.207362 0.737114 0.0150038 0.0194563 0.0586231
4 0.147599 0.745587 0.0265152 0.0226978 0.0583506
8 0.523447 0.754527 0.0113176 0.0166628 0.0575182
3 0.487263 0.75255 0.0165927 0.0194902 0.0571939
8 0.436439 0.749685 0.0100088 0.0262323 0.0568466
8 0.488717 0.759688 0.0232472 0.0325479 0.055865
22 0.60608 0.812161 0.0198679 0.0431867 0.0549654
8 0.466725 0.755223 0.0188783 0.0248776 0.0538756
4 0.444845 0.748801 0.0139505 0.0250024 0.0537856
8 0.50107 0.778514 0.0322525 0.0467193 0.0535905
8 0.122588 0.894615 0.0455071 0.076995 0.0533471
25 0.698073 0.738179 0.0485382 0.0473075 0.0531136
8 0.468348 0.782892 0.0266581 0.0444799 0.0516428
8 0.287495 0.783272 0.0222097 0.0539242 0.0504935
8 0.48196 0.756619 0.0256614 0.0298649 0.0490186
9 0.351153 0.786961 0.0291375 0.0713586 0.048573
8 0.978145 0.926569 0.0426578 0.140623 0.0483894
9 0.78598 0.90977 0.162698 0.179471 0.0476147
8 0.459859 0.752904 0.0113062 0.0207592 0.0475794
8 0.961268 0.945865 0.0736803 0.104086 0.0466631
0 0.381295 0.81732 0.0186472 0.181712 0.0459313
8 0.583825 0.748967 0.0176139 0.0186947 0.0455659
22 0.697831 0.959574 0.0208474 0.0773044 0.0450478
8 0.59491 0.743932 0.0105624 0.0222484 0.0449688
9 0.395923 0.785787 0.0176417 0.0885953 0.0446641
8 0.488076 0.779365 0.027354 0.0463022 0.0441028
0 0.312309 0.781807 0.0268513 0.0574814 0.0438001
8 0.236705 0.748025 0.0153906 0.0195801 0.0437557
8 0.305514 0.788541 0.0233554 0.0515767 0.0437352
3 0.29739 0.76385 0.0280062 0.0337989 0.0430862
9 0.356008 0.793535 0.0190143 0.0598745 0.0428298
3 0.494806 0.816527 0.0179872 0.0440289 0.0423851
4 0.424979 0.732501 0.0152996 0.0138402 0.0420131
8 0.506638 0.762449 0.021147 0.0320808 0.0408258
22 0.494806 0.816527 0.0179872 0.0440289 0.0403555
11 0.344816 0.782357 0.0288875 0.0840908 0.0400481
3 0.593141 0.749999 0.014778 0.0176905 0.0396267
8 0.480724 0.782982 0.0325411 0.0428001 0.039615
3 0.48196 0.756619 0.0256614 0.0298649 0.0394421
8 0.514853 0.775598 0.0150129 0.0450833 0.0372567
3 0.503643 0.782476 0.0324405 0.0430667 0.0355777
4 0.315234 0.739045 0.0218925 0.0205468 0.035441
8 0.0901229 0.888227 0.10487 0.15259 0.0354301
9 0.370809 0.787789 0.0192954 0.0849016 0.0348092
8 0.442285 0.743049 0.0123049 0.0224501 0.0347053
8 0.13669 0.737452 0.0126668 0.0248382 0.0333451
3 0.583825 0.748967 0.0176139 0.0186947 0.0332667
3 0.488717 0.759688 0.0232472 0.0325479 0.0329685
11 0.421851 0.769976 0.0134483 0.0682473 0.03248
8 0.456634 0.746421 0.0110169 0.0276149 0.0318502
8 0.460704 0.786334 0.0157171 0.0480092 0.031594
8 0.317843 0.762849 0.0169173 0.0407088 0.0315727
8 0.510955 0.779852 0.0184912 0.0467533 0.0315309
9 0.344816 0.782357 0.0288875 0.0840908 0.03111
8 0.628068 0.743045 0.0221281 0.020954 0.031041
8 0.487263 0.75255 0.0165927 0.0194902 0.0308675
3 0.275411 0.768398 0.027881 0.042039 0.0306621
11 0.356008 0.793535 0.0190143 0.0598745 0.0298546
8 0.637644 0.746181 0.0154491 0.016055 0.0285161
8 0.344287 0.831053 0.0399779 0.19155 0.028401
3 0.457659 0.753931 0.0132938 0.0277018 0.0280501
4 0.553883 0.748853 0.0112285 0.0381229 0.0273513
4 0.241516 0.74672 0.0125764 0.0204354 0.0272329
4 0.442285 0.743049 0.0123049 0.0224501 0.0270343
5 0.146868 0.738896 0.0276142 0.0255032 0.0270256
8 0.131129 0.89879 0.0257132 0.0656097 0.0264353
4 0.593141 0.749999 0.014778 0.0176905 0.0259974
11 0.333683 0.764491 0.0211381 0.0520426 0.0259234
18 0.154303 0.802216 0.0155421 0.0275143 0.0254096
3 0.601596 0.747797 0.0126099 0.0171683 0.0251212
4 0.421851 0.769976 0.0134483 0.0682473 0.0248741
0 0.436439 0.749685 0.0100088 0.0262323 0.0245374
3 0.242206 0.749295 0.0112312 0.0218838 0.02441
4 0.32572 0.73629 0.0446302 0.0304368 0.0243998
8 0.253947 0.759193 0.0265927 0.0374684 0.0242616
2 0.756896 0.622589 0.0140334 0.0220903 0.0240034
8 0.257568 0.77633 0.0252897 0.048408 0.0233759
3 0.517134 0.790548 0.0239786 0.035434 0.0233568
4 0.583825 0.748967 0.0176139 0.0186947 0.0231782
8 0.421851 0.769976 0.0134483 0.0682473 0.0231441
11 0.395923 0.785787 0.0176417 0.0885953 0.0228408
8 0.424791 0.765335 0.0145781 0.0557712 0.0224617
0 0.444845 0.748801 0.0139505 0.0250024 0.0221727
8 0.582111 0.743678 0.0124355 0.022356 0.0219124
3 0.466725 0.755223 0.0188783 0.0248776 0.0218332
3 0.436439 0.749685 0.0100088 0.0262323 0.0218317
8 0.0423046 0.914412 0.0821823 0.167221 0.0216894
3 0.444845 0.748801 0.0139505 0.0250024 0.0214434
8 0.213337 0.738335 0.015106 0.0182656 0.021398
22 0.55849 0.817573 0.012312 0.0265366 0.0213496
4 0.615115 0.742108 0.0115494 0.0187256 0.0208982
11 0.370809 0.787789 0.0192954 0.0849016 0.0208489
4 0.236705 0.748025 0.0153906 0.0195801 0.0207375
0 0.424979 0.732501 0.0152996 0.0138402 0.0205481
0 0.449142 0.777966 0.0181657 0.0435577 0.0203957
4 0.232279 0.742594 0.029361 0.0239156 0.0201942
4 0.13669 0.737452 0.0126668 0.0248382 0.0197766
4 0.337165 0.724305 0.0650208 0.0373711 0.019645
8 0.553883 0.748853 0.0112285 0.0381229 0.019396
8 0.483234 0.74466 0.0121102 0.0246134 0.019151
4 0.200487 0.736317 0.0173126 0.0200399 0.0188631
0 0.256294 0.726817 0.00970439 0.0213478 0.0185691
0 0.305777 0.786931 0.0265711 0.0586988 0.0184484
8 0.468087 0.74828 0.0149182 0.0324209 0.0184214
3 0.288831 0.751309 0.0127527 0.0191236 0.0180317
0 0.205798 0.738332 0.0144522 0.0194115 0.0178435
8 0.605817 0.811729 0.0205217 0.0481106 0.0177595
8 0.5716 0.750205 0.0206362 0.0186591 0.0174427
8 0.557027 0.746964 0.0133867 0.0361381 0.0169988
8 0.512947 0.752335 0.0144048 0.0200635 0.0168684
8 0.98543 0.9346 0.0275761 0.126743 0.0165215
4 0.213337 0.738335 0.015106 0.0182656 0.0162874
8 0.295306 0.743587 0.0122216 0.0234334 0.0161908
3 0.614523 0.74533 0.0122433 0.0205336 0.0160646
0 0.615115 0.742108 0.0115494 0.0187256 0.0158108
22 0.243693 0.80406 0.0120326 0.0265403 0.015477
4 0.248532 0.725658 0.0123022 0.018322 0.0152586
8 0.252102 0.768875 0.0300062 0.0461049 0.0152361
19 0.142649 0.800924 0.0331556 0.0308448 0.0151806
8 0.288831 0.751309 0.0127527 0.0191236 0.015142
8 0.200487 0.736317 0.0173126 0.0200399 0.0150941
0 0.442285 0.743049 0.0123049 0.0224501 0.0150566
8 0.495231 0.744057 0.0107786 0.0232435 0.0149937
22 0.60016 0.812142 0.0196367 0.0427226 0.0149114
4 0.601596 0.747797 0.0126099 0.0171683 0.0148213
4 0.5716 0.750205 0.0206362 0.0186591 0.0145749
3 0.468526 0.79797 0.0228747 0.055051 0.0145364
3 0.506638 0.762449 0.021147 0.0320808 0.0143527
0 0.365828 0.823192 0.0226852 0.191202 0.0143097
4 0.436439 0.749685 0.0100088 0.0262323 0.0142291
3 0.5716 0.750205 0.0206362 0.0186591 0.0140358
3 0.317843 0.762849 0.0169173 0.0407088 0.0139553
22 0.0935599 0.780811 0.00758486 0.04723 0.0138264
4 0.243386 0.742227 0.0108054 0.0235989 0.013773
22 0.135969 0.907915 0.0183449 0.0453904 0.0136405
18 0.606088 0.812337 0.0198305 0.0426369 0.0132742
3 0.512947 0.752335 0.0144048 0.0200635 0.0132467
4 0.56841 0.74278 0.0244193 0.0231778 0.0129972
0 0.457659 0.753931 0.0132938 0.0277018 0.0129058
0 0.13669 0.737452 0.0126668 0.0248382 0.0126504
0 0.243386 0.742227 0.0108054 0.0235989 0.0126373
0 0.139472 0.718505 0.011955 0.0163162 0.0126034
3 0.523447 0.754527 0.0113176 0.0166628 0.0123541
8 0.243386 0.742227 0.0108054 0.0235989 0.0120231
3 0.322032 0.799589 0.0204254 0.0493332 0.0119677
3 0.485846 0.804042 0.0295548 0.0537815 0.011932
11 0.37086 0.758238 0.0206975 0.0452925 0.0117178
4 0.430475 0.752717 0.0111 0.0354658 0.0116139
8 0.262559 0.757622 0.0110062 0.0358997 0.0115175
3 0.635104 0.746932 0.015105 0.0181002 0.011473
8 0.142332 0.796244 0.0283763 0.0310403 0.0113729
2 0.0407478 0.182605 0.0150783 0.0272302 0.0113577
4 0.205016 0.744244 0.0141919 0.022817 0.0113352
18 0.130951 0.800128 0.0152175 0.0270255 0.0113301
8 0.141383 0.747702 0.0262307 0.0278244 0.0112018
8 0.526313 0.772128 0.0146978 0.0339274 0.0111622
9 0.381295 0.81732 0.0186472 0.181712 0.0111269
4 0.628068 0.743045 0.0221281 0.020954 0.0109518
5 0.698484 0.738312 0.0479147 0.0492986 0.0109414
3 0.253947 0.759193 0.0265927 0.0374684 0.01091
22 0.544957 0.814862 0.0124369 0.0312651 0.0109022
3 0.514853 0.775598 0.0150129 0.0450833 0.0107499
4 0.59491 0.743932 0.0105624 0.0222484 0.0106159
3 0.146868 0.738896 0.0276142 0.0255032 0.010293
3 0.424791 0.765335 0.0145781 0.0557712 0.0100059
0 0.394783 0.769835 0.0191635 0.0719153 0.00995352
0 0.459859 0.752904 0.0113062 0.0207592 0.00991787
8 0.32572 0.73629 0.0446302 0.0304368 0.0098813
9 0.421851 0.769976 0.0134483 0.0682473 0.00981831
4 0.205159 0.732044 0.0146408 0.0219113 0.00980536
22 0.130951 0.800128 0.0152175 0.0270255 0.00975513
2 0.0300988 0.192985 0.0126196 0.0208648 0.00972505
0 0.146868 0.738896 0.0276142 0.0255032 0.00971586
0 0.553883 0.748853 0.0112285 0.0381229 0.00971177
8 0.205016 0.744244 0.0141919 0.022817 0.00969324
4 0.758073 0.750919 0.0132504 0.0218525 0.00967795
8 0.0104838 0.95983 0.019692 0.0786896 0.0095141
3 0.236705 0.748025 0.0153906 0.0195801 0.00947232
8 0.257284 0.786845 0.027097 0.0427816 0.00942086
1 0.246146 0.714812 0.0125364 0.014101 0.00939909
8 0.424979 0.732501 0.0152996 0.0138402 0.00928003
8 0.645563 0.749419 0.0130406 0.015992 0.00921604
3 0.456634 0.746421 0.0110169 0.0276149 0.00916549
3 0.483234 0.74466 0.0121102 0.0246134 0.00905289
4 0.582111 0.743678 0.0124355 0.022356 0.00904268
4 0.61071 0.743288 0.015812 0.0208289 0.00897231
0 0.706464 0.74915 0.0162916 0.0199829 0.00895425
5 0.13669 0.737452 0.0126668 0.0248382 0.00895318
3 0.493955 0.800913 0.0204988 0.0526527 0.00894025
0 0.241516 0.74672 0.0125764 0.0204354 0.00888055
4 0.698073 0.738179 0.0485382 0.0473075 0.00879326
8 0.232279 0.742594 0.029361 0.0239156 0.00873824
8 0.422682 0.780362 0.0209618 0.0608548 0.0086389
4 0.939466 0.99382 0.0323751 0.0123608 0.00861986
22 0.673998 0.966964 0.0466548 0.0620063 0.00859006
22 0.131129 0.89879 0.0257132 0.0656097 0.00856803
8 0.205159 0.732044 0.0146408 0.0219113 0.00851286
0 0.213337 0.738335 0.015106 0.0182656 0.0083075
8 0.661618 0.761482 0.0150924 0.0160848 0.00822069
3 0.205798 0.738332 0.0144522 0.0194115 0.00808032
9 0.37086 0.758238 0.0206975 0.0452925 0.00804158
3 0.422682 0.780362 0.0209618 0.0608548 0.00803562
0 0.378037 0.774046 0.0227729 0.0952138 0.00803195
0 0.205159 0.732044 0.0146408 0.0219113 0.00801843
15 0.341574 0.725629 0.0496176 0.0383583 0.00795664
8 0.225026 0.744314 0.0177406 0.022998 0.00791894
42 0.139472 0.718505 0.011955 0.0163162 0.00784151
8 0.450153 0.791921 0.0161023 0.0464325 0.00782228
3 0.582111 0.743678 0.0124355 0.022356 0.00781478
22 0.659731 0.939643 0.0143036 0.0231479 0.00776109
0 0.456634 0.746421 0.0110169 0.0276149 0.007733
8 0.192887 0.738893 0.0184402 0.0191077 0.00773123
3 0.553883 0.748853 0.0112285 0.0381229 0.00767771
8 0.940916 0.894579 0.115252 0.200638 0.00753632
3 0.262559 0.757622 0.0110062 0.0358997 0.00750198
4 0.29739 0.76385 0.0280062 0.0337989 0.00743137
4 0.192887 0.738893 0.0184402 0.0191077 0.00733894
3 0.142332 0.796244 0.0283763 0.0310403 0.00731657
8 0.147599 0.745587 0.0265152 0.0226978 0.00726252
3 0.468087 0.74828 0.0149182 0.0324209 0.00724337
3 0.607518 0.808079 0.0209943 0.0509182 0.00722266
4 0.635104 0.746932 0.015105 0.0181002 0.00718838
19 0.145565 0.768487 0.0283295 0.0461568 0.00716285
0 0.424791 0.765335 0.0145781 0.0557712 0.00713718
0 0.262559 0.757622 0.0110062 0.0358997 0.00711496
8 0.412961 0.780865 0.0204991 0.0714142 0.00703051
5 0.147599 0.745587 0.0265152 0.0226978 0.00701105
42 0.553458 0.744988 0.0120587 0.0363139 0.00696109
4 0.456634 0.746421 0.0110169 0.0276149 0.00689716
42 0.329206 0.692661 0.0101997 0.022526 0.0068801
3 0.961268 0.945865 0.0736803 0.104086 0.00686156
3 0.44494 0.773744 0.0206769 0.0550232 0.00680841
3 0.295919 0.799579 0.0230884 0.0522834 0.00676116
3 0.257568 0.77633 0.0252897 0.048408 0.00672014
22 0.731445 0.930699 0.0113057 0.0253462 0.00665705
3 0.460899 0.797695 0.012235 0.0525635 0.00661397
4 0.225026 0.744314 0.0177406 0.022998 0.00656048
4 0.139472 0.718505 0.011955 0.0163162 0.00653278
4 0.188529 0.735189 0.0366771 0.019221 0.00653138
3 0.645563 0.749419 0.0130406 0.015992 0.00652755
0 0.370966 0.797037 0.0312634 0.137573 0.00642841
3 0.661618 0.761482 0.0150924 0.0160848 0.00638972
