31 0.808157 0.256914 0.270052 0.300178 0.960809
18 0.44135 0.618841 0.142288 0.325963 0.937185
18 0.581344 0.623996 0.143386 0.323034 0.925318
18 0.27901 0.616813 0.14656 0.3343 0.92057
18 0.0291609 0.791626 0.0561073 0.405063 0.909632
19 0.932416 0.747529 0.134273 0.44445 0.880737
18 0.0520615 0.706233 0.100415 0.316743 0.868523
18 0.79933 0.727462 0.190453 0.427494 0.861378
18 0.7145 0.644819 0.121237 0.3355 0.824624
18 0.990865 0.823184 0.0154454 0.308349 0.0790918
18 0.811549 0.80973 0.0728657 0.230452 0.0240454
18 0.0480599 0.651473 0.0767018 0.22996 0.021654
53 0.808607 0.257489 0.27076 0.29994 0.0112368
19 0.0290291 0.792835 0.0556483 0.404469 0.010312
18 0.936246 0.718701 0.127509 0.394958 0.00786063
19 0.0433439 0.69578 0.0824423 0.289502 0.00505923
10 0.990805 0.540033 0.0167597 0.0280997 0.00495251
18 0.945735 0.621798 0.10547 0.189652 0.00475185
19 0.990865 0.823184 0.0154454 0.308349 0.00453865
2 0.168102 0.197387 0.00775774 0.0194285 0.00447248
22 0.989671 0.810872 0.0185775 0.358053 0.00393331
18 0.023927 0.848258 0.0464647 0.274905 0.00373226
14 0.0425201 0.687202 0.0803744 0.259416 0.00340305
18 0.989396 0.725653 0.0185878 0.412244 0.00287205
18 0.743514 0.747517 0.0848141 0.281638 0.00263209
18 0.987834 0.822899 0.023791 0.336462 0.00227505
18 0.783986 0.623967 0.120464 0.211875 0.00216082
18 0.902874 0.629127 0.064789 0.199584 0.0019227
44 0.990805 0.540033 0.0167597 0.0280997 0.00185034
19 0.0221986 0.740749 0.0421024 0.299222 0.00171993
18 0.0384453 0.551429 0.0756026 0.0389534 0.00157463
22 0.992255 0.872298 0.0134449 0.209362 0.00149212
54 0.808561 0.257302 0.27027 0.302137 0.0012767
32 0.0290291 0.792835 0.0556483 0.404469 0.00120407
43 0.990865 0.823184 0.0154454 0.308349 0.00116935
8 0.991055 0.832678 0.0150989 0.289226 0.00112571
34 0.990805 0.540033 0.0167597 0.0280997 0.00110201
19 0.023927 0.848258 0.0464647 0.274905 0.00109491
18 0.0327672 0.616917 0.0640816 0.115517 0.00104526
