22 0.96571 0.725728 0.0644942 0.167404 0.907381
0 0.722771 0.57407 0.058408 0.225504 0.870159
0 0.442589 0.523342 0.039377 0.162677 0.855006
0 0.797393 0.603123 0.0677529 0.26047 0.852518
0 0.407215 0.513753 0.0395289 0.175853 0.843435
22 0.918223 0.653273 0.0350848 0.082569 0.766453
0 0.120787 0.45893 0.0226685 0.0472754 0.691686
0 0.529145 0.530056 0.0244266 0.0993431 0.623649
2 0.857381 0.118145 0.0118402 0.0244622 0.538313
0 0.546879 0.536362 0.0242283 0.105244 0.507751
0 0.50635 0.529567 0.0291602 0.0991107 0.495949
0 0.201727 0.641765 0.0489615 0.275229 0.471112
0 0.589291 0.508873 0.015491 0.0391904 0.342193
0 0.554357 0.481045 0.0102906 0.0203213 0.206254
0 0.775569 0.57579 0.0340941 0.17588 0.181188
0 0.571605 0.512545 0.0157983 0.0361514 0.177855
10 0.285637 0.563826 0.0135552 0.0282948 0.172271
0 0.575697 0.506218 0.0140712 0.043143 0.171399
0 0.554236 0.493931 0.0131812 0.0441386 0.142635
0 0.122094 0.453373 0.0168431 0.0389598 0.125618
0 0.602944 0.512636 0.0144334 0.0320473 0.122449
0 0.513537 0.530313 0.0231802 0.099889 0.121676
17 0.199318 0.52667 0.0300399 0.04388 0.119784
20 0.214773 0.579354 0.0159157 0.0218587 0.110495
0 0.517374 0.513357 0.0157719 0.0686856 0.109988
9 0.818951 0.559264 0.023384 0.0776114 0.10315
0 0.556797 0.496478 0.0137129 0.0515306 0.0816156
0 0.770607 0.567726 0.033611 0.127249 0.0692836
22 0.255603 0.563549 0.006998 0.02719 0.0658557
0 0.555879 0.508309 0.0225359 0.0462135 0.0646333
10 0.255603 0.563549 0.006998 0.02719 0.0603295
4 0.107494 0.462753 0.0386733 0.0287659 0.0596712
0 0.19967 0.54949 0.0319892 0.0845686 0.0569313
0 0.398699 0.502023 0.0282524 0.154507 0.0566664
10 0.287126 0.569299 0.0136368 0.0199479 0.0554386
0 0.504942 0.50579 0.0305529 0.0489993 0.0531408
2 0.967734 0.0862163 0.0135056 0.0191872 0.048409
11 0.805641 0.555385 0.0395226 0.0857774 0.046819
9 0.824367 0.57569 0.0150761 0.041097 0.0440526
11 0.816246 0.557829 0.0272562 0.0819665 0.0434677
0 0.607045 0.511138 0.0122179 0.0301725 0.0426422
0 0.548196 0.508303 0.0208964 0.0603862 0.0397742
2 0.857488 0.110966 0.0129208 0.030661 0.0390414
0 0.121907 0.479178 0.024946 0.0870893 0.0381268
0 0.774984 0.598017 0.0262072 0.149177 0.0374101
20 0.197709 0.56014 0.0296976 0.0632806 0.0358967
13 0.510293 0.48166 0.0138375 0.0195923 0.033905
0 0.566596 0.494823 0.0125632 0.0513397 0.0326654
4 0.0980976 0.465162 0.0198032 0.0212716 0.0300353
18 0.0239962 0.758979 0.0266052 0.0537549 0.028865
18 0.0399518 0.756671 0.059095 0.0573039 0.0277964
0 0.548455 0.482681 0.0161717 0.0214074 0.0263459
2 0.535631 0.374984 0.00813196 0.0136308 0.0253698
1 0.525822 0.406356 0.0207311 0.0605817 0.0244112
22 0.726054 0.677671 0.0300593 0.0706959 0.0241704
2 0.517976 0.37903 0.00813355 0.0179155 0.0239781
0 0.390756 0.510108 0.0164015 0.168295 0.0229998
10 0.285633 0.581869 0.0155761 0.0189368 0.0213954
9 0.805641 0.555385 0.0395226 0.0857774 0.021035
2 0.515815 0.375069 0.00865521 0.0117533 0.0184087
17 0.510293 0.48166 0.0138375 0.0195923 0.0178016
20 0.214409 0.573695 0.0237985 0.0292873 0.0177468
2 0.403547 0.281765 0.00758783 0.019403 0.0172332
0 0.773413 0.611105 0.0250831 0.0940578 0.0170088
10 0.707575 0.531351 0.0253391 0.0489865 0.0169623
9 0.777016 0.656639 0.0143464 0.021033 0.0163975
9 0.571546 0.514203 0.0159079 0.0330163 0.0159685
0 0.62295 0.517252 0.0142191 0.0255827 0.0158662
2 0.534731 0.368788 0.0091449 0.0168857 0.0158399
17 0.441492 0.445789 0.0124919 0.020995 0.0156496
0 0.583769 0.502411 0.013537 0.0434477 0.0156007
20 0.285637 0.563826 0.0135552 0.0282948 0.0153572
22 0.919653 0.650284 0.0199042 0.0777979 0.0153418
0 0.556182 0.525049 0.0375707 0.0633787 0.0151272
0 0.762581 0.582136 0.028115 0.0784346 0.015036
9 0.720527 0.581649 0.0524659 0.181656 0.0150345
7 0.504729 0.417429 0.00995789 0.027361 0.0147584
17 0.221256 0.512307 0.0142694 0.0171859 0.0146965
4 0.504712 0.511466 0.0315044 0.0607714 0.0145724
9 0.760451 0.596238 0.0186769 0.0551348 0.0144915
17 0.531231 0.481305 0.0148361 0.0185134 0.0144901
9 0.707575 0.531351 0.0253391 0.0489865 0.0135346
10 0.777016 0.656639 0.0143464 0.021033 0.0134249
11 0.707575 0.531351 0.0253391 0.0489865 0.0133844
9 0.781176 0.568892 0.0387402 0.125964 0.0130904
20 0.190192 0.568857 0.0201718 0.0315889 0.0128448
0 0.382537 0.56264 0.0135309 0.0563097 0.012456
10 0.816246 0.557829 0.0272562 0.0819665 0.0123722
2 0.538307 0.36566 0.0101761 0.0111936 0.0121823
0 0.104631 0.463312 0.0312103 0.0281679 0.0119328
17 0.407636 0.434612 0.0136568 0.0188128 0.0119029
9 0.799143 0.556759 0.0591183 0.102299 0.01183
10 0.264674 0.563538 0.0100025 0.0242213 0.0116699
2 0.168991 0.376686 0.0118724 0.0203399 0.0114856
2 0.139095 0.251437 0.010318 0.0192806 0.0107301
17 0.441806 0.452782 0.0146331 0.022919 0.0105719
20 0.287126 0.569299 0.0136368 0.0199479 0.0105049
0 0.59708 0.508472 0.0217612 0.0360713 0.0103366
10 0.823057 0.574953 0.0172874 0.0431672 0.0103317
11 0.727255 0.529306 0.0284359 0.0613313 0.0103212
2 0.507621 0.358904 0.00857364 0.0133621 0.0103004
0 0.392154 0.52794 0.0239146 0.142812 0.010102
0 0.28584 0.564718 0.0124391 0.0270481 0.0100623
10 0.288156 0.583491 0.0171475 0.0143504 0.0100074
9 0.77485 0.638894 0.0223102 0.0600576 0.00989971
2 0.86048 0.114239 0.0151909 0.0293108 0.00984999
2 0.42979 0.256739 0.0170086 0.0351301 0.00981453
20 0.319087 0.573942 0.0184432 0.0184852 0.00974795
1 0.531403 0.403906 0.0127442 0.0611845 0.00952213
1 0.539013 0.406465 0.0111551 0.0567653 0.00929425
10 0.654274 0.632368 0.0132401 0.0441549 0.0091126
0 0.289637 0.477803 0.0180578 0.0219572 0.00894646
9 0.77331 0.56574 0.0250621 0.111953 0.00890637
0 0.0980976 0.465162 0.0198032 0.0212716 0.00881325
10 0.287561 0.558387 0.0170175 0.0335446 0.00862932
20 0.308125 0.57347 0.0121483 0.0163345 0.00848846
0 0.513782 0.485653 0.0159614 0.0273652 0.00848013
22 0.285637 0.563826 0.0135552 0.0282948 0.00846479
7 0.521693 0.403567 0.0122678 0.0647893 0.00824767
10 0.697448 0.54496 0.00958075 0.0273012 0.00813872
2 0.537822 0.377291 0.0109993 0.0147322 0.00810347
20 0.194116 0.572313 0.0281579 0.0355293 0.0080939
9 0.709346 0.541936 0.0314061 0.0711537 0.00799854
0 0.574252 0.497854 0.0159176 0.0534338 0.00798904
0 0.710984 0.591488 0.03282 0.121132 0.00774595
0 0.391139 0.495324 0.0141753 0.0997605 0.00759159
2 0.406621 0.27551 0.00923138 0.020302 0.00743851
20 0.312111 0.576672 0.0232323 0.0217902 0.00737793
13 0.198471 0.534808 0.0300434 0.0602694 0.00727646
0 0.386577 0.511802 0.0155573 0.104426 0.00708876
9 0.771683 0.59535 0.0287413 0.0859279 0.00708803
9 0.761651 0.588163 0.0245156 0.0663808 0.00707058
2 0.560918 0.373491 0.00706952 0.012407 0.00700017
37 0.726746 0.645547 0.0396628 0.11478 0.00697716
1 0.521693 0.403567 0.0122678 0.0647893 0.00681639
18 0.121628 0.786452 0.0395966 0.0533216 0.00676453
20 0.197756 0.543841 0.0310923 0.0782585 0.00655833
20 0.221256 0.512307 0.0142694 0.0171859 0.0065144
11 0.714737 0.528822 0.0265828 0.0578473 0.00649677
9 0.797533 0.547083 0.0473128 0.0749234 0.00645176
2 0.533797 0.37692 0.00977899 0.0155927 0.00640999
2 0.165839 0.269299 0.0160203 0.0226915 0.00628133
22 0.655198 0.652863 0.0204747 0.0852387 0.00627678
9 0.734441 0.550067 0.0371738 0.10999 0.00624209
10 0.258925 0.563207 0.0100957 0.0263355 0.00616505
11 0.571605 0.512545 0.0157983 0.0361514 0.00614177
9 0.727255 0.529306 0.0284359 0.0613313 0.00611938
10 0.697904 0.53375 0.0111331 0.0422436 0.00611361
17 0.513782 0.485653 0.0159614 0.0273652 0.00609774
10 0.308125 0.57347 0.0121483 0.0163345 0.00606953
10 0.266007 0.559378 0.015086 0.0329004 0.00606861
0 0.287126 0.569299 0.0136368 0.0199479 0.00605718
13 0.531231 0.481305 0.0148361 0.0185134 0.00601553
0 0.264162 0.474118 0.0117685 0.0255415 0.00597251
1 0.255603 0.563549 0.006998 0.02719 0.00591324
20 0.707575 0.531351 0.0253391 0.0489865 0.00590517
20 0.256674 0.560563 0.00754923 0.0282297 0.00588937
2 0.831772 0.077248 0.0210785 0.028242 0.00579878
9 0.832521 0.612365 0.0214245 0.0269505 0.00573423
22 0.264674 0.563538 0.0100025 0.0242213 0.0055786
1 0.504729 0.417429 0.00995789 0.027361 0.00552142
55 0.265261 0.499884 0.262983 0.620803 0.00543456
37 0.760451 0.596238 0.0186769 0.0551348 0.00541869
34 0.199318 0.52667 0.0300399 0.04388 0.00538976
0 0.201641 0.608318 0.0378499 0.197824 0.00531459
20 0.316492 0.578739 0.0249981 0.0216031 0.00529914
0 0.214409 0.573695 0.0237985 0.0292873 0.00522002
2 0.876178 0.0760601 0.0131441 0.0142595 0.00510015
20 0.709346 0.541936 0.0314061 0.0711537 0.00503666
2 0.967197 0.0975283 0.0157903 0.0303083 0.00502301
9 0.819938 0.578021 0.0247273 0.135672 0.00500041
9 0.774924 0.584263 0.0273241 0.168536 0.00494694
9 0.714737 0.528822 0.0265828 0.0578473 0.00485594
20 0.288156 0.583491 0.0171475 0.0143504 0.00484749
17 0.794509 0.490958 0.030687 0.0335388 0.0047941
4 0.505982 0.529774 0.0305773 0.0979301 0.0047445
11 0.722954 0.529841 0.0510706 0.0643115 0.00469942
0 0.510293 0.48166 0.0138375 0.0195923 0.00461722
9 0.771141 0.560252 0.0366729 0.149553 0.00458009
0 0.781176 0.568892 0.0387402 0.125964 0.00449317
2 0.395946 0.36704 0.00842352 0.0168804 0.00449079
54 0.312111 0.576672 0.0232323 0.0217902 0.00444752
0 0.385688 0.537312 0.0168016 0.0975535 0.00444304
9 0.722954 0.529841 0.0510706 0.0643115 0.00438454
2 0.559568 0.381292 0.0101458 0.0149423 0.00436371
9 0.382 0.561659 0.0121563 0.051584 0.0043016
0 0.285633 0.581869 0.0155761 0.0189368 0.00428057
11 0.797533 0.547083 0.0473128 0.0749234 0.00424362
54 0.287126 0.569299 0.0136368 0.0199479 0.00421471
20 0.285633 0.581869 0.0155761 0.0189368 0.00410334
20 0.224802 0.578521 0.0130546 0.0164821 0.00408814
0 0.531231 0.481305 0.0148361 0.0185134 0.00404498
9 0.734738 0.620631 0.0335877 0.100658 0.00402102
0 0.37156 0.566692 0.00868359 0.0372327 0.00396113
32 0.0405805 0.757019 0.0592757 0.0572518 0.00394055
22 0.86751 0.610942 0.0156598 0.0328929 0.00392397
2 0.518112 0.370351 0.00932727 0.0201709 0.00389152
26 0.91818 0.653231 0.0356701 0.0840194 0.00386746
10 0.709346 0.541936 0.0314061 0.0711537 0.00386631
32 0.0239962 0.758979 0.0266052 0.0537549 0.00384218
54 0.308125 0.57347 0.0121483 0.0163345 0.00383864
0 0.0683293 0.455586 0.0113005 0.0160403 0.00383477
8 0.504662 0.529772 0.0318801 0.0991452 0.00382374
13 0.122094 0.453373 0.0168431 0.0389598 0.0038102
54 0.288156 0.583491 0.0171475 0.0143504 0.00374593
1 0.533797 0.37692 0.00977899 0.0155927 0.0036592
0 0.113833 0.452283 0.0270206 0.0378132 0.00365266
2 0.414154 0.282911 0.010435 0.0163697 0.00362361
22 0.285633 0.581869 0.0155761 0.0189368 0.00362253
2 0.851407 0.112832 0.021569 0.027317 0.00360548
17 0.198013 0.546789 0.0318707 0.0836555 0.00359031
13 0.441806 0.452782 0.0146331 0.022919 0.0035744
8 0.214773 0.579354 0.0159157 0.0218587 0.00356056
0 0.725295 0.553672 0.0566156 0.13626 0.00347763
18 0.28584 0.564718 0.0124391 0.0270481 0.00347521
9 0.708274 0.610314 0.0269006 0.0809328 0.00343596
10 0.319087 0.573942 0.0184432 0.0184852 0.00335722
20 0.199318 0.52667 0.0300399 0.04388 0.00332218
20 0.777016 0.656639 0.0143464 0.021033 0.00331747
0 0.122772 0.529691 0.0275708 0.21727 0.00330375
0 0.533436 0.556079 0.020623 0.0665233 0.00329009
22 0.727949 0.654994 0.0349564 0.115646 0.00328964
7 0.517976 0.37903 0.00813355 0.0179155 0.00328049
11 0.823057 0.574953 0.0172874 0.0431672 0.00328
11 0.799143 0.556759 0.0591183 0.102299 0.00325182
3 0.0193777 0.681742 0.0359126 0.212197 0.00321032
2 0.97976 0.0938487 0.0173184 0.018933 0.00319263
20 0.287561 0.558387 0.0170175 0.0335446 0.0031902
22 0.254015 0.568901 0.00648335 0.0383145 0.00315588
2 0.557839 0.364321 0.0108146 0.0120391 0.00311987
1 0.534462 0.404569 0.00973706 0.0611017 0.00310407
18 0.319087 0.573942 0.0184432 0.0184852 0.00308946
4 0.120414 0.459389 0.0232773 0.043064 0.00307932
9 0.720863 0.634035 0.0488141 0.105236 0.00307841
0 0.372777 0.556161 0.0111362 0.0594647 0.00307588
10 0.312111 0.576672 0.0232323 0.0217902 0.00307006
42 0.510293 0.48166 0.0138375 0.0195923 0.00305213
0 0.54162 0.552355 0.0238309 0.0802754 0.0029814
17 0.506372 0.51527 0.0285813 0.0699391 0.00296099
9 0.774925 0.651015 0.0193187 0.0599259 0.00294273
23 0.918246 0.652913 0.0333513 0.0831737 0.00289324
11 0.723628 0.561453 0.0552897 0.179496 0.00287381
42 0.531231 0.481305 0.0148361 0.0185134 0.00286495
17 0.554357 0.481045 0.0102906 0.0203213 0.0028045
2 0.476147 0.325788 0.0102664 0.0210776 0.00279789
13 0.554357 0.481045 0.0102906 0.0203213 0.00277321
11 0.730626 0.541357 0.0450092 0.0874444 0.00277314
22 0.842869 0.632284 0.0100222 0.0329917 0.00275554
0 0.819938 0.578021 0.0247273 0.135672 0.00274969
2 0.162308 0.373097 0.0178062 0.0203071 0.00274152
22 0.852645 0.62536 0.0136769 0.0447894 0.00273903
2 0.189324 0.290978 0.0112845 0.0185712 0.0026915
2 0.856973 0.0832409 0.016437 0.0180784 0.00268146
11 0.548374 0.534326 0.0241079 0.101811 0.0026762
0 0.390092 0.568018 0.0185852 0.0642208 0.00266615
20 0.697448 0.54496 0.00958075 0.0273012 0.00266385
20 0.816246 0.557829 0.0272562 0.0819665 0.00265449
2 0.126384 0.320745 0.00965034 0.0269645 0.00265139
20 0.823057 0.574953 0.0172874 0.0431672 0.00263915
0 0.255603 0.563549 0.006998 0.02719 0.00263808
2 0.239723 0.299657 0.0120259 0.0126845 0.00263572
0 0.708274 0.610314 0.0269006 0.0809328 0.00263138
0 0.50085 0.487034 0.0291177 0.0656423 0.00262798
13 0.506372 0.51527 0.0285813 0.0699391 0.00262755
4 0.10348 0.463205 0.0206033 0.0252354 0.00260367
0 0.214773 0.579354 0.0159157 0.0218587 0.00260117
4 0.531231 0.481305 0.0148361 0.0185134 0.00259017
4 0.316492 0.578739 0.0249981 0.0216031 0.00253041
8 0.382537 0.56264 0.0135309 0.0563097 0.00252161
18 0.760451 0.596238 0.0186769 0.0551348 0.00250183
2 0.829699 0.0978453 0.0169747 0.0257578 0.00249952
2 0.489572 0.457305 0.0081254 0.014443 0.002493
2 0.169093 0.371325 0.0132818 0.022354 0.00249076
18 0.91885 0.653262 0.0340203 0.0822319 0.0024678
0 0.288156 0.583491 0.0171475 0.0143504 0.00244627
0 0.738139 0.530144 0.0287284 0.0799414 0.00244601
0 0.550447 0.508006 0.0161719 0.109418 0.00244339
9 0.774681 0.622516 0.023278 0.127694 0.00243179
18 0.308125 0.57347 0.0121483 0.0163345 0.00242472
9 0.697448 0.54496 0.00958075 0.0273012 0.00240186
8 0.762581 0.582136 0.028115 0.0784346 0.00238508
2 0.136713 0.24992 0.0130859 0.0215912 0.0023834
8 0.390092 0.568018 0.0185852 0.0642208 0.00235154
4 0.510293 0.48166 0.0138375 0.0195923 0.00234536
3 0.0379343 0.681727 0.0692594 0.210865 0.00234244
13 0.513782 0.485653 0.0159614 0.0273652 0.00227172
10 0.805641 0.555385 0.0395226 0.0857774 0.00226906
0 0.266687 0.502715 0.260768 0.628376 0.00226213
0 0.918246 0.652913 0.0333513 0.0831737 0.0022534
18 0.288156 0.583491 0.0171475 0.0143504 0.0022497
7 0.533797 0.37692 0.00977899 0.0155927 0.00223529
11 0.781176 0.568892 0.0387402 0.125964 0.002222
22 0.868916 0.623664 0.0125201 0.04067 0.0022204
22 0.37156 0.566692 0.00868359 0.0372327 0.00220153
11 0.504712 0.511466 0.0315044 0.0607714 0.00219332
7 0.539013 0.406465 0.0111551 0.0567653 0.00218592
18 0.258925 0.563207 0.0100957 0.0263355 0.00216891
20 0.697904 0.53375 0.0111331 0.0422436 0.00214503
7 0.919653 0.650284 0.0199042 0.0777979 0.00214161
9 0.197756 0.543841 0.0310923 0.0782585 0.00214155
