3 0.278338 0.704772 0.185676 0.173966 0.951715
0 0.292296 0.65924 0.0988873 0.235227 0.884308
4 0.982072 0.616752 0.0339247 0.130856 0.882496
3 0.110345 0.63988 0.0349889 0.0629448 0.76604
3 0.0814329 0.636699 0.0318892 0.0697307 0.686137
3 0.162665 0.637763 0.0393521 0.0672227 0.682906
3 0.0975913 0.637994 0.0523447 0.0675206 0.421624
3 0.22126 0.631037 0.0359329 0.0749795 0.407605
3 0.128174 0.638914 0.0582324 0.0643219 0.252101
3 0.193073 0.632116 0.0665658 0.0764738 0.211901
3 0.144766 0.636822 0.0386158 0.0686681 0.127049
3 0.0640146 0.621448 0.0405233 0.0503551 0.0632281
3 0.0502272 0.619735 0.0350367 0.0500176 0.0627535
3 0.173117 0.634016 0.0343014 0.0725284 0.0542537
4 0.980928 0.572259 0.0208971 0.0424713 0.050457
3 0.209012 0.63162 0.035376 0.0766688 0.0458956
0 0.476833 0.554488 0.0193581 0.0837185 0.0380104
8 0.478752 0.586883 0.0346837 0.0241674 0.034736
3 0.231364 0.62799 0.0460027 0.0674047 0.0340681
0 0.9419 0.560099 0.0109979 0.0447951 0.0325316
3 0.0117782 0.622008 0.0235563 0.0351371 0.0273909
0 0.967636 0.575303 0.0165151 0.0481622 0.0231883
3 0.00631197 0.604301 0.0126239 0.0296997 0.0229355
3 0.0614724 0.616855 0.0277887 0.0540843 0.0227324
3 0.476967 0.58665 0.0383453 0.0272294 0.0212655
3 0.0336626 0.623785 0.0249158 0.0335633 0.0196303
9 0.231502 0.631281 0.0461338 0.0709353 0.0188566
3 0.0191345 0.621519 0.0372865 0.0380116 0.0186396
13 0.301666 0.554017 0.0292348 0.0341925 0.0178713
3 0.00505704 0.61512 0.0101141 0.0322373 0.016772
3 0.972867 0.577089 0.0181 0.0419016 0.0166317
8 0.972867 0.577089 0.0181 0.0419016 0.0156188
0 0.267624 0.66921 0.067498 0.201818 0.0153901
3 0.942635 0.574414 0.0107999 0.0323429 0.0134782
0 0.939724 0.555408 0.0115427 0.0573377 0.013134
3 0.0380837 0.615348 0.0446508 0.051012 0.013
4 0.986258 0.569711 0.0220901 0.0359844 0.0129831
22 0.0574545 0.614835 0.017278 0.0448717 0.0129047
0 0.969848 0.558881 0.0108915 0.0281056 0.0128247
4 0.972867 0.577089 0.0181 0.0419016 0.0119527
3 0.0112021 0.605003 0.0214139 0.0355339 0.010864
8 0.162202 0.637418 0.0398002 0.0675163 0.0104755
3 0.151983 0.632774 0.0244822 0.0771587 0.00916243
3 0.213581 0.64739 0.0465259 0.100804 0.00915761
3 0.0574545 0.614835 0.017278 0.0448717 0.0089711
1 0.939724 0.555408 0.0115427 0.0573377 0.00884937
42 0.301666 0.554017 0.0292348 0.0341925 0.00808707
8 0.475325 0.59115 0.0388464 0.022611 0.00795076
3 0.960895 0.577975 0.0158522 0.0276781 0.00734569
8 0.0574545 0.614835 0.017278 0.0448717 0.00733659
0 0.972867 0.577089 0.0181 0.0419016 0.00720342
8 0.895951 0.590652 0.0151341 0.0239255 0.00712655
3 0.0919102 0.646006 0.0336908 0.0721392 0.0070136
8 0.968105 0.582183 0.0160376 0.0412633 0.00675912
3 0.0666328 0.63602 0.0443586 0.0761071 0.00651359
8 0.231502 0.631281 0.0461338 0.0709353 0.00637417
8 0.0803212 0.635044 0.0328327 0.0731648 0.0060809
3 0.95296 0.56852 0.0112808 0.0305495 0.0058194
0 0.0574545 0.614835 0.017278 0.0448717 0.00569736
4 0.981375 0.580021 0.0307927 0.0556998 0.00473407
14 0.9419 0.560099 0.0109979 0.0447951 0.00471941
8 0.110583 0.639936 0.0341382 0.0627573 0.00467788
1 0.952681 0.514421 0.0102567 0.0110272 0.00402614
8 0.144766 0.636822 0.0386158 0.0686681 0.00393129
3 0.9419 0.560099 0.0109979 0.0447951 0.00387256
2 0.731718 0.471243 0.0070603 0.0244472 0.00384905
4 0.968105 0.582183 0.0160376 0.0412633 0.00373619
1 0.9419 0.560099 0.0109979 0.0447951 0.00370973
8 0.942635 0.574414 0.0107999 0.0323429 0.00366553
8 0.219353 0.632406 0.0324276 0.0733856 0.00366512
8 0.0669021 0.62697 0.0380722 0.0681933 0.00334399
7 0.939908 0.553306 0.0111583 0.0581456 0.00312956
3 0.137381 0.629321 0.0508273 0.0843606 0.00310291
0 0.416086 0.571105 0.013367 0.0689147 0.00308462
3 0.477239 0.563169 0.0243878 0.068491 0.00305678
14 0.215324 0.629361 0.0265562 0.0774908 0.00304384
0 0.979339 0.559536 0.0122828 0.0244593 0.00296069
9 0.292752 0.641775 0.0295977 0.10237 0.00283536
8 0.960895 0.577975 0.0158522 0.0276781 0.00263875
3 0.469168 0.589189 0.0327473 0.0281379 0.00263473
4 0.895951 0.590652 0.0151341 0.0239255 0.00261021
8 0.128174 0.638914 0.0582324 0.0643219 0.00253539
9 0.276444 0.608514 0.0407057 0.081697 0.00250776
8 0.95296 0.56852 0.0112808 0.0305495 0.00250126
8 0.0587472 0.616707 0.0272615 0.0460035 0.00247944
8 0.101246 0.638306 0.0337486 0.0678559 0.002461
1 0.806085 0.486769 0.0167838 0.0573342 0.00245872
8 0.9419 0.560099 0.0109979 0.0447951 0.00242629
7 0.731718 0.471243 0.0070603 0.0244472 0.00240545
0 0.213167 0.623936 0.0238358 0.0810882 0.00236425
1 0.944471 0.553633 0.0136486 0.0602701 0.00232362
7 0.952681 0.514421 0.0102567 0.0110272 0.00230862
0 0.95296 0.56852 0.0112808 0.0305495 0.00227235
0 0.942635 0.574414 0.0107999 0.0323429 0.00225516
3 0.056244 0.638971 0.0872693 0.0950024 0.00208668
8 0.477239 0.563169 0.0243878 0.068491 0.00207249
0 0.953093 0.558575 0.011406 0.0412506 0.0019561
11 0.276444 0.608514 0.0407057 0.081697 0.00191168
12 0.939724 0.555408 0.0115427 0.0573377 0.00190846
14 0.971178 0.573903 0.0174647 0.0454038 0.00182689
3 0.937227 0.568477 0.0155611 0.0322512 0.00181624
14 0.942635 0.574414 0.0107999 0.0323429 0.00178973
8 0.709611 0.63333 0.0218062 0.0224462 0.00178244
14 0.939724 0.555408 0.0115427 0.0573377 0.00175437
3 0.93711 0.577713 0.0171168 0.0331237 0.00172907
4 0.979339 0.559536 0.0122828 0.0244593 0.00172688
22 0.895951 0.590652 0.0151341 0.0239255 0.00163404
2 0.952681 0.514421 0.0102567 0.0110272 0.00162809
9 0.283041 0.623962 0.021602 0.0481834 0.00160419
42 0.231502 0.631281 0.0461338 0.0709353 0.00159356
3 0.968105 0.582183 0.0160376 0.0412633 0.00159054
0 0.944471 0.553633 0.0136486 0.0602701 0.00158976
3 0.940793 0.581356 0.0136501 0.0383484 0.00158157
8 0.00631197 0.604301 0.0126239 0.0296997 0.00157371
3 0.478756 0.592672 0.0371407 0.0244448 0.00156198
0 0.980928 0.572259 0.0208971 0.0424713 0.00155442
4 0.477155 0.590188 0.0374332 0.0209416 0.00151592
0 0.481427 0.55603 0.0302079 0.0905836 0.00150727
0 0.301666 0.554017 0.0292348 0.0341925 0.00148732
2 0.731447 0.462988 0.00808893 0.0287248 0.0014806
17 0.301915 0.554343 0.030057 0.0348857 0.00147785
4 0.19442 0.630931 0.0611336 0.0802734 0.00140459
6 0.939724 0.555408 0.0115427 0.0573377 0.00136736
11 0.265527 0.669189 0.0458018 0.156321 0.00134123
0 0.406071 0.563944 0.0156268 0.0753322 0.00132729
8 0.0893472 0.637537 0.041574 0.0681146 0.00132609
0 0.231502 0.631281 0.0461338 0.0709353 0.00131161
9 0.291146 0.61265 0.023956 0.0662347 0.0012912
14 0.0336626 0.623785 0.0249158 0.0335633 0.00127738
0 0.158286 0.634048 0.034842 0.0738486 0.00127533
9 0.245371 0.631804 0.0445864 0.0792977 0.00127013
8 0.0438455 0.616399 0.0471132 0.0491969 0.0012425
0 0.402309 0.563628 0.0124372 0.0790594 0.00122788
2 0.718111 0.514096 0.0101855 0.0181165 0.00121275
1 0.947896 0.516504 0.0146665 0.0147617 0.00118776
0 0.268383 0.627402 0.0556132 0.114615 0.00116516
7 0.951219 0.537224 0.0110688 0.0386597 0.00114702
8 0.469168 0.589189 0.0327473 0.0281379 0.00110054
4 0.969848 0.558881 0.0108915 0.0281056 0.00107186
3 0.235291 0.657572 0.0551649 0.121898 0.00104988
0 0.403006 0.575158 0.014825 0.0500197 0.00104153
0 0.895951 0.590652 0.0151341 0.0239255 0.00103635
7 0.731447 0.462988 0.00808893 0.0287248 0.00102628
0 0.993655 0.551849 0.00834296 0.0137086 0.0010225
3 0.857887 0.569106 0.0098266 0.0196351 0.00101444
0 0.735772 0.559922 0.0088222 0.0312716 0.00100734
