11 0.391512 0.756345 0.206812 0.340994 0.822648
9 0.213111 0.739804 0.185951 0.466948 0.707617
9 0.612372 0.65823 0.222024 0.283571 0.505533
11 0.213361 0.742813 0.183731 0.462791 0.163475
9 0.392221 0.756394 0.204253 0.339511 0.154153
17 0.209531 0.777283 0.181913 0.408699 0.0408967
9 0.661643 0.655765 0.118898 0.279895 0.0355495
60 0.547864 0.728857 0.0889403 0.115083 0.0292365
11 0.612037 0.661427 0.218466 0.295455 0.0100181
46 0.609542 0.655269 0.225234 0.285133 0.00486652
9 0.209649 0.836375 0.180656 0.264595 0.00326119
3 0.547864 0.728857 0.0889403 0.115083 0.00324698
46 0.212156 0.746018 0.184129 0.45442 0.00207256
30 0.580914 0.212086 0.826584 0.385455 0.001227
