5 0.703089 0.974429 0.0457869 0.0501855 0.867744
4 0.413432 0.752696 0.0384689 0.0527166 0.852576
4 0.68215 0.471525 0.0139674 0.0191154 0.71652
4 0.654894 0.432994 0.0216996 0.0154461 0.687287
7 0.393501 0.597637 0.00910391 0.0290482 0.608908
1 0.484923 0.68718 0.0106363 0.0179299 0.540115
1 0.506072 0.69042 0.013627 0.0204712 0.519794
4 0.75215 0.415791 0.00866797 0.011191 0.476534
4 0.691463 0.447477 0.0127529 0.0150338 0.470823
4 0.690236 0.418425 0.0111925 0.0112702 0.456701
4 0.712441 0.434247 0.01641 0.0165227 0.452971
7 0.428783 0.595154 0.00918738 0.0403632 0.410837
4 0.7101 0.438313 0.013441 0.0134117 0.405977
4 0.806648 0.380598 0.0124296 0.0111973 0.388688
4 0.725764 0.39904 0.0109938 0.0111372 0.383684
4 0.991077 0.803031 0.0147044 0.0158257 0.377197
4 0.677858 0.420423 0.011019 0.0121367 0.372789
4 0.784207 0.401609 0.0114704 0.0119533 0.357787
4 0.765015 0.409688 0.00891895 0.0145867 0.353865
4 0.650015 0.434829 0.0195822 0.0129372 0.350599
4 0.737974 0.419757 0.0119881 0.0138504 0.332348
4 0.796287 0.397543 0.0100029 0.0129028 0.31157
4 0.769898 0.376413 0.0186907 0.0126854 0.297254
4 0.726033 0.429699 0.0109912 0.0132403 0.29522
4 0.775452 0.377789 0.0122086 0.0109577 0.29273
4 0.628945 0.440073 0.0127619 0.0130004 0.284378
4 0.766313 0.404077 0.0083324 0.012367 0.272656
4 0.718456 0.47884 0.0145144 0.0142807 0.269029
1 0.483629 0.690782 0.0114594 0.0239969 0.266728
4 0.709895 0.399402 0.0107015 0.0133417 0.258303
4 0.717915 0.483271 0.01507 0.0172219 0.245847
4 0.711814 0.402802 0.0116704 0.0152374 0.242106
7 0.621145 0.750063 0.00777069 0.0195218 0.239077
4 0.712938 0.400564 0.0105495 0.012488 0.231083
7 0.389452 0.695692 0.0123215 0.0196065 0.219956
8 0.413916 0.692308 0.0125953 0.0202491 0.215959
4 0.713114 0.412227 0.0111597 0.0181029 0.215044
4 0.737257 0.408603 0.0113312 0.0111471 0.208916
4 0.796386 0.384391 0.0096485 0.01126 0.202803
4 0.763319 0.407686 0.0103754 0.00831914 0.197067
4 0.731669 0.421739 0.00950586 0.0126005 0.187315
4 0.655465 0.436669 0.0185283 0.0175756 0.186524
1 0.497149 0.668933 0.00906296 0.0180735 0.18472
0 0.389452 0.695692 0.0123215 0.0196065 0.177457
4 0.705358 0.447191 0.010329 0.0181432 0.175576
8 0.389452 0.695692 0.0123215 0.0196065 0.170475
7 0.620726 0.744501 0.00873981 0.0242001 0.168327
4 0.660125 0.431365 0.0169628 0.0106605 0.165612
4 0.692925 0.444379 0.0141221 0.0184238 0.163073
4 0.808542 0.376897 0.0105158 0.0139523 0.162852
0 0.413916 0.692308 0.0125953 0.0202491 0.156215
4 0.70604 0.410392 0.00722961 0.0151302 0.156172
4 0.799288 0.388278 0.0100112 0.0128592 0.147613
4 0.754334 0.400855 0.0097464 0.0074473 0.144273
4 0.813574 0.39196 0.00950446 0.0130334 0.140582
4 0.766086 0.375478 0.0130465 0.0131248 0.139765
4 0.752617 0.37864 0.0091676 0.0120554 0.138251
4 0.690758 0.416526 0.0126655 0.0183892 0.134407
8 0.363308 0.696362 0.0113224 0.018591 0.126137
4 0.805527 0.396865 0.00946021 0.00813425 0.125375
4 0.644133 0.45086 0.00863892 0.0130585 0.12328
4 0.628043 0.446456 0.0113422 0.0158101 0.118279
1 0.713696 0.359385 0.0100587 0.0101036 0.115136
4 0.733733 0.383128 0.00899957 0.0107859 0.113105
4 0.73767 0.398414 0.011149 0.00870243 0.111068
4 0.704622 0.470179 0.00973956 0.0190296 0.109601
4 0.780243 0.408536 0.0102397 0.0167088 0.107274
4 0.703127 0.973784 0.0460771 0.0505703 0.105463
1 0.68215 0.471525 0.0139674 0.0191154 0.105353
4 0.67337 0.423707 0.0125155 0.0147645 0.0995146
4 0.813488 0.381799 0.00950159 0.0111169 0.0969025
8 0.880217 0.843642 0.0206841 0.0464625 0.095959
4 0.694668 0.4632 0.0146977 0.0107035 0.0854676
4 0.748846 0.389684 0.00906635 0.0110329 0.0834955
4 0.680124 0.430355 0.0112802 0.011156 0.0821431
7 0.363308 0.696362 0.0113224 0.018591 0.0792114
14 0.413916 0.692308 0.0125953 0.0202491 0.0783489
8 0.70229 0.97569 0.0442531 0.0471155 0.0767351
4 0.738471 0.42715 0.0111694 0.0169662 0.0750565
1 0.392266 0.596947 0.0105567 0.0312074 0.0743065
4 0.699227 0.393142 0.00757239 0.01217 0.0710485
4 0.623869 0.440716 0.0124734 0.0122804 0.0709682
4 0.684847 0.454353 0.0114718 0.0150853 0.0682925
4 0.739201 0.383336 0.00851611 0.0117252 0.0675158
4 0.783652 0.375945 0.00934167 0.0129477 0.0634532
4 0.796219 0.408856 0.00899133 0.0161577 0.0628195
1 0.617717 0.745799 0.0122665 0.0204569 0.0620443
0 0.879129 0.841057 0.0191495 0.0468299 0.0600983
0 0.427942 0.597647 0.00919043 0.0381231 0.0600639
0 0.363308 0.696362 0.0113224 0.018591 0.0586268
8 0.725477 0.581721 0.0217745 0.0221744 0.0583042
14 0.389452 0.695692 0.0123215 0.0196065 0.0572029
7 0.413916 0.692308 0.0125953 0.0202491 0.0564094
1 0.485725 0.680701 0.011796 0.0266053 0.0537566
1 0.50702 0.681828 0.0116924 0.029696 0.052831
4 0.594427 0.604145 0.0245112 0.0174678 0.0503068
1 0.503449 0.687384 0.0136749 0.0249935 0.0496324
4 0.735466 0.376826 0.00962122 0.014137 0.0496195
1 0.621145 0.750063 0.00777069 0.0195218 0.0483029
7 0.497149 0.668933 0.00906296 0.0180735 0.0481065
5 0.389452 0.695692 0.0123215 0.0196065 0.0473974
4 0.727913 0.580516 0.0244507 0.0239232 0.04731
4 0.825658 0.379945 0.0100612 0.0108922 0.0469693
4 0.991349 0.809417 0.0146566 0.0265558 0.0454791
14 0.219452 0.695166 0.00796669 0.0241942 0.0433658
4 0.776627 0.36941 0.00999738 0.017915 0.0415394
7 0.883668 0.831962 0.0200338 0.0620731 0.0407971
1 0.715646 0.382815 0.00702344 0.0125087 0.0407042
4 0.765543 0.367493 0.0122466 0.0166998 0.0405822
5 0.363308 0.696362 0.0113224 0.018591 0.0398686
8 0.531551 0.641338 0.0103521 0.0141371 0.0397127
7 0.50254 0.541018 0.00647192 0.0145241 0.0363219
1 0.887078 0.847971 0.0162983 0.039619 0.0361497
7 0.888581 0.835984 0.0137195 0.0444716 0.0359163
8 0.887078 0.847971 0.0162983 0.039619 0.0355565
4 0.389452 0.695692 0.0123215 0.0196065 0.0352049
4 0.697045 0.399509 0.00948749 0.00941214 0.0349663
1 0.565231 0.543941 0.0128348 0.0231482 0.0347073
4 0.413916 0.692308 0.0125953 0.0202491 0.0340978
5 0.413916 0.692308 0.0125953 0.0202491 0.0330539
4 0.920501 0.480061 0.0101938 0.014653 0.032633
8 0.729475 0.576319 0.0195286 0.0218244 0.0322817
1 0.882247 0.845297 0.0228821 0.0463698 0.0321999
7 0.887244 0.817894 0.0145148 0.0460054 0.0320212
8 0.681379 0.666105 0.0166755 0.0179452 0.0314041
8 0.577137 0.655134 0.0130276 0.0175217 0.0311946
8 0.427942 0.597647 0.00919043 0.0381231 0.0310158
8 0.218519 0.684824 0.00900531 0.0134648 0.0309589
8 0.341928 0.586134 0.0116006 0.0139028 0.0302255
4 0.807521 0.363684 0.00972546 0.00958137 0.0301932
6 0.769898 0.376413 0.0186907 0.0126854 0.0301596
8 0.427281 0.613928 0.00885089 0.0183869 0.0300518
6 0.806648 0.380598 0.0124296 0.0111973 0.0297248
8 0.565231 0.543941 0.0128348 0.0231482 0.0296143
7 0.497262 0.686729 0.0104792 0.0195476 0.0294474
1 0.764666 0.346904 0.0120156 0.0171234 0.0293916
8 0.679889 0.625565 0.0121882 0.0275302 0.0292026
4 0.685879 0.47009 0.0169113 0.0208148 0.0289797
4 0.677623 0.470172 0.0227657 0.0190568 0.0285307
1 0.561606 0.546896 0.00794049 0.0224531 0.0284925
1 0.620726 0.744501 0.00873981 0.0242001 0.0279328
7 0.557848 0.508068 0.00695367 0.0181369 0.0273203
8 0.704622 0.470179 0.00973956 0.0190296 0.0269327
4 0.754791 0.369554 0.00746564 0.0182298 0.0266366
4 0.985063 0.807897 0.0267081 0.0262695 0.0258414
1 0.558649 0.461677 0.00834326 0.0267413 0.0258288
7 0.494646 0.604692 0.006146 0.0153156 0.0257473
1 0.5556 0.470607 0.0124341 0.0202221 0.0257152
1 0.557848 0.508068 0.00695367 0.0181369 0.0254649
4 0.568845 0.469326 0.0102191 0.0119957 0.0251885
1 0.690236 0.418425 0.0111925 0.0112702 0.0243936
4 0.926191 0.478738 0.00869464 0.0120951 0.0243344
8 0.483629 0.690782 0.0114594 0.0239969 0.0243104
4 0.588758 0.60508 0.0283083 0.0160121 0.0241624
8 0.219452 0.695166 0.00796669 0.0241942 0.0240053
1 0.618656 0.726925 0.00973688 0.0238466 0.0239929
7 0.431214 0.594945 0.0118132 0.0369387 0.0238344
4 0.656166 0.427559 0.0187314 0.0216679 0.0237022
7 0.63334 0.741655 0.00851819 0.02177 0.0236708
1 0.497262 0.686729 0.0104792 0.0195476 0.0234981
4 0.729475 0.576319 0.0195286 0.0218244 0.0234633
4 0.5556 0.470607 0.0124341 0.0202221 0.0234621
4 0.807173 0.402543 0.0109484 0.0119279 0.0230374
1 0.534519 0.637709 0.0089303 0.0175811 0.0227307
1 0.713175 0.370012 0.0111812 0.0165219 0.022517
4 0.712178 0.444614 0.0156579 0.0201386 0.0224566
0 0.874587 0.839579 0.0142361 0.0405945 0.0223255
4 0.547482 0.475002 0.0113708 0.0108302 0.0221878
4 0.620146 0.448383 0.00803613 0.0124633 0.0220967
5 0.880217 0.843642 0.0206841 0.0464625 0.0216138
4 0.483629 0.690782 0.0114594 0.0239969 0.0216136
7 0.879129 0.841057 0.0191495 0.0468299 0.0215657
1 0.954528 0.528565 0.00879639 0.0169741 0.0215114
0 0.888581 0.835984 0.0137195 0.0444716 0.0214604
22 0.316047 0.646893 0.00631586 0.0245257 0.0214579
5 0.483629 0.690782 0.0114594 0.0239969 0.02142
4 0.805381 0.408988 0.00666235 0.0160733 0.0213389
14 0.363154 0.697356 0.0109 0.0214809 0.0210422
8 0.687173 0.981457 0.0147823 0.0357617 0.0210017
1 0.492931 0.688646 0.0266839 0.0222174 0.0207127
6 0.752617 0.37864 0.0091676 0.0120554 0.0207045
5 0.588758 0.60508 0.0283083 0.0160121 0.0206153
6 0.775452 0.377789 0.0122086 0.0109577 0.0204942
14 0.882247 0.845297 0.0228821 0.0463698 0.0204326
8 0.679651 0.634727 0.012605 0.0272981 0.0202645
1 0.692668 0.362912 0.00793628 0.0129216 0.0200321
4 0.466992 0.606027 0.0194684 0.0110307 0.0197235
8 0.591554 0.600574 0.0277668 0.0204752 0.0195667
1 0.428783 0.595154 0.00918738 0.0403632 0.0194363
8 0.817327 0.983329 0.0160454 0.0315273 0.0193846
8 0.471316 0.550054 0.0068927 0.0157653 0.0191734
4 0.709118 0.482266 0.0118096 0.0192831 0.0190097
7 0.885501 0.811414 0.0132632 0.0342694 0.0189331
4 0.277969 0.382449 0.0108139 0.0153312 0.0188802
14 0.61909 0.804678 0.0102765 0.0313303 0.0187704
0 0.531551 0.641338 0.0103521 0.0141371 0.0187019
4 0.269056 0.395437 0.0117527 0.0152616 0.0185638
0 0.887078 0.847971 0.0162983 0.039619 0.0185161
0 0.620726 0.744501 0.00873981 0.0242001 0.018347
6 0.733733 0.383128 0.00899957 0.0107859 0.0183281
1 0.531551 0.641338 0.0103521 0.0141371 0.0182854
7 0.483629 0.690782 0.0114594 0.0239969 0.0176124
1 0.559384 0.516806 0.00600842 0.0227024 0.0173185
7 0.544874 0.504623 0.00666217 0.0142568 0.0171878
8 0.916495 0.481107 0.0118395 0.014202 0.0171868
4 0.722198 0.477093 0.0178862 0.0178214 0.0171664
0 0.679889 0.625565 0.0121882 0.0275302 0.0170975
4 0.715646 0.382815 0.00702344 0.0125087 0.0170696
4 0.710583 0.387695 0.011245 0.0179511 0.0167135
4 0.918328 0.483925 0.00887335 0.0158702 0.0166705
1 0.717915 0.483271 0.01507 0.0172219 0.0166121
4 0.101596 0.272622 0.0130769 0.0231654 0.0165989
4 0.916495 0.481107 0.0118395 0.014202 0.0165325
0 0.219452 0.695166 0.00796669 0.0241942 0.0165201
14 0.531551 0.641338 0.0103521 0.0141371 0.0162405
1 0.718456 0.47884 0.0145144 0.0142807 0.0161178
5 0.577137 0.655134 0.0130276 0.0175217 0.016082
1 0.63334 0.741655 0.00851819 0.02177 0.0159202
6 0.690236 0.418425 0.0111925 0.0112702 0.0159008
1 0.695311 0.385581 0.0079267 0.0163767 0.0158668
7 0.494755 0.612752 0.00679782 0.0279341 0.0158479
8 0.874461 0.842257 0.0138395 0.0414336 0.0157995
1 0.427281 0.613928 0.00885089 0.0183869 0.0157666
7 0.484923 0.68718 0.0106363 0.0179299 0.0156206
5 0.705544 0.98224 0.0402142 0.0329016 0.0154477
4 0.484923 0.68718 0.0106363 0.0179299 0.0153767
22 0.982501 0.893279 0.00955127 0.0192816 0.0153198
0 0.883668 0.831962 0.0200338 0.0620731 0.015241
1 0.885397 0.799925 0.0117375 0.0172859 0.015214
8 0.594427 0.604145 0.0245112 0.0174678 0.0148528
0 0.885501 0.811414 0.0132632 0.0342694 0.0148093
8 0.920501 0.480061 0.0101938 0.014653 0.0147479
8 0.621145 0.750063 0.00777069 0.0195218 0.0147086
8 0.506072 0.69042 0.013627 0.0204712 0.0144191
8 0.918328 0.483925 0.00887335 0.0158702 0.0143222
1 0.544874 0.504623 0.00666217 0.0142568 0.0141876
14 0.534519 0.637709 0.0089303 0.0175811 0.0141547
22 0.363154 0.697356 0.0109 0.0214809 0.0140835
1 0.874587 0.839579 0.0142361 0.0405945 0.0140645
7 0.617717 0.745799 0.0122665 0.0204569 0.0138588
7 0.471316 0.550054 0.0068927 0.0157653 0.0137994
0 0.218519 0.684824 0.00900531 0.0134648 0.0137866
7 0.519872 0.597136 0.00753217 0.0233972 0.0137435
8 0.678797 0.766075 0.013183 0.0170884 0.0136073
8 0.584266 0.65503 0.0278463 0.019394 0.0133983
8 0.729245 0.584133 0.0244156 0.0253183 0.0131504
1 0.577137 0.655134 0.0130276 0.0175217 0.0131216
5 0.68215 0.471525 0.0139674 0.0191154 0.0129993
1 0.883668 0.831962 0.0200338 0.0620731 0.0129828
1 0.428746 0.577975 0.0070621 0.0240106 0.0129519
1 0.482017 0.707693 0.0098129 0.0183411 0.0129455
22 0.389452 0.695692 0.0123215 0.0196065 0.0129433
4 0.681539 0.666467 0.0161694 0.017536 0.0128904
22 0.219452 0.695166 0.00796669 0.0241942 0.0128772
6 0.766086 0.375478 0.0130465 0.0131248 0.0127962
4 0.331303 0.391794 0.0133002 0.0150953 0.012777
14 0.938222 0.848121 0.0114483 0.0410097 0.0127599
6 0.813488 0.381799 0.00950159 0.0111169 0.0127376
1 0.531425 0.650597 0.011314 0.0270186 0.0127246
1 0.885501 0.811414 0.0132632 0.0342694 0.0125599
8 0.715887 0.617695 0.0186351 0.0224336 0.0124011
3 0.577137 0.655134 0.0130276 0.0175217 0.0123394
0 0.881094 0.850379 0.0227362 0.0399349 0.0122583
8 0.718087 0.588835 0.0170334 0.0225588 0.0122113
0 0.61909 0.804678 0.0102765 0.0313303 0.0122039
4 0.363308 0.696362 0.0113224 0.018591 0.0121517
1 0.362191 0.696912 0.013167 0.0192657 0.0120274
6 0.677858 0.420423 0.011019 0.0121367 0.0119798
8 0.680786 0.67035 0.0168278 0.0188609 0.0118935
1 0.710583 0.387695 0.011245 0.0179511 0.01187
8 0.353276 0.566376 0.00754684 0.0121765 0.0116843
8 0.61909 0.804678 0.0102765 0.0313303 0.0116559
1 0.888581 0.835984 0.0137195 0.0444716 0.0116222
8 0.341801 0.701126 0.0118161 0.0175052 0.0115462
22 0.119252 0.702536 0.0154451 0.0431122 0.0115368
2 0.885501 0.811414 0.0132632 0.0342694 0.0114977
22 0.24639 0.699958 0.00714081 0.0230659 0.0114741
1 0.471316 0.550054 0.0068927 0.0157653 0.0114356
4 0.506072 0.69042 0.013627 0.0204712 0.0114226
6 0.807521 0.363684 0.00972546 0.00958137 0.011341
8 0.393501 0.597637 0.00910391 0.0290482 0.0113099
4 0.608297 0.602344 0.0397683 0.0259203 0.0112833
0 0.353276 0.566376 0.00754684 0.0121765 0.011167
6 0.709895 0.399402 0.0107015 0.0133417 0.0109656
3 0.882247 0.845297 0.0228821 0.0463698 0.0109276
1 0.568845 0.469326 0.0102191 0.0119957 0.0108999
3 0.341928 0.586134 0.0116006 0.0139028 0.0108596
0 0.393586 0.594983 0.00983597 0.0338529 0.0108196
1 0.807521 0.363684 0.00972546 0.00958137 0.0108145
22 0.471316 0.550054 0.0068927 0.0157653 0.0106704
1 0.685072 0.386232 0.0101014 0.0188307 0.0106423
4 0.482017 0.707693 0.0098129 0.0183411 0.0104686
4 0.460534 0.605564 0.0142045 0.0106987 0.010387
4 0.565231 0.543941 0.0128348 0.0231482 0.010382
22 0.50254 0.541018 0.00647192 0.0145241 0.0103603
4 0.322114 0.392392 0.0166149 0.0164232 0.0103515
22 0.938222 0.848121 0.0114483 0.0410097 0.0103336
0 0.704622 0.470179 0.00973956 0.0190296 0.0103025
4 0.75298 0.426028 0.0101856 0.0198673 0.0102582
8 0.718456 0.47884 0.0145144 0.0142807 0.0102394
