1 0.407048 0.35082 0.250734 0.224199 0.972523
1 0.0829043 0.35367 0.165017 0.225733 0.96017
4 0.544644 0.834654 0.0960256 0.120305 0.928785
4 0.619986 0.81641 0.0706621 0.0937355 0.923355
6 0.877333 0.730172 0.240907 0.539657 0.893863
4 0.756196 0.834213 0.0865412 0.110343 0.887484
4 0.681214 0.801105 0.0367724 0.0572569 0.857481
1 0.352963 0.687442 0.0296559 0.0442975 0.847996
1 0.506413 0.733909 0.0239381 0.0534185 0.752928
1 0.376613 0.70002 0.0264642 0.0456123 0.72174
1 0.413998 0.755905 0.0206064 0.0163726 0.490569
4 0.707873 0.794801 0.0121872 0.0246577 0.416602
4 0.715363 0.795993 0.0160506 0.0279281 0.327231
4 0.259946 0.802371 0.033245 0.018067 0.320236
4 0.579892 0.794114 0.0174209 0.0257874 0.269908
1 0.457163 0.757229 0.0204995 0.0203085 0.269399
4 0.704176 0.798491 0.0137628 0.0276286 0.25968
1 0.349191 0.718174 0.0402863 0.0207949 0.25393
1 0.420287 0.734959 0.0120067 0.0221413 0.248382
6 0.456962 0.757387 0.0207871 0.0214258 0.247684
4 0.721246 0.766823 0.0144342 0.0148492 0.239975
1 0.311546 0.721603 0.0287849 0.0398258 0.225288
4 0.727252 0.767693 0.0129111 0.0165767 0.205654
4 0.708482 0.769706 0.0132992 0.0145132 0.164014
4 0.737449 0.826009 0.051815 0.0949839 0.162804
6 0.0493685 0.779925 0.0974903 0.0984775 0.146467
1 0.475068 0.758341 0.0122272 0.0223869 0.14303
2 0.694231 0.644668 0.00718671 0.012609 0.102436
4 0.655916 0.796595 0.012704 0.0144188 0.0986464
4 0.729891 0.802617 0.0316405 0.0484945 0.0941605
4 0.584215 0.789349 0.0179844 0.0191022 0.0880656
2 0.617547 0.645459 0.00763373 0.0136387 0.0851075
1 0.480765 0.714561 0.0114613 0.0293412 0.0838888
1 0.528422 0.756977 0.00838825 0.0236919 0.0819684
7 0.546095 0.656383 0.00887091 0.0164238 0.0816994
7 0.472682 0.671136 0.0142668 0.0377137 0.0790369
2 0.642698 0.646481 0.00816016 0.0122142 0.0731239
4 0.697407 0.773444 0.0112747 0.0110064 0.072703
6 0.47283 0.758124 0.0143476 0.0220475 0.0716638
4 0.72195 0.762847 0.0108798 0.0176644 0.0703356
4 0.726536 0.762804 0.0121725 0.0178218 0.0689005
2 0.679145 0.646272 0.00663129 0.0108811 0.0649655
4 0.25141 0.80386 0.0478591 0.0205066 0.0572265
4 0.59 0.795148 0.0110768 0.0196324 0.0546956
1 0.419784 0.726909 0.0118921 0.0219638 0.0482122
6 0.312611 0.724881 0.0291621 0.0421167 0.0482089
6 0.0833531 0.784824 0.164422 0.111437 0.0466416
6 0.697147 0.754527 0.0116453 0.0228622 0.0458889
15 0.456962 0.757387 0.0207871 0.0214258 0.0435607
4 0.697147 0.754527 0.0116453 0.0228622 0.0427405
4 0.70145 0.762845 0.010257 0.0184279 0.0382553
7 0.544538 0.707262 0.00810419 0.0235547 0.0351819
4 0.737548 0.771519 0.0229141 0.0158478 0.0351403
1 0.521995 0.756334 0.0130073 0.0211147 0.0269436
1 0.444404 0.724977 0.0218923 0.0196935 0.0253432
4 0.590623 0.802228 0.0120239 0.0354896 0.0253229
1 0.482243 0.736657 0.00899646 0.0295769 0.0252909
4 0.697864 0.764155 0.00805499 0.0117645 0.0248143
4 0.243413 0.799417 0.0565998 0.0333872 0.0247733
4 0.582442 0.816402 0.022975 0.0708677 0.0239878
1 0.487038 0.744364 0.0114321 0.0397839 0.0229027
6 0.506656 0.734626 0.0238865 0.0541694 0.0216532
1 0.473099 0.671513 0.0144078 0.0378793 0.0196579
7 0.538626 0.660777 0.00894025 0.0262174 0.018885
4 0.769417 0.753928 0.030629 0.0524611 0.0183767
2 0.481522 0.629732 0.00759503 0.0137528 0.0173983
2 0.740087 0.645453 0.00611359 0.00918128 0.0158687
1 0.330386 0.727577 0.0114637 0.0304739 0.0158544
2 0.639121 0.639841 0.0083006 0.0156713 0.0157681
1 0.544538 0.707262 0.00810419 0.0235547 0.0157338
6 0.697407 0.773444 0.0112747 0.0110064 0.0157102
6 0.721246 0.766823 0.0144342 0.0148492 0.0157079
6 0.708482 0.769706 0.0132992 0.0145132 0.0156304
2 0.651567 0.646883 0.00911005 0.01191 0.015217
4 0.754416 0.770437 0.015848 0.0197063 0.0150468
4 0.456962 0.757387 0.0207871 0.0214258 0.0146369
4 0.143959 0.786298 0.0636143 0.0474333 0.014244
4 0.262798 0.808218 0.040032 0.0265262 0.0141216
6 0.765937 0.751429 0.0369292 0.056171 0.013551
1 0.444288 0.73138 0.0230988 0.0325344 0.0123689
1 0.449586 0.726673 0.0146743 0.0259345 0.0121669
4 0.66678 0.790342 0.0141312 0.0263079 0.0120192
1 0.351685 0.708777 0.0345125 0.0256789 0.0118494
7 0.537605 0.712249 0.00666608 0.0317263 0.0117157
4 0.61599 0.780495 0.0420206 0.0232054 0.0113196
4 0.578938 0.781181 0.017566 0.0172812 0.011221
4 0.755655 0.746713 0.0166207 0.0495723 0.010755
1 0.414226 0.746155 0.0215664 0.026861 0.010645
2 0.642294 0.651339 0.00680261 0.0181772 0.0103886
2 0.615187 0.640901 0.00763049 0.0176161 0.0102784
6 0.34511 0.721061 0.0392954 0.0238086 0.0101071
6 0.680503 0.753121 0.0117737 0.0237243 0.010039
1 0.35138 0.728712 0.0563156 0.0392531 0.00989864
6 0.70145 0.762845 0.010257 0.0184279 0.00986096
6 0.414367 0.755577 0.021026 0.017329 0.00951607
4 0.262905 0.787627 0.0405844 0.0403269 0.00936847
4 0.591569 0.781898 0.0106799 0.0197841 0.00899043
12 0.456962 0.757387 0.0207871 0.0214258 0.00893239
6 0.727252 0.767693 0.0129111 0.0165767 0.00882619
4 0.770925 0.762867 0.0237302 0.0359024 0.00875687
4 0.252968 0.783463 0.0592325 0.0459399 0.00853953
6 0.769427 0.752469 0.0417929 0.134034 0.00835634
6 0.688189 0.751728 0.0198389 0.0246588 0.00822182
6 0.281826 0.782374 0.0766775 0.0436203 0.00783806
6 0.671138 0.757395 0.0224388 0.0204449 0.0077958
7 0.529114 0.658227 0.00641565 0.0150489 0.00776167
4 0.648713 0.791197 0.0137014 0.0214336 0.00764651
4 0.694412 0.732513 0.011025 0.00800618 0.0075095
4 0.250202 0.807976 0.0565719 0.0322066 0.0072985
6 0.707873 0.794801 0.0121872 0.0246577 0.00728754
6 0.694412 0.732513 0.011025 0.00800618 0.00712186
7 0.617547 0.645459 0.00763373 0.0136387 0.0069513
1 0.42458 0.738961 0.0145417 0.0280155 0.00687048
4 0.657084 0.803415 0.0110662 0.0252327 0.00670652
6 0.755655 0.746713 0.0166207 0.0495723 0.00664426
2 0.68781 0.640698 0.00402179 0.0171159 0.00647192
4 0.155682 0.795473 0.031597 0.0417664 0.00642395
4 0.60726 0.797407 0.0445032 0.0560125 0.00627575
1 0.489721 0.738534 0.01108 0.0542907 0.00624455
1 0.358977 0.726718 0.0247326 0.0195467 0.00616328
1 0.414976 0.761263 0.0176029 0.0233206 0.00613459
4 0.155929 0.784429 0.0499835 0.0415927 0.00611503
2 0.546095 0.656383 0.00887091 0.0164238 0.00596123
6 0.939315 0.673549 0.11921 0.411062 0.00591685
1 0.697147 0.754527 0.0116453 0.0228622 0.00557694
2 0.485371 0.637541 0.00612027 0.0162751 0.00550306
6 0.72195 0.762847 0.0108798 0.0176644 0.00539474
4 0.221824 0.804457 0.0220136 0.0284201 0.00535044
7 0.606005 0.71909 0.00848962 0.0140515 0.00523316
1 0.312957 0.71331 0.0252172 0.033784 0.00522226
6 0.783754 0.775903 0.0610272 0.264289 0.00516692
4 0.680503 0.753121 0.0117737 0.0237243 0.00516286
6 0.726536 0.762804 0.0121725 0.0178218 0.00515743
2 0.702956 0.645419 0.00702454 0.00845458 0.00514538
0 0.59 0.795148 0.0110768 0.0196324 0.00502298
4 0.737465 0.79909 0.0509439 0.0428025 0.00488165
4 0.713663 0.803714 0.0105829 0.0379465 0.00480666
1 0.359692 0.626575 0.0109636 0.0165009 0.00479881
6 0.681052 0.800198 0.037139 0.0578502 0.00470414
0 0.707873 0.794801 0.0121872 0.0246577 0.00467264
6 0.461554 0.769199 0.0306639 0.0366495 0.00455387
0 0.704176 0.798491 0.0137628 0.0276286 0.00443406
12 0.47283 0.758124 0.0143476 0.0220475 0.0043546
2 0.6172 0.65105 0.00749524 0.0187574 0.00434293
2 0.672283 0.646342 0.00910535 0.0107012 0.00433846
4 0.287192 0.78807 0.0669906 0.0385474 0.00418419
6 0.35138 0.728712 0.0563156 0.0392531 0.00412225
4 0.162739 0.798685 0.0364941 0.0386655 0.00396885
6 0.697864 0.764155 0.00805499 0.0117645 0.0039142
1 0.438515 0.751432 0.0158167 0.02434 0.0038465
1 0.579823 0.719143 0.0233088 0.015892 0.00372087
7 0.0434084 0.714212 0.0131096 0.0230627 0.0036964
12 0.31366 0.72663 0.0332549 0.0435967 0.00366905
4 0.221135 0.796367 0.021975 0.0389779 0.00364338
1 0.40208 0.756872 0.0270429 0.0130824 0.00360583
4 0.684479 0.7334 0.0105333 0.00997964 0.00360132
2 0.635101 0.6461 0.0124376 0.0126135 0.00358131
1 0.531152 0.729264 0.0094599 0.0337862 0.0035723
1 0.430735 0.753036 0.010334 0.0207917 0.00343023
6 0.715363 0.795993 0.0160506 0.0279281 0.00342087
8 0.704176 0.798491 0.0137628 0.0276286 0.00338652
2 0.802764 0.644445 0.00860034 0.0180312 0.00329977
1 0.454378 0.743297 0.0168425 0.0215759 0.00329863
1 0.755461 0.718263 0.0121943 0.0213046 0.00329101
2 0.503997 0.64509 0.0070863 0.0105975 0.00324922
6 0.521995 0.756334 0.0130073 0.0211147 0.0032374
15 0.47283 0.758124 0.0143476 0.0220475 0.00323736
1 0.348728 0.759637 0.0435878 0.0701161 0.00319799
7 0.0658597 0.718203 0.0151818 0.0300027 0.00317997
7 0.694231 0.644668 0.00718671 0.012609 0.00316517
4 0.702899 0.731252 0.00827271 0.00946773 0.00302089
6 0.487038 0.744364 0.0114321 0.0397839 0.00301468
6 0.684479 0.7334 0.0105333 0.00997964 0.00288665
1 0.344547 0.699046 0.0339811 0.0335472 0.00286796
4 0.755461 0.718263 0.0121943 0.0213046 0.00282182
2 0.529114 0.658227 0.00641565 0.0150489 0.00272455
6 0.665743 0.756362 0.0316735 0.0170936 0.00271797
4 0.671138 0.757395 0.0224388 0.0204449 0.00270185
6 0.330386 0.727577 0.0114637 0.0304739 0.00268298
1 0.694231 0.644668 0.00718671 0.012609 0.00267708
7 0.481314 0.636479 0.00701209 0.0203759 0.00264825
0 0.715363 0.795993 0.0160506 0.0279281 0.00262163
4 0.588412 0.818569 0.0178365 0.0749055 0.00257846
4 0.259922 0.770117 0.0481093 0.0450776 0.00255752
4 0.688189 0.751728 0.0198389 0.0246588 0.00255082
2 0.532125 0.649952 0.00630743 0.0168428 0.00250263
15 0.708482 0.769706 0.0132992 0.0145132 0.00249933
2 0.545854 0.65075 0.00818384 0.0182708 0.00248289
2 0.519747 0.666792 0.00661969 0.0157395 0.00244302
1 0.697864 0.764155 0.00805499 0.0117645 0.00243358
1 0.646435 0.732295 0.00846167 0.0174 0.00241857
6 0.438515 0.751432 0.0158167 0.02434 0.00241773
7 0.646435 0.732295 0.00846167 0.0174 0.00240709
4 0.165282 0.780506 0.0386385 0.0312915 0.00239014
6 0.650612 0.760972 0.0333032 0.0315433 0.0023725
4 0.741254 0.764141 0.018328 0.0262387 0.00229075
7 0.0604352 0.719566 0.0138669 0.0319604 0.00220564
1 0.684479 0.7334 0.0105333 0.00997964 0.00220115
15 0.721246 0.766823 0.0144342 0.0148492 0.00219877
1 0.694412 0.732513 0.011025 0.00800618 0.00219676
2 0.489368 0.645817 0.00851135 0.0144499 0.00218798
2 0.737884 0.639411 0.00459406 0.0158197 0.00215063
2 0.481314 0.636479 0.00701209 0.0203759 0.00207363
6 0.444288 0.73138 0.0230988 0.0325344 0.00207355
7 0.488454 0.659867 0.0102662 0.0153726 0.00206448
7 0.485371 0.637541 0.00612027 0.0162751 0.00203641
1 0.358666 0.770314 0.0248006 0.0652136 0.00203234
7 0.534155 0.706907 0.0122175 0.0225586 0.00201693
4 0.279812 0.774029 0.0813968 0.0472639 0.00198958
6 0.755461 0.718263 0.0121943 0.0213046 0.00198371
4 0.71699 0.72948 0.0162416 0.0123862 0.00193143
1 0.70145 0.762845 0.010257 0.0184279 0.00190507
1 0.527185 0.760376 0.0102784 0.0254174 0.00187732
1 0.721246 0.766823 0.0144342 0.0148492 0.00186972
1 0.617547 0.645459 0.00763373 0.0136387 0.0018605
25 0.456962 0.757387 0.0207871 0.0214258 0.00184955
1 0.0658597 0.718203 0.0151818 0.0300027 0.0018486
2 0.0922367 0.777607 0.0114948 0.0260084 0.00184462
2 0.538626 0.660777 0.00894025 0.0262174 0.00183307
1 0.323582 0.743303 0.0253806 0.0252985 0.00180268
6 0.770925 0.762867 0.0237302 0.0359024 0.00179815
1 0.543603 0.731709 0.0149355 0.0670815 0.00179155
8 0.59 0.795148 0.0110768 0.0196324 0.00173704
7 0.615465 0.720548 0.0113245 0.014822 0.00172935
1 0.472615 0.720444 0.0120211 0.0234321 0.00172811
4 0.34511 0.721061 0.0392954 0.0238086 0.00171958
8 0.584215 0.789349 0.0179844 0.0191022 0.00171955
2 0.359217 0.626462 0.0110225 0.0160718 0.00169593
6 0.528422 0.756977 0.00838825 0.0236919 0.00168144
1 0.472497 0.747375 0.0133953 0.0311845 0.00167792
1 0.505563 0.764862 0.0199602 0.0167228 0.00167219
1 0.680503 0.753121 0.0117737 0.0237243 0.00163203
0 0.642698 0.646481 0.00816016 0.0122142 0.00162828
15 0.697147 0.754527 0.0116453 0.0228622 0.00162259
1 0.316985 0.744388 0.0323728 0.0295828 0.00162142
1 0.702899 0.731252 0.00827271 0.00946773 0.00160639
1 0.0434084 0.714212 0.0131096 0.0230627 0.00160606
7 0.544998 0.67981 0.00890692 0.0220247 0.00157772
4 0.222332 0.788577 0.0163268 0.0466934 0.00155283
4 0.170224 0.790978 0.0464976 0.0492612 0.00152132
4 0.00894589 0.784812 0.0167521 0.0741236 0.0014898
4 0.245572 0.757616 0.0105089 0.0154303 0.00148701
7 0.530673 0.678774 0.00714465 0.0185084 0.00148624
4 0.569745 0.779398 0.0237722 0.0162914 0.00148381
2 0.651633 0.651242 0.00880481 0.0183894 0.00148082
4 0.238123 0.790111 0.0852809 0.0473576 0.00147261
0 0.584215 0.789349 0.0179844 0.0191022 0.0014548
1 0.5407 0.752531 0.0155851 0.029301 0.00144799
6 0.260455 0.77193 0.0457608 0.0471575 0.00143991
6 0.768412 0.718993 0.0167194 0.0249252 0.00143517
2 0.371812 0.625247 0.0109512 0.0181953 0.00143072
1 0.344609 0.744763 0.0345146 0.0439082 0.00143057
4 0.47283 0.758124 0.0143476 0.0220475 0.00142705
4 0.665743 0.756362 0.0316735 0.0170936 0.00141888
15 0.727252 0.767693 0.0129111 0.0165767 0.00141334
4 0.258533 0.813548 0.0502883 0.0391763 0.00141248
4 0.568882 0.788603 0.0405386 0.030054 0.00139358
1 0.726536 0.762804 0.0121725 0.0178218 0.00139283
7 0.679145 0.646272 0.00663129 0.0108811 0.00136561
1 0.727252 0.767693 0.0129111 0.0165767 0.00135535
6 0.250448 0.78534 0.063715 0.0535571 0.00132731
6 0.702899 0.731252 0.00827271 0.00946773 0.00130967
1 0.346413 0.790355 0.00964716 0.0235985 0.00130731
2 0.906533 0.604946 0.0104061 0.0157638 0.00130282
7 0.545854 0.65075 0.00818384 0.0182708 0.00130165
1 0.768412 0.718993 0.0167194 0.0249252 0.0012893
1 0.522142 0.761716 0.014673 0.0227883 0.0012737
6 0.420287 0.734959 0.0120067 0.0221413 0.00126984
6 0.914715 0.638264 0.166438 0.721264 0.00125211
15 0.414367 0.755577 0.021026 0.017329 0.00123417
6 0.461512 0.78083 0.0323929 0.0378781 0.00122819
4 0.141225 0.797404 0.0871605 0.0684621 0.00121721
4 0.309923 0.778843 0.0188604 0.0213752 0.00121332
1 0.546095 0.656383 0.00887091 0.0164238 0.00120912
4 0.202383 0.797909 0.0537581 0.0424726 0.00115695
1 0.0604352 0.719566 0.0138669 0.0319604 0.00114446
7 0.0920035 0.7807 0.0111302 0.0267203 0.00110632
15 0.697407 0.773444 0.0112747 0.0110064 0.00107419
1 0.679145 0.646272 0.00663129 0.0108811 0.00106432
6 0.781648 0.764249 0.103159 0.149931 0.0010618
1 0.617303 0.737839 0.0128141 0.0132253 0.00105984
6 0.454378 0.743297 0.0168425 0.0215759 0.00105739
4 0.237261 0.77642 0.0402939 0.049305 0.00105627
6 0.669157 0.747933 0.0398372 0.0227743 0.0010491
1 0.71699 0.72948 0.0162416 0.0123862 0.00104844
1 0.615465 0.720548 0.0113245 0.014822 0.00103737
4 0.693755 0.725386 0.00849768 0.0177211 0.00103516
0 0.681052 0.800198 0.037139 0.0578502 0.00102467
1 0.693755 0.725386 0.00849768 0.0177211 0.00102353
6 0.575009 0.761335 0.0769747 0.031722 0.00102228
1 0.354862 0.787067 0.0257331 0.0315587 0.00101995
1 0.72195 0.762847 0.0108798 0.0176644 0.0010135
6 0.665412 0.742705 0.031312 0.0216931 0.00101274
1 0.642698 0.646481 0.00816016 0.0122142 0.00101235
7 0.483948 0.669186 0.0107786 0.031533 0.00100777
12 0.35138 0.728712 0.0563156 0.0392531 0.00100739
