4 0.737157 0.31071 0.0292599 0.0174572 0.210284
4 0.495885 0.368136 0.0232861 0.0237528 0.13221
4 0.627712 0.374393 0.0286472 0.0320692 0.0791047
1 0.927272 0.250298 0.00690094 0.0185031 0.039917
4 0.516572 0.330016 0.0154455 0.0140209 0.0379222
6 0.627684 0.374561 0.0289298 0.0315087 0.0318062
6 0.737157 0.31071 0.0292599 0.0174572 0.0255292
4 0.960775 0.294787 0.0141101 0.011666 0.0248929
6 0.495473 0.371046 0.023029 0.0293189 0.023118
4 0.756921 0.318308 0.0158031 0.0112733 0.0198372
4 0.51991 0.333194 0.0222451 0.0125199 0.0163511
4 0.533285 0.338584 0.0110034 0.0119423 0.0142201
6 0.694276 0.373934 0.0339726 0.0372975 0.0136608
6 0.489403 0.251173 0.0238077 0.0208578 0.013583
4 0.787066 0.332672 0.010765 0.00898625 0.0110692
4 0.74462 0.312357 0.0333278 0.0169042 0.0109287
5 0.628022 0.374961 0.028253 0.0324824 0.0101479
1 0.906027 0.304038 0.00904901 0.0129191 0.00925932
4 0.533746 0.338645 0.0173923 0.0141259 0.00897552
4 0.79023 0.326848 0.0161182 0.0117366 0.00869686
4 0.787982 0.336538 0.0111469 0.0125468 0.00865532
4 0.547067 0.342053 0.0215605 0.0151469 0.00849322
4 0.927272 0.250298 0.00690094 0.0185031 0.00799845
1 0.7776 0.267229 0.0109251 0.0309999 0.0078686
4 0.58661 0.367097 0.0256472 0.0191394 0.00760013
4 0.521461 0.332418 0.0278955 0.019057 0.00710018
4 0.961906 0.292065 0.0124404 0.0136966 0.00695029
4 0.502462 0.246189 0.00766937 0.0110394 0.00671225
4 0.489293 0.249921 0.0227152 0.0176019 0.00659031
4 0.706882 0.343947 0.00978876 0.0151952 0.00630637
4 0.51678 0.396155 0.0173173 0.0147105 0.00630167
4 0.506096 0.330373 0.0184723 0.015061 0.0057061
4 0.906027 0.304038 0.00904901 0.0129191 0.00556748
4 0.779751 0.326432 0.0244674 0.0142819 0.00523024
4 0.761361 0.317781 0.0193508 0.0134204 0.00495305
4 0.489101 0.337802 0.0116022 0.0138903 0.0047696
4 0.785504 0.336388 0.0112566 0.0138099 0.00443708
4 0.789055 0.287348 0.0122939 0.0127789 0.00438145
4 0.693267 0.371476 0.033009 0.0320432 0.00437563
4 0.307993 0.301603 0.0166521 0.0121533 0.00424795
1 0.959844 0.292246 0.0152869 0.0144184 0.00397065
1 0.90077 0.249921 0.00935602 0.0124959 0.00393416
1 0.78461 0.284088 0.0192668 0.0163191 0.00382979
1 0.706882 0.343947 0.00978876 0.0151952 0.00382557
1 0.366674 0.230219 0.0120976 0.0243028 0.00382456
4 0.502277 0.337371 0.0115672 0.0151797 0.00375599
4 0.714386 0.390907 0.0104694 0.0152111 0.00370536
1 0.92875 0.23919 0.00659039 0.0206922 0.00369785
0 0.825348 0.432907 0.0105391 0.0215676 0.00366089
1 0.349602 0.311106 0.0197637 0.0332081 0.00358073
1 0.878611 0.283161 0.0102121 0.0129895 0.0034986
4 0.49478 0.342166 0.0135416 0.0160245 0.00343625
1 0.3655 0.242261 0.0121713 0.0153653 0.00335038
1 0.778568 0.254641 0.00993561 0.0151389 0.00327072
4 0.878611 0.283161 0.0102121 0.0129895 0.00311828
1 0.897075 0.249389 0.0102052 0.0166926 0.00301141
15 0.495473 0.371046 0.023029 0.0293189 0.00289792
1 0.789055 0.287348 0.0122939 0.0127789 0.00284214
6 0.485236 0.255298 0.0336039 0.0293285 0.00282645
4 0.805758 0.320423 0.0402711 0.0131446 0.00281524
6 0.960775 0.294787 0.0141101 0.011666 0.00278499
1 0.333094 0.268212 0.0127171 0.0179651 0.00274956
15 0.959844 0.292246 0.0152869 0.0144184 0.00249737
1 0.895303 0.270178 0.00783112 0.0212507 0.00242067
4 0.898708 0.305948 0.0155884 0.0138583 0.00237734
6 0.756921 0.318308 0.0158031 0.0112733 0.00228077
4 0.331839 0.307821 0.017503 0.0160666 0.00224232
6 0.502462 0.246189 0.00766937 0.0110394 0.00224077
5 0.694276 0.373934 0.0339726 0.0372975 0.00222633
8 0.787982 0.336538 0.0111469 0.0125468 0.00221403
6 0.706882 0.343947 0.00978876 0.0151952 0.00219819
6 0.349602 0.311106 0.0197637 0.0332081 0.00214907
4 0.513252 0.393285 0.0268126 0.0159656 0.00212222
6 0.613679 0.373355 0.0479946 0.032886 0.00211264
4 0.494447 0.386994 0.0201311 0.0259386 0.00205221
4 0.498432 0.331626 0.0144185 0.0182804 0.00204791
4 0.502941 0.370655 0.0381443 0.0321166 0.00202252
1 0.926777 0.256488 0.00805176 0.0227793 0.00201732
4 0.758657 0.32574 0.0154457 0.0175723 0.00201413
4 0.349602 0.311106 0.0197637 0.0332081 0.00196361
5 0.737157 0.31071 0.0292599 0.0174572 0.00191902
4 0.922765 0.25296 0.0103908 0.018074 0.00189489
4 0.903716 0.296168 0.0112913 0.0238764 0.00187559
4 0.513414 0.371749 0.0567273 0.0353828 0.00182016
6 0.74462 0.312357 0.0333278 0.0169042 0.00179978
6 0.513414 0.371749 0.0567273 0.0353828 0.00177908
4 0.607728 0.372975 0.0539184 0.0317854 0.00176827
24 0.737157 0.31071 0.0292599 0.0174572 0.00176376
4 0.90077 0.249921 0.00935602 0.0124959 0.00170219
4 0.92875 0.23919 0.00659039 0.0206922 0.00158052
4 0.908106 0.301064 0.010291 0.0158633 0.00157155
4 0.346674 0.303435 0.0217998 0.0179663 0.00156666
4 0.52526 0.397623 0.0137902 0.0163501 0.00151122
1 0.658723 0.338116 0.0103439 0.0166916 0.00150179
4 0.714842 0.38656 0.011425 0.0151443 0.00148015
8 0.787066 0.332672 0.010765 0.00898625 0.00145281
4 0.879178 0.326265 0.00811426 0.0110772 0.00144089
1 0.470396 0.267069 0.00921433 0.0153304 0.00143476
4 0.765622 0.312301 0.0129099 0.0165631 0.00139642
4 0.492937 0.373988 0.0282079 0.0362239 0.00138955
4 0.826755 0.353751 0.0304818 0.0179827 0.00138674
4 0.726968 0.310293 0.0202119 0.0140873 0.00138001
4 0.484361 0.341074 0.0121596 0.0115361 0.00137731
1 0.891653 0.283658 0.00613226 0.0143137 0.00137309
4 0.3139 0.307697 0.0234725 0.0164328 0.00134861
6 0.486097 0.233853 0.0186566 0.0216419 0.00133114
1 0.774281 0.269531 0.0172592 0.0305274 0.00128869
4 0.542935 0.334451 0.0291379 0.024241 0.00126766
7 0.906027 0.304038 0.00904901 0.0129191 0.00126525
1 0.362455 0.232211 0.0160127 0.0197558 0.00126127
4 0.815073 0.321843 0.0269103 0.0129163 0.00125153
4 0.883741 0.309628 0.0126708 0.0151991 0.00124858
4 0.827329 0.34896 0.0300651 0.021667 0.00124338
1 0.307993 0.301603 0.0166521 0.0121533 0.00119201
6 0.961906 0.292065 0.0124404 0.0136966 0.00117791
6 0.490295 0.237302 0.0245005 0.0285483 0.00117228
6 0.47178 0.247029 0.0118046 0.0144914 0.00115162
8 0.825348 0.432907 0.0105391 0.0215676 0.00114654
6 0.502941 0.370655 0.0381443 0.0321166 0.0011413
4 0.47178 0.247029 0.0118046 0.0144914 0.00113837
4 0.308719 0.294107 0.0144025 0.0179531 0.00113678
1 0.489293 0.249921 0.0227152 0.0176019 0.00113634
8 0.785504 0.336388 0.0112566 0.0138099 0.00110775
0 0.787982 0.336538 0.0111469 0.0125468 0.00110209
4 0.892656 0.358465 0.0148466 0.0219091 0.00110145
24 0.490367 0.251342 0.0270077 0.0229702 0.00109662
6 0.51971 0.333816 0.024954 0.0170505 0.00106295
1 0.922765 0.25296 0.0103908 0.018074 0.00105066
1 0.361206 0.265038 0.0191505 0.0530907 0.00103459
1 0.880136 0.276547 0.0112917 0.0272031 0.00103212
4 0.959338 0.29663 0.0172243 0.0162494 0.00100984
0 0.825396 0.426689 0.0108007 0.0217082 0.00100227
12 0.7372 0.311639 0.0302197 0.0166516 0.00100008
