4 0.163131 0.840757 0.135244 0.126498 0.944055
4 0.779871 0.88284 0.125585 0.14466 0.94157
4 0.499428 0.85319 0.146172 0.191517 0.938758
6 0.645522 0.807471 0.0447797 0.0915444 0.917664
4 0.39707 0.833929 0.0772792 0.0937856 0.91503
4 0.578746 0.851722 0.0471816 0.114646 0.864682
7 0.385685 0.562756 0.0164914 0.0609233 0.838912
7 0.462198 0.562299 0.0167368 0.0615959 0.838805
1 0.468079 0.743489 0.0415316 0.0365128 0.810251
7 0.539998 0.56254 0.0169373 0.0610309 0.806559
1 0.529431 0.742995 0.0420786 0.0358906 0.790138
7 0.476882 0.661527 0.0106244 0.0367589 0.786217
7 0.522926 0.662972 0.0106115 0.0358327 0.768463
1 0.257846 0.733439 0.0207004 0.0329454 0.763334
7 0.568939 0.663996 0.0107446 0.0352186 0.76285
7 0.34615 0.561849 0.0219586 0.02577 0.759332
7 0.423603 0.562666 0.0215281 0.0246094 0.748247
7 0.5463 0.662883 0.0134681 0.0164622 0.738141
7 0.501279 0.561204 0.0216579 0.0242942 0.574867
2 0.289606 0.427991 0.0131942 0.0277157 0.557934
7 0.499361 0.660591 0.0128815 0.0153251 0.54964
7 0.456432 0.659447 0.0128426 0.0143337 0.542542
4 0.618884 0.828469 0.0112161 0.0181665 0.449184
2 0.661055 0.44946 0.0111777 0.0232382 0.445906
2 0.726422 0.441851 0.0133837 0.0214058 0.443293
1 0.564174 0.771134 0.013946 0.0152971 0.441015
7 0.0998224 0.558699 0.0192525 0.0508498 0.427213
1 0.697038 0.800187 0.0124398 0.0349464 0.38937
4 0.600111 0.82973 0.0123064 0.0191943 0.382875
1 0.566389 0.786241 0.0221041 0.0176382 0.36938
4 0.598215 0.823981 0.0140187 0.0349736 0.353242
2 0.466936 0.433459 0.0124891 0.0295868 0.298335
1 0.554196 0.759986 0.0107867 0.0207694 0.249283
7 0.134317 0.576691 0.0232519 0.0239805 0.2293
1 0.358469 0.774354 0.00778397 0.0190896 0.201439
1 0.566614 0.777108 0.0221326 0.0217147 0.1671
1 0.183151 0.747353 0.0174713 0.0257542 0.1562
1 0.988006 0.721589 0.0211189 0.0809616 0.149798
7 0.169258 0.560303 0.0176678 0.0521584 0.146305
7 0.11447 0.559756 0.0171264 0.0500019 0.141389
4 0.443187 0.798082 0.0147755 0.0188997 0.139753
1 0.619369 0.79449 0.0103839 0.0198711 0.136954
4 0.441029 0.803842 0.0184632 0.0303513 0.127694
1 0.554126 0.765759 0.0120894 0.0226147 0.113785
2 0.787797 0.517633 0.0110756 0.0254061 0.104571
4 0.614056 0.82664 0.00817999 0.0180316 0.100476
2 0.467252 0.425604 0.0121779 0.017717 0.100301
2 0.506103 0.442985 0.0100883 0.0159805 0.0979911
6 0.619369 0.79449 0.0103839 0.0198711 0.0923069
4 0.595201 0.818254 0.0176925 0.0414248 0.0888864
2 0.517636 0.442556 0.00928302 0.0162238 0.0883101
2 0.00642256 0.504188 0.0104894 0.0206925 0.0854472
1 0.0634187 0.572125 0.0252379 0.0306279 0.0747477
6 0.620174 0.806468 0.0101158 0.0273471 0.0739685
1 0.132948 0.576195 0.0256183 0.023997 0.0715229
1 0.576294 0.784606 0.00922339 0.0184294 0.07145
22 0.522926 0.662972 0.0106115 0.0358327 0.0673081
1 0.576783 0.780813 0.00821375 0.0186582 0.0644053
7 0.140096 0.684585 0.0140043 0.0151965 0.0641475
4 0.299396 0.799259 0.0329307 0.0182338 0.0601262
2 0.423505 0.45487 0.0305269 0.0299409 0.0551631
1 0.359056 0.778011 0.00814093 0.0136038 0.0528974
2 0.00527745 0.499298 0.00993872 0.016197 0.0527129
2 0.51065 0.442718 0.010572 0.0148091 0.0487504
6 0.595201 0.818254 0.0176925 0.0414248 0.0469515
1 0.546701 0.7675 0.0151463 0.0190441 0.0356358
4 0.644593 0.839561 0.0383672 0.0291991 0.0353038
22 0.476882 0.661527 0.0106244 0.0367589 0.0338742
1 0.659625 0.756086 0.0113127 0.0189272 0.0333988
2 0.389875 0.697984 0.00746091 0.00762692 0.0330993
2 0.724946 0.447754 0.014402 0.0306817 0.0320981
1 0.456432 0.659447 0.0128426 0.0143337 0.0312922
15 0.226483 0.759401 0.0364647 0.0165704 0.0301767
2 0.466875 0.440863 0.0118783 0.0335182 0.027937
1 0.365245 0.773935 0.0108225 0.0199291 0.0273714
1 0.499819 0.660554 0.0132659 0.0151144 0.0266024
4 0.620207 0.835155 0.012551 0.0296205 0.0250497
2 0.363762 0.434512 0.00937564 0.0171512 0.0247644
6 0.599217 0.817909 0.0206949 0.0344885 0.024505
6 0.443187 0.798082 0.0147755 0.0188997 0.0242102
2 0.785828 0.459015 0.0109514 0.0184316 0.02399
1 0.659829 0.732783 0.00895074 0.0327363 0.022213
1 0.430943 0.780323 0.013469 0.0166399 0.0220565
7 0.288831 0.565121 0.0143408 0.0289966 0.0220165
1 0.226214 0.759022 0.0351463 0.016349 0.020814
4 0.43966 0.812135 0.023953 0.0474615 0.0205285
4 0.599217 0.817909 0.0206949 0.0344885 0.0195891
6 0.230252 0.776096 0.0490647 0.0535051 0.019499
22 0.499361 0.660591 0.0128815 0.0153251 0.018373
2 0.726576 0.460571 0.012394 0.0263748 0.0176809
2 0.362456 0.436933 0.00750406 0.0189616 0.0169195
1 0.134227 0.56102 0.0274398 0.050593 0.0162422
6 0.299023 0.799375 0.0343563 0.0188766 0.0158983
6 0.600111 0.82973 0.0123064 0.0191943 0.0157961
12 0.233063 0.776616 0.0540967 0.0527541 0.0156756
1 0.464361 0.750818 0.0402776 0.0435371 0.0155507
1 0.496172 0.722502 0.00919461 0.0184066 0.0153736
2 0.800662 0.458855 0.00981421 0.0174806 0.0149811
1 0.0632592 0.562536 0.0303302 0.0538345 0.0149209
1 0.542106 0.763357 0.0228232 0.0104491 0.0148609
7 0.496172 0.722502 0.00919461 0.0184066 0.014467
15 0.229203 0.777548 0.0481704 0.0534331 0.0142027
22 0.5463 0.662883 0.0134681 0.0164622 0.0139447
1 0.334187 0.789254 0.0396411 0.0196174 0.0132218
7 0.063317 0.574574 0.0248909 0.0274967 0.0131614
1 0.443187 0.798082 0.0147755 0.0188997 0.0125064
1 0.268271 0.740049 0.0123506 0.0330387 0.0120243
7 0.141126 0.688839 0.0154986 0.0190138 0.0117736
1 0.5463 0.662883 0.0134681 0.0164622 0.0112292
6 0.618884 0.828469 0.0112161 0.0181665 0.00999808
2 0.0112786 0.515134 0.0102767 0.0139652 0.0094257
7 0.183321 0.558837 0.0135027 0.0419146 0.00942346
2 0.35119 0.4342 0.010004 0.01632 0.00939692
4 0.620174 0.806468 0.0101158 0.0273471 0.00938648
6 0.430539 0.787578 0.0111587 0.015769 0.00928132
4 0.600368 0.834904 0.0135818 0.0287586 0.00923452
1 0.430539 0.787578 0.0111587 0.015769 0.00921243
2 0.348407 0.435091 0.010199 0.0199878 0.00896794
6 0.614056 0.82664 0.00817999 0.0180316 0.00883913
2 0.958331 0.586407 0.00737573 0.0123077 0.00858453
1 0.433407 0.783666 0.016047 0.0135621 0.00852615
1 0.0990707 0.558473 0.0191158 0.0512837 0.00841591
2 0.385254 0.69842 0.00906238 0.00829533 0.00824045
22 0.568939 0.663996 0.0107446 0.0352186 0.00820918
4 0.211632 0.803216 0.0192355 0.0339442 0.00815255
4 0.220999 0.808444 0.0147846 0.0233893 0.0080151
6 0.603052 0.798498 0.0227817 0.0159892 0.00799942
7 0.12355 0.569756 0.0134324 0.037167 0.00790097
1 0.253295 0.775065 0.0163844 0.0511146 0.0077326
1 0.522649 0.662178 0.0105711 0.0372014 0.00767503
15 0.299023 0.799375 0.0343563 0.0188766 0.00757944
1 0.357429 0.784659 0.00806815 0.0140485 0.00716251
1 0.414891 0.783401 0.0123606 0.010864 0.00711309
6 0.592443 0.798544 0.0196719 0.0146123 0.00701736
7 0.157001 0.559525 0.0154468 0.0486935 0.00700639
4 0.29175 0.801917 0.0496171 0.0214661 0.0068987
1 0.243076 0.776735 0.0429798 0.0571926 0.00687196
7 0.542913 0.662074 0.0160473 0.0210245 0.00669899
1 0.417608 0.779823 0.00721094 0.0180267 0.00652328
1 0.187776 0.745961 0.0119803 0.0225784 0.00649336
1 0.659335 0.72719 0.00793573 0.0219161 0.0063147
6 0.598215 0.823981 0.0140187 0.0349736 0.00615965
1 0.446655 0.780685 0.0152587 0.0212712 0.00590643
6 0.566389 0.786241 0.0221041 0.0176382 0.00583072
1 0.409505 0.778268 0.0103965 0.0168505 0.00582235
2 0.793478 0.464696 0.0145488 0.0224365 0.00570261
7 0.133403 0.561737 0.0259193 0.0511325 0.00569271
22 0.554126 0.765759 0.0120894 0.0226147 0.00540693
1 0.495577 0.738617 0.0135249 0.0271144 0.00528551
6 0.441029 0.803842 0.0184632 0.0303513 0.00527988
7 0.358469 0.774354 0.00778397 0.0190896 0.00524778
1 0.620174 0.806468 0.0101158 0.0273471 0.00513681
1 0.347964 0.779592 0.0125858 0.0154255 0.00504723
7 0.44659 0.701607 0.0105478 0.00996402 0.00499092
7 0.659978 0.73939 0.0086131 0.0359187 0.0048488
22 0.554196 0.759986 0.0107867 0.0207694 0.00484322
7 0.659335 0.72719 0.00793573 0.0219161 0.00480013
7 0.0928339 0.559162 0.0204736 0.0471673 0.00463657
2 0.996109 0.263107 0.00687274 0.0102888 0.0045708
2 0.38717 0.700203 0.0046777 0.0149678 0.0045515
15 0.595201 0.818254 0.0176925 0.0414248 0.00453554
0 0.600111 0.82973 0.0123064 0.0191943 0.00448411
2 0.78716 0.453512 0.00990186 0.0184884 0.00442538
1 0.228171 0.750615 0.0301593 0.020327 0.00437851
22 0.529431 0.742995 0.0420786 0.0358906 0.00433143
4 0.430539 0.787578 0.0111587 0.015769 0.00432425
1 0.455911 0.768032 0.0159505 0.026519 0.00423729
1 0.169258 0.560303 0.0176678 0.0521584 0.00423115
1 0.592443 0.798544 0.0196719 0.0146123 0.00422011
7 0.380893 0.758757 0.00498303 0.0106722 0.00417717
1 0.662858 0.760959 0.0120651 0.0166725 0.00413623
6 0.617124 0.788715 0.0116829 0.0158566 0.00412974
1 0.357783 0.76048 0.0077027 0.0135621 0.00411424
2 0.317698 0.629451 0.010426 0.0135316 0.00411345
1 0.140096 0.684585 0.0140043 0.0151965 0.00407855
6 0.576294 0.784606 0.00922339 0.0184294 0.00405227
6 0.446655 0.780685 0.0152587 0.0212712 0.00404718
12 0.226483 0.759401 0.0364647 0.0165704 0.00402605
22 0.546701 0.7675 0.0151463 0.0190441 0.00401944
7 0.150439 0.560543 0.0177513 0.0454385 0.00393655
1 0.489967 0.758253 0.015395 0.015014 0.00388147
7 0.554126 0.765759 0.0120894 0.0226147 0.00372677
4 0.529441 0.767496 0.0365621 0.0167831 0.00353777
4 0.223983 0.809814 0.0153707 0.0150549 0.00347385
6 0.529571 0.764494 0.0459407 0.0198537 0.00332926
7 0.452562 0.702857 0.00893417 0.0121582 0.00332268
1 0.476868 0.661623 0.0111783 0.0367284 0.00329192
2 0.0169913 0.522546 0.0074711 0.0162019 0.00326839
6 0.334187 0.789254 0.0396411 0.0196174 0.0032169
4 0.444035 0.798484 0.0289345 0.0486996 0.00319641
6 0.430943 0.780323 0.013469 0.0166399 0.00316888
4 0.500008 0.784511 0.123298 0.05772 0.00310493
7 0.448308 0.710771 0.0141658 0.022571 0.00308202
1 0.72332 0.775237 0.0108251 0.0325369 0.00306777
1 0.452562 0.702857 0.00893417 0.0121582 0.00304463
1 0.346199 0.56176 0.0225836 0.0254094 0.00296546
6 0.554196 0.759986 0.0107867 0.0207694 0.00296488
1 0.529441 0.767496 0.0365621 0.0167831 0.00296328
4 0.619369 0.79449 0.0103839 0.0198711 0.00291683
1 0.696221 0.780343 0.0110502 0.0164838 0.0028781
4 0.44869 0.790147 0.0181141 0.0358227 0.00285974
7 0.370194 0.758158 0.00985761 0.00923485 0.00278624
25 0.226483 0.759401 0.0364647 0.0165704 0.00272338
1 0.282376 0.758322 0.0143301 0.0438578 0.00271137
1 0.115292 0.560299 0.0178536 0.0483553 0.00268632
1 0.662123 0.736816 0.0121486 0.0346711 0.00267778
7 0.359056 0.778011 0.00814093 0.0136038 0.00265087
1 0.230252 0.776096 0.0490647 0.0535051 0.00260809
4 0.592443 0.798544 0.0196719 0.0146123 0.00250105
22 0.423603 0.562666 0.0215281 0.0246094 0.00249928
4 0.576744 0.814169 0.0409439 0.0411718 0.00248112
1 0.370194 0.758158 0.00985761 0.00923485 0.00243748
6 0.621304 0.775342 0.0156399 0.0309796 0.00241894
6 0.564174 0.771134 0.013946 0.0152971 0.00240692
6 0.226483 0.759401 0.0364647 0.0165704 0.00238043
2 0.0152724 0.505353 0.010019 0.0304367 0.00236978
2 0.403996 0.699142 0.00806909 0.00619958 0.00236778
4 0.566614 0.777108 0.0221326 0.0217147 0.00235844
1 0.44659 0.701607 0.0105478 0.00996402 0.00233507
6 0.21808 0.79512 0.0222159 0.0252709 0.00231067
0 0.618884 0.828469 0.0112161 0.0181665 0.00227963
6 0.455911 0.768032 0.0159505 0.026519 0.00226944
22 0.467766 0.743216 0.0408163 0.0374238 0.00226616
12 0.697407 0.799925 0.0125051 0.0356975 0.00225895
7 0.365245 0.773935 0.0108225 0.0199291 0.00224507
4 0.52538 0.788624 0.0785962 0.0567556 0.00222838
1 0.603052 0.798498 0.0227817 0.0159892 0.00219087
1 0.448308 0.710771 0.0141658 0.022571 0.00217052
6 0.529462 0.743078 0.0421154 0.0354907 0.00216164
6 0.423207 0.786599 0.0144279 0.0123501 0.00215731
22 0.346199 0.56176 0.0225836 0.0254094 0.00215264
4 0.298463 0.807422 0.0351556 0.0335439 0.00214827
2 0.99601 0.287441 0.006875 0.0252586 0.00208615
4 0.566389 0.786241 0.0221041 0.0176382 0.00203115
7 0.442038 0.70644 0.0128556 0.0108608 0.00202012
1 0.733279 0.776334 0.012212 0.0319091 0.00201562
1 0.727519 0.774831 0.0152798 0.0321988 0.00199499
1 0.595201 0.818254 0.0176925 0.0414248 0.00198189
22 0.564174 0.771134 0.013946 0.0152971 0.00197782
6 0.467639 0.743269 0.0409827 0.0375314 0.00195938
2 0.541088 0.562139 0.0188169 0.0610993 0.00194953
6 0.333273 0.794323 0.0449263 0.0274021 0.00194291
1 0.529571 0.764494 0.0459407 0.0198537 0.00194119
4 0.392389 0.796039 0.0310132 0.0169615 0.00192699
15 0.21808 0.79512 0.0222159 0.0252709 0.00192467
1 0.454792 0.748741 0.0277961 0.0465941 0.00191212
1 0.42275 0.455456 0.0317047 0.0336355 0.00189715
7 0.659625 0.756086 0.0113127 0.0189272 0.00187718
22 0.385841 0.562281 0.016661 0.0615866 0.00187372
1 0.0781984 0.578927 0.0098374 0.0173563 0.00187254
7 0.292013 0.736783 0.00793051 0.0123405 0.00186687
4 0.79103 0.829792 0.0852465 0.0358124 0.00186153
1 0.617825 0.76196 0.00912653 0.0186173 0.00184435
4 0.425175 0.802558 0.0202891 0.0302046 0.0018237
1 0.693151 0.797417 0.0146351 0.0352364 0.00182154
15 0.443187 0.798082 0.0147755 0.0188997 0.00179576
1 0.116194 0.687636 0.0809913 0.0583805 0.00179506
4 0.494683 0.763743 0.0881707 0.0201208 0.00179476
2 0.97031 0.585905 0.00998749 0.0146162 0.00179367
2 0.417035 0.694375 0.00617441 0.0153002 0.00175847
7 0.0140714 0.56106 0.0106948 0.0511215 0.00174928
7 0.0781984 0.578927 0.0098374 0.0173563 0.00174792
1 0.99495 0.685522 0.00771259 0.0149995 0.00172909
4 0.206592 0.800954 0.0224793 0.0295937 0.00172104
7 0.554196 0.759986 0.0107867 0.0207694 0.00171019
2 0.44659 0.701607 0.0105478 0.00996402 0.00170139
1 0.503924 0.758651 0.007952 0.0137365 0.00169641
4 0.438813 0.829724 0.0270572 0.0850678 0.00169426
1 0.380893 0.758757 0.00498303 0.0106722 0.00168355
7 0.0482032 0.562315 0.0189865 0.0503919 0.00168298
6 0.580062 0.81589 0.0403278 0.039861 0.00167538
1 0.568935 0.664127 0.0110082 0.0346181 0.00167319
1 0.617124 0.788715 0.0116829 0.0158566 0.00163617
6 0.554126 0.765759 0.0120894 0.0226147 0.00163537
2 0.288831 0.565121 0.0143408 0.0289966 0.00163445
12 0.18205 0.747749 0.0165055 0.0224769 0.0016215
5 0.600111 0.82973 0.0123064 0.0191943 0.00161777
4 0.389903 0.785632 0.0298631 0.0103821 0.00160264
7 0.0446468 0.561663 0.0127405 0.0469704 0.00158931
2 0.703903 0.723581 0.00686176 0.0182941 0.00157199
7 0.181794 0.56673 0.0112393 0.0430796 0.00157077
2 0.140096 0.684585 0.0140043 0.0151965 0.00156613
6 0.529441 0.767496 0.0365621 0.0167831 0.00154508
7 0.99495 0.685522 0.00771259 0.0149995 0.0015433
22 0.462505 0.562365 0.0166797 0.0619864 0.00154244
6 0.252362 0.776496 0.0163559 0.0518933 0.00154187
1 0.645765 0.807429 0.0447273 0.0901762 0.00153838
7 0.454915 0.667568 0.00998602 0.0291982 0.00152613
15 0.441029 0.803842 0.0184632 0.0303513 0.00152438
1 0.173563 0.74911 0.0109111 0.0248243 0.00152317
4 0.489967 0.758253 0.015395 0.015014 0.00151969
7 0.0798632 0.563382 0.0161349 0.0431266 0.00151299
22 0.539998 0.56254 0.0169373 0.0610309 0.00149673
1 0.678204 0.800435 0.00908154 0.0302928 0.00149191
1 0.307251 0.779626 0.0157341 0.0234921 0.00148506
22 0.566389 0.786241 0.0221041 0.0176382 0.00147136
2 0.975492 0.586576 0.00973859 0.0126378 0.00147118
6 0.433407 0.783666 0.016047 0.0135621 0.00145415
0 0.289606 0.427991 0.0131942 0.0277157 0.00144677
7 0.619369 0.79449 0.0103839 0.0198711 0.00142452
