25 0.286514 0.270678 0.263795 0.319004 0.80366
6 0.630148 0.381782 0.418373 0.405223 0.357367
5 0.629598 0.382374 0.417678 0.407808 0.0803474
4 0.629441 0.382476 0.420512 0.404656 0.0745029
0 0.957154 0.261193 0.0134977 0.0488089 0.0258891
16 0.492909 0.533109 0.0306468 0.0806826 0.0244362
18 0.492576 0.533539 0.0316248 0.0801134 0.0236903
23 0.492909 0.533109 0.0306468 0.0806826 0.0107403
0 0.965965 0.260357 0.0197876 0.0478461 0.0106658
1 0.961006 0.139601 0.0241143 0.0156815 0.00746945
18 0.505895 0.532149 0.0541752 0.0808324 0.00725113
2 0.648528 0.138746 0.0131042 0.0261807 0.00673511
4 0.972903 0.261159 0.0442043 0.0495328 0.00671734
2 0.944994 0.107341 0.01269 0.0227114 0.00670826
4 0.433899 0.414557 0.0994281 0.173227 0.00367189
16 0.505895 0.532149 0.0541752 0.0808324 0.00354852
0 0.99108 0.266079 0.0108246 0.0395246 0.00296079
4 0.947399 0.257724 0.0199193 0.0393889 0.00263607
4 0.958533 0.24286 0.0762753 0.0902243 0.00237203
24 0.629457 0.381316 0.417982 0.407569 0.00211648
4 0.956478 0.261336 0.0133045 0.0492637 0.00209989
1 0.961488 0.121761 0.0239357 0.0468126 0.00205333
1 0.287333 0.264365 0.262191 0.300481 0.00200378
18 0.513739 0.542735 0.0396888 0.0545436 0.00179728
0 0.975368 0.258477 0.0384844 0.0505494 0.00164815
4 0.991695 0.261191 0.0103275 0.0460592 0.00162846
4 0.964044 0.261074 0.0220478 0.0492352 0.00150063
4 0.156203 0.596441 0.312406 0.790129 0.00145863
0 0.973223 0.246298 0.0363512 0.082926 0.00143865
2 0.895613 0.1094 0.018078 0.0317752 0.00135644
4 0.910073 0.260097 0.033273 0.0540626 0.00135285
4 0.972269 0.274065 0.0473732 0.0368282 0.00134642
0 0.00880483 0.845154 0.0155926 0.12382 0.00118737
8 0.99108 0.266079 0.0108246 0.0395246 0.0011779
8 0.957154 0.261193 0.0134977 0.0488089 0.00102384
2 0.900848 0.115343 0.0145954 0.0328501 0.00101894
5 0.975368 0.258477 0.0384844 0.0505494 0.00100516
2 0.646751 0.11135 0.0105722 0.0254007 0.00100286
