0 0.106241 0.765964 0.169926 0.404829 0.908677
0 0.748216 0.654106 0.0793564 0.253851 0.844817
19 0.609948 0.689629 0.357211 0.190699 0.836144
0 0.675814 0.569478 0.0592672 0.100264 0.823219
0 0.505967 0.637831 0.063953 0.247253 0.811318
11 0.848038 0.668436 0.0411564 0.0712346 0.791821
19 0.908271 0.849256 0.183458 0.300267 0.713736
18 0.513117 0.694678 0.161336 0.168062 0.594861
2 0.554008 0.0747453 0.0188076 0.0242929 0.576187
19 0.963472 0.683635 0.0729882 0.0814267 0.416042
0 0.848294 0.66809 0.0410234 0.0718441 0.408796
0 0.696416 0.702222 0.114345 0.160017 0.355478
0 0.745967 0.696885 0.0897127 0.150811 0.35351
19 0.963998 0.755084 0.0720039 0.220551 0.325837
18 0.94196 0.855127 0.115708 0.284099 0.30567
0 0.505729 0.688621 0.0693091 0.148065 0.294394
20 0.107517 0.690947 0.0440818 0.0381253 0.288743
19 0.133015 0.789385 0.22728 0.373296 0.287907
20 0.116703 0.694371 0.0598229 0.0456858 0.285862
0 0.749053 0.576718 0.0726957 0.0947268 0.248791
0 0.501768 0.566463 0.049957 0.103205 0.237007
9 0.518867 0.601115 0.0357165 0.0405906 0.231715
18 0.711552 0.709485 0.157073 0.167598 0.204315
11 0.60298 0.61467 0.0271353 0.0299032 0.197862
0 0.672528 0.706006 0.0654832 0.145938 0.194441
9 0.524026 0.709203 0.0291334 0.102812 0.18344
18 0.137622 0.793421 0.215569 0.372308 0.161975
9 0.505098 0.680142 0.0691524 0.104357 0.152015
31 0.518971 0.601212 0.0356097 0.0383504 0.140494
9 0.603069 0.634506 0.0364066 0.074288 0.138988
9 0.160923 0.669885 0.0439235 0.0659771 0.136908
19 0.166832 0.825971 0.150698 0.284909 0.134055
42 0.848258 0.668158 0.0399111 0.0705643 0.120021
18 0.171451 0.800881 0.147093 0.320948 0.118279
9 0.848258 0.668158 0.0399111 0.0705643 0.104278
54 0.161377 0.669548 0.043396 0.0631652 0.104022
9 0.50906 0.671616 0.061101 0.0679129 0.101646
0 0.674841 0.646246 0.0609151 0.25275 0.094443
18 0.607377 0.69052 0.35094 0.181872 0.0937166
10 0.639383 0.597822 0.0118336 0.0346162 0.0925137
19 0.942652 0.855933 0.114697 0.28363 0.0923175
9 0.502697 0.708899 0.0609133 0.102317 0.0845874
0 0.985534 0.647105 0.0287056 0.0325033 0.0842505
9 0.523616 0.732789 0.0148004 0.0544837 0.0831596
11 0.602704 0.636159 0.0318885 0.0724319 0.0827353
9 0.575603 0.608037 0.0350895 0.0256316 0.0792345
10 0.523616 0.732789 0.0148004 0.0544837 0.073499
19 0.957045 0.947905 0.085631 0.101901 0.0709915
9 0.678834 0.704578 0.0785147 0.142206 0.0704111
9 0.487306 0.735301 0.0158387 0.0469381 0.0631778
0 0.601994 0.609289 0.0275533 0.0272457 0.0628951
11 0.575603 0.608037 0.0350895 0.0256316 0.0592949
9 0.639383 0.597822 0.0118336 0.0346162 0.0574718
20 0.161377 0.669548 0.043396 0.0631652 0.0571456
17 0.985534 0.647105 0.0287056 0.0325033 0.0545377
10 0.486261 0.736159 0.0139958 0.0471029 0.051406
19 0.964506 0.655309 0.0709882 0.134145 0.049149
9 0.736492 0.703252 0.074015 0.11997 0.04578
0 0.518108 0.598383 0.0390341 0.0421273 0.0437475
19 0.906526 0.763882 0.186948 0.12177 0.0383084
9 0.181216 0.700767 0.0686829 0.0342102 0.0372446
0 0.509975 0.54899 0.0298284 0.0626132 0.0367496
19 0.751456 0.685668 0.489052 0.210177 0.0362652
18 0.0396985 0.618772 0.0317993 0.0840719 0.0360384
9 0.505754 0.640441 0.062677 0.229685 0.035522
9 0.170943 0.692479 0.0526252 0.0345717 0.0351323
19 0.531374 0.606453 0.125433 0.030037 0.033418
11 0.123061 0.693697 0.0581096 0.049328 0.0332424
0 0.603795 0.635193 0.034913 0.0753797 0.0327055
9 0.60298 0.61467 0.0271353 0.0299032 0.0327005
9 0.667745 0.570707 0.0413754 0.100005 0.032355
9 0.988142 0.613828 0.0237169 0.0601195 0.0322746
11 0.518867 0.601115 0.0357165 0.0405906 0.0315219
11 0.161266 0.671048 0.0423355 0.0662623 0.0305444
54 0.518971 0.601212 0.0356097 0.0383504 0.02974
11 0.678834 0.704578 0.0785147 0.142206 0.0297219
9 0.505889 0.726679 0.0513202 0.0721565 0.0291074
18 0.0583843 0.843624 0.114194 0.308726 0.0290023
9 0.491006 0.735058 0.0234897 0.0545726 0.0255979
9 0.98539 0.648496 0.0287781 0.0301478 0.0244044
9 0.720428 0.705161 0.0405233 0.112897 0.0239087
9 0.526072 0.730965 0.0195211 0.0686105 0.0235407
11 0.0396222 0.6169 0.0313859 0.0863027 0.0231326
31 0.160923 0.669885 0.0439235 0.0659771 0.0225173
9 0.703664 0.707267 0.129342 0.143446 0.0221863
42 0.575253 0.608763 0.0348568 0.0241608 0.0201708
54 0.0393592 0.618518 0.0304235 0.0838753 0.0199622
18 0.985534 0.647105 0.0287056 0.0325033 0.0198666
11 0.98539 0.648496 0.0287781 0.0301478 0.018751
31 0.575603 0.608037 0.0350895 0.0256316 0.0182372
9 0.505746 0.629692 0.0687456 0.0282547 0.0179407
32 0.711552 0.709485 0.157073 0.167598 0.0170837
9 0.776628 0.625402 0.0267147 0.0180508 0.016769
0 0.0401298 0.615632 0.031959 0.0910613 0.0167166
54 0.679065 0.571172 0.0510521 0.0911673 0.0166666
18 0.178063 0.723539 0.136531 0.178844 0.0165678
9 0.673627 0.630328 0.0696686 0.0360012 0.0162779
18 0.957045 0.947905 0.085631 0.101901 0.0160055
9 0.484036 0.717041 0.0240717 0.0860016 0.0159997
10 0.26436 0.536983 0.00905835 0.0170411 0.015692
20 0.639793 0.591187 0.0118648 0.0287727 0.0156812
10 0.571138 0.552327 0.00820337 0.015469 0.0156636
34 0.983628 0.646797 0.0323159 0.0298421 0.0155275
11 0.679065 0.571172 0.0510521 0.0911673 0.0151257
9 0.666943 0.617223 0.0576764 0.02191 0.0151068
19 0.985534 0.647105 0.0287056 0.0325033 0.0150152
0 0.985913 0.655265 0.025802 0.0383133 0.0146988
9 0.749116 0.579417 0.0749601 0.102231 0.0145479
42 0.98539 0.648496 0.0287781 0.0301478 0.014119
11 0.505093 0.574486 0.0519023 0.0913377 0.0141133
18 0.964923 0.692511 0.0701542 0.08635 0.0140819
11 0.667745 0.570707 0.0413754 0.100005 0.0139995
0 0.548023 0.60658 0.0922564 0.0212898 0.0136115
9 0.725627 0.619911 0.0408567 0.0182373 0.0135287
31 0.123322 0.694423 0.0541869 0.0456753 0.0135106
0 0.639383 0.597822 0.0118336 0.0346162 0.0132742
19 0.521295 0.667053 0.147811 0.107716 0.0131664
10 0.986116 0.655432 0.026162 0.0269627 0.0129599
8 0.703357 0.71143 0.110803 0.14081 0.0126571
11 0.639793 0.591187 0.0118648 0.0287727 0.0125353
51 0.161739 0.67012 0.0419506 0.0641437 0.0115223
11 0.140206 0.695888 0.0421455 0.0396166 0.0114625
9 0.599333 0.68826 0.0488017 0.165931 0.0111706
17 0.986881 0.627294 0.0258568 0.0379525 0.0110839
9 0.675952 0.661331 0.0743844 0.109911 0.011035
0 0.98779 0.613035 0.0238537 0.0585621 0.0109955
10 0.161189 0.668808 0.0452305 0.0698781 0.0109721
42 0.60298 0.61467 0.0271353 0.0299032 0.0108755
18 0.161189 0.668808 0.0452305 0.0698781 0.0108732
9 0.762483 0.595924 0.0495722 0.0587822 0.0107679
18 0.967063 0.725989 0.0658745 0.0332821 0.0107192
18 0.9602 0.770939 0.0793873 0.25451 0.0104469
43 0.607377 0.69052 0.35094 0.181872 0.0103549
9 0.488021 0.67491 0.033816 0.0712541 0.0100787
18 0.985913 0.655265 0.025802 0.0383133 0.0100561
18 0.986161 0.622965 0.0276787 0.0818449 0.00992267
19 0.9702 0.820689 0.0595999 0.358622 0.00991796
10 0.526072 0.730965 0.0195211 0.0686105 0.00986241
19 0.985913 0.655265 0.025802 0.0383133 0.00985238
9 0.505093 0.574486 0.0519023 0.0913377 0.00971584
9 0.123061 0.693697 0.0581096 0.049328 0.00942396
19 0.704625 0.701955 0.135253 0.139322 0.00940235
9 0.55448 0.594378 0.00973474 0.0485014 0.00939826
18 0.476114 0.693408 0.0858698 0.160911 0.00932359
9 0.6722 0.614174 0.0760741 0.017993 0.00917588
19 0.744583 0.6959 0.0891918 0.139591 0.00915898
9 0.0536977 0.819543 0.0622965 0.0840915 0.00913245
20 0.518867 0.601115 0.0357165 0.0405906 0.00909047
20 0.140206 0.695888 0.0421455 0.0396166 0.0090225
18 0.955216 0.685263 0.052396 0.068377 0.00894941
20 0.159095 0.705632 0.0347825 0.0271888 0.00881603
18 0.151325 0.673542 0.0609098 0.0807323 0.0087308
1 0.0588026 0.194969 0.0133528 0.0200205 0.00859943
11 0.50906 0.671616 0.061101 0.0679129 0.00856948
0 0.986881 0.627294 0.0258568 0.0379525 0.00855836
20 0.776628 0.625402 0.0267147 0.0180508 0.0085189
9 0.967063 0.725989 0.0658745 0.0332821 0.00842761
20 0.0967198 0.680548 0.0292871 0.0315671 0.0083869
9 0.113293 0.698453 0.0553703 0.0506151 0.00838175
31 0.0393138 0.619456 0.0300584 0.0817481 0.00834774
10 0.553951 0.558219 0.00788281 0.00926714 0.00832268
34 0.0392779 0.619566 0.0301532 0.0811949 0.00812311
34 0.776628 0.625402 0.0267147 0.0180508 0.00803184
9 0.551888 0.607221 0.0382881 0.0288747 0.00799217
18 0.906526 0.763882 0.186948 0.12177 0.00793413
9 0.986654 0.629499 0.0266926 0.037256 0.00772251
19 0.173424 0.763718 0.146545 0.259396 0.00768683
9 0.964923 0.692511 0.0701542 0.08635 0.00768386
42 0.161266 0.671048 0.0423355 0.0662623 0.00758588
11 0.505098 0.680142 0.0691524 0.104357 0.00753233
11 0.548023 0.60658 0.0922564 0.0212898 0.00749509
9 0.986116 0.655432 0.026162 0.0269627 0.00715961
9 0.0539937 0.787232 0.0621043 0.146766 0.0071562
34 0.639383 0.597822 0.0118336 0.0346162 0.00710491
34 0.0714154 0.606502 0.042086 0.0823464 0.00702838
11 0.98779 0.613035 0.0238537 0.0585621 0.00700889
9 0.985534 0.578717 0.0289322 0.0276795 0.00692623
42 0.518971 0.601212 0.0356097 0.0383504 0.0068125
20 0.575603 0.608037 0.0350895 0.0256316 0.00678197
9 0.679065 0.571172 0.0510521 0.0911673 0.00669793
19 0.963041 0.686039 0.073918 0.100663 0.00667425
34 0.159095 0.705632 0.0347825 0.0271888 0.00667353
4 0.0588026 0.194969 0.0133528 0.0200205 0.00654099
11 0.986881 0.627294 0.0258568 0.0379525 0.00653169
51 0.639383 0.597822 0.0118336 0.0346162 0.00642695
19 0.967403 0.733862 0.0640545 0.0498318 0.00640115
20 0.130797 0.685619 0.0628132 0.0466256 0.00637048
10 0.261136 0.539817 0.0101471 0.023517 0.00625001
43 0.985534 0.647105 0.0287056 0.0325033 0.00624145
9 0.574895 0.591793 0.0394262 0.04883 0.00620373
9 0.509975 0.54899 0.0298284 0.0626132 0.00619432
9 0.990281 0.559439 0.0187958 0.0657109 0.00617507
34 0.170943 0.692479 0.0526252 0.0345717 0.00610475
42 0.986654 0.629499 0.0266926 0.037256 0.00607595
0 0.676755 0.600385 0.0909039 0.0448564 0.00605848
9 0.662726 0.642241 0.0992531 0.0640227 0.00590279
32 0.907001 0.760219 0.185999 0.121762 0.00587998
18 0.906126 0.85059 0.187749 0.291449 0.00584834
54 0.725627 0.619911 0.0408567 0.0182373 0.0057934
11 0.703664 0.707267 0.129342 0.143446 0.00578496
0 0.663437 0.546206 0.0313646 0.050952 0.00560826
18 0.744012 0.702186 0.0949303 0.164257 0.00559658
10 0.55448 0.594378 0.00973474 0.0485014 0.00553435
9 0.982623 0.623919 0.0344605 0.0659698 0.00546142
0 0.986788 0.567969 0.0264246 0.0952818 0.00542833
34 0.986116 0.655432 0.026162 0.0269627 0.00527602
34 0.155009 0.67345 0.056776 0.07291 0.00525227
0 0.161845 0.669334 0.0421845 0.0632311 0.00516938
2 0.659155 0.239788 0.00678387 0.0108349 0.00511189
9 0.720275 0.598787 0.0143354 0.0421227 0.00511124
11 0.56996 0.600698 0.039439 0.0395403 0.00503686
20 0.122173 0.6822 0.0500876 0.0332051 0.00489207
0 0.666675 0.614822 0.0422415 0.0230209 0.00481318
9 0.528502 0.624629 0.129887 0.0547614 0.00480322
18 0.986654 0.629499 0.0266926 0.037256 0.00475893
42 0.505309 0.685892 0.0689263 0.110361 0.0047455
17 0.986116 0.655432 0.026162 0.0269627 0.00471802
11 0.551888 0.607221 0.0382881 0.0288747 0.00470939
17 0.754973 0.545169 0.0377661 0.038093 0.00469865
9 0.55614 0.611892 0.0440506 0.0223872 0.00469196
14 0.966983 0.727158 0.0660335 0.0339095 0.00467114
9 0.554265 0.591752 0.0501783 0.049551 0.00462698
19 0.988447 0.690768 0.0200004 0.0913293 0.00456341
34 0.124905 0.692543 0.0540381 0.0459364 0.00456022
2 0.553922 0.0603825 0.0187908 0.0398674 0.00448686
54 0.639383 0.597822 0.0118336 0.0346162 0.00444595
20 0.714781 0.618613 0.0239311 0.0203637 0.00443602
51 0.553951 0.558219 0.00788281 0.00926714 0.00443185
9 0.188659 0.711327 0.0893687 0.0566756 0.00434579
18 0.964506 0.655309 0.0709882 0.134145 0.00432669
11 0.181216 0.700767 0.0686829 0.0342102 0.00424909
9 0.694965 0.619245 0.0338657 0.0177569 0.00424172
20 0.725627 0.619911 0.0408567 0.0182373 0.00424007
43 0.513117 0.694678 0.161336 0.168062 0.00423121
9 0.77293 0.637189 0.0332888 0.0347488 0.00420003
54 0.720275 0.598787 0.0143354 0.0421227 0.0041946
0 0.994305 0.554748 0.0110195 0.0544218 0.00418858
11 0.130797 0.685619 0.0628132 0.0466256 0.00416633
11 0.762483 0.595924 0.0495722 0.0587822 0.00411912
9 0.651219 0.618759 0.0724165 0.0174696 0.00409744
18 0.0581669 0.911609 0.112343 0.176782 0.0040252
9 0.140206 0.695888 0.0421455 0.0396166 0.00397204
11 0.509975 0.54899 0.0298284 0.0626132 0.00395727
11 0.170943 0.692479 0.0526252 0.0345717 0.00392668
0 0.742052 0.631081 0.0718692 0.0656978 0.00382111
34 0.140206 0.695888 0.0421455 0.0396166 0.00376859
0 0.670012 0.583771 0.0773565 0.0686334 0.0037497
19 0.18574 0.727214 0.122601 0.186604 0.00373541
11 0.749281 0.579654 0.0743359 0.104841 0.00371254
54 0.694965 0.619245 0.0338657 0.0177569 0.00369749
18 0.496636 0.665484 0.116979 0.21414 0.00366861
11 0.503768 0.613649 0.0543371 0.194671 0.00366514
43 0.531374 0.606453 0.125433 0.030037 0.00365945
9 0.752895 0.698513 0.0744655 0.153388 0.00363229
2 0.036376 0.171035 0.00853901 0.0123132 0.00362123
20 0.6722 0.614174 0.0760741 0.017993 0.00360201
0 0.487459 0.571675 0.0225678 0.0720554 0.00358903
42 0.602704 0.636159 0.0318885 0.0724319 0.00357107
10 0.776628 0.625402 0.0267147 0.0180508 0.00348957
11 0.113293 0.698453 0.0553703 0.0506151 0.00346969
2 0.554006 0.0847814 0.0190071 0.0436689 0.00346731
10 0.967604 0.727747 0.0641365 0.0332618 0.003393
31 0.639383 0.597822 0.0118336 0.0346162 0.00337623
31 0.56996 0.600698 0.039439 0.0395403 0.00332794
13 0.50906 0.671616 0.061101 0.0679129 0.00332562
9 0.606725 0.714177 0.0692438 0.121373 0.00330462
11 0.554265 0.591752 0.0501783 0.049551 0.00329253
42 0.683795 0.705593 0.0891739 0.151305 0.00329182
9 0.159095 0.705632 0.0347825 0.0271888 0.00329055
9 0.56996 0.600698 0.039439 0.0395403 0.00328788
34 0.714781 0.618613 0.0239311 0.0203637 0.00327487
10 0.524026 0.709203 0.0291334 0.102812 0.00326444
20 0.677469 0.616442 0.0502965 0.0226359 0.00324409
18 0.674118 0.567616 0.0605379 0.0959327 0.00322814
34 0.6722 0.614174 0.0760741 0.017993 0.00319987
18 0.639383 0.597822 0.0118336 0.0346162 0.00319838
43 0.710446 0.707664 0.156185 0.158489 0.00315961
54 0.544731 0.592572 0.0390237 0.0529494 0.00314858
19 0.527166 0.640076 0.1384 0.0498877 0.0030767
17 0.505918 0.689141 0.0691628 0.145781 0.00303279
18 0.518867 0.601115 0.0357165 0.0405906 0.00301922
9 0.714781 0.618613 0.0239311 0.0203637 0.00299918
51 0.55448 0.594378 0.00973474 0.0485014 0.00299643
10 0.96573 0.70026 0.0680523 0.0855289 0.00297377
11 0.0546066 0.823256 0.0638272 0.0780317 0.00293407
20 0.720275 0.598787 0.0143354 0.0421227 0.00291346
18 0.521295 0.667053 0.147811 0.107716 0.00287644
17 0.601994 0.609289 0.0275533 0.0272457 0.00286484
2 0.0588026 0.194969 0.0133528 0.0200205 0.0028554
51 0.714781 0.618613 0.0239311 0.0203637 0.00285438
54 0.714781 0.618613 0.0239311 0.0203637 0.00278863
42 0.56996 0.600698 0.039439 0.0395403 0.00274503
11 0.125703 0.708136 0.0731299 0.069257 0.00274007
0 0.491109 0.557242 0.0274824 0.0583187 0.00270454
9 0.994305 0.554748 0.0110195 0.0544218 0.00267681
11 0.528502 0.624629 0.129887 0.0547614 0.00263856
34 0.602898 0.6122 0.0265104 0.0259963 0.00261423
18 0.942884 0.778547 0.113423 0.140676 0.00257231
54 0.709106 0.611139 0.0176847 0.026937 0.0025712
10 0.980874 0.697453 0.0370753 0.0912058 0.00253729
