4 0.889864 0.766608 0.200225 0.221272 0.942402
4 0.960593 0.814805 0.0754505 0.214077 0.913309
4 0.764562 0.764399 0.0860038 0.155439 0.900236
1 0.709365 0.634869 0.0353725 0.0918901 0.894375
4 0.549386 0.749705 0.118061 0.120531 0.879199
4 0.692628 0.761761 0.0771654 0.112139 0.869629
1 0.585098 0.634126 0.0305349 0.0912775 0.866983
8 0.632297 0.808363 0.0584206 0.146931 0.850688
6 0.547068 0.670927 0.079795 0.043553 0.754941
0 0.627899 0.768165 0.053338 0.164926 0.716995
4 0.447874 0.736156 0.0795219 0.102914 0.701587
4 0.387188 0.727325 0.0714478 0.0571106 0.679874
4 0.334708 0.724783 0.0492764 0.0479571 0.674905
4 0.172838 0.714608 0.0400721 0.0400099 0.659508
4 0.402199 0.728677 0.0441181 0.0585252 0.537799
4 0.497429 0.730863 0.053654 0.0885523 0.516352
4 0.208236 0.718865 0.0424673 0.0430005 0.389353
4 0.0734713 0.713864 0.0331632 0.0365636 0.365247
1 0.599243 0.602669 0.0614081 0.103864 0.274643
4 0.62795 0.767137 0.0595867 0.156111 0.235876
4 0.136069 0.715341 0.0337964 0.0358624 0.233553
4 0.669165 0.730233 0.0491606 0.0493197 0.230759
4 0.0158092 0.716231 0.0280907 0.0282503 0.223113
4 0.671408 0.744511 0.0501364 0.0795515 0.220965
4 0.300006 0.725528 0.0235754 0.0373249 0.190181
4 0.0459417 0.712759 0.0373462 0.037192 0.187655
4 0.372873 0.726237 0.0445818 0.0552859 0.172576
4 0.059408 0.712903 0.0380197 0.0377755 0.153867
2 0.607902 0.543707 0.00679767 0.0122841 0.139335
4 0.278807 0.727128 0.0274378 0.0335365 0.137743
4 0.291295 0.726133 0.0293723 0.035393 0.135471
4 0.0361753 0.713365 0.0289342 0.034033 0.134755
4 0.269433 0.726535 0.0280047 0.0338502 0.128728
4 0.254782 0.724901 0.0265105 0.0358149 0.114258
4 0.356084 0.724528 0.0334307 0.0502445 0.104191
4 0.110716 0.714505 0.0386567 0.0362303 0.0814586
4 0.248594 0.72463 0.0211778 0.03515 0.079894
15 0.547194 0.671458 0.0786784 0.0448045 0.0728111
4 0.604523 0.695206 0.0341694 0.0289127 0.069614
4 0.088465 0.713823 0.03641 0.0355323 0.0693909
4 0.220006 0.721173 0.0626702 0.0423372 0.0613189
4 0.264113 0.722751 0.0301525 0.0400412 0.0605474
1 0.621892 0.595212 0.0149529 0.0954968 0.0578442
4 0.488748 0.683883 0.0371274 0.0115051 0.0457533
7 0.405422 0.0172599 0.0276949 0.0325579 0.0419041
7 0.494002 0.0203811 0.0248936 0.0395322 0.0415703
4 0.477723 0.683478 0.0475973 0.0120192 0.0361523
6 0.17247 0.714664 0.0386142 0.0409732 0.0360904
1 0.590299 0.613294 0.0407622 0.130208 0.0350646
4 0.668538 0.720444 0.0435441 0.0334456 0.0312543
4 0.617867 0.748695 0.0572634 0.118443 0.0303223
4 0.547891 0.671104 0.0793268 0.0443879 0.0286087
6 0.585277 0.632954 0.0314142 0.0934112 0.0266015
7 0.484866 0.0210425 0.0384399 0.0407723 0.0264071
4 0.644617 0.762035 0.0716154 0.117436 0.0246451
4 0.0105502 0.723822 0.0193727 0.0315465 0.0231896
4 0.604534 0.704611 0.0332074 0.0379319 0.0197464
4 0.581731 0.751357 0.0676857 0.11673 0.0191938
4 0.561716 0.689532 0.051893 0.0199425 0.0191292
4 0.605916 0.741578 0.0415707 0.103626 0.0190149
4 0.61013 0.709726 0.0406921 0.0429595 0.0186631
4 0.639393 0.69795 0.0183365 0.0176973 0.0175145
2 0.607733 0.538091 0.00797919 0.0177311 0.0149182
4 0.457331 0.700558 0.0653377 0.0391766 0.0131511
4 0.663279 0.69871 0.040469 0.0184125 0.013046
2 0.627573 0.544323 0.00655969 0.0127681 0.0125374
4 0.604265 0.68705 0.0343658 0.0199658 0.0120587
2 0.597536 0.545051 0.011467 0.0143065 0.0120571
4 0.689296 0.722237 0.061108 0.0312543 0.00998507
4 0.414003 0.730212 0.0218609 0.0570922 0.00952742
4 0.516761 0.740183 0.0688533 0.101545 0.00899454
2 0.612529 0.543877 0.0140032 0.0137652 0.00881888
4 0.429705 0.694891 0.0205277 0.0206579 0.00874403
1 0.71084 0.665449 0.0334343 0.0337817 0.00821494
15 0.409894 0.683677 0.0405607 0.0332217 0.00808439
4 0.666666 0.695708 0.0287822 0.0189036 0.00783049
4 0.409441 0.684332 0.0415716 0.0354933 0.00738066
4 0.438203 0.724184 0.0607896 0.0784069 0.00693401
4 0.465255 0.684237 0.0328094 0.0128148 0.00675294
6 0.206156 0.717004 0.0399912 0.0434748 0.00674247
1 0.549453 0.669129 0.0818296 0.0398384 0.00654223
5 0.409441 0.684332 0.0415716 0.0354933 0.00624454
4 0.707608 0.694988 0.0526709 0.0322067 0.00614066
4 0.449375 0.70835 0.0689885 0.0517038 0.0060295
13 0.630585 0.697803 0.0188116 0.0201983 0.00584697
4 0.395396 0.688896 0.0692239 0.0413967 0.00575884
12 0.556052 0.671844 0.0616868 0.0442536 0.00573464
0 0.630585 0.697803 0.0188116 0.0201983 0.00525525
4 0.630585 0.697803 0.0188116 0.0201983 0.0050339
4 0.593456 0.683671 0.0148804 0.0139503 0.00483031
0 0.644364 0.712691 0.0271595 0.0440205 0.00479847
4 0.492625 0.699461 0.0604109 0.0380289 0.00452434
6 0.492586 0.683928 0.0386232 0.0119189 0.00449158
8 0.628842 0.766936 0.0585489 0.163506 0.00442931
4 0.644364 0.712691 0.0271595 0.0440205 0.00424683
2 0.579336 0.4763 0.00885614 0.0224694 0.00420424
1 0.6063 0.617419 0.0209072 0.0861818 0.00420023
4 0.691473 0.695012 0.0695144 0.0306505 0.0041776
0 0.617593 0.75247 0.0553523 0.12409 0.00414106
4 0.532775 0.693312 0.0436742 0.0187234 0.00410528
1 0.565143 0.664 0.0624703 0.0456583 0.00397407
4 0.63634 0.782882 0.0518242 0.125449 0.00387992
1 0.409894 0.683677 0.0405607 0.0332217 0.00379667
6 0.60505 0.697769 0.034919 0.0272464 0.00378345
0 0.631214 0.705768 0.0322842 0.0336822 0.00377829
4 0.559797 0.683163 0.054283 0.0342736 0.0037757
12 0.409894 0.683677 0.0405607 0.0332217 0.00373088
4 0.688565 0.732528 0.0762553 0.0594026 0.00368586
4 0.123878 0.716218 0.039804 0.0386817 0.00352598
6 0.477723 0.683478 0.0475973 0.0120192 0.00349028
8 0.611902 0.757177 0.0374749 0.118891 0.00337926
8 0.63634 0.782882 0.0518242 0.125449 0.00325062
8 0.587975 0.754949 0.0602766 0.110307 0.00321716
4 0.00287404 0.719424 0.00574808 0.0236786 0.00300979
6 0.604265 0.68705 0.0343658 0.0199658 0.00294587
2 0.492805 0.0196209 0.0256924 0.0392418 0.00293235
4 0.442958 0.684774 0.0110903 0.0135588 0.00258786
15 0.585277 0.632954 0.0314142 0.0934112 0.00241974
0 0.644617 0.762035 0.0716154 0.117436 0.00234326
4 0.558462 0.70767 0.0388818 0.0338764 0.00230419
4 0.670795 0.692756 0.023436 0.0209947 0.00227212
4 0.567345 0.7072 0.0379811 0.0287176 0.00212818
0 0.669297 0.742315 0.0532244 0.0755744 0.00211458
4 0.0288699 0.718327 0.0212693 0.0345621 0.0020905
4 0.0474724 0.707997 0.0532938 0.04519 0.00204407
6 0.698183 0.695848 0.0669717 0.0306871 0.00201145
4 0.0140487 0.729984 0.0254987 0.041399 0.00200263
17 0.630585 0.697803 0.0188116 0.0201983 0.00198557
6 0.408704 0.684321 0.0404631 0.0342151 0.00198447
0 0.63634 0.782882 0.0518242 0.125449 0.00196414
6 0.524 0.673043 0.0313895 0.0322886 0.00195193
15 0.477723 0.683478 0.0475973 0.0120192 0.00187425
22 0.709535 0.635361 0.0358576 0.0932008 0.0018461
2 0.612475 0.538897 0.0137247 0.021069 0.00175244
4 0.712118 0.720171 0.0305871 0.0239095 0.00174021
6 0.565143 0.664 0.0624703 0.0456583 0.00173912
4 0.536477 0.721846 0.0896439 0.0688093 0.00172641
6 0.593456 0.683671 0.0148804 0.0139503 0.00168279
8 0.620095 0.783242 0.0440009 0.10401 0.00166713
0 0.639393 0.69795 0.0183365 0.0176973 0.00166611
4 0.00142294 0.726786 0.00284587 0.0372628 0.00165599
6 0.136069 0.715341 0.0337964 0.0358624 0.0016299
6 0.497906 0.668779 0.0551789 0.0284238 0.00161665
0 0.604523 0.695206 0.0341694 0.0289127 0.001596
4 0.00877351 0.732207 0.0168981 0.0468183 0.00154796
6 0.483953 0.675856 0.0524487 0.0254518 0.0014639
42 0.639393 0.69795 0.0183365 0.0176973 0.00142496
4 0.247555 0.718799 0.0272669 0.046216 0.00142385
4 0.57551 0.714626 0.0463159 0.0433324 0.00135621
4 0.662741 0.767167 0.0675797 0.105092 0.0013106
6 0.492625 0.699461 0.0604109 0.0380289 0.00126031
7 0.607902 0.543707 0.00679767 0.0122841 0.00125858
4 0.304759 0.719369 0.0505296 0.0492252 0.00122566
0 0.604534 0.704611 0.0332074 0.0379319 0.00118424
2 0.51988 0.494605 0.00677179 0.0157556 0.00116715
7 0.407041 0.0269489 0.0304059 0.0524992 0.00116262
12 0.599841 0.609609 0.0593918 0.111781 0.00114016
5 0.604523 0.695206 0.0341694 0.0289127 0.0011046
0 0.593456 0.683671 0.0148804 0.0139503 0.00110223
0 0.442958 0.684774 0.0110903 0.0135588 0.00109341
24 0.547248 0.670304 0.0776517 0.0450814 0.00106625
4 0.524 0.673043 0.0313895 0.0322886 0.00103308
0 0.61013 0.709726 0.0406921 0.0429595 0.0010211
6 0.561716 0.689532 0.051893 0.0199425 0.00101726
2 0.584824 0.633754 0.0312936 0.0911084 0.00101259
15 0.488748 0.683883 0.0371274 0.0115051 0.00100605
