4 0.714857 0.594266 0.0688693 0.0611441 0.891061
4 0.0639776 0.580965 0.127706 0.061832 0.878641
7 0.829259 0.252408 0.0329155 0.0416808 0.874701
4 0.187439 0.586762 0.104503 0.067703 0.860288
5 0.768959 0.595049 0.0417361 0.0521265 0.846842
7 0.7731 0.263924 0.0216787 0.0770744 0.839061
4 0.910772 0.59441 0.0340435 0.0259647 0.83086
1 0.964622 0.474921 0.0344162 0.116287 0.799088
8 0.399847 0.626256 0.0702935 0.0849804 0.745499
4 0.846748 0.594091 0.034642 0.0284171 0.672493
8 0.86513 0.612707 0.0223751 0.0374461 0.58915
4 0.816404 0.590643 0.0305402 0.0284533 0.561659
8 0.382965 0.618768 0.100567 0.0864795 0.548865
0 0.864559 0.604194 0.0215701 0.0495804 0.500273
4 0.879883 0.594264 0.033848 0.0257713 0.472864
1 0.0421459 0.518487 0.0228559 0.0192157 0.448637
0 0.403133 0.610422 0.0327875 0.107055 0.42696
0 0.412719 0.6099 0.0239244 0.105532 0.39022
4 0.768982 0.594785 0.0419459 0.0515669 0.273973
0 0.569114 0.586746 0.0130131 0.0429865 0.208854
4 0.809129 0.590107 0.0230204 0.0280816 0.200169
0 0.376961 0.600168 0.0288887 0.0849951 0.197145
8 0.446519 0.602002 0.0282416 0.0420219 0.188206
0 0.992665 0.592792 0.00953833 0.0293169 0.183761
4 0.954928 0.579778 0.033046 0.0366777 0.180148
0 0.375205 0.578685 0.0170299 0.0437701 0.179013
0 0.99194 0.609446 0.0118141 0.0604515 0.140634
4 0.99195 0.613002 0.0120211 0.0643777 0.124897
0 0.371468 0.585688 0.0324562 0.0568838 0.116581
6 0.971905 0.576914 0.0494074 0.0444413 0.108681
14 0.99195 0.613002 0.0120211 0.0643777 0.100435
0 0.413876 0.602235 0.0150161 0.0935788 0.0994163
8 0.43058 0.61586 0.0302186 0.0613232 0.0961499
25 0.63388 0.581292 0.0345477 0.075589 0.0949767
4 0.970086 0.577779 0.0529864 0.0437552 0.092345
5 0.809129 0.590107 0.0230204 0.0280816 0.0805761
4 0.0190014 0.584201 0.0371633 0.0572678 0.0779372
8 0.757796 0.605054 0.0196584 0.0407804 0.0777111
5 0.816283 0.591092 0.0322608 0.0279389 0.0749301
8 0.44003 0.61284 0.0399536 0.0631498 0.0747623
6 0.768204 0.595296 0.0428142 0.0514399 0.0742489
4 0.866368 0.596841 0.0213658 0.0395688 0.0607819
4 0.862906 0.602057 0.0237064 0.0386204 0.0599964
4 0.00845423 0.587099 0.0157503 0.0554165 0.0580307
3 0.540388 0.590551 0.0162603 0.0304119 0.0558978
3 0.567889 0.587418 0.0137554 0.0399755 0.0551123
8 0.62665 0.60059 0.0163536 0.0373615 0.0502137
3 0.212451 0.59478 0.0570452 0.0590098 0.0486044
6 0.962263 0.57872 0.0484373 0.0388499 0.0482824
8 0.365701 0.583594 0.0394116 0.0358961 0.0473498
4 0.992665 0.592792 0.00953833 0.0293169 0.0471918
3 0.222319 0.600111 0.0377845 0.0462489 0.044242
0 0.76787 0.596113 0.0405978 0.0526411 0.0440582
5 0.436099 0.614769 0.0312237 0.0645092 0.0434469
5 0.443146 0.610566 0.0324706 0.0584577 0.0431204
3 0.625643 0.598384 0.0143038 0.0373086 0.0388822
0 0.623776 0.599106 0.0123913 0.0366531 0.038716
8 0.677816 0.600061 0.0145535 0.0284395 0.0378351
5 0.99195 0.613002 0.0120211 0.0643777 0.0368354
3 0.444874 0.600703 0.0236121 0.0405936 0.036477
0 0.852507 0.594743 0.0428174 0.030084 0.0355882
8 0.34923 0.586684 0.027706 0.0371473 0.035556
3 0.757796 0.605054 0.0196584 0.0407804 0.0354623
8 0.368114 0.596331 0.0598237 0.0526814 0.0348925
4 0.760821 0.590433 0.0302619 0.048129 0.032643
8 0.398777 0.615931 0.0454777 0.099133 0.0325379
0 0.185882 0.585151 0.100641 0.0642061 0.032424
5 0.447674 0.601484 0.0290567 0.0392707 0.0319306
3 0.248529 0.606683 0.0201752 0.0392557 0.0317699
8 0.373978 0.606642 0.0381919 0.0937125 0.0316632
25 0.651578 0.583144 0.0658879 0.0634564 0.0307589
19 0.62665 0.60059 0.0163536 0.0373615 0.0299848
1 0.880252 0.544962 0.011821 0.0346067 0.0276539
3 0.559432 0.586253 0.0171213 0.0388279 0.0269468
0 0.421125 0.593565 0.0271933 0.0681472 0.0264693
3 0.227918 0.604805 0.0282889 0.0441955 0.0264187
0 0.275364 0.580321 0.0129428 0.0609596 0.0262968
15 0.962263 0.57872 0.0484373 0.0388499 0.0261679
3 0.86513 0.612707 0.0223751 0.0374461 0.0252162
42 0.867254 0.570902 0.0163145 0.0177034 0.0246907
8 0.744907 0.611363 0.011743 0.0314947 0.0240192
2 0.894726 0.454291 0.0072168 0.0107541 0.0239436
1 0.675338 0.529443 0.0116226 0.0250387 0.0229766
8 0.85269 0.599376 0.0435159 0.033975 0.0222056
14 0.818065 0.591595 0.0267958 0.0286582 0.0221088
1 0.871523 0.552844 0.0122794 0.0263077 0.0211464
0 0.429667 0.605656 0.0308556 0.071503 0.0204143
3 0.744907 0.611363 0.011743 0.0314947 0.0199732
18 0.62665 0.60059 0.0163536 0.0373615 0.0194339
0 0.678204 0.593206 0.0149332 0.0266405 0.0184917
12 0.962263 0.57872 0.0484373 0.0388499 0.0179754
0 0.757796 0.605054 0.0196584 0.0407804 0.0173292
0 0.746407 0.601044 0.0127 0.0472115 0.0170762
3 0.34923 0.586684 0.027706 0.0371473 0.0167555
17 0.414906 0.558955 0.0114609 0.0226384 0.0163095
8 0.371468 0.585688 0.0324562 0.0568838 0.0152415
3 0.398154 0.624089 0.0741059 0.0871342 0.0150606
18 0.567889 0.587418 0.0137554 0.0399755 0.0149474
8 0.992087 0.617324 0.0124555 0.0554638 0.014919
1 0.91543 0.561401 0.0107723 0.0180006 0.0147884
0 0.809129 0.590107 0.0230204 0.0280816 0.0146642
5 0.757796 0.605054 0.0196584 0.0407804 0.0145345
3 0.535777 0.588841 0.0117233 0.0291053 0.0143913
18 0.538218 0.590646 0.0133737 0.0295696 0.0143167
0 0.289378 0.581419 0.0139281 0.0649644 0.0137496
8 0.38115 0.621 0.0505022 0.0825453 0.013253
4 0.365701 0.583594 0.0394116 0.0358961 0.0132457
4 0.382785 0.613511 0.0969478 0.0978895 0.012849
19 0.633826 0.603022 0.0226794 0.0287569 0.0128434
0 0.560205 0.583929 0.0168107 0.040951 0.0126744
0 0.594433 0.567894 0.013762 0.071869 0.0122401
5 0.369696 0.615828 0.073875 0.0922686 0.0115473
5 0.954928 0.579778 0.033046 0.0366777 0.0110058
3 0.365701 0.583594 0.0394116 0.0358961 0.0105971
0 0.444874 0.600703 0.0236121 0.0405936 0.0100909
6 0.816283 0.591092 0.0322608 0.0279389 0.010087
25 0.628382 0.580324 0.0210765 0.0771092 0.00983184
25 0.962263 0.57872 0.0484373 0.0388499 0.00974177
8 0.678204 0.593206 0.0149332 0.0266405 0.00971846
2 0.964864 0.216048 0.014032 0.0206775 0.00941096
4 0.736034 0.577081 0.0445552 0.0254172 0.00903983
3 0.560194 0.589994 0.0266657 0.039236 0.00895908
3 0.574285 0.588723 0.0169294 0.0403258 0.00891169
4 0.448339 0.599604 0.027955 0.0358405 0.00890946
8 0.373693 0.5782 0.0152625 0.0424321 0.0087901
8 0.76787 0.596113 0.0405978 0.0526411 0.00876085
5 0.992665 0.592792 0.00953833 0.0293169 0.00860174
4 0.987071 0.607574 0.0210537 0.0492604 0.00847935
3 0.436099 0.614769 0.0312237 0.0645092 0.00839461
4 0.933653 0.560039 0.0178359 0.0142106 0.00833732
3 0.444313 0.609594 0.0326358 0.0594734 0.00818352
12 0.652695 0.581465 0.0681106 0.0583545 0.00817012
12 0.628197 0.581025 0.021628 0.0755724 0.00811836
14 0.569571 0.587762 0.0131798 0.0427869 0.00811768
12 0.634975 0.578032 0.0408358 0.081119 0.00807143
15 0.971905 0.576914 0.0494074 0.0444413 0.0080276
3 0.677816 0.600061 0.0145535 0.0284395 0.00800273
13 0.414906 0.558955 0.0114609 0.0226384 0.00800157
3 0.429019 0.611403 0.0339936 0.0590054 0.00797043
8 0.397155 0.606259 0.0282422 0.0965236 0.00786648
8 0.34801 0.581599 0.0171614 0.0406783 0.00785896
0 0.2605 0.561019 0.0141486 0.0319987 0.0077671
0 0.867254 0.570902 0.0163145 0.0177034 0.0077205
2 0.0790418 0.339865 0.00989111 0.0170372 0.00767603
6 0.809129 0.590107 0.0230204 0.0280816 0.00757378
3 0.604262 0.602042 0.0140624 0.0337053 0.00756186
12 0.971905 0.576914 0.0494074 0.0444413 0.00733231
2 0.883731 0.455416 0.00907819 0.00913568 0.00725334
4 0.392467 0.600615 0.0689866 0.0896748 0.00722022
14 0.623808 0.600436 0.0122502 0.034478 0.00708832
4 0.931741 0.555727 0.0204677 0.0174968 0.007019
8 0.633826 0.603022 0.0226794 0.0287569 0.00700105
8 0.992665 0.592792 0.00953833 0.0293169 0.00698765
1 0.966686 0.555162 0.015288 0.0189695 0.00698476
22 0.864864 0.617274 0.019687 0.0320085 0.00694741
8 0.868919 0.608252 0.0236801 0.0406177 0.00688089
1 0.989647 0.472202 0.016428 0.121501 0.0068135
3 0.34801 0.581599 0.0171614 0.0406783 0.00681162
7 0.816031 0.544501 0.00744049 0.0237618 0.00669214
5 0.864475 0.613181 0.0227682 0.036936 0.00660153
0 0.398154 0.624089 0.0741059 0.0871342 0.00656465
18 0.30952 0.601424 0.0162776 0.0365262 0.00649529
1 0.260717 0.560868 0.0139555 0.0354514 0.00649271
2 0.468448 0.47701 0.0111086 0.0142516 0.00645526
0 0.205481 0.583732 0.0288333 0.0646012 0.00631498
6 0.933653 0.560039 0.0178359 0.0142106 0.00631152
4 0.151438 0.563486 0.0311679 0.0232931 0.00628962
3 0.596966 0.59157 0.0128709 0.0271015 0.00623492
3 0.633826 0.603022 0.0226794 0.0287569 0.00619326
1 0.829527 0.252036 0.0330477 0.0424444 0.00619052
0 0.596966 0.59157 0.0128709 0.0271015 0.00611968
1 0.0416006 0.546685 0.0150528 0.0190404 0.00590617
1 0.894582 0.556463 0.0132729 0.0180952 0.00589256
0 0.373299 0.557242 0.0124429 0.0193132 0.0058255
0 0.594619 0.557986 0.0104251 0.0521122 0.00576126
1 0.628382 0.580324 0.0210765 0.0771092 0.00576025
14 0.809129 0.590107 0.0230204 0.0280816 0.0057118
3 0.30952 0.601424 0.0162776 0.0365262 0.0056744
5 0.429019 0.611403 0.0339936 0.0590054 0.0056631
8 0.569571 0.587762 0.0131798 0.0427869 0.00562929
8 0.632232 0.596146 0.0270345 0.0356128 0.00559879
3 0.190901 0.591682 0.10018 0.0654727 0.00558095
14 0.540388 0.590551 0.0162603 0.0304119 0.00554165
5 0.399274 0.623835 0.0722798 0.0878266 0.0055373
5 0.876714 0.594751 0.0380086 0.0292077 0.00552456
14 0.986977 0.611701 0.0224565 0.0589988 0.00547056
1 0.942335 0.519219 0.0164667 0.0391464 0.00546212
4 0.805439 0.58053 0.0131144 0.029889 0.00529035
8 0.311259 0.599433 0.0169211 0.0356833 0.00517384
0 0.744907 0.611363 0.011743 0.0314947 0.00512424
14 0.448339 0.599604 0.027955 0.0358405 0.00507034
8 0.746407 0.601044 0.0127 0.0472115 0.00505223
8 0.862906 0.602057 0.0237064 0.0386204 0.00500273
3 0.600471 0.594169 0.0121901 0.0260812 0.00500241
6 0.715023 0.59384 0.0705381 0.0618918 0.00497095
13 0.373693 0.5782 0.0152625 0.0424321 0.0049581
1 0.0241603 0.513139 0.0123189 0.0262565 0.00494488
5 0.71496 0.594383 0.0702343 0.0626967 0.00493691
2 0.918384 0.45718 0.00919196 0.0107638 0.00476171
1 0.871596 0.533145 0.0112657 0.0506664 0.00475556
0 0.261544 0.574048 0.0154909 0.0586568 0.00474077
8 0.214397 0.601906 0.0524932 0.0483723 0.00466119
14 0.628817 0.601503 0.0217736 0.0362343 0.0046224
4 0.677816 0.600061 0.0145535 0.0284395 0.00461005
3 0.268627 0.591557 0.0219397 0.0399213 0.00458135
4 0.746407 0.601044 0.0127 0.0472115 0.00457729
8 0.81479 0.591251 0.033728 0.0284447 0.00456125
4 0.176147 0.564624 0.0794423 0.0258328 0.00450643
0 0.793136 0.586872 0.0146591 0.0282252 0.00448908
2 0.901317 0.45339 0.00927673 0.0087664 0.00448731
1 0.917334 0.563486 0.0159961 0.0167596 0.00446695
8 0.407904 0.610443 0.0366897 0.107881 0.0044321
25 0.462707 0.571093 0.0458965 0.0241511 0.0043739
3 0.632232 0.596146 0.0270345 0.0356128 0.00428969
0 0.862319 0.574051 0.0175686 0.0207998 0.00426234
6 0.977829 0.550967 0.0357697 0.0248737 0.00425246
1 0.816031 0.544501 0.00744049 0.0237618 0.00424657
14 0.992665 0.592792 0.00953833 0.0293169 0.00415534
13 0.373299 0.557242 0.0124429 0.0193132 0.00415196
8 0.674672 0.599395 0.0140756 0.0211202 0.00413235
1 0.0317142 0.505641 0.0233382 0.0404553 0.00412723
0 0.275788 0.591351 0.0148787 0.0403132 0.00411994
0 0.876714 0.594751 0.0380086 0.0292077 0.00402781
1 0.916673 0.556815 0.0137144 0.0185696 0.00389858
8 0.33949 0.591201 0.0246347 0.0425296 0.00389644
1 0.86285 0.56326 0.0114289 0.0140026 0.00386155
4 0.678204 0.593206 0.0149332 0.0266405 0.00385044
8 0.855141 0.607338 0.0350383 0.0365093 0.00382364
1 0.867254 0.570902 0.0163145 0.0177034 0.00380397
4 0.91543 0.561401 0.0107723 0.0180006 0.00377686
19 0.632493 0.609974 0.0255388 0.0352275 0.00375954
5 0.625643 0.598384 0.0143038 0.0373086 0.00374735
6 0.778574 0.582181 0.0224354 0.0355153 0.00363857
3 0.33949 0.591201 0.0246347 0.0425296 0.00363668
0 0.677816 0.600061 0.0145535 0.0284395 0.00362378
0 0.805439 0.58053 0.0131144 0.029889 0.00358462
0 0.577268 0.581763 0.0123765 0.0366817 0.00351554
1 0.896919 0.565579 0.0203861 0.0280242 0.00351544
2 0.895536 0.443464 0.00881775 0.0169195 0.00349722
1 0.741203 0.556083 0.0331148 0.0250104 0.00344936
4 0.632232 0.596146 0.0270345 0.0356128 0.00343298
4 0.867254 0.570902 0.0163145 0.0177034 0.00343196
14 0.559432 0.586253 0.0171213 0.0388279 0.00341561
7 0.594619 0.557986 0.0104251 0.0521122 0.0033236
22 0.311205 0.601885 0.0168593 0.0313698 0.00331103
6 0.847831 0.593775 0.0363242 0.0279767 0.00330105
8 0.308486 0.608958 0.0355023 0.0520993 0.00328935
19 0.62841 0.606921 0.0167232 0.0359563 0.00326297
14 0.744907 0.611363 0.011743 0.0314947 0.00318707
4 0.942593 0.55586 0.0148853 0.0190498 0.00317793
17 0.413583 0.606694 0.0156442 0.100158 0.00315102
18 0.447674 0.601484 0.0290567 0.0392707 0.00313403
3 0.260804 0.577986 0.0185091 0.0667196 0.00312239
4 0.128541 0.587335 0.0715783 0.0489946 0.0030616
12 0.917334 0.563486 0.0159961 0.0167596 0.0030572
14 0.757796 0.605054 0.0196584 0.0407804 0.00304723
4 0.85269 0.599376 0.0435159 0.033975 0.00303107
0 0.520993 0.578037 0.011085 0.0191117 0.00301813
3 0.273316 0.584143 0.0131057 0.0532553 0.00300026
6 0.805439 0.58053 0.0131144 0.029889 0.00298389
13 0.867254 0.570902 0.0163145 0.0177034 0.00298254
3 0.598178 0.598198 0.0124214 0.0278886 0.00295466
0 0.34801 0.581599 0.0171614 0.0406783 0.00291336
42 0.954926 0.576715 0.0333533 0.0341421 0.00290623
4 0.0662488 0.556933 0.0565315 0.020306 0.00286636
6 0.942593 0.55586 0.0148853 0.0190498 0.00282813
0 0.91543 0.561401 0.0107723 0.0180006 0.00281206
3 0.674672 0.599395 0.0140756 0.0211202 0.00280585
25 0.45435 0.570393 0.024146 0.0200268 0.0028002
4 0.399773 0.623792 0.0710438 0.0895593 0.00279508
14 0.768345 0.594709 0.0424135 0.0516589 0.00279234
32 0.448339 0.599604 0.027955 0.0358405 0.00278682
8 0.540388 0.590551 0.0162603 0.0304119 0.00276941
3 0.586494 0.587684 0.0107147 0.0343635 0.00275336
14 0.446614 0.609919 0.0312302 0.0570869 0.00274241
25 0.867254 0.570902 0.0163145 0.0177034 0.0027316
1 0.933653 0.560039 0.0178359 0.0142106 0.00272485
22 0.520993 0.578037 0.011085 0.0191117 0.00270571
6 0.931741 0.555727 0.0204677 0.0174968 0.0026426
0 0.446569 0.583784 0.0202967 0.0441346 0.00262748
6 0.90431 0.565333 0.0303192 0.0230932 0.00262018
4 0.139242 0.556683 0.0230165 0.0301962 0.00261642
2 0.069758 0.345042 0.0144816 0.0359186 0.0026072
15 0.933653 0.560039 0.0178359 0.0142106 0.00260628
1 0.886977 0.559537 0.0111035 0.0179417 0.00260483
3 0.85269 0.599376 0.0435159 0.033975 0.0025453
17 0.41022 0.558719 0.015704 0.0220432 0.00254101
1 0.8604 0.540507 0.0123625 0.0401611 0.00253013
25 0.933653 0.560039 0.0178359 0.0142106 0.00251824
0 0.724466 0.594642 0.0676567 0.0566558 0.00251396
4 0.371468 0.585688 0.0324562 0.0568838 0.00251311
3 0.368114 0.596331 0.0598237 0.0526814 0.00247267
3 0.628817 0.601503 0.0217736 0.0362343 0.00245341
3 0.31247 0.594639 0.0202793 0.0450687 0.00245101
2 0.762969 0.444619 0.00884992 0.0133724 0.00244053
3 0.246648 0.595735 0.0294355 0.047799 0.00243731
4 0.793136 0.586872 0.0146591 0.0282252 0.00243249
25 0.619893 0.579439 0.0274753 0.0756597 0.00243171
2 0.513602 0.436243 0.0100414 0.0157032 0.00241606
0 0.365701 0.583594 0.0394116 0.0358961 0.00238972
