3 0.54544 0.887489 0.299892 0.223749 0.937048
8 0.722372 0.836126 0.106794 0.190127 0.799008
2 0.570546 0.249238 0.0485579 0.0582699 0.783834
8 0.827391 0.804529 0.118944 0.153935 0.757351
0 0.789554 0.769203 0.0547203 0.217642 0.748897
2 0.48017 0.228119 0.0462341 0.0466077 0.710863
4 0.360531 0.650861 0.0592321 0.0370194 0.620518
2 0.514651 0.261013 0.0170042 0.0216535 0.584428
14 0.648486 0.828651 0.168455 0.171305 0.518881
4 0.142247 0.646921 0.0492344 0.0565508 0.496388
4 0.927606 0.689121 0.0240269 0.0233487 0.435237
4 0.334011 0.650037 0.0263413 0.0321273 0.419615
4 0.556895 0.660123 0.0279214 0.0262168 0.410757
4 0.497187 0.658162 0.0370203 0.029298 0.38223
1 0.261987 0.599404 0.0115615 0.0324499 0.381916
4 0.191454 0.640382 0.027733 0.0382769 0.333485
8 0.731795 0.693037 0.0236165 0.0370368 0.332369
8 0.981357 0.707716 0.0197436 0.03723 0.313328
4 0.239277 0.632874 0.030238 0.0185999 0.309995
4 0.509163 0.659879 0.0563058 0.0299953 0.277689
4 0.398385 0.657414 0.0673583 0.0457432 0.253585
1 0.254446 0.596099 0.00947179 0.0322431 0.24522
4 0.83761 0.67066 0.0222341 0.014557 0.238832
4 0.487711 0.658469 0.0211582 0.0281442 0.237581
4 0.835836 0.684701 0.0262107 0.0271159 0.236685
5 0.639675 0.729956 0.157522 0.370518 0.230815
0 0.239505 0.655347 0.013212 0.0208043 0.226038
8 0.705096 0.693941 0.0188233 0.034417 0.224608
8 0.892114 0.689168 0.0155733 0.0253383 0.211008
4 0.944467 0.681629 0.0337459 0.0306221 0.205043
4 0.534186 0.66026 0.0487231 0.0296908 0.201022
8 0.71897 0.692431 0.0443116 0.0410408 0.198109
4 0.403434 0.649156 0.0546001 0.028045 0.195397
8 0.276143 0.690145 0.0378185 0.0505306 0.186374
4 0.412122 0.646428 0.0433147 0.0219004 0.186343
4 0.70412 0.669485 0.0246213 0.0203692 0.184563
0 0.221579 0.65425 0.0119401 0.0253292 0.179514
4 0.223005 0.631596 0.0189178 0.0182842 0.175609
0 0.283058 0.669965 0.0177768 0.0554465 0.175387
4 0.937336 0.680817 0.0242377 0.0313998 0.175104
4 0.453373 0.658808 0.046321 0.0287069 0.174297
4 0.700928 0.68153 0.0278965 0.0406285 0.162285
4 0.442626 0.645288 0.0332492 0.018287 0.161914
4 0.743008 0.668006 0.0167973 0.0207528 0.160862
4 0.75332 0.677811 0.0288743 0.027812 0.156872
4 0.24242 0.636435 0.030898 0.0218304 0.151897
4 0.181607 0.642081 0.0261843 0.038666 0.151803
8 0.862821 0.687532 0.0143033 0.0272814 0.149529
2 0.557818 0.245496 0.0250897 0.0512475 0.149114
4 0.490863 0.650247 0.0222634 0.0178623 0.146167
0 0.22196 0.64917 0.0146202 0.0318329 0.146022
4 0.732818 0.666774 0.0293741 0.0250976 0.144572
0 0.964739 0.686938 0.0102067 0.0181262 0.142952
8 0.97329 0.691811 0.027247 0.0206973 0.141525
4 0.752364 0.668548 0.024598 0.0199912 0.139282
4 0.170647 0.640144 0.0339954 0.0396883 0.135112
4 0.893984 0.669277 0.014862 0.0186045 0.134961
8 0.221579 0.65425 0.0119401 0.0253292 0.13347
8 0.988165 0.700118 0.0164934 0.0329144 0.133054
8 0.974812 0.703927 0.0316439 0.0398581 0.132617
0 0.283694 0.652279 0.013141 0.0238466 0.129361
4 0.860754 0.682873 0.0150906 0.0244875 0.128673
4 0.881724 0.686192 0.0295357 0.0308935 0.128439
4 0.212812 0.640182 0.0334961 0.0347772 0.122215
4 0.8375 0.666846 0.0187528 0.0212771 0.112443
8 0.233865 0.654482 0.0132258 0.0236498 0.110574
4 0.861411 0.677011 0.0153658 0.0181084 0.109533
8 0.709712 0.695004 0.0318849 0.0318205 0.109224
4 0.239434 0.640916 0.031906 0.0323589 0.108252
8 0.290734 0.689975 0.0586917 0.0600612 0.106694
4 0.562179 0.650103 0.0199709 0.0174472 0.102927
4 0.543509 0.644773 0.0189754 0.017902 0.102633
4 0.251689 0.631518 0.0174361 0.0186388 0.10197
4 0.446787 0.648086 0.0381704 0.0189355 0.100918
4 0.897354 0.687868 0.0155273 0.0249486 0.100421
8 0.699854 0.692726 0.0226537 0.0387559 0.100171
8 0.182878 0.649542 0.0134881 0.0314147 0.100146
0 0.233865 0.654482 0.0132258 0.0236498 0.0999124
4 0.323277 0.651227 0.0473497 0.0323882 0.0990274
4 0.769092 0.689965 0.0166641 0.0325665 0.0952074
4 0.915594 0.690392 0.0294641 0.0236408 0.0940852
8 0.897354 0.687868 0.0155273 0.0249486 0.0928682
8 0.7436 0.673955 0.0153835 0.0196979 0.0914049
2 0.425237 0.4175 0.0117957 0.0232139 0.0892978
8 0.239505 0.655347 0.013212 0.0208043 0.0881104
8 0.885212 0.687693 0.0186878 0.0294058 0.0877562
8 0.845973 0.68363 0.0150621 0.0187631 0.0873652
4 0.845973 0.68363 0.0150621 0.0187631 0.0861547
8 0.837033 0.687163 0.0284178 0.0264418 0.0836872
7 0.130513 0.552149 0.00965239 0.0222103 0.0812134
4 0.434222 0.64491 0.0357456 0.0181823 0.0806868
1 0.793521 0.643783 0.0127742 0.0196219 0.0795823
4 0.892681 0.686254 0.0161935 0.0273262 0.0784593
4 0.396449 0.679458 0.0812032 0.0881845 0.0762763
4 0.74079 0.671462 0.0151757 0.0176044 0.074887
7 0.752908 0.498939 0.0162844 0.0836047 0.0735629
1 0.50249 0.562679 0.0163146 0.0416554 0.0717711
4 0.889452 0.67767 0.0124364 0.021033 0.0716528
4 0.857469 0.669029 0.0133442 0.0185027 0.0684208
4 0.909272 0.675243 0.0137557 0.0186296 0.0637234
4 0.200527 0.636724 0.0281121 0.0302537 0.0627832
8 0.555665 0.697257 0.030453 0.0474027 0.0627231
4 0.831697 0.687872 0.0212486 0.0245925 0.062293
8 0.731637 0.760045 0.083424 0.0922074 0.0593538
1 0.46478 0.568647 0.0205203 0.0549663 0.0586574
4 0.9765 0.690054 0.0303646 0.0246998 0.0584909
4 0.270086 0.650846 0.0165731 0.0208354 0.0581646
8 0.915594 0.690392 0.0294641 0.0236408 0.058013
7 0.750868 0.490211 0.0242021 0.101707 0.0579001
8 0.964739 0.686938 0.0102067 0.0181262 0.0575876
4 0.766127 0.668729 0.0184908 0.0199269 0.0564514
13 0.694691 0.806594 0.028494 0.0263591 0.0561316
0 0.713321 0.66904 0.0168157 0.0222391 0.0555659
4 0.30346 0.666602 0.0553122 0.0512304 0.0551688
4 0.713321 0.66904 0.0168157 0.0222391 0.0538248
0 0.143825 0.657175 0.0503595 0.0768117 0.0534159
0 0.00700632 0.672325 0.0121179 0.0540016 0.0532351
4 0.305996 0.653264 0.0379036 0.0278666 0.0522316
8 0.7382 0.806776 0.0714715 0.116311 0.0519633
2 0.400476 0.447504 0.0108906 0.0137951 0.0514772
8 0.276299 0.676247 0.031897 0.0560877 0.0502374
5 0.334765 0.651013 0.0268517 0.0322534 0.0500136
8 0.192475 0.645821 0.0220622 0.0381373 0.0497943
4 0.988165 0.700118 0.0164934 0.0329144 0.0497859
8 0.295427 0.672772 0.0451511 0.0594445 0.0488001
8 0.769092 0.689965 0.0166641 0.0325665 0.0487729
0 0.239434 0.640916 0.031906 0.0323589 0.0482407
4 0.75477 0.672752 0.0215504 0.0185347 0.0472594
8 0.860754 0.682873 0.0150906 0.0244875 0.0465865
0 0.270647 0.654784 0.0174904 0.0231707 0.0464912
8 0.992862 0.694818 0.0142767 0.0320799 0.0458739
0 0.167047 0.644798 0.0137082 0.0418583 0.0441406
7 0.133323 0.557705 0.0134921 0.024782 0.0434415
0 0.788037 0.711378 0.0502012 0.100337 0.043099
4 0.533671 0.644961 0.0353189 0.0207825 0.0428573
8 0.30406 0.691321 0.0683444 0.0672624 0.0414701
8 0.704004 0.679491 0.0282126 0.0380111 0.0405628
1 0.906951 0.641318 0.00729419 0.0320978 0.0402381
4 0.992589 0.687705 0.00999817 0.0273314 0.0401954
4 0.466606 0.653853 0.0477234 0.0285419 0.0401459
8 0.545076 0.696192 0.0481245 0.0492934 0.0401002
4 0.901737 0.669126 0.0120157 0.0188966 0.0398596
3 0.233865 0.654482 0.0132258 0.0236498 0.0395048
0 0.992589 0.687705 0.00999817 0.0273314 0.0389542
4 0.251433 0.633909 0.0294312 0.0183508 0.0388285
0 0.892681 0.686254 0.0161935 0.0273262 0.0382667
0 0.980382 0.704323 0.0232175 0.0383175 0.0379113
8 0.264385 0.688194 0.0498503 0.0554126 0.03782
8 0.23589 0.658786 0.013276 0.0248852 0.0372182
4 0.436814 0.640923 0.0397881 0.0198778 0.0363898
1 0.713809 0.645032 0.0135553 0.0363679 0.03625
0 0.900957 0.677921 0.0137192 0.0145567 0.0355019
4 0.932024 0.66762 0.014008 0.0164112 0.0352361
4 0.900957 0.677921 0.0137192 0.0145567 0.0350722
3 0.731795 0.693037 0.0236165 0.0370368 0.0350253
8 0.167047 0.644798 0.0137082 0.0418583 0.0346587
8 0.733412 0.781337 0.0673104 0.0760827 0.0341759
2 0.963185 0.282784 0.0238274 0.0203196 0.0338083
8 0.75332 0.677811 0.0288743 0.027812 0.0331747
0 0.97329 0.691811 0.027247 0.0206973 0.0331312
0 0.00722142 0.701705 0.013197 0.114193 0.0327524
5 0.656276 0.827472 0.192128 0.200034 0.0326584
8 0.963182 0.690745 0.0259293 0.0225733 0.0325905
4 0.868349 0.670792 0.0266462 0.022779 0.0323257
4 0.430854 0.652964 0.039995 0.0324708 0.0319464
0 0.901737 0.669126 0.0120157 0.0188966 0.0316172
7 0.752923 0.546542 0.0159529 0.149587 0.031096
4 0.960436 0.679262 0.0111194 0.0237299 0.0310183
4 0.696026 0.67797 0.0217838 0.0334599 0.0309441
8 0.707438 0.670916 0.0248237 0.0225565 0.0300246
4 0.22196 0.64917 0.0146202 0.0318329 0.0298625
4 0.289544 0.652063 0.0163208 0.0225433 0.0295861
13 0.789446 0.67491 0.0174991 0.0250816 0.0295413
2 0.34611 0.454645 0.0142929 0.0127313 0.0294126
8 0.756059 0.689153 0.0300896 0.0387552 0.0290174
4 0.731864 0.690748 0.0253842 0.040946 0.0289345
8 0.181607 0.642081 0.0261843 0.038666 0.0286263
5 0.191454 0.640382 0.027733 0.0382769 0.0284187
4 0.141191 0.61277 0.0128971 0.0178817 0.0282847
4 0.964739 0.686938 0.0102067 0.0181262 0.028237
4 0.720491 0.684862 0.0436552 0.0467864 0.0273876
4 0.540111 0.676539 0.0525101 0.0431935 0.0268691
3 0.981357 0.707716 0.0197436 0.03723 0.0262177
8 0.709481 0.781232 0.0538875 0.0726504 0.0261943
4 0.709712 0.695004 0.0318849 0.0318205 0.0259612
1 0.245905 0.590376 0.0131677 0.0223286 0.0253033
8 0.270647 0.654784 0.0174904 0.0231707 0.0252462
4 0.963182 0.690745 0.0259293 0.0225733 0.0252009
8 0.271453 0.66335 0.0268165 0.0375694 0.0250503
3 0.705096 0.693941 0.0188233 0.034417 0.0250245
4 0.545076 0.696192 0.0481245 0.0492934 0.0247432
1 0.913236 0.649402 0.0100684 0.0199487 0.0247334
4 0.7436 0.673955 0.0153835 0.0196979 0.0246938
0 0.70412 0.669485 0.0246213 0.0203692 0.0243759
8 0.243523 0.666911 0.0264682 0.0365096 0.024349
4 0.885212 0.687693 0.0186878 0.0294058 0.0243276
3 0.722802 0.83182 0.10568 0.193202 0.0237804
4 0.85884 0.687095 0.0203897 0.0269658 0.0234956
8 0.881724 0.686192 0.0295357 0.0308935 0.0234422
4 0.557313 0.697376 0.027824 0.0422748 0.0232876
4 0.261976 0.653361 0.0230005 0.0244581 0.0229191
0 0.705096 0.693941 0.0188233 0.034417 0.0228823
5 0.181607 0.642081 0.0261843 0.038666 0.0228185
8 0.900957 0.677921 0.0137192 0.0145567 0.0227351
8 0.338323 0.65411 0.0214734 0.0337757 0.0227055
0 0.897354 0.687868 0.0155273 0.0249486 0.0224795
8 0.690094 0.695992 0.014258 0.0314242 0.0223584
4 0.980382 0.704323 0.0232175 0.0383175 0.0222729
0 0.276299 0.676247 0.031897 0.0560877 0.0220475
0 0.7436 0.673955 0.0153835 0.0196979 0.0219946
4 0.375016 0.646071 0.0449104 0.0326137 0.021952
3 0.892114 0.689168 0.0155733 0.0253383 0.021948
5 0.299609 0.672401 0.0624204 0.0599819 0.0219192
8 0.74079 0.671462 0.0151757 0.0176044 0.0217173
4 0.00700632 0.672325 0.0121179 0.0540016 0.021568
8 0.968398 0.708283 0.0402368 0.0410096 0.0215093
4 0.880073 0.672353 0.0298215 0.0265849 0.0214855
4 0.313071 0.645805 0.0179117 0.0343049 0.021434
3 0.182878 0.649542 0.0134881 0.0314147 0.0214145
5 0.360926 0.650533 0.0579103 0.0358092 0.0211942
0 0.893984 0.669277 0.014862 0.0186045 0.0211937
4 0.778985 0.683995 0.0184822 0.0387391 0.0211635
4 0.233865 0.654482 0.0132258 0.0236498 0.0208911
0 0.779166 0.667613 0.00887415 0.0198194 0.0206058
4 0.133074 0.612636 0.01733 0.0190975 0.020578
4 0.955231 0.669892 0.020037 0.01992 0.0204343
0 0.289544 0.652063 0.0163208 0.0225433 0.0204314
8 0.234172 0.666037 0.0209869 0.035465 0.0204131
8 0.714426 0.7668 0.0260317 0.0439081 0.0202163
4 0.939142 0.670332 0.0207736 0.0208467 0.0200259
3 0.71897 0.692431 0.0443116 0.0410408 0.0198232
13 0.791241 0.666389 0.0145084 0.0178989 0.0196362
0 0.182878 0.649542 0.0134881 0.0314147 0.0195862
8 0.142666 0.656681 0.0521429 0.0783406 0.0195495
15 0.8375 0.666846 0.0187528 0.0212771 0.019493
0 0.293015 0.669141 0.0344242 0.0546032 0.0193813
3 0.221579 0.65425 0.0119401 0.0253292 0.0193277
8 0.746565 0.684359 0.0217376 0.0208453 0.0191432
3 0.915594 0.690392 0.0294641 0.0236408 0.0189995
8 0.819591 0.693357 0.00914624 0.0224887 0.0187095
5 0.397825 0.667375 0.0712373 0.0649556 0.0186467
0 0.988165 0.700118 0.0164934 0.0329144 0.0185927
4 0.566541 0.659043 0.0303074 0.0305252 0.0185174
3 0.709712 0.695004 0.0318849 0.0318205 0.0183037
1 0.463235 0.578625 0.021938 0.0809023 0.0182998
8 0.743802 0.706124 0.0449907 0.0593856 0.0182822
13 0.779166 0.667613 0.00887415 0.0198194 0.0180899
12 0.286651 0.636567 0.0654679 0.077245 0.0177081
5 0.142797 0.656726 0.0537397 0.0767668 0.0175732
4 0.779166 0.667613 0.00887415 0.0198194 0.0175409
4 0.992862 0.694818 0.0142767 0.0320799 0.0173406
0 0.103168 0.622177 0.0169852 0.073977 0.0172381
0 0.778985 0.683995 0.0184822 0.0387391 0.0172229
2 0.400834 0.443123 0.0107726 0.0154119 0.0171275
4 0.989793 0.679019 0.0146154 0.0319021 0.0170873
0 0.334765 0.651013 0.0268517 0.0322534 0.0169647
4 0.167047 0.644798 0.0137082 0.0418583 0.0168557
7 0.728295 0.621353 0.0105362 0.0270566 0.0167583
5 0.270647 0.654784 0.0174904 0.0231707 0.0166489
4 0.498383 0.671262 0.0406368 0.0395231 0.0165451
7 0.132473 0.563383 0.0162092 0.0387456 0.0163598
4 0.293015 0.669141 0.0344242 0.0546032 0.0163148
2 0.42539 0.428222 0.0113195 0.015065 0.0162973
1 0.840596 0.649686 0.0136921 0.0162622 0.0161601
1 0.129873 0.582662 0.0175768 0.0156832 0.016156
0 0.24242 0.636435 0.030898 0.0218304 0.0160849
0 0.845973 0.68363 0.0150621 0.0187631 0.0160621
4 0.91427 0.662463 0.0140557 0.0123886 0.0159246
7 0.906951 0.641318 0.00729419 0.0320978 0.0159044
3 0.806283 0.797368 0.0823499 0.157258 0.0158931
8 0.992589 0.687705 0.00999817 0.0273314 0.0156254
4 0.55482 0.669929 0.0327966 0.03927 0.0155669
8 0.696026 0.67797 0.0217838 0.0334599 0.0154872
0 0.862821 0.687532 0.0143033 0.0272814 0.015363
0 0.960436 0.679262 0.0111194 0.0237299 0.0152947
1 0.286063 0.592106 0.0117516 0.0151873 0.015229
8 0.186813 0.6572 0.0193506 0.0293166 0.0149932
4 0.221579 0.65425 0.0119401 0.0253292 0.014922
8 0.7217 0.743686 0.0650591 0.056516 0.0148046
8 0.212156 0.6498 0.0267626 0.0294046 0.0147713
4 0.136986 0.656865 0.0678005 0.078339 0.0147036
4 0.0227364 0.636 0.0417399 0.0493634 0.0146868
4 0.550475 0.678187 0.0408012 0.0482509 0.0146227
5 0.323277 0.651227 0.0473497 0.0323882 0.0146089
4 0.182878 0.649542 0.0134881 0.0314147 0.0145097
4 0.0266237 0.623799 0.0348164 0.0382689 0.0144396
0 0.992862 0.694818 0.0142767 0.0320799 0.0143796
0 0.181607 0.642081 0.0261843 0.038666 0.0143005
0 0.172298 0.64238 0.0271604 0.0431168 0.0142669
0 0.704004 0.679491 0.0282126 0.0380111 0.0139609
1 0.716349 0.634506 0.0110739 0.034755 0.0139308
8 0.255091 0.69374 0.0591385 0.0607749 0.0138242
4 0.124728 0.636262 0.0154105 0.0358001 0.0136231
0 0.121631 0.660108 0.0240911 0.0620523 0.0135355
1 0.34611 0.454645 0.0142929 0.0127313 0.0134038
1 0.728295 0.621353 0.0105362 0.0270566 0.0131907
4 0.298293 0.67704 0.0655532 0.066575 0.0128827
0 0.860754 0.682873 0.0150906 0.0244875 0.0126383
8 0.947615 0.683629 0.0375174 0.0272785 0.0125874
2 0.982693 0.279724 0.0211185 0.0257159 0.0125371
