9 0.628861 0.691501 0.163615 0.296416 0.975623
9 0.38682 0.0932668 0.178337 0.186534 0.963506
9 0.625833 0.099667 0.173732 0.199334 0.958867
9 0.353738 0.437691 0.118964 0.147218 0.944902
9 0.336821 0.76596 0.153991 0.148907 0.925265
9 0.62447 0.382991 0.166417 0.263813 0.9217
0 0.11243 0.84318 0.0846015 0.16679 0.866743
30 0.374996 0.235039 0.0467377 0.0308003 0.73496
0 0.0495111 0.828217 0.0693713 0.160934 0.709871
0 0.0430392 0.860402 0.0832448 0.224116 0.273456
0 0.0156106 0.818408 0.0307738 0.136239 0.251045
0 0.0154011 0.773614 0.0300837 0.0488244 0.188917
30 0.64213 0.234136 0.0432596 0.0456477 0.146224
0 0.0623468 0.829993 0.0496526 0.148117 0.127456
0 0.0333312 0.845862 0.0580125 0.132929 0.107558
19 0.382913 0.899554 0.28902 0.198294 0.103047
0 0.0510339 0.799815 0.0603693 0.102083 0.0662376
9 0.341726 0.952387 0.171985 0.0952251 0.0627778
17 0.0153205 0.774957 0.0297614 0.0522089 0.0604505
9 0.642128 0.951829 0.170632 0.094557 0.0465
0 0.0528613 0.780085 0.0508253 0.0659928 0.030281
9 0.121291 0.86729 0.0594679 0.121464 0.0302726
11 0.0314691 0.859725 0.0592835 0.10874 0.0226431
0 0.0812724 0.848696 0.0538299 0.125803 0.0183028
10 0.956418 0.0400051 0.0804807 0.0770412 0.0183022
0 0.0234975 0.848683 0.0439446 0.113828 0.0177077
0 0.0220328 0.802648 0.0392812 0.0429433 0.0143249
11 0.121291 0.86729 0.0594679 0.121464 0.0117592
0 0.0943186 0.843312 0.0510548 0.135698 0.0103326
17 0.01577 0.80856 0.0304857 0.119311 0.00972141
9 0.10435 0.106168 0.207258 0.211306 0.00885625
9 0.934383 0.110261 0.129732 0.220124 0.00768465
0 0.0620706 0.850135 0.0351887 0.123637 0.00658014
17 0.0537449 0.773226 0.0476974 0.0521499 0.00641563
18 0.0175371 0.835913 0.0332972 0.114611 0.00566374
49 0.0152834 0.77582 0.029579 0.0519804 0.0054679
11 0.0175371 0.835913 0.0332972 0.114611 0.00542646
34 0.0152834 0.77582 0.029579 0.0519804 0.00540408
0 0.018678 0.78284 0.0358873 0.0656246 0.00540139
0 0.0557985 0.770019 0.0464077 0.043337 0.00523474
35 0.0158837 0.819674 0.0311922 0.135553 0.00484367
18 0.0413078 0.875217 0.0793807 0.247707 0.0045987
18 0.0220328 0.802648 0.0392812 0.0429433 0.00444658
0 0.0629583 0.814655 0.0493725 0.0860259 0.00426403
25 0.62447 0.382991 0.166417 0.263813 0.00410789
10 0.89736 0.030893 0.0303467 0.0608066 0.00408161
10 0.0158837 0.819674 0.0311922 0.135553 0.00404679
46 0.0166554 0.8211 0.0318339 0.136762 0.00402344
8 0.0358684 0.888527 0.0696195 0.221961 0.00382239
17 0.643312 0.951575 0.171727 0.0958018 0.00368017
17 0.113573 0.776227 0.0307816 0.0304912 0.00363653
59 0.903935 0.0995627 0.0500586 0.199125 0.00350183
0 0.142818 0.849692 0.0480516 0.144453 0.00340556
10 0.932428 0.0381249 0.0439751 0.0722707 0.00321633
17 0.0495111 0.828217 0.0693713 0.160934 0.00304902
10 0.903935 0.0995627 0.0500586 0.199125 0.0028645
46 0.0154011 0.773614 0.0300837 0.0488244 0.00282663
0 0.0920355 0.819423 0.0349488 0.0758483 0.00271789
34 0.0228272 0.798493 0.0359272 0.0552332 0.00265638
49 0.01577 0.80856 0.0304857 0.119311 0.00255408
17 0.0220328 0.802648 0.0392812 0.0429433 0.00225812
11 0.341726 0.952387 0.171985 0.0952251 0.00219702
10 0.937938 0.111074 0.123028 0.220767 0.00204226
19 0.104376 0.892228 0.0918862 0.107418 0.00201958
19 0.680571 0.893274 0.255762 0.206679 0.00201903
10 0.915972 0.0331149 0.0242967 0.0652718 0.0019985
0 0.0776991 0.820645 0.0299673 0.0848618 0.00194825
11 0.0141168 0.852269 0.0264757 0.100948 0.00188876
18 0.0312084 0.855286 0.0565415 0.115541 0.00185585
19 0.0170385 0.829355 0.032761 0.107382 0.00178091
0 0.147609 0.8359 0.0367398 0.10181 0.00176075
18 0.121291 0.86729 0.0594679 0.121464 0.00171223
11 0.0228272 0.798493 0.0359272 0.0552332 0.00170423
0 0.120991 0.847472 0.0595933 0.131942 0.00169633
9 0.140757 0.87746 0.0331884 0.0848549 0.00168799
55 0.375282 0.23303 0.0468039 0.0338607 0.00168498
35 0.0349873 0.889105 0.0667331 0.218566 0.00167481
19 0.100956 0.920113 0.100508 0.137116 0.00164401
10 0.888052 0.0303697 0.039824 0.0593075 0.00163751
9 0.0893688 0.874765 0.0459636 0.109042 0.00152247
10 0.628619 0.691477 0.163075 0.294684 0.00143171
43 0.0220328 0.802648 0.0392812 0.0429433 0.00141732
0 0.0141168 0.852269 0.0264757 0.100948 0.00137772
11 0.624186 0.381642 0.165632 0.261882 0.00136079
45 0.643559 0.951595 0.171279 0.0964386 0.00134589
0 0.0893688 0.874765 0.0459636 0.109042 0.00126985
46 0.0314691 0.859725 0.0592835 0.10874 0.00126913
18 0.0152834 0.77582 0.029579 0.0519804 0.00124096
9 0.0405218 0.122292 0.0803937 0.14575 0.00123569
9 0.0156106 0.818408 0.0307738 0.136239 0.00120249
53 0.341726 0.952387 0.171985 0.0952251 0.00118036
30 0.0166554 0.8211 0.0318339 0.136762 0.0011519
31 0.0158837 0.819674 0.0311922 0.135553 0.00114258
9 0.0812623 0.862362 0.0499859 0.113874 0.0010351
10 0.990398 0.0408681 0.0171168 0.0817363 0.00102937
10 0.0228272 0.798493 0.0359272 0.0552332 0.00101982
