31 0.740141 0.184007 0.515669 0.363881 0.917522
31 0.692088 0.497389 0.123938 0.316176 0.0504491
9 0.691294 0.497997 0.123484 0.318082 0.0100599
18 0.7378 0.770017 0.405543 0.447164 0.00914508
17 0.828 0.624472 0.217852 0.17966 0.00863102
19 0.738 0.770007 0.407414 0.452328 0.00541876
34 0.691294 0.497997 0.123484 0.318082 0.00529155
54 0.691638 0.496862 0.123922 0.315141 0.00429769
9 0.828 0.624472 0.217852 0.17966 0.00388224
51 0.691294 0.497997 0.123484 0.318082 0.00362684
47 0.856528 0.585079 0.1505 0.101043 0.00244784
46 0.776271 0.6195 0.322265 0.193224 0.00229869
43 0.741224 0.179631 0.516658 0.355908 0.00221813
47 0.825754 0.594162 0.197466 0.11753 0.00202312
44 0.776271 0.6195 0.322265 0.193224 0.0018133
53 0.740141 0.184007 0.515669 0.363881 0.00171378
46 0.691638 0.496862 0.123922 0.315141 0.00141959
10 0.691242 0.50026 0.124433 0.321867 0.00141283
57 0.740805 0.182233 0.518218 0.36051 0.00131269
43 0.781107 0.503254 0.437138 0.970336 0.00125107
47 0.82617 0.564996 0.126949 0.058107 0.00117078
