1 0.511548 0.628966 0.165876 0.170505 0.944358
4 0.766408 0.982545 0.0285665 0.0236054 0.720152
4 0.71676 0.979419 0.0290149 0.0336364 0.592009
1 0.726069 0.883782 0.0138936 0.0207001 0.591415
12 0.275907 0.917745 0.269594 0.158879 0.570444
4 0.734428 0.98155 0.0206348 0.0354089 0.563952
4 0.0253584 0.992358 0.0498872 0.0152836 0.547123
4 0.947672 0.985275 0.0685216 0.0294505 0.54686
4 0.895442 0.984336 0.0312851 0.0256429 0.448011
1 0.43258 0.733196 0.0310419 0.0763983 0.435414
2 0.528049 0.38287 0.0274915 0.0300225 0.418555
4 0.904201 0.983996 0.0258297 0.0296461 0.400833
0 0.870757 0.987157 0.0135986 0.0227055 0.385055
1 0.842699 0.952662 0.0127556 0.0292031 0.378276
0 0.844857 0.985786 0.0125049 0.0260583 0.29442
4 0.140163 0.984074 0.0199596 0.0264344 0.288896
4 0.112336 0.990848 0.0381334 0.0183041 0.281496
4 0.924746 0.985149 0.0204908 0.0286072 0.278355
0 0.820804 0.985622 0.0125528 0.0249225 0.256098
4 0.0980045 0.986175 0.0232916 0.0214421 0.242417
15 0.769613 0.96322 0.0465466 0.0596556 0.230354
4 0.0563436 0.992593 0.0124609 0.0148143 0.225761
4 0.129124 0.986301 0.016603 0.0241797 0.222377
1 0.754063 0.883422 0.015949 0.0270613 0.218359
4 0.801443 0.980942 0.014291 0.028852 0.211221
0 0.851383 0.985534 0.0111149 0.0228874 0.208693
4 0.0653938 0.9925 0.0282946 0.0150009 0.19878
4 0.0998992 0.99021 0.0305158 0.0195794 0.183152
1 0.810527 0.925353 0.0095116 0.0441311 0.177143
0 0.847629 0.986332 0.0138386 0.0220632 0.174807
4 0.952211 0.985693 0.088755 0.0286131 0.174484
15 0.27596 0.918411 0.270307 0.157099 0.169951
2 0.669639 0.83844 0.00700189 0.0188192 0.16927
4 0.983973 0.991518 0.0249798 0.0169641 0.160798
0 0.87907 0.98525 0.0126328 0.0220513 0.151313
2 0.670036 0.832208 0.00660046 0.0204354 0.149436
0 0.78604 0.985217 0.0121323 0.0203974 0.145275
4 0.78604 0.985217 0.0121323 0.0203974 0.139451
4 0.797247 0.986022 0.011195 0.0206431 0.135139
7 0.754063 0.883422 0.015949 0.0270613 0.134263
0 0.840395 0.989387 0.0079046 0.0212258 0.133064
0 0.923758 0.984781 0.0218754 0.0283571 0.13182
0 0.797247 0.986022 0.011195 0.0206431 0.129909
4 0.0864617 0.986483 0.0444854 0.0210463 0.128533
2 0.702874 0.817012 0.00678766 0.011156 0.126052
7 0.669639 0.83844 0.00700189 0.0188192 0.124798
4 0.0848323 0.99159 0.0209353 0.0168197 0.115329
7 0.414664 0.824594 0.00848181 0.0440282 0.10891
0 0.828156 0.984867 0.014843 0.0235262 0.108501
3 0.343805 0.972659 0.0221774 0.0239042 0.107254
7 0.410156 0.827073 0.00831012 0.0286328 0.104346
1 0.841055 0.945049 0.00855939 0.0243426 0.104265
2 0.327707 0.804402 0.00880689 0.0115058 0.101474
8 0.270043 0.977479 0.0162762 0.0341762 0.100855
4 0.680007 0.983351 0.0288888 0.0229347 0.100786
1 0.437341 0.8051 0.0249174 0.0649242 0.0990659
4 0.0559773 0.98808 0.0146343 0.0213194 0.0978779
4 0.118115 0.987867 0.0348415 0.0226847 0.097776
7 0.839208 0.913953 0.009367 0.0256217 0.0905043
4 0.812442 0.977898 0.0248013 0.0283762 0.0893203
4 0.150405 0.983166 0.0397232 0.029211 0.0877231
8 0.820473 0.990275 0.0116899 0.0194499 0.0868142
4 0.0410328 0.988507 0.020395 0.0216387 0.0844293
8 0.251403 0.97594 0.0132087 0.0322527 0.0830127
3 0.336667 0.973705 0.0135373 0.0233193 0.0819223
8 0.298008 0.976044 0.0178292 0.0343244 0.0761556
4 0.75508 0.981051 0.0179079 0.0242996 0.075444
0 0.834431 0.990012 0.0114685 0.0199765 0.0752374
4 0.888961 0.989251 0.0167842 0.0214982 0.0747287
4 0.828156 0.984867 0.014843 0.0235262 0.0745345
4 0.696183 0.974496 0.0142721 0.0161383 0.0731206
0 0.841689 0.973129 0.0126015 0.0380166 0.0727492
3 0.382487 0.97286 0.0213704 0.0211172 0.071448
2 0.537601 0.387778 0.0192163 0.0375096 0.0707977
3 0.178669 0.980951 0.0206284 0.0319195 0.070785
7 0.0563028 0.949594 0.0103625 0.0367106 0.0707574
4 0.0273045 0.992615 0.054609 0.0147692 0.0698861
1 0.784886 0.882453 0.014584 0.0733812 0.0684246
2 0.508477 0.392229 0.0130404 0.0229932 0.0674137
6 0.77106 0.962406 0.0453157 0.0597917 0.0660579
4 0.87907 0.98525 0.0126328 0.0220513 0.0611784
3 0.367355 0.973594 0.023068 0.0231466 0.0610793
8 0.302964 0.97655 0.0200082 0.0330553 0.0605385
4 0.989312 0.987934 0.0195812 0.0226813 0.0603931
0 0.857833 0.989417 0.00899793 0.0211655 0.0594089
2 0.565824 0.731997 0.0102026 0.0234535 0.0593156
3 0.35105 0.973035 0.0125698 0.0200955 0.0567891
7 0.834163 0.909115 0.00772534 0.0199371 0.0564411
1 0.813411 0.929777 0.0118395 0.0495297 0.0558213
15 0.774874 0.976539 0.034877 0.0365101 0.0555095
0 0.904201 0.983996 0.0258297 0.0296461 0.0545777
4 0.802298 0.990845 0.0105338 0.01831 0.0535758
3 0.270043 0.977479 0.0162762 0.0341762 0.0530445
0 0.788071 0.989645 0.0125992 0.0207092 0.0520987
0 0.987706 0.991387 0.0236173 0.0172259 0.0511894
0 0.801443 0.980942 0.014291 0.028852 0.0498778
8 0.834431 0.990012 0.0114685 0.0199765 0.0473357
0 0.696183 0.974496 0.0142721 0.0161383 0.0472516
4 0.931598 0.975488 0.0308438 0.020726 0.047059
4 0.870757 0.987157 0.0135986 0.0227055 0.0462437
4 0.0697867 0.986537 0.0306639 0.0231439 0.0456567
4 0.0364216 0.991955 0.0727393 0.0160902 0.0440627
2 0.330277 0.821813 0.0100517 0.0214288 0.0440469
1 0.699076 0.907575 0.0121003 0.0227419 0.0437467
4 0.8914 0.980355 0.0247959 0.0280345 0.0428786
4 0.111295 0.990944 0.0609254 0.0181117 0.0428159
4 0.820804 0.985622 0.0125528 0.0249225 0.0417585
3 0.193344 0.974236 0.023855 0.0293779 0.0409783
4 0.71234 0.981404 0.0318234 0.0247833 0.0408854
4 0.140347 0.988996 0.0134657 0.0220088 0.04061
4 0.905663 0.987893 0.0202579 0.0242139 0.0401298
8 0.870757 0.987157 0.0135986 0.0227055 0.0384478
4 0.932769 0.964789 0.0224487 0.0189796 0.0382409
4 0.689888 0.975233 0.00913361 0.0189487 0.0379887
7 0.0152732 0.925899 0.00904104 0.0311747 0.0379567
0 0.905663 0.987893 0.0202579 0.0242139 0.0378858
0 0.989312 0.987934 0.0195812 0.0226813 0.0378773
8 0.340011 0.972892 0.0165069 0.0236298 0.0373256
3 0.302964 0.97655 0.0200082 0.0330553 0.0373147
0 0.876536 0.989074 0.0109097 0.0218521 0.0372004
4 0.920652 0.986958 0.0214317 0.0260832 0.0369125
4 0.0620946 0.994855 0.051667 0.010291 0.0362049
2 0.698348 0.819911 0.00927289 0.00590213 0.0358981
1 0.816931 0.96419 0.0100571 0.0190457 0.0358965
4 0.788071 0.989645 0.0125992 0.0207092 0.0351134
0 0.129124 0.986301 0.016603 0.0241797 0.034569
4 0.732461 0.964976 0.015848 0.0189975 0.0340927
7 0.670036 0.832208 0.00660046 0.0204354 0.033894
3 0.298008 0.976044 0.0178292 0.0343244 0.0335767
4 0.940379 0.963584 0.0130039 0.0167459 0.0331203
1 0.814846 0.920094 0.00955603 0.0524167 0.0321804
2 0.822858 0.829815 0.00939386 0.0152714 0.0318231
2 0.667214 0.835662 0.0101343 0.0182667 0.0310511
3 0.24937 0.976227 0.0149214 0.0348497 0.0308348
0 0.8914 0.980355 0.0247959 0.0280345 0.0307998
12 0.77106 0.962406 0.0453157 0.0597917 0.0306715
8 0.178669 0.980951 0.0206284 0.0319195 0.0305393
1 0.0563028 0.949594 0.0103625 0.0367106 0.0297806
0 0.291778 0.974746 0.0150209 0.0401832 0.0295603
7 0.782169 0.87792 0.0130026 0.0682126 0.0292332
0 0.309036 0.976136 0.0159867 0.0292399 0.02897
3 0.389532 0.970697 0.0201141 0.0204373 0.0285857
8 0.828156 0.984867 0.014843 0.0235262 0.0284747
8 0.309036 0.976136 0.0159867 0.0292399 0.0283278
2 0.753668 0.823089 0.0111359 0.0111294 0.0278372
8 0.336667 0.973705 0.0135373 0.0233193 0.0269428
0 0.866753 0.980968 0.0170666 0.0305868 0.0265742
4 0.774874 0.976539 0.034877 0.0365101 0.0264177
0 0.0559773 0.98808 0.0146343 0.0213194 0.0263942
8 0.276177 0.978175 0.0238362 0.034096 0.0263248
4 0.0244805 0.987731 0.0436714 0.0201577 0.0262322
4 0.876536 0.989074 0.0109097 0.0218521 0.0261441
0 0.0563436 0.992593 0.0124609 0.0148143 0.0259322
4 0.705872 0.966371 0.0139752 0.0217459 0.0258226
8 0.798273 0.985081 0.0124706 0.0182414 0.0251333
8 0.920652 0.986958 0.0214317 0.0260832 0.0250018
0 0.812442 0.977898 0.0248013 0.0283762 0.0248922
7 0.0146366 0.917779 0.0109102 0.0321599 0.0247816
4 0.0873941 0.979244 0.0391723 0.0270297 0.0242573
8 0.362854 0.970489 0.0122895 0.016627 0.0242352
0 0.689888 0.975233 0.00913361 0.0189487 0.0238241
6 0.774874 0.976539 0.034877 0.0365101 0.0234801
2 0.356427 0.839053 0.00587015 0.0212728 0.0232672
2 0.344392 0.805866 0.00614426 0.0144009 0.0225454
1 0.838728 0.915046 0.00691797 0.0270664 0.0224227
3 0.313501 0.978432 0.0139094 0.0255977 0.0220554
0 0.921747 0.965342 0.017392 0.0202673 0.0219115
7 0.00387668 0.925275 0.00659927 0.0273766 0.0216226
4 0.0707959 0.994768 0.097514 0.0104645 0.0215507
2 0.70048 0.815644 0.0051178 0.0137819 0.0211669
8 0.35105 0.973035 0.0125698 0.0200955 0.0208179
4 0.107855 0.979053 0.0212543 0.0265176 0.0205806
8 0.387526 0.968179 0.0231541 0.0147473 0.0205135
8 0.193344 0.974236 0.023855 0.0293779 0.0196019
0 0.527104 0.973897 0.0125261 0.019987 0.0194352
0 0.816931 0.96419 0.0100571 0.0190457 0.01936
7 0.0123612 0.919475 0.0114715 0.0366192 0.0193073
2 0.80282 0.782938 0.00885297 0.0110784 0.0191918
7 0.810844 0.926939 0.00789685 0.0487623 0.0191508
0 0.895442 0.984336 0.0312851 0.0256429 0.0188312
2 0.328615 0.836936 0.00845337 0.0209005 0.0185356
8 0.291778 0.974746 0.0150209 0.0401832 0.018462
8 0.313501 0.978432 0.0139094 0.0255977 0.0181652
1 0.946421 0.933791 0.0117367 0.02601 0.0179505
0 0.837343 0.996811 0.014838 0.00637901 0.0177828
5 0.870757 0.987157 0.0135986 0.0227055 0.0174666
8 0.802298 0.990845 0.0105338 0.01831 0.0173529
5 0.924746 0.985149 0.0204908 0.0286072 0.0170358
2 0.65812 0.827306 0.00563794 0.0113412 0.0166785
0 0.802298 0.990845 0.0105338 0.01831 0.0166288
4 0.0943606 0.995211 0.0501747 0.00957899 0.0166113
3 0.354592 0.966342 0.0136806 0.0225125 0.0164237
3 0.276177 0.978175 0.0238362 0.034096 0.0164213
8 0.987706 0.991387 0.0236173 0.0172259 0.0163175
0 0.736297 0.982534 0.0172061 0.0330384 0.0162444
3 0.368664 0.965243 0.0131442 0.0204027 0.0161898
0 0.298008 0.976044 0.0178292 0.0343244 0.0158446
0 0.940379 0.963584 0.0130039 0.0167459 0.0158266
4 0.720411 0.965907 0.0140079 0.0208397 0.015721
0 0.0410328 0.988507 0.020395 0.0216387 0.0153359
1 0.713111 0.88873 0.0155688 0.0142202 0.0152865
3 0.383635 0.965209 0.0193937 0.0202808 0.0152788
4 0.697497 0.96618 0.0128679 0.0215458 0.0151256
4 0.906199 0.964878 0.0154694 0.0189525 0.0149861
42 0.0980045 0.986175 0.0232916 0.0214421 0.0149819
0 0.118115 0.987867 0.0348415 0.0226847 0.0148984
3 0.173323 0.983345 0.0230823 0.0280259 0.0148481
8 0.383635 0.965209 0.0193937 0.0202808 0.0147407
4 0.641843 0.985207 0.0517305 0.016884 0.0147372
1 0.796589 0.903376 0.00892468 0.0339654 0.0146037
8 0.989312 0.987934 0.0195812 0.0226813 0.0145796
8 0.847629 0.986332 0.0138386 0.0220632 0.014497
8 0.343611 0.96795 0.0218331 0.0259166 0.0144323
4 0.834431 0.990012 0.0114685 0.0199765 0.0143477
15 0.771066 0.947945 0.0401377 0.0331939 0.0140839
4 0.921747 0.965342 0.017392 0.0202673 0.014061
2 0.345264 0.825088 0.00584872 0.0158645 0.0140154
8 0.905663 0.987893 0.0202579 0.0242139 0.0139962
0 0.552124 0.980256 0.0245834 0.0256774 0.0139944
5 0.801443 0.980942 0.014291 0.028852 0.0139592
2 0.323255 0.804112 0.00938846 0.0116998 0.0137979
2 0.826653 0.830197 0.00936218 0.0162159 0.0137656
2 0.842786 0.84463 0.00640448 0.0122311 0.0137143
7 0.00697916 0.919472 0.00922146 0.0390506 0.0136615
8 0.876536 0.989074 0.0109097 0.0218521 0.0136077
3 0.230658 0.979002 0.0204943 0.0333831 0.0134004
8 0.354592 0.966342 0.0136806 0.0225125 0.0130244
2 0.856517 0.845006 0.00791205 0.0141454 0.0129612
2 0.357272 0.830767 0.00610297 0.0178551 0.0128659
3 0.180741 0.986169 0.0238055 0.0276618 0.0128462
8 0.368664 0.965243 0.0131442 0.0204027 0.0127979
1 0.0449671 0.96227 0.0122136 0.0154914 0.012672
1 0.432456 0.80262 0.0161035 0.057811 0.0125831
7 0.667214 0.835662 0.0101343 0.0182667 0.0125287
0 0.906199 0.964878 0.0154694 0.0189525 0.0123669
8 0.87907 0.98525 0.0126328 0.0220513 0.0123549
3 0.198807 0.977583 0.032665 0.0336266 0.0122705
7 0.431324 0.823283 0.0121818 0.0229116 0.0121633
0 0.302964 0.97655 0.0200082 0.0330553 0.0120799
1 0.439259 0.819127 0.0107872 0.0263216 0.0120156
0 0.766408 0.982545 0.0285665 0.0236054 0.0119916
7 0.861266 0.882134 0.008724 0.0236423 0.0119708
7 0.439259 0.819127 0.0107872 0.0263216 0.0118185
1 0.853603 0.922707 0.0182299 0.0275703 0.0118083
0 0.931598 0.975488 0.0308438 0.020726 0.0117676
8 0.367355 0.973594 0.023068 0.0231466 0.0117384
8 0.173323 0.983345 0.0230823 0.0280259 0.0117001
0 0.844568 0.986891 0.0370144 0.0262183 0.0116851
0 0.340011 0.972892 0.0165069 0.0236298 0.0116772
4 0.979492 0.989578 0.0410168 0.0208446 0.0116273
7 0.70048 0.815644 0.0051178 0.0137819 0.0115768
8 0.128404 0.990479 0.0167245 0.0190421 0.0115524
4 0.847629 0.986332 0.0138386 0.0220632 0.011316
15 0.0864617 0.986483 0.0444854 0.0210463 0.0113026
5 0.904201 0.983996 0.0258297 0.0296461 0.0111748
8 0.218908 0.98448 0.0138425 0.0282099 0.0111478
2 0.803273 0.822921 0.00667566 0.0115382 0.0111127
0 0.137556 0.980685 0.0173778 0.0287369 0.0109979
8 0.140347 0.988996 0.0134657 0.0220088 0.010946
8 0.382487 0.97286 0.0213704 0.0211172 0.0109338
5 0.343805 0.972659 0.0221774 0.0239042 0.0108051
4 0.383635 0.965209 0.0193937 0.0202808 0.0106786
0 0.868464 0.994684 0.0194077 0.0106327 0.0106178
8 0.788071 0.989645 0.0125992 0.0207092 0.010545
3 0.337127 0.967861 0.0140774 0.0263525 0.0103501
6 0.0864617 0.986483 0.0444854 0.0210463 0.0103361
0 0.888961 0.989251 0.0167842 0.0214982 0.0101822
0 0.848266 0.968287 0.0167056 0.0456655 0.0101653
7 0.841055 0.945049 0.00855939 0.0243426 0.0100075
7 0.701568 0.900331 0.011314 0.0376781 0.00999852
8 0.0563436 0.992593 0.0124609 0.0148143 0.00986489
7 0.858333 0.886235 0.0124035 0.016733 0.00986474
0 0.817275 0.997038 0.0207867 0.00592415 0.00976268
15 0.0980045 0.986175 0.0232916 0.0214421 0.00966736
3 0.218908 0.98448 0.0138425 0.0282099 0.00966515
0 0.865799 0.987986 0.0334141 0.0240289 0.00958726
4 0.617997 0.985032 0.0147934 0.0161739 0.00951951
0 0.107855 0.979053 0.0212543 0.0265176 0.00951505
3 0.362854 0.970489 0.0122895 0.016627 0.00948529
2 0.785232 0.664197 0.0103378 0.0210669 0.00946708
3 0.309036 0.976136 0.0159867 0.0292399 0.00932631
1 0.800898 0.893404 0.0111115 0.0292128 0.00925855
2 0.792451 0.673514 0.0102638 0.0194687 0.00921417
2 0.703056 0.811151 0.00650177 0.0223285 0.00912077
1 0.713772 0.883075 0.0076853 0.0174747 0.0089128
22 0.21774 0.989917 0.0101644 0.0201662 0.00890342
42 0.906199 0.964878 0.0154694 0.0189525 0.00889193
1 0.834961 0.964943 0.0185817 0.0254533 0.00888185
7 0.661292 0.840271 0.0111174 0.0140591 0.008839
3 0.268104 0.98784 0.0168499 0.0243205 0.00877073
0 0.932769 0.964789 0.0224487 0.0189796 0.00875564
0 0.774874 0.976539 0.034877 0.0365101 0.00863839
0 0.0848323 0.99159 0.0209353 0.0168197 0.00861816
0 0.75508 0.981051 0.0179079 0.0242996 0.00859714
5 0.820473 0.990275 0.0116899 0.0194499 0.00859344
5 0.774874 0.976539 0.034877 0.0365101 0.00848203
4 0.387526 0.968179 0.0231541 0.0147473 0.00846964
2 0.821498 0.836475 0.00951996 0.0162784 0.00842948
4 0.107491 0.99213 0.0456644 0.0157401 0.00840743
2 0.348219 0.83782 0.010449 0.0178657 0.00834383
