31 0.502632 0.437068 0.177788 0.329099 0.961904
19 0.513139 0.755717 0.43681 0.484942 0.948086
18 0.17419 0.62334 0.156541 0.371858 0.911966
50 0.461372 0.581123 0.171131 0.129658 0.737945
48 0.454709 0.674999 0.0644077 0.0505888 0.654534
30 0.434878 0.0822571 0.0299014 0.0516738 0.515181
18 0.0294991 0.761218 0.058092 0.471718 0.285264
54 0.461312 0.579901 0.16973 0.131627 0.247784
60 0.742266 0.0883026 0.0301268 0.063536 0.207223
19 0.0304331 0.761365 0.0600156 0.472612 0.155934
19 0.0275221 0.584794 0.0531267 0.120826 0.094372
49 0.676387 0.126172 0.0220154 0.0530254 0.0862765
45 0.0273151 0.352475 0.0377453 0.0398284 0.0820916
18 0.0276356 0.585068 0.0533734 0.121428 0.0685583
10 0.0293255 0.351315 0.0341868 0.0401581 0.0628402
19 0.344826 0.333968 0.119056 0.0751712 0.0400133
10 0.00667923 0.356107 0.0129963 0.0390063 0.038292
50 0.454012 0.674789 0.0642231 0.0515787 0.0320882
31 0.0812252 0.329122 0.044844 0.0729047 0.0308284
56 0.0304797 0.351564 0.0320666 0.0396019 0.0308008
49 0.690906 0.212718 0.0260728 0.0457191 0.0293932
1 0.742267 0.0884923 0.0311121 0.0658754 0.0246516
49 0.737815 0.242904 0.0303438 0.056379 0.0210753
55 0.742267 0.0884923 0.0311121 0.0658754 0.0172658
30 0.501146 0.123124 0.0347559 0.0219981 0.0162561
45 0.0812698 0.328319 0.0439659 0.0717255 0.0154484
53 0.0832996 0.328322 0.0461054 0.0737498 0.0152529
30 0.74246 0.0879214 0.0311514 0.0617411 0.0146771
49 0.704772 0.147755 0.0174951 0.0176805 0.0105438
49 0.810028 0.217982 0.0171161 0.0826937 0.0102895
10 0.732762 0.24321 0.0188458 0.0583206 0.00866308
10 0.810299 0.217707 0.0151467 0.087812 0.00855312
10 0.054045 0.339885 0.0218116 0.0523567 0.00841989
49 0.716339 0.211605 0.0227073 0.10024 0.00716767
44 0.742267 0.0884923 0.0311121 0.0658754 0.00693583
31 0.0504689 0.311344 0.0999213 0.0912974 0.00692492
45 0.0325841 0.345336 0.0356121 0.0458979 0.00674185
18 0.203296 0.552083 0.102633 0.325957 0.00660334
30 0.615241 0.298805 0.0149803 0.03448 0.00652903
10 0.744465 0.243751 0.0155096 0.0498345 0.00597979
10 0.013664 0.35372 0.0264012 0.0408844 0.00578132
45 0.013664 0.35372 0.0264012 0.0408844 0.00530401
30 0.69058 0.211467 0.0270633 0.0484439 0.00516611
47 0.742347 0.0883947 0.0300647 0.062802 0.00497875
49 0.721458 0.219764 0.032933 0.110311 0.00467226
0 0.0297145 0.759628 0.0587007 0.480744 0.00448052
31 0.690598 0.212156 0.0266832 0.0467785 0.00431436
30 0.635969 0.289157 0.0263694 0.0397639 0.00423804
18 0.928904 0.212627 0.0193667 0.0380456 0.00418139
18 0.912104 0.218334 0.0182623 0.0388493 0.00411576
10 0.506783 0.228574 0.0136283 0.031039 0.00407416
10 0.912104 0.218334 0.0182623 0.0388493 0.00394699
56 0.733253 0.243963 0.019907 0.0552466 0.00389403
31 0.184224 0.178711 0.0284288 0.0678409 0.00384543
49 0.690118 0.228292 0.0285038 0.0760499 0.0037214
49 0.0410796 0.318619 0.0817104 0.105898 0.00368553
9 0.0777677 0.328839 0.0357276 0.0734712 0.00360518
19 0.062499 0.66546 0.122371 0.284721 0.00353344
30 0.634764 0.27754 0.0236109 0.0217999 0.00310708
18 0.926278 0.202632 0.0258857 0.0532347 0.00299375
10 0.676003 0.126121 0.0231132 0.0525773 0.00296871
45 0.00667923 0.356107 0.0129963 0.0390063 0.00292391
36 0.683659 0.350549 0.0398785 0.0639404 0.00291715
19 0.122026 0.729519 0.241051 0.533187 0.00282418
10 0.738646 0.243371 0.0276671 0.0525905 0.00271228
49 0.658478 0.218943 0.0724738 0.238123 0.00269301
31 0.676241 0.126244 0.0226468 0.0531667 0.00260207
30 0.809882 0.21746 0.0179872 0.0842664 0.00254
19 0.332262 0.454404 0.176245 0.31862 0.00231575
30 0.704772 0.147755 0.0174951 0.0176805 0.00229503
49 0.435364 0.258502 0.0177043 0.0269923 0.00227721
60 0.434878 0.0822571 0.0299014 0.0516738 0.00226387
20 0.454596 0.67458 0.0694922 0.0546925 0.00225523
48 0.535206 0.584488 0.0295693 0.0252093 0.00225367
10 0.704353 0.147498 0.0175834 0.0180941 0.0021442
49 0.478577 0.121205 0.061742 0.131658 0.00209394
10 0.200829 0.203306 0.0132781 0.0589519 0.00204958
2 0.570369 0.045317 0.0075318 0.022276 0.0020343
19 0.49559 0.268559 0.0816849 0.0567294 0.00200401
18 0.230903 0.511707 0.147435 0.399486 0.00199378
55 0.434878 0.0822571 0.0299014 0.0516738 0.00194029
18 0.13863 0.69045 0.236725 0.523971 0.00190678
49 0.687229 0.169738 0.0337017 0.132201 0.00185303
49 0.63526 0.292877 0.0294546 0.0442954 0.00183854
10 0.202169 0.212073 0.0134166 0.0437613 0.00176799
45 0.0541961 0.34198 0.0219222 0.0488664 0.00172471
30 0.555848 0.237244 0.0249678 0.015808 0.00168997
18 0.939545 0.213771 0.0261559 0.0393682 0.00163479
52 0.738646 0.243371 0.0276671 0.0525905 0.00161821
19 0.0597231 0.371033 0.117326 0.055623 0.00161796
49 0.691273 0.213173 0.0315345 0.215482 0.00157011
56 0.00667923 0.356107 0.0129963 0.0390063 0.00154597
0 0.502604 0.431142 0.174954 0.338207 0.00151955
49 0.690926 0.245609 0.028824 0.0713709 0.00144294
45 0.637767 0.222897 0.0294948 0.0275214 0.00139632
30 0.570369 0.045317 0.0075318 0.022276 0.00135071
30 0.506783 0.228574 0.0136283 0.031039 0.00128091
56 0.744465 0.243751 0.0155096 0.0498345 0.00125651
0 0.506783 0.228574 0.0136283 0.031039 0.00125645
9 0.690836 0.212673 0.0259643 0.0464167 0.00124389
10 0.570369 0.045317 0.0075318 0.022276 0.00123105
49 0.497774 0.222335 0.0328159 0.0518396 0.00122228
18 0.062499 0.66546 0.122371 0.284721 0.00121385
10 0.211141 0.231939 0.032966 0.0331416 0.00116656
49 0.185432 0.177386 0.0318258 0.0711629 0.00113598
43 0.0275221 0.584794 0.0531267 0.120826 0.00113153
10 0.19414 0.210568 0.0248398 0.0468115 0.00112768
56 0.690836 0.212673 0.0259643 0.0464167 0.00110883
53 0.737815 0.242904 0.0303438 0.056379 0.00110347
27 0.74246 0.0879214 0.0311514 0.0617411 0.00108316
53 0.461372 0.581123 0.171131 0.129658 0.00107569
54 0.454012 0.674789 0.0642231 0.0515787 0.00107195
3 0.661039 0.356843 0.0915598 0.0805723 0.00107138
49 0.0761458 0.323451 0.048674 0.0863237 0.00102606
49 0.677811 0.189114 0.0224861 0.0882032 0.0010202
36 0.665021 0.357786 0.0824405 0.0714778 0.00101976
18 0.462793 0.579829 0.166982 0.13087 0.00101606
49 0.636818 0.23075 0.0569189 0.246164 0.00101361
19 0.0675582 0.510653 0.133906 0.387716 0.00101309
31 0.187366 0.166856 0.0349324 0.0542224 0.00101057
48 0.502929 0.43811 0.176562 0.325903 0.00100748
