1 0.890159 0.623152 0.0924988 0.302209 0.945715
4 0.53223 0.911582 0.133045 0.175854 0.935701
4 0.307193 0.921932 0.139843 0.153414 0.928441
4 0.14868 0.915061 0.079135 0.107594 0.926602
4 0.33723 0.889689 0.0990673 0.155821 0.895926
4 0.422912 0.900627 0.0526781 0.0917206 0.88093
4 0.459902 0.906494 0.0588415 0.104168 0.880225
1 0.621372 0.733693 0.0432173 0.14313 0.865073
1 0.504157 0.774977 0.0260321 0.0900406 0.815247
4 0.236775 0.904952 0.0502599 0.0807239 0.814338
4 0.602523 0.889708 0.0461628 0.0700482 0.790334
2 0.402185 0.310065 0.0124328 0.0331973 0.661226
4 0.185995 0.882777 0.0158756 0.0427877 0.451738
2 0.32244 0.312151 0.00913696 0.0254056 0.432136
2 0.486351 0.315829 0.0103945 0.0274865 0.429765
0 0.0960166 0.893295 0.0133309 0.0527447 0.389268
6 0.0350979 0.873059 0.0681698 0.104565 0.364424
7 0.0655415 0.463463 0.0319367 0.0451175 0.350578
8 0.0800534 0.902257 0.0169107 0.0320283 0.315969
4 0.11508 0.883507 0.0205605 0.0387358 0.311674
4 0.230073 0.888235 0.0364354 0.0486798 0.276899
4 0.215854 0.87085 0.0121913 0.0218987 0.272918
4 0.393258 0.875156 0.0213842 0.0338394 0.26737
4 0.401205 0.875205 0.0186157 0.0399248 0.248554
8 0.0951378 0.896636 0.0136543 0.0465304 0.24229
4 0.231619 0.87605 0.0246161 0.0250263 0.237294
4 0.128572 0.879413 0.0401238 0.0392295 0.207243
4 0.204624 0.881071 0.0165701 0.03642 0.198342
4 0.211275 0.881872 0.0135681 0.0359717 0.197044
4 0.386882 0.878988 0.0145403 0.0264191 0.184292
2 0.321106 0.322097 0.0097634 0.025116 0.167677
7 0.402313 0.664747 0.0109288 0.0414873 0.164498
7 0.426466 0.663081 0.01604 0.0195248 0.16161
2 0.753051 0.631552 0.00819263 0.0191521 0.152887
7 0.125912 0.437734 0.0192627 0.0438512 0.147551
8 0.204621 0.883556 0.018047 0.0385071 0.145195
7 0.397954 0.662892 0.00865286 0.0409556 0.143274
4 0.474439 0.870795 0.0309668 0.0390289 0.135315
14 0.0455714 0.905282 0.0339716 0.0356768 0.117468
6 0.971271 0.85412 0.0568691 0.131745 0.103544
8 0.0749437 0.900462 0.0187104 0.029209 0.09457
4 0.111723 0.887561 0.0146816 0.0357151 0.0893589
4 0.201042 0.884962 0.0153058 0.03798 0.0867958
4 0.0469045 0.904685 0.0343858 0.0344706 0.0846299
14 0.0359481 0.908352 0.0289437 0.035301 0.0842046
8 0.0711312 0.902983 0.0204573 0.0282657 0.0839081
14 0.0214261 0.908198 0.0196307 0.0357527 0.0796126
6 0.612827 0.829348 0.0580897 0.0702382 0.0777017
1 0.520849 0.776545 0.0100056 0.0949121 0.0772655
2 0.739034 0.666069 0.010459 0.0255817 0.0763964
1 0.455732 0.821907 0.0059577 0.0141223 0.0759279
4 0.252193 0.868566 0.017149 0.0145435 0.0756315
4 0.776895 0.862791 0.0165932 0.0296397 0.0753119
1 0.436337 0.786356 0.0252653 0.0208692 0.0730033
2 0.661022 0.603251 0.0108606 0.0158734 0.0726925
12 0.0342374 0.873873 0.0660866 0.109432 0.0704118
7 0.400546 0.659633 0.0114495 0.0389734 0.0704033
4 0.395275 0.889807 0.0262831 0.0570954 0.0661266
1 0.012801 0.801496 0.0224749 0.0673116 0.0659486
1 0.49005 0.828189 0.00922241 0.0162154 0.0613906
0 0.204621 0.883556 0.018047 0.0385071 0.060612
8 0.0602367 0.907825 0.0110687 0.0325545 0.0569955
8 0.111723 0.887561 0.0146816 0.0357151 0.0566371
1 0.488238 0.830529 0.00811176 0.0231939 0.0543093
4 0.237071 0.873975 0.0277843 0.0222792 0.0527239
8 0.103444 0.894363 0.0228498 0.0446597 0.0485624
1 0.426466 0.663081 0.01604 0.0195248 0.0458883
0 0.111723 0.887561 0.0146816 0.0357151 0.0456906
32 0.0455714 0.905282 0.0339716 0.0356768 0.0449526
1 0.314707 0.772008 0.0154103 0.0210117 0.044775
4 0.438748 0.870398 0.0196097 0.0293436 0.043605
4 0.11547 0.894427 0.0151236 0.0458075 0.0435635
2 0.726772 0.600179 0.0132885 0.022881 0.0423765
2 0.324446 0.309962 0.0137558 0.0225633 0.041796
4 0.173674 0.872777 0.0131474 0.0261631 0.0415454
5 0.0796935 0.901407 0.0169752 0.0319147 0.0415017
0 0.211275 0.881872 0.0135681 0.0359717 0.0409934
2 0.750572 0.631899 0.00928748 0.0165766 0.0407315
2 0.00477194 0.449184 0.00902417 0.0223338 0.0391695
4 0.176431 0.881299 0.0267181 0.0412116 0.0374059
32 0.0359481 0.908352 0.0289437 0.035301 0.0371359
0 0.382245 0.870524 0.0122725 0.0292152 0.0357139
0 0.0796935 0.901407 0.0169752 0.0319147 0.035713
2 0.0844448 0.421225 0.00846777 0.020237 0.0349203
8 0.00369249 0.909656 0.00738499 0.0405752 0.0347399
1 0.0100181 0.835504 0.0194542 0.0260225 0.0325551
1 0.422967 0.826023 0.00917816 0.0184106 0.0324209
0 0.0920925 0.894149 0.0174027 0.0468574 0.0324208
8 0.0214261 0.908198 0.0196307 0.0357527 0.0322247
4 0.382245 0.870524 0.0122725 0.0292152 0.0317011
1 0.32841 0.776032 0.012588 0.0225711 0.0310878
2 0.0828375 0.452363 0.0123067 0.0226474 0.0298744
2 0.768702 0.623407 0.0102133 0.0164641 0.0296819
4 0.0963364 0.894215 0.0139134 0.0442122 0.0294638
1 0.812916 0.622243 0.0270634 0.0395331 0.0293085
4 0.392792 0.843647 0.0215156 0.0129406 0.0278932
0 0.00369249 0.909656 0.00738499 0.0405752 0.0277759
1 0.0125648 0.824305 0.0234687 0.0483679 0.0268486
4 0.334086 0.857684 0.0926659 0.0936018 0.0263584
2 0.0775554 0.785115 0.00862399 0.0164243 0.0263311
4 0.265441 0.860376 0.0144755 0.0238977 0.025562
4 0.40229 0.851158 0.0151458 0.0162974 0.0254599
2 0.510348 0.665933 0.00963791 0.0158952 0.0243095
2 0.510668 0.651289 0.00961465 0.02843 0.0241169
7 0.124554 0.455382 0.0194383 0.0783618 0.0240185
4 0.590264 0.890858 0.022715 0.0702793 0.0237759
1 0.516684 0.775389 0.0106272 0.0900118 0.0234904
3 0.0214261 0.908198 0.0196307 0.0357527 0.0230651
14 0.00369249 0.909656 0.00738499 0.0405752 0.0227838
4 0.371042 0.905543 0.0322423 0.11413 0.0225733
2 0.775529 0.628047 0.0141235 0.0173997 0.022546
4 0.38368 0.87778 0.0137015 0.0346127 0.022409
5 0.0335662 0.870991 0.0654364 0.109967 0.0220883
5 0.0951378 0.896636 0.0136543 0.0465304 0.0216154
2 0.488249 0.319911 0.0113468 0.0304779 0.0213189
2 0.770656 0.642762 0.0126429 0.0151011 0.021135
5 0.0214261 0.908198 0.0196307 0.0357527 0.0209903
6 0.430286 0.848128 0.0193503 0.0147655 0.0208534
4 0.183806 0.890785 0.0137729 0.0472668 0.0208354
4 0.0185582 0.903739 0.0234801 0.041744 0.0205388
5 0.215854 0.87085 0.0121913 0.0218987 0.019739
8 0.0460036 0.908226 0.0362105 0.0354567 0.0196937
4 0.0796935 0.901407 0.0169752 0.0319147 0.0191896
2 0.290353 0.712901 0.00759161 0.0142478 0.0191792
8 0.0874852 0.905905 0.0258464 0.0339551 0.0189773
8 0.211275 0.881872 0.0135681 0.0359717 0.0187529
1 0.308772 0.773248 0.00652322 0.020223 0.0183755
7 0.488238 0.830529 0.00811176 0.0231939 0.0183734
4 0.122152 0.85407 0.0115305 0.0213211 0.0182688
4 0.0140749 0.909009 0.0262453 0.039514 0.0180764
2 0.514087 0.670971 0.00980838 0.0195276 0.0178742
5 0.0460141 0.904735 0.0341148 0.0351456 0.0178007
2 0.510376 0.630397 0.0090744 0.0175811 0.0175933
4 0.0049495 0.905191 0.00989899 0.0448844 0.0175921
4 0.24157 0.854529 0.00998631 0.023762 0.0175844
2 0.73889 0.656162 0.00978668 0.0201917 0.0173792
4 0.382346 0.85711 0.0113588 0.0277415 0.017271
1 0.461089 0.839997 0.00714682 0.0236787 0.0172665
4 0.0749437 0.900462 0.0187104 0.029209 0.0170112
2 0.196679 0.718098 0.0110352 0.0147407 0.0168947
4 0.253213 0.855379 0.0126741 0.0268924 0.0168196
1 0.44044 0.836178 0.0104305 0.0118422 0.0167766
7 0.121256 0.434279 0.0123787 0.039905 0.0166783
32 0.0214261 0.908198 0.0196307 0.0357527 0.0164627
8 0.0140749 0.909009 0.0262453 0.039514 0.0163729
8 0.696326 0.892595 0.0197496 0.0398793 0.0162313
1 0.482347 0.831443 0.00708389 0.0209666 0.0155865
5 0.185999 0.883536 0.0172572 0.0430684 0.0154309
2 0.195169 0.728387 0.00933637 0.011705 0.0152908
1 0.47163 0.847245 0.00965976 0.014182 0.015109
5 0.204621 0.883556 0.018047 0.0385071 0.0149219
2 0.72769 0.621937 0.0129437 0.0249385 0.0149124
4 0.012755 0.890128 0.02551 0.0727912 0.014287
5 0.393258 0.875156 0.0213842 0.0338394 0.0142786
7 0.471897 0.833335 0.00756894 0.0238446 0.0141014
2 0.202816 0.71813 0.0110962 0.0144953 0.0140475
4 0.386778 0.836052 0.0110043 0.0121114 0.0138908
0 0.0749437 0.900462 0.0187104 0.029209 0.0138844
4 0.103444 0.894363 0.0228498 0.0446597 0.0137897
2 0.49728 0.672349 0.0100154 0.0146246 0.0135575
2 0.72479 0.603373 0.0125161 0.0161259 0.0134446
3 0.0359481 0.908352 0.0289437 0.035301 0.0129635
2 0.736178 0.665123 0.013147 0.0299002 0.0129312
4 0.469855 0.884484 0.0421128 0.064821 0.0128662
4 0.780702 0.865246 0.0251472 0.0339596 0.0128177
4 0.233766 0.854749 0.0127002 0.0259983 0.0126947
2 0.203894 0.726731 0.0102538 0.0135451 0.0126422
2 0.761042 0.621264 0.00962811 0.0223248 0.0124103
2 0.723406 0.618238 0.00980035 0.0172672 0.0122975
2 0.271367 0.713986 0.00812939 0.0115585 0.0122364
2 0.39959 0.647153 0.00526886 0.0326867 0.0121458
1 0.422724 0.805119 0.00970715 0.0247113 0.0120894
19 0.0455714 0.905282 0.0339716 0.0356768 0.0119592
6 0.422266 0.848146 0.0117781 0.0146583 0.0118538
2 0.199314 0.721958 0.0068018 0.0115604 0.0118006
1 0.426844 0.830739 0.00935059 0.0203552 0.0117371
2 0.732322 0.61814 0.013304 0.0189736 0.0117311
4 0.430286 0.848128 0.0193503 0.0147655 0.0115682
6 0.128572 0.879413 0.0401238 0.0392295 0.0114905
3 0.0602367 0.907825 0.0110687 0.0325545 0.0114802
4 0.12827 0.893822 0.0392603 0.0621699 0.0113664
2 0.195701 0.752724 0.00700069 0.012563 0.0110325
4 0.788368 0.86624 0.0393235 0.0364051 0.0110297
5 0.113897 0.883089 0.0190719 0.0374637 0.0109701
0 0.185995 0.882777 0.0158756 0.0427877 0.0108588
4 0.48921 0.857741 0.0124501 0.024907 0.0107691
1 0.483754 0.699654 0.0184568 0.0263089 0.0107311
1 0.481742 0.695487 0.0128008 0.027672 0.0107107
0 0.24157 0.854529 0.00998631 0.023762 0.0107107
2 0.309499 0.312092 0.0113746 0.0200986 0.0107033
0 0.116159 0.876943 0.0217543 0.0322225 0.010699
4 0.204889 0.854839 0.00929832 0.0223367 0.0106559
0 0.0185582 0.903739 0.0234801 0.041744 0.0106495
7 0.482347 0.831443 0.00708389 0.0209666 0.0106049
0 0.38368 0.87778 0.0137015 0.0346127 0.0105232
7 0.308772 0.773248 0.00652322 0.020223 0.010481
2 0.308772 0.773248 0.00652322 0.020223 0.0104803
0 0.173674 0.872777 0.0131474 0.0261631 0.0104404
1 0.480088 0.702381 0.0125172 0.0293988 0.0104026
8 0.187261 0.89728 0.014907 0.0301215 0.010231
4 0.184449 0.855286 0.0156114 0.022126 0.00988188
8 0.209724 0.89611 0.0190186 0.0309047 0.00976248
1 0.471897 0.833335 0.00756894 0.0238446 0.00975334
0 0.215854 0.87085 0.0121913 0.0218987 0.00975132
2 0.0893077 0.446642 0.0198192 0.0157462 0.00947059
5 0.103444 0.894363 0.0228498 0.0446597 0.00939326
6 0.441838 0.846006 0.00895233 0.0165383 0.0091839
2 0.402619 0.30128 0.0125802 0.0249691 0.00874109
2 0.318179 0.313497 0.0151165 0.0297944 0.00867307
0 0.393258 0.875156 0.0213842 0.0338394 0.00857138
4 0.441838 0.846006 0.00895233 0.0165383 0.00856675
8 0.386882 0.878988 0.0145403 0.0264191 0.00850564
4 0.404367 0.891496 0.022606 0.0581882 0.00829121
6 0.012755 0.890128 0.02551 0.0727912 0.00828298
1 0.543576 0.596298 0.0240632 0.145939 0.00819542
4 0.0920925 0.894149 0.0174027 0.0468574 0.0081383
4 0.280063 0.846033 0.0175508 0.0152045 0.00808251
4 0.229186 0.902694 0.0354272 0.0673672 0.00804489
2 0.121256 0.434279 0.0123787 0.039905 0.00802753
5 0.116159 0.876943 0.0217543 0.0322225 0.00802063
6 0.261792 0.825054 0.0271797 0.0357588 0.00799095
2 0.660219 0.609442 0.0103583 0.0278061 0.00797997
4 0.422266 0.848146 0.0117781 0.0146583 0.00790968
3 0.00369249 0.909656 0.00738499 0.0405752 0.00790724
4 0.47163 0.847245 0.00965976 0.014182 0.00789554
8 0.113707 0.878574 0.0196355 0.0288856 0.00785748
4 0.220075 0.857584 0.0105113 0.0276432 0.00780085
5 0.0359481 0.908352 0.0289437 0.035301 0.007737
4 0.0341409 0.873461 0.067275 0.106449 0.00773627
1 0.319572 0.792115 0.00810532 0.0286243 0.00770879
2 0.305153 0.198215 0.00958786 0.0238643 0.00747073
7 0.401769 0.801219 0.00956897 0.0418483 0.00745767
4 0.16756 0.879363 0.0307278 0.0381897 0.00745257
6 0.393258 0.875156 0.0213842 0.0338394 0.00743795
7 0.514087 0.670971 0.00980838 0.0195276 0.00739075
3 0.0951378 0.896636 0.0136543 0.0465304 0.00733776
5 0.126592 0.882035 0.0400026 0.043986 0.00725247
1 0.441838 0.846006 0.00895233 0.0165383 0.00721319
4 0.609077 0.843569 0.0119618 0.0285885 0.00719504
3 0.0796935 0.901407 0.0169752 0.0319147 0.00710281
6 0.392792 0.843647 0.0215156 0.0129406 0.00692454
3 0.0749437 0.900462 0.0187104 0.029209 0.00687555
1 0.569816 0.824553 0.0101271 0.0150733 0.0068664
6 0.609147 0.833301 0.0815884 0.0894155 0.00683315
2 0.2712 0.72441 0.00885992 0.0187178 0.00682994
6 0.401205 0.875205 0.0186157 0.0399248 0.00680092
4 0.827359 0.844394 0.0183502 0.010215 0.00678494
2 0.738828 0.647073 0.0108327 0.00935536 0.00674565
2 0.730662 0.643488 0.0180522 0.0200317 0.00672353
14 0.0140749 0.909009 0.0262453 0.039514 0.00669413
1 0.402604 0.686663 0.0148069 0.0137214 0.00664615
2 0.308911 0.328463 0.00961334 0.0138309 0.00663457
1 0.39374 0.831925 0.0176367 0.0219052 0.00658129
0 0.253213 0.855379 0.0126741 0.0268924 0.00652523
2 0.512333 0.653011 0.00940744 0.0393528 0.00647367
2 0.00400797 0.455475 0.00695763 0.0225591 0.00646502
2 0.685264 0.329977 0.00953528 0.013038 0.00642297
4 0.272091 0.858038 0.0289453 0.0264742 0.00639379
4 0.777222 0.87471 0.0228112 0.0449615 0.00637084
4 0.80359 0.877872 0.0232269 0.0267754 0.00635017
1 0.442479 0.830986 0.00663431 0.0184562 0.00631262
19 0.0359481 0.908352 0.0289437 0.035301 0.00626907
1 0.493416 0.781378 0.0163006 0.0818712 0.00624803
8 0.11547 0.894427 0.0151236 0.0458075 0.00621349
3 0.103444 0.894363 0.0228498 0.0446597 0.00609248
5 0.211275 0.881872 0.0135681 0.0359717 0.00607877
3 0.0711312 0.902983 0.0204573 0.0282657 0.0059995
7 0.455732 0.821907 0.0059577 0.0141223 0.00592414
1 0.262971 0.824567 0.0192409 0.0298534 0.00592061
2 0.63461 0.49163 0.00963916 0.0222303 0.00591366
1 0.422266 0.848146 0.0117781 0.0146583 0.00583161
4 0.45329 0.849034 0.0131647 0.0155975 0.00578638
14 0.0292832 0.918414 0.00834379 0.0300078 0.0057542
7 0.51382 0.652885 0.0101845 0.0434416 0.00570137
1 0.327548 0.799071 0.0114007 0.0157632 0.0056771
2 0.0660884 0.807655 0.00917521 0.0250518 0.00566407
1 0.524723 0.801866 0.0140098 0.0413676 0.00562188
4 0.358118 0.901305 0.0572623 0.123063 0.00560883
4 0.131172 0.856619 0.0294823 0.0273163 0.00558965
4 0.182935 0.906668 0.0131555 0.0755025 0.00557706
5 0.0749437 0.900462 0.0187104 0.029209 0.00556834
24 0.0349812 0.871404 0.0685837 0.107176 0.0055071
0 0.103444 0.894363 0.0228498 0.0446597 0.00548719
4 0.805793 0.864248 0.0187018 0.032445 0.00546279
8 0.0359481 0.908352 0.0289437 0.035301 0.00545782
7 0.426844 0.830739 0.00935059 0.0203552 0.00544388
7 0.49005 0.828189 0.00922241 0.0162154 0.00536523
2 0.778005 0.648655 0.0189281 0.023968 0.00535976
1 0.261792 0.825054 0.0271797 0.0357588 0.00534479
8 0.215854 0.87085 0.0121913 0.0218987 0.00529214
0 0.0861926 0.889715 0.0194507 0.0517575 0.00528529
7 0.569816 0.824553 0.0101271 0.0150733 0.00520763
30 0.402185 0.310065 0.0124328 0.0331973 0.00518928
6 0.44044 0.836178 0.0104305 0.0118422 0.00499758
6 0.815092 0.866109 0.0421852 0.0393415 0.0049946
6 0.40229 0.851158 0.0151458 0.0162974 0.00497445
1 0.683154 0.681558 0.046036 0.133884 0.0049348
4 0.815092 0.866109 0.0421852 0.0393415 0.00485487
3 0.0874852 0.905905 0.0258464 0.0339551 0.00482783
2 0.0392927 0.439254 0.0216679 0.0281408 0.00480177
