4 0.331548 0.810336 0.16796 0.190244 0.945101
4 0.0906685 0.858913 0.181337 0.27535 0.941276
1 0.0294709 0.604986 0.0583115 0.0923343 0.926744
4 0.226814 0.797348 0.0995881 0.125285 0.904461
4 0.973636 0.898196 0.0492843 0.203448 0.90102
4 0.423157 0.795468 0.0567971 0.115156 0.883398
1 0.507656 0.594705 0.0549102 0.17469 0.882925
4 0.662242 0.790397 0.0760872 0.0586195 0.873052
4 0.521803 0.791293 0.085126 0.0782084 0.857447
4 0.600097 0.778887 0.0836641 0.0466335 0.776332
4 0.751483 0.779514 0.06821 0.0502974 0.764796
1 0.108064 0.673928 0.031103 0.0194415 0.70535
4 0.471038 0.773681 0.043662 0.0407873 0.702327
4 0.175156 0.792739 0.0412329 0.0598146 0.623576
1 0.787925 0.686082 0.0315557 0.0516489 0.602351
2 0.584328 0.469164 0.0084325 0.0133832 0.469892
2 0.647121 0.469962 0.0101511 0.0134016 0.359419
7 0.355067 0.703166 0.00931207 0.0275983 0.348817
2 0.569166 0.469697 0.00735565 0.0150758 0.339831
14 0.805009 0.791053 0.0212182 0.038952 0.335125
1 0.0946651 0.710288 0.0204619 0.0140238 0.333776
1 0.230734 0.715998 0.0214408 0.0383324 0.323328
2 0.597695 0.469054 0.00948444 0.0128581 0.299787
2 0.521225 0.469346 0.00890765 0.0144385 0.256623
2 0.534596 0.469244 0.00959729 0.0149226 0.233837
2 0.551566 0.469813 0.0118521 0.0137054 0.224624
1 0.430961 0.536009 0.022704 0.0581241 0.180567
1 0.24151 0.72703 0.0156814 0.0175355 0.168017
2 0.649838 0.470146 0.0117654 0.0135218 0.162539
1 0.238692 0.725531 0.0225535 0.0188314 0.139957
2 0.546208 0.469279 0.00930933 0.0137329 0.127676
4 0.981328 0.777537 0.0337496 0.0498116 0.111937
7 0.358082 0.703049 0.00872638 0.0281721 0.099781
4 0.910536 0.783044 0.0486585 0.0516043 0.0885884
1 0.140027 0.658123 0.041082 0.0398184 0.0738131
1 0.110673 0.711603 0.0198967 0.0189429 0.0702552
0 0.805724 0.759958 0.0127543 0.0236647 0.0583286
4 0.96433 0.78614 0.067132 0.0641338 0.0583166
1 0.150038 0.716443 0.015177 0.0177779 0.0556214
1 0.119153 0.713625 0.0111535 0.0157014 0.0549323
1 0.100594 0.710908 0.0307605 0.0150427 0.0539943
2 0.4647 0.473598 0.00850107 0.0104254 0.0532934
6 0.555551 0.758192 0.0456995 0.0585919 0.0524053
4 0.157759 0.774494 0.0119046 0.0227531 0.0523943
4 0.69805 0.779309 0.0271182 0.0331988 0.0434177
4 0.794507 0.78035 0.0405167 0.05156 0.0429918
4 0.523082 0.747981 0.0277485 0.0147095 0.0424599
0 0.8051 0.778484 0.0180787 0.0586895 0.0408255
4 0.670115 0.778325 0.0546983 0.034764 0.0402941
4 0.457695 0.77481 0.0326715 0.0454633 0.039322
2 0.693533 0.467727 0.0105167 0.0205092 0.0366704
1 0.434908 0.622517 0.0131029 0.049442 0.0319586
1 0.16039 0.714171 0.0279958 0.0177817 0.0308366
0 0.691997 0.749426 0.011442 0.0207239 0.0303038
4 0.983655 0.768531 0.0285137 0.0359945 0.0293206
0 0.72264 0.756116 0.0202607 0.0269155 0.0293001
4 0.696617 0.769919 0.0162417 0.0229991 0.0287636
8 0.961012 0.788011 0.0659432 0.0602988 0.0285897
4 0.518664 0.750383 0.0204876 0.0143504 0.0275593
1 0.0955849 0.705363 0.0183953 0.0170048 0.0273561
14 0.807982 0.797365 0.0266083 0.0326852 0.0268946
7 0.0270987 0.710803 0.00949146 0.0227094 0.0260901
4 0.150804 0.767439 0.0169004 0.0310347 0.025866
4 0.943754 0.783663 0.104153 0.0667527 0.0257644
4 0.728046 0.753999 0.0197091 0.0178847 0.0249909
2 0.404458 0.652425 0.00877411 0.0165029 0.0248466
4 0.568455 0.77693 0.0269612 0.040237 0.0236838
4 0.891186 0.78058 0.0784854 0.051072 0.0236662
4 0.798318 0.776624 0.0238276 0.0529078 0.023476
4 0.146711 0.754064 0.0102485 0.0140497 0.0233445
1 0.0767519 0.711263 0.0116512 0.014607 0.0225658
2 0.331681 0.616789 0.00569824 0.0153068 0.022355
1 0.253228 0.681279 0.047376 0.0237562 0.0219995
4 0.155847 0.762471 0.0157733 0.0239384 0.021356
0 0.559214 0.773959 0.0145066 0.0300206 0.0213541
4 0.176093 0.719917 0.0114734 0.00983051 0.0213318
2 0.403205 0.647007 0.00869827 0.0127176 0.0212841
4 0.193952 0.721078 0.0132511 0.0106107 0.0212349
0 0.518664 0.750383 0.0204876 0.0143504 0.0198157
4 0.731556 0.751016 0.021327 0.0156743 0.0194563
4 0.667463 0.758866 0.0183828 0.0116742 0.0194501
5 0.794507 0.78035 0.0405167 0.05156 0.0187948
1 0.456576 0.535971 0.0188997 0.0536726 0.0184125
1 0.43583 0.699283 0.0123781 0.0743338 0.01814
0 0.519781 0.744148 0.0174308 0.0185077 0.0179304
2 0.45945 0.648279 0.0093602 0.016507 0.0168558
1 0.44142 0.534804 0.0266891 0.0566148 0.0164733
4 0.805724 0.759958 0.0127543 0.0236647 0.0159913
4 0.475129 0.752109 0.0333007 0.0176456 0.0158856
4 0.842215 0.778014 0.0593247 0.0637206 0.0150206
4 0.163762 0.759123 0.0162666 0.0156536 0.0145479
4 0.163975 0.718261 0.0214399 0.0131687 0.0145122
4 0.545859 0.774274 0.0367423 0.0428229 0.0143186
22 0.657367 0.831351 0.0165435 0.0544628 0.0140041
14 0.8051 0.778484 0.0180787 0.0586895 0.0138945
4 0.717406 0.779324 0.0207698 0.0397276 0.0134692
4 0.710524 0.781719 0.0183064 0.0359944 0.0134241
4 0.488015 0.75968 0.0133436 0.0144967 0.0134038
2 0.459328 0.472001 0.00973956 0.00905651 0.0133908
8 0.559214 0.773959 0.0145066 0.0300206 0.0133836
1 0.141589 0.673801 0.0331403 0.0133817 0.0131618
3 0.960772 0.791441 0.0639763 0.055662 0.0130855
2 0.520818 0.463972 0.00806873 0.019326 0.0130689
5 0.8051 0.778484 0.0180787 0.0586895 0.0126858
1 0.144532 0.677461 0.0303902 0.0139129 0.0126022
4 0.454025 0.768888 0.019916 0.0318369 0.0124249
4 0.515827 0.752705 0.0303118 0.0133245 0.0122759
8 0.915967 0.785528 0.0567621 0.0576012 0.0122424
4 0.679007 0.759831 0.026559 0.0158989 0.0120134
4 0.510377 0.769337 0.0578648 0.0297076 0.0120037
2 0.562891 0.472404 0.00975134 0.0206372 0.0118105
2 0.463426 0.476891 0.00751617 0.014706 0.0117964
4 0.53633 0.747809 0.014486 0.0220084 0.0117678
4 0.657927 0.758714 0.0240013 0.0127798 0.0114043
2 0.352772 0.646954 0.00867246 0.0173723 0.0111205
5 0.912714 0.784089 0.0497705 0.053246 0.0109202
14 0.701943 0.781722 0.0250897 0.033419 0.0107023
4 0.539465 0.748102 0.0307487 0.0266331 0.0104596
2 0.33169 0.612102 0.00777045 0.0164895 0.0104349
4 0.759396 0.766899 0.0505912 0.0291604 0.0101438
7 0.349596 0.704329 0.0130906 0.0233626 0.010097
4 0.72264 0.756116 0.0202607 0.0269155 0.0100339
8 0.710524 0.781719 0.0183064 0.0359944 0.0098942
6 0.231521 0.71564 0.0212252 0.0409799 0.00983749
4 0.559214 0.773959 0.0145066 0.0300206 0.00973239
1 0.242883 0.722514 0.0309688 0.0249381 0.00950569
2 0.320747 0.617907 0.00678583 0.012114 0.00934672
5 0.800936 0.789955 0.0296981 0.0402544 0.00920126
4 0.769525 0.78075 0.0555911 0.0512099 0.00912747
2 0.465806 0.649261 0.0093096 0.0169978 0.00903355
2 0.445829 0.462043 0.00821924 0.0157453 0.00877708
8 0.701943 0.781722 0.0250897 0.033419 0.00856307
1 0.568886 0.7377 0.0116474 0.0143391 0.00850227
4 0.557812 0.780592 0.0177877 0.0401872 0.00847353
0 0.690784 0.743413 0.00984021 0.0171542 0.00828755
0 0.530403 0.744086 0.0145967 0.0181153 0.00807965
8 0.568455 0.77693 0.0269612 0.040237 0.00798702
0 0.728046 0.753999 0.0197091 0.0178847 0.00762468
4 0.470246 0.735554 0.00966858 0.019091 0.00729593
4 0.153091 0.728774 0.0125552 0.0139886 0.00724392
8 0.805724 0.759958 0.0127543 0.0236647 0.00715772
1 0.438281 0.737955 0.0113677 0.0262351 0.00692857
2 0.694589 0.463585 0.00984644 0.0188353 0.00691528
2 0.642302 0.473431 0.011695 0.0183343 0.00690005
4 0.276281 0.751197 0.011712 0.0291259 0.00687452
1 0.434516 0.672163 0.017146 0.132553 0.00684394
1 0.152359 0.706249 0.0250461 0.0194235 0.00681156
4 0.8051 0.778484 0.0180787 0.0586895 0.00680226
8 0.717406 0.779324 0.0207698 0.0397276 0.0066212
4 0.800936 0.789955 0.0296981 0.0402544 0.00651863
15 0.152717 0.715083 0.0203294 0.0169049 0.00648739
8 0.8051 0.778484 0.0180787 0.0586895 0.00648156
3 0.915967 0.785528 0.0567621 0.0576012 0.00638523
22 0.503531 0.808127 0.0172433 0.0483147 0.00637922
4 0.248212 0.750239 0.0486743 0.0364933 0.00635274
1 0.0270987 0.710803 0.00949146 0.0227094 0.00631484
4 0.923216 0.777732 0.067845 0.0680444 0.00630221
4 0.150038 0.716443 0.015177 0.0177779 0.00627454
4 0.877014 0.778658 0.102395 0.0660142 0.00624022
1 0.437317 0.723346 0.0125359 0.0235074 0.00622886
14 0.913559 0.784808 0.0517495 0.0536003 0.00619679
4 0.192199 0.757634 0.0106035 0.0144029 0.0061936
12 0.555551 0.758192 0.0456995 0.0585919 0.00613552
0 0.568455 0.77693 0.0269612 0.040237 0.00612641
0 0.56342 0.755172 0.0248937 0.0416946 0.0061238
4 0.184557 0.760201 0.0183266 0.0149612 0.00607767
0 0.523082 0.747981 0.0277485 0.0147095 0.00605377
6 0.597749 0.778629 0.0760465 0.0455053 0.00597599
1 0.2267 0.716968 0.0199955 0.0322358 0.00593808
14 0.805724 0.759958 0.0127543 0.0236647 0.00591357
1 0.129415 0.717413 0.0081105 0.0134277 0.0058037
4 0.402459 0.74241 0.0222763 0.0160161 0.00573981
0 0.717406 0.779324 0.0207698 0.0397276 0.00572627
1 0.470246 0.735554 0.00966858 0.019091 0.00569785
1 0.138678 0.709852 0.0110274 0.0125983 0.00569111
4 0.747934 0.764689 0.0530321 0.0278486 0.00568258
15 0.163975 0.718261 0.0214399 0.0131687 0.00567725
2 0.398087 0.645493 0.0102469 0.0112378 0.00564796
2 0.459919 0.655804 0.0102447 0.0215164 0.0055008
15 0.249944 0.732728 0.0311968 0.00992057 0.00549514
1 0.0735387 0.714696 0.0206336 0.0109309 0.00540766
7 0.459919 0.655804 0.0102447 0.0215164 0.00538496
42 0.52165 0.748672 0.0263917 0.013344 0.0053832
4 0.147042 0.732156 0.00947633 0.0103194 0.00536158
4 0.855874 0.776345 0.0592098 0.0639407 0.00528207
0 0.679007 0.759831 0.026559 0.0158989 0.00526386
0 0.470246 0.735554 0.00966858 0.019091 0.00524273
0 0.70623 0.759449 0.0235471 0.0269226 0.00522979
7 0.464842 0.655624 0.00924719 0.0179538 0.00519758
12 0.230734 0.715998 0.0214408 0.0383324 0.00519535
1 0.193952 0.721078 0.0132511 0.0106107 0.00516473
0 0.597749 0.778629 0.0760465 0.0455053 0.00516002
4 0.974075 0.77778 0.047587 0.0644579 0.00499904
1 0.353217 0.700248 0.0106171 0.0278935 0.00499784
4 0.630112 0.782392 0.0223414 0.0457898 0.00498313
12 0.238692 0.725531 0.0225535 0.0188314 0.00496077
22 0.6646 0.835066 0.0163988 0.0539629 0.00480339
8 0.936372 0.794306 0.0157427 0.0456306 0.00480334
14 0.794507 0.78035 0.0405167 0.05156 0.00476691
2 0.676233 0.499193 0.0106466 0.0170569 0.00476184
6 0.558238 0.754431 0.0336464 0.0464827 0.00475125
1 0.163975 0.718261 0.0214399 0.0131687 0.00469312
1 0.109825 0.689834 0.027206 0.0315559 0.00465739
0 0.48012 0.736214 0.0079566 0.0190128 0.00464695
0 0.797495 0.777092 0.0340629 0.0540783 0.00464248
15 0.24151 0.72703 0.0156814 0.0175355 0.00457773
4 0.263365 0.771279 0.0260519 0.0329535 0.00456253
4 0.574368 0.772737 0.0200271 0.0408104 0.00455306
1 0.147991 0.703876 0.0171611 0.014637 0.00455236
12 0.558238 0.754431 0.0336464 0.0464827 0.00452916
15 0.259867 0.744873 0.0420041 0.0231476 0.00441773
4 0.48012 0.736214 0.0079566 0.0190128 0.00433397
6 0.238692 0.725531 0.0225535 0.0188314 0.00432547
0 0.696617 0.769919 0.0162417 0.0229991 0.00426746
3 0.559214 0.773959 0.0145066 0.0300206 0.00423998
1 0.355067 0.703166 0.00931207 0.0275983 0.00423655
6 0.221599 0.714858 0.0571157 0.0324411 0.0041406
4 0.864388 0.780804 0.0350084 0.0535249 0.00409824
1 0.276868 0.742687 0.0107441 0.0191264 0.00409006
4 0.777357 0.766686 0.0257907 0.029604 0.00403832
1 0.690784 0.743413 0.00984021 0.0171542 0.00402509
5 0.805724 0.759958 0.0127543 0.0236647 0.00401235
4 0.24151 0.72703 0.0156814 0.0175355 0.00401217
6 0.53633 0.747809 0.014486 0.0220084 0.0039532
2 0.40193 0.627855 0.0104814 0.0122239 0.00393146
0 0.710524 0.781719 0.0183064 0.0359944 0.00390194
4 0.929371 0.773028 0.098713 0.0781547 0.00382844
0 0.574368 0.772737 0.0200271 0.0408104 0.00379756
4 0.56342 0.755172 0.0248937 0.0416946 0.00378689
1 0.690886 0.75026 0.0125222 0.0218189 0.0036799
1 0.220714 0.734763 0.0104137 0.0072402 0.00367954
2 0.464842 0.655624 0.00924719 0.0179538 0.0036713
4 0.249944 0.732728 0.0311968 0.00992057 0.00364867
2 0.638759 0.471795 0.0173281 0.0100824 0.0035889
14 0.873841 0.797748 0.0238084 0.0374564 0.00358713
2 0.533967 0.464338 0.00895728 0.0200402 0.00351782
7 0.145557 0.67523 0.0237774 0.0145738 0.00349426
15 0.238692 0.725531 0.0225535 0.0188314 0.00348113
14 0.559214 0.773959 0.0145066 0.0300206 0.00347316
1 0.447553 0.616452 0.0129194 0.0210411 0.00340616
6 0.242883 0.722514 0.0309688 0.0249381 0.00340134
8 0.981848 0.781906 0.0340439 0.0603578 0.00337889
7 0.353217 0.700248 0.0106171 0.0278935 0.0033662
5 0.558238 0.754431 0.0336464 0.0464827 0.00335132
1 0.48012 0.736214 0.0079566 0.0190128 0.00334459
4 0.70623 0.759449 0.0235471 0.0269226 0.0033305
14 0.760818 0.782688 0.0526791 0.0431647 0.00331954
6 0.523082 0.747981 0.0277485 0.0147095 0.00328387
4 0.276868 0.742687 0.0107441 0.0191264 0.00324679
4 0.519781 0.744148 0.0174308 0.0185077 0.00324088
8 0.557812 0.780592 0.0177877 0.0401872 0.00323822
5 0.555551 0.758192 0.0456995 0.0585919 0.00321467
0 0.960373 0.775049 0.0419344 0.080436 0.00321341
2 0.348615 0.6483 0.0122625 0.0189198 0.0032095
4 0.260136 0.751728 0.0408265 0.0358537 0.0031726
7 0.362532 0.704021 0.0124453 0.0297532 0.00316212
0 0.488015 0.75968 0.0133436 0.0144967 0.00312826
5 0.597749 0.778629 0.0760465 0.0455053 0.00309479
14 0.854858 0.787786 0.0357307 0.0446111 0.00308134
1 0.459487 0.639324 0.00889587 0.020127 0.0030547
7 0.139514 0.674365 0.0227491 0.0145844 0.00302799
5 0.539465 0.748102 0.0307487 0.0266331 0.00298815
5 0.962357 0.788586 0.0696014 0.0605345 0.00298177
12 0.542293 0.743552 0.0184404 0.0240576 0.00294766
0 0.632955 0.755907 0.0143101 0.00743713 0.00291399
0 0.667463 0.758866 0.0183828 0.0116742 0.00289439
12 0.539465 0.748102 0.0307487 0.0266331 0.00288219
25 0.568886 0.7377 0.0116474 0.0143391 0.00283
1 0.209039 0.732475 0.0107727 0.010705 0.00281046
1 0.176093 0.719917 0.0114734 0.00983051 0.0027967
4 0.691997 0.749426 0.011442 0.0207239 0.00279361
4 0.140465 0.743204 0.0120997 0.0173018 0.0027729
14 0.864082 0.789659 0.0264543 0.0402233 0.00273728
3 0.936372 0.794306 0.0157427 0.0456306 0.00270601
1 0.235469 0.683197 0.0149282 0.0153803 0.00265986
4 0.170413 0.727349 0.00779544 0.0162376 0.00265441
7 0.35556 0.695057 0.0103102 0.033208 0.00262816
4 0.016394 0.713319 0.0305878 0.020541 0.00262142
1 0.459919 0.655804 0.0102447 0.0215164 0.00259353
4 0.127899 0.729922 0.0111133 0.0145893 0.00259118
8 0.597103 0.778729 0.0762293 0.0459741 0.00258672
4 0.560465 0.775038 0.0690557 0.0430159 0.00258487
4 0.193018 0.728015 0.0115949 0.0149929 0.00252518
1 0.147042 0.732156 0.00947633 0.0103194 0.00249201
1 0.276281 0.751197 0.011712 0.0291259 0.00244603
4 0.530403 0.744086 0.0145967 0.0181153 0.00243809
1 0.437061 0.689381 0.0189483 0.101632 0.0024287
14 0.568455 0.77693 0.0269612 0.040237 0.00241111
1 0.786047 0.671664 0.0346105 0.0791387 0.00240807
7 0.331681 0.616789 0.00569824 0.0153068 0.0023944
2 0.597388 0.464562 0.00947821 0.0205084 0.00237725
30 0.445829 0.462043 0.00821924 0.0157453 0.00236107
1 0.482605 0.660478 0.0120407 0.0419807 0.00235947
0 0.805009 0.791053 0.0212182 0.038952 0.00235757
6 0.253162 0.681042 0.0463961 0.0227623 0.00235753
15 0.242883 0.722514 0.0309688 0.0249381 0.00235342
14 0.719403 0.780999 0.0264808 0.0400865 0.00229638
2 0.455969 0.626 0.00889984 0.026854 0.00227237
6 0.539465 0.748102 0.0307487 0.0266331 0.00222788
1 0.242799 0.704498 0.0499663 0.0437519 0.00222498
