0 0.398401 0.659338 0.0744078 0.369464 0.885023
0 0.313987 0.640776 0.0520711 0.324358 0.855017
8 0.946847 0.899781 0.105479 0.200068 0.851731
8 0.0947354 0.627807 0.138747 0.176095 0.827152
42 0.373807 0.443309 0.150576 0.0676859 0.82579
0 0.359977 0.650966 0.0421896 0.339723 0.778286
0 0.337919 0.644148 0.0329677 0.327641 0.741197
0 0.453533 0.55679 0.0271051 0.137326 0.732095
42 0.443877 0.48209 0.0549942 0.0253099 0.706829
8 0.881243 0.867815 0.235931 0.263394 0.690786
8 0.143575 0.610791 0.120119 0.151583 0.670246
8 0.0200349 0.6605 0.0387428 0.133831 0.6096
22 0.533457 0.591709 0.0179976 0.0586055 0.566964
8 0.709397 0.709828 0.176159 0.234244 0.554462
0 0.431082 0.560582 0.0251157 0.14679 0.503025
8 0.774425 0.729573 0.19981 0.252985 0.500368
8 0.839191 0.794997 0.22404 0.305038 0.493047
8 0.265684 0.572655 0.0421365 0.0878891 0.351652
9 0.357892 0.656781 0.0364084 0.0780837 0.34377
8 0.935488 0.707581 0.127374 0.226004 0.338729
8 0.230504 0.579005 0.0326565 0.104171 0.317763
8 0.48687 0.547378 0.0305942 0.0492011 0.249564
3 0.641762 0.647873 0.102529 0.150448 0.225748
8 0.480339 0.543734 0.0237455 0.0523846 0.223594
8 0.492554 0.550596 0.0214084 0.0418694 0.202986
8 0.514954 0.543893 0.0147507 0.0382758 0.139419
8 0.9682 0.72671 0.0636002 0.178023 0.123359
8 0.197497 0.584561 0.0512257 0.108794 0.119748
3 0.019623 0.667466 0.03786 0.13426 0.118802
8 0.222532 0.587035 0.0478356 0.0961024 0.092364
9 0.357736 0.67744 0.0394998 0.234337 0.08728
3 0.603985 0.617501 0.0950751 0.141188 0.0863299
8 0.875365 0.670297 0.114311 0.158573 0.0817676
8 0.0125263 0.697458 0.0245965 0.0912473 0.0806588
9 0.357098 0.569792 0.0344319 0.121259 0.0786864
8 0.466991 0.54598 0.0173689 0.0496107 0.0784133
8 0.526738 0.542443 0.0172502 0.036616 0.0783129
8 0.278401 0.518308 0.0121675 0.0208347 0.0756691
8 0.275622 0.584061 0.0307825 0.0681338 0.0754243
8 0.282531 0.529596 0.0183223 0.0353914 0.0737109
9 0.357525 0.594256 0.0377675 0.208305 0.0700359
3 0.134629 0.614985 0.13531 0.149977 0.0690917
0 0.606352 0.519432 0.009698 0.0268736 0.0643368
8 0.207239 0.591231 0.0375573 0.0929377 0.0637567
9 0.337387 0.572177 0.0276415 0.12009 0.0634364
9 0.429525 0.560248 0.0257276 0.14905 0.0582035
8 0.0243748 0.625275 0.0486372 0.158068 0.0563994
8 0.241224 0.572496 0.0444246 0.0980983 0.0556094
8 0.507132 0.547894 0.0217194 0.0348015 0.0555275
3 0.0142602 0.690302 0.0280678 0.106373 0.04996
8 0.548414 0.536753 0.0106683 0.0337294 0.0495697
3 0.58892 0.594833 0.083814 0.0962203 0.0459406
9 0.338566 0.634405 0.0302205 0.287024 0.0455271
0 0.515402 0.540697 0.01464 0.0411712 0.0420741
42 0.258918 0.471326 0.0151757 0.013166 0.0407959
0 0.121159 0.518432 0.0103961 0.0248162 0.0395927
42 0.0734858 0.464899 0.0125452 0.0145296 0.0393432
0 0.484173 0.542981 0.0271263 0.0553104 0.0389643
0 0.605506 0.525285 0.0114826 0.029101 0.0377199
0 0.548414 0.536753 0.0106683 0.0337294 0.0348458
8 0.272301 0.518401 0.0155834 0.0254831 0.0346783
3 0.260951 0.574343 0.0375509 0.0867683 0.0336601
8 0.270182 0.54139 0.0268408 0.0465188 0.0328435
8 0.591756 0.591005 0.0863217 0.0932056 0.0325191
0 0.447813 0.519022 0.0128564 0.0583219 0.0323001
3 0.0942764 0.626929 0.139771 0.172275 0.0319898
8 0.255848 0.566382 0.0368205 0.101555 0.0293037
42 0.266106 0.468193 0.0232969 0.0101391 0.028804
42 0.103592 0.463919 0.0212556 0.0122533 0.0280444
8 0.0441464 0.618471 0.0862971 0.156932 0.0278824
0 0.159433 0.522766 0.0234227 0.0365906 0.02713
42 0.738404 0.525819 0.0122356 0.0205409 0.0262292
8 0.642041 0.64525 0.102268 0.155774 0.0256375
0 0.570144 0.537422 0.0116649 0.0350103 0.0252668
8 0.176156 0.602067 0.0645192 0.108928 0.0252606
11 0.357098 0.569792 0.0344319 0.121259 0.0252228
42 0.555454 0.484277 0.0260278 0.0115076 0.025047
1 0.146821 0.385105 0.0132935 0.0278049 0.0250453
42 0.486765 0.491722 0.0163116 0.00908458 0.0248687
3 0.0231495 0.63596 0.0456908 0.152186 0.0247126
42 0.736001 0.493026 0.0212543 0.0198787 0.0246718
8 0.0223697 0.595106 0.0433742 0.0907107 0.0235747
0 0.0044466 0.464564 0.00728277 0.0182243 0.0234298
8 0.282525 0.521597 0.0158677 0.0418417 0.0222723
0 0.615814 0.521204 0.00765228 0.0347777 0.0222634
0 0.152012 0.509433 0.00925407 0.0199841 0.021842
8 0.5667 0.55204 0.0189772 0.0459905 0.0215738
8 0.479418 0.533438 0.0161277 0.0499966 0.0213008
42 0.732412 0.520782 0.0161569 0.0205199 0.0207086
0 0.282525 0.521597 0.0158677 0.0418417 0.0206404
0 0.526738 0.542443 0.0172502 0.036616 0.0205495
8 0.465531 0.564964 0.0113321 0.0311845 0.0203755
3 0.774859 0.726001 0.199721 0.263114 0.0203484
3 0.48687 0.547378 0.0305942 0.0492011 0.0192337
0 0.455246 0.533639 0.0222967 0.0910058 0.0192008
42 0.314858 0.460188 0.0363632 0.0446411 0.0187645
42 0.739026 0.521016 0.0134478 0.0211835 0.0187444
8 0.247667 0.561182 0.03498 0.0854825 0.0185809
42 0.63663 0.52539 0.0122856 0.0261702 0.0181564
0 0.597224 0.540901 0.0101439 0.0246611 0.0177006
0 0.547856 0.527272 0.00964374 0.0381606 0.0175735
8 0.0116381 0.556191 0.0213651 0.051009 0.0174156
0 0.610762 0.522275 0.00783582 0.0305977 0.0173846
0 0.426025 0.59485 0.0340149 0.231956 0.0168735
0 0.149246 0.516392 0.0115638 0.0331487 0.0164179
8 0.576526 0.596944 0.0619205 0.0874501 0.0161672
42 0.733338 0.473747 0.0246838 0.0217122 0.0159709
8 0.0126389 0.539433 0.0217809 0.0520979 0.0159146
8 0.570144 0.537422 0.0116649 0.0350103 0.0158655
3 0.9682 0.72671 0.0636002 0.178023 0.0157104
42 0.0533353 0.467266 0.0105426 0.0119793 0.0156671
42 0.555094 0.475623 0.0289424 0.0184803 0.0153821
8 0.996191 0.536818 0.0070885 0.0216986 0.015335
8 0.996302 0.576939 0.00739661 0.0923364 0.0150176
9 0.39924 0.561994 0.0575698 0.154559 0.0150009
8 0.113919 0.604333 0.112624 0.132145 0.0148731
8 0.283412 0.568491 0.0199863 0.109402 0.0146704
0 0.570372 0.52229 0.00852887 0.0255161 0.0143544
8 0.552291 0.551737 0.0140812 0.0291553 0.0142852
8 0.863277 0.742265 0.244724 0.293213 0.0141772
8 0.579563 0.538995 0.0164113 0.0243485 0.0141309
42 0.284027 0.468276 0.0149473 0.0137932 0.0139238
8 0.897056 0.699817 0.168381 0.221404 0.013849
8 0.980401 0.709093 0.0385401 0.116565 0.0134189
8 0.158684 0.632343 0.0764914 0.110958 0.0134143
0 0.152184 0.495705 0.00920401 0.0268094 0.013352
0 0.739543 0.526618 0.0116816 0.0216351 0.0131797
3 0.189782 0.591864 0.0592576 0.0956387 0.0127832
3 0.480339 0.543734 0.0237455 0.0523846 0.012443
0 0.339567 0.613017 0.0231061 0.216196 0.0123371
8 0.252854 0.517138 0.0163489 0.0228021 0.0122404
0 0.0638048 0.518138 0.0122025 0.025952 0.0118868
0 0.278401 0.518308 0.0121675 0.0208347 0.0118682
0 0.283412 0.568491 0.0199863 0.109402 0.0118363
0 0.109913 0.513524 0.0117746 0.0253716 0.011678
8 0.0149865 0.5954 0.0283217 0.0747865 0.0115187
8 0.0211369 0.623458 0.0398242 0.0911338 0.0114931
0 0.996191 0.536818 0.0070885 0.0216986 0.011475
8 0.597224 0.540901 0.0101439 0.0246611 0.0113866
8 0.996267 0.545306 0.0071236 0.0373077 0.0113478
0 0.433956 0.593243 0.0228752 0.218191 0.0111993
8 0.262832 0.523848 0.0224122 0.0372131 0.0110911
22 0.528046 0.586522 0.023054 0.0633047 0.0108617
42 0.293362 0.468462 0.0254361 0.0223072 0.0107652
8 0.439234 0.622998 0.0119566 0.0235042 0.0105133
8 0.59851 0.631802 0.0785273 0.118615 0.0105121
9 0.318329 0.530451 0.0299222 0.0435738 0.0104798
3 0.513112 0.548813 0.0142933 0.0382151 0.0104247
0 0.177325 0.450189 0.0079214 0.0130347 0.0103074
9 0.423293 0.567208 0.0317351 0.153333 0.0102643
0 0.121395 0.523066 0.0137457 0.0306196 0.0100797
8 0.515333 0.531489 0.0130169 0.0429294 0.00999626
8 0.583767 0.550385 0.032897 0.0370805 0.0099505
0 0.0757029 0.463719 0.0116275 0.0153965 0.00992616
0 0.59775 0.522663 0.00969867 0.0304243 0.00981265
22 0.513112 0.548813 0.0142933 0.0382151 0.00974957
3 0.492554 0.550596 0.0214084 0.0418694 0.00966306
0 0.117644 0.516236 0.0159749 0.0234865 0.00965894
42 0.607927 0.469969 0.0105751 0.0139753 0.00962521
22 0.231397 0.59115 0.0294192 0.0821223 0.00949831
0 0.566396 0.530806 0.0111946 0.0256479 0.00944136
4 0.444247 0.481242 0.0515815 0.0244097 0.00931129
0 0.493673 0.551477 0.01892 0.0347189 0.00918794
3 0.466991 0.54598 0.0173689 0.0496107 0.00892995
9 0.311519 0.536702 0.0364184 0.059913 0.00885192
9 0.439234 0.622998 0.0119566 0.0235042 0.00884429
8 0.0129825 0.526746 0.0223401 0.0355379 0.00864837
2 0.191698 0.291329 0.0102511 0.0143709 0.00860547
3 0.996302 0.576939 0.00739661 0.0923364 0.00853001
11 0.429525 0.560248 0.0257276 0.14905 0.00838219
0 0.996482 0.519309 0.00703668 0.037999 0.00837958
11 0.311519 0.536702 0.0364184 0.059913 0.00832512
42 0.234539 0.470393 0.0105639 0.0120515 0.00831798
11 0.455097 0.521567 0.0222044 0.0671901 0.00831138
8 0.741727 0.760269 0.134314 0.195068 0.00824704
42 0.322682 0.458615 0.054228 0.0513163 0.00803443
0 0.149596 0.495384 0.0135491 0.0391838 0.00801441
11 0.318329 0.530451 0.0299222 0.0435738 0.00797732
3 0.996191 0.536818 0.0070885 0.0216986 0.00797422
42 0.543355 0.483953 0.024996 0.0123562 0.00793663
0 0.996267 0.545306 0.0071236 0.0373077 0.00793405
42 0.153199 0.472802 0.00769643 0.017189 0.00783822
9 0.452245 0.550371 0.0269018 0.116782 0.00777021
1 0.163593 0.404637 0.0153394 0.0366842 0.00766539
3 0.677962 0.713627 0.115325 0.219391 0.00764415
42 0.253694 0.482563 0.0182283 0.0208516 0.00763577
0 0.148618 0.524927 0.0126461 0.0316142 0.00758073
0 0.732412 0.520782 0.0161569 0.0205199 0.00739736
9 0.339567 0.613017 0.0231061 0.216196 0.00737947
11 0.447813 0.519022 0.0128564 0.0583219 0.00736044
42 0.152012 0.509433 0.00925407 0.0199841 0.00720686
8 0.175759 0.629137 0.0561855 0.114278 0.00716507
8 0.0143824 0.520139 0.0196068 0.0219019 0.00710297
1 0.515383 0.420077 0.00838272 0.00920926 0.00707026
0 0.272301 0.518401 0.0155834 0.0254831 0.00699621
9 0.447813 0.519022 0.0128564 0.0583219 0.00696303
8 0.453572 0.554412 0.0264078 0.132313 0.00694694
0 0.63629 0.526373 0.0137362 0.0316976 0.00693642
2 0.730195 0.529236 0.0152592 0.0232618 0.00687894
8 0.978403 0.682376 0.0431259 0.0846585 0.00686502
0 0.739026 0.521016 0.0134478 0.0211835 0.0068425
8 0.295968 0.519182 0.0129683 0.0255492 0.00677282
8 0.533565 0.584865 0.0164 0.0780385 0.00675881
8 0.140408 0.59061 0.0935094 0.117588 0.00674812
42 0.220674 0.465071 0.0135694 0.0162557 0.00674042
8 0.244477 0.514254 0.0158963 0.0213511 0.00672138
3 0.275622 0.584061 0.0307825 0.0681338 0.00671792
42 0.13153 0.468713 0.00837804 0.0148904 0.00664139
0 0.252854 0.517138 0.0163489 0.0228021 0.00660916
8 0.591668 0.548724 0.0215242 0.0334303 0.00660482
3 0.23113 0.58143 0.0322072 0.100502 0.00656035
3 0.176156 0.602067 0.0645192 0.108928 0.00654644
1 0.177325 0.450189 0.0079214 0.0130347 0.00653764
3 0.107884 0.603688 0.115937 0.129135 0.00650708
11 0.337387 0.572177 0.0276415 0.12009 0.00649936
8 0.202021 0.519326 0.0128349 0.0254825 0.0064776
0 0.479418 0.533438 0.0161277 0.0499966 0.00640626
8 0.488578 0.532858 0.0150898 0.0531036 0.00635798
22 0.515857 0.53836 0.015631 0.046092 0.00635351
3 0.667035 0.645027 0.105374 0.140931 0.00634712
0 0.529632 0.513809 0.00845215 0.0334374 0.0060725
2 0.839881 0.0883551 0.0122551 0.0195808 0.00606911
0 0.548578 0.547815 0.0113524 0.0377042 0.00591106
0 0.00592657 0.491978 0.00901121 0.0311166 0.00589644
2 0.647323 0.530033 0.00994989 0.0224498 0.00588562
42 0.255964 0.475785 0.0218935 0.0229894 0.00584811
2 0.739543 0.526618 0.0116816 0.0216351 0.00575584
42 0.112903 0.430732 0.0320434 0.0179661 0.00575349
11 0.152012 0.509433 0.00925407 0.0199841 0.00574615
42 0.536605 0.480703 0.00826282 0.00892388 0.00570535
8 0.91138 0.677588 0.0927818 0.157778 0.00569375
42 0.521952 0.49118 0.0104162 0.0133086 0.00569028
42 0.24268 0.471346 0.0119279 0.0148149 0.00567872
8 0.238535 0.545365 0.0197415 0.0661504 0.00566258
3 0.204839 0.596715 0.0332262 0.0894477 0.0056506
42 0.528317 0.494077 0.00780512 0.0154941 0.00564018
1 0.808169 0.466177 0.00819318 0.0170897 0.00557771
3 0.996267 0.545306 0.0071236 0.0373077 0.00557636
42 0.634953 0.521382 0.00964716 0.0242738 0.00556768
8 0.216409 0.525917 0.0182976 0.0303128 0.00554116
42 0.565303 0.473536 0.0125023 0.0146786 0.00552989
3 0.875365 0.670297 0.114311 0.158573 0.00542975
8 0.675197 0.663763 0.112655 0.163599 0.00540345
11 0.452245 0.550371 0.0269018 0.116782 0.00537917
8 0.290966 0.530232 0.0169761 0.0411737 0.00536444
3 0.0223697 0.595106 0.0433742 0.0907107 0.0053294
0 0.312195 0.575732 0.0487204 0.193357 0.00530369
9 0.455097 0.521567 0.0222044 0.0671901 0.00527526
8 0.996482 0.519309 0.00703668 0.037999 0.00521615
0 0.515333 0.531489 0.0130169 0.0429294 0.00518491
42 0.342043 0.454014 0.0921569 0.0538332 0.00506818
42 0.558308 0.48024 0.0200832 0.00950792 0.00499212
8 0.548578 0.547815 0.0113524 0.0377042 0.00498887
0 0.325388 0.494262 0.0172223 0.0271808 0.00491336
42 0.252854 0.517138 0.0163489 0.0228021 0.00487498
42 0.203216 0.469295 0.0147336 0.00786236 0.00481789
0 0.230111 0.569886 0.0299068 0.10441 0.00473477
42 0.608134 0.502013 0.0098971 0.0320261 0.00471438
4 0.46473 0.52366 0.014786 0.0454268 0.0046934
0 0.578931 0.523023 0.00963336 0.034035 0.00460119
8 0.0044466 0.464564 0.00728277 0.0182243 0.00458526
1 0.514867 0.444562 0.00854019 0.024807 0.00456665
42 0.0044466 0.464564 0.00728277 0.0182243 0.00455353
3 0.158684 0.632343 0.0764914 0.110958 0.00455263
8 0.46473 0.52366 0.014786 0.0454268 0.00453924
17 0.325388 0.494262 0.0172223 0.0271808 0.00452404
8 0.314824 0.642491 0.0497356 0.32744 0.0045222
8 0.201657 0.528583 0.0194579 0.0365682 0.0045003
4 0.484173 0.542981 0.0271263 0.0553104 0.00443809
0 0.647323 0.530033 0.00994989 0.0224498 0.00441458
8 0.481038 0.552434 0.0317292 0.0536828 0.00436544
8 0.455246 0.533639 0.0222967 0.0910058 0.00423218
4 0.453386 0.557908 0.0278979 0.139949 0.00415295
3 0.282525 0.521597 0.0158677 0.0418417 0.0040975
0 0.269179 0.545685 0.0595347 0.093307 0.0040912
0 0.282531 0.529596 0.0183223 0.0353914 0.00407368
42 0.735093 0.478872 0.020173 0.0135192 0.0040243
3 0.618029 0.659788 0.0579092 0.126411 0.00401042
3 0.439234 0.622998 0.0119566 0.0235042 0.00399197
3 0.839191 0.794997 0.22404 0.305038 0.00397061
8 0.292529 0.586115 0.0151004 0.0680221 0.00395606
42 0.856325 0.505898 0.0121536 0.0148973 0.0039504
8 0.98597 0.682249 0.0275192 0.0774299 0.0039401
3 0.91138 0.677588 0.0927818 0.157778 0.00391614
8 0.222215 0.53182 0.0209127 0.0335921 0.00387691
3 0.278401 0.518308 0.0121675 0.0208347 0.00386851
4 0.46942 0.540718 0.0166276 0.0502122 0.00376828
8 0.194361 0.535884 0.0225904 0.0379886 0.00376151
0 0.634953 0.521382 0.00964716 0.0242738 0.00375819
0 0.55201 0.524274 0.0115572 0.0321188 0.00375595
42 0.56399 0.485733 0.0136005 0.00908203 0.0037506
0 0.528317 0.494077 0.00780512 0.0154941 0.00374191
17 0.152012 0.509433 0.00925407 0.0199841 0.0037043
8 0.529632 0.513809 0.00845215 0.0334374 0.00370424
0 0.238535 0.545365 0.0197415 0.0661504 0.00368335
8 0.284272 0.596659 0.0196515 0.0597039 0.00367006
0 0.0145709 0.462968 0.0140666 0.0218189 0.00360329
0 0.996663 0.492767 0.00667493 0.0218229 0.00359534
42 0.121583 0.466384 0.0129089 0.0131365 0.00358998
0 0.222215 0.53182 0.0209127 0.0335921 0.00357739
