4 0.51094 0.686828 0.388081 0.219835 0.9482
4 0.835184 0.678559 0.281634 0.194861 0.938534
4 0.189481 0.590933 0.164761 0.198517 0.934304
4 0.0633359 0.596171 0.125774 0.174776 0.914723
4 0.967174 0.677406 0.0632542 0.141867 0.864831
1 0.819282 0.374184 0.0351223 0.222087 0.856546
4 0.243094 0.631274 0.187274 0.16223 0.778661
8 0.930812 0.625205 0.0355971 0.0670333 0.698073
14 0.281781 0.680643 0.103036 0.138378 0.587465
2 0.0278165 0.43309 0.0125641 0.0198447 0.249357
2 0.144365 0.421537 0.0112984 0.0221021 0.131183
1 0.908869 0.514616 0.0149946 0.044073 0.0902651
4 0.931035 0.627424 0.0352565 0.0643634 0.0821176
12 0.485784 0.551186 0.437177 0.234383 0.0719426
0 0.864399 0.628678 0.016903 0.0318612 0.0535043
1 0.863854 0.356332 0.0571168 0.112003 0.0486586
0 0.839887 0.625497 0.0224905 0.0335104 0.0409574
4 0.324081 0.602775 0.109858 0.118689 0.0404365
0 0.858534 0.626602 0.0202249 0.0351139 0.038016
8 0.967635 0.631882 0.0639808 0.0551538 0.0346829
4 0.968011 0.631741 0.060868 0.050074 0.0317009
4 0.361667 0.576452 0.0306376 0.0631557 0.0254393
0 0.834592 0.624423 0.0237948 0.0322499 0.0246402
0 0.930584 0.627483 0.0356146 0.0644174 0.0227012
4 0.0186029 0.589383 0.0354113 0.127153 0.01943
2 0.144648 0.402964 0.0106951 0.0115428 0.0181049
4 0.483879 0.549981 0.424326 0.22534 0.0177542
4 0.982024 0.627163 0.0318077 0.0436898 0.0160178
4 0.361161 0.60332 0.0328122 0.117405 0.0160143
4 0.0138549 0.54656 0.0259176 0.0472055 0.0156623
4 0.22094 0.5778 0.0584603 0.0453444 0.0155539
3 0.967635 0.631882 0.0639808 0.0551538 0.0142779
2 0.0275091 0.428306 0.014242 0.0286734 0.0129178
2 0.122957 0.429445 0.0093753 0.0290884 0.0123253
4 0.361812 0.563427 0.0314549 0.0393948 0.0113435
2 0.129266 0.425477 0.01018 0.0247039 0.0108593
4 0.239845 0.576585 0.0562415 0.0464079 0.0107489
5 0.929831 0.623232 0.0370389 0.0708452 0.0106682
2 0.0204544 0.405674 0.0176567 0.0205185 0.0102597
4 0.985561 0.723098 0.025785 0.0814163 0.00947019
2 0.141762 0.409212 0.0109462 0.0132987 0.00908998
2 0.126416 0.428493 0.0102874 0.0290219 0.00906553
14 0.930784 0.626135 0.0366295 0.0647789 0.00828614
4 0.0277099 0.599951 0.0544492 0.150956 0.00672936
8 0.967476 0.677655 0.0629247 0.141929 0.0055535
8 0.982024 0.627163 0.0318077 0.0436898 0.00508357
2 0.383156 0.403696 0.0119357 0.0122623 0.00505566
2 0.0222626 0.416745 0.0239152 0.0475411 0.00474444
2 0.995552 0.562504 0.00643146 0.0210807 0.00447697
3 0.930463 0.623964 0.0358589 0.066695 0.004276
2 0.389008 0.42404 0.0113698 0.0182866 0.00414456
4 0.957874 0.622402 0.0807852 0.0578402 0.00385045
4 0.992282 0.596191 0.011999 0.0915759 0.00363575
0 0.995552 0.562504 0.00643146 0.0210807 0.0036247
2 0.391884 0.404751 0.0106093 0.014345 0.00340122
2 0.689057 0.300008 0.0136199 0.0219947 0.00333824
2 0.139114 0.441786 0.00661139 0.0148611 0.00304892
3 0.967913 0.670656 0.0641749 0.132225 0.00302433
14 0.324081 0.602775 0.109858 0.118689 0.00299663
4 0.388348 0.569259 0.268326 0.252961 0.00293234
0 0.828364 0.620209 0.0297335 0.0354107 0.00283578
4 0.282596 0.629586 0.108563 0.0511295 0.00277052
2 0.660995 0.374694 0.0179003 0.0210632 0.00269923
2 0.36775 0.12031 0.0146769 0.0154568 0.00247281
8 0.929505 0.600602 0.0357772 0.0317046 0.0024483
4 0.137436 0.626308 0.0685657 0.140506 0.00237217
2 0.382398 0.430999 0.0148185 0.0105568 0.00233067
4 0.272138 0.60031 0.160865 0.0989157 0.00228239
8 0.321335 0.713071 0.0203179 0.0845936 0.00226785
8 0.992282 0.596191 0.011999 0.0915759 0.0022485
0 0.929505 0.600602 0.0357772 0.0317046 0.00206805
4 0.262082 0.631507 0.186555 0.0506087 0.00197893
12 0.322369 0.608488 0.119978 0.133434 0.0019779
4 0.203661 0.584721 0.0840309 0.0576133 0.00194938
6 0.26493 0.632511 0.232687 0.165348 0.00193158
0 0.876331 0.624641 0.0128682 0.0276668 0.00176552
4 0.0147 0.535571 0.0279232 0.0375738 0.00174765
0 0.319022 0.707566 0.0178742 0.0734046 0.00174674
2 0.383319 0.424957 0.014366 0.0175754 0.00174369
1 0.995552 0.562504 0.00643146 0.0210807 0.00173208
13 0.931212 0.627457 0.0356832 0.0622297 0.00172639
0 0.992282 0.596191 0.011999 0.0915759 0.00169416
2 0.660078 0.320873 0.0133851 0.0246985 0.0015502
4 0.0833531 0.602201 0.0730567 0.173386 0.00153932
2 0.371241 0.43384 0.0111444 0.00714198 0.00151992
0 0.84373 0.619381 0.0350859 0.0462306 0.00147201
0 0.862738 0.605791 0.0291642 0.0716962 0.00144079
0 0.842543 0.635396 0.037062 0.071838 0.00144007
4 0.1086 0.599339 0.0362504 0.173828 0.00139342
1 0.910489 0.505876 0.014994 0.0294491 0.00132894
4 0.981037 0.709353 0.0363606 0.0914481 0.00131768
2 0.0295786 0.433203 0.0176919 0.0273958 0.00121925
4 0.109095 0.540399 0.0323345 0.0492322 0.00120335
0 0.854797 0.615777 0.0271216 0.0556406 0.00118817
3 0.982024 0.627163 0.0318077 0.0436898 0.00118799
21 0.283079 0.679582 0.106921 0.138563 0.00116109
4 0.359018 0.532492 0.0163807 0.0271561 0.00115065
2 0.552988 0.436567 0.0102778 0.015867 0.00109736
2 0.663462 0.369538 0.0199555 0.0220135 0.00107953
4 0.729937 0.610207 0.0803363 0.0511849 0.00105413
2 0.705614 0.265153 0.0132708 0.0171588 0.00104506
2 0.967582 0.533605 0.0104476 0.0140364 0.00101317
2 0.388039 0.430851 0.018927 0.0103347 0.00101275
4 0.286457 0.672979 0.0958302 0.137726 0.00100818
17 0.834592 0.624423 0.0237948 0.0322499 0.00100331
