0 0.318796 0.87383 0.0224679 0.0882526 0.588017
8 0.376817 0.88579 0.037504 0.0611664 0.498815
8 0.279949 0.900335 0.0244655 0.0452595 0.480041
0 0.372857 0.870194 0.0224514 0.0867064 0.360644
3 0.378079 0.885431 0.0360018 0.0599593 0.271925
0 0.277644 0.895325 0.0258612 0.062619 0.26712
8 0.318685 0.888347 0.0216617 0.0624251 0.26592
2 0.0472033 0.583762 0.0110391 0.0186567 0.235364
3 0.318685 0.888347 0.0216617 0.0624251 0.122132
0 0.378485 0.873858 0.0315083 0.0763619 0.099416
0 0.385004 0.870206 0.0203302 0.0809503 0.0627419
3 0.279415 0.89799 0.0254179 0.0530216 0.0611878
4 0.276531 0.885369 0.0238276 0.0628468 0.0322168
0 0.170243 0.886467 0.0169013 0.0675349 0.0223502
2 0.0504315 0.58391 0.0121435 0.018903 0.0192837
0 0.276477 0.877303 0.0243286 0.067721 0.0179409
8 0.340185 0.886876 0.0322844 0.0596314 0.0165786
3 0.340185 0.886876 0.0322844 0.0596314 0.0144245
8 0.286567 0.895239 0.0329915 0.0512919 0.0128502
0 0.258801 0.884509 0.0169222 0.0516309 0.011542
2 0.0153312 0.699531 0.0177739 0.0179232 0.0115039
0 0.335587 0.875472 0.0230197 0.0797642 0.0104942
4 0.318796 0.87383 0.0224679 0.0882526 0.00917727
2 0.0464955 0.576991 0.0126919 0.0220962 0.0088221
0 0.273185 0.88821 0.0255069 0.0681724 0.00870786
1 0.0351325 0.826426 0.0118563 0.0250507 0.00773376
3 0.417421 0.875834 0.015431 0.0454399 0.00746121
22 0.322723 0.898463 0.0182441 0.0716053 0.00690506
8 0.322723 0.898463 0.0182441 0.0716053 0.00638844
4 0.27855 0.898595 0.0260391 0.0483584 0.00602369
3 0.322723 0.898463 0.0182441 0.0716053 0.0057516
0 0.417421 0.875834 0.015431 0.0454399 0.00554349
3 0.397814 0.883621 0.0503468 0.055307 0.00490537
8 0.387423 0.884504 0.0504326 0.0583459 0.0047602
42 0.275618 0.888221 0.0231882 0.064038 0.00465391
3 0.352563 0.888226 0.0306226 0.0567099 0.00464201
3 0.32893 0.88757 0.0352353 0.0617827 0.00459404
8 0.320552 0.874252 0.0246076 0.0874938 0.00448437
2 0.00708452 0.607864 0.0129262 0.0579182 0.00432227
2 0.529474 0.796485 0.0110295 0.0128874 0.00424496
8 0.417421 0.875834 0.015431 0.0454399 0.00410959
1 0.528968 0.805625 0.0107952 0.0279189 0.00383955
0 0.526157 0.854581 0.0163409 0.0588908 0.00374193
8 0.32893 0.88757 0.0352353 0.0617827 0.00348827
3 0.408299 0.880824 0.0262351 0.0548784 0.00342428
2 0.0468466 0.599159 0.0126578 0.0210295 0.00335618
13 0.275618 0.888221 0.0231882 0.064038 0.00324261
3 0.286567 0.895239 0.0329915 0.0512919 0.00312644
2 0.0145826 0.705162 0.0202003 0.026723 0.00311336
7 0.0351325 0.826426 0.0118563 0.0250507 0.002997
7 0.00447025 0.743464 0.00831597 0.051854 0.00284672
2 0.0132665 0.696925 0.0200684 0.0251359 0.00276852
0 0.295878 0.876647 0.0523329 0.0730893 0.00267322
2 0.641508 0.789519 0.00774078 0.0152848 0.00266879
3 0.416215 0.882742 0.0218195 0.0518264 0.00263039
0 0.17738 0.884827 0.013666 0.0612231 0.00260815
8 0.276531 0.885369 0.0238276 0.0628468 0.00260505
22 0.319104 0.890075 0.0224232 0.0617648 0.00259825
3 0.373031 0.877277 0.027891 0.0718829 0.00249574
3 0.430954 0.881347 0.0430334 0.0523045 0.00236719
4 0.375773 0.881191 0.0320784 0.0654337 0.00230912
17 0.275618 0.888221 0.0231882 0.064038 0.00223517
0 0.416711 0.860307 0.0123603 0.0278272 0.0021274
1 0.262767 0.796108 0.020569 0.0275624 0.00211341
8 0.408299 0.880824 0.0262351 0.0548784 0.00204339
0 0.375283 0.848355 0.025655 0.0800539 0.00198505
0 0.37038 0.881985 0.0320347 0.0613733 0.00197427
3 0.296333 0.890937 0.0205716 0.0546618 0.00180899
9 0.372857 0.870194 0.0224514 0.0867064 0.00180144
4 0.034918 0.827206 0.0105271 0.0234987 0.00178911
0 0.346229 0.85845 0.0177784 0.0576304 0.00177326
9 0.27855 0.898595 0.0260391 0.0483584 0.00171848
13 0.279949 0.900335 0.0244655 0.0452595 0.00169343
0 0.856787 0.858247 0.0203798 0.0607341 0.00166666
0 0.433991 0.878919 0.0184942 0.0499602 0.00164426
3 0.271958 0.916509 0.0111781 0.0512398 0.00164321
2 0.0127325 0.597532 0.0161281 0.0248176 0.00162416
0 0.301947 0.857402 0.0131684 0.0547718 0.00158997
8 0.430954 0.881347 0.0430334 0.0523045 0.00158824
1 0.288093 0.784437 0.0270531 0.049716 0.0014741
0 0.413028 0.879366 0.0208837 0.0556859 0.00142449
8 0.296333 0.890937 0.0205716 0.0546618 0.00131186
8 0.433991 0.878919 0.0184942 0.0499602 0.00130252
2 0.0351325 0.826426 0.0118563 0.0250507 0.00130243
4 0.372857 0.870194 0.0224514 0.0867064 0.00129243
2 0.0496651 0.575528 0.0144107 0.0213079 0.0012885
3 0.320552 0.874252 0.0246076 0.0874938 0.00126907
2 0.527906 0.771853 0.0167841 0.0170441 0.00126354
4 0.0276222 0.829099 0.0209547 0.0205577 0.00123651
11 0.275618 0.888221 0.0231882 0.064038 0.00123238
8 0.352563 0.888226 0.0306226 0.0567099 0.00122835
0 0.453559 0.8661 0.0153834 0.0508149 0.00116494
17 0.31873 0.872989 0.0226088 0.0865457 0.0011465
8 0.271958 0.916509 0.0111781 0.0512398 0.00114342
0 0.446496 0.876036 0.0284422 0.0497555 0.0011414
4 0.295878 0.876647 0.0523329 0.0730893 0.00109799
14 0.275618 0.888221 0.0231882 0.064038 0.00106739
11 0.27855 0.898595 0.0260391 0.0483584 0.00106413
2 0.0139454 0.672657 0.01068 0.0363607 0.0010404
5 0.279949 0.900335 0.0244655 0.0452595 0.00103495
4 0.379529 0.866307 0.0314999 0.0884473 0.00100673
