4 0.608955 0.692751 0.0536459 0.0639391 0.890992
1 0.58871 0.62821 0.0244455 0.0190267 0.553004
7 0.489823 0.603221 0.00710764 0.0128202 0.361084
6 0.0849853 0.643645 0.0569526 0.0590492 0.34626
7 0.502316 0.610134 0.00733267 0.012506 0.285413
4 0.457494 0.676563 0.015876 0.0231868 0.224712
1 0.665786 0.659835 0.00940454 0.0196079 0.217066
7 0.464977 0.591622 0.00693939 0.0170264 0.168054
7 0.485086 0.60183 0.00901941 0.0115958 0.16391
15 0.0850464 0.644349 0.0568777 0.0580512 0.159232
4 0.0848567 0.643934 0.0570089 0.0591915 0.157987
7 0.488447 0.600738 0.00580115 0.0160647 0.154344
4 0.492254 0.663194 0.0102799 0.0122408 0.151608
4 0.5631 0.680384 0.0124923 0.0180709 0.149122
1 0.567448 0.629489 0.0203958 0.0211312 0.148591
4 0.517851 0.675274 0.0171149 0.0168285 0.142513
1 0.566757 0.634428 0.0191819 0.0157236 0.138359
4 0.52742 0.675427 0.0108533 0.0160424 0.11059
4 0.541634 0.677259 0.010987 0.0148208 0.10943
4 0.536008 0.67601 0.00880682 0.0154918 0.0917398
7 0.463753 0.593678 0.00583145 0.0193456 0.0723157
1 0.588054 0.615262 0.0270764 0.0353169 0.0720913
7 0.501699 0.616418 0.00842941 0.0138324 0.0696102
1 0.545641 0.636317 0.0059469 0.0233943 0.0631783
1 0.588056 0.633975 0.023856 0.0303226 0.0629447
4 0.490499 0.665127 0.0124374 0.0162799 0.0567072
4 0.461313 0.676548 0.0164247 0.0246616 0.0564777
1 0.458079 0.642165 0.00939023 0.0110295 0.0482086
7 0.465008 0.601697 0.00706421 0.0256657 0.0468308
4 0.549451 0.681945 0.0115971 0.0170946 0.0464084
4 0.482305 0.665996 0.0108389 0.0144292 0.0462991
1 0.483583 0.638841 0.00679611 0.0113546 0.0462336
1 0.2966 0.645041 0.0106743 0.0342449 0.0400218
1 0.272563 0.624049 0.00972321 0.0150739 0.0387847
7 0.490243 0.595322 0.00681897 0.0201466 0.0376143
7 0.484259 0.594394 0.00754904 0.0184306 0.0375559
8 0.560981 0.680038 0.013687 0.0168853 0.0341015
4 0.477725 0.672352 0.0128779 0.0197026 0.0339632
4 0.457736 0.670652 0.0149483 0.0238992 0.0323169
1 0.562666 0.624103 0.0288846 0.0335449 0.029348
0 0.5631 0.680384 0.0124923 0.0180709 0.028563
7 0.49894 0.606515 0.0063414 0.0177005 0.0243876
4 0.521308 0.669359 0.0163055 0.0192308 0.0230499
4 0.252894 0.663935 0.0107263 0.016659 0.0224858
4 0.493189 0.669171 0.0118847 0.0213826 0.0201475
4 0.510891 0.672571 0.015475 0.01634 0.0198865
4 0.52645 0.669928 0.0119555 0.0202058 0.0184131
4 0.577193 0.679278 0.0178247 0.0194275 0.0171284
1 0.251502 0.649918 0.0122219 0.0395835 0.015443
8 0.457494 0.676563 0.015876 0.0231868 0.0140811
7 0.483583 0.638841 0.00679611 0.0113546 0.0139844
1 0.252894 0.663935 0.0107263 0.016659 0.0139379
4 0.502409 0.665553 0.00914795 0.0133814 0.0137043
7 0.520562 0.628715 0.00893988 0.0133807 0.0135384
1 0.49894 0.606515 0.0063414 0.0177005 0.0126882
12 0.283292 0.644943 0.0366484 0.0434792 0.01224
1 0.537356 0.633287 0.00759107 0.0161435 0.0116159
0 0.252894 0.663935 0.0107263 0.016659 0.0113625
7 0.460047 0.592473 0.00878525 0.0159881 0.011242
6 0.580843 0.661453 0.0368383 0.0592557 0.0107156
8 0.541634 0.677259 0.010987 0.0148208 0.0104493
7 0.496187 0.612001 0.00851581 0.02329 0.0101869
7 0.459304 0.605287 0.00760953 0.0156633 0.00987347
26 0.240048 0.0175686 0.0408087 0.0345112 0.00975058
1 0.608856 0.648588 0.00977319 0.0195434 0.00955638
1 0.561537 0.635087 0.02477 0.019296 0.00911556
7 0.464445 0.617218 0.00858606 0.0157973 0.0086025
4 0.463538 0.671383 0.0178299 0.0293992 0.00858538
4 0.496642 0.680162 0.0128268 0.0248739 0.00846622
4 0.545196 0.669302 0.0102081 0.0201322 0.00832164
0 0.541634 0.677259 0.010987 0.0148208 0.00816799
1 0.667752 0.625935 0.0222388 0.0777015 0.00795045
6 0.567271 0.663825 0.0253707 0.0473667 0.00767753
12 0.273499 0.647162 0.0567118 0.0503875 0.00731415
1 0.501699 0.616418 0.00842941 0.0138324 0.00718205
1 0.494476 0.642869 0.00711185 0.0117566 0.0070965
14 0.252894 0.663935 0.0107263 0.016659 0.00666962
1 0.52182 0.636813 0.0121483 0.0163649 0.00651967
6 0.457736 0.670652 0.0149483 0.0238992 0.00640729
7 0.494476 0.642869 0.00711185 0.0117566 0.00619924
6 0.268275 0.644448 0.041736 0.0496992 0.00619772
5 0.252894 0.663935 0.0107263 0.016659 0.00616667
8 0.52742 0.675427 0.0108533 0.0160424 0.00614342
4 0.452758 0.675308 0.0207809 0.0254894 0.00596102
1 0.29633 0.631853 0.00816354 0.0183665 0.00593502
1 0.300168 0.647467 0.0116962 0.0272497 0.00588051
1 0.533215 0.636714 0.00838538 0.0176026 0.00574606
0 0.457494 0.676563 0.015876 0.0231868 0.00569446
7 0.502148 0.639653 0.00901788 0.0139743 0.00566876
7 0.458079 0.642165 0.00939023 0.0110295 0.00537731
1 0.502316 0.610134 0.00733267 0.012506 0.00527068
6 0.5631 0.680384 0.0124923 0.0180709 0.0052646
1 0.564124 0.619626 0.0196628 0.03744 0.00524411
0 0.52742 0.675427 0.0108533 0.0160424 0.00522256
5 0.5631 0.680384 0.0124923 0.0180709 0.00520891
1 0.66356 0.606114 0.0162922 0.0371105 0.00520581
12 0.273528 0.641022 0.0143326 0.0492495 0.00503526
4 0.580071 0.688129 0.0163453 0.0319462 0.00496602
1 0.0842979 0.643633 0.0563888 0.0573625 0.00483063
7 0.511703 0.631189 0.00537088 0.0114222 0.0045389
6 0.457494 0.676563 0.015876 0.0231868 0.00451768
1 0.613648 0.649803 0.01369 0.0207195 0.00445387
4 0.545612 0.685708 0.0119125 0.0268638 0.00438924
0 0.536008 0.67601 0.00880682 0.0154918 0.00436787
4 0.563259 0.686097 0.0124932 0.0242359 0.00434032
6 0.283292 0.644943 0.0366484 0.0434792 0.00423791
6 0.589315 0.664024 0.0296938 0.04168 0.00409279
1 0.589315 0.664024 0.0296938 0.04168 0.00393521
12 0.0850464 0.644349 0.0568777 0.0580512 0.00388273
1 0.341884 0.603819 0.0366288 0.042383 0.00388099
8 0.549451 0.681945 0.0115971 0.0170946 0.00382029
1 0.502148 0.639653 0.00901788 0.0139743 0.0037253
1 0.59079 0.620718 0.0264116 0.0281488 0.00370915
7 0.52182 0.636813 0.0121483 0.0163649 0.00362948
7 0.487035 0.635193 0.00446527 0.0113057 0.00360784
1 0.487035 0.635193 0.00446527 0.0113057 0.0035602
6 0.492254 0.663194 0.0102799 0.0122408 0.00346532
8 0.560365 0.685912 0.0150036 0.0257871 0.0034628
1 0.373659 0.637239 0.0152743 0.021823 0.00342137
1 0.492254 0.663194 0.0102799 0.0122408 0.0033776
14 0.66661 0.687567 0.0123605 0.0216852 0.00329535
12 0.296488 0.646157 0.0122606 0.0353999 0.00328783
7 0.461218 0.634469 0.00808017 0.0127228 0.00328512
1 0.374025 0.609974 0.0211251 0.0307217 0.00322984
4 0.409707 0.676237 0.0123421 0.0135434 0.00319769
8 0.545612 0.685708 0.0119125 0.0268638 0.00316347
1 0.461218 0.634469 0.00808017 0.0127228 0.00311943
7 0.520274 0.607995 0.00713751 0.012705 0.00307778
8 0.461313 0.676548 0.0164247 0.0246616 0.00306822
1 0.534745 0.630434 0.0106633 0.0171247 0.00305801
5 0.457494 0.676563 0.015876 0.0231868 0.00298389
7 0.545641 0.636317 0.0059469 0.0233943 0.00285033
8 0.252894 0.663935 0.0107263 0.016659 0.00282734
2 0.49894 0.606515 0.0063414 0.0177005 0.0027998
1 0.449074 0.641519 0.01362 0.0171493 0.00278081
1 0.520562 0.628715 0.00893988 0.0133807 0.00276418
4 0.557031 0.671875 0.0230916 0.0301618 0.00276301
0 0.549451 0.681945 0.0115971 0.0170946 0.00268693
1 0.438121 0.609243 0.019345 0.0161936 0.00267569
4 0.250099 0.662416 0.0150108 0.018617 0.00265299
6 0.463538 0.671383 0.0178299 0.0293992 0.00262127
4 0.413111 0.672592 0.0122406 0.0143168 0.00260971
6 0.273528 0.641022 0.0143326 0.0492495 0.00260701
1 0.463688 0.644621 0.0111071 0.0133337 0.00258946
1 0.552397 0.612315 0.0115828 0.0196225 0.00256937
0 0.482305 0.665996 0.0108389 0.0144292 0.00253206
4 0.44959 0.667751 0.0152368 0.0245939 0.00250701
6 0.557031 0.671875 0.0230916 0.0301618 0.00249897
1 0.464445 0.617218 0.00858606 0.0157973 0.00248479
1 0.598523 0.608889 0.0180506 0.0367856 0.00246728
1 0.511703 0.631189 0.00537088 0.0114222 0.00244968
6 0.577193 0.679278 0.0178247 0.0194275 0.00241831
4 0.625554 0.683816 0.0194274 0.0418602 0.00229499
1 0.273528 0.641022 0.0143326 0.0492495 0.0022797
4 0.415596 0.67448 0.0151869 0.0167381 0.00223251
6 0.482305 0.665996 0.0108389 0.0144292 0.00220771
4 0.517999 0.684825 0.0229483 0.0378738 0.00211681
6 0.44959 0.667751 0.0152368 0.0245939 0.00207866
4 0.00938947 0.706409 0.0179161 0.020133 0.00205999
0 0.2966 0.645041 0.0106743 0.0342449 0.00203586
0 0.457736 0.670652 0.0149483 0.0238992 0.00202096
4 0.60092 0.663484 0.0206435 0.0160461 0.00191557
4 0.240048 0.0175686 0.0408087 0.0345112 0.00190534
1 0.484407 0.626029 0.00814209 0.015212 0.00187853
1 0.342412 0.613957 0.0350975 0.0257289 0.00187678
0 0.492254 0.663194 0.0102799 0.0122408 0.00187159
4 0.526847 0.683796 0.0167363 0.0316079 0.00185612
0 0.665902 0.679258 0.0108915 0.0327895 0.00185438
7 0.537356 0.633287 0.00759107 0.0161435 0.00181756
1 0.648425 0.618796 0.0399064 0.0614691 0.00181054
0 0.493189 0.669171 0.0118847 0.0213826 0.00180515
7 0.484407 0.626029 0.00814209 0.015212 0.00179376
1 0.488447 0.600738 0.00580115 0.0160647 0.00177898
14 0.238059 0.0169773 0.0436357 0.0339545 0.00173885
0 0.461313 0.676548 0.0164247 0.0246616 0.00173806
0 0.477725 0.672352 0.0128779 0.0197026 0.00168625
8 0.517851 0.675274 0.0171149 0.0168285 0.00168291
7 0.534745 0.630434 0.0106633 0.0171247 0.00165082
2 0.665786 0.659835 0.00940454 0.0196079 0.00162136
14 0.2966 0.645041 0.0106743 0.0342449 0.00159407
8 0.536008 0.67601 0.00880682 0.0154918 0.00157424
1 0.927817 0.612406 0.0279504 0.0645208 0.0015705
6 0.296488 0.646157 0.0122606 0.0353999 0.00154121
1 0.372563 0.622209 0.016013 0.019792 0.00150745
4 0.268275 0.644448 0.041736 0.0496992 0.00147993
1 0.619729 0.658272 0.0179992 0.010223 0.00141372
1 0.547766 0.611985 0.0110994 0.0178218 0.00141312
6 0.608027 0.693693 0.0548485 0.0636748 0.00140263
5 0.492254 0.663194 0.0102799 0.0122408 0.00139696
4 0.619729 0.658272 0.0179992 0.010223 0.00139432
0 0.577193 0.679278 0.0178247 0.0194275 0.00138972
1 0.41721 0.640472 0.0122128 0.0288203 0.00138139
1 0.545196 0.669302 0.0102081 0.0201322 0.00135776
8 0.492254 0.663194 0.0102799 0.0122408 0.00135167
0 0.66661 0.687567 0.0123605 0.0216852 0.00134772
1 0.660828 0.658923 0.0166153 0.023051 0.00129189
0 0.516985 0.673721 0.0158699 0.0160165 0.00127102
8 0.477725 0.672352 0.0128779 0.0197026 0.00125422
1 0.485086 0.60183 0.00901941 0.0115958 0.00122448
2 0.914932 0.502839 0.0120557 0.0221517 0.0012022
1 0.357352 0.620592 0.0140711 0.0134531 0.001182
4 0.296488 0.646157 0.0122606 0.0353999 0.00117821
22 0.5631 0.680384 0.0124923 0.0180709 0.00116635
0 0.490499 0.665127 0.0124374 0.0162799 0.00114069
8 0.577193 0.679278 0.0178247 0.0194275 0.00113511
1 0.445094 0.618183 0.0144466 0.0188457 0.00113075
6 0.545196 0.669302 0.0102081 0.0201322 0.00111947
1 0.502409 0.665553 0.00914795 0.0133814 0.00111819
6 0.502409 0.665553 0.00914795 0.0133814 0.00111635
7 0.510321 0.604442 0.00784979 0.0228635 0.00111354
36 0.240048 0.0175686 0.0408087 0.0345112 0.00111157
1 0.459433 0.621515 0.00979669 0.0201808 0.00108628
4 0.436879 0.674091 0.0149655 0.0189953 0.00108621
1 0.636228 0.635432 0.0316249 0.0386863 0.00106355
7 0.463688 0.644621 0.0111071 0.0133337 0.00105642
4 0.444229 0.672447 0.0198499 0.0288137 0.00105336
8 0.510891 0.672571 0.015475 0.01634 0.00105287
6 0.52645 0.669928 0.0119555 0.0202058 0.00103836
0 0.510891 0.672571 0.015475 0.01634 0.00103134
12 0.580843 0.661453 0.0368383 0.0592557 0.00102888
1 0.260866 0.641561 0.0342231 0.0576475 0.00102725
4 0.5632 0.691619 0.0253776 0.0384579 0.00101874
2 0.272563 0.624049 0.00972321 0.0150739 0.00101562
2 0.908266 0.512076 0.0114763 0.0120507 0.00101235
12 0.666037 0.660944 0.0105757 0.0214512 0.00100641
