4 0.701271 0.664467 0.0352722 0.0500605 0.890424
6 0.466474 0.464908 0.463121 0.870716 0.887163
4 0.738187 0.653851 0.0162758 0.0209671 0.783052
15 0.774288 0.637768 0.0582448 0.113761 0.501466
4 0.682697 0.667017 0.0140677 0.0494627 0.490704
4 0.773898 0.636614 0.0591923 0.114776 0.3294
1 0.688442 0.504986 0.0153989 0.0336014 0.265514
6 0.774621 0.637507 0.0577869 0.114144 0.229396
4 0.715191 0.661558 0.0115643 0.0365786 0.151917
10 0.632433 0.364557 0.0198317 0.0512643 0.109409
4 0.719964 0.653852 0.00870972 0.0200287 0.104356
4 0.734523 0.655689 0.0095083 0.0220569 0.0954964
6 0.659423 0.616034 0.0762651 0.442642 0.0746238
0 0.632014 0.366051 0.0201943 0.056566 0.0129982
4 0.674372 0.670225 0.0165657 0.0641521 0.0107878
4 0.668165 0.726609 0.0231639 0.18391 0.00993995
1 0.765044 0.564326 0.0168438 0.0257807 0.00920016
1 0.8344 0.577082 0.00713886 0.0208605 0.00871378
8 0.734523 0.655689 0.0095083 0.0220569 0.00855724
4 0.988009 0.672564 0.022702 0.0618954 0.00717877
1 0.687997 0.501295 0.01868 0.0494301 0.00708618
14 0.988438 0.67414 0.0223204 0.0565136 0.00695549
4 0.678755 0.695565 0.0141514 0.0822018 0.00656421
0 0.737998 0.654565 0.0160963 0.020915 0.00647042
0 0.734523 0.655689 0.0095083 0.0220569 0.00636523
4 0.675952 0.711327 0.0116917 0.0600069 0.00557303
14 0.947155 0.641164 0.0116467 0.0254825 0.00352628
1 0.815046 0.596711 0.0170414 0.0159926 0.0035043
1 0.761503 0.584558 0.0227797 0.0167005 0.00341364
1 0.855872 0.581633 0.00894965 0.0519692 0.00311356
1 0.864155 0.591806 0.0107643 0.0391153 0.00311152
4 0.464899 0.474665 0.46493 0.8496 0.00297546
1 0.859424 0.591937 0.0101456 0.0383084 0.00289271
1 0.833955 0.590898 0.0070683 0.0291549 0.00287754
4 0.633316 0.410443 0.0182958 0.0255476 0.00261454
14 0.94689 0.662912 0.0148705 0.0512092 0.0025027
0 0.719964 0.653852 0.00870972 0.0200287 0.00244525
5 0.774192 0.637179 0.0584959 0.113595 0.00226679
2 0.632014 0.366051 0.0201943 0.056566 0.0022528
0 0.774288 0.637768 0.0582448 0.113761 0.00221919
1 0.632388 0.366785 0.0204497 0.0558878 0.002215
14 0.916656 0.714887 0.0112648 0.0628866 0.00206944
4 0.974808 0.673086 0.0430233 0.0568673 0.00201534
6 0.668165 0.726609 0.0231639 0.18391 0.00196168
2 0.677235 0.561929 0.00859222 0.0193056 0.0019185
4 0.749442 0.636314 0.0101036 0.0366521 0.00191041
7 0.8344 0.577082 0.00713886 0.0208605 0.00190564
8 0.916656 0.714887 0.0112648 0.0628866 0.00190336
4 0.74621 0.668147 0.0183998 0.0472078 0.00186266
6 0.7601 0.608789 0.0226575 0.0544503 0.00184641
7 0.970145 0.626335 0.00920563 0.0329197 0.00180439
0 0.681932 0.66778 0.012928 0.0480389 0.00170336
35 0.631859 0.367332 0.0199935 0.0553873 0.00168955
0 0.947155 0.641164 0.0116467 0.0254825 0.00168837
1 0.970145 0.626335 0.00920563 0.0329197 0.00165674
14 0.964113 0.670278 0.0308128 0.0565783 0.00163008
3 0.916656 0.714887 0.0112648 0.0628866 0.00155345
8 0.932133 0.670961 0.0108463 0.0423016 0.00151535
15 0.664407 0.613911 0.0778317 0.443508 0.00151016
22 0.91736 0.72042 0.0108141 0.0505293 0.00146232
14 0.932133 0.670961 0.0108463 0.0423016 0.00142955
4 0.638257 0.412849 0.0224079 0.0311088 0.00141569
8 0.908981 0.712869 0.0263228 0.0641219 0.00138799
14 0.99251 0.686577 0.0149667 0.0744634 0.00137957
1 0.847566 0.59929 0.0194416 0.0491822 0.00134629
8 0.915392 0.698768 0.0114445 0.048468 0.001337
3 0.932133 0.670961 0.0108463 0.0423016 0.00129954
1 0.258931 0.630825 0.00953102 0.0274038 0.0012816
4 0.939578 0.661262 0.0232224 0.0522854 0.00126417
1 0.732492 0.541265 0.00747546 0.0198206 0.00125495
4 0.755024 0.64438 0.0213984 0.0924927 0.00124733
51 0.632433 0.364557 0.0198317 0.0512643 0.00124465
1 0.635628 0.41246 0.0183904 0.0293876 0.00123149
1 0.768993 0.538925 0.00707996 0.0179889 0.00113044
2 0.953881 0.835178 0.0143549 0.0298937 0.00107769
8 0.947155 0.641164 0.0116467 0.0254825 0.00101924
3 0.915392 0.698768 0.0114445 0.048468 0.00101457
