0 0.578416 0.71964 0.0722439 0.163625 0.938402
4 0.562645 0.597938 0.131292 0.098169 0.906936
4 0.82778 0.657178 0.246496 0.12115 0.906018
4 0.920578 0.589368 0.145564 0.0782316 0.842902
18 0.596176 0.788091 0.0341992 0.039762 0.838857
4 0.716046 0.568546 0.127066 0.0810676 0.690808
4 0.786368 0.586528 0.145418 0.0503835 0.579568
4 0.953129 0.552119 0.0894364 0.0255351 0.572854
18 0.568615 0.782348 0.030501 0.0487289 0.50837
18 0.514782 0.745508 0.0365196 0.10702 0.41847
8 0.673423 0.595604 0.0445174 0.0541753 0.31585
5 0.0907991 0.812948 0.0791927 0.195228 0.306161
19 0.513428 0.756259 0.033637 0.0878378 0.274657
42 0.0378084 0.612995 0.0748486 0.0590254 0.209158
0 0.0130141 0.671049 0.0238298 0.10429 0.195062
4 0.0382247 0.627017 0.0762761 0.0886812 0.181455
4 0.844645 0.561511 0.0657784 0.0301706 0.17567
18 0.529296 0.743379 0.0323705 0.111112 0.152727
8 0.68516 0.592893 0.0708843 0.0569154 0.152633
4 0.0377626 0.612088 0.0755252 0.0517139 0.130264
8 0.696129 0.594358 0.0396079 0.0555899 0.12829
18 0.532047 0.725223 0.0276339 0.0607629 0.123669
42 0.0190279 0.56163 0.0365313 0.0395096 0.0993102
22 0.81015 0.693441 0.0118843 0.0496223 0.092617
8 0.983414 0.616238 0.0296186 0.0682693 0.0824721
8 0.960412 0.621466 0.0567068 0.0632685 0.0818629
0 0.0107398 0.641526 0.0191739 0.044337 0.077352
3 0.983414 0.616238 0.0296186 0.0682693 0.0730373
0 0.679766 0.592831 0.018233 0.0557321 0.0722703
18 0.521561 0.757684 0.0452698 0.0869764 0.0672995
4 0.957435 0.610616 0.0806092 0.0689102 0.0641247
2 0.517388 0.232952 0.0101586 0.0145629 0.0589956
8 0.680579 0.600215 0.0341381 0.0537464 0.053061
3 0.960412 0.621466 0.0567068 0.0632685 0.0498403
8 0.691952 0.602967 0.0302514 0.0587952 0.0498289
4 0.68483 0.590704 0.068027 0.059389 0.0466771
18 0.608118 0.786925 0.0221576 0.0384779 0.0463704
8 0.715887 0.594408 0.0383747 0.0522541 0.0451829
4 0.43915 0.456839 0.0274329 0.0288133 0.0448317
8 0.679766 0.592831 0.018233 0.0557321 0.0423031
0 0.018064 0.565428 0.0351437 0.0467311 0.0368609
0 0.110516 0.619731 0.0454052 0.201903 0.0358189
22 0.658433 0.69212 0.0141562 0.0483451 0.0326426
2 0.0187995 0.561609 0.0355449 0.0402535 0.0317582
2 0.493312 0.224941 0.0140406 0.0172642 0.031688
4 0.0399173 0.655656 0.0783585 0.14324 0.0299629
2 0.0382247 0.627017 0.0762761 0.0886812 0.0297095
11 0.0107398 0.641526 0.0191739 0.044337 0.0287445
1 0.659369 0.456617 0.0349922 0.108209 0.0275339
4 0.0182683 0.563944 0.0349003 0.0423077 0.0271867
19 0.529296 0.743379 0.0323705 0.111112 0.0259607
4 0.437593 0.466408 0.0252355 0.0317074 0.0255075
4 0.952166 0.562709 0.091325 0.0457061 0.0254887
8 0.957435 0.610616 0.0806092 0.0689102 0.0250757
18 0.533744 0.740573 0.028499 0.0596074 0.0235593
8 0.743629 0.589559 0.0255685 0.0467897 0.023238
8 0.728354 0.594958 0.0375546 0.0486369 0.0231229
8 0.759164 0.586934 0.0627383 0.0524319 0.0227989
0 0.0398707 0.656911 0.0777405 0.145518 0.0216362
2 0.43915 0.456839 0.0274329 0.0288133 0.0215863
42 0.0377576 0.653673 0.074623 0.142845 0.0208854
2 0.485126 0.20787 0.0177925 0.0269829 0.0189475
4 0.80586 0.568811 0.139073 0.0375867 0.0183313
19 0.532047 0.725223 0.0276339 0.0607629 0.0180344
8 0.0475631 0.668158 0.0903717 0.152667 0.0171286
11 0.0112541 0.669064 0.0205657 0.100921 0.0169697
2 0.454911 0.470594 0.0145876 0.0233767 0.0164652
18 0.569991 0.773076 0.0386591 0.064125 0.0163424
26 0.811984 0.693691 0.0148607 0.0482661 0.0160035
3 0.672658 0.594007 0.0447794 0.0556329 0.015953
4 0.981277 0.588723 0.0333629 0.0571901 0.0149957
23 0.81015 0.693441 0.0118843 0.0496223 0.0149925
23 0.659048 0.684804 0.0169096 0.0657733 0.0147352
2 0.799577 0.400967 0.0138685 0.0184225 0.0146179
18 0.589567 0.789109 0.0235887 0.043078 0.0144106
17 0.575076 0.653352 0.0257109 0.030956 0.0140688
9 0.577247 0.677331 0.0161325 0.0444576 0.0138397
9 0.570005 0.671185 0.0248953 0.0275067 0.0134186
0 0.0182246 0.68413 0.032226 0.11288 0.0132559
8 0.578898 0.725019 0.0736713 0.150552 0.0132189
1 0.00409684 0.437751 0.0077597 0.201929 0.0126316
4 0.937027 0.56821 0.108342 0.0461408 0.0126247
4 0.983043 0.613325 0.0304069 0.0726274 0.0125834
3 0.691952 0.602967 0.0302514 0.0587952 0.0122642
3 0.680579 0.600215 0.0341381 0.0537464 0.0119748
8 0.0907903 0.813101 0.0783368 0.194525 0.0119426
2 0.0366375 0.611863 0.0728606 0.0538812 0.0118566
8 0.647106 0.599001 0.0224197 0.0458616 0.0115797
13 0.0382054 0.621652 0.0751691 0.0727362 0.0112865
26 0.658573 0.692157 0.0136511 0.049066 0.0111734
2 0.506992 0.232426 0.0203832 0.0177507 0.0110107
11 0.570005 0.671185 0.0248953 0.0275067 0.0108698
8 0.0181328 0.673337 0.0327307 0.109913 0.0105381
13 0.0113306 0.642259 0.0197939 0.0458897 0.01047
2 0.444636 0.46015 0.0344868 0.019849 0.0102704
4 0.952732 0.622499 0.0593733 0.0626931 0.00990815
8 0.644494 0.596112 0.0388401 0.0486136 0.00957983
4 0.967028 0.536971 0.0286596 0.0189223 0.00944646
0 0.925896 0.50658 0.0112303 0.0256501 0.00918896
17 0.575891 0.645613 0.0248582 0.0206593 0.00914277
17 0.572675 0.662114 0.024695 0.0188091 0.00912972
8 0.795042 0.586991 0.140658 0.0584375 0.00905215
2 0.48434 0.221216 0.0161848 0.0173632 0.00899838
4 0.951621 0.585186 0.0923444 0.0654469 0.00864625
4 0.98056 0.536728 0.0324336 0.0218705 0.00847433
22 0.660527 0.683675 0.0203686 0.0656724 0.00833979
0 0.698127 0.592052 0.0375528 0.0568565 0.00813169
22 0.525276 0.723721 0.0133007 0.0742229 0.0081114
0 0.716602 0.510772 0.015108 0.0368225 0.00797176
3 0.957435 0.610616 0.0806092 0.0689102 0.00791465
2 0.48788 0.221757 0.0147905 0.00926397 0.00773842
19 0.533744 0.740573 0.028499 0.0596074 0.00761264
3 0.947553 0.628986 0.0559436 0.0495374 0.00760126
3 0.696129 0.594358 0.0396079 0.0555899 0.00759407
0 0.0382054 0.621652 0.0751691 0.0727362 0.00757901
2 0.730561 0.321061 0.0107344 0.023538 0.00750749
18 0.591646 0.776914 0.0265828 0.0592949 0.00745121
8 0.947553 0.628986 0.0559436 0.0495374 0.00742389
42 0.0222729 0.571592 0.0278874 0.0487848 0.00735503
2 0.0222729 0.571592 0.0278874 0.0487848 0.00732773
2 0.0989369 0.278448 0.0201823 0.0169394 0.00715721
13 0.574429 0.645826 0.0245259 0.0206586 0.00692695
42 0.028752 0.56348 0.0548544 0.0433248 0.00691734
11 0.577247 0.677331 0.0161325 0.0444576 0.00687461
2 0.438317 0.467761 0.0270637 0.0292461 0.00675773
1 0.716602 0.510772 0.015108 0.0368225 0.00668207
14 0.0907903 0.813101 0.0783368 0.194525 0.00664859
4 0.0190937 0.5753 0.0357314 0.0399714 0.00663475
8 0.711266 0.572787 0.122271 0.0838665 0.00605418
2 0.526294 0.45039 0.0192642 0.0272713 0.00605352
9 0.567088 0.697066 0.0450006 0.0928592 0.00594747
2 0.208425 0.396263 0.0279453 0.0150897 0.0059381
4 0.703244 0.592551 0.0378735 0.0538806 0.0056625
2 0.413819 0.334471 0.0108091 0.0151336 0.00546162
22 0.727239 0.692324 0.0123494 0.0460085 0.00544959
0 0.709392 0.593383 0.0322112 0.0496759 0.00535272
4 0.747605 0.557764 0.0696722 0.0558715 0.00531873
19 0.0910623 0.813288 0.0795563 0.195577 0.00528958
18 0.574892 0.752338 0.0587683 0.107769 0.00528627
11 0.566657 0.699058 0.0484569 0.0870398 0.00526918
3 0.68483 0.590704 0.068027 0.059389 0.00520941
42 0.0113306 0.642259 0.0197939 0.0458897 0.0048942
18 0.596349 0.759286 0.0378124 0.0881406 0.00488626
8 0.636308 0.600344 0.0261026 0.0451837 0.00468899
3 0.715887 0.594408 0.0383747 0.0522541 0.00466335
0 0.535396 0.553381 0.0114426 0.0150149 0.00462296
4 0.949876 0.538858 0.0772004 0.0216589 0.0045052
8 0.018064 0.565428 0.0351437 0.0467311 0.00449283
2 0.712923 0.372909 0.0119203 0.0147086 0.00447717
4 0.964148 0.571466 0.0663763 0.0553426 0.00424048
9 0.592914 0.683267 0.0319327 0.0619836 0.00421262
0 0.688101 0.58488 0.0732248 0.0672744 0.00419161
10 0.525276 0.723721 0.0133007 0.0742229 0.00416691
9 0.0107398 0.641526 0.0191739 0.044337 0.00411112
0 0.672658 0.594007 0.0447794 0.0556329 0.00406762
3 0.728354 0.594958 0.0375546 0.0486369 0.00399883
4 0.010515 0.638182 0.0204683 0.0464459 0.0039911
3 0.795042 0.586991 0.140658 0.0584375 0.00399031
4 0.454911 0.470594 0.0145876 0.0233767 0.0039155
4 0.444636 0.46015 0.0344868 0.019849 0.0038787
3 0.0907903 0.813101 0.0783368 0.194525 0.00378796
10 0.572675 0.662114 0.024695 0.0188091 0.00369397
18 0.0286824 0.69959 0.0284234 0.102588 0.00368881
2 0.713621 0.365686 0.0113429 0.0142994 0.00365181
8 0.661445 0.586916 0.0601351 0.0675101 0.00358477
8 0.692875 0.614676 0.0155079 0.0650076 0.00357331
10 0.575891 0.645613 0.0248582 0.0206593 0.00355369
2 0.127354 0.618819 0.01139 0.0126351 0.00333637
8 0.597389 0.787617 0.0375605 0.0403294 0.00329776
4 0.0527334 0.557153 0.104169 0.0501394 0.00327029
3 0.759164 0.586934 0.0627383 0.0524319 0.00326019
37 0.596176 0.788091 0.0341992 0.039762 0.00324775
4 0.797324 0.576124 0.133887 0.0296139 0.00323636
0 0.596929 0.7441 0.0356918 0.100827 0.00322458
11 0.572675 0.662114 0.024695 0.0188091 0.00316769
18 0.523524 0.73054 0.0164124 0.0868891 0.00314902
0 0.596596 0.78782 0.0363418 0.0407694 0.00314334
18 0.0175802 0.702191 0.0298316 0.094824 0.00313066
9 0.597903 0.690152 0.0314501 0.061466 0.00312516
3 0.644494 0.596112 0.0388401 0.0486136 0.00311626
0 0.563184 0.598263 0.132348 0.0991551 0.00311458
19 0.526717 0.749214 0.0572394 0.0978875 0.0030228
18 0.0409471 0.707046 0.0428477 0.0820418 0.00302069
18 0.533774 0.75899 0.0409153 0.0850184 0.0030204
2 0.0688972 0.268 0.023593 0.0178379 0.00300398
4 0.54758 0.556386 0.0334697 0.0186667 0.00297967
0 0.0286141 0.610891 0.0566445 0.0486692 0.0029474
8 0.723005 0.599937 0.0593069 0.0537931 0.00293832
4 0.774721 0.589249 0.091471 0.0522688 0.00292164
3 0.741139 0.593246 0.026997 0.0463699 0.00291052
10 0.575076 0.653352 0.0257109 0.030956 0.00287083
13 0.575076 0.653352 0.0257109 0.030956 0.00280055
8 0.672216 0.615009 0.0419418 0.0669842 0.00279397
4 0.668022 0.547667 0.0188848 0.0250561 0.00276936
2 0.44586 0.45413 0.0373863 0.0271136 0.00276597
12 0.243973 0.492965 0.487484 0.820589 0.00275603
2 0.710258 0.382499 0.0119781 0.0192726 0.00273964
19 0.568663 0.780209 0.032688 0.0520926 0.00271799
2 0.496241 0.453272 0.0105262 0.020982 0.00268429
4 0.921799 0.558259 0.0720121 0.0229817 0.00265506
18 0.0140311 0.746323 0.0247009 0.101287 0.00260966
4 0.77795 0.640798 0.178912 0.140182 0.00259627
11 0.563857 0.679886 0.0364857 0.0503856 0.00259125
14 0.800223 0.556369 0.0256042 0.0209412 0.00259019
18 0.578898 0.725019 0.0736713 0.150552 0.00258014
2 0.516577 0.22754 0.0142776 0.0168285 0.00257761
22 0.0380479 0.695719 0.0473347 0.102873 0.0025654
4 0.0330432 0.586931 0.0658306 0.0916411 0.00252716
22 0.568663 0.780209 0.032688 0.0520926 0.00248619
3 0.679766 0.592831 0.018233 0.0557321 0.00246013
11 0.597389 0.787617 0.0375605 0.0403294 0.0024338
0 0.877078 0.612578 0.0206073 0.0459942 0.00241362
22 0.0240322 0.690922 0.0363412 0.114843 0.00240429
18 0.566857 0.715849 0.0478749 0.0963581 0.00240121
37 0.569991 0.773076 0.0386591 0.064125 0.00233413
43 0.513428 0.756259 0.033637 0.0878378 0.00233103
17 0.577247 0.677331 0.0161325 0.0444576 0.00230125
4 0.433781 0.449084 0.0186732 0.0290386 0.00225855
2 0.0113306 0.642259 0.0197939 0.0458897 0.00225626
8 0.799212 0.55607 0.0279074 0.019934 0.00223149
13 0.572675 0.662114 0.024695 0.0188091 0.00220061
8 0.0107398 0.641526 0.0191739 0.044337 0.0021581
0 0.0140576 0.715277 0.0256245 0.177475 0.00212899
12 0.658208 0.456583 0.0378912 0.11024 0.00212283
11 0.592914 0.683267 0.0319327 0.0619836 0.00209739
14 0.513922 0.755568 0.0340878 0.0921078 0.00206027
2 0.875845 0.462346 0.0135286 0.016438 0.00205921
9 0.563857 0.679886 0.0364857 0.0503856 0.00205712
0 0.110803 0.665378 0.0452575 0.115015 0.00205327
18 0.575891 0.645613 0.0248582 0.0206593 0.00205222
2 0.0547785 0.252996 0.0123795 0.0268645 0.00202386
11 0.0222729 0.571592 0.0278874 0.0487848 0.00201032
13 0.703244 0.592551 0.0378735 0.0538806 0.00198811
17 0.592914 0.683267 0.0319327 0.0619836 0.00196118
3 0.711266 0.572787 0.122271 0.0838665 0.00196087
3 0.0475631 0.668158 0.0903717 0.152667 0.00191902
0 0.691952 0.602967 0.0302514 0.0587952 0.00191823
2 0.433781 0.449084 0.0186732 0.0290386 0.00190574
4 0.983433 0.52928 0.0274966 0.037525 0.00190073
3 0.647106 0.599001 0.0224197 0.0458616 0.00189368
9 0.572675 0.662114 0.024695 0.0188091 0.00189126
4 0.734834 0.591374 0.0384619 0.0489902 0.00188105
2 0.413643 0.328118 0.015214 0.0144554 0.00188029
22 0.709392 0.593383 0.0322112 0.0496759 0.00183509
10 0.577247 0.677331 0.0161325 0.0444576 0.00183382
1 0.846651 0.456023 0.0150118 0.0217472 0.00183325
14 0.698127 0.592052 0.0375528 0.0568565 0.00183318
1 0.925896 0.50658 0.0112303 0.0256501 0.00181275
2 0.83295 0.427696 0.0181959 0.0165722 0.00180596
4 0.839832 0.568816 0.0848571 0.0411097 0.00179305
22 0.514058 0.757758 0.0343067 0.089441 0.00178073
0 0.00370907 0.525948 0.00741813 0.0494369 0.00177597
8 0.755765 0.556856 0.0599711 0.0521682 0.00176269
3 0.979944 0.640817 0.0365847 0.0699937 0.0017624
10 0.528799 0.656801 0.0139946 0.0156398 0.00173642
0 0.0330432 0.586931 0.0658306 0.0916411 0.00172116
25 0.0411919 0.653507 0.0803964 0.140066 0.00171287
2 0.837545 0.423355 0.0115838 0.0156421 0.00169958
19 0.565631 0.768496 0.0424495 0.0665715 0.00168947
4 0.432146 0.454092 0.0314609 0.029368 0.00167644
20 0.572675 0.662114 0.024695 0.0188091 0.00167226
2 0.515341 0.365667 0.00912662 0.0191415 0.00165817
17 0.0382054 0.621652 0.0751691 0.0727362 0.00165485
30 0.730561 0.321061 0.0107344 0.023538 0.00163957
2 0.730879 0.315127 0.0103768 0.0235139 0.0016357
3 0.661445 0.586916 0.0601351 0.0675101 0.0016201
0 0.568515 0.781342 0.0312964 0.0492752 0.00161588
11 0.0172068 0.673012 0.0321266 0.107381 0.00161485
2 0.028752 0.56348 0.0548544 0.0433248 0.00160345
14 0.596596 0.78782 0.0363418 0.0407694 0.00159342
7 0.925896 0.50658 0.0112303 0.0256501 0.00156963
2 0.476814 0.364452 0.0140235 0.016431 0.00156821
2 0.734049 0.332345 0.0155508 0.0232866 0.00151487
20 0.577247 0.677331 0.0161325 0.0444576 0.00151103
3 0.568663 0.780209 0.032688 0.0520926 0.00150698
0 0.00502196 0.531331 0.00868354 0.0597945 0.00150562
8 0.930332 0.616214 0.0634377 0.0528114 0.00150329
0 0.680579 0.600215 0.0341381 0.0537464 0.00150237
2 0.209492 0.411997 0.0310241 0.039576 0.00150163
11 0.575891 0.645613 0.0248582 0.0206593 0.00149956
14 0.79982 0.582947 0.127532 0.0404073 0.00149789
25 0.0366375 0.611863 0.0728606 0.0538812 0.0014832
5 0.957435 0.610616 0.0806092 0.0689102 0.00146883
2 0.6573 0.455139 0.0400795 0.106244 0.00146774
8 0.438317 0.467761 0.0270637 0.0292461 0.00145253
2 0.715543 0.344094 0.0127438 0.0143032 0.00144954
8 0.0112541 0.669064 0.0205657 0.100921 0.00144862
17 0.567117 0.664441 0.0333533 0.0177687 0.00144721
0 0.525276 0.723721 0.0133007 0.0742229 0.00142451
0 0.984086 0.611143 0.0276031 0.0689563 0.00142401
2 0.527517 0.42344 0.0204299 0.0476033 0.00141963
30 0.145923 0.317959 0.0292091 0.0141918 0.00140762
9 0.0112541 0.669064 0.0205657 0.100921 0.00140498
4 0.127354 0.618819 0.01139 0.0126351 0.00140281
18 0.10177 0.692505 0.0259243 0.0520998 0.00139269
18 0.595749 0.794475 0.0389755 0.0595525 0.00134755
2 0.488956 0.205149 0.023079 0.0328047 0.00133786
5 0.68516 0.592893 0.0708843 0.0569154 0.00133042
17 0.0234586 0.560531 0.044435 0.0388708 0.00132618
4 0.679763 0.590879 0.0196141 0.0564467 0.00132515
