6 0.45935 0.630466 0.129863 0.168668 0.945741
4 0.790778 0.648383 0.102174 0.0560326 0.887742
4 0.653216 0.647556 0.046832 0.0581898 0.883973
1 0.948358 0.285253 0.102485 0.147184 0.87469
4 0.678725 0.639814 0.0149476 0.0254527 0.475357
14 0.551056 0.650767 0.0138409 0.0264712 0.254339
4 0.984927 0.651466 0.0274162 0.0672502 0.201826
4 0.585387 0.622731 0.0132557 0.0136117 0.0997525
23 0.725323 0.661072 0.0107635 0.0269013 0.0744303
4 0.96705 0.652402 0.0589735 0.0715075 0.0710883
6 0.585387 0.622731 0.0132557 0.0136117 0.06875
5 0.983259 0.651766 0.0303782 0.0686078 0.0626382
8 0.982433 0.652485 0.0312692 0.0688555 0.0338426
5 0.966664 0.65281 0.0580761 0.0698937 0.031119
14 0.722447 0.656227 0.010731 0.0201745 0.029286
6 0.678725 0.639814 0.0149476 0.0254527 0.0282692
8 0.96555 0.655647 0.0409162 0.0628131 0.0252398
4 0.677828 0.634672 0.016916 0.0238788 0.0245486
4 0.676336 0.644978 0.013803 0.0339276 0.0232107
6 0.565458 0.621318 0.00738739 0.0166968 0.0212069
14 0.725323 0.661072 0.0107635 0.0269013 0.016841
14 0.720814 0.650408 0.0118759 0.0228586 0.015873
22 0.725323 0.661072 0.0107635 0.0269013 0.014624
1 0.946844 0.179442 0.105351 0.358885 0.0134307
23 0.722447 0.656227 0.010731 0.0201745 0.0133382
4 0.639471 0.638864 0.0210002 0.0394487 0.0128647
6 0.519505 0.634729 0.0104516 0.0378218 0.0127969
1 0.565458 0.621318 0.00738739 0.0166968 0.0114123
4 0.565458 0.621318 0.00738739 0.0166968 0.0100646
0 0.982433 0.652485 0.0312692 0.0688555 0.00986634
6 0.983259 0.651766 0.0303782 0.0686078 0.009617
15 0.678725 0.639814 0.0149476 0.0254527 0.00914404
0 0.550831 0.648661 0.0125619 0.0229635 0.00906894
1 0.556308 0.595975 0.00782709 0.0229743 0.00800586
6 0.653565 0.647326 0.047071 0.0587506 0.00785919
14 0.32186 0.677913 0.0130892 0.0485588 0.00753235
1 0.531879 0.596636 0.0133592 0.0195176 0.00721929
22 0.722447 0.656227 0.010731 0.0201745 0.00656189
4 0.63413 0.629853 0.0103222 0.020842 0.0063366
5 0.550831 0.648661 0.0125619 0.0229635 0.00595341
12 0.968188 0.590733 0.0615142 0.15268 0.00568325
1 0.529413 0.600668 0.0188669 0.0350931 0.00547312
6 0.966664 0.65281 0.0580761 0.0698937 0.00537795
6 0.677828 0.634672 0.016916 0.0238788 0.00517179
4 0.519955 0.644145 0.00990894 0.0519087 0.00498311
5 0.678725 0.639814 0.0149476 0.0254527 0.00421808
4 0.685926 0.641125 0.0154899 0.0212949 0.00409297
1 0.548717 0.59747 0.0151362 0.0204766 0.00399942
4 0.712194 0.64037 0.00852222 0.0216296 0.00380303
4 0.549736 0.648895 0.0141837 0.0239818 0.00373373
7 0.817609 0.580736 0.00962787 0.0174836 0.00370355
15 0.983259 0.651766 0.0303782 0.0686078 0.00364077
1 0.528607 0.623696 0.0130648 0.0166436 0.0035503
1 0.586344 0.62414 0.0122891 0.0175984 0.00351267
1 0.678725 0.639814 0.0149476 0.0254527 0.00338151
6 0.965446 0.610981 0.0664312 0.16165 0.00326458
6 0.550831 0.648661 0.0125619 0.0229635 0.00323158
14 0.983992 0.651834 0.0279184 0.0687893 0.00321428
6 0.563635 0.624245 0.00811408 0.0202554 0.00320671
0 0.725323 0.661072 0.0107635 0.0269013 0.00314661
0 0.519372 0.652389 0.0109986 0.0661279 0.00308832
1 0.808164 0.613169 0.0091925 0.0205344 0.0029973
1 0.587131 0.620971 0.0141953 0.0133794 0.00299643
1 0.795657 0.611639 0.00967627 0.0185258 0.00296639
1 0.593773 0.611295 0.00681329 0.0165312 0.00283875
14 0.724924 0.652562 0.0162512 0.0255962 0.00268465
6 0.55777 0.622281 0.0185491 0.0220738 0.00260134
0 0.32186 0.677913 0.0130892 0.0485588 0.00254288
2 0.884673 0.592839 0.023653 0.0248254 0.0025089
0 0.565458 0.621318 0.00738739 0.0166968 0.00230766
22 0.781492 0.677936 0.0192272 0.0312057 0.0022755
15 0.585387 0.622731 0.0132557 0.0136117 0.00227356
15 0.966397 0.608862 0.0650862 0.160375 0.00226666
4 0.653651 0.61264 0.0178758 0.0186443 0.00224429
1 0.560201 0.599061 0.00749121 0.0201061 0.00216394
42 0.984927 0.651466 0.0274162 0.0672502 0.00215353
23 0.551056 0.650767 0.0138409 0.0264712 0.00208736
3 0.984159 0.65152 0.0285403 0.0685569 0.00200628
4 0.720814 0.650408 0.0118759 0.0228586 0.00196444
14 0.32583 0.676049 0.0225081 0.0507301 0.00194728
3 0.9611 0.655264 0.0465604 0.0653781 0.0019314
4 0.709126 0.64659 0.0101898 0.0155175 0.00192217
7 0.815095 0.60798 0.0110269 0.0223677 0.00190333
0 0.722447 0.656227 0.010731 0.0201745 0.00188299
7 0.808164 0.613169 0.0091925 0.0205344 0.00186435
6 0.528607 0.623696 0.0130648 0.0166436 0.00185725
15 0.677828 0.634672 0.016916 0.0238788 0.00170832
4 0.966397 0.608862 0.0650862 0.160375 0.00169733
4 0.829284 0.642392 0.0235887 0.0248046 0.00159642
1 0.633401 0.610275 0.00908087 0.017802 0.00156728
1 0.673296 0.581577 0.0160828 0.0198344 0.00156262
8 0.957461 0.662657 0.0450863 0.0516114 0.00156053
6 0.63413 0.629853 0.0103222 0.020842 0.00151476
18 0.551056 0.650767 0.0138409 0.0264712 0.00148763
8 0.725323 0.661072 0.0107635 0.0269013 0.0014623
6 0.653651 0.61264 0.0178758 0.0186443 0.00136205
0 0.720814 0.650408 0.0118759 0.0228586 0.00129968
14 0.314425 0.677385 0.0252772 0.0501412 0.00126886
4 0.606986 0.621734 0.00935962 0.00997016 0.00122867
14 0.565458 0.621318 0.00738739 0.0166968 0.00122156
22 0.720814 0.650408 0.0118759 0.0228586 0.00121254
7 0.848333 0.608606 0.0157027 0.0175211 0.00120942
4 0.83073 0.654769 0.0210263 0.0289258 0.00119991
4 0.724924 0.652562 0.0162512 0.0255962 0.00118906
1 0.815095 0.60798 0.0110269 0.0223677 0.00117449
14 0.722417 0.666328 0.0112418 0.0303738 0.00115589
7 0.819156 0.576511 0.0094231 0.021583 0.00114721
7 0.531879 0.596636 0.0133592 0.0195176 0.00113745
1 0.563635 0.624245 0.00811408 0.0202554 0.00111504
1 0.855616 0.621623 0.0118857 0.0112365 0.00109107
14 0.559565 0.652653 0.0198453 0.030783 0.00107631
8 0.722447 0.656227 0.010731 0.0201745 0.00107553
0 0.680022 0.639811 0.0153073 0.0253686 0.00106483
7 0.795657 0.611639 0.00967627 0.0185258 0.00106462
4 0.411738 0.650517 0.0205409 0.0306139 0.00102779
4 0.957461 0.662657 0.0450863 0.0516114 0.00102687
1 0.817609 0.580736 0.00962787 0.0174836 0.00102035
