23 0.709777 0.864833 0.05569 0.212626 0.78257
2 0.435089 0.0508878 0.0257694 0.0422924 0.244109
2 0.382566 0.0303618 0.0169162 0.0321693 0.144897
2 0.339407 0.0309449 0.0527942 0.0506751 0.131718
2 0.158693 0.266365 0.0545949 0.0948052 0.0796338
2 0.546544 0.173808 0.023967 0.106358 0.0717421
2 0.460752 0.0173836 0.0255486 0.0288588 0.0624929
2 0.367532 0.0360504 0.0220888 0.0380806 0.0604296
2 0.371143 0.0419101 0.0204888 0.0340884 0.0518106
2 0.537796 0.0648201 0.0232046 0.0331608 0.0494595
2 0.559442 0.150202 0.0203923 0.0537253 0.029236
2 0.978202 0.306605 0.00997772 0.0255107 0.024533
2 0.376664 0.0349585 0.0225925 0.0351124 0.0233316
26 0.800096 0.643049 0.0159966 0.0868669 0.0212595
8 0.709518 0.865059 0.0558298 0.212792 0.0171591
2 0.558192 0.16387 0.0223147 0.0827558 0.013566
26 0.742028 0.715725 0.0114429 0.0495273 0.0133927
2 0.43673 0.0133742 0.0123461 0.0262834 0.0118665
2 0.440421 0.013486 0.0153174 0.0239407 0.011125
26 0.711713 0.891566 0.0493178 0.159654 0.0101193
22 0.709709 0.864396 0.0557934 0.213213 0.00915269
2 0.559395 0.142584 0.0279355 0.055717 0.00646091
2 0.275095 0.0727227 0.0216646 0.0229799 0.00614704
26 0.955549 0.646069 0.0155842 0.12726 0.00613612
26 0.728947 0.886636 0.017642 0.0772963 0.00563599
30 0.161059 0.263005 0.0596176 0.0899608 0.00499533
26 0.753388 0.939974 0.0322413 0.0420916 0.0047819
26 0.769371 0.673586 0.0173699 0.137956 0.00425897
2 0.201136 0.412965 0.0452059 0.1231 0.00403078
26 0.76912 0.91268 0.0783379 0.0624013 0.00395254
22 0.217404 0.981079 0.0656787 0.0230302 0.00377103
14 0.708914 0.864288 0.0565851 0.21563 0.00357541
2 0.430371 0.0477686 0.0240908 0.0371235 0.00333864
26 0.738098 0.911184 0.0173775 0.0502428 0.00306778
22 0.646661 0.391862 0.011254 0.0462747 0.00304415
2 0.560941 0.12101 0.0438862 0.0347406 0.00246804
2 0.459686 0.0268362 0.0328859 0.0440102 0.00240566
2 0.561676 0.159269 0.0186799 0.0582624 0.00238456
2 0.184719 0.410633 0.0624974 0.129111 0.00237044
2 0.199185 0.464487 0.0332271 0.0376255 0.00221159
10 0.710081 0.865187 0.0554158 0.214188 0.00197912
32 0.127293 0.959588 0.253311 0.0750451 0.00190011
26 0.733379 0.904092 0.0168127 0.0617833 0.00183214
2 0.564515 0.445631 0.0138799 0.0259831 0.00176278
30 0.275095 0.0727227 0.0216646 0.0229799 0.0017489
2 0.986424 0.302218 0.0266321 0.0269154 0.00174559
2 0.401964 0.0378809 0.0160423 0.0275342 0.00169629
2 0.387296 0.0329821 0.0174702 0.0297187 0.0016571
2 0.464799 0.09874 0.0275085 0.0344716 0.00160606
2 0.382217 0.0175646 0.0179998 0.0351292 0.00155039
26 0.946419 0.673657 0.0133868 0.0804057 0.00147311
0 0.646661 0.391862 0.011254 0.0462747 0.00146121
26 0.768542 0.723187 0.013946 0.0378062 0.00145966
2 0.209771 0.481789 0.00985698 0.0292382 0.00143865
2 0.435763 0.0663201 0.0270482 0.0661176 0.00132247
2 0.553217 0.17251 0.0321144 0.11099 0.00129324
10 0.742038 0.716329 0.0108721 0.049217 0.00129033
30 0.460702 0.0191569 0.0261816 0.0302265 0.00128621
4 0.21885 0.98655 0.0686709 0.0224265 0.00127199
2 0.0108095 0.60698 0.0204098 0.10525 0.0012483
2 0.418117 0.0400702 0.0441284 0.0362877 0.00124779
2 0.552893 0.125447 0.0379036 0.0412374 0.00124429
30 0.338495 0.0290666 0.0518031 0.0526261 0.00122395
2 0.446326 0.0566435 0.02639 0.0435754 0.00113781
2 0.510974 0.0417723 0.0850208 0.0813208 0.00113045
22 0.764758 0.909135 0.0779432 0.0520239 0.00112639
2 0.209825 0.44793 0.0459969 0.0803144 0.00111916
32 0.741443 0.860279 0.125267 0.19093 0.00106924
2 0.452265 0.0163649 0.0222172 0.0322642 0.00106257
0 0.160859 0.264779 0.0590915 0.0935185 0.00104383
