10 0.468204 0.721695 0.12248 0.286623 0.922457
10 0.32287 0.683086 0.117635 0.271948 0.915854
10 0.642347 0.357777 0.071678 0.16684 0.90893
10 0.456508 0.369341 0.0720729 0.17338 0.891494
10 0.954874 0.450658 0.0880035 0.254279 0.879518
10 0.576544 0.346755 0.0744269 0.160504 0.873228
10 0.49709 0.618009 0.103227 0.243646 0.868381
10 0.543005 0.372333 0.0745888 0.174333 0.828462
10 0.380129 0.598896 0.124373 0.237913 0.816105
10 0.503208 0.334162 0.0679759 0.157657 0.786869
19 0.506937 0.64854 0.986125 0.691212 0.777574
44 0.937212 0.505376 0.125334 0.178296 0.706993
44 0.303525 0.747484 0.594484 0.445337 0.488994
10 0.967786 0.308736 0.0625311 0.0448148 0.301925
10 0.936782 0.498454 0.125263 0.190077 0.21125
44 0.796825 0.813051 0.286541 0.349234 0.206766
44 0.534501 0.426282 0.383406 0.239251 0.0577756
44 0.513598 0.791267 0.17907 0.354999 0.0537583
44 0.757355 0.798434 0.432495 0.394732 0.0343348
43 0.756275 0.183988 0.485851 0.367976 0.0310847
19 0.309308 0.668128 0.608884 0.627783 0.0259963
10 0.402643 0.644253 0.0593741 0.157659 0.0200734
44 0.379896 0.597712 0.123743 0.235929 0.0122627
18 0.967831 0.308935 0.0615283 0.0442581 0.00749279
10 0.409491 0.635899 0.0953142 0.16891 0.00417391
27 0.805722 0.779225 0.283835 0.298963 0.00404185
54 0.796825 0.813051 0.286541 0.349234 0.00392327
44 0.967462 0.309797 0.0609288 0.0461274 0.00291731
10 0.439135 0.564615 0.122916 0.151818 0.00278787
44 0.436184 0.789236 0.332701 0.364179 0.00250378
59 0.967589 0.310349 0.0620707 0.0465075 0.00215529
44 0.504529 0.0179524 0.0698478 0.0350544 0.0020721
27 0.967462 0.309797 0.0609288 0.0461274 0.00198416
50 0.788547 0.806257 0.332031 0.367481 0.00169141
27 0.937077 0.505213 0.1252 0.183138 0.00168095
43 0.768594 0.0727825 0.454759 0.145565 0.00156034
10 0.402081 0.541982 0.120744 0.189323 0.00148935
18 0.937077 0.505213 0.1252 0.183138 0.00146143
44 0.791348 0.703399 0.414069 0.593203 0.00141915
44 0.955476 0.452621 0.0885847 0.263409 0.00138617
43 0.545826 0.196812 0.908348 0.393625 0.0013778
31 0.964448 0.0196769 0.0699509 0.0382061 0.0012759
27 0.0308803 0.0744611 0.0362126 0.0349398 0.00123526
10 0.967068 0.380428 0.0622538 0.187883 0.00109354
10 0.425032 0.524001 0.13087 0.227342 0.00105722
59 0.57511 0.3471 0.0749888 0.166312 0.00100583
