4 0.109781 0.783486 0.218211 0.427441 0.954819
8 0.233303 0.766197 0.163663 0.268278 0.912877
35 0.9723 0.694334 0.0519872 0.133437 0.768053
35 0.397078 0.611337 0.0461915 0.121233 0.760488
36 0.967237 0.743086 0.0224686 0.033552 0.744387
36 0.392148 0.649164 0.0214839 0.0440796 0.410028
36 0.991312 0.737364 0.0130153 0.0426731 0.345816
36 0.420256 0.648734 0.0209457 0.0392772 0.279087
35 0.981965 0.698189 0.0319639 0.121101 0.262745
36 0.968863 0.723011 0.0340477 0.0738562 0.174929
36 0.971247 0.737823 0.0244307 0.044714 0.110311
2 0.546092 0.299126 0.00985236 0.0198294 0.0769373
2 0.535432 0.300303 0.0106852 0.0145776 0.0511873
18 0.420256 0.647886 0.0214068 0.0379733 0.0495709
2 0.495767 0.307518 0.00658197 0.0126675 0.0489764
36 0.40529 0.649021 0.0169045 0.0435917 0.0465363
36 0.98974 0.72082 0.0157891 0.0745159 0.0387936
2 0.547035 0.293923 0.00940997 0.0181127 0.0316834
36 0.984819 0.703261 0.0256807 0.114442 0.0282925
35 0.974579 0.721663 0.0390024 0.0778057 0.0206541
35 0.382347 0.614328 0.023875 0.115232 0.0191762
2 0.496117 0.292822 0.00621936 0.0165984 0.0189761
1 0.0917576 0.560042 0.0243791 0.0364034 0.0181366
2 0.92653 0.303056 0.00862836 0.0109784 0.0171892
4 0.151618 0.73549 0.0420417 0.0623591 0.0127866
35 0.436522 0.632125 0.01714 0.0639517 0.0126438
2 0.654531 0.242575 0.0119836 0.0117999 0.0117238
2 0.506226 0.298453 0.0188941 0.0234633 0.0106008
18 0.418836 0.668375 0.0201172 0.0257853 0.0105611
8 0.151448 0.734739 0.0396773 0.0641987 0.0103189
35 0.951636 0.691971 0.0391412 0.121783 0.0101031
18 0.343802 0.644586 0.0247956 0.0493384 0.00974551
13 0.270196 0.730532 0.0288974 0.034822 0.00944734
36 0.411972 0.647617 0.020193 0.0405199 0.008945
2 0.492293 0.316124 0.00773804 0.0143681 0.0083815
13 0.26054 0.657729 0.0330325 0.0358578 0.00835085
36 0.395589 0.612728 0.0410512 0.118194 0.0082012
2 0.519025 0.300298 0.0085874 0.0181602 0.0080306
18 0.966907 0.742782 0.0222457 0.0344085 0.0078784
2 0.840102 0.325376 0.00703449 0.0153823 0.00741798
2 0.535799 0.293049 0.0129139 0.0164528 0.00732303
26 0.458109 0.604465 0.0131388 0.0458381 0.00679851
36 0.436654 0.632954 0.0156788 0.0574259 0.00672842
26 0.464998 0.601134 0.0142972 0.0546577 0.00638503
35 0.967237 0.743086 0.0224686 0.033552 0.0060292
2 0.754444 0.228041 0.00998846 0.0113405 0.00566083
2 0.55016 0.292239 0.011243 0.0160151 0.00538651
35 0.439134 0.618036 0.021715 0.0912017 0.0051073
36 0.954397 0.710895 0.0376144 0.0751178 0.00505403
2 0.922139 0.303149 0.0097182 0.0111668 0.00482977
1 0.0914852 0.599038 0.0273506 0.122975 0.00480503
2 0.50327 0.291671 0.0171896 0.0149138 0.00461871
13 0.266877 0.650556 0.0253099 0.0287577 0.00458516
15 0.6188 0.120594 0.7624 0.241187 0.00438793
2 0.541733 0.313644 0.0147849 0.0208692 0.00437056
22 0.287545 0.739221 0.0169653 0.0221106 0.00422917
19 0.968474 0.721746 0.0357229 0.0723806 0.00384184
26 0.436736 0.628556 0.0162567 0.0649808 0.003447
3 0.396893 0.612187 0.0487221 0.12834 0.00342201
2 0.15398 0.374734 0.00566183 0.0106451 0.00333053
18 0.351908 0.61426 0.0449656 0.113136 0.00329357
18 0.39122 0.648148 0.0212121 0.0420354 0.00326019
14 0.152464 0.735761 0.0421463 0.0610446 0.00322363
36 0.418836 0.668375 0.0201172 0.0257853 0.00321026
2 0.520194 0.291585 0.00949359 0.0148034 0.00317054
14 0.0900949 0.602118 0.0290172 0.135106 0.00301759
0 0.397294 0.610943 0.0484224 0.125565 0.00301199
8 0.262095 0.691559 0.0450616 0.112462 0.00299817
2 0.677207 0.269251 0.0155245 0.0134063 0.00289313
2 0.557712 0.368267 0.011229 0.016332 0.00286037
13 0.25403 0.662971 0.0269699 0.0475874 0.00284144
2 0.559485 0.375157 0.012045 0.0143065 0.002681
18 0.954397 0.710895 0.0376144 0.0751178 0.00253364
22 0.288274 0.745631 0.0154974 0.0175909 0.00247216
10 0.392148 0.649164 0.0214839 0.0440796 0.00242805
26 0.465751 0.615818 0.015272 0.0278884 0.00232371
2 0.869548 0.333692 0.00844562 0.0169806 0.00231858
2 0.603909 0.297798 0.00788635 0.0153709 0.00225793
2 0.53675 0.313772 0.0151647 0.0222131 0.00225065
2 0.869326 0.32926 0.010233 0.0164305 0.00219263
26 0.451528 0.615905 0.0135319 0.0239921 0.00216511
18 0.436335 0.632885 0.015587 0.0533645 0.00215161
10 0.172172 0.683531 0.0109074 0.0294527 0.00213928
49 0.420256 0.647886 0.0214068 0.0379733 0.00209157
2 0.851573 0.326106 0.0130095 0.0129941 0.00206425
18 0.465751 0.615818 0.015272 0.0278884 0.00200063
2 0.852294 0.208154 0.00862415 0.0100381 0.00198878
10 0.287545 0.739221 0.0169653 0.0221106 0.00197831
18 0.968474 0.721746 0.0357229 0.0723806 0.00197309
26 0.795843 0.687769 0.0118585 0.0568542 0.00196862
18 0.496816 0.702069 0.0141033 0.0202914 0.00194855
13 0.266972 0.747113 0.0275956 0.0419055 0.00188265
36 0.465751 0.615818 0.015272 0.0278884 0.00187674
18 0.45884 0.655897 0.0313874 0.0333855 0.00179874
36 0.966543 0.751872 0.0189814 0.042748 0.00179692
2 0.271078 0.353642 0.0104844 0.0141493 0.00176987
18 0.152102 0.736146 0.0410049 0.061711 0.00173754
18 0.951636 0.691971 0.0391412 0.121783 0.00162754
36 0.992345 0.748941 0.0110314 0.0497642 0.00162453
36 0.382347 0.614328 0.023875 0.115232 0.00157486
10 0.408704 0.736828 0.0119877 0.0167983 0.00155271
22 0.342806 0.645377 0.0247867 0.0472841 0.00152507
2 0.653288 0.236131 0.0134229 0.0140559 0.00152463
13 0.26419 0.725961 0.0445602 0.0694726 0.00149537
35 0.39122 0.648148 0.0212121 0.0420354 0.00147469
26 0.455946 0.595569 0.0198552 0.0600384 0.00147024
35 0.433108 0.609001 0.0263841 0.10999 0.00140401
14 0.420256 0.647886 0.0214068 0.0379733 0.00139977
2 0.156945 0.365462 0.00723512 0.0109163 0.00138806
13 0.28557 0.733849 0.0194964 0.0326075 0.00137955
2 0.603984 0.290373 0.00968219 0.0124251 0.00137779
22 0.39122 0.648148 0.0212121 0.0420354 0.00133628
15 0.670909 0.0837995 0.658182 0.167599 0.00130327
13 0.258834 0.667851 0.0389371 0.0641312 0.00126558
35 0.464998 0.601134 0.0142972 0.0546577 0.00126294
35 0.954397 0.710895 0.0376144 0.0751178 0.0012582
22 0.465751 0.615818 0.015272 0.0278884 0.00124883
18 0.409023 0.672766 0.0159907 0.0176334 0.00124326
8 0.260104 0.668729 0.0386411 0.0621604 0.00121227
13 0.252054 0.653748 0.0228536 0.0296122 0.00112787
36 0.395195 0.671797 0.0254174 0.0186888 0.00112531
2 0.266877 0.650556 0.0253099 0.0287577 0.00111812
14 0.967237 0.743086 0.0224686 0.033552 0.00111775
18 0.142969 0.617731 0.0141386 0.0233397 0.00109841
2 0.130721 0.394533 0.00788758 0.013092 0.00109153
36 0.451528 0.615905 0.0135319 0.0239921 0.00107032
35 0.98974 0.72082 0.0157891 0.0745159 0.00104084
18 0.140026 0.610013 0.0140918 0.0283106 0.00100621
2 0.00342407 0.158499 0.00650195 0.0286982 0.0010058
