4 0.0875051 0.827757 0.174499 0.339119 0.96751
1 0.586327 0.541779 0.0953141 0.0814814 0.934232
1 0.365648 0.527831 0.0707844 0.0751704 0.930933
4 0.167197 0.75736 0.123147 0.122063 0.923609
4 0.557544 0.729857 0.0646982 0.0796153 0.916806
4 0.308506 0.73542 0.0617469 0.0577551 0.903256
6 0.916587 0.729261 0.0869435 0.0938129 0.899592
4 0.382237 0.734131 0.0638804 0.0652344 0.898972
4 0.504665 0.729992 0.0480037 0.0540689 0.894293
1 0.682807 0.611113 0.0409496 0.126438 0.891886
1 0.222571 0.631785 0.029713 0.0766734 0.858714
4 0.596177 0.727733 0.0321134 0.0441549 0.843569
7 0.555279 0.44588 0.0249214 0.028732 0.831186
7 0.510916 0.444002 0.0143491 0.0601922 0.814719
4 0.350611 0.726701 0.0294287 0.0489436 0.802641
7 0.597636 0.446954 0.0143033 0.0606374 0.798344
4 0.768821 0.722657 0.031999 0.0429442 0.763353
6 0.827879 0.702219 0.0648226 0.100361 0.699494
1 0.512902 0.625213 0.0363804 0.0372081 0.69056
4 0.990983 0.753737 0.0150881 0.0511628 0.654852
4 0.744667 0.718163 0.0196782 0.0189371 0.612817
4 0.725801 0.713234 0.0210602 0.0222617 0.568291
4 0.618024 0.716742 0.0196595 0.0248291 0.508591
6 0.987407 0.707463 0.0230079 0.131053 0.372561
6 0.872274 0.70923 0.0310259 0.102505 0.357544
4 0.629394 0.717246 0.0117594 0.0216593 0.346676
0 0.830482 0.735219 0.0229764 0.057783 0.345011
4 0.717046 0.713394 0.0132726 0.0209216 0.320317
7 0.635536 0.451774 0.0261216 0.0324838 0.295947
8 0.830083 0.744445 0.0229481 0.0506134 0.270932
4 0.73269 0.714987 0.0370494 0.0239826 0.254553
4 0.707923 0.714223 0.0202525 0.0173842 0.239968
1 0.572502 0.679612 0.00957172 0.0201902 0.190125
7 0.597501 0.46646 0.013291 0.0243115 0.18771
8 0.83928 0.744946 0.0259277 0.0454749 0.18744
1 0.769274 0.653698 0.011012 0.0256862 0.176381
8 0.820935 0.739909 0.0158287 0.0413149 0.172886
1 0.616268 0.685871 0.0134631 0.0246599 0.167381
1 0.75177 0.681639 0.0097323 0.0165011 0.157423
0 0.814367 0.735154 0.0151874 0.0457306 0.155864
1 0.636038 0.451584 0.0251088 0.0332572 0.155299
8 0.859746 0.749771 0.0199048 0.0421136 0.153705
4 0.612315 0.721364 0.0127266 0.0355382 0.153231
8 0.811941 0.735979 0.0178778 0.042114 0.148236
4 0.527499 0.717988 0.0149215 0.0250735 0.129461
1 0.6098 0.68593 0.00911652 0.0216092 0.123483
4 0.110457 0.715244 0.0363459 0.026816 0.122884
4 0.813993 0.736973 0.0167872 0.0438635 0.117794
1 0.487616 0.634717 0.013038 0.0213091 0.113504
1 0.987546 0.299247 0.0236412 0.270959 0.110948
4 0.809996 0.736956 0.0188995 0.0397848 0.0905586
4 0.408061 0.720112 0.013334 0.0261158 0.0842841
6 0.768718 0.722792 0.0327005 0.0433338 0.0778079
1 0.559486 0.678368 0.0106273 0.0202968 0.0764395
8 0.857176 0.743182 0.0258389 0.050727 0.0761856
1 0.899611 0.670633 0.0148841 0.0258935 0.0749793
5 0.810542 0.739609 0.0181552 0.0373452 0.0718632
4 0.917433 0.730851 0.0841406 0.0900511 0.070168
1 0.529528 0.675428 0.00877808 0.0124603 0.0697211
0 0.839884 0.738833 0.022232 0.0524446 0.0630101
4 0.830482 0.735219 0.0229764 0.057783 0.0618431
4 0.984459 0.743973 0.0287071 0.0523287 0.0598238
0 0.875817 0.736166 0.0177035 0.0690958 0.0558138
4 0.636383 0.715867 0.0149515 0.0143148 0.0539248
1 0.610839 0.68013 0.00710767 0.0262223 0.0537642
6 0.873182 0.675318 0.0257719 0.0361798 0.0498957
6 0.974193 0.731716 0.0472428 0.072575 0.0497821
8 0.876548 0.742536 0.0147494 0.0571442 0.0495774
4 0.715272 0.706323 0.0118186 0.017095 0.0477569
4 0.857176 0.743182 0.0258389 0.050727 0.0452236
4 0.420571 0.719726 0.0132597 0.0236492 0.0452178
4 0.697181 0.713527 0.012921 0.0190796 0.0443052
4 0.839884 0.738833 0.022232 0.0524446 0.0439613
5 0.813993 0.736973 0.0167872 0.0438635 0.0438905
1 0.730953 0.617026 0.0430586 0.0490198 0.0437273
0 0.809996 0.736956 0.0188995 0.0397848 0.0408707
1 0.987924 0.218532 0.0217828 0.107498 0.0403381
1 0.530995 0.667054 0.00705469 0.0152785 0.0400745
7 0.977973 0.66004 0.00878119 0.0301636 0.0369748
1 0.78423 0.658291 0.0159697 0.0213692 0.0369648
4 0.527713 0.726032 0.0159427 0.0379064 0.0367504
5 0.867195 0.739027 0.0301694 0.0580097 0.036745
4 0.711202 0.70785 0.0170385 0.0216312 0.0367416
0 0.820935 0.739909 0.0158287 0.0413149 0.0361586
5 0.861077 0.748194 0.0200671 0.0445351 0.0356841
5 0.83928 0.744946 0.0259277 0.0454749 0.0355014
2 0.433258 0.541793 0.0062731 0.0126373 0.034772
5 0.820935 0.739909 0.0158287 0.0413149 0.0335418
1 0.543263 0.678633 0.0074693 0.020378 0.0328463
6 0.87055 0.732401 0.0277571 0.0698525 0.0324953
4 0.524824 0.703324 0.0225081 0.0175258 0.0323588
4 0.727026 0.706693 0.0162542 0.0178929 0.0311678
6 0.523411 0.702282 0.0222892 0.0169479 0.0310183
2 0.43314 0.53725 0.00601691 0.0159974 0.0293588
4 0.615937 0.721869 0.0179556 0.029206 0.0290866
8 0.987877 0.754066 0.0214664 0.0499139 0.0272668
5 0.875817 0.736166 0.0177035 0.0690958 0.0270338
7 0.646416 0.624536 0.0116187 0.020868 0.0266512
4 0.593058 0.700586 0.0339777 0.0214 0.0255125
1 0.629712 0.63228 0.0374478 0.0377049 0.0255095
4 0.744726 0.708448 0.0201917 0.0232851 0.0251013
5 0.830418 0.737938 0.0228535 0.0581981 0.0250034
1 0.238959 0.701387 0.00953821 0.019864 0.0240929
6 0.988524 0.752129 0.0228038 0.0555703 0.0240583
1 0.597501 0.46646 0.013291 0.0243115 0.0239044
1 0.627 0.639934 0.0294739 0.0325416 0.0231636
4 0.851924 0.736798 0.0209615 0.046835 0.0228691
1 0.734483 0.607511 0.0188914 0.0287844 0.0227446
15 0.593058 0.700586 0.0339777 0.0214 0.0225739
4 0.335628 0.731415 0.0159007 0.0517564 0.0224507
1 0.646416 0.624536 0.0116187 0.020868 0.02112
6 0.594115 0.702222 0.0344164 0.0245867 0.021048
1 0.717861 0.665768 0.0154391 0.0364792 0.0205795
7 0.344584 0.616887 0.00511478 0.0125484 0.0203099
5 0.917433 0.730851 0.0841406 0.0900511 0.0202939
5 0.857176 0.743182 0.0258389 0.050727 0.0200445
0 0.851924 0.736798 0.0209615 0.046835 0.0195711
4 0.794939 0.731515 0.0142347 0.0278512 0.0191446
2 0.292637 0.541345 0.00666406 0.0136283 0.018956
1 0.373256 0.58087 0.0214607 0.0196147 0.018938
8 0.851924 0.736798 0.0209615 0.046835 0.0185997
4 0.426072 0.717363 0.0129544 0.0179279 0.0185557
1 0.578942 0.68477 0.0110604 0.0164661 0.0185323
1 0.571741 0.673647 0.00908789 0.0307211 0.018509
1 0.476672 0.697287 0.00980414 0.0109689 0.0184713
6 0.982581 0.694799 0.024908 0.0804046 0.0182731
1 0.751929 0.661151 0.0120428 0.0150418 0.0181585
2 0.344584 0.616887 0.00511478 0.0125484 0.0181094
5 0.973648 0.733705 0.0451282 0.0599007 0.0180233
1 0.732371 0.658553 0.00842523 0.0160372 0.0177658
4 0.337418 0.716552 0.0166473 0.0202112 0.0177292
4 0.539416 0.69712 0.0149622 0.0129754 0.0176442
1 0.40598 0.655492 0.00987912 0.0120455 0.0173232
1 0.534908 0.671744 0.00639685 0.0163216 0.0170184
1 0.746505 0.686038 0.00888782 0.0159769 0.0168865
1 0.620903 0.664799 0.0111535 0.0228903 0.0168643
1 0.385204 0.670566 0.0128872 0.0276664 0.0167479
1 0.556879 0.671969 0.0139401 0.0332387 0.0167387
4 0.434553 0.714948 0.0147701 0.0180201 0.0162383
24 0.872468 0.710374 0.0289789 0.110421 0.0161882
6 0.725801 0.713234 0.0210602 0.0222617 0.0160945
7 0.59846 0.460569 0.0146917 0.0348894 0.016067
4 0.790083 0.725367 0.0191386 0.0409788 0.015477
15 0.523411 0.702282 0.0222892 0.0169479 0.0147247
14 0.859746 0.749771 0.0199048 0.0421136 0.0146441
1 0.784563 0.683644 0.0177094 0.02154 0.0144884
2 0.469371 0.533032 0.00876285 0.00916658 0.0139808
7 0.645039 0.607444 0.0103548 0.0163989 0.0138869
3 0.830083 0.744445 0.0229481 0.0506134 0.0137727
1 0.65136 0.622572 0.0134188 0.0169026 0.0137243
1 0.873498 0.675343 0.0238089 0.0350239 0.0137115
0 0.857176 0.743182 0.0258389 0.050727 0.0135306
4 0.867195 0.739027 0.0301694 0.0580097 0.0135039
4 0.820935 0.739909 0.0158287 0.0413149 0.0134087
6 0.59601 0.725057 0.0324834 0.0485186 0.0132827
1 0.608511 0.468351 0.0270389 0.0330263 0.012569
6 0.744726 0.708448 0.0201917 0.0232851 0.0122214
4 0.413944 0.723367 0.012288 0.0262617 0.0121884
1 0.727025 0.684058 0.00961664 0.0217843 0.0121525
1 0.76429 0.663409 0.0212249 0.0203769 0.0120845
7 0.344455 0.612639 0.00478699 0.0171854 0.0118306
0 0.629394 0.717246 0.0117594 0.0216593 0.0116817
1 0.67117 0.610443 0.0210591 0.121169 0.0116812
8 0.867195 0.739027 0.0301694 0.0580097 0.0115097
0 0.225946 0.716537 0.0103668 0.0159766 0.0114096
8 0.80907 0.731391 0.0174762 0.0385148 0.0111818
0 0.222797 0.715958 0.00945818 0.019087 0.0111534
4 0.508388 0.700996 0.0131096 0.00964053 0.0110929
7 0.971032 0.66488 0.0102549 0.023346 0.011006
4 0.973648 0.733705 0.0451282 0.0599007 0.0109738
1 0.549092 0.624979 0.0364959 0.0274561 0.01095
7 0.732371 0.658553 0.00842523 0.0160372 0.0107838
1 0.551742 0.643887 0.0303059 0.015153 0.0106338
0 0.867195 0.739027 0.0301694 0.0580097 0.0105567
1 0.740762 0.613955 0.0655345 0.0485971 0.0105259
1 0.610042 0.675767 0.00988507 0.0351728 0.0105056
6 0.617537 0.706398 0.0192261 0.0200607 0.0104231
3 0.820935 0.739909 0.0158287 0.0413149 0.010136
3 0.809996 0.736956 0.0188995 0.0397848 0.00994984
1 0.541475 0.670169 0.00634473 0.0231289 0.00990056
4 0.405903 0.705442 0.011848 0.0166256 0.00985295
4 0.626785 0.707441 0.0117675 0.0196522 0.00983656
1 0.554841 0.445858 0.0255524 0.0291205 0.00979703
8 0.825456 0.750691 0.0190569 0.0454351 0.00974709
7 0.596883 0.480008 0.0157589 0.0437226 0.0097065
0 0.991355 0.754529 0.0142672 0.0526363 0.00953927
4 0.284673 0.716186 0.0130365 0.0150668 0.00945292
4 0.875817 0.736166 0.0177035 0.0690958 0.00944423
1 0.710961 0.677319 0.013323 0.0284621 0.00934516
22 0.511113 0.44401 0.0147462 0.0617926 0.00934204
4 0.286505 0.715882 0.0195521 0.022758 0.00927612
1 0.450343 0.688051 0.0110388 0.0103385 0.00924918
1 0.408102 0.663099 0.00980203 0.0199675 0.00919122
1 0.392936 0.671411 0.0117673 0.0281825 0.00913991
1 0.405664 0.649811 0.00918985 0.016565 0.00912597
7 0.67117 0.610443 0.0210591 0.121169 0.00912511
6 0.777419 0.709284 0.0251362 0.0285287 0.00912232
0 0.407869 0.718638 0.0144283 0.0311646 0.00906595
1 0.231372 0.702226 0.00947176 0.025762 0.0089786
1 0.73471 0.665055 0.00979651 0.0193532 0.00886247
2 0.977247 0.427557 0.0111019 0.0170745 0.0088409
2 0.369581 0.616599 0.00496036 0.0128082 0.00869936
4 0.989898 0.712214 0.0176762 0.136109 0.00858323
6 0.744667 0.718163 0.0196782 0.0189371 0.00857078
6 0.785397 0.684455 0.0175672 0.0239081 0.00836071
1 0.716916 0.673269 0.0127427 0.0376705 0.00813853
6 0.687973 0.702301 0.0333715 0.0511964 0.00807391
4 0.861077 0.748194 0.0200671 0.0445351 0.00797102
4 0.445635 0.691272 0.00930896 0.0135559 0.00785509
6 0.859747 0.738814 0.0225541 0.060263 0.00766788
1 0.945328 0.679225 0.0083584 0.0257431 0.00762637
0 0.967161 0.734361 0.0333366 0.0561156 0.007574
1 0.647355 0.629622 0.0161016 0.0283113 0.00749736
4 0.419517 0.705626 0.00965942 0.016336 0.00749287
4 0.36497 0.701477 0.0276986 0.0100643 0.00746935
0 0.859746 0.749771 0.0199048 0.0421136 0.00743379
8 0.794939 0.731515 0.0142347 0.0278512 0.00734321
4 0.68679 0.709577 0.0284246 0.028403 0.00733289
4 0.777419 0.709284 0.0251362 0.0285287 0.00726971
4 0.65932 0.714012 0.0235191 0.0170701 0.00724258
4 0.344213 0.711532 0.0208349 0.0281345 0.00722401
4 0.760544 0.714959 0.0191757 0.0358379 0.00721434
2 0.323297 0.562587 0.0111554 0.0117531 0.00696684
4 0.683034 0.611553 0.0415685 0.126365 0.0066525
6 0.803134 0.669952 0.0475675 0.0333624 0.00657346
1 0.523411 0.702282 0.0222892 0.0169479 0.00654663
14 0.857176 0.743182 0.0258389 0.050727 0.00653794
7 0.632285 0.600667 0.0144241 0.0202231 0.0065296
7 0.369865 0.611646 0.00653595 0.0163637 0.00641291
4 0.356762 0.732544 0.0173683 0.0564285 0.00633537
6 0.973732 0.707709 0.0393153 0.114032 0.00630218
6 0.972658 0.719847 0.0209379 0.0809875 0.00627467
1 0.509681 0.671029 0.0124706 0.0197402 0.00626409
4 0.956722 0.740936 0.0144514 0.0508276 0.00625395
7 0.529528 0.675428 0.00877808 0.0124603 0.00623971
6 0.604397 0.701138 0.0168799 0.0171517 0.00617823
7 0.369581 0.616599 0.00496036 0.0128082 0.00616868
1 0.989128 0.699061 0.0186154 0.113774 0.00613373
1 0.511113 0.44401 0.0147462 0.0617926 0.00601943
1 0.692294 0.676858 0.0226628 0.0160801 0.00593719
1 0.464081 0.617772 0.0104428 0.0130693 0.00589003
6 0.790083 0.725367 0.0191386 0.0409788 0.00582609
4 0.493282 0.701299 0.0177893 0.0101982 0.0057508
8 0.629879 0.722261 0.0104326 0.0284881 0.00572586
4 0.487174 0.711528 0.0144158 0.0185964 0.00571784
1 0.709544 0.66183 0.0115261 0.0264329 0.00569104
7 0.601157 0.608205 0.00986108 0.0121387 0.00569096
3 0.83928 0.744946 0.0259277 0.0454749 0.00564004
7 0.768363 0.653069 0.010896 0.0248027 0.0055752
5 0.629394 0.717246 0.0117594 0.0216593 0.00548017
4 0.45357 0.684771 0.00891812 0.0115494 0.00542892
4 0.744336 0.723475 0.0184459 0.0238906 0.0053996
6 0.73269 0.714987 0.0370494 0.0239826 0.00534199
7 0.608511 0.468351 0.0270389 0.0330263 0.00532927
6 0.727026 0.706693 0.0162542 0.0178929 0.00528967
13 0.142291 0.783157 0.0535811 0.0575554 0.00525624
1 0.522167 0.687759 0.0127896 0.019571 0.00515639
4 0.604397 0.701138 0.0168799 0.0171517 0.00515099
1 0.1543 0.680564 0.00860371 0.0316156 0.00512833
4 0.42896 0.702727 0.00958847 0.0126173 0.00509877
3 0.876548 0.742536 0.0147494 0.0571442 0.0050702
6 0.527499 0.717988 0.0149215 0.0250735 0.00506307
6 0.629394 0.717246 0.0117594 0.0216593 0.0050208
4 0.378503 0.699726 0.0145512 0.00818375 0.00497645
7 0.530995 0.667054 0.00705469 0.0152785 0.00488852
1 0.755692 0.650549 0.0138475 0.0194069 0.00487758
12 0.696209 0.701813 0.0153553 0.041481 0.00483742
4 0.453938 0.689362 0.0105002 0.0171655 0.00482853
6 0.977973 0.66004 0.00878119 0.0301636 0.00474515
6 0.967161 0.734361 0.0333366 0.0561156 0.00468906
1 0.478262 0.686259 0.00695285 0.0151972 0.00466266
7 0.631312 0.583014 0.00849573 0.0127194 0.00462136
1 0.596883 0.480008 0.0157589 0.0437226 0.0046204
6 0.983068 0.673025 0.0146192 0.0507362 0.00461528
7 0.610839 0.68013 0.00710767 0.0262223 0.00460153
5 0.80907 0.731391 0.0174762 0.0385148 0.00459765
14 0.809996 0.736956 0.0188995 0.0397848 0.00459658
4 0.407693 0.7339 0.0134627 0.0535509 0.00459605
1 0.985737 0.420456 0.0285259 0.514794 0.00454074
7 0.534908 0.671744 0.00639685 0.0163216 0.00453694
2 0.344455 0.612639 0.00478699 0.0171854 0.00451275
6 0.788593 0.696114 0.0139413 0.022788 0.00442267
7 0.38475 0.66567 0.0109999 0.0266176 0.00440504
1 0.483983 0.630055 0.0125366 0.0228958 0.00439448
4 0.283813 0.733487 0.0136653 0.0374384 0.00439448
12 0.826244 0.706037 0.0680767 0.104864 0.00439015
8 0.956722 0.740936 0.0144514 0.0508276 0.00438089
1 0.39604 0.665826 0.00698343 0.0246608 0.00434892
1 0.237012 0.708503 0.00549284 0.0103506 0.00432235
6 0.618024 0.716742 0.0196595 0.0248291 0.00428947
0 0.989898 0.712214 0.0176762 0.136109 0.00425012
0 0.794939 0.731515 0.0142347 0.0278512 0.00424392
4 0.473282 0.695046 0.012619 0.00826791 0.00423908
0 0.286505 0.715882 0.0195521 0.022758 0.00423488
2 0.654143 0.513578 0.010918 0.0101392 0.00420703
1 0.624927 0.656972 0.0180601 0.0153603 0.00420501
4 0.746053 0.691441 0.0149938 0.0216787 0.00420499
24 0.987407 0.707463 0.0230079 0.131053 0.00420201
15 0.617537 0.706398 0.0192261 0.0200607 0.00416703
6 0.89776 0.671417 0.0170955 0.0248776 0.0041582
