4 0.163712 0.830944 0.326071 0.337948 0.950472
1 0.242345 0.50378 0.0382191 0.173718 0.887696
4 0.335289 0.70652 0.0861709 0.107228 0.750802
4 0.241434 0.67631 0.0329252 0.0484736 0.585141
4 0.434192 0.673945 0.030686 0.041923 0.510113
0 0.410014 0.700679 0.0187191 0.0903723 0.463625
1 0.120872 0.626654 0.0115076 0.0260487 0.419691
4 0.153629 0.675412 0.0773301 0.039993 0.200089
4 0.385978 0.694557 0.0375449 0.0635226 0.19933
14 0.288273 0.755203 0.0251424 0.0593851 0.196713
4 0.263976 0.681468 0.0716143 0.0539642 0.155389
4 0.11602 0.652604 0.0172126 0.0159213 0.145207
1 0.385154 0.628314 0.011447 0.0242039 0.118449
4 0.0953873 0.660122 0.0257664 0.0136296 0.101811
5 0.43367 0.673916 0.0288368 0.0416632 0.0977598
4 0.185786 0.655384 0.0133617 0.0185525 0.0922543
4 0.109856 0.654228 0.0198188 0.0148457 0.0882448
4 0.171423 0.655119 0.0118552 0.0124194 0.0800591
8 0.410353 0.711695 0.0188862 0.0797134 0.0786342
1 0.385149 0.636949 0.0115914 0.0121753 0.075227
2 0.677542 0.411965 0.00710803 0.0218922 0.0716221
4 0.110671 0.650134 0.0136642 0.0174753 0.0694209
4 0.119717 0.64977 0.0137602 0.0167911 0.0693672
14 0.549889 0.685896 0.0243439 0.056825 0.0585829
2 0.681346 0.405307 0.0112521 0.0180505 0.0557769
4 0.233789 0.682664 0.0179009 0.0445071 0.0547796
4 0.273945 0.689553 0.0542859 0.0657935 0.0539889
1 0.177101 0.585015 0.0237094 0.0290429 0.0532011
4 0.176336 0.675169 0.0329008 0.036862 0.0525866
2 0.854608 0.186225 0.0118705 0.0186503 0.0513201
4 0.411366 0.690348 0.0195107 0.086537 0.0476309
2 0.696532 0.420806 0.0103388 0.014826 0.0465657
0 0.369595 0.663318 0.0103645 0.0167036 0.0462256
4 0.263898 0.698908 0.0746826 0.0887237 0.0459007
8 0.562538 0.68629 0.0445282 0.0633668 0.0454245
1 0.414074 0.645344 0.010347 0.0159865 0.0412666
4 0.116969 0.663671 0.0216896 0.0183815 0.0406755
4 0.373923 0.675025 0.0177869 0.0254021 0.0391109
4 0.245898 0.690068 0.0409225 0.0739349 0.0378846
14 0.472726 0.684389 0.0109293 0.0245797 0.0378024
4 0.398139 0.697199 0.0329251 0.0769495 0.0365469
4 0.171661 0.650684 0.0104961 0.0181273 0.0353254
1 0.383617 0.606214 0.00854813 0.0337157 0.0336836
4 0.284321 0.696961 0.0480782 0.0800938 0.0333413
4 0.0671763 0.650094 0.0142713 0.0174157 0.0324321
0 0.233789 0.682664 0.0179009 0.0445071 0.0313249
4 0.369595 0.663318 0.0103645 0.0167036 0.0298622
14 0.561924 0.686165 0.0466527 0.0630891 0.0277276
12 0.555344 0.686155 0.0373162 0.0583232 0.0276486
4 0.14206 0.657773 0.0186162 0.0102662 0.0275696
1 0.41203 0.640142 0.00738013 0.0172176 0.0274803
4 0.377853 0.663248 0.0109964 0.0167728 0.0261717
14 0.454125 0.682299 0.0125496 0.0248631 0.0242031
1 0.368776 0.627805 0.0102784 0.0214055 0.0238581
8 0.472726 0.684389 0.0109293 0.0245797 0.0234611
4 0.157618 0.655687 0.0138406 0.0119698 0.0223768
4 0.0158577 0.656148 0.0145882 0.0122822 0.0219938
22 0.472726 0.684389 0.0109293 0.0245797 0.0217012
4 0.127528 0.653712 0.0097206 0.0141879 0.021423
4 0.188369 0.652928 0.0107743 0.0236527 0.0213303
0 0.398139 0.697199 0.0329251 0.0769495 0.0212826
4 0.0914128 0.664352 0.0307749 0.0163657 0.0211537
4 0.126601 0.648973 0.010143 0.0155445 0.0208961
1 0.0341557 0.626545 0.00857263 0.050703 0.0203556
8 0.233789 0.682664 0.0179009 0.0445071 0.0192439
1 0.410674 0.64566 0.0110489 0.015612 0.0192239
4 0.159483 0.650499 0.0119268 0.0181519 0.0190022
1 0.337978 0.625931 0.0161061 0.0183706 0.0188533
19 0.561924 0.686165 0.0466527 0.0630891 0.0187052
4 0.144951 0.685049 0.093931 0.0585294 0.0186421
4 0.1427 0.649459 0.00929067 0.0165338 0.0184063
4 0.0859256 0.658567 0.0223384 0.0119746 0.017968
1 0.385085 0.6399 0.011737 0.0115624 0.0179166
0 0.390807 0.678794 0.0168017 0.0544947 0.0176856
1 0.118771 0.632446 0.0147796 0.031774 0.0176335
4 0.37413 0.699985 0.0208473 0.0712119 0.017071
4 0.385085 0.6399 0.011737 0.0115624 0.0169441
0 0.377853 0.663248 0.0109964 0.0167728 0.016937
8 0.566121 0.687968 0.0185449 0.0586921 0.0165226
0 0.127528 0.653712 0.0097206 0.0141879 0.0163791
1 0.387372 0.625865 0.0132241 0.0263966 0.0163745
8 0.235123 0.710271 0.0200178 0.063428 0.0161608
4 0.0604757 0.655017 0.0261267 0.0162248 0.015933
4 0.390807 0.678794 0.0168017 0.0544947 0.0153372
4 0.0989585 0.650308 0.0163733 0.0181339 0.0153301
1 0.3879 0.640394 0.0115781 0.011678 0.0151465
6 0.241002 0.675172 0.0324842 0.0502884 0.0148171
2 0.729339 0.301385 0.00863764 0.0186453 0.0139935
4 0.188043 0.676625 0.0122234 0.0301238 0.0139665
8 0.475684 0.684708 0.0125054 0.0242568 0.0131248
4 0.358198 0.659731 0.0125512 0.0131218 0.0129647
1 0.1217 0.615408 0.0117917 0.0237521 0.0127007
1 0.420008 0.607594 0.0103037 0.0159062 0.0126221
1 0.382785 0.595185 0.00758704 0.0264975 0.0122218
8 0.458961 0.680568 0.011088 0.0281082 0.0121407
4 0.213399 0.712471 0.0480886 0.0914012 0.0118575
18 0.472726 0.684389 0.0109293 0.0245797 0.011659
0 0.411307 0.716313 0.0171117 0.0697896 0.0116575
3 0.472726 0.684389 0.0109293 0.0245797 0.0116467
14 0.541301 0.684785 0.0268683 0.051229 0.01142
4 0.0107209 0.655567 0.0164103 0.012335 0.0114129
22 0.489745 0.688318 0.0110332 0.0261133 0.0111752
1 0.0330181 0.617242 0.00912986 0.0399407 0.0110482
0 0.358198 0.659731 0.0125512 0.0131218 0.0109896
1 0.0795514 0.629605 0.0114321 0.0361385 0.0109815
4 0.213512 0.680256 0.0491671 0.0481071 0.0108657
6 0.119717 0.64977 0.0137602 0.0167911 0.0106622
2 0.699361 0.420611 0.0129227 0.0147164 0.0103814
3 0.561924 0.686165 0.0466527 0.0630891 0.0101475
0 0.235123 0.710271 0.0200178 0.063428 0.00992932
22 0.475684 0.684708 0.0125054 0.0242568 0.0096862
6 0.434192 0.673945 0.030686 0.041923 0.00965731
2 0.602407 0.227302 0.0122952 0.0212034 0.00948571
8 0.239701 0.696005 0.0292464 0.0571682 0.00937666
0 0.126601 0.648973 0.010143 0.0155445 0.00929543
23 0.289206 0.754513 0.0257927 0.060972 0.00925982
0 0.171423 0.655119 0.0118552 0.0124194 0.00884597
8 0.289515 0.753634 0.0264692 0.0641075 0.00879644
5 0.555344 0.686155 0.0373162 0.0583232 0.00878694
4 0.348006 0.659735 0.0238222 0.0128065 0.00850813
4 0.0556008 0.649709 0.013396 0.0183151 0.00823332
8 0.454125 0.682299 0.0125496 0.0248631 0.00821127
4 0.22238 0.681187 0.0284278 0.0414224 0.00820778
14 0.26345 0.728768 0.0717627 0.0942866 0.00809659
14 0.475684 0.684708 0.0125054 0.0242568 0.00801215
0 0.11602 0.652604 0.0172126 0.0159213 0.00798018
14 0.433604 0.673714 0.030847 0.0407893 0.00796317
1 0.241823 0.456512 0.0353564 0.0780278 0.0078946
4 0.241832 0.662595 0.0288681 0.0431167 0.00785447
1 0.455198 0.640827 0.00835626 0.0297869 0.00772557
4 0.0242858 0.657023 0.027237 0.0118154 0.00769577
1 0.181791 0.587989 0.0141591 0.0330032 0.00763725
1 0.123944 0.62984 0.0159191 0.031831 0.00763673
4 0.249103 0.653921 0.0154978 0.0255051 0.00750795
0 0.458961 0.680568 0.011088 0.0281082 0.00750552
23 0.472726 0.684389 0.0109293 0.0245797 0.00741072
8 0.437266 0.677865 0.027665 0.0330742 0.00738042
1 0.353169 0.627732 0.0124944 0.0153068 0.00727758
1 0.408982 0.630034 0.00877506 0.0190168 0.0072308
5 0.241002 0.675172 0.0324842 0.0502884 0.00715823
4 0.0455092 0.658539 0.0235292 0.0128308 0.00713025
0 0.119717 0.64977 0.0137602 0.0167911 0.00690907
4 0.30105 0.694471 0.0236174 0.0786962 0.00686394
4 0.203491 0.669221 0.0324651 0.0376554 0.0066933
3 0.475684 0.684708 0.0125054 0.0242568 0.00661247
8 0.582545 0.696709 0.0144456 0.0455553 0.00658499
1 0.343454 0.645162 0.034973 0.0209644 0.00657551
14 0.518681 0.689735 0.0145784 0.0345918 0.0065171
4 0.454125 0.682299 0.0125496 0.0248631 0.00633611
14 0.458961 0.680568 0.011088 0.0281082 0.00632875
8 0.260634 0.711657 0.0679292 0.0940519 0.00630813
8 0.552736 0.687305 0.0258162 0.0581685 0.00618001
1 0.159735 0.587245 0.00841899 0.0316935 0.00613933
0 0.39003 0.69428 0.0375867 0.0728506 0.00600534
4 0.3879 0.640394 0.0115781 0.011678 0.0059809
4 0.239807 0.710334 0.0279696 0.0703037 0.00595566
14 0.411307 0.716313 0.0171117 0.0697896 0.00594637
4 0.23353 0.654797 0.0159033 0.0279447 0.00590267
18 0.475684 0.684708 0.0125054 0.0242568 0.00584646
15 0.344663 0.64707 0.0354169 0.0253641 0.00581197
4 0.146366 0.668477 0.0895979 0.0306136 0.00564733
3 0.410353 0.711695 0.0188862 0.0797134 0.00564593
4 0.225461 0.669739 0.0167934 0.0320763 0.00551968
0 0.454125 0.682299 0.0125496 0.0248631 0.00549024
0 0.1427 0.649459 0.00929067 0.0165338 0.00546121
14 0.566121 0.687968 0.0185449 0.0586921 0.00545564
0 0.472726 0.684389 0.0109293 0.0245797 0.00531425
14 0.239807 0.710334 0.0279696 0.0703037 0.00526418
3 0.454125 0.682299 0.0125496 0.0248631 0.00525542
12 0.344663 0.64707 0.0354169 0.0253641 0.00522042
3 0.550165 0.685114 0.0246344 0.0577154 0.00519263
0 0.373923 0.675025 0.0177869 0.0254021 0.0051847
4 0.318145 0.697758 0.0574635 0.0847214 0.00510974
4 0.296077 0.675046 0.0135831 0.0410685 0.00507137
1 0.14496 0.605926 0.00893872 0.0142309 0.00501084
1 0.03436 0.647869 0.00949991 0.0218382 0.00496105
1 0.119717 0.64977 0.0137602 0.0167911 0.00495644
1 0.371091 0.609899 0.00950446 0.0296528 0.00482046
8 0.489172 0.686276 0.0131121 0.0271447 0.00479539
6 0.110671 0.650134 0.0136642 0.0174753 0.00478866
4 0.214778 0.693108 0.0457941 0.0541738 0.00476624
4 0.258924 0.716876 0.0649652 0.0890457 0.00473682
2 0.67298 0.414226 0.0143132 0.0173984 0.00468015
3 0.489172 0.686276 0.0131121 0.0271447 0.00466829
1 0.179554 0.608043 0.0151953 0.0139758 0.00459456
4 0.343807 0.684517 0.0410183 0.0635526 0.00457665
22 0.411307 0.716313 0.0171117 0.0697896 0.00454243
14 0.294796 0.751788 0.0359799 0.0635306 0.00453995
0 0.24067 0.677869 0.0306288 0.0516352 0.00453365
15 0.43367 0.673916 0.0288368 0.0416632 0.00447381
4 0.131885 0.666936 0.0581823 0.0307131 0.00445639
0 0.455111 0.669413 0.00947699 0.0227508 0.00439349
4 0.106239 0.667434 0.0289577 0.0250247 0.00433681
3 0.458961 0.680568 0.011088 0.0281082 0.00423671
2 0.696459 0.425516 0.00916766 0.020584 0.00423047
1 0.319667 0.605468 0.00824536 0.0211739 0.00416523
0 0.0158577 0.656148 0.0145882 0.0122822 0.00413328
4 0.300625 0.674774 0.0179441 0.0440022 0.0040889
4 0.093251 0.668326 0.0308869 0.0220701 0.00404233
14 0.489172 0.686276 0.0131121 0.0271447 0.00392884
0 0.185786 0.655384 0.0133617 0.0185525 0.00391336
1 0.112257 0.631287 0.0145138 0.0288844 0.00388891
5 0.411366 0.690348 0.0195107 0.086537 0.00385873
8 0.369595 0.663318 0.0103645 0.0167036 0.00385563
0 0.188043 0.676625 0.0122234 0.0301238 0.00385293
4 0.362245 0.668962 0.0243357 0.0283198 0.00384157
4 0.0154983 0.650314 0.0120032 0.0179389 0.0038345
1 0.169739 0.607685 0.0165248 0.0158475 0.00379428
2 0.641102 0.457708 0.00814191 0.0224758 0.00373802
0 0.171661 0.650684 0.0104961 0.0181273 0.00371023
0 0.0671763 0.650094 0.0142713 0.0174157 0.00367729
8 0.239443 0.715349 0.0268797 0.0836831 0.00366874
32 0.561924 0.686165 0.0466527 0.0630891 0.00364788
1 0.416612 0.624779 0.0125344 0.0170936 0.00358772
8 0.585578 0.691161 0.00950671 0.0565196 0.00340516
4 0.0640948 0.664415 0.0184699 0.0148094 0.00340192
4 0.458961 0.680568 0.011088 0.0281082 0.00339491
0 0.245898 0.690068 0.0409225 0.0739349 0.00337245
0 0.437266 0.677865 0.027665 0.0330742 0.00336998
7 0.382785 0.595185 0.00758704 0.0264975 0.00336557
4 0.410674 0.64566 0.0110489 0.015612 0.00333279
8 0.398139 0.697199 0.0329251 0.0769495 0.00326085
8 0.188043 0.676625 0.0122234 0.0301238 0.00325094
22 0.582545 0.696709 0.0144456 0.0455553 0.00324948
5 0.11602 0.652604 0.0172126 0.0159213 0.00323867
22 0.454125 0.682299 0.0125496 0.0248631 0.00321133
1 0.163373 0.593747 0.0106967 0.0271503 0.0031939
8 0.290044 0.701495 0.0387866 0.0866868 0.00317835
14 0.233419 0.720156 0.0172091 0.0770084 0.00316661
5 0.119717 0.64977 0.0137602 0.0167911 0.00313252
25 0.343454 0.645162 0.034973 0.0209644 0.0031252
4 0.200949 0.710377 0.0779077 0.0949027 0.00309666
4 0.00771969 0.650512 0.0117036 0.0182868 0.00309205
18 0.561924 0.686165 0.0466527 0.0630891 0.00306147
14 0.256069 0.709158 0.0597784 0.0875213 0.00306139
1 0.368799 0.651648 0.0117702 0.0286118 0.00305346
4 0.388415 0.708819 0.0437561 0.0768592 0.00304864
22 0.588379 0.701916 0.0107872 0.0410088 0.00302139
1 0.372263 0.591467 0.00923447 0.0176505 0.00302078
0 0.410674 0.64566 0.0110489 0.015612 0.00301795
0 0.0154983 0.650314 0.0120032 0.0179389 0.00289432
4 0.563053 0.68562 0.0464327 0.0656321 0.00288607
3 0.566121 0.687968 0.0185449 0.0586921 0.00286605
0 0.159483 0.650499 0.0119268 0.0181519 0.00284726
0 0.0791131 0.650012 0.011303 0.0179697 0.00280906
1 0.428484 0.645327 0.0124222 0.0187986 0.00279887
5 0.369595 0.663318 0.0103645 0.0167036 0.00279076
1 0.170984 0.622523 0.0143003 0.00974218 0.00278072
7 0.383617 0.606214 0.00854813 0.0337157 0.00276832
14 0.503939 0.687536 0.00931619 0.0272611 0.00276183
3 0.542526 0.683995 0.0286312 0.0514502 0.00274296
19 0.548929 0.685149 0.0308775 0.0569861 0.00272836
1 0.390055 0.604486 0.00844943 0.0100844 0.00267176
4 0.233419 0.720156 0.0172091 0.0770084 0.0026374
12 0.414074 0.645344 0.010347 0.0159865 0.00262182
7 0.368776 0.627805 0.0102784 0.0214055 0.00261454
1 0.310456 0.607026 0.00980606 0.0249038 0.00259983
22 0.503272 0.689267 0.0103464 0.026045 0.00255427
22 0.855699 0.185409 0.0129987 0.0203304 0.00253199
2 0.807286 0.422318 0.0133087 0.0212878 0.00252583
2 0.635167 0.451337 0.0104852 0.0150898 0.00248189
18 0.454125 0.682299 0.0125496 0.0248631 0.00244255
4 0.368799 0.651648 0.0117702 0.0286118 0.00243753
1 0.159474 0.605642 0.00884764 0.0153454 0.00243187
4 0.0137885 0.662955 0.0227419 0.0163249 0.00239367
8 0.588379 0.701916 0.0107872 0.0410088 0.00239056
3 0.437266 0.677865 0.027665 0.0330742 0.00235421
6 0.245898 0.690068 0.0409225 0.0739349 0.00234464
6 0.263976 0.681468 0.0716143 0.0539642 0.00232964
1 0.38429 0.600957 0.00840826 0.0219918 0.00232956
8 0.127528 0.653712 0.0097206 0.0141879 0.00229703
4 0.201223 0.687273 0.0397298 0.0473614 0.00229218
22 0.565746 0.694307 0.0160624 0.0514284 0.00227623
0 0.109856 0.654228 0.0198188 0.0148457 0.00227341
1 0.167632 0.580143 0.00962494 0.0300308 0.00227167
18 0.411307 0.716313 0.0171117 0.0697896 0.00226063
8 0.485116 0.68246 0.0134625 0.0290925 0.00224872
6 0.126601 0.648973 0.010143 0.0155445 0.00221669
2 0.684195 0.410537 0.0171811 0.0262696 0.00220231
1 0.347957 0.641759 0.0386105 0.0247451 0.00218049
7 0.159735 0.587245 0.00841899 0.0316935 0.0021446
2 0.686355 0.4027 0.0191944 0.0233808 0.00214458
2 0.782239 0.476816 0.00876361 0.0125998 0.00214273
4 0.414074 0.645344 0.010347 0.0159865 0.0021016
4 0.316927 0.66397 0.0168189 0.0233018 0.00209253
4 0.0791131 0.650012 0.011303 0.0179697 0.00209021
8 0.126601 0.648973 0.010143 0.0155445 0.0020818
15 0.344996 0.640079 0.037975 0.0233476 0.00208097
1 0.221743 0.627861 0.010403 0.0153817 0.00203802
14 0.245898 0.690068 0.0409225 0.0739349 0.00203717
0 0.157618 0.655687 0.0138406 0.0119698 0.00199824
1 0.326315 0.612064 0.0130041 0.0212724 0.00198722
32 0.472726 0.684389 0.0109293 0.0245797 0.00198134
6 0.263898 0.698908 0.0746826 0.0887237 0.00194289
4 0.342552 0.64347 0.0336658 0.0189789 0.0019332
8 0.24067 0.677869 0.0306288 0.0516352 0.00192003
3 0.585578 0.691161 0.00950671 0.0565196 0.00191617
8 0.395964 0.714818 0.0476924 0.0754014 0.00190848
18 0.548929 0.685149 0.0308775 0.0569861 0.00190399
8 0.11602 0.652604 0.0172126 0.0159213 0.00187029
