4 0.897437 0.868972 0.201539 0.258484 0.967976
4 0.70847 0.875986 0.281725 0.195257 0.945157
4 0.0325199 0.831413 0.0646358 0.254183 0.944879
4 0.489664 0.827685 0.305451 0.173371 0.881496
4 0.573891 0.858714 0.245064 0.165182 0.869895
4 0.231019 0.792874 0.0564737 0.0652175 0.825998
4 0.0625944 0.779414 0.0413553 0.0731171 0.823294
4 0.090972 0.77071 0.0169698 0.0221314 0.720951
4 0.337608 0.799 0.0920856 0.0937669 0.716138
4 0.276497 0.808179 0.0391931 0.0494022 0.678458
4 0.386378 0.80543 0.123447 0.103057 0.672619
6 0.176628 0.768453 0.0356285 0.0433658 0.586858
4 0.202616 0.782333 0.0186284 0.0305017 0.58199
6 0.346179 0.766684 0.109495 0.0775118 0.555899
4 0.172729 0.778849 0.0255643 0.0245943 0.477237
4 0.108942 0.768864 0.0115657 0.0129329 0.428438
6 0.338855 0.755451 0.0948969 0.053062 0.425434
4 0.259377 0.776416 0.0297261 0.019803 0.406332
4 0.275075 0.795354 0.0398028 0.052468 0.405028
4 0.274769 0.785314 0.0380751 0.0327676 0.39406
4 0.207099 0.781608 0.0184248 0.0347091 0.297363
4 0.268877 0.779757 0.0361483 0.0243134 0.265121
4 0.612313 0.760219 0.0660246 0.0286201 0.26324
4 0.546803 0.832752 0.193372 0.174632 0.257202
4 0.213883 0.775059 0.0238791 0.0305284 0.233364
4 0.121431 0.768637 0.00630853 0.014627 0.211317
4 0.189715 0.779921 0.0135184 0.0264072 0.17509
0 0.12738 0.768961 0.00781469 0.0183651 0.162637
4 0.393964 0.773124 0.0952154 0.0369019 0.161666
6 0.344932 0.74875 0.126742 0.0379021 0.13928
4 0.329948 0.815594 0.0783041 0.0630635 0.132459
6 0.172918 0.779195 0.0252708 0.0235113 0.127666
4 0.138347 0.770838 0.0123159 0.0161054 0.127187
4 0.158976 0.777371 0.00811177 0.0143488 0.123471
4 0.619779 0.801355 0.133447 0.0515707 0.12344
2 0.5423 0.643379 0.0122012 0.0148777 0.109616
4 0.0985582 0.771442 0.00752717 0.0174883 0.106489
4 0.0570735 0.738603 0.0310908 0.0135585 0.0870069
4 0.12738 0.768961 0.00781469 0.0183651 0.0843875
4 0.384329 0.778327 0.126064 0.0467539 0.0825555
15 0.0595831 0.742341 0.0332288 0.0182798 0.0809405
0 0.121431 0.768637 0.00630853 0.014627 0.0774669
2 0.480817 0.599881 0.0107669 0.0280273 0.0765876
4 0.411922 0.77072 0.0738685 0.0375293 0.0710631
6 0.337538 0.793342 0.0900001 0.079619 0.0708771
4 0.249548 0.796212 0.092582 0.059199 0.0682798
2 0.479629 0.592486 0.0132498 0.0243026 0.0643991
4 0.199225 0.77812 0.0225555 0.0316831 0.0640273
4 0.252075 0.770031 0.0325786 0.0204524 0.0600812
4 0.231792 0.756665 0.0147011 0.0105645 0.0597922
4 0.079487 0.780255 0.013754 0.0551734 0.0576734
2 0.481429 0.552153 0.0128137 0.0170467 0.0575494
4 0.373029 0.772261 0.0285389 0.0268892 0.0567405
4 0.278329 0.780238 0.0324696 0.0270849 0.0546193
4 0.0595831 0.742341 0.0332288 0.0182798 0.0530478
4 0.372043 0.821573 0.09348 0.102973 0.0468895
4 0.10876 0.764071 0.0101491 0.0200627 0.0460781
4 0.360003 0.818776 0.0686963 0.0782294 0.0451057
4 0.110159 0.772712 0.00952368 0.0192948 0.0443321
0 0.0985582 0.771442 0.00752717 0.0174883 0.0435993
5 0.12738 0.768961 0.00781469 0.0183651 0.0432016
4 0.238788 0.761366 0.0246201 0.0156962 0.0427006
4 0.135297 0.772021 0.0074623 0.0208726 0.0424288
2 0.469919 0.637254 0.00985904 0.027915 0.0421628
2 0.469061 0.606129 0.0123181 0.023036 0.0413175
4 0.37947 0.794407 0.102023 0.0699817 0.0406522
8 0.12738 0.768961 0.00781469 0.0183651 0.040565
2 0.468338 0.628828 0.0119423 0.014932 0.0392715
4 0.34935 0.751661 0.115004 0.0380516 0.038471
4 0.43122 0.755492 0.0338828 0.0108076 0.0361441
2 0.472035 0.592746 0.0135692 0.0205026 0.0349848
4 0.256572 0.762876 0.0258449 0.0181105 0.0327394
2 0.489542 0.600126 0.0106074 0.023321 0.0318991
4 0.150126 0.771596 0.0132701 0.0207774 0.0318004
4 0.457029 0.770214 0.150888 0.0568719 0.0314917
4 0.218836 0.760617 0.01759 0.013569 0.0313385
6 0.0595831 0.742341 0.0332288 0.0182798 0.02717
4 0.510852 0.792856 0.266274 0.102035 0.0268655
4 0.419537 0.765183 0.0489284 0.0252153 0.0263561
4 0.121756 0.764086 0.00790617 0.0200296 0.0260568
4 0.392924 0.75477 0.0281602 0.0253214 0.02563
4 0.403504 0.766399 0.0455274 0.0289984 0.025464
5 0.121431 0.768637 0.00630853 0.014627 0.0252141
0 0.135297 0.772021 0.0074623 0.0208726 0.0251134
4 0.204366 0.762344 0.0167489 0.0180239 0.0243017
15 0.0570735 0.738603 0.0310908 0.0135585 0.0232896
8 0.121431 0.768637 0.00630853 0.014627 0.0229263
4 0.611596 0.750219 0.0582644 0.0167165 0.0227565
4 0.434459 0.755208 0.028225 0.0160334 0.0215641
5 0.172918 0.779195 0.0252708 0.0235113 0.0206028
0 0.127662 0.763513 0.00804557 0.0190007 0.0205148
2 0.682189 0.710205 0.0103275 0.0137456 0.0178281
4 0.211954 0.7949 0.0210394 0.0509871 0.0159156
6 0.158389 0.762127 0.0150263 0.0390427 0.0153232
6 0.189715 0.779921 0.0135184 0.0264072 0.0152671
4 0.346028 0.770567 0.112541 0.0882768 0.0151742
0 0.158976 0.777371 0.00811177 0.0143488 0.0145558
2 0.480558 0.56642 0.0136464 0.0223196 0.0144573
8 0.0884864 0.772233 0.0184256 0.0224146 0.0141817
3 0.340229 0.823013 0.0363369 0.0639659 0.0129336
0 0.108942 0.768864 0.0115657 0.0129329 0.0121991
2 0.65928 0.542888 0.0221619 0.0208239 0.0121529
4 0.342503 0.775029 0.0864905 0.0349543 0.0120804
6 0.384888 0.751263 0.0432858 0.0341198 0.0118352
2 0.654125 0.624615 0.00873572 0.0108301 0.0118299
14 0.12738 0.768961 0.00781469 0.0183651 0.0117092
2 0.683915 0.705864 0.010768 0.0165713 0.0114156
4 0.127662 0.763513 0.00804557 0.0190007 0.0111047
6 0.0570735 0.738603 0.0310908 0.0135585 0.0110273
4 0.623054 0.822357 0.136673 0.0931478 0.0109148
3 0.343606 0.841689 0.037953 0.0870445 0.0106943
2 0.541746 0.650353 0.0107449 0.0238872 0.0105819
1 0.221304 0.713685 0.0261634 0.0783593 0.0101475
2 0.476716 0.655991 0.0102086 0.0263566 0.0100557
6 0.145764 0.763251 0.0267343 0.029043 0.00997729
2 0.68978 0.699414 0.00810437 0.012815 0.00987779
0 0.110159 0.772712 0.00952368 0.0192948 0.00982642
0 0.138347 0.770838 0.0123159 0.0161054 0.00982191
8 0.110159 0.772712 0.00952368 0.0192948 0.00931207
4 0.47424 0.757981 0.0928095 0.0367157 0.00903503
2 0.481723 0.557347 0.0131559 0.0251912 0.00880693
2 0.467087 0.60153 0.0117084 0.0233883 0.00880411
6 0.247076 0.771455 0.0267923 0.0236614 0.00872412
0 0.121756 0.764086 0.00790617 0.0200296 0.00855917
4 0.263973 0.763423 0.0250122 0.0200049 0.00783018
4 0.0791616 0.764179 0.0103974 0.0360556 0.00747145
4 0.457879 0.791167 0.164522 0.0981482 0.00714644
6 0.347759 0.742001 0.117936 0.14147 0.00695345
15 0.176628 0.768453 0.0356285 0.0433658 0.00688188
25 0.0595831 0.742341 0.0332288 0.0182798 0.00687736
2 0.541544 0.638423 0.0111246 0.0140179 0.00683714
0 0.189715 0.779921 0.0135184 0.0264072 0.00681697
6 0.199225 0.77812 0.0225555 0.0316831 0.00663749
6 0.12738 0.768961 0.00781469 0.0183651 0.00652855
2 0.693836 0.713485 0.00840619 0.0144595 0.00627933
8 0.158976 0.777371 0.00811177 0.0143488 0.00622248
6 0.121431 0.768637 0.00630853 0.014627 0.00615828
2 0.685121 0.709566 0.00985156 0.0108474 0.00610821
8 0.135297 0.772021 0.0074623 0.0208726 0.00606036
2 0.549037 0.644187 0.0147958 0.0163115 0.0060484
4 0.640254 0.777035 0.0600738 0.0115824 0.00601136
4 0.384888 0.751263 0.0432858 0.0341198 0.00578633
4 0.419678 0.775147 0.117045 0.0551892 0.0056101
0 0.200248 0.781804 0.0213271 0.028849 0.00540446
6 0.10876 0.764071 0.0101491 0.0200627 0.00535692
4 0.179692 0.770675 0.0334263 0.0379659 0.00534083
2 0.445747 0.635825 0.00990189 0.0184621 0.00528264
6 0.392924 0.75477 0.0281602 0.0253214 0.00520455
4 0.421744 0.839153 0.188069 0.145637 0.00497749
5 0.108942 0.768864 0.0115657 0.0129329 0.00496127
8 0.0985582 0.771442 0.00752717 0.0174883 0.00495784
4 0.0891783 0.776498 0.0148182 0.0305042 0.00494625
6 0.158976 0.777371 0.00811177 0.0143488 0.00494275
8 0.138347 0.770838 0.0123159 0.0161054 0.00485101
6 0.127662 0.763513 0.00804557 0.0190007 0.00479852
2 0.551417 0.579058 0.0102318 0.0152331 0.00477722
4 0.641834 0.796033 0.106045 0.0417292 0.00475826
6 0.204366 0.762344 0.0167489 0.0180239 0.00470829
8 0.108942 0.768864 0.0115657 0.0129329 0.00469485
6 0.231792 0.756665 0.0147011 0.0105645 0.00466478
4 0.0581858 0.768263 0.0408501 0.0626099 0.0044964
18 0.301843 0.132381 0.0850364 0.153544 0.00444646
8 0.122407 0.778934 0.00858478 0.0255479 0.00438176
8 0.340229 0.823013 0.0363369 0.0639659 0.0042662
6 0.108942 0.768864 0.0115657 0.0129329 0.00425297
5 0.189715 0.779921 0.0135184 0.0264072 0.00422283
1 0.477373 0.724568 0.00746643 0.0333326 0.00421482
6 0.216384 0.733836 0.0292122 0.0520624 0.00417839
2 0.040501 0.588025 0.00955566 0.0156304 0.00412664
1 0.127662 0.763513 0.00804557 0.0190007 0.00397159
8 0.126666 0.777674 0.00942172 0.0279693 0.00391294
2 0.479687 0.6162 0.00887833 0.014602 0.00391038
4 0.316469 0.822123 0.0501006 0.0533629 0.00386277
2 0.692009 0.685707 0.00571942 0.0154538 0.00383276
5 0.138347 0.770838 0.0123159 0.0161054 0.00379278
3 0.3542 0.832978 0.0603589 0.0970189 0.0037164
6 0.150126 0.771596 0.0132701 0.0207774 0.00366631
24 0.176628 0.768453 0.0356285 0.0433658 0.00366087
5 0.158976 0.777371 0.00811177 0.0143488 0.00363643
42 0.0570735 0.738603 0.0310908 0.0135585 0.00356888
5 0.090972 0.77071 0.0169698 0.0221314 0.00353094
6 0.0625322 0.779668 0.0409575 0.0755255 0.00345694
6 0.0323614 0.831491 0.0633024 0.256889 0.00330509
2 0.507293 0.665436 0.00990579 0.0112975 0.00325865
6 0.218836 0.760617 0.01759 0.013569 0.00321635
4 0.340229 0.823013 0.0363369 0.0639659 0.00318496
12 0.338855 0.755451 0.0948969 0.053062 0.00316497
2 0.459829 0.639184 0.010786 0.0169788 0.00304937
8 0.331532 0.814281 0.0806897 0.0661667 0.00302473
15 0.073804 0.743886 0.0175351 0.0186488 0.00300062
2 0.713273 0.718525 0.0105977 0.0111502 0.00297438
2 0.92129 0.64223 0.0137104 0.0169212 0.00294884
2 0.0444874 0.603577 0.00986524 0.0120847 0.00292369
12 0.177287 0.768854 0.0361679 0.0423006 0.00285242
6 0.073804 0.743886 0.0175351 0.0186488 0.00278537
2 0.552832 0.572387 0.0104959 0.0139576 0.00271099
2 0.925982 0.638748 0.0140372 0.019151 0.00270237
6 0.138347 0.770838 0.0123159 0.0161054 0.00264747
5 0.200129 0.781777 0.0215012 0.028615 0.00262456
1 0.231792 0.756665 0.0147011 0.0105645 0.00262389
5 0.0631493 0.781389 0.0422088 0.0697955 0.00261069
2 0.954538 0.175793 0.0858377 0.090632 0.00259177
15 0.0625322 0.779668 0.0409575 0.0755255 0.00258139
2 0.445643 0.629743 0.00907477 0.0163363 0.00248785
5 0.135297 0.772021 0.0074623 0.0208726 0.00248276
2 0.033827 0.604784 0.00976851 0.0131187 0.00242042
8 0.343606 0.841689 0.037953 0.0870445 0.00235485
14 0.138347 0.770838 0.0123159 0.0161054 0.00231446
4 0.276418 0.763032 0.0277246 0.0221505 0.00227594
5 0.176628 0.768453 0.0356285 0.0433658 0.002267
1 0.755331 0.728378 0.0104006 0.0246848 0.00225987
4 0.0321944 0.761288 0.0643888 0.115018 0.00225084
6 0.090972 0.77071 0.0169698 0.0221314 0.00224841
0 0.0884864 0.772233 0.0184256 0.0224146 0.00222675
25 0.0570735 0.738603 0.0310908 0.0135585 0.00221708
8 0.189715 0.779921 0.0135184 0.0264072 0.00221066
1 0.206248 0.743995 0.008754 0.019862 0.00217468
6 0.22203 0.712877 0.0247221 0.0833639 0.00217267
3 0.331532 0.814281 0.0806897 0.0661667 0.00214991
6 0.121756 0.764086 0.00790617 0.0200296 0.00214364
2 0.47317 0.644547 0.0128686 0.0417675 0.00209605
3 0.12738 0.768961 0.00781469 0.0183651 0.00207287
5 0.0985582 0.771442 0.00752717 0.0174883 0.00205403
2 0.655572 0.611412 0.00993103 0.0215352 0.00204399
15 0.0323614 0.831491 0.0633024 0.256889 0.00203817
0 0.150126 0.771596 0.0132701 0.0207774 0.00203352
2 0.547333 0.586505 0.0103416 0.0128251 0.00203128
6 0.0985582 0.771442 0.00752717 0.0174883 0.00198328
2 0.46027 0.620663 0.0106738 0.0139518 0.00197884
8 0.200129 0.781777 0.0215012 0.028615 0.00197226
6 0.0791616 0.764179 0.0103974 0.0360556 0.0019652
0 0.172918 0.779195 0.0252708 0.0235113 0.00195167
5 0.338143 0.80055 0.0925115 0.0924179 0.00191722
6 0.227866 0.751061 0.0261959 0.020591 0.00191718
2 0.701206 0.718729 0.0166397 0.0125049 0.00187997
4 0.3911 0.768463 0.171892 0.0580146 0.00187203
14 0.158976 0.777371 0.00811177 0.0143488 0.00183099
24 0.216384 0.733836 0.0292122 0.0520624 0.00181433
4 0.058753 0.726831 0.0209411 0.0216118 0.00180262
14 0.121431 0.768637 0.00630853 0.014627 0.00179867
5 0.127662 0.763513 0.00804557 0.0190007 0.00176742
6 0.238788 0.761366 0.0246201 0.0156962 0.00175192
0 0.079487 0.780255 0.013754 0.0551734 0.0017465
8 0.276965 0.807111 0.0386135 0.0501671 0.00170735
6 0.0843028 0.759181 0.017305 0.0331928 0.00169073
2 0.471653 0.570933 0.0153351 0.0146303 0.00164193
15 0.0843028 0.759181 0.017305 0.0331928 0.00160163
2 0.543336 0.630157 0.0117498 0.0239113 0.0015493
42 0.127662 0.763513 0.00804557 0.0190007 0.00150639
2 0.485349 0.554698 0.0182341 0.0237428 0.00148935
4 0.656168 0.778276 0.0499523 0.0120079 0.00147265
6 0.347297 0.789913 0.121459 0.117898 0.00146941
0 0.231792 0.756665 0.0147011 0.0105645 0.00146605
2 0.519409 0.665152 0.0135745 0.0106318 0.00143174
8 0.105875 0.779176 0.00890522 0.0249955 0.00141963
4 0.602933 0.75575 0.0799413 0.0260615 0.00140677
6 0.259377 0.776416 0.0297261 0.019803 0.00140191
6 0.202616 0.782333 0.0186284 0.0305017 0.00135734
0 0.691754 0.754983 0.00740698 0.031722 0.00135659
0 0.10876 0.764071 0.0101491 0.0200627 0.00133313
14 0.135297 0.772021 0.0074623 0.0208726 0.00131891
4 0.343606 0.841689 0.037953 0.0870445 0.00130006
5 0.150126 0.771596 0.0132701 0.0207774 0.00128924
7 0.290044 0.708041 0.00776282 0.0202299 0.00128605
6 0.388884 0.824402 0.12756 0.141518 0.00128581
3 0.110159 0.772712 0.00952368 0.0192948 0.00127588
0 0.386543 0.832253 0.121775 0.142615 0.00124961
6 0.256572 0.762876 0.0258449 0.0181105 0.00123458
2 0.68042 0.636347 0.00618774 0.0135884 0.0012237
0 0.0791616 0.764179 0.0103974 0.0360556 0.00120716
15 0.172729 0.778849 0.0255643 0.0245943 0.00119117
1 0.15868 0.741091 0.0100848 0.014933 0.00117332
0 0.460709 0.794839 0.0183624 0.0216764 0.00116842
22 0.359141 0.851076 0.0526462 0.104984 0.00116321
25 0.0843028 0.759181 0.017305 0.0331928 0.00115768
6 0.213883 0.775059 0.0238791 0.0305284 0.00115044
0 0.375419 0.77296 0.0225671 0.0226024 0.00114417
8 0.471802 0.871457 0.049342 0.0843083 0.00113241
5 0.110159 0.772712 0.00952368 0.0192948 0.00113081
2 0.659719 0.537526 0.0223707 0.018834 0.00112892
2 0.664227 0.629167 0.0106295 0.0157681 0.00111429
12 0.158389 0.762127 0.0150263 0.0390427 0.00109403
1 0.194871 0.744746 0.0102503 0.0214464 0.00109278
8 0.360003 0.818776 0.0686963 0.0782294 0.00108944
24 0.221225 0.713011 0.0266219 0.0775164 0.00107719
42 0.231792 0.756665 0.0147011 0.0105645 0.0010736
42 0.0595831 0.742341 0.0332288 0.0182798 0.00105829
2 0.0345242 0.586772 0.0117821 0.0165568 0.00105638
8 0.121756 0.764086 0.00790617 0.0200296 0.00105463
7 0.294142 0.703974 0.00815506 0.0193731 0.00103382
7 0.293039 0.710465 0.00818347 0.0176697 0.00102828
25 0.611596 0.750219 0.0582644 0.0167165 0.00101986
