2 0.470405 0.453508 0.0324474 0.0311043 0.467147
2 0.46874 0.390202 0.0165667 0.0638385 0.422502
14 0.691766 0.822742 0.168729 0.352067 0.404172
2 0.467656 0.446956 0.0353439 0.0382931 0.106632
30 0.11524 0.752464 0.0156222 0.0189641 0.0409656
2 0.472873 0.399295 0.0224261 0.0638766 0.0402608
30 0.155408 0.68255 0.0276579 0.0511397 0.0300686
30 0.161701 0.686762 0.0201633 0.0507675 0.0177264
2 0.532141 0.418552 0.0410507 0.0270804 0.0142842
30 0.126045 0.742834 0.0275768 0.0293555 0.0142002
30 0.153732 0.669895 0.0238522 0.0239673 0.0108493
30 0.120643 0.74543 0.0274136 0.0302874 0.0101978
2 0.11553 0.751396 0.0169186 0.0217671 0.00921603
2 0.449458 0.44794 0.0129059 0.0220837 0.00911196
2 0.45561 0.443449 0.0259881 0.0226038 0.00658135
2 0.496338 0.423311 0.0385402 0.0406061 0.00604625
30 0.210233 0.812842 0.0202819 0.0337264 0.00461182
2 0.275537 0.675607 0.0116571 0.0226652 0.00337487
30 0.112989 0.750168 0.0149448 0.0255198 0.00284042
2 0.4644 0.390401 0.0188841 0.0668048 0.00269761
26 0.170035 0.97065 0.0149816 0.0349016 0.00264649
26 0.168827 0.967565 0.0108061 0.0279641 0.00257052
2 0.464166 0.416713 0.0238228 0.0435685 0.00243789
2 0.153732 0.669895 0.0238522 0.0239673 0.00243364
2 0.0777263 0.777855 0.00911031 0.0122359 0.00201622
0 0.722388 0.992894 0.0533712 0.0111186 0.00188582
38 0.0667907 0.869437 0.12654 0.254741 0.00187606
26 0.17583 0.954111 0.01422 0.0481734 0.00181978
2 0.160576 0.683915 0.0194314 0.0543217 0.0017682
14 0.174362 0.99116 0.0513238 0.0159787 0.00167233
2 0.476606 0.457211 0.020256 0.0320329 0.00152036
10 0.468383 0.390216 0.0155805 0.0661347 0.00137061
0 0.707539 0.993262 0.0231661 0.0103659 0.00135957
2 0.105955 0.63694 0.0196148 0.0174995 0.00133253
0 0.372828 0.995306 0.00973175 0.00770389 0.00129952
2 0.484676 0.424223 0.0271931 0.0421132 0.00124157
2 0.409834 0.738756 0.00953424 0.0117036 0.00117597
51 0.469716 0.451168 0.0340154 0.0345302 0.00109022
30 0.131333 0.673336 0.0127033 0.0226595 0.00108957
2 0.10405 0.609187 0.0151222 0.0235393 0.00108821
1 0.161701 0.686762 0.0201633 0.0507675 0.00104215
10 0.343402 0.993562 0.0106925 0.0118415 0.00100061
