4 0.56018 0.719031 0.199904 0.231527 0.961163
4 0.752285 0.730939 0.171402 0.161927 0.951095
4 0.152483 0.678088 0.0884961 0.113602 0.92307
4 0.448269 0.706771 0.0725327 0.114355 0.901743
4 0.382626 0.688277 0.0402976 0.0608636 0.883405
15 0.210926 0.653125 0.0698208 0.117778 0.877234
4 0.297546 0.692149 0.0538572 0.0643629 0.875748
4 0.408698 0.698781 0.0391255 0.0723164 0.872289
1 0.0347423 0.564582 0.0647742 0.12053 0.811782
4 0.360873 0.678894 0.0258623 0.0416125 0.799547
4 0.335949 0.677113 0.0186507 0.0223224 0.707215
4 0.246201 0.680345 0.0170865 0.0350702 0.67391
4 0.260117 0.658932 0.0296153 0.0458429 0.591467
4 0.251632 0.678113 0.0139032 0.0300733 0.249034
4 0.322349 0.673431 0.00939209 0.023058 0.246879
1 0.372176 0.640904 0.0079321 0.0245054 0.215281
15 0.260133 0.65887 0.0295304 0.0460624 0.194993
6 0.260252 0.659634 0.0294755 0.0481746 0.128564
4 0.327673 0.673632 0.0141018 0.0281821 0.0765387
1 0.13031 0.619273 0.0157049 0.01876 0.0708411
6 0.211251 0.65181 0.071378 0.115777 0.0689112
4 0.253883 0.670053 0.017395 0.0626698 0.0481826
4 0.276001 0.661879 0.01177 0.0271432 0.0472741
6 0.32238 0.671351 0.0107844 0.0260284 0.0365828
6 0.361028 0.676899 0.0287837 0.0477816 0.0266121
4 0.211212 0.652209 0.0706353 0.116866 0.0251178
1 0.374764 0.640625 0.0123032 0.0249672 0.0230883
4 0.246863 0.642604 0.01059 0.0177172 0.0190615
4 0.336456 0.683041 0.0203271 0.0299104 0.0139026
4 0.866268 0.686564 0.0232857 0.0175338 0.0121953
4 0.36346 0.68614 0.0205124 0.0483141 0.0117196
1 0.362538 0.647141 0.016614 0.0181458 0.0108216
4 0.235792 0.683946 0.0119817 0.0423241 0.00921358
4 0.98943 0.68359 0.0177755 0.0219053 0.00850703
4 0.670607 0.700401 0.0455936 0.0634611 0.00817275
4 0.983983 0.685165 0.0285358 0.0223746 0.00795092
4 0.270127 0.657806 0.0232214 0.0379207 0.00784214
4 0.296193 0.668652 0.0401379 0.0193411 0.006739
15 0.32238 0.671351 0.0107844 0.0260284 0.00616461
7 0.372176 0.640904 0.0079321 0.0245054 0.00547999
1 0.246863 0.642604 0.01059 0.0177172 0.00512927
4 0.213103 0.685889 0.0508732 0.0499505 0.0050951
4 0.41932 0.702734 0.0202747 0.0688888 0.00492912
6 0.276001 0.661879 0.01177 0.0271432 0.00475584
6 0.383132 0.688593 0.039017 0.0609578 0.00474387
6 0.327673 0.673632 0.0141018 0.0281821 0.00459997
6 0.362538 0.647141 0.016614 0.0181458 0.0045684
4 0.990651 0.688922 0.0144535 0.0213366 0.00438999
6 0.335664 0.677161 0.0198443 0.0228263 0.00428583
6 0.270127 0.657806 0.0232214 0.0379207 0.00427117
1 0.365338 0.639971 0.0120186 0.0231859 0.00414999
4 0.859766 0.689107 0.0257578 0.0180683 0.00359148
4 0.87725 0.686443 0.0346233 0.0189698 0.00353591
4 0.973309 0.686426 0.043059 0.0204275 0.0032343
0 0.246201 0.680345 0.0170865 0.0350702 0.00290897
6 0.372176 0.640904 0.0079321 0.0245054 0.00284625
4 0.985102 0.669062 0.027658 0.0326729 0.0028301
4 0.995687 0.685156 0.00862689 0.0241805 0.0027906
0 0.253883 0.670053 0.017395 0.0626698 0.00276491
1 0.0119638 0.597728 0.0215674 0.0517082 0.00272853
0 0.251632 0.678113 0.0139032 0.0300733 0.0026854
1 0.143158 0.618358 0.015992 0.0145326 0.00262332
6 0.251632 0.678113 0.0139032 0.0300733 0.00255644
6 0.246201 0.680345 0.0170865 0.0350702 0.0025463
1 0.12706 0.524968 0.0674403 0.225963 0.0022534
4 0.307524 0.673821 0.0506612 0.0645152 0.00202936
15 0.246863 0.642604 0.01059 0.0177172 0.00198147
12 0.20992 0.653582 0.0699812 0.117527 0.00193433
15 0.361775 0.678487 0.0272079 0.050341 0.00178081
4 0.917545 0.686253 0.0310629 0.0188733 0.00171504
4 0.890488 0.685961 0.0402363 0.0192714 0.00169387
1 0.146943 0.604879 0.018416 0.0418307 0.00169324
6 0.246863 0.642604 0.01059 0.0177172 0.00168475
4 0.843149 0.685561 0.0357107 0.0187665 0.00168023
4 0.907541 0.685946 0.0282016 0.0185927 0.00165132
8 0.251434 0.681115 0.0140521 0.0350122 0.00158273
15 0.270127 0.657806 0.0232214 0.0379207 0.00147964
7 0.374764 0.640625 0.0123032 0.0249672 0.0014383
0 0.32238 0.671351 0.0107844 0.0260284 0.00142007
4 0.928211 0.685388 0.0354039 0.0182376 0.00136129
4 0.27168 0.684145 0.010301 0.0286559 0.00132506
8 0.253883 0.670053 0.017395 0.0626698 0.0012804
4 0.840112 0.691136 0.0406664 0.024019 0.0012774
4 0.94112 0.685491 0.0356947 0.0191936 0.00124917
15 0.335664 0.677161 0.0198443 0.0228263 0.00124158
4 0.372176 0.640904 0.0079321 0.0245054 0.0012336
3 0.98943 0.68359 0.0177755 0.0219053 0.00122825
4 0.190705 0.659417 0.0164395 0.0246852 0.00121474
5 0.361028 0.676899 0.0287837 0.0477816 0.00106051
4 0.67494 0.687015 0.0362842 0.0369096 0.00102395
4 0.96411 0.687752 0.0485884 0.0222145 0.00100312
