4 0.853706 0.747142 0.208824 0.217007 0.930847
4 0.0322852 0.694763 0.063681 0.110055 0.865306
4 0.0931267 0.691698 0.0902361 0.0919101 0.858341
1 0.64261 0.622855 0.0232533 0.0672007 0.848305
4 0.199084 0.692911 0.0714498 0.0635293 0.80597
4 0.254858 0.688893 0.0503014 0.0600477 0.764557
4 0.316343 0.690289 0.0420707 0.0424506 0.762727
4 0.692314 0.723227 0.104085 0.115298 0.750491
4 0.572099 0.703677 0.0344956 0.0449126 0.678365
4 0.633142 0.722412 0.0495424 0.0855902 0.675565
4 0.416883 0.691951 0.0218557 0.0308488 0.585862
4 0.604855 0.709907 0.0342662 0.0501615 0.570095
1 0.210139 0.590606 0.0232017 0.0705108 0.450155
4 0.393374 0.690207 0.037274 0.0396946 0.43673
4 0.356967 0.690474 0.033872 0.0401388 0.426881
4 0.597123 0.706539 0.0290133 0.0484642 0.414981
4 0.406093 0.691717 0.0329592 0.0345084 0.341652
4 0.367082 0.690038 0.0346931 0.0406437 0.337429
4 0.0693017 0.640237 0.0561887 0.0273209 0.32157
4 0.440206 0.691163 0.016049 0.0217906 0.289457
4 0.0737566 0.705835 0.0485569 0.0688014 0.285271
4 0.499064 0.694236 0.0257272 0.0262024 0.247716
4 0.44299 0.687225 0.0227139 0.0290996 0.247579
4 0.446837 0.690445 0.021472 0.0245965 0.200267
4 0.551624 0.698915 0.0263987 0.0376982 0.177973
4 0.456944 0.690633 0.0201615 0.0210085 0.164648
4 0.342151 0.691168 0.0234792 0.0396887 0.153045
4 0.429374 0.691719 0.0113969 0.022798 0.148256
2 0.725004 0.505509 0.01129 0.021129 0.138202
4 0.427488 0.688067 0.0265882 0.0289327 0.13227
4 0.452822 0.686865 0.0313473 0.0282034 0.116197
4 0.463862 0.690629 0.0153305 0.0215846 0.103054
1 0.590611 0.664616 0.00771851 0.0202821 0.0870744
4 0.28992 0.688835 0.0154291 0.0360642 0.0782996
4 0.158865 0.689282 0.0407754 0.0531775 0.0714368
4 0.479818 0.693154 0.0115767 0.0217841 0.0707785
4 0.520809 0.692334 0.0180609 0.0278149 0.0645661
6 0.0699249 0.640551 0.0593386 0.0266251 0.0517183
6 0.253718 0.688677 0.0520932 0.0596878 0.0448178
4 0.749499 0.725187 0.0300934 0.0674047 0.0445752
4 0.541858 0.697448 0.016868 0.0387712 0.044218
4 0.531784 0.69284 0.0146074 0.0307208 0.0424019
4 0.50123 0.690846 0.0189161 0.0292046 0.0415135
4 0.506969 0.694844 0.0160883 0.0282767 0.0349156
4 0.533259 0.687568 0.0128915 0.0282403 0.0325601
1 0.444246 0.661127 0.0102953 0.013117 0.0325213
4 0.23604 0.693988 0.036888 0.054644 0.0298193
0 0.289763 0.684956 0.0155035 0.0390341 0.029467
4 0.0184315 0.647819 0.0359029 0.022282 0.0271469
4 0.135075 0.689961 0.0199502 0.0462352 0.0267904
6 0.96969 0.6905 0.0588853 0.275256 0.0243533
4 0.415748 0.683149 0.0212321 0.0295587 0.0242177
0 0.743636 0.695999 0.0259059 0.0370596 0.0240701
4 0.616981 0.718702 0.020069 0.0655933 0.022296
0 0.736278 0.691425 0.0166341 0.0369044 0.0206597
0 0.541858 0.697448 0.016868 0.0387712 0.0195141
8 0.510118 0.731665 0.0162624 0.0670219 0.0192276
1 0.414631 0.648719 0.00967554 0.0164355 0.0191927
2 0.74043 0.507108 0.00981653 0.01703 0.0189495
2 0.738545 0.499169 0.0110612 0.0194746 0.0178354
4 0.49416 0.686795 0.0268194 0.0302344 0.0175562
4 0.753091 0.713848 0.0243685 0.0684581 0.0168179
4 0.139804 0.691649 0.0183579 0.0432145 0.016599
1 0.307365 0.621785 0.0149295 0.0466403 0.0164543
0 0.753091 0.713848 0.0243685 0.0684581 0.0164443
6 0.916754 0.692122 0.166493 0.280688 0.0159675
7 0.784835 0.578737 0.0166393 0.0745893 0.015882
7 0.73452 0.611582 0.0150717 0.0431231 0.0152394
1 0.753218 0.58927 0.0172746 0.0735089 0.0151505
4 0.607068 0.698996 0.0326737 0.0481491 0.0146945
4 0.437108 0.693917 0.0117126 0.0271336 0.0139101
1 0.484618 0.666362 0.0146497 0.0136084 0.0128662
4 0.483473 0.684396 0.0162095 0.023881 0.012769
0 0.776226 0.682118 0.0214876 0.0504496 0.0125878
4 0.37984 0.657564 0.0244133 0.0178926 0.0114547
0 0.506969 0.694844 0.0160883 0.0282767 0.0114084
6 0.159185 0.688581 0.0441869 0.0530814 0.0112413
4 0.507682 0.682995 0.0149568 0.0291462 0.0111137
4 0.460427 0.682662 0.0182783 0.0287743 0.0104292
0 0.285018 0.684552 0.0176838 0.0398461 0.0102714
1 0.488859 0.665094 0.0126364 0.0117479 0.0101871
8 0.28992 0.688835 0.0154291 0.0360642 0.0100443
0 0.770291 0.683052 0.0278857 0.0411714 0.00997816
4 0.462045 0.694757 0.0133647 0.0255047 0.00997705
6 0.37984 0.657564 0.0244133 0.0178926 0.00948093
4 0.743636 0.695999 0.0259059 0.0370596 0.00894198
4 0.132556 0.689926 0.0173841 0.0667639 0.00862462
4 0.757228 0.722853 0.0375139 0.0826044 0.00861877
1 0.924507 0.563241 0.0497838 0.0587886 0.0085704
1 0.291939 0.624577 0.0103177 0.0523103 0.00820287
4 0.7567 0.688262 0.0240137 0.0284123 0.00819937
4 0.0601628 0.695331 0.0684268 0.0949441 0.00819322
4 0.536005 0.681371 0.0108936 0.0287623 0.00815414
4 0.739088 0.691506 0.0205972 0.0339628 0.00806481
4 0.285018 0.684552 0.0176838 0.0398461 0.00792751
8 0.749499 0.725187 0.0300934 0.0674047 0.00775519
5 0.158392 0.689649 0.0380325 0.0482825 0.00774009
1 0.307206 0.631216 0.012435 0.0445148 0.00766041
0 0.799879 0.704832 0.0646828 0.137924 0.00742242
6 0.199711 0.692435 0.0724008 0.0639649 0.00741178
4 0.554281 0.688839 0.0380435 0.0443224 0.00736459
7 0.973743 0.412285 0.0489608 0.24608 0.00731388
4 0.975988 0.76837 0.0443484 0.110195 0.00708945
1 0.786733 0.495588 0.0410412 0.0544877 0.00701179
6 0.452822 0.686865 0.0313473 0.0282034 0.00688083
5 0.255089 0.689394 0.0501249 0.059518 0.00674866
1 0.408336 0.654728 0.00962219 0.0244841 0.00669959
0 0.502099 0.694943 0.0188433 0.025955 0.00665108
8 0.273214 0.701389 0.0172429 0.036252 0.00604182
1 0.409484 0.648715 0.00899512 0.0180241 0.00589137
1 0.426244 0.663074 0.0139593 0.0143514 0.00585384
1 0.932193 0.552442 0.064792 0.0808777 0.00560285
1 0.41885 0.661555 0.0162713 0.0113024 0.00550199
7 0.409484 0.648715 0.00899512 0.0180241 0.00542028
0 0.531784 0.69284 0.0146074 0.0307208 0.00539347
4 0.964688 0.760521 0.0674818 0.124705 0.00522558
6 0.44299 0.687225 0.0227139 0.0290996 0.00512764
0 0.274625 0.691462 0.0151785 0.0424625 0.00489821
14 0.0699249 0.640551 0.0593386 0.0266251 0.00476592
4 0.48674 0.676599 0.0184315 0.026088 0.0047462
6 0.554281 0.688839 0.0380435 0.0443224 0.00458429
6 0.46492 0.687865 0.0163993 0.0250384 0.00451119
0 0.7567 0.688262 0.0240137 0.0284123 0.00439696
0 0.817007 0.710987 0.0210177 0.120536 0.00435029
4 0.127358 0.686642 0.0293053 0.0670229 0.00431814
1 0.50166 0.664796 0.0109609 0.0137462 0.00430344
0 0.73818 0.713074 0.0243171 0.0727934 0.00414175
6 0.48674 0.676599 0.0184315 0.026088 0.00412264
1 0.552274 0.664892 0.00834235 0.00990615 0.00408284
4 0.0216183 0.658219 0.0415662 0.0397177 0.00399625
8 0.506969 0.694844 0.0160883 0.0282767 0.00399466
4 0.588359 0.674784 0.00878919 0.0135055 0.00396001
6 0.354428 0.656787 0.025812 0.0238921 0.0038994
4 0.6386 0.674662 0.0134582 0.0159775 0.00354254
0 0.463862 0.690629 0.0153305 0.0215846 0.00352299
6 0.460427 0.682662 0.0182783 0.0287743 0.00349746
15 0.48674 0.676599 0.0184315 0.026088 0.003464
6 0.0464258 0.616583 0.0919183 0.0651027 0.00345398
4 0.38493 0.654533 0.0230212 0.0233326 0.00344667
0 0.588359 0.674784 0.00878919 0.0135055 0.00339673
1 0.360785 0.647402 0.0147183 0.0308174 0.00338984
7 0.414631 0.648719 0.00967554 0.0164355 0.00329049
7 0.144707 0.661592 0.0113417 0.0271216 0.00328535
8 0.506289 0.701853 0.0136353 0.0307831 0.00325183
8 0.603305 0.710265 0.0352563 0.054064 0.00323255
4 0.534114 0.701875 0.0143409 0.0383884 0.00322271
4 0.274625 0.691462 0.0151785 0.0424625 0.00319924
8 0.541858 0.697448 0.016868 0.0387712 0.00317435
0 0.357187 0.690847 0.0332877 0.0395739 0.00312649
15 0.37984 0.657564 0.0244133 0.0178926 0.00312183
0 0.765924 0.688804 0.0261719 0.039219 0.00311046
1 0.602999 0.668743 0.00853211 0.0188453 0.00310123
1 0.514561 0.635033 0.0126447 0.0267211 0.00307482
6 0.0184315 0.647819 0.0359029 0.022282 0.00306783
15 0.554281 0.688839 0.0380435 0.0443224 0.00304507
4 0.376711 0.660412 0.0226198 0.0199831 0.00298196
4 0.73818 0.713074 0.0243171 0.0727934 0.00287613
8 0.463862 0.690629 0.0153305 0.0215846 0.00281561
4 0.605853 0.679198 0.026386 0.0248294 0.00277633
0 0.773529 0.652436 0.0278646 0.0599685 0.00277021
1 0.588359 0.674784 0.00878919 0.0135055 0.00276943
5 0.0699249 0.640551 0.0593386 0.0266251 0.00275036
4 0.654917 0.684072 0.020605 0.0280925 0.00273526
4 0.767001 0.663282 0.0256535 0.0567157 0.00271363
7 0.733068 0.623724 0.014303 0.0549265 0.00267425
0 0.789399 0.671106 0.0518818 0.0799872 0.00264596
6 0.38493 0.654533 0.0230212 0.0233326 0.00264418
15 0.460427 0.682662 0.0182783 0.0287743 0.00262773
0 0.255089 0.689394 0.0501249 0.059518 0.00258343
7 0.590611 0.664616 0.00771851 0.0202821 0.00254033
0 0.749499 0.725187 0.0300934 0.0674047 0.00250411
8 0.251871 0.692418 0.0481279 0.0563175 0.00248358
4 0.0791747 0.647846 0.074408 0.0384171 0.0024624
1 0.733885 0.612707 0.0153002 0.0403741 0.00245335
8 0.534114 0.701875 0.0143409 0.0383884 0.00234805
0 0.429374 0.691719 0.0113969 0.022798 0.00234515
8 0.140992 0.689798 0.0176036 0.0427978 0.0023301
0 0.144707 0.661592 0.0113417 0.0271216 0.00230888
1 0.295564 0.622047 0.0115828 0.0548728 0.00225894
0 0.291431 0.668697 0.0129394 0.0193698 0.0022519
7 0.392847 0.645402 0.00780435 0.0149023 0.00222217
4 0.735502 0.688838 0.0174266 0.0351379 0.00222016
1 0.636865 0.668668 0.0161041 0.0204444 0.00218825
1 0.594176 0.650239 0.0122556 0.0262497 0.00218757
1 0.354428 0.656787 0.025812 0.0238921 0.0021831
0 0.342151 0.691168 0.0234792 0.0396887 0.0021783
0 0.520809 0.692334 0.0180609 0.0278149 0.002166
0 0.23604 0.693988 0.036888 0.054644 0.00213728
1 0.450306 0.664742 0.0141334 0.0116527 0.00209721
15 0.452822 0.686865 0.0313473 0.0282034 0.00208604
2 0.734173 0.508399 0.0083913 0.0274145 0.0020698
8 0.429374 0.691719 0.0113969 0.022798 0.00206429
1 0.584499 0.668843 0.0115704 0.019499 0.00205494
8 0.550116 0.701764 0.0273728 0.0436667 0.00205384
6 0.483473 0.684396 0.0162095 0.023881 0.00203856
1 0.767358 0.587201 0.0193353 0.07735 0.00202653
1 0.784835 0.578737 0.0166393 0.0745893 0.00201511
0 0.809377 0.709563 0.0363254 0.13458 0.0020129
8 0.58112 0.709636 0.0244008 0.0523841 0.0019952
15 0.49416 0.686795 0.0268194 0.0302344 0.0019781
0 0.416883 0.691951 0.0218557 0.0308488 0.00196374
4 0.226263 0.695625 0.0221058 0.0553202 0.0019522
1 0.291431 0.668697 0.0129394 0.0193698 0.00194044
8 0.135075 0.689961 0.0199502 0.0462352 0.00193554
1 0.289179 0.630508 0.00896759 0.0347429 0.00192842
0 0.536005 0.681371 0.0108936 0.0287623 0.00192703
5 0.289763 0.684956 0.0155035 0.0390341 0.00191825
7 0.289179 0.630508 0.00896759 0.0347429 0.00191172
6 0.536005 0.681371 0.0108936 0.0287623 0.00190556
6 0.388825 0.68901 0.0419641 0.0421094 0.00189324
6 0.351636 0.690369 0.0331959 0.0402289 0.0018842
0 0.314948 0.690433 0.0422715 0.0423862 0.00187738
8 0.502099 0.694943 0.0188433 0.025955 0.00185127
1 0.930218 0.523243 0.0665303 0.138931 0.00184496
4 0.497177 0.70137 0.021523 0.0311214 0.00183566
4 0.770291 0.683052 0.0278857 0.0411714 0.00181471
1 0.655294 0.656705 0.0133072 0.0126633 0.00181443
15 0.44299 0.687225 0.0227139 0.0290996 0.00181377
4 0.291431 0.668697 0.0129394 0.0193698 0.00179535
8 0.357187 0.690847 0.0332877 0.0395739 0.001787
7 0.725004 0.505509 0.01129 0.021129 0.00178352
8 0.274625 0.691462 0.0151785 0.0424625 0.00178163
4 0.354428 0.656787 0.025812 0.0238921 0.00176421
7 0.50166 0.664796 0.0109609 0.0137462 0.00173938
0 0.789414 0.646525 0.0331677 0.0498201 0.00172766
6 0.376711 0.660412 0.0226198 0.0199831 0.00172092
0 0.140992 0.689798 0.0176036 0.0427978 0.00169719
1 0.517267 0.624777 0.0171227 0.0415671 0.0016868
0 0.446837 0.690445 0.021472 0.0245965 0.00167688
0 0.479818 0.693154 0.0115767 0.0217841 0.00167648
1 0.62944 0.674875 0.00762573 0.016312 0.00167432
0 0.62944 0.674875 0.00762573 0.016312 0.00167269
6 0.367082 0.690038 0.0346931 0.0406437 0.00167025
0 0.59522 0.70312 0.0222417 0.051028 0.0016603
15 0.484618 0.666362 0.0146497 0.0136084 0.00165637
4 0.31707 0.659678 0.0125329 0.0194632 0.00165409
8 0.572181 0.711059 0.0324288 0.0493661 0.00164135
8 0.342151 0.691168 0.0234792 0.0396887 0.00162636
0 0.496524 0.69489 0.0256521 0.026539 0.00161571
4 0.736929 0.728844 0.0331066 0.0798906 0.00161371
4 0.552274 0.664892 0.00834235 0.00990615 0.00161268
7 0.786987 0.495164 0.0409854 0.0537738 0.00160405
6 0.427488 0.688067 0.0265882 0.0289327 0.00160069
0 0.534114 0.701875 0.0143409 0.0383884 0.0015999
8 0.074465 0.703449 0.0485979 0.0728997 0.00159774
0 0.550116 0.701764 0.0273728 0.0436667 0.00158255
6 0.350791 0.662936 0.0319868 0.0208636 0.00157443
0 0.31707 0.659678 0.0125329 0.0194632 0.00156533
5 0.356967 0.690474 0.033872 0.0401388 0.00150058
4 0.58112 0.709636 0.0244008 0.0523841 0.00149046
6 0.0210416 0.61097 0.0412563 0.0716072 0.00147749
3 0.510118 0.731665 0.0162624 0.0670219 0.00147097
15 0.483473 0.684396 0.0162095 0.023881 0.0014705
1 0.144707 0.661592 0.0113417 0.0271216 0.00147048
4 0.72622 0.694499 0.0371776 0.0490683 0.00146553
4 0.335005 0.665451 0.0181198 0.0171976 0.00146068
6 0.16448 0.66242 0.0568107 0.0982368 0.00145966
8 0.853321 0.746564 0.20968 0.217325 0.0014553
4 0.653452 0.696407 0.0153446 0.0338905 0.00142856
6 0.588359 0.674784 0.00878919 0.0135055 0.00142448
0 0.124033 0.68049 0.0331867 0.0618459 0.00142127
1 0.47123 0.666888 0.0108302 0.0144126 0.0014179
6 0.417577 0.691088 0.0215963 0.0315805 0.00139105
1 0.601575 0.645467 0.00988422 0.0288609 0.00138145
15 0.0678772 0.640406 0.0554902 0.0276011 0.00138139
15 0.547843 0.694023 0.0293882 0.0442349 0.00137745
8 0.513196 0.716508 0.0217267 0.0622027 0.00137608
8 0.736929 0.728844 0.0331066 0.0798906 0.00136433
6 0.289763 0.684956 0.0155035 0.0390341 0.00134195
4 0.350791 0.662936 0.0319868 0.0208636 0.00133736
15 0.536005 0.681371 0.0108936 0.0287623 0.00133664
4 0.0815343 0.64925 0.0722941 0.0221124 0.00132258
4 0.743997 0.744126 0.035592 0.0917351 0.00131981
4 0.0143357 0.581815 0.0277148 0.0221921 0.00131862
4 0.0134127 0.684767 0.0255316 0.0877345 0.00131234
1 0.483473 0.684396 0.0162095 0.023881 0.0013022
5 0.541858 0.697448 0.016868 0.0387712 0.00130033
13 0.802747 0.637714 0.0300776 0.0271319 0.00128721
42 0.0184315 0.647819 0.0359029 0.022282 0.00128403
8 0.479818 0.693154 0.0115767 0.0217841 0.00128176
8 0.497177 0.70137 0.021523 0.0311214 0.00127726
8 0.236052 0.698827 0.0394787 0.0483344 0.00127686
4 0.506289 0.701853 0.0136353 0.0307831 0.00126896
8 0.59113 0.71599 0.0296369 0.0667135 0.00125617
0 0.440206 0.691163 0.016049 0.0217906 0.00125095
15 0.46492 0.687865 0.0163993 0.0250384 0.00125049
6 0.446837 0.690445 0.021472 0.0245965 0.00123194
4 0.947602 0.75944 0.0619493 0.135443 0.00122638
15 0.488859 0.665094 0.0126364 0.0117479 0.00122588
8 0.743997 0.744126 0.035592 0.0917351 0.00119399
6 0.41885 0.661555 0.0162713 0.0113024 0.00117717
0 0.601962 0.703609 0.0308931 0.0583429 0.00116349
4 0.62944 0.674875 0.00762573 0.016312 0.00116114
8 0.341479 0.69826 0.0152294 0.0368098 0.00115913
15 0.50123 0.690846 0.0189161 0.0292046 0.00115847
1 0.392847 0.645402 0.00780435 0.0149023 0.00115702
8 0.4952 0.695781 0.0226781 0.0255531 0.00114839
1 0.769549 0.584127 0.0310888 0.0799343 0.0011384
6 0.49416 0.686795 0.0268194 0.0302344 0.0011334
0 0.533259 0.687568 0.0128915 0.0282403 0.00112829
