22 0.385045 0.807327 0.0769796 0.280201 0.92162
0 0.1378 0.415704 0.0788248 0.208922 0.869764
4 0.541953 0.39603 0.0843076 0.11569 0.868867
8 0.133855 0.459967 0.0952722 0.188726 0.865163
22 0.546436 0.454367 0.0249262 0.0746556 0.850277
4 0.0790119 0.343832 0.0640332 0.0416355 0.801771
4 0.931528 0.366164 0.0566639 0.042412 0.794134
42 0.446326 0.333435 0.0199684 0.0161075 0.725028
22 0.982984 0.557349 0.0338804 0.0946655 0.713712
4 0.0183864 0.336059 0.0361234 0.0354967 0.674043
22 0.499309 0.444537 0.0228205 0.0690971 0.652589
0 0.446059 0.368303 0.01831 0.0694953 0.606993
4 0.909279 0.355621 0.0465507 0.0460381 0.586758
4 0.284095 0.33593 0.0290887 0.0232351 0.571874
4 0.986162 0.349256 0.0269392 0.0264282 0.560811
8 0.445154 0.382698 0.0183971 0.0485356 0.53704
4 0.874898 0.354237 0.0380791 0.0288437 0.510852
4 0.788033 0.356668 0.0175846 0.0205222 0.462488
4 0.561393 0.361839 0.0531257 0.0739586 0.459433
42 0.603575 0.339927 0.0145065 0.0136792 0.448764
22 0.537384 0.458512 0.0194921 0.066471 0.437471
4 0.83548 0.35414 0.0191681 0.0148873 0.279727
0 0.603584 0.361723 0.011695 0.041305 0.244307
0 0.703578 0.363222 0.00709198 0.0412277 0.223446
4 0.844066 0.352143 0.0323013 0.0128138 0.217014
4 0.558562 0.349726 0.0459785 0.0522539 0.198124
4 0.0866695 0.337805 0.0542977 0.0294327 0.190789
4 0.851245 0.35567 0.024079 0.0169939 0.186683
0 0.601422 0.363917 0.00669232 0.051497 0.160167
22 0.546917 0.488424 0.0214399 0.112749 0.157483
4 0.603561 0.360252 0.0118727 0.0422395 0.149854
17 0.128084 0.327647 0.0298217 0.0310849 0.147026
4 0.765105 0.351232 0.0431402 0.0322615 0.13466
4 0.837828 0.350567 0.017498 0.0143467 0.133803
4 0.576435 0.362363 0.0436505 0.0711793 0.128018
0 0.593057 0.36331 0.0148857 0.0541167 0.118943
1 0.157673 0.237602 0.0413961 0.0355945 0.118026
4 0.586312 0.364308 0.0242188 0.07532 0.117563
3 0.445154 0.382698 0.0183971 0.0485356 0.112946
42 0.603561 0.360252 0.0118727 0.0422395 0.108936
7 0.172396 0.238862 0.0113792 0.0283412 0.0959158
4 0.895409 0.345271 0.0292092 0.0249637 0.0956542
5 0.586312 0.364308 0.0242188 0.07532 0.0898081
13 0.146487 0.338304 0.0142251 0.0252104 0.0889031
1 0.172396 0.238862 0.0113792 0.0283412 0.0755673
4 0.78498 0.337951 0.01838 0.0200225 0.0728671
4 0.846108 0.359231 0.0260599 0.0225298 0.0724962
4 0.988652 0.354557 0.0226967 0.0338318 0.0718139
4 0.150964 0.338162 0.0158212 0.0199256 0.0708427
4 0.613536 0.348978 0.010855 0.0192674 0.0693926
42 0.43924 0.333338 0.0192872 0.0145613 0.0641301
42 0.609201 0.348974 0.0125122 0.0245436 0.0636111
4 0.969797 0.357577 0.0298937 0.0142412 0.0588226
4 0.609201 0.348974 0.0125122 0.0245436 0.0562358
8 0.428817 0.367815 0.0122057 0.0257056 0.0535669
0 0.609201 0.348974 0.0125122 0.0245436 0.0534485
4 0.464612 0.355793 0.0118372 0.0166227 0.0533794
4 0.283082 0.344154 0.0314228 0.037229 0.0525552
4 0.0396822 0.338012 0.025834 0.0310043 0.0521255
8 0.703637 0.364364 0.00733252 0.0400865 0.0517965
4 0.825872 0.342808 0.0366011 0.0257303 0.0501318
0 0.429468 0.361054 0.0121431 0.0186959 0.0496644
4 0.877697 0.345223 0.0398289 0.0251497 0.0485998
4 0.424163 0.361582 0.0130794 0.0155697 0.0481847
17 0.128717 0.321146 0.0217115 0.020659 0.0480353
4 0.593057 0.36331 0.0148857 0.0541167 0.0476289
4 0.277662 0.339433 0.0399738 0.0270876 0.0460995
4 0.841108 0.34375 0.0142183 0.021981 0.045528
4 0.162605 0.33887 0.019156 0.0200711 0.0443972
17 0.146487 0.338304 0.0142251 0.0252104 0.0424232
4 0.822737 0.353613 0.0239323 0.0199521 0.0422213
4 0.771247 0.332505 0.0265093 0.0127917 0.0417356
42 0.613498 0.343395 0.0112 0.0205087 0.0386473
4 0.822922 0.329779 0.03332 0.0233732 0.0361342
4 0.930236 0.339597 0.0248642 0.0161943 0.0355762
4 0.786722 0.346474 0.0185165 0.0293657 0.0344271
42 0.466996 0.343242 0.0124586 0.0217202 0.0336038
0 0.444928 0.381694 0.0181209 0.0525957 0.0319406
4 0.959999 0.351156 0.0129747 0.0177138 0.0310542
4 0.746126 0.339251 0.0118151 0.0143331 0.0305927
42 0.128084 0.327647 0.0298217 0.0310849 0.030121
4 0.854334 0.344339 0.0245845 0.0236113 0.0287669
42 0.613536 0.348978 0.010855 0.0192674 0.0285685
42 0.429468 0.361054 0.0121431 0.0186959 0.0274341
0 0.160017 0.426219 0.0359503 0.153817 0.0271657
0 0.986217 0.349613 0.0262855 0.026103 0.0269814
4 0.748104 0.351558 0.0106907 0.0249401 0.0252896
8 0.964905 0.372981 0.023407 0.0353408 0.0247941
4 0.294051 0.341129 0.0476308 0.0299397 0.0247234
22 0.630193 0.406903 0.0102088 0.0335776 0.024339
4 0.429468 0.361054 0.0121431 0.0186959 0.0235945
42 0.146487 0.338304 0.0142251 0.0252104 0.0232759
8 0.960582 0.371217 0.0160028 0.0414941 0.0232604
0 0.952519 0.343638 0.0135441 0.02285 0.0225592
3 0.428817 0.367815 0.0122057 0.0257056 0.0224032
7 0.175637 0.236867 0.0116328 0.0264694 0.0222899
4 0.980689 0.370098 0.0358307 0.0378426 0.0220425
8 0.905818 0.361301 0.0415078 0.0374782 0.0219764
8 0.395651 0.360782 0.0141497 0.0192943 0.0218888
4 0.406537 0.361504 0.0120934 0.0141701 0.0216817
4 0.146487 0.338304 0.0142251 0.0252104 0.0213068
4 0.820732 0.345797 0.0285167 0.0207064 0.0212544
0 0.613536 0.348978 0.010855 0.0192674 0.0211091
4 0.519749 0.34009 0.00899567 0.0148354 0.0209773
8 0.603584 0.361723 0.011695 0.041305 0.0208543
42 0.445717 0.362571 0.0182307 0.0690545 0.0206528
5 0.931388 0.367369 0.0583252 0.0432388 0.0205216
5 0.566594 0.364228 0.0619538 0.0753493 0.0199609
8 0.380038 0.361593 0.0146053 0.0236777 0.0197117
4 0.737974 0.343207 0.011643 0.0116175 0.0195135
8 0.931388 0.367369 0.0583252 0.0432388 0.0193602
4 0.165225 0.366293 0.0134207 0.0222431 0.0193203
8 0.0979764 0.399498 0.019045 0.0600588 0.019026
5 0.986213 0.348577 0.0273665 0.029621 0.0188558
22 0.582029 0.463096 0.0154247 0.0576923 0.0188455
8 0.429468 0.361054 0.0121431 0.0186959 0.0186098
22 0.382047 0.367054 0.0105903 0.0304994 0.0185659
4 0.0187942 0.324458 0.0330705 0.0269782 0.0185436
2 0.798158 0.12913 0.00928687 0.0199371 0.0184829
42 0.128717 0.321146 0.0217115 0.020659 0.0181297
3 0.703637 0.364364 0.00733252 0.0400865 0.0165235
13 0.128084 0.327647 0.0298217 0.0310849 0.0165189
4 0.736028 0.337355 0.0114336 0.0121931 0.0161709
4 0.798231 0.355795 0.0340845 0.0191917 0.0154328
22 0.620968 0.405289 0.00857581 0.0446021 0.0154194
4 0.794753 0.357676 0.0145321 0.0217763 0.0153527
42 0.596903 0.348873 0.013233 0.0339086 0.0152739
4 0.511619 0.345232 0.0163922 0.0172601 0.015085
14 0.703637 0.364364 0.00733252 0.0400865 0.0150085
4 0.964905 0.372981 0.023407 0.0353408 0.014922
5 0.703578 0.363222 0.00709198 0.0412277 0.0147778
8 0.406537 0.361504 0.0120934 0.0141701 0.0143936
4 0.125223 0.329485 0.0311228 0.029817 0.0143196
4 0.154363 0.363305 0.0187722 0.0214413 0.0142231
0 0.964905 0.372981 0.023407 0.0353408 0.0139904
8 0.882489 0.362971 0.0219135 0.0307718 0.0139031
0 0.464612 0.355793 0.0118372 0.0166227 0.0137939
1 0.167197 0.23694 0.0219538 0.0306386 0.0133788
4 0.952519 0.343638 0.0135441 0.02285 0.0131994
13 0.128717 0.321146 0.0217115 0.020659 0.013198
4 0.761106 0.343129 0.0369692 0.0254837 0.0128328
0 0.931388 0.367369 0.0583252 0.0432388 0.012762
1 0.194846 0.278273 0.014204 0.0455857 0.0127465
4 0.557508 0.318437 0.0164161 0.0156585 0.0125371
14 0.380038 0.361593 0.0146053 0.0236777 0.0124481
0 0.589256 0.372404 0.0179999 0.0668918 0.0122671
4 0.813823 0.331782 0.0213448 0.0181571 0.0119065
14 0.931388 0.367369 0.0583252 0.0432388 0.0115297
2 0.804398 0.132722 0.007927 0.0187017 0.0112731
11 0.11657 0.372905 0.0333375 0.0641112 0.0112669
0 0.70497 0.342529 0.00747949 0.0192702 0.0110839
7 0.167197 0.23694 0.0219538 0.0306386 0.0109292
0 0.699896 0.363257 0.0126278 0.036304 0.0109015
6 0.565146 0.363756 0.0617924 0.0771293 0.0108824
4 0.282183 0.364909 0.0349262 0.039942 0.0108567
8 0.165492 0.369448 0.0135333 0.0225549 0.0108455
6 0.986273 0.34432 0.0270052 0.0372224 0.0107953
2 0.714709 0.865745 0.00879236 0.0188532 0.0106085
8 0.305974 0.370738 0.0200759 0.0300843 0.0105059
42 0.565711 0.36547 0.0640023 0.0757558 0.0104934
8 0.601422 0.363917 0.00669232 0.051497 0.010434
4 0.285426 0.35622 0.0332264 0.0435681 0.0104132
4 0.873612 0.362515 0.0301304 0.0311494 0.0103061
4 0.322843 0.35788 0.0244989 0.0255839 0.010272
8 0.959999 0.351156 0.0129747 0.0177138 0.0101424
22 0.757653 0.41841 0.00810938 0.037149 0.00989806
8 0.163882 0.426037 0.032272 0.141145 0.00985377
8 0.44767 0.3698 0.0180139 0.0661571 0.00970026
0 0.146487 0.338304 0.0142251 0.0252104 0.00966163
1 0.193571 0.291915 0.0143249 0.0190848 0.00960183
4 0.267622 0.351797 0.0353725 0.0393322 0.00950385
6 0.78498 0.337951 0.01838 0.0200225 0.00941368
42 0.284095 0.33593 0.0290887 0.0232351 0.00939917
42 0.464612 0.355793 0.0118372 0.0166227 0.0092532
4 0.858601 0.364471 0.0110817 0.0269908 0.00922897
0 0.586312 0.364308 0.0242188 0.07532 0.00914728
4 0.530726 0.334167 0.0221026 0.012498 0.00904501
4 0.323833 0.339589 0.0164714 0.017491 0.00903945
3 0.406537 0.361504 0.0120934 0.0141701 0.00901099
8 0.858601 0.364471 0.0110817 0.0269908 0.00895695
4 0.380038 0.361593 0.0146053 0.0236777 0.00885062
4 0.601422 0.363917 0.00669232 0.051497 0.00884369
8 0.464612 0.355793 0.0118372 0.0166227 0.00880179
11 0.103604 0.379014 0.0277816 0.0624297 0.00874765
0 0.398515 0.361697 0.0116816 0.025369 0.00854712
4 0.882489 0.362971 0.0219135 0.0307718 0.00843555
4 0.513838 0.345661 0.0153452 0.0226296 0.0083246
0 0.959999 0.351156 0.0129747 0.0177138 0.00827066
4 0.603575 0.339927 0.0145065 0.0136792 0.00824819
8 0.873612 0.362515 0.0301304 0.0311494 0.00820728
8 0.160097 0.369761 0.0207171 0.0200873 0.0081088
0 0.150964 0.338162 0.0158212 0.0199256 0.00801833
8 0.424163 0.361582 0.0130794 0.0155697 0.00801587
0 0.707761 0.351303 0.0100777 0.0193973 0.00798333
8 0.613536 0.348978 0.010855 0.0192674 0.00783699
4 0.483089 0.352742 0.00888269 0.0101344 0.00780448
0 0.606672 0.367172 0.0138763 0.0503923 0.00777841
4 0.703078 0.361653 0.00903644 0.0342385 0.00776506
8 0.102775 0.391659 0.0267386 0.062275 0.00772944
4 0.329937 0.355109 0.0312911 0.0328916 0.00765337
3 0.395651 0.360782 0.0141497 0.0192943 0.00764934
4 0.395651 0.360782 0.0141497 0.0192943 0.00756891
0 0.424163 0.361582 0.0130794 0.0155697 0.00752732
8 0.150964 0.338162 0.0158212 0.0199256 0.00751003
22 0.627686 0.408867 0.0100098 0.0335735 0.00743909
8 0.398515 0.361697 0.0116816 0.025369 0.00740533
1 0.983558 0.556581 0.0315598 0.0938629 0.00738258
42 0.424163 0.361582 0.0130794 0.0155697 0.00738098
0 0.566594 0.364228 0.0619538 0.0753493 0.00726244
4 0.596903 0.348873 0.013233 0.0339086 0.00723276
14 0.382047 0.367054 0.0105903 0.0304994 0.00692457
8 0.382047 0.367054 0.0105903 0.0304994 0.00687158
11 0.429468 0.361054 0.0121431 0.0186959 0.00674999
4 0.120011 0.343961 0.0396066 0.036197 0.00674719
22 0.515452 0.435687 0.0178295 0.041491 0.00672577
22 0.499786 0.405173 0.0165751 0.0409225 0.00669632
23 0.627686 0.408867 0.0100098 0.0335735 0.0065647
3 0.361125 0.358879 0.0298668 0.027209 0.00642549
5 0.603584 0.361723 0.011695 0.041305 0.0063704
14 0.964905 0.372981 0.023407 0.0353408 0.00636808
8 0.851245 0.35567 0.024079 0.0169939 0.00636039
4 0.428817 0.367815 0.0122057 0.0257056 0.00631451
4 0.960582 0.371217 0.0160028 0.0414941 0.00625794
5 0.964905 0.372981 0.023407 0.0353408 0.00622128
4 0.707761 0.351303 0.0100777 0.0193973 0.00617886
4 0.160097 0.369761 0.0207171 0.0200873 0.00605969
6 0.558562 0.349726 0.0459785 0.0522539 0.00601993
3 0.380038 0.361593 0.0146053 0.0236777 0.00601053
0 0.0851059 0.342389 0.0569546 0.0401189 0.00599941
4 0.978929 0.342629 0.0391541 0.0357512 0.00593256
8 0.405429 0.367674 0.0113621 0.0263726 0.00587048
8 0.0851059 0.342389 0.0569546 0.0401189 0.00582873
0 0.0971046 0.394115 0.0157915 0.053878 0.00578784
22 0.444928 0.381694 0.0181209 0.0525957 0.00578495
42 0.601904 0.326045 0.0151794 0.0314709 0.00576553
4 0.182117 0.338883 0.0120836 0.014926 0.00576384
4 0.991075 0.360841 0.0163066 0.0364124 0.00572359
8 0.606672 0.367172 0.0138763 0.0503923 0.00568435
4 0.508414 0.355398 0.0132751 0.0138338 0.00562046
0 0.395651 0.360782 0.0141497 0.0192943 0.00554597
6 0.910137 0.354727 0.0460741 0.0455805 0.00553868
3 0.964905 0.372981 0.023407 0.0353408 0.00545089
0 0.389215 0.356349 0.0137249 0.0269477 0.0054376
7 0.179252 0.232666 0.00941155 0.0264133 0.00538682
4 0.589256 0.372404 0.0179999 0.0668918 0.00532256
8 0.794753 0.357676 0.0145321 0.0217763 0.00532247
4 0.371955 0.360949 0.029278 0.0238229 0.00531663
0 0.406537 0.361504 0.0120934 0.0141701 0.0053117
14 0.395651 0.360782 0.0141497 0.0192943 0.00526829
8 0.291194 0.365769 0.0259906 0.0388794 0.00514007
4 0.820288 0.32033 0.0218517 0.0190643 0.00510178
4 0.734903 0.357918 0.0115858 0.0118868 0.00507919
4 0.307316 0.365559 0.0273665 0.0287548 0.00505893
0 0.483089 0.352742 0.00888269 0.0101344 0.00504047
4 0.326724 0.345912 0.0224631 0.0293955 0.00503505
15 0.822922 0.329779 0.03332 0.0233732 0.00499264
4 0.510557 0.341263 0.010927 0.0166763 0.00498435
3 0.382047 0.367054 0.0105903 0.0304994 0.00496861
3 0.405429 0.367674 0.0113621 0.0263726 0.00495982
0 0.486233 0.346544 0.00846872 0.0178002 0.00494646
4 0.624103 0.352008 0.0160665 0.0190243 0.00490363
4 0.944396 0.341059 0.0234166 0.0201648 0.00488664
4 0.606672 0.367172 0.0138763 0.0503923 0.0048764
4 0.986058 0.369808 0.0274368 0.0632022 0.00484001
0 0.519749 0.34009 0.00899567 0.0148354 0.00481222
0 0.614093 0.362422 0.0110128 0.0412888 0.00480113
3 0.424163 0.361582 0.0130794 0.0155697 0.004758
3 0.305974 0.370738 0.0200759 0.0300843 0.00475386
14 0.406537 0.361504 0.0120934 0.0141701 0.00466184
4 0.0506475 0.346054 0.0290491 0.0453333 0.00465276
6 0.766279 0.351883 0.0465418 0.0325385 0.00464755
22 0.525741 0.459116 0.0181428 0.0513328 0.00460097
8 0.154363 0.363305 0.0187722 0.0214413 0.00449859
6 0.771247 0.332505 0.0265093 0.0127917 0.00439887
6 0.576435 0.362363 0.0436505 0.0711793 0.00438061
8 0.110824 0.40172 0.0439556 0.0714133 0.00435526
7 0.157673 0.237602 0.0413961 0.0355945 0.00431741
0 0.39628 0.347933 0.00987845 0.0377796 0.00428706
5 0.445154 0.382698 0.0183971 0.0485356 0.00427406
4 0.4156 0.355453 0.0167307 0.0238961 0.00427008
9 0.11657 0.372905 0.0333375 0.0641112 0.00426463
4 0.291194 0.365769 0.0259906 0.0388794 0.00424196
8 0.837828 0.350567 0.017498 0.0143467 0.00422926
0 0.380038 0.361593 0.0146053 0.0236777 0.00420472
4 0.614093 0.362422 0.0110128 0.0412888 0.00420263
25 0.603575 0.339927 0.0145065 0.0136792 0.00410428
5 0.589256 0.372404 0.0179999 0.0668918 0.00402819
1 0.215881 0.246254 0.0176535 0.0387391 0.00402629
6 0.586312 0.364308 0.0242188 0.07532 0.00399952
4 0.169835 0.363108 0.029995 0.0435064 0.00396947
13 0.165492 0.369448 0.0135333 0.0225549 0.00375881
42 0.557508 0.318437 0.0164161 0.0156585 0.00375617
8 0.162605 0.33887 0.019156 0.0200711 0.00374569
6 0.822922 0.329779 0.03332 0.0233732 0.00372399
7 0.783472 0.215888 0.00833356 0.0272629 0.00369216
8 0.988652 0.354557 0.0226967 0.0338318 0.00369098
4 0.831018 0.364355 0.0191256 0.0282463 0.0036827
8 0.952519 0.343638 0.0135441 0.02285 0.00365391
4 0.613498 0.343395 0.0112 0.0205087 0.00364805
6 0.825872 0.342808 0.0366011 0.0257303 0.00364642
