5 0.552889 0.837437 0.154593 0.2046 0.956634
4 0.353137 0.818582 0.256567 0.205081 0.947391
4 0.230948 0.776473 0.224333 0.226933 0.94351
4 0.0699857 0.777248 0.125142 0.186669 0.936309
5 0.693173 0.838315 0.0886357 0.233866 0.608608
5 0.663122 0.83932 0.147977 0.232639 0.493272
5 0.61249 0.838391 0.24065 0.225419 0.150567
8 0.987937 0.828267 0.0236168 0.055636 0.099314
2 0.889015 0.630559 0.0228481 0.0300793 0.0772538
30 0.831946 0.670611 0.0234448 0.00948443 0.0619916
2 0.916211 0.648733 0.0189617 0.015532 0.0366275
8 0.986615 0.760268 0.0267702 0.210968 0.0361191
13 0.726286 0.827061 0.0206558 0.0491737 0.0344245
2 0.865772 0.783752 0.01521 0.0292619 0.0249669
2 0.985974 0.752143 0.0207695 0.0310477 0.0229143
14 0.544045 0.920811 0.0358401 0.0621444 0.0216215
8 0.717219 0.879944 0.0336699 0.069205 0.0193751
18 0.554141 0.771984 0.0507183 0.0642851 0.0183705
30 0.922041 0.746433 0.023774 0.0443746 0.0166158
2 0.984342 0.662198 0.0228586 0.0258706 0.0159463
2 0.915303 0.653868 0.0191588 0.0217168 0.0154527
2 0.417848 0.139964 0.0116566 0.0211882 0.0135404
18 0.894166 0.916223 0.0219218 0.033334 0.0133222
5 0.514743 0.858062 0.0783228 0.133408 0.0127555
18 0.562666 0.776106 0.0459649 0.0509113 0.0125605
8 0.71216 0.892828 0.0278157 0.0477467 0.0121762
30 0.905258 0.743648 0.0186647 0.0349738 0.0110217
8 0.719884 0.86059 0.0311544 0.103208 0.0109995
8 0.507569 0.787047 0.0558108 0.0392066 0.0106792
18 0.577812 0.766346 0.0668308 0.0575012 0.00931343
8 0.987515 0.750295 0.0212708 0.0356878 0.00922715
8 0.977982 0.805805 0.0440365 0.105733 0.00893646
8 0.893048 0.876498 0.0221518 0.11089 0.00876178
4 0.987585 0.823058 0.0248297 0.0702421 0.00847926
8 0.541843 0.920362 0.0335169 0.0564982 0.0084475
19 0.577812 0.766346 0.0668308 0.0575012 0.00786884
30 0.886893 0.630549 0.0199497 0.0290149 0.00775544
2 0.418315 0.101669 0.0111834 0.0227179 0.00755843
8 0.894166 0.916223 0.0219218 0.033334 0.0073435
18 0.54413 0.920604 0.0362854 0.0631009 0.00706327
5 0.54413 0.920604 0.0362854 0.0631009 0.0065948
0 0.623256 0.75155 0.0102699 0.0336977 0.00653394
19 0.554141 0.771984 0.0507183 0.0642851 0.00609285
18 0.574183 0.752265 0.0617375 0.0324665 0.00608158
18 0.561452 0.80807 0.0733603 0.126861 0.00604005
1 0.992057 0.427191 0.0149578 0.198636 0.00572328
1 0.145653 0.577137 0.011027 0.0275101 0.00569812
8 0.963056 0.833657 0.0164629 0.0820824 0.00549544
10 0.623256 0.75155 0.0102699 0.0336977 0.00549301
8 0.499304 0.824616 0.0485395 0.0993357 0.00548784
2 0.146632 0.59853 0.00875487 0.0305781 0.00544851
2 0.900281 0.628696 0.0136398 0.0271228 0.00539266
30 0.906833 0.736476 0.0185497 0.0277225 0.00530189
18 0.53034 0.774031 0.0360643 0.0516666 0.00524218
1 0.983387 0.665371 0.0204968 0.0287527 0.0051558
19 0.562666 0.776106 0.0459649 0.0509113 0.00501115
18 0.589091 0.761379 0.0414291 0.0499196 0.00498195
2 0.91577 0.742212 0.0131302 0.0356971 0.00490635
2 0.91451 0.73533 0.00978467 0.0265087 0.00483115
30 0.818635 0.646325 0.0228443 0.00962831 0.00467937
8 0.72562 0.827206 0.0218658 0.0492249 0.00459805
4 0.104759 0.710756 0.056221 0.0446955 0.00443295
0 0.621157 0.77652 0.0128923 0.0264879 0.00423266
2 0.986956 0.744693 0.0199951 0.030759 0.00422675
19 0.574183 0.752265 0.0617375 0.0324665 0.00387574
8 0.491954 0.793946 0.0202177 0.0207591 0.00383868
8 0.944458 0.747405 0.107501 0.246347 0.00383582
2 0.170408 0.635486 0.014913 0.0284849 0.00383241
30 0.813745 0.645362 0.0359799 0.0108764 0.00374384
60 0.924797 0.81902 0.0259335 0.0453676 0.00372163
2 0.913605 0.64358 0.0245663 0.0246521 0.00369941
4 0.0437768 0.72787 0.0674731 0.07626 0.00349014
4 0.986831 0.751915 0.0210167 0.0319901 0.00333898
35 0.926278 0.820045 0.0255932 0.0463155 0.0033206
18 0.578579 0.791192 0.0705715 0.0965704 0.00331939
17 0.571377 0.741741 0.0150099 0.0174511 0.00323998
19 0.581724 0.794015 0.0751646 0.109584 0.00322587
0 0.409206 0.758436 0.019254 0.0394507 0.00313858
1 0.987219 0.67986 0.0235817 0.0374054 0.00309752
30 0.935399 0.747707 0.0205143 0.0425915 0.00307604
18 0.539961 0.777083 0.047168 0.056564 0.00304287
0 0.628894 0.764843 0.0216026 0.0605689 0.0030346
13 0.986831 0.751915 0.0210167 0.0319901 0.00301767
2 0.906833 0.736476 0.0185497 0.0277225 0.00296716
4 0.0511904 0.711099 0.044589 0.0430664 0.00296412
2 0.145653 0.577137 0.011027 0.0275101 0.00292788
5 0.685085 0.758591 0.0684914 0.0726006 0.00291671
19 0.53034 0.774031 0.0360643 0.0516666 0.00286435
1 0.728691 0.828814 0.0177043 0.04715 0.00284466
22 0.896457 0.919945 0.0220402 0.0357642 0.00283712
3 0.98781 0.828352 0.0242863 0.0583588 0.00281963
0 0.625024 0.756585 0.013138 0.0441776 0.00279626
5 0.98781 0.828352 0.0242863 0.0583588 0.00274283
30 0.827722 0.64548 0.015312 0.0115126 0.00272853
3 0.963056 0.833657 0.0164629 0.0820824 0.00270954
18 0.893985 0.893901 0.0221344 0.0718957 0.00267714
30 0.525082 0.019806 0.102341 0.039612 0.00265436
4 0.102144 0.687956 0.0639993 0.0164276 0.00262146
5 0.58244 0.845245 0.0943897 0.193096 0.00258055
2 0.986292 0.687449 0.0230067 0.0284824 0.00256412
2 0.987219 0.67986 0.0235817 0.0374054 0.00249999
8 0.487337 0.794332 0.019196 0.0221726 0.00247932
2 0.911315 0.669862 0.0168699 0.0330815 0.00246708
4 0.0512465 0.71526 0.0663798 0.0587976 0.00245985
0 0.72562 0.827206 0.0218658 0.0492249 0.00245449
30 0.91451 0.73533 0.00978467 0.0265087 0.00236556
2 0.136242 0.602672 0.0145943 0.0209498 0.00236426
2 0.619656 0.649116 0.0113659 0.0138984 0.00233814
2 0.167829 0.643089 0.0133975 0.0355837 0.00232744
0 0.541843 0.920362 0.0335169 0.0564982 0.00229434
2 0.921069 0.674893 0.0262813 0.0454971 0.00224611
2 0.117812 0.600594 0.00970914 0.0171695 0.00219462
8 0.71329 0.815409 0.0459898 0.110984 0.00215601
13 0.983387 0.665371 0.0204968 0.0287527 0.0021457
8 0.623256 0.75155 0.0102699 0.0336977 0.00213547
30 0.922647 0.676423 0.0266085 0.042365 0.00212385
2 0.144723 0.651384 0.0119371 0.0188951 0.00211541
30 0.917107 0.816088 0.0117031 0.0409334 0.0020967
30 0.93871 0.743066 0.01329 0.0358331 0.00208471
2 0.905258 0.743648 0.0186647 0.0349738 0.00201713
30 0.826366 0.666417 0.0164801 0.00575684 0.0020121
1 0.985974 0.752143 0.0207695 0.0310477 0.00198457
35 0.894166 0.916223 0.0219218 0.033334 0.00198324
8 0.968415 0.810848 0.031228 0.112663 0.00190825
0 0.58228 0.763587 0.0558506 0.0531701 0.00188206
22 0.961257 0.856392 0.0116507 0.0397912 0.00187901
2 0.868255 0.546574 0.00804138 0.0181886 0.00184571
38 0.553081 0.838212 0.152903 0.205794 0.00181597
2 0.917107 0.816088 0.0117031 0.0409334 0.0017836
8 0.985782 0.768862 0.0267471 0.0637059 0.0017747
30 0.0448155 0.0410392 0.0893932 0.0820783 0.00176367
30 0.984342 0.662198 0.0228586 0.0258706 0.00174533
18 0.513368 0.782985 0.0500222 0.0437414 0.00174021
3 0.894166 0.916223 0.0219218 0.033334 0.00173147
18 0.543502 0.810397 0.0960898 0.140519 0.00171407
8 0.625024 0.756585 0.013138 0.0441776 0.00169149
2 0.571377 0.741741 0.0150099 0.0174511 0.0016838
2 0.00646986 0.630988 0.0122676 0.0204801 0.00167765
2 0.610726 0.655484 0.00907727 0.0126216 0.00166857
22 0.893048 0.876498 0.0221518 0.11089 0.00166296
6 0.552792 0.839225 0.153097 0.203897 0.00165332
5 0.527934 0.876045 0.0859789 0.109564 0.00161906
3 0.541843 0.920362 0.0335169 0.0564982 0.00159305
4 0.986451 0.792803 0.0270983 0.137078 0.00158881
2 0.797227 0.772269 0.00743121 0.0132785 0.00158475
3 0.962712 0.8533 0.0136904 0.0457394 0.00157162
14 0.893784 0.892439 0.0220083 0.0693983 0.00156224
8 0.689044 0.904235 0.0279299 0.0961933 0.00155495
8 0.621157 0.77652 0.0128923 0.0264879 0.0015439
2 0.00628123 0.565659 0.0105835 0.0510139 0.00153085
5 0.674038 0.762053 0.0483473 0.0601266 0.00150095
1 0.623256 0.75155 0.0102699 0.0336977 0.00149484
17 0.593375 0.761094 0.0325455 0.0481833 0.00148746
0 0.392667 0.766548 0.0205995 0.0258682 0.0014789
3 0.71216 0.892828 0.0278157 0.0477467 0.00146948
19 0.589091 0.761379 0.0414291 0.0499196 0.00144926
8 0.628894 0.764843 0.0216026 0.0605689 0.00140286
2 0.176725 0.242727 0.00976183 0.0181717 0.00140286
8 0.554141 0.771984 0.0507183 0.0642851 0.00140058
2 0.973228 0.746749 0.014653 0.0358941 0.00137929
18 0.524261 0.775282 0.0222292 0.032954 0.00133402
0 0.59268 0.763718 0.0313252 0.0501016 0.00129535
17 0.623099 0.747497 0.0098233 0.0290795 0.00126755
35 0.893048 0.876498 0.0221518 0.11089 0.00126352
2 0.108853 0.597067 0.0118737 0.0157478 0.00125674
7 0.992057 0.427191 0.0149578 0.198636 0.00124358
8 0.707457 0.795152 0.0499128 0.108659 0.00123755
5 0.507126 0.815051 0.0613338 0.105801 0.00123396
8 0.986301 0.676891 0.0229028 0.041198 0.0012316
4 0.0726431 0.688537 0.029737 0.0191657 0.00122118
5 0.719884 0.86059 0.0311544 0.103208 0.00121989
8 0.546653 0.905545 0.0338528 0.0902994 0.00120828
0 0.718569 0.86549 0.035722 0.101721 0.00119846
0 0.0703831 0.686048 0.0143104 0.0121362 0.00118912
30 0.926332 0.819418 0.0276669 0.0503852 0.00117115
5 0.977982 0.805805 0.0440365 0.105733 0.00117038
22 0.541843 0.920362 0.0335169 0.0564982 0.00114446
35 0.940292 0.820992 0.0158807 0.0429959 0.00113925
2 0.86606 0.766307 0.0140293 0.0227739 0.00112296
4 0.10705 0.694958 0.0518386 0.0140801 0.00110641
22 0.00533087 0.818082 0.00704231 0.0438138 0.00110394
7 0.986301 0.676891 0.0229028 0.041198 0.00109485
39 0.593375 0.761094 0.0325455 0.0481833 0.00108305
2 0.826366 0.666417 0.0164801 0.00575684 0.00106711
5 0.49866 0.844443 0.0483483 0.133067 0.00105795
8 0.524261 0.775282 0.0222292 0.032954 0.00104735
3 0.717219 0.879944 0.0336699 0.069205 0.00104525
0 0.562666 0.776106 0.0459649 0.0509113 0.00101558
43 0.553081 0.838212 0.152903 0.205794 0.00101402
19 0.894166 0.916223 0.0219218 0.033334 0.0010031
