6 0.362325 0.738676 0.230253 0.188415 0.956126
4 0.228927 0.696806 0.0435494 0.0484665 0.872105
4 0.101881 0.547683 0.027837 0.0216901 0.758057
4 0.0747669 0.543057 0.0264591 0.0206197 0.738409
0 0.586028 0.835303 0.0177007 0.0658347 0.721272
5 0.0667031 0.621583 0.0304683 0.0337341 0.615686
8 0.536116 0.862143 0.0336698 0.081149 0.610403
4 0.0383844 0.530939 0.0127694 0.0148772 0.396853
0 0.0530699 0.591531 0.00808776 0.0239092 0.359044
4 0.0670793 0.621702 0.0302448 0.0333286 0.196229
2 0.53552 0.862444 0.0327739 0.082346 0.163102
6 0.690007 0.47258 0.0205168 0.0193475 0.147626
8 0.0530699 0.591531 0.00808776 0.0239092 0.121887
4 0.452823 0.524992 0.011326 0.0158823 0.119894
1 0.461088 0.499932 0.0199734 0.0326165 0.094721
4 0.416062 0.531862 0.0087558 0.0141477 0.0782603
0 0.584118 0.849726 0.0162876 0.0412349 0.0778921
4 0.108953 0.531534 0.0136498 0.0124151 0.0773664
8 0.584118 0.849726 0.0162876 0.0412349 0.0765422
1 0.105416 0.485864 0.0158212 0.0382884 0.0749779
0 0.535716 0.862607 0.0326581 0.0825889 0.0734125
4 0.0493283 0.536072 0.0115011 0.0128264 0.0717059
1 0.0220305 0.504546 0.0110617 0.0155983 0.0682192
4 0.432155 0.526878 0.00843607 0.0147452 0.0607511
7 0.0530699 0.591531 0.00808776 0.0239092 0.0577122
4 0.0136513 0.54243 0.0192679 0.0162673 0.0573148
4 0.689503 0.473677 0.0192906 0.0188144 0.053677
0 0.235999 0.98597 0.0116485 0.0243543 0.0521021
1 0.0179321 0.500914 0.0102032 0.0187088 0.0511325
4 0.0111696 0.544492 0.0194643 0.0216392 0.0485048
4 0.0713075 0.538467 0.0238768 0.0185876 0.0478707
4 0.0623075 0.541715 0.0127972 0.0153844 0.0457732
1 0.455689 0.515503 0.0131232 0.0116054 0.0457313
5 0.689202 0.471723 0.0207996 0.0198254 0.0416379
4 0.111379 0.520254 0.0112207 0.0161608 0.0391144
3 0.873528 0.590831 0.015642 0.0165174 0.0381042
5 0.0372837 0.531804 0.0141445 0.0152606 0.0380271
3 0.584118 0.849726 0.0162876 0.0412349 0.0377764
4 0.0769679 0.538818 0.0216489 0.0193623 0.0366126
4 0.107334 0.51476 0.0130649 0.0177865 0.0352286
4 0.0974066 0.536986 0.0172488 0.0177147 0.0346203
4 0.230587 0.66848 0.018405 0.0186175 0.031905
4 0.255155 0.534824 0.0209612 0.013699 0.0301838
4 0.00473137 0.533338 0.00742462 0.00999832 0.0292618
4 0.464201 0.5324 0.0112945 0.0115183 0.0286787
4 0.134433 0.53136 0.0080685 0.0178002 0.0283275
8 0.0383844 0.530939 0.0127694 0.0148772 0.0282251
4 0.113781 0.545588 0.0103704 0.0142173 0.0280156
1 0.107334 0.51476 0.0130649 0.0177865 0.0271213
1 0.113206 0.510107 0.0111985 0.0183941 0.0269561
1 0.647954 0.477646 0.0163467 0.0532727 0.0255418
4 0.0205343 0.534189 0.0122772 0.0115269 0.0254223
8 0.0667682 0.620749 0.0311735 0.0338483 0.0253709
1 0.35779 0.507289 0.0116118 0.0213264 0.0232349
3 0.87748 0.591152 0.0095553 0.014414 0.0231213
6 0.107334 0.51476 0.0130649 0.0177865 0.0224818
8 0.87748 0.591152 0.0095553 0.014414 0.0221174
4 0.390951 0.595579 0.0136102 0.0116816 0.0201093
2 0.154826 0.912229 0.0113882 0.0200606 0.0201016
4 0.0539244 0.53491 0.0237195 0.0129536 0.0199424
4 0.41605 0.528369 0.0123873 0.0205618 0.0198737
4 0.246108 0.533974 0.021291 0.0144535 0.0190095
4 0.412207 0.532336 0.0154148 0.0142165 0.0189468
1 0.0091838 0.505887 0.0134493 0.016366 0.0184476
4 0.170214 0.54076 0.0139991 0.0166776 0.0179295
1 0.0109222 0.501889 0.0152655 0.0207737 0.0177666
4 0.455689 0.515503 0.0131232 0.0116054 0.0177269
4 0.448604 0.525157 0.0128337 0.015772 0.0173818
2 0.178684 0.931222 0.0109609 0.0192399 0.016939
6 0.111379 0.520254 0.0112207 0.0161608 0.0167526
4 0.0400212 0.517573 0.0117146 0.016554 0.0163394
4 0.458529 0.518991 0.0167481 0.00953792 0.0161789
4 0.00171367 0.540173 0.00342735 0.0152891 0.0159961
4 0.0874205 0.527098 0.00992776 0.0174995 0.0157913
4 0.0710882 0.54613 0.0246571 0.0237405 0.0157447
1 0.362084 0.506621 0.0135321 0.0223664 0.0156624
4 0.113077 0.52932 0.011764 0.014613 0.0154343
0 0.0497998 0.592671 0.0123178 0.0195756 0.015423
8 0.452823 0.524992 0.011326 0.0158823 0.015261
0 0.0383844 0.530939 0.0127694 0.0148772 0.0149453
4 0.0636865 0.527658 0.0117211 0.0180511 0.0146558
0 0.690385 0.471114 0.0208903 0.020688 0.0142162
6 0.463423 0.503931 0.0278731 0.0287194 0.0138843
4 0.0984045 0.517935 0.0106083 0.0167615 0.0133688
6 0.432155 0.526878 0.00843607 0.0147452 0.0130221
8 0.873528 0.590831 0.015642 0.0165174 0.0129688
6 0.416062 0.531862 0.0087558 0.0141477 0.0129687
1 0.153505 0.491403 0.0182528 0.0313117 0.0127441
4 0.0389567 0.537907 0.010821 0.020401 0.0124703
5 0.535786 0.860685 0.0324437 0.0802682 0.0122324
6 0.0667031 0.621583 0.0304683 0.0337341 0.0121209
4 0.113206 0.510107 0.0111985 0.0183941 0.0120951
8 0.0389567 0.537907 0.010821 0.020401 0.0119516
8 0.0497998 0.592671 0.0123178 0.0195756 0.0114045
4 0.266255 0.534457 0.0198011 0.0143174 0.0111864
8 0.432155 0.526878 0.00843607 0.0147452 0.0109307
8 0.416062 0.531862 0.0087558 0.0141477 0.0108308
1 0.0530699 0.591531 0.00808776 0.0239092 0.0104436
2 0.0685455 0.834701 0.01071 0.017832 0.0103232
4 0.0220305 0.504546 0.0110617 0.0155983 0.0100253
1 0.0336857 0.427743 0.0187685 0.0184398 0.00991779
6 0.692092 0.465528 0.0165555 0.0238037 0.00989148
4 0.415838 0.539001 0.0067399 0.0180461 0.00978864
6 0.113206 0.510107 0.0111985 0.0183941 0.00978812
4 0.0251977 0.508594 0.0136314 0.0127045 0.00966833
4 0.551927 0.50505 0.012304 0.0148423 0.00947239
4 0.534061 0.50883 0.0108151 0.0113924 0.00946181
6 0.455689 0.515503 0.0131232 0.0116054 0.00921849
8 0.235751 0.986918 0.0115498 0.02392 0.00898157
5 0.452823 0.524992 0.011326 0.0158823 0.00897591
0 0.452823 0.524992 0.011326 0.0158823 0.00872698
4 0.0360428 0.538941 0.0124417 0.0183801 0.00871935
4 0.446622 0.517102 0.0086434 0.014232 0.00852562
1 0.463423 0.503931 0.0278731 0.0287194 0.0084668
2 0.108285 0.870221 0.0103247 0.0221479 0.00843804
3 0.726878 0.633726 0.00939026 0.0164778 0.00791983
6 0.0383844 0.530939 0.0127694 0.0148772 0.00774827
4 0.437064 0.699285 0.0554088 0.0287649 0.00768613
6 0.0220305 0.504546 0.0110617 0.0155983 0.00763643
2 0.429099 0.468029 0.00631482 0.0145926 0.00750805
1 0.320093 0.529322 0.0191322 0.0221733 0.0074999
4 0.00724424 0.567524 0.0129245 0.0124136 0.00746763
0 0.111379 0.520254 0.0112207 0.0161608 0.00735544
1 0.452823 0.524992 0.011326 0.0158823 0.00734014
4 0.540853 0.507964 0.00805939 0.0105779 0.00729177
6 0.101881 0.547683 0.027837 0.0216901 0.0072058
0 0.0589083 0.595844 0.0142877 0.0268706 0.00717318
1 0.446622 0.517102 0.0086434 0.014232 0.00714445
2 0.0885158 0.850999 0.0104687 0.0203498 0.00700171
1 0.3526 0.52747 0.00769025 0.0161226 0.0069845
3 0.720459 0.649087 0.0122312 0.0161962 0.00696441
6 0.108953 0.531534 0.0136498 0.0124151 0.0066978
4 0.2494 0.53566 0.0170929 0.0115326 0.00666172
4 0.234619 0.534225 0.0317257 0.0152658 0.00653646
8 0.390951 0.595579 0.0136102 0.0116816 0.00649783
2 0.207182 0.956588 0.0116647 0.0204872 0.00644168
4 0.00419842 0.586672 0.00802179 0.0130797 0.00642789
5 0.416062 0.531862 0.0087558 0.0141477 0.006298
0 0.00471215 0.907026 0.00884597 0.0521857 0.00621837
4 0.603208 0.470518 0.0236664 0.021728 0.00612248
0 0.0685455 0.834701 0.01071 0.017832 0.00611527
6 0.461088 0.499932 0.0199734 0.0326165 0.00610755
0 0.534061 0.50883 0.0108151 0.0113924 0.00609775
4 0.0645487 0.515591 0.00958861 0.015492 0.00604165
22 0.0530699 0.591531 0.00808776 0.0239092 0.00589959
1 0.113818 0.492169 0.0110366 0.0267399 0.00589343
4 0.692092 0.465528 0.0165555 0.0238037 0.0058933
4 0.00512109 0.634001 0.00994366 0.0162102 0.00580093
4 0.602341 0.474689 0.0258743 0.0161176 0.00576199
4 0.25358 0.539017 0.0105894 0.0180128 0.00576093
7 0.154826 0.912229 0.0113882 0.0200606 0.00574428
1 0.100271 0.487258 0.0136842 0.0386663 0.00571042
3 0.717277 0.653275 0.0122805 0.0148508 0.00566531
0 0.063402 0.590626 0.0137471 0.0199053 0.00565086
0 0.416062 0.531862 0.0087558 0.0141477 0.00563072
1 0.111379 0.520254 0.0112207 0.0161608 0.0055887
4 0.495809 0.513511 0.00898883 0.00924406 0.0054766
1 0.476353 0.508306 0.00896521 0.0156759 0.00544725
0 0.87748 0.591152 0.0095553 0.014414 0.00542684
5 0.0589083 0.595844 0.0142877 0.0268706 0.00542295
22 0.536116 0.862143 0.0336698 0.081149 0.00538533
8 0.726855 0.628162 0.00857916 0.011263 0.00531184
0 0.00546528 0.92508 0.0105673 0.093387 0.0053024
0 0.207182 0.956588 0.0116647 0.0204872 0.00524968
4 0.0530699 0.591531 0.00808776 0.0239092 0.00524224
1 0.0856192 0.85417 0.0144774 0.0302445 0.00522632
3 0.870422 0.59556 0.0169888 0.0175551 0.00518662
4 0.143402 0.530243 0.0237396 0.0288356 0.00509708
1 0.178684 0.931222 0.0109609 0.0192399 0.00501282
2 0.0530699 0.591531 0.00808776 0.0239092 0.00498585
14 0.87748 0.591152 0.0095553 0.014414 0.00490001
4 0.165804 0.538358 0.0160962 0.0201262 0.00486448
2 0.2078 0.951591 0.0115603 0.0211432 0.00486172
4 0.0589083 0.595844 0.0142877 0.0268706 0.00482309
8 0.879181 0.595475 0.00738031 0.0175149 0.00479825
6 0.113077 0.52932 0.011764 0.014613 0.00471579
0 0.154826 0.912229 0.0113882 0.0200606 0.00470185
6 0.452823 0.524992 0.011326 0.0158823 0.0046252
4 0.0105045 0.551647 0.0167894 0.0194057 0.00462437
7 0.0685455 0.834701 0.01071 0.017832 0.00456678
0 0.0885158 0.850999 0.0104687 0.0203498 0.00456384
4 0.726855 0.628162 0.00857916 0.011263 0.00453051
2 0.130991 0.891831 0.0101534 0.0237719 0.00452604
8 0.585693 0.835618 0.0178575 0.0648838 0.00451206
1 0.0645487 0.515591 0.00958861 0.015492 0.00450581
0 0.2078 0.951591 0.0115603 0.0211432 0.0044633
4 0.104545 0.553413 0.0226315 0.026789 0.0044632
4 0.0091838 0.505887 0.0134493 0.016366 0.00439591
7 0.0572469 0.399681 0.00984604 0.0194699 0.00439473
5 0.0530699 0.591531 0.00808776 0.0239092 0.00437037
2 0.429142 0.46164 0.00601242 0.019669 0.00435459
1 0.207182 0.956588 0.0116647 0.0204872 0.00433628
0 0.178684 0.931222 0.0109609 0.0192399 0.00430861
5 0.101881 0.547683 0.027837 0.0216901 0.00429452
8 0.451814 0.532596 0.0111459 0.0163359 0.00429054
3 0.535914 0.877251 0.0329753 0.057038 0.0042472
4 0.521879 0.457177 0.0303171 0.0229388 0.00423323
4 0.647954 0.477646 0.0163467 0.0532727 0.00422057
7 0.432155 0.526878 0.00843607 0.0147452 0.00416995
1 0.47574 0.498584 0.0101645 0.0187051 0.00410176
4 0.196488 0.524625 0.0276015 0.0136972 0.00409635
3 0.879181 0.595475 0.00738031 0.0175149 0.0040946
4 0.535786 0.860685 0.0324437 0.0802682 0.00408633
4 0.521281 0.511164 0.00968182 0.0117241 0.00408458
5 0.692092 0.465528 0.0165555 0.0238037 0.00408145
4 0.230657 0.669292 0.0328957 0.0200281 0.00403754
4 0.0101467 0.632661 0.0178665 0.0145741 0.00396245
3 0.744291 0.633937 0.00862347 0.0156819 0.00378247
1 0.416062 0.531862 0.0087558 0.0141477 0.00378008
4 0.076863 0.518948 0.0135815 0.0195383 0.00374937
0 0.433145 0.525698 0.0105612 0.0180513 0.00373596
1 0.0582733 0.426792 0.00877367 0.0300033 0.00373113
5 0.432155 0.526878 0.00843607 0.0147452 0.00365864
7 0.432843 0.521607 0.0092655 0.0235538 0.00362976
1 0.104681 0.461936 0.0126201 0.0171329 0.00360943
1 0.359579 0.494816 0.0132367 0.0195044 0.00360092
4 0.246956 0.667182 0.0579044 0.025594 0.00358529
7 0.439204 0.465357 0.0104896 0.0180674 0.0035824
8 0.613203 0.471678 0.00990021 0.0168241 0.00356696
2 0.590798 0.074567 0.0211566 0.0174485 0.00351761
22 0.0497998 0.592671 0.0123178 0.0195756 0.00348008
4 0.295936 0.535472 0.0120596 0.0148353 0.00346849
7 0.446622 0.517102 0.0086434 0.014232 0.00343123
1 0.717277 0.653275 0.0122805 0.0148508 0.0034305
4 0.531579 0.457652 0.0207866 0.0225523 0.00337801
7 0.130991 0.891831 0.0101534 0.0237719 0.00334906
4 0.742412 0.630196 0.0134242 0.0149702 0.00334739
1 0.432155 0.526878 0.00843607 0.0147452 0.00333098
4 0.451814 0.532596 0.0111459 0.0163359 0.00332638
1 0.689503 0.473677 0.0192906 0.0188144 0.00330771
0 0.134433 0.53136 0.0080685 0.0178002 0.00327684
8 0.88025 0.591246 0.0133489 0.0136925 0.00325628
4 0.229044 0.677702 0.0419465 0.0173413 0.00321599
4 0.0587199 0.513687 0.0164369 0.0165358 0.0032122
8 0.690007 0.47258 0.0205168 0.0193475 0.00320897
1 0.0984045 0.517935 0.0106083 0.0167615 0.00319257
0 0.0654942 0.6184 0.0345755 0.0367254 0.00317037
1 0.0685455 0.834701 0.01071 0.017832 0.00315766
6 0.0091838 0.505887 0.0134493 0.016366 0.00315471
4 0.175566 0.542351 0.0118888 0.0147721 0.00314605
0 0.113781 0.545588 0.0103704 0.0142173 0.00312437
4 0.70424 0.624012 0.0133649 0.0107503 0.00311293
8 0.464201 0.5324 0.0112945 0.0115183 0.00310035
14 0.0383844 0.530939 0.0127694 0.0148772 0.00309437
4 0.87748 0.591152 0.0095553 0.014414 0.00308665
1 0.0764114 0.861623 0.027707 0.0489025 0.00308328
7 0.108285 0.870221 0.0103247 0.0221479 0.00306436
7 0.416062 0.531862 0.0087558 0.0141477 0.00305208
7 0.179169 0.935567 0.0106565 0.0266645 0.00305092
8 0.113781 0.545588 0.0103704 0.0142173 0.0030473
4 0.3526 0.52747 0.00769025 0.0161226 0.00304543
7 0.113206 0.510107 0.0111985 0.0183941 0.00303928
8 0.448604 0.525157 0.0128337 0.015772 0.00302863
2 0.0844554 0.850768 0.0147993 0.0216146 0.00297857
1 0.235751 0.986918 0.0115498 0.02392 0.00296761
1 0.15123 0.476812 0.0134942 0.00839657 0.00296619
0 0.108285 0.870221 0.0103247 0.0221479 0.00294156
0 0.0389567 0.537907 0.010821 0.020401 0.00292737
0 0.592995 0.841949 0.0214361 0.0630555 0.00290752
2 0.390951 0.595579 0.0136102 0.0116816 0.00290595
14 0.873528 0.590831 0.015642 0.0165174 0.00286877
14 0.53552 0.862444 0.0327739 0.082346 0.00286664
1 0.0348511 0.460694 0.0110478 0.0149527 0.00282165
4 0.0179321 0.500914 0.0102032 0.0187088 0.00280872
4 0.0379387 0.548623 0.0141066 0.0234685 0.00280639
1 0.0397954 0.429343 0.0133814 0.0188345 0.00278588
5 0.87748 0.591152 0.0095553 0.014414 0.00278378
6 0.0874205 0.527098 0.00992776 0.0174995 0.00275379
3 0.88025 0.591246 0.0133489 0.0136925 0.00272608
6 0.0493283 0.536072 0.0115011 0.0128264 0.00272005
1 0.458341 0.482591 0.0148271 0.0212913 0.00271543
4 0.547419 0.553815 0.0164229 0.0141177 0.00269337
8 0.717277 0.653275 0.0122805 0.0148508 0.00268543
0 0.108953 0.531534 0.0136498 0.0124151 0.00266167
24 0.690007 0.47258 0.0205168 0.0193475 0.00265562
8 0.609809 0.474045 0.0133572 0.020189 0.00264484
8 0.179169 0.935567 0.0106565 0.0266645 0.00264054
1 0.32559 0.531259 0.0114884 0.0184835 0.00263592
5 0.108953 0.531534 0.0136498 0.0124151 0.0026322
1 0.41605 0.528369 0.0123873 0.0205618 0.00260747
8 0.726878 0.633726 0.00939026 0.0164778 0.00259356
1 0.0085983 0.438155 0.0153529 0.020245 0.00258272
7 0.145233 0.440905 0.00649481 0.0162639 0.00254374
4 0.419569 0.521524 0.00795041 0.0229628 0.0025432
4 0.549728 0.500305 0.0178358 0.0231136 0.00252865
1 0.87748 0.591152 0.0095553 0.014414 0.00250301
6 0.0111696 0.544492 0.0194643 0.0216392 0.00248064
6 0.136693 0.526193 0.0110753 0.0248239 0.00247604
1 0.108285 0.870221 0.0103247 0.0221479 0.00246978
1 0.726855 0.628162 0.00857916 0.011263 0.00246115
4 0.300187 0.536661 0.0120351 0.0109579 0.00245852
4 0.14607 0.520083 0.0202306 0.0232657 0.0024356
4 0.544331 0.55886 0.0123636 0.015921 0.00242847
4 0.476353 0.508306 0.00896521 0.0156759 0.00241981
0 0.613203 0.471678 0.00990021 0.0168241 0.0024005
0 0.726855 0.628162 0.00857916 0.011263 0.00239967
4 0.00338729 0.601484 0.00673384 0.0211694 0.00239275
1 0.024901 0.501352 0.0165219 0.0215523 0.00237718
7 0.0703506 0.841026 0.0118436 0.02789 0.00234462
8 0.0360428 0.538941 0.0124417 0.0183801 0.002322
