6 0.68779 0.774832 0.235144 0.127744 0.953399
4 0.817887 0.837717 0.098954 0.136585 0.924494
4 0.0366779 0.824691 0.0733557 0.0739916 0.899851
6 0.133969 0.779251 0.208705 0.125706 0.639287
6 0.499659 0.781525 0.108367 0.100996 0.413042
6 0.5231 0.780966 0.0618094 0.100724 0.362687
6 0.439436 0.80318 0.0899747 0.05804 0.261399
1 0.843591 0.729359 0.0125599 0.02128 0.25008
6 0.464318 0.811118 0.0486322 0.0479484 0.0878638
0 0.468992 0.827883 0.00897437 0.0284551 0.0469789
8 0.468992 0.827883 0.00897437 0.0284551 0.0426473
22 0.468992 0.827883 0.00897437 0.0284551 0.0367811
4 0.574853 0.809314 0.0208795 0.028933 0.0320409
22 0.489963 0.828415 0.00784921 0.0236273 0.0300849
2 0.506131 0.63881 0.00920337 0.0125633 0.0278828
8 0.6426 0.813414 0.0129049 0.0258644 0.025464
4 0.439613 0.826868 0.0211408 0.0135427 0.0254255
2 0.507108 0.623795 0.00829803 0.0112252 0.0235167
4 0.397778 0.813199 0.0209191 0.0211243 0.0223972
8 0.483849 0.827523 0.00911743 0.0276677 0.0201277
8 0.627342 0.811799 0.0161162 0.028048 0.0196145
8 0.746959 0.819205 0.0510273 0.0460534 0.0180801
22 0.483849 0.827523 0.00911743 0.0276677 0.0170492
1 0.848388 0.728469 0.0171435 0.0260393 0.016975
4 0.394012 0.817062 0.0210108 0.0276856 0.0151716
0 0.489963 0.828415 0.00784921 0.0236273 0.0151144
8 0.759701 0.820003 0.0262186 0.0450368 0.0150972
8 0.459017 0.821066 0.0133901 0.0244887 0.0149602
6 0.574853 0.809314 0.0208795 0.028933 0.0142965
6 0.413314 0.801508 0.0377301 0.0524482 0.0142213
8 0.651263 0.81258 0.0155192 0.025848 0.013832
1 0.418913 0.762729 0.0135734 0.0211202 0.0137899
2 0.518959 0.619065 0.0105171 0.0137999 0.0136451
1 0.00954183 0.780354 0.0189074 0.0225684 0.0134196
8 0.489963 0.828415 0.00784921 0.0236273 0.0134151
6 0.576013 0.78371 0.0691152 0.0825386 0.0134069
0 0.483849 0.827523 0.00911743 0.0276677 0.0123389
1 0.855377 0.729842 0.0106086 0.0229278 0.0119621
7 0.418913 0.762729 0.0135734 0.0211202 0.0117693
7 0.296694 0.758611 0.00982636 0.0255342 0.0116579
0 0.459017 0.821066 0.0133901 0.0244887 0.0114293
4 0.973326 0.770429 0.0334896 0.0279633 0.0113723
6 0.566868 0.777512 0.140389 0.104503 0.0112874
2 0.471744 0.60995 0.0110432 0.0140591 0.0109358
1 0.819443 0.762442 0.0123248 0.0182628 0.0108986
7 0.307242 0.755633 0.00770279 0.0331844 0.0108857
1 0.485048 0.629668 0.0177232 0.0259001 0.0105578
0 0.553209 0.794829 0.00848407 0.0428464 0.0102587
22 0.6426 0.813414 0.0129049 0.0258644 0.0101277
22 0.651263 0.81258 0.0155192 0.025848 0.00942742
14 0.282227 0.817553 0.00923434 0.0213426 0.00939933
4 0.806401 0.788889 0.0653842 0.0407286 0.00933571
3 0.398459 0.824803 0.0230999 0.0316694 0.0092227
4 0.418101 0.825747 0.0200603 0.0142222 0.00842884
1 0.228576 0.755762 0.00915765 0.0232053 0.00815818
0 0.397778 0.813199 0.0209191 0.0211243 0.00770193
7 0.156992 0.741082 0.00986331 0.0277959 0.00740111
7 0.843591 0.729359 0.0125599 0.02128 0.00715905
6 0.274869 0.812169 0.0252526 0.0321351 0.00695457
7 0.301983 0.763051 0.0121907 0.0369719 0.00681816
0 0.6426 0.813414 0.0129049 0.0258644 0.00665644
14 0.489963 0.828415 0.00784921 0.0236273 0.00659972
5 0.462451 0.813561 0.0378386 0.0388329 0.0065345
6 0.176178 0.77822 0.122223 0.126522 0.00636403
1 0.156992 0.741082 0.00986331 0.0277959 0.00625403
6 0.487216 0.799233 0.0284497 0.0736821 0.00610622
2 0.48613 0.625488 0.0181899 0.0251305 0.00580318
1 0.022966 0.780591 0.0225751 0.0209832 0.00540263
0 0.485634 0.819754 0.0227779 0.0385944 0.00539976
4 0.400436 0.824612 0.0236843 0.0313128 0.00515206
7 0.430302 0.759929 0.00934134 0.0205731 0.00513729
2 0.518937 0.642892 0.00822192 0.0139475 0.00508258
24 0.437408 0.803407 0.0878529 0.0584583 0.00494836
24 0.462989 0.810938 0.0458334 0.0460657 0.00494759
0 0.282227 0.817553 0.00923434 0.0213426 0.00489976
23 0.489963 0.828415 0.00784921 0.0236273 0.00485892
8 0.398459 0.824803 0.0230999 0.0316694 0.00484887
4 0.554393 0.805972 0.00957648 0.0272743 0.0047738
2 0.472149 0.587041 0.010644 0.0151819 0.00474736
6 0.512444 0.79774 0.0770834 0.068478 0.00450447
7 0.870064 0.737362 0.00981104 0.00922501 0.00445951
1 0.843849 0.749451 0.0120627 0.0251759 0.00444692
2 0.527356 0.636065 0.00870282 0.0135824 0.00424917
4 0.972641 0.764847 0.0295056 0.0227141 0.00423453
8 0.397778 0.813199 0.0209191 0.0211243 0.00423164
4 0.566908 0.801078 0.0261945 0.0264287 0.0041674
1 0.853551 0.752808 0.0139028 0.025732 0.00405809
1 0.00719595 0.78249 0.0127672 0.0201173 0.00400699
2 0.508334 0.633824 0.0123942 0.0132045 0.00398978
6 0.605148 0.773524 0.0670963 0.121661 0.0039623
4 0.824459 0.771093 0.0170907 0.0102391 0.00378625
0 0.651263 0.81258 0.0155192 0.025848 0.00375166
4 0.389368 0.815717 0.0203737 0.0269225 0.00365596
12 0.431856 0.802854 0.075379 0.0556472 0.00364445
4 0.876899 0.804053 0.0138917 0.0140261 0.00364027
0 0.468548 0.834265 0.00886374 0.0270778 0.0035537
4 0.803974 0.803757 0.0658414 0.0709549 0.0035394
0 0.554393 0.805972 0.00957648 0.0272743 0.00351418
6 0.920778 0.803669 0.0746423 0.0470832 0.0034252
8 0.394012 0.817062 0.0210108 0.0276856 0.00340063
14 0.28334 0.813759 0.00981384 0.0312082 0.00339773
8 0.62477 0.813811 0.0193452 0.0374112 0.00337181
22 0.468548 0.834265 0.00886374 0.0270778 0.00331454
4 0.947427 0.817532 0.0808656 0.041198 0.00330505
8 0.439613 0.826868 0.0211408 0.0135427 0.00329776
2 0.525457 0.626212 0.0117132 0.016381 0.00318542
2 0.228576 0.755762 0.00915765 0.0232053 0.00316119
24 0.525324 0.780686 0.0666362 0.101099 0.00310265
14 0.400436 0.824612 0.0236843 0.0313128 0.00303783
0 0.627342 0.811799 0.0161162 0.028048 0.00302797
4 0.94065 0.812347 0.0529982 0.0407536 0.00298349
4 0.839818 0.773042 0.0159054 0.00825518 0.00294759
1 0.0159762 0.781108 0.030451 0.0217736 0.00291737
23 0.483849 0.827523 0.00911743 0.0276677 0.00290237
4 0.918037 0.799168 0.0823919 0.0378353 0.00289391
4 0.0171205 0.784692 0.030974 0.018237 0.00284102
6 0.857285 0.766157 0.0447205 0.052578 0.00283151
4 0.627342 0.811799 0.0161162 0.028048 0.00273616
1 0.418562 0.768957 0.0158358 0.0202134 0.0027292
14 0.483849 0.827523 0.00911743 0.0276677 0.00272696
6 0.399207 0.802346 0.0317144 0.0556869 0.00272125
1 0.808622 0.760831 0.0109411 0.0203872 0.0026573
1 0.870064 0.737362 0.00981104 0.00922501 0.00265046
1 0.843121 0.740431 0.015567 0.0206504 0.00263661
6 0.566908 0.801078 0.0261945 0.0264287 0.0025758
6 0.282227 0.817553 0.00923434 0.0213426 0.00253435
22 0.459017 0.821066 0.0133901 0.0244887 0.00252152
6 0.485634 0.819754 0.0227779 0.0385944 0.00247591
4 0.942129 0.823426 0.0562513 0.0453053 0.00247125
6 0.400632 0.813541 0.0219828 0.0222073 0.00246982
4 0.578282 0.802913 0.0184574 0.0328708 0.00243518
7 0.411567 0.763879 0.012994 0.0223998 0.00242651
4 0.890306 0.808437 0.0387906 0.0254716 0.00240686
12 0.413314 0.801508 0.0377301 0.0524482 0.00239326
4 0.459017 0.821066 0.0133901 0.0244887 0.0023657
6 0.28334 0.813759 0.00981384 0.0312082 0.00230515
3 0.468992 0.827883 0.00897437 0.0284551 0.00230288
3 0.6426 0.813414 0.0129049 0.0258644 0.00226201
3 0.397778 0.813199 0.0209191 0.0211243 0.00222934
3 0.627342 0.811799 0.0161162 0.028048 0.00222899
14 0.397778 0.813199 0.0209191 0.0211243 0.00221552
7 0.819443 0.762442 0.0123248 0.0182628 0.00219036
1 0.837857 0.728735 0.0176999 0.0200693 0.0021687
14 0.468992 0.827883 0.00897437 0.0284551 0.00212554
7 0.409123 0.785964 0.011091 0.0440697 0.00206432
2 0.156992 0.741082 0.00986331 0.0277959 0.00198815
7 0.843121 0.740431 0.015567 0.0206504 0.00197678
2 0.255983 0.723576 0.00856227 0.0167441 0.00196714
1 0.295752 0.762711 0.00944055 0.0257503 0.00196263
5 0.400632 0.813541 0.0219828 0.0222073 0.00193314
1 0.229222 0.79879 0.0110511 0.0457091 0.00189473
4 0.62477 0.813811 0.0193452 0.0374112 0.00188843
8 0.468548 0.834265 0.00886374 0.0270778 0.00187632
7 0.282227 0.817553 0.00923434 0.0213426 0.00182156
4 0.954705 0.808196 0.0666314 0.0381246 0.00181838
4 0.982375 0.793812 0.0301901 0.0375388 0.00180907
7 0.855377 0.729842 0.0106086 0.0229278 0.00179288
1 0.891228 0.749401 0.0286084 0.027776 0.00177485
6 0.553209 0.794829 0.00848407 0.0428464 0.00176592
23 0.468992 0.827883 0.00897437 0.0284551 0.00176152
1 0.88486 0.750456 0.016589 0.0269758 0.00176134
1 0.430302 0.759929 0.00934134 0.0205731 0.00174583
14 0.321877 0.837411 0.0142919 0.0244951 0.00172837
6 0.278896 0.808259 0.0170062 0.0396339 0.00172734
2 0.469955 0.61648 0.0102606 0.0137851 0.00171956
4 0.965442 0.771724 0.0304167 0.0286402 0.00171822
4 0.387557 0.827293 0.0187366 0.0268544 0.00171799
0 0.389368 0.815717 0.0203737 0.0269225 0.00171593
6 0.578282 0.802913 0.0184574 0.0328708 0.00171153
14 0.334429 0.834917 0.0116269 0.0217837 0.00170585
4 0.993109 0.801235 0.00944324 0.0343756 0.0016891
2 0.491033 0.611665 0.00956931 0.0164261 0.00167343
5 0.574853 0.809314 0.0208795 0.028933 0.00167242
14 0.322003 0.842428 0.0119748 0.0267839 0.0016535
4 0.890431 0.798161 0.0281384 0.0217042 0.0016207
8 0.463369 0.817072 0.0417879 0.0461798 0.00160811
3 0.489963 0.828415 0.00784921 0.0236273 0.00160166
2 0.233013 0.683698 0.00609685 0.0106996 0.0015983
7 0.29272 0.741156 0.0107756 0.0217662 0.00156274
0 0.463369 0.817072 0.0417879 0.0461798 0.00156195
6 0.518447 0.811764 0.0576364 0.0406665 0.00154227
7 0.468992 0.827883 0.00897437 0.0284551 0.00153511
3 0.387557 0.827293 0.0187366 0.0268544 0.00152637
14 0.459017 0.821066 0.0133901 0.0244887 0.00152094
4 0.00719595 0.78249 0.0127672 0.0201173 0.00151006
2 0.518257 0.611804 0.0136732 0.0158462 0.00150676
3 0.418101 0.825747 0.0200603 0.0142222 0.00150142
1 0.411567 0.763879 0.012994 0.0223998 0.00149482
6 0.546054 0.798898 0.0142885 0.0342849 0.00149462
4 0.0533645 0.815472 0.0388978 0.055074 0.00148447
7 0.848388 0.728469 0.0171435 0.0260393 0.00148053
4 0.928144 0.804893 0.0552035 0.0385011 0.001475
6 0.975093 0.772646 0.0419249 0.0315884 0.00146628
8 0.617682 0.814743 0.0282305 0.038516 0.00146558
7 0.30674 0.744885 0.00732611 0.0256977 0.00145493
7 0.553209 0.794829 0.00848407 0.0428464 0.00144907
0 0.394012 0.817062 0.0210108 0.0276856 0.0014386
6 0.454112 0.788568 0.138687 0.0985522 0.0014383
4 0.851676 0.797185 0.0251404 0.0365502 0.00143676
1 0.226646 0.738102 0.0122479 0.0249935 0.00139137
4 0.916376 0.813976 0.0770289 0.0396324 0.0013903
1 0.282227 0.817553 0.00923434 0.0213426 0.00138616
7 0.392271 0.791416 0.0140615 0.0570997 0.00136763
4 0.973053 0.792066 0.0406124 0.0352019 0.0013664
2 0.519576 0.653472 0.00813538 0.0196636 0.00134596
6 0.555706 0.790634 0.0113785 0.0549215 0.00130813
4 0.394261 0.805064 0.0187645 0.0358005 0.00129813
4 0.867703 0.805571 0.010597 0.0151285 0.00127437
7 0.385904 0.801318 0.0128185 0.0386952 0.00126019
4 0.467283 0.816363 0.0535863 0.0473506 0.00125453
6 0.267904 0.813431 0.038334 0.0345682 0.00125215
1 0.883433 0.745217 0.0159151 0.0238833 0.0012468
6 0.554393 0.805972 0.00957648 0.0272743 0.00124233
4 0.282227 0.817553 0.00923434 0.0213426 0.00122049
4 0.793714 0.78622 0.0376088 0.0318278 0.00120883
5 0.400436 0.824612 0.0236843 0.0313128 0.00119684
1 0.414968 0.800638 0.031143 0.0500119 0.00118755
4 0.553209 0.794829 0.00848407 0.0428464 0.00118214
4 0.462451 0.813561 0.0378386 0.0388329 0.00117311
6 0.0142639 0.782611 0.0266601 0.0221019 0.00117094
7 0.384961 0.789906 0.0117273 0.0544505 0.0011631
1 0.857114 0.749451 0.0203369 0.0237554 0.00116006
7 0.418562 0.768957 0.0158358 0.0202134 0.00115776
0 0.400436 0.824612 0.0236843 0.0313128 0.00115635
4 0.902256 0.813058 0.0471049 0.0332577 0.00113563
0 0.114918 0.806912 0.0125416 0.0369519 0.00113062
14 0.394012 0.817062 0.0210108 0.0276856 0.0011291
14 0.387557 0.827293 0.0187366 0.0268544 0.00110718
25 0.394261 0.805064 0.0187645 0.0358005 0.00109158
3 0.759701 0.820003 0.0262186 0.0450368 0.00108611
5 0.746959 0.819205 0.0510273 0.0460534 0.00107685
4 0.989715 0.817231 0.0158115 0.0345573 0.00107426
4 0.489963 0.828415 0.00784921 0.0236273 0.00105096
4 0.984233 0.806692 0.0262208 0.0357312 0.00104083
8 0.554393 0.805972 0.00957648 0.0272743 0.00103661
1 0.409123 0.785964 0.011091 0.0440697 0.00102233
3 0.651263 0.81258 0.0155192 0.025848 0.00100514
8 0.387557 0.827293 0.0187366 0.0268544 0.00100242
4 0.294077 0.832967 0.0169514 0.0159849 0.00100138
