4 0.344116 0.685196 0.0607127 0.0739398 0.913987
0 0.746261 0.745941 0.100545 0.334405 0.876675
8 0.735604 0.827208 0.100698 0.256843 0.768369
8 0.599247 0.696115 0.0468016 0.0679863 0.668202
12 0.600024 0.6301 0.0926169 0.178616 0.645053
1 0.435411 0.621107 0.0186001 0.0319584 0.359634
1 0.378856 0.620887 0.0110675 0.0164637 0.346184
0 0.494351 0.684863 0.0277031 0.09923 0.262308
8 0.495147 0.707774 0.0274362 0.061805 0.256692
1 0.399001 0.630184 0.0153362 0.0243109 0.19198
1 0.400607 0.6224 0.0141553 0.013677 0.181691
0 0.603349 0.686134 0.0291848 0.0723907 0.180345
8 0.75238 0.859572 0.0664423 0.189791 0.155365
1 0.381636 0.628301 0.0134745 0.0201137 0.145928
4 0.383012 0.678064 0.0142227 0.0261595 0.129222
4 0.227716 0.682201 0.0246588 0.0367918 0.114517
8 0.400566 0.685503 0.0143971 0.0329862 0.103074
0 0.400985 0.681709 0.0125454 0.0290244 0.0994476
4 0.667576 0.684769 0.0856539 0.0804398 0.0881988
4 0.396708 0.680947 0.018953 0.0290233 0.0760559
0 0.554353 0.671666 0.0102065 0.0589467 0.0638251
4 0.388158 0.683592 0.027172 0.035941 0.0606206
0 0.556664 0.675849 0.00861237 0.0518606 0.0517924
1 0.352001 0.638296 0.0145418 0.0166911 0.0508369
1 0.452361 0.641063 0.00835223 0.0112013 0.049761
8 0.620506 0.697979 0.044786 0.0715399 0.0415571
0 0.4893 0.683303 0.0219342 0.0831629 0.0391921
4 0.386853 0.676916 0.0138151 0.025882 0.0376523
1 0.432315 0.644732 0.0174259 0.0181528 0.035416
0 0.611505 0.686985 0.032985 0.0838702 0.0351243
1 0.360798 0.628634 0.00716672 0.0132156 0.0323596
4 0.311327 0.681256 0.0148167 0.025668 0.0323056
4 0.315842 0.678829 0.0144442 0.038194 0.0321695
4 0.400985 0.681709 0.0125454 0.0290244 0.0294953
2 0.583914 0.606346 0.00880841 0.0135204 0.0288116
0 0.409308 0.676541 0.0106558 0.034451 0.0259549
8 0.556617 0.679036 0.0100381 0.0461849 0.0258292
4 0.38318 0.668469 0.0113232 0.0176179 0.0224687
1 0.443372 0.629548 0.00920093 0.0321294 0.0218469
0 0.600233 0.694029 0.0406402 0.0689026 0.0210153
14 0.600152 0.631084 0.0928865 0.181635 0.0197957
1 0.34855 0.637785 0.0127988 0.0147595 0.0192046
0 0.653924 0.649342 0.0117615 0.0261365 0.0190238
4 0.144387 0.686396 0.0151095 0.0212053 0.0183968
0 0.386853 0.676916 0.0138151 0.025882 0.0181777
3 0.628591 0.698077 0.0473961 0.071713 0.0181457
8 0.608846 0.692498 0.0314669 0.0706966 0.0171513
1 0.359707 0.622512 0.0084122 0.0140861 0.0170561
0 0.60358 0.668902 0.0222939 0.0691641 0.0170455
0 0.408508 0.66958 0.00836502 0.0233396 0.0165406
4 0.250933 0.684827 0.0114974 0.0217445 0.0162719
4 0.247052 0.683509 0.0131621 0.0264361 0.0156122
8 0.396456 0.684471 0.0204778 0.0359178 0.0155286
8 0.576702 0.693991 0.0364122 0.0629806 0.0137523
0 0.801935 0.706696 0.0511901 0.206657 0.012293
4 0.147292 0.682855 0.0132067 0.0257225 0.011802
1 0.431018 0.655248 0.0151487 0.0234998 0.0104671
0 0.396708 0.680947 0.018953 0.0290233 0.0103602
8 0.560047 0.684352 0.0135551 0.0573147 0.0098723
6 0.599307 0.632292 0.0892735 0.180822 0.00972933
0 0.62177 0.689708 0.0272962 0.0806753 0.00953498
3 0.556617 0.679036 0.0100381 0.0461849 0.00863994
8 0.603349 0.686134 0.0291848 0.0723907 0.00850365
8 0.571302 0.685595 0.0285442 0.050305 0.00802687
4 0.539605 0.674166 0.0290781 0.0429925 0.00768103
4 0.543877 0.66859 0.0256164 0.0513607 0.00755601
0 0.412253 0.676047 0.0171774 0.0324424 0.00752674
0 0.491733 0.639671 0.01195 0.0171612 0.00749216
8 0.539605 0.674166 0.0290781 0.0429925 0.00748032
1 0.290819 0.640452 0.00778958 0.0159435 0.00744903
4 0.0866913 0.68255 0.0277727 0.0275068 0.0072524
4 0.412253 0.676047 0.0171774 0.0324424 0.00711385
7 0.359707 0.622512 0.0084122 0.0140861 0.0068915
0 0.552226 0.666249 0.0106879 0.0607101 0.00669284
4 0.554353 0.671666 0.0102065 0.0589467 0.00663658
1 0.492659 0.638152 0.00669037 0.011214 0.0064466
3 0.592958 0.694055 0.0349748 0.0642477 0.0063901
4 0.320947 0.684419 0.0172529 0.0588303 0.00616811
1 0.366102 0.636407 0.0131082 0.0166299 0.00615686
8 0.412989 0.685158 0.0198501 0.0346211 0.00614413
1 0.452383 0.655346 0.00846179 0.0308187 0.00596255
6 0.0329538 0.653942 0.0659075 0.0984721 0.00593182
4 0.317871 0.675885 0.0219273 0.0420414 0.00581917
4 0.6842 0.673816 0.0954982 0.0977941 0.00563563
0 0.495041 0.706637 0.0279998 0.066515 0.00559495
4 0.371819 0.675258 0.0123533 0.0270638 0.00551602
8 0.554353 0.671666 0.0102065 0.0589467 0.00539815
4 0.394798 0.669216 0.0160424 0.0187625 0.00538555
0 0.383012 0.678064 0.0142227 0.0261595 0.00506337
1 0.450286 0.630771 0.0132182 0.02538 0.00499241
1 0.420833 0.627041 0.0110366 0.0236833 0.00494407
4 0.556664 0.675849 0.00861237 0.0518606 0.00486589
0 0.394798 0.669216 0.0160424 0.0187625 0.00486139
1 0.409377 0.62713 0.0133209 0.0222237 0.00469245
1 0.408508 0.66958 0.00836502 0.0233396 0.00466737
1 0.362842 0.619878 0.0114357 0.014713 0.0045642
0 0.617249 0.671556 0.0287197 0.083368 0.00450463
4 0.130828 0.684955 0.0156933 0.0185861 0.00436452
4 0.0794886 0.682448 0.0122773 0.0200315 0.00432572
1 0.400898 0.614862 0.0146657 0.022537 0.00424735
7 0.360798 0.628634 0.00716672 0.0132156 0.00422868
4 0.710242 0.686137 0.11366 0.081118 0.00407888
4 0.408508 0.66958 0.00836502 0.0233396 0.00407463
0 0.0794886 0.682448 0.0122773 0.0200315 0.00400619
1 0.421265 0.640475 0.00942175 0.0239018 0.00397966
1 0.378322 0.613507 0.00837381 0.0186992 0.00391845
0 0.560047 0.684352 0.0135551 0.0573147 0.00376095
22 0.494904 0.703412 0.0279796 0.0681006 0.0036716
4 0.653345 0.651033 0.0117156 0.0263257 0.00360645
0 0.593041 0.685846 0.039241 0.0662443 0.0035685
8 0.415931 0.702542 0.0210984 0.03118 0.00356366
4 0.552226 0.666249 0.0106879 0.0607101 0.0034955
0 0.718875 0.67097 0.0393299 0.107674 0.00345266
0 0.434555 0.665743 0.0129012 0.0293244 0.00338278
0 0.38318 0.668469 0.0113232 0.0176179 0.00335819
0 0.711886 0.749727 0.0647635 0.275277 0.00329289
4 0.409308 0.676541 0.0106558 0.034451 0.00327234
7 0.352001 0.638296 0.0145418 0.0166911 0.00326582
1 0.189158 0.665212 0.00919691 0.0137322 0.00319068
0 0.432001 0.673307 0.0112502 0.0251245 0.00317311
4 0.671795 0.644952 0.0477173 0.0346465 0.00302148
8 0.383012 0.678064 0.0142227 0.0261595 0.00299169
4 0.284558 0.662722 0.00848306 0.0119429 0.00297702
1 0.414148 0.662264 0.0114268 0.0197454 0.00297053
1 0.00375444 0.665025 0.00659154 0.0250024 0.00281503
0 0.735495 0.828364 0.101037 0.253031 0.00279993
4 0.705174 0.694502 0.0430717 0.0650206 0.00278463
4 0.188758 0.668183 0.00859467 0.0176039 0.00277948
22 0.556617 0.679036 0.0100381 0.0461849 0.00274001
1 0.38318 0.668469 0.0113232 0.0176179 0.00272691
4 0.286595 0.669356 0.00762872 0.0113241 0.00270911
3 0.571302 0.685595 0.0285442 0.050305 0.00269669
4 0.26926 0.681746 0.0242945 0.0254561 0.0026846
0 0.414148 0.662264 0.0114268 0.0197454 0.00266228
4 0.112598 0.67978 0.0471472 0.0346557 0.00262755
4 0.700527 0.638745 0.0632359 0.0428358 0.00261905
4 0.277822 0.674428 0.0201226 0.0198343 0.0026106
8 0.412253 0.676047 0.0171774 0.0324424 0.00259622
14 0.556664 0.675849 0.00861237 0.0518606 0.00258504
8 0.492947 0.687129 0.0256555 0.088737 0.00251414
8 0.407686 0.698824 0.0151861 0.0369135 0.00243611
3 0.535534 0.676535 0.0268768 0.0407466 0.0023319
8 0.227979 0.696146 0.0228108 0.0469776 0.00230395
4 0.152149 0.683949 0.0141424 0.0214724 0.00219035
4 0.297788 0.672363 0.0149402 0.017377 0.002187
4 0.00375444 0.665025 0.00659154 0.0250024 0.00217987
7 0.492659 0.638152 0.00669037 0.011214 0.00216124
0 0.598491 0.665372 0.0280789 0.0779497 0.00213975
8 0.634554 0.702193 0.0364766 0.0698745 0.00204628
2 0.653924 0.649342 0.0117615 0.0261365 0.00197259
6 0.386853 0.676916 0.0138151 0.025882 0.00196749
8 0.386853 0.676916 0.0138151 0.025882 0.00195043
4 0.603349 0.686134 0.0291848 0.0723907 0.00194917
3 0.576702 0.693991 0.0364122 0.0629806 0.00194278
8 0.653924 0.649342 0.0117615 0.0261365 0.00193629
5 0.400985 0.681709 0.0125454 0.0290244 0.00191689
3 0.400566 0.685503 0.0143971 0.0329862 0.00190386
8 0.409308 0.676541 0.0106558 0.034451 0.00190141
4 0.0112947 0.687736 0.0213602 0.044066 0.00185464
13 0.492659 0.638152 0.00669037 0.011214 0.00183268
0 0.445837 0.673622 0.013117 0.0289893 0.00182971
8 0.62177 0.689708 0.0272962 0.0806753 0.00179204
3 0.60365 0.696304 0.0423294 0.070701 0.00177661
5 0.386853 0.676916 0.0138151 0.025882 0.00176535
4 0.232393 0.676564 0.0294058 0.0378435 0.00171503
4 0.135109 0.688219 0.0159181 0.0201859 0.00171161
8 0.432434 0.690753 0.0125723 0.036873 0.0017055
4 0.371915 0.667626 0.0138952 0.0349238 0.00168882
8 0.548683 0.681834 0.018631 0.0367686 0.00168749
1 0.409308 0.676541 0.0106558 0.034451 0.00168688
1 0.30383 0.661399 0.00712851 0.0151876 0.00168591
3 0.733569 0.82764 0.103918 0.25009 0.001673
7 0.378856 0.620887 0.0110675 0.0164637 0.00166861
4 0.0746901 0.68393 0.0168953 0.0222022 0.00166539
1 0.446051 0.655895 0.0108944 0.0264671 0.0016609
7 0.34855 0.637785 0.0127988 0.0147595 0.00165938
1 0.386853 0.676916 0.0138151 0.025882 0.00165163
4 0.69601 0.706263 0.0249661 0.0413012 0.00164066
4 0.00415858 0.678122 0.00777591 0.0446874 0.0016302
8 0.662566 0.691597 0.0727948 0.0740481 0.00162022
13 0.495147 0.707774 0.0274362 0.061805 0.00159642
4 0.685854 0.641845 0.0599197 0.0405684 0.00159532
4 0.713919 0.674258 0.0463965 0.10332 0.00158769
1 0.35964 0.613709 0.00830182 0.0191838 0.00154894
1 0.301166 0.650926 0.0138699 0.0271156 0.00153526
8 0.543877 0.66859 0.0256164 0.0513607 0.00153195
0 0.543877 0.66859 0.0256164 0.0513607 0.00151192
4 0.142835 0.680661 0.0159382 0.0269343 0.00148146
4 0.109864 0.685571 0.036293 0.026559 0.00144287
4 0.119589 0.687116 0.0327655 0.0228201 0.00142906
0 0.412989 0.685158 0.0198501 0.0346211 0.00141858
0 0.229036 0.688183 0.0252162 0.0432815 0.00141404
8 0.535317 0.681371 0.0264976 0.0348652 0.00140817
7 0.491733 0.639671 0.01195 0.0171612 0.00139035
0 0.539605 0.674166 0.0290781 0.0429925 0.00136037
1 0.493498 0.631971 0.00684595 0.0192191 0.00133724
11 0.722616 0.669597 0.0440778 0.112384 0.00133562
4 0.568997 0.676256 0.0322905 0.0529962 0.00131462
8 0.0794886 0.682448 0.0122773 0.0200315 0.00131142
4 0.185208 0.675016 0.014934 0.0219706 0.00130444
8 0.425817 0.699337 0.0175678 0.0373673 0.00124458
1 0.347644 0.630464 0.0108866 0.0158366 0.00121835
4 0.0177983 0.68206 0.034402 0.0495017 0.00120487
13 0.603349 0.686134 0.0291848 0.0723907 0.00119601
4 0.414148 0.662264 0.0114268 0.0197454 0.00119442
6 0.38318 0.668469 0.0113232 0.0176179 0.00117874
1 0.81393 0.622921 0.0206036 0.0330024 0.00116764
0 0.640529 0.651964 0.0348809 0.0546003 0.00116229
5 0.396456 0.684471 0.0204778 0.0359178 0.00115774
3 0.662566 0.691597 0.0727948 0.0740481 0.00115747
2 0.492659 0.638152 0.00669037 0.011214 0.0011529
4 0.30383 0.661399 0.00712851 0.0151876 0.00114152
8 0.407087 0.688819 0.0216334 0.0441546 0.00112471
15 0.386853 0.676916 0.0138151 0.025882 0.00111967
4 0.186553 0.666478 0.0118746 0.0158866 0.00108226
8 0.445166 0.689572 0.0126435 0.0360339 0.00107491
8 0.522646 0.677478 0.0221425 0.0375358 0.00107326
3 0.554353 0.671666 0.0102065 0.0589467 0.00107177
6 0.408508 0.66958 0.00836502 0.0233396 0.00106706
0 0.492659 0.638152 0.00669037 0.011214 0.00105821
7 0.452361 0.641063 0.00835223 0.0112013 0.0010534
4 0.431018 0.655248 0.0151487 0.0234998 0.0010504
4 0.264128 0.677656 0.0197786 0.0288712 0.00104161
5 0.383012 0.678064 0.0142227 0.0261595 0.00103634
0 0.628591 0.698077 0.0473961 0.071713 0.00102273
4 0.62908 0.694831 0.0437548 0.0756813 0.00101669
1 0.226561 0.644045 0.00994853 0.013157 0.00100168
