4 0.0555688 0.586257 0.0855877 0.087538 0.902548
1 0.173386 0.507164 0.0271483 0.0245326 0.721546
42 0.426456 0.531976 0.0363652 0.0187062 0.708017
0 0.424466 0.580063 0.0192712 0.0716562 0.66698
4 0.193473 0.558373 0.0148198 0.0176414 0.615952
8 0.560114 0.589115 0.0252891 0.0480985 0.488648
3 0.585477 0.592564 0.037415 0.0533739 0.478565
1 0.136225 0.51617 0.0106653 0.0177494 0.36072
4 0.148008 0.559461 0.013747 0.0205307 0.330355
3 0.560079 0.59001 0.0251806 0.0471536 0.316885
1 0.124141 0.508366 0.0128474 0.0286173 0.303088
4 0.123762 0.554186 0.0223224 0.0208791 0.230129
3 0.612354 0.592643 0.0364269 0.0576122 0.195082
3 0.531447 0.58609 0.0261238 0.0370006 0.177874
1 0.308598 0.492907 0.0157665 0.0152065 0.176399
1 0.135411 0.522278 0.00912495 0.0149348 0.169982
42 0.425013 0.537771 0.0307321 0.0291528 0.16024
4 0.168407 0.547088 0.0172209 0.0192339 0.109701
12 0.527172 0.544306 0.0985013 0.1259 0.0993446
4 0.120581 0.556661 0.0198002 0.0208454 0.0734421
1 0.217727 0.506134 0.0125175 0.0114984 0.071528
4 0.176899 0.551242 0.0101372 0.0150439 0.0672749
4 0.135295 0.554545 0.00975359 0.016067 0.065805
3 0.52286 0.584731 0.0197223 0.0358452 0.0617753
4 0.315899 0.560716 0.0472342 0.0470305 0.0577414
4 0.16173 0.552344 0.00979796 0.0163654 0.0559913
1 0.182514 0.508365 0.0113666 0.0241354 0.0492558
0 0.561514 0.567329 0.0228111 0.0853707 0.0467255
6 0.168407 0.547088 0.0172209 0.0192339 0.0458534
3 0.57703 0.585024 0.0483727 0.0640072 0.0426801
4 0.0936287 0.55959 0.0150509 0.0264525 0.0415642
43 0.766736 0.49941 0.466528 0.99882 0.0410729
3 0.545419 0.590262 0.0467651 0.0472042 0.0405056
1 0.137396 0.51122 0.013446 0.0214111 0.0398923
3 0.56158 0.567015 0.0233386 0.0850819 0.0322104
3 0.509784 0.583815 0.0238455 0.0366862 0.0316365
1 0.229213 0.51287 0.00884557 0.0127844 0.0307043
4 0.156284 0.554465 0.00787103 0.0172142 0.0303522
1 0.104814 0.506484 0.0252806 0.0381836 0.0291541
6 0.123762 0.554186 0.0223224 0.0208791 0.0282681
4 0.167667 0.556393 0.0206968 0.0228748 0.0263586
1 0.126323 0.504282 0.0172105 0.0254408 0.0259772
3 0.63409 0.596238 0.0443748 0.0524895 0.0254326
4 0.183051 0.557704 0.0122648 0.0188684 0.0249587
0 0.435197 0.574926 0.0140333 0.0720495 0.0247034
3 0.424395 0.580732 0.0195119 0.0719969 0.0244216
1 0.12361 0.520739 0.0130371 0.0185527 0.0225298
1 0.137365 0.520554 0.013241 0.0181401 0.0222467
4 0.217605 0.548923 0.00581122 0.0123635 0.0208357
0 0.429216 0.578817 0.0177885 0.0722655 0.0197088
1 0.154082 0.525515 0.00673203 0.012055 0.0187091
0 0.437777 0.567046 0.014786 0.0478904 0.0175374
6 0.176899 0.551242 0.0101372 0.0150439 0.0173936
4 0.107128 0.558116 0.0152292 0.0201585 0.0163113
25 0.426679 0.531555 0.0360639 0.0214672 0.0150459
4 0.154082 0.525515 0.00673203 0.012055 0.0130749
1 0.228299 0.522704 0.00866254 0.0157142 0.0129367
1 0.153531 0.507104 0.00915781 0.0185457 0.0125726
8 0.531447 0.58609 0.0261238 0.0370006 0.0124981
5 0.55971 0.588561 0.0255015 0.0496609 0.011246
6 0.193619 0.557212 0.0145163 0.0192704 0.0111882
8 0.585561 0.59218 0.0355121 0.0529861 0.0109028
4 0.00759348 0.577307 0.0133145 0.0197378 0.0108654
1 0.306117 0.502036 0.0187208 0.0338148 0.0107082
1 0.00891546 0.524099 0.0135115 0.0206589 0.0101806
6 0.0976765 0.522911 0.0234954 0.0241205 0.00982572
4 0.110673 0.554025 0.0144498 0.0189078 0.00973534
6 0.135411 0.522278 0.00912495 0.0149348 0.00955011
42 0.436131 0.540804 0.0181463 0.0204362 0.00904218
6 0.148017 0.557364 0.0132701 0.0209024 0.00845557
3 0.654275 0.582603 0.0251067 0.0702683 0.00843851
4 0.725245 0.460051 0.0273647 0.0498234 0.00834296
1 0.0868432 0.514816 0.00811781 0.0189063 0.00826257
1 0.219047 0.512908 0.0154745 0.0191887 0.00807521
4 0.212048 0.555285 0.00422652 0.00886818 0.00802983
6 0.12361 0.520739 0.0130371 0.0185527 0.00793897
6 0.101172 0.508734 0.0265179 0.0364424 0.00787664
42 0.435197 0.574926 0.0140333 0.0720495 0.00769486
4 0.00828623 0.571983 0.0146834 0.0263869 0.00758883
6 0.103766 0.523432 0.0268334 0.0250207 0.00748029
3 0.515282 0.582291 0.0252835 0.0390663 0.00718992
0 0.560079 0.59001 0.0251806 0.0471536 0.00715847
1 0.0817813 0.487225 0.0184985 0.0454204 0.00679538
0 0.148008 0.559461 0.013747 0.0205307 0.00653893
1 0.0851515 0.521093 0.010819 0.0252482 0.0065305
1 0.0831999 0.507126 0.014883 0.0165052 0.00647566
6 0.0930972 0.558042 0.0166702 0.0291909 0.00644112
1 0.00903325 0.516394 0.014994 0.0218712 0.00615096
8 0.511591 0.58605 0.0255793 0.0345632 0.00607809
3 0.602177 0.598697 0.044824 0.0595473 0.00604838
3 0.65369 0.597403 0.0242577 0.0466771 0.00578986
42 0.421953 0.577527 0.0233968 0.0766341 0.00573643
8 0.424395 0.580732 0.0195119 0.0719969 0.00512673
1 0.218284 0.499112 0.011994 0.0154069 0.00502787
1 0.233855 0.453835 0.0241777 0.0131704 0.00500464
3 0.554143 0.581123 0.0372325 0.0495021 0.00483333
6 0.154082 0.525515 0.00673203 0.012055 0.00465649
4 0.24032 0.552038 0.010527 0.0169024 0.00461606
1 0.232456 0.496445 0.0150892 0.0165095 0.00460452
8 0.545419 0.590262 0.0467651 0.0472042 0.00458005
6 0.118323 0.555032 0.016583 0.0160091 0.00447674
4 0.0885705 0.557433 0.0204633 0.0255564 0.00446989
4 0.237899 0.554326 0.00763092 0.0148375 0.00436091
5 0.193473 0.558373 0.0148198 0.0176414 0.00425797
4 0.0207648 0.567388 0.0170232 0.033031 0.00424254
6 0.110673 0.554025 0.0144498 0.0189078 0.0040923
6 0.137365 0.520554 0.013241 0.0181401 0.00406985
5 0.148008 0.559461 0.013747 0.0205307 0.00402101
4 0.0387473 0.56445 0.0536783 0.0419557 0.0038873
8 0.148008 0.559461 0.013747 0.0205307 0.00371144
1 0.30725 0.481157 0.0147682 0.0197109 0.00356755
5 0.168407 0.547088 0.0172209 0.0192339 0.00352699
32 0.509784 0.583815 0.0238455 0.0366862 0.00349762
4 0.204848 0.553526 0.00550351 0.0136339 0.00347746
1 0.0976765 0.522911 0.0234954 0.0241205 0.00335917
4 0.0173176 0.575918 0.0106972 0.0220541 0.00334645
1 0.235771 0.454835 0.0285392 0.0194725 0.00319679
4 0.148789 0.545812 0.0105644 0.0172985 0.00318783
1 0.103766 0.523432 0.0268334 0.0250207 0.00313629
8 0.611174 0.59362 0.0347675 0.0549087 0.00308976
6 0.156284 0.554465 0.00787103 0.0172142 0.00299662
4 0.229157 0.551183 0.00972717 0.0150134 0.00298218
2 0.497299 0.737952 0.0157592 0.0156756 0.00294814
6 0.124141 0.508366 0.0128474 0.0286173 0.00292096
4 0.0335659 0.56014 0.0355066 0.0317914 0.00287488
1 0.142847 0.50157 0.0153598 0.0210201 0.00283172
4 0.194049 0.548456 0.0146398 0.0212045 0.00278667
3 0.548788 0.555408 0.0475219 0.0850751 0.00277754
1 0.300343 0.501335 0.0308788 0.0357748 0.00275055
6 0.148789 0.545812 0.0105644 0.0172985 0.00271387
32 0.52286 0.584731 0.0197223 0.0358452 0.00270314
6 0.136094 0.513358 0.0110589 0.0240984 0.00270181
4 0.168765 0.528535 0.0164441 0.0153517 0.00268004
0 0.156284 0.554465 0.00787103 0.0172142 0.00260227
0 0.0930972 0.558042 0.0166702 0.0291909 0.00250379
4 0.720859 0.473002 0.0363589 0.0710701 0.00244821
1 0.17744 0.520526 0.0138097 0.0206125 0.00242085
3 0.582226 0.60982 0.0410093 0.0707942 0.00241252
32 0.531447 0.58609 0.0261238 0.0370006 0.00237078
3 0.49802 0.582231 0.027265 0.0392557 0.00233265
3 0.429216 0.578817 0.0177885 0.0722655 0.00230621
4 0.135411 0.522278 0.00912495 0.0149348 0.00218774
14 0.531447 0.58609 0.0261238 0.0370006 0.00218244
4 0.424207 0.580631 0.0198537 0.071262 0.00213579
0 0.436131 0.540804 0.0181463 0.0204362 0.0021174
14 0.511591 0.58605 0.0255793 0.0345632 0.0021128
6 0.16173 0.552344 0.00979796 0.0163654 0.00210919
4 0.560079 0.59001 0.0251806 0.0471536 0.00210869
18 0.531447 0.58609 0.0261238 0.0370006 0.00202902
6 0.194049 0.548456 0.0146398 0.0212045 0.00201983
4 0.21672 0.557658 0.00723264 0.0185698 0.00201579
4 0.738169 0.429304 0.0211924 0.0355406 0.00193206
22 0.560079 0.59001 0.0251806 0.0471536 0.00190592
3 0.641629 0.583709 0.0406055 0.0723754 0.00189417
8 0.52286 0.584731 0.0197223 0.0358452 0.00188393
1 0.242418 0.496332 0.00996658 0.0149163 0.00185999
6 0.228299 0.522704 0.00866254 0.0157142 0.00185658
8 0.00759348 0.577307 0.0133145 0.0197378 0.0018533
1 0.240401 0.511459 0.00915746 0.0120453 0.00184854
5 0.176899 0.551242 0.0101372 0.0150439 0.0018269
1 0.187848 0.505247 0.0120941 0.0165929 0.00177606
0 0.425052 0.544783 0.0313855 0.0331266 0.00177389
5 0.585561 0.59218 0.0355121 0.0529861 0.0017274
4 0.251369 0.561527 0.0141826 0.0202973 0.00171329
1 0.231922 0.517016 0.0131905 0.0139853 0.00170104
1 0.168407 0.547088 0.0172209 0.0192339 0.00168798
1 0.209186 0.510864 0.00846237 0.013678 0.00168402
1 0.105444 0.494117 0.0251608 0.0575638 0.00167311
34 0.6552 0.0375197 0.122554 0.0750394 0.00167095
2 0.502773 0.73925 0.0168463 0.0157717 0.00166226
4 0.199015 0.558235 0.0145327 0.0175194 0.00164698
12 0.545025 0.553729 0.0461948 0.0900451 0.00162783
1 0.0131462 0.513832 0.0162838 0.0210151 0.0016024
6 0.0851515 0.521093 0.010819 0.0252482 0.00158586
1 0.00878287 0.48665 0.0148809 0.0153826 0.0015799
0 0.176899 0.551242 0.0101372 0.0150439 0.00157881
5 0.531447 0.58609 0.0261238 0.0370006 0.00155812
6 0.0999193 0.544548 0.018185 0.0195438 0.00155318
4 0.734 0.43976 0.0181836 0.0179621 0.00154504
3 0.606067 0.584735 0.0493601 0.0697872 0.00154161
1 0.27739 0.509283 0.0159535 0.0253091 0.00153473
4 0.245203 0.55817 0.00996333 0.0209094 0.00152723
4 0.300138 0.552766 0.0213534 0.0399784 0.0015119
5 0.123762 0.554186 0.0223224 0.0208791 0.00151006
7 0.229213 0.51287 0.00884557 0.0127844 0.00149366
1 0.55971 0.588561 0.0255015 0.0496609 0.00148035
6 0.217727 0.506134 0.0125175 0.0114984 0.00144988
1 0.251502 0.524887 0.0113132 0.0166454 0.00143387
1 0.148789 0.545812 0.0105644 0.0172985 0.00141002
6 0.229213 0.51287 0.00884557 0.0127844 0.00139884
1 0.426679 0.531555 0.0360639 0.0214672 0.00137245
4 0.232971 0.558042 0.00728932 0.0177387 0.00137136
7 0.136225 0.51617 0.0106653 0.0177494 0.00135572
1 0.221373 0.532351 0.00941693 0.0133894 0.00134996
2 0.426679 0.531555 0.0360639 0.0214672 0.00134473
1 0.194411 0.536206 0.0117159 0.01839 0.00133722
0 0.426679 0.531555 0.0360639 0.0214672 0.00132925
4 0.0519151 0.55632 0.0510576 0.0260177 0.0013271
4 0.27895 0.554306 0.0250661 0.0413571 0.00132414
1 0.176899 0.551242 0.0101372 0.0150439 0.0013175
4 0.271202 0.562658 0.0121515 0.0197958 0.00130414
1 0.168765 0.528535 0.0164441 0.0153517 0.00129092
6 0.217605 0.548923 0.00581122 0.0123635 0.00128293
1 0.153714 0.499963 0.012849 0.0179003 0.00128012
15 0.168407 0.547088 0.0172209 0.0192339 0.00124226
25 0.425013 0.537771 0.0307321 0.0291528 0.00123087
4 0.228299 0.522704 0.00866254 0.0157142 0.00121682
5 0.156284 0.554465 0.00787103 0.0172142 0.00119727
18 0.52286 0.584731 0.0197223 0.0358452 0.00119436
1 0.277233 0.498148 0.0123112 0.0223271 0.00118119
0 0.41675 0.580288 0.0247027 0.0489819 0.00117078
1 0.0974301 0.491323 0.0182523 0.0460642 0.00116885
1 0.015081 0.522939 0.0140193 0.0211492 0.00116784
18 0.511591 0.58605 0.0255793 0.0345632 0.00115538
4 0.17744 0.520526 0.0138097 0.0206125 0.0011526
42 0.437777 0.567046 0.014786 0.0478904 0.00113321
3 0.563971 0.5947 0.0330164 0.060154 0.00113164
7 0.0868432 0.514816 0.00811781 0.0189063 0.00112813
6 0.168765 0.528535 0.0164441 0.0153517 0.00112744
6 0.0831999 0.507126 0.014883 0.0165052 0.00111105
8 0.429216 0.578817 0.0177885 0.0722655 0.00110105
2 0.425013 0.537771 0.0307321 0.0291528 0.00109961
1 0.194049 0.548456 0.0146398 0.0212045 0.00109518
18 0.587168 0.593576 0.0382032 0.0524438 0.00109381
0 0.58524 0.587589 0.0339217 0.0606989 0.00107856
46 0.621691 0.0629008 0.453667 0.125802 0.00106074
14 0.494825 0.577972 0.0206662 0.0393859 0.00105091
1 0.0550137 0.495749 0.0103792 0.0178245 0.00103859
4 0.188724 0.57692 0.0365985 0.0593613 0.00103543
0 0.123762 0.554186 0.0223224 0.0208791 0.00101238
3 0.653605 0.618323 0.0250967 0.0401585 0.0010043
