1 0.645193 0.823871 0.05209 0.0484561 0.843598
4 0.533316 0.884275 0.0296131 0.034465 0.823395
4 0.487146 0.701533 0.023428 0.0166459 0.22194
4 0.562315 0.856036 0.0108434 0.0110103 0.179975
1 0.581366 0.692916 0.055907 0.0868117 0.175914
4 0.552438 0.861415 0.0098996 0.0108714 0.0965582
4 0.543384 0.8519 0.0114881 0.0119146 0.0605036
6 0.58182 0.693423 0.0544825 0.0861619 0.0593925
4 0.5633 0.860334 0.012884 0.0128388 0.0438653
1 0.642918 0.680225 0.135868 0.0742148 0.0394411
1 0.563435 0.824666 0.0106351 0.0146213 0.035954
4 0.538327 0.859272 0.0134959 0.0115128 0.0323414
4 0.563707 0.853263 0.0113693 0.0142876 0.0323326
1 0.495803 0.814843 0.0091022 0.0155418 0.0282732
1 0.496393 0.823599 0.00919473 0.0164376 0.0276133
4 0.53345 0.850908 0.0085376 0.0107065 0.0274411
1 0.418972 0.806201 0.011721 0.0204947 0.0220913
4 0.510879 0.887856 0.0180013 0.028109 0.0216595
4 0.552523 0.854394 0.0101508 0.0144869 0.0214797
4 0.486678 0.859914 0.0102613 0.00813869 0.019679
1 0.43504 0.812612 0.00980692 0.0159795 0.0191277
6 0.495803 0.814843 0.0091022 0.0155418 0.0191132
1 0.436077 0.814819 0.00726846 0.0147548 0.0188886
6 0.543384 0.8519 0.0114881 0.0119146 0.0178533
1 0.417529 0.796175 0.011457 0.0367604 0.0158128
4 0.474766 0.702605 0.0491357 0.0166027 0.0148207
1 0.543384 0.8519 0.0114881 0.0119146 0.0144713
4 0.523524 0.876542 0.0121958 0.0215313 0.0120379
6 0.563435 0.824666 0.0106351 0.0146213 0.011416
4 0.488696 0.862293 0.0128856 0.0109315 0.0112218
1 0.983503 0.752928 0.0297247 0.0951611 0.0109127
6 0.496393 0.823599 0.00919473 0.0164376 0.0105926
1 0.44479 0.808164 0.0124233 0.0141259 0.0104095
4 0.563435 0.824666 0.0106351 0.0146213 0.00989066
1 0.456534 0.808693 0.0186156 0.0125535 0.00982257
1 0.549706 0.842524 0.0101239 0.0158411 0.00963581
1 0.441943 0.800341 0.00685614 0.0182192 0.00951049
1 0.500689 0.82993 0.0104702 0.01217 0.00909813
1 0.476027 0.809041 0.0159606 0.0169823 0.00806828
4 0.47975 0.86301 0.00857004 0.010153 0.0079046
1 0.470792 0.810397 0.0109537 0.0128332 0.00771954
1 0.496287 0.838142 0.0128304 0.0113251 0.00760906
4 0.505614 0.864897 0.00879181 0.00572641 0.00604626
1 0.513071 0.724289 0.024513 0.0236658 0.00598283
1 0.53345 0.850908 0.0085376 0.0107065 0.00597204
1 0.499847 0.815323 0.011906 0.0153348 0.00555053
1 0.671171 0.679792 0.0690096 0.0589421 0.00548417
6 0.562315 0.856036 0.0108434 0.0110103 0.00547215
6 0.563707 0.853263 0.0113693 0.0142876 0.00545578
1 0.43494 0.801307 0.0101181 0.022025 0.00504513
6 0.552523 0.854394 0.0101508 0.0144869 0.00484016
1 0.624117 0.714381 0.0329554 0.0200152 0.00483201
1 0.492088 0.785922 0.00787296 0.0171887 0.00473401
4 0.563647 0.819032 0.0115911 0.0202602 0.0046173
1 0.481443 0.853161 0.00789752 0.0166235 0.00446241
1 0.56118 0.825417 0.0112715 0.016328 0.00411256
6 0.48686 0.701588 0.0225505 0.0165793 0.00393736
6 0.53345 0.850908 0.0085376 0.0107065 0.0038942
1 0.454577 0.798936 0.0145902 0.0156833 0.00385314
1 0.563647 0.819032 0.0115911 0.0202602 0.00374416
6 0.538327 0.859272 0.0134959 0.0115128 0.00368521
6 0.476027 0.809041 0.0159606 0.0169823 0.00353674
15 0.543384 0.8519 0.0114881 0.0119146 0.0034791
4 0.527204 0.88714 0.0234991 0.0350816 0.00334683
4 0.513093 0.857903 0.0131272 0.00890536 0.0031827
4 0.549762 0.87908 0.0129403 0.0196853 0.00313291
1 0.481761 0.832004 0.00980377 0.0119737 0.00299556
4 0.60989 0.880412 0.0179179 0.0115269 0.00299037
1 0.631547 0.862804 0.0290272 0.0247463 0.00298723
1 0.469786 0.827215 0.0105009 0.0121344 0.00294975
4 0.495803 0.814843 0.0091022 0.0155418 0.00290114
1 0.461821 0.815725 0.0103897 0.0115863 0.0028901
1 0.44021 0.822081 0.00907553 0.0153301 0.00269052
0 0.351702 0.694917 0.00880258 0.0136316 0.00268678
6 0.563647 0.819032 0.0115911 0.0202602 0.00244523
15 0.562315 0.856036 0.0108434 0.0110103 0.00234798
1 0.491874 0.781829 0.00871237 0.0203965 0.0023337
6 0.503117 0.848914 0.010899 0.0146712 0.00226605
6 0.486678 0.859914 0.0102613 0.00813869 0.0022503
4 0.451094 0.690611 0.0104191 0.0407075 0.00222763
1 0.434481 0.820176 0.00967593 0.0184953 0.0021015
15 0.48686 0.701588 0.0225505 0.0165793 0.00209773
6 0.470792 0.810397 0.0109537 0.0128332 0.00206825
46 0.182934 0.11026 0.333002 0.211418 0.00200806
6 0.624016 0.71466 0.0318516 0.0198283 0.0019688
1 0.503117 0.848914 0.010899 0.0146712 0.00196176
1 0.533547 0.811925 0.016524 0.0220876 0.00194387
6 0.49659 0.853667 0.00972241 0.0144434 0.00192504
4 0.446947 0.688502 0.0177017 0.036694 0.00191818
1 0.563707 0.853263 0.0113693 0.0142876 0.00187277
1 0.490504 0.820626 0.0152885 0.0117737 0.00183645
15 0.56304 0.823651 0.0110228 0.0164669 0.00182737
6 0.500689 0.82993 0.0104702 0.01217 0.00176475
1 0.487096 0.701335 0.0228145 0.0159135 0.00176292
6 0.552438 0.861415 0.0098996 0.0108714 0.00167295
46 0.187771 0.169643 0.22836 0.230863 0.00164834
1 0.562315 0.856036 0.0108434 0.0110103 0.00162851
1 0.479671 0.797939 0.0107279 0.0142061 0.00160489
4 0.496393 0.823599 0.00919473 0.0164376 0.00159934
4 0.614424 0.880699 0.0129384 0.0115804 0.00156328
1 0.469975 0.799255 0.0106822 0.0160085 0.00150871
15 0.538327 0.859272 0.0134959 0.0115128 0.0013765
6 0.529658 0.718913 0.0502777 0.0263013 0.00137291
4 0.49659 0.853667 0.00972241 0.0144434 0.00127603
6 0.5633 0.860334 0.012884 0.0128388 0.00125989
4 0.56118 0.825417 0.0112715 0.016328 0.00125314
1 0.472757 0.84558 0.0109386 0.016346 0.00124494
2 0.351702 0.694917 0.00880258 0.0136316 0.00122932
6 0.44479 0.808164 0.0124233 0.0141259 0.00122736
6 0.481443 0.853161 0.00789752 0.0166235 0.00117572
6 0.513093 0.857903 0.0131272 0.00890536 0.00115185
6 0.56118 0.825417 0.0112715 0.016328 0.00111639
6 0.499847 0.815323 0.011906 0.0153348 0.00111466
6 0.513071 0.724289 0.024513 0.0236658 0.00106718
1 0.460758 0.824974 0.0151754 0.012964 0.001061
0 0.451094 0.690611 0.0104191 0.0407075 0.00106014
4 0.61762 0.728109 0.0186245 0.0164946 0.00105989
1 0.48995 0.785884 0.00831073 0.0154323 0.00104591
1 0.592989 0.688129 0.0312094 0.0761581 0.00104517
1 0.552523 0.854394 0.0101508 0.0144869 0.00102987
1 0.404698 0.780862 0.0206447 0.0483355 0.00102368
6 0.597548 0.729674 0.0217991 0.0162339 0.0010148
1 0.560587 0.721938 0.0222772 0.0239861 0.00101319
1 0.351702 0.694917 0.00880258 0.0136316 0.00100872
