28 0.597421 0.657127 0.200249 0.272499 0.965283
8 0.245569 0.678175 0.394795 0.639198 0.922214
8 0.103095 0.624195 0.205502 0.744451 0.764706
13 0.0153895 0.308728 0.0295946 0.115982 0.304469
4 0.014906 0.311596 0.0288519 0.121333 0.0295164
8 0.0582789 0.424602 0.115851 0.350337 0.0251831
17 0.597421 0.657127 0.200249 0.272499 0.00883478
8 0.159821 0.637522 0.28663 0.643185 0.00807565
8 0.0150978 0.309985 0.0298086 0.117597 0.0056104
2 0.262596 0.477473 0.0728714 0.250207 0.00363669
11 0.014906 0.311596 0.0288519 0.121333 0.00352626
13 0.275273 0.398168 0.0514829 0.0848224 0.00288678
8 0.0307128 0.413064 0.0601295 0.32166 0.00277347
6 0.595346 0.657112 0.20709 0.274825 0.00267845
10 0.463721 0.72769 0.0207368 0.0700982 0.00181804
10 0.710603 0.420115 0.00984784 0.0367482 0.00177779
13 0.27022 0.418397 0.0449275 0.0845342 0.00172054
8 0.325045 0.675263 0.23314 0.649473 0.00127587
8 0.259291 0.478482 0.0752609 0.255192 0.00111188
