15 0.0610462 0.787511 0.105178 0.172498 0.946806
4 0.175373 0.816694 0.0590296 0.0725358 0.894118
4 0.133063 0.814679 0.0405965 0.0615624 0.824878
1 0.414622 0.720134 0.016305 0.0680678 0.816323
4 0.376202 0.810132 0.0703915 0.0518549 0.78036
0 0.259649 0.803856 0.0190693 0.0538526 0.749298
4 0.230289 0.810399 0.047176 0.0419264 0.749191
1 0.483409 0.681946 0.0305242 0.0504828 0.710749
15 0.810345 0.769247 0.0965488 0.0551855 0.670994
4 0.977558 0.790957 0.0416605 0.0162891 0.621119
4 0.775505 0.783034 0.0376841 0.0356869 0.492526
4 0.475767 0.7963 0.0620509 0.043261 0.476787
8 0.464328 0.855089 0.051037 0.0756863 0.466148
0 0.434347 0.812152 0.0157455 0.0809169 0.440835
0 0.426349 0.814176 0.0291896 0.0866168 0.425918
0 0.422788 0.824954 0.0256429 0.0655963 0.407516
15 0.870366 0.768071 0.127329 0.0546135 0.387258
15 0.830731 0.767369 0.0568116 0.0536726 0.383024
3 0.462476 0.843975 0.0505613 0.0779352 0.378686
4 0.403775 0.79078 0.0208483 0.0166101 0.370808
0 0.33408 0.812181 0.0152075 0.0529408 0.368404
2 0.0414771 0.46726 0.0117074 0.0204445 0.351513
0 0.292525 0.807651 0.0220207 0.0513704 0.325117
4 0.518551 0.798613 0.0242523 0.0355942 0.29412
1 0.484196 0.717843 0.0376492 0.0234023 0.241465
2 0.217008 0.470166 0.0109516 0.0217443 0.239507
7 0.150102 0.466958 0.0159949 0.0287197 0.226842
4 0.289036 0.807595 0.030016 0.0482887 0.210083
2 0.30829 0.470374 0.00788486 0.0198651 0.209168
8 0.422992 0.83028 0.0271122 0.0561958 0.203979
8 0.288757 0.814047 0.0291751 0.0407371 0.18777
4 0.300908 0.812182 0.0534731 0.0456738 0.184361
15 0.00969752 0.780075 0.017426 0.112942 0.178214
0 0.502942 0.800319 0.0155473 0.0420726 0.176612
15 0.894976 0.771209 0.0772492 0.04863 0.171365
3 0.454947 0.837248 0.0425085 0.0589914 0.169226
0 0.434437 0.795281 0.0155872 0.0565697 0.146929
0 0.468422 0.819566 0.0352605 0.083716 0.137097
4 0.216293 0.809525 0.0304899 0.0398309 0.135964
4 0.209868 0.799186 0.0185349 0.0198031 0.132216
0 0.337007 0.808473 0.014925 0.049036 0.122948
4 0.109696 0.810194 0.0102035 0.0519208 0.120184
0 0.479264 0.808506 0.0394279 0.0687939 0.10726
15 0.913817 0.771396 0.0421943 0.04796 0.0986348
0 0.774231 0.781384 0.0357947 0.0378508 0.0967155
1 0.484227 0.70302 0.0355097 0.0518087 0.0937877
4 0.297746 0.801407 0.0294798 0.0392376 0.0924407
4 0.524179 0.798893 0.0165896 0.0333604 0.087103
4 0.354736 0.812538 0.030967 0.0463096 0.0859532
4 0.458256 0.797767 0.0302294 0.0444512 0.0803683
2 0.273145 0.469203 0.00965875 0.0187036 0.0795114
3 0.422992 0.83028 0.0271122 0.0561958 0.0763132
0 0.454995 0.815494 0.0228198 0.065272 0.0682698
4 0.805623 0.795942 0.0315322 0.0126013 0.0673747
8 0.333794 0.817503 0.0163027 0.0463359 0.0653192
4 0.487801 0.798651 0.0382313 0.0465337 0.0635015
15 0.850098 0.766124 0.0769889 0.0557272 0.0634391
8 0.479252 0.85013 0.0538176 0.0751084 0.0632943
1 0.509818 0.69913 0.0218477 0.0263523 0.0617312
4 0.135485 0.788705 0.0364793 0.0139998 0.0589709
0 0.472187 0.833962 0.0300284 0.0613459 0.0555052
2 0.284293 0.469922 0.0102461 0.0188865 0.0531672
4 0.807672 0.770433 0.100608 0.0576669 0.0524305
7 0.0414771 0.46726 0.0117074 0.0204445 0.0518365
8 0.522242 0.806248 0.0159284 0.0430356 0.0518317
4 0.303608 0.793053 0.0398008 0.0274337 0.0480149
8 0.462444 0.832181 0.0471066 0.0626978 0.0474849
2 0.80306 0.582147 0.00974378 0.0122025 0.0469772
4 0.321414 0.815843 0.0149418 0.0351797 0.0459552
4 0.522242 0.806248 0.0159284 0.0430356 0.045767
0 0.522242 0.806248 0.0159284 0.0430356 0.0441156
2 0.295847 0.470466 0.0108449 0.0192019 0.0439627
6 0.877655 0.774327 0.0411711 0.0377375 0.0431951
8 0.323103 0.819347 0.0141667 0.0389924 0.0423443
8 0.501969 0.846118 0.0122986 0.0474007 0.0416877
6 0.893762 0.770405 0.0764977 0.0487549 0.0414436
8 0.502635 0.800992 0.0152191 0.0427009 0.0404611
8 0.448062 0.842353 0.0429915 0.0664932 0.0399289
0 0.508588 0.804247 0.020155 0.045505 0.0378087
8 0.485736 0.841316 0.0424425 0.0612431 0.0376174
1 0.508627 0.706633 0.0218772 0.034513 0.0349608
0 0.487801 0.798651 0.0382313 0.0465337 0.0342602
0 0.438986 0.827856 0.0233826 0.061883 0.033729
4 0.811825 0.795935 0.0356305 0.0105558 0.032949
2 0.117259 0.477088 0.00949924 0.0138109 0.0320736
8 0.494275 0.842532 0.0306391 0.0582876 0.0319436
4 0.924472 0.794055 0.0237784 0.00781396 0.031009
7 0.154183 0.469427 0.0197589 0.0279788 0.0310013
4 0.94294 0.792463 0.0192791 0.00953769 0.0308349
3 0.333794 0.817503 0.0163027 0.0463359 0.0299406
4 0.337172 0.813259 0.016619 0.0470697 0.0296876
0 0.423057 0.806314 0.0202232 0.0515081 0.0293643
2 0.792631 0.585885 0.00795136 0.00985596 0.0287062
1 0.363097 0.721667 0.0123936 0.0192847 0.02749
4 0.311848 0.800379 0.0206295 0.0246954 0.0270531
0 0.782001 0.754002 0.0148357 0.0138976 0.0266959
5 0.422992 0.83028 0.0271122 0.0561958 0.0265223
4 0.260149 0.804084 0.0186984 0.0531162 0.0260917
4 0.404384 0.784463 0.021232 0.0247511 0.0259778
0 0.334141 0.799605 0.013738 0.0615303 0.0251341
3 0.494275 0.842532 0.0306391 0.0582876 0.0249708
1 0.280364 0.774337 0.0117092 0.0226434 0.0246827
3 0.501969 0.846118 0.0122986 0.0474007 0.0244675
2 0.210392 0.467086 0.0131339 0.0243879 0.0237955
2 0.149938 0.465264 0.0165887 0.0268948 0.0233698
6 0.917107 0.771835 0.0486606 0.0481053 0.0232204
1 0.509282 0.685385 0.0225231 0.0275296 0.0227575
0 0.513731 0.798243 0.0237403 0.0380087 0.0224257
4 0.211485 0.788303 0.0174972 0.0198694 0.0222044
4 0.184995 0.80343 0.0426773 0.0467384 0.0221077
4 0.502942 0.800319 0.0155473 0.0420726 0.0221025
6 0.807672 0.770433 0.100608 0.0576669 0.0217526
8 0.508588 0.804247 0.020155 0.045505 0.0214658
3 0.323103 0.819347 0.0141667 0.0389924 0.020974
12 0.917107 0.771835 0.0486606 0.0481053 0.0207169
1 0.519402 0.739758 0.0164077 0.0364884 0.0204761
4 0.150198 0.789442 0.0168949 0.0185697 0.0200575
2 0.362098 0.721198 0.0130355 0.0208554 0.0199194
13 0.280364 0.774337 0.0117092 0.0226434 0.0198347
0 0.47455 0.80036 0.0625694 0.0533646 0.019276
4 0.295401 0.780556 0.0129511 0.0174597 0.0182364
8 0.47455 0.80036 0.0625694 0.0533646 0.0182301
15 0.909674 0.779555 0.0425552 0.0380259 0.0179403
4 0.479264 0.808506 0.0394279 0.0687939 0.017209
3 0.367757 0.834114 0.0212633 0.0605119 0.0171388
8 0.260267 0.803976 0.018858 0.0532479 0.0170759
13 0.434437 0.795281 0.0155872 0.0565697 0.016964
8 0.520666 0.814903 0.0164255 0.0317918 0.0169616
4 0.233035 0.791679 0.0426392 0.0204252 0.0160827
8 0.300908 0.812182 0.0534731 0.0456738 0.0160355
4 0.140156 0.780921 0.0279153 0.0175321 0.0155366
7 0.060906 0.453219 0.0109188 0.027646 0.0155363
0 0.404795 0.789588 0.0227663 0.0203391 0.0152884
4 0.85347 0.795215 0.0136098 0.00950152 0.0152595
0 0.287591 0.812788 0.0268573 0.0412929 0.0152335
1 0.520339 0.746339 0.0136078 0.0302426 0.0151277
13 0.266651 0.787351 0.0282521 0.0343899 0.014638
2 0.379289 0.644738 0.00690967 0.0130038 0.0145337
8 0.502332 0.820707 0.0156884 0.0498874 0.0145033
4 0.914295 0.786442 0.0367468 0.0243755 0.0144957
3 0.398649 0.835056 0.0267095 0.0518384 0.0142187
5 0.774231 0.781384 0.0357947 0.0378508 0.0139858
4 0.334236 0.810265 0.0169588 0.0583946 0.0139114
8 0.472187 0.833962 0.0300284 0.0613459 0.0138081
1 0.868874 0.634274 0.045258 0.269801 0.0137499
6 0.858553 0.769225 0.155529 0.0554216 0.0136919
2 0.0428258 0.414745 0.021482 0.0168712 0.0135896
42 0.403775 0.79078 0.0208483 0.0166101 0.0128201
0 0.520666 0.814903 0.0164255 0.0317918 0.0126573
2 0.015193 0.421242 0.0111048 0.0107036 0.0126403
0 0.323103 0.819347 0.0141667 0.0389924 0.0125119
0 0.295401 0.780556 0.0129511 0.0174597 0.0123609
4 0.479599 0.78939 0.0301007 0.0348644 0.0123258
3 0.381683 0.832771 0.049445 0.061737 0.0122688
4 0.401237 0.78169 0.0206591 0.0216913 0.0121508
4 0.976922 0.797269 0.0429243 0.028103 0.0120554
4 0.886423 0.773379 0.0634001 0.0487102 0.0119684
14 0.422992 0.83028 0.0271122 0.0561958 0.0118092
3 0.479252 0.85013 0.0538176 0.0751084 0.0117537
0 0.280364 0.774337 0.0117092 0.0226434 0.0116732
2 0.293816 0.531216 0.0127148 0.0183085 0.0116439
4 0.209104 0.782824 0.0180663 0.0218086 0.0116098
3 0.485736 0.841316 0.0424425 0.0612431 0.011512
7 0.0156791 0.813043 0.0112097 0.0486321 0.0114869
2 0.154183 0.469427 0.0197589 0.0279788 0.0114432
0 0.00567039 0.795267 0.0113408 0.0824849 0.0110822
7 0.546496 0.649922 0.0265135 0.107142 0.0110601
0 0.464492 0.834764 0.0493587 0.0770406 0.0110019
3 0.455329 0.854099 0.0465393 0.0797019 0.0107665
4 0.775115 0.774215 0.0327913 0.0503041 0.0107218
6 0.851954 0.766525 0.0879048 0.0547165 0.0106149
3 0.422645 0.842403 0.0316377 0.0620838 0.010473
0 0.522485 0.785989 0.015455 0.0540448 0.0104371
4 0.508588 0.804247 0.020155 0.045505 0.0103912
0 0.31956 0.784207 0.0103594 0.0378226 0.0102569
15 0.827445 0.781384 0.0620715 0.037039 0.0101323
4 0.827445 0.781384 0.0620715 0.037039 0.0101059
0 0.414514 0.824176 0.023215 0.0571901 0.00998758
0 0.502332 0.820707 0.0156884 0.0498874 0.00993667
4 0.215263 0.781785 0.0134337 0.0193463 0.00985879
0 0.418488 0.780724 0.0115711 0.0432169 0.00968404
4 0.522485 0.785989 0.015455 0.0540448 0.00962615
2 0.770017 0.585313 0.0103709 0.0144678 0.00956364
4 0.00567039 0.795267 0.0113408 0.0824849 0.00944701
8 0.487801 0.798651 0.0382313 0.0465337 0.00939198
2 0.308048 0.464694 0.00834998 0.0209297 0.00931844
4 0.834513 0.794303 0.0470527 0.0109339 0.00928231
0 0.488014 0.830417 0.0380886 0.0647799 0.00904815
2 0.403775 0.79078 0.0208483 0.0166101 0.00878255
8 0.513731 0.798243 0.0237403 0.0380087 0.00863236
4 0.977124 0.784635 0.0421593 0.024557 0.00830335
4 0.111627 0.791166 0.0107789 0.0201328 0.00826096
0 0.0109865 0.781187 0.0171084 0.11309 0.00823907
4 0.468422 0.819566 0.0352605 0.083716 0.00813504
0 0.297746 0.801407 0.0294798 0.0392376 0.00803692
3 0.438986 0.827856 0.0233826 0.061883 0.00801791
4 0.909674 0.779555 0.0425552 0.0380259 0.00801207
3 0.418652 0.826879 0.0653543 0.0431593 0.00800896
0 0.301389 0.781839 0.0138111 0.0195345 0.00781532
4 0.875726 0.785472 0.043543 0.0230925 0.00776609
2 0.436626 0.490208 0.0152304 0.0210253 0.00775205
0 0.506514 0.793982 0.0203625 0.0462595 0.00764783
3 0.525003 0.807551 0.0151562 0.0376402 0.00758235
15 0.914295 0.786442 0.0367468 0.0243755 0.00748538
6 0.0081577 0.782795 0.014948 0.0986451 0.00746618
4 0.423632 0.828282 0.0331477 0.0582239 0.0074571
4 0.524638 0.779681 0.0137763 0.0429359 0.0071997
3 0.432794 0.843379 0.0441564 0.06852 0.00714458
8 0.422645 0.842403 0.0316377 0.0620838 0.00700967
0 0.479599 0.78939 0.0301007 0.0348644 0.00692007
0 0.209868 0.799186 0.0185349 0.0198031 0.00670925
0 0.458256 0.797767 0.0302294 0.0444512 0.00664425
17 0.434437 0.795281 0.0155872 0.0565697 0.00658521
2 0.117413 0.482287 0.00959851 0.0218936 0.00655201
1 0.709182 0.586096 0.0870043 0.239972 0.0065417
1 0.431459 0.669251 0.019651 0.0111752 0.00643138
12 0.810345 0.769247 0.0965488 0.0551855 0.00631275
0 0.109696 0.810194 0.0102035 0.0519208 0.00623856
4 0.460645 0.789273 0.035842 0.0342192 0.00617141
3 0.348244 0.817764 0.0211357 0.0454856 0.0061176
7 0.183623 0.464964 0.0160822 0.0267482 0.00609516
0 0.211485 0.788303 0.0174972 0.0198694 0.00608575
4 0.527807 0.791131 0.0199637 0.0326042 0.00605501
7 0.00567039 0.795267 0.0113408 0.0824849 0.00604387
22 0.520666 0.814903 0.0164255 0.0317918 0.00602236
4 0.0115124 0.811657 0.0190034 0.0519005 0.00592743
1 0.491965 0.686067 0.0244406 0.0441017 0.00590511
0 0.311848 0.800379 0.0206295 0.0246954 0.00582587
3 0.414514 0.824176 0.023215 0.0571901 0.00582306
8 0.432794 0.843379 0.0441564 0.06852 0.00579701
4 0.0109865 0.781187 0.0171084 0.11309 0.00579141
2 0.788511 0.591096 0.00677118 0.0117156 0.00578574
7 0.184287 0.488532 0.0155538 0.0262393 0.00575232
4 0.00514399 0.813118 0.0102551 0.0518553 0.00573857
0 0.00514399 0.813118 0.0102551 0.0518553 0.00568518
8 0.454995 0.815494 0.0228198 0.065272 0.00562466
2 0.0373243 0.461217 0.0137029 0.0150611 0.00548243
2 0.304267 0.471428 0.0127746 0.0196643 0.00547481
0 0.0115124 0.811657 0.0190034 0.0519005 0.00546315
2 0.311841 0.471726 0.013272 0.0148956 0.00536778
2 0.272913 0.464065 0.00955533 0.0196607 0.00535757
25 0.0081577 0.782795 0.014948 0.0986451 0.00532939
0 0.388645 0.809234 0.0616874 0.0505743 0.00521042
4 0.174274 0.788256 0.053059 0.0176951 0.00518319
8 0.524179 0.798893 0.0165896 0.0333604 0.00511489
13 0.42278 0.822985 0.0248474 0.0676592 0.00509655
7 0.0430237 0.415284 0.0232016 0.0182517 0.00505677
8 0.337172 0.813259 0.016619 0.0470697 0.00501333
7 0.12838 0.466532 0.0183367 0.0310462 0.00500401
3 0.508588 0.804247 0.020155 0.045505 0.00495599
12 0.886421 0.770164 0.100144 0.0526492 0.00490412
8 0.292525 0.807651 0.0220207 0.0513704 0.00486318
4 0.00852413 0.84738 0.0162881 0.0563119 0.00483939
8 0.414514 0.824176 0.023215 0.0571901 0.00479348
8 0.00514399 0.813118 0.0102551 0.0518553 0.00476338
4 0.301389 0.781839 0.0138111 0.0195345 0.00475169
4 0.133697 0.78006 0.0284768 0.0165534 0.00473754
7 0.168199 0.467562 0.0152471 0.0278553 0.00472933
1 0.444763 0.712892 0.0260961 0.0292494 0.00472754
0 0.340631 0.782234 0.0111335 0.0255303 0.00472334
2 0.378803 0.682701 0.00778931 0.0166842 0.00466584
2 0.488794 0.34275 0.010287 0.0178995 0.00465307
8 0.52475 0.815227 0.0165945 0.0324271 0.00464851
3 0.520666 0.814903 0.0164255 0.0317918 0.00462809
4 0.454995 0.815494 0.0228198 0.065272 0.00458257
8 0.209868 0.799186 0.0185349 0.0198031 0.00446265
3 0.505144 0.846923 0.0203943 0.0520271 0.00442034
4 0.266651 0.787351 0.0282521 0.0343899 0.0044128
0 0.524179 0.798893 0.0165896 0.0333604 0.00434821
0 0.216293 0.809525 0.0304899 0.0398309 0.00433811
6 0.879506 0.781617 0.0466642 0.0301728 0.00430247
13 0.295401 0.780556 0.0129511 0.0174597 0.00426516
7 0.172119 0.464605 0.0207029 0.0255184 0.00423494
4 0.188467 0.782219 0.0519094 0.0325484 0.00419839
8 0.468422 0.819566 0.0352605 0.083716 0.00417697
4 0.280364 0.774337 0.0117092 0.0226434 0.00414993
1 0.513138 0.735095 0.0239531 0.0260211 0.00403809
17 0.280364 0.774337 0.0117092 0.0226434 0.00401028
3 0.502332 0.820707 0.0156884 0.0498874 0.00399082
0 0.460645 0.789273 0.035842 0.0342192 0.00396735
3 0.384811 0.811859 0.0551811 0.0468616 0.00396735
2 0.197803 0.465136 0.0147596 0.0261368 0.00396446
0 0.0156791 0.813043 0.0112097 0.0486321 0.00392952
2 0.180624 0.479918 0.0210519 0.0175304 0.00392674
5 0.518551 0.798613 0.0242523 0.0355942 0.00391537
0 0.266651 0.787351 0.0282521 0.0343899 0.00391246
4 0.787474 0.798717 0.0389521 0.0237541 0.00391
2 0.060906 0.453219 0.0109188 0.027646 0.00389876
4 0.506514 0.793982 0.0203625 0.0462595 0.00389385
0 0.303608 0.793053 0.0398008 0.0274337 0.00389089
8 0.529438 0.80699 0.016505 0.0369383 0.00386983
2 0.902245 0.612808 0.00973364 0.0208023 0.00386276
2 0.757476 0.582739 0.00948004 0.015719 0.00383832
0 0.230424 0.80952 0.048012 0.0417952 0.00383424
8 0.311848 0.800379 0.0206295 0.0246954 0.00380141
3 0.288493 0.8093 0.0285943 0.0477904 0.00379286
7 0.0115124 0.811657 0.0190034 0.0519005 0.00377775
13 0.403775 0.79078 0.0208483 0.0166101 0.00377005
7 0.132172 0.463166 0.0245262 0.0256849 0.00374853
13 0.479599 0.78939 0.0301007 0.0348644 0.00370977
