8 0.923194 0.772006 0.050889 0.0708577 0.79529
8 0.974516 0.776329 0.0509186 0.0879462 0.513528
8 0.993385 0.783535 0.0130344 0.0738275 0.293969
8 0.802846 0.7532 0.0180981 0.0373267 0.269915
5 0.580944 0.748508 0.012433 0.0205872 0.25797
8 0.328107 0.786083 0.0290248 0.0533081 0.249884
8 0.988439 0.778847 0.0221905 0.0792848 0.24982
8 0.784705 0.756963 0.0160209 0.0354141 0.245243
4 0.734442 0.745512 0.0178276 0.0267376 0.244406
0 0.354517 0.740601 0.00869626 0.0187001 0.17611
8 0.621114 0.764758 0.0207515 0.0338949 0.175156
8 0.637885 0.766006 0.0460751 0.0381534 0.170828
8 0.809877 0.75325 0.0231342 0.0386224 0.164721
8 0.818469 0.755314 0.0144135 0.0334981 0.163232
8 0.796149 0.754733 0.0259449 0.0358315 0.146293
4 0.546366 0.735322 0.0302141 0.0196826 0.137745
5 0.580914 0.740633 0.0124952 0.0323756 0.129417
3 0.621114 0.764758 0.0207515 0.0338949 0.116531
8 0.734442 0.745512 0.0178276 0.0267376 0.114099
0 0.612675 0.747866 0.00864166 0.0179427 0.109077
0 0.428351 0.748477 0.00873795 0.0153215 0.107372
3 0.802846 0.7532 0.0180981 0.0373267 0.107225
0 0.607685 0.748091 0.00956104 0.0197448 0.100352
8 0.765791 0.753617 0.00941504 0.0308238 0.099742
3 0.784705 0.756963 0.0160209 0.0354141 0.0993619
3 0.796149 0.754733 0.0259449 0.0358315 0.0983694
0 0.670268 0.765086 0.0134737 0.0376816 0.0908773
0 0.594919 0.751444 0.00610944 0.0225728 0.0840089
3 0.818469 0.755314 0.0144135 0.0334981 0.0830041
3 0.661321 0.772407 0.0151657 0.038385 0.0777242
0 0.619228 0.759312 0.0165139 0.0368649 0.0746713
1 0.702077 0.71242 0.00911231 0.0208227 0.0737165
8 0.661321 0.772407 0.0151657 0.038385 0.0732585
4 0.551735 0.736639 0.0226417 0.0229259 0.0720999
4 0.635608 0.757634 0.0268097 0.0315574 0.070544
3 0.809877 0.75325 0.0231342 0.0386224 0.0690145
0 0.582144 0.74312 0.0114667 0.027174 0.0626718
3 0.637885 0.766006 0.0460751 0.0381534 0.0614895
14 0.893155 0.763243 0.0137329 0.0488441 0.0609196
8 0.89189 0.764057 0.0154362 0.0542527 0.0603214
2 0.552493 0.660807 0.00940015 0.0131632 0.0599296
8 0.607685 0.748091 0.00956104 0.0197448 0.0597524
8 0.651596 0.769073 0.019882 0.037814 0.0594158
5 0.73169 0.745941 0.0145657 0.0248314 0.0571117
0 0.803124 0.751635 0.0151724 0.0396586 0.0569059
4 0.602885 0.738934 0.00767126 0.0126146 0.0548068
4 0.388985 0.756528 0.0195141 0.0195073 0.0531244
3 0.765791 0.753617 0.00941504 0.0308238 0.0515816
4 0.465375 0.730531 0.0451822 0.0346562 0.051252
4 0.619567 0.743559 0.0120417 0.0207903 0.0508064
4 0.559745 0.739118 0.0128834 0.0242058 0.0504461
8 0.666137 0.770695 0.020363 0.0417176 0.05013
5 0.637653 0.765636 0.0373715 0.0381646 0.0488432
42 0.619567 0.743559 0.0120417 0.0207903 0.0484441
3 0.974516 0.776329 0.0509186 0.0879462 0.0461024
4 0.580914 0.740633 0.0124952 0.0323756 0.0445212
4 0.987855 0.770316 0.0229599 0.087423 0.0437897
0 0.650588 0.767479 0.0201257 0.0391057 0.042863
3 0.926225 0.770944 0.0576306 0.0713708 0.0416238
0 0.663281 0.749158 0.010291 0.0226428 0.0415932
0 0.602885 0.738934 0.00767126 0.0126146 0.0414591
4 0.383403 0.755694 0.027417 0.0176643 0.0411313
3 0.993385 0.783535 0.0130344 0.0738275 0.0407337
8 0.612675 0.747866 0.00864166 0.0179427 0.0403003
42 0.602885 0.738934 0.00767126 0.0126146 0.0401906
1 0.671705 0.719224 0.00966779 0.016576 0.0359939
4 0.637653 0.765636 0.0373715 0.0381646 0.0359406
8 0.722973 0.749507 0.0137239 0.0206675 0.0350256
0 0.619567 0.743559 0.0120417 0.0207903 0.0343582
8 0.670268 0.765086 0.0134737 0.0376816 0.0336933
0 0.353619 0.748056 0.0158114 0.0304191 0.0334341
8 0.594919 0.751444 0.00610944 0.0225728 0.0323111
8 0.41144 0.751416 0.0114218 0.0141951 0.0320091
8 0.702811 0.750628 0.0113451 0.0171143 0.029831
4 0.677605 0.757384 0.0163262 0.0236752 0.0296893
4 0.612675 0.747866 0.00864166 0.0179427 0.0292446
4 0.37415 0.758746 0.0278029 0.0259942 0.0289448
3 0.666137 0.770695 0.020363 0.0417176 0.0287346
0 0.597704 0.738824 0.00960101 0.0228105 0.0280114
8 0.713939 0.749477 0.00939716 0.0168383 0.0272823
18 0.892357 0.764427 0.0152809 0.0488398 0.0271008
0 0.413491 0.74846 0.0123839 0.0161921 0.0267937
8 0.413491 0.74846 0.0123839 0.0161921 0.0262709
8 0.428351 0.748477 0.00873795 0.0153215 0.0262133
3 0.89189 0.764057 0.0154362 0.0542527 0.0261777
4 0.686027 0.747805 0.0101624 0.0164829 0.0261606
0 0.580944 0.748508 0.012433 0.0205872 0.0258125
4 0.580944 0.748508 0.012433 0.0205872 0.025707
1 0.995624 0.685138 0.00665704 0.0229095 0.0251972
42 0.658234 0.73437 0.0113483 0.0167103 0.024582
5 0.650588 0.767479 0.0201257 0.0391057 0.0236875
4 0.539119 0.734912 0.0190489 0.0125803 0.0234118
5 0.737036 0.74626 0.0235571 0.0273141 0.0226047
0 0.44783 0.739024 0.0094798 0.0185015 0.0224481
3 0.328035 0.784561 0.0295002 0.0553569 0.0221494
25 0.32195 0.71182 0.0476413 0.0175956 0.0219145
4 0.569852 0.736528 0.0067522 0.0219006 0.0218067
14 0.580944 0.748508 0.012433 0.0205872 0.0217955
8 0.610178 0.762283 0.0134673 0.0371656 0.021736
3 0.702811 0.750628 0.0113451 0.0171143 0.0216914
0 0.634651 0.763597 0.0329675 0.0393583 0.0214073
15 0.580914 0.740633 0.0124952 0.0323756 0.0212807
25 0.460902 0.720006 0.0172367 0.0203518 0.0212516
4 0.681763 0.739733 0.0163373 0.0184737 0.0211495
0 0.62938 0.743945 0.0129229 0.0220903 0.020939
3 0.607685 0.748091 0.00956104 0.0197448 0.0206894
8 0.635608 0.757634 0.0268097 0.0315574 0.0204401
1 0.779796 0.688257 0.0266098 0.0349999 0.0203046
42 0.62938 0.743945 0.0129229 0.0220903 0.019892
4 0.725792 0.745233 0.0181185 0.0263251 0.019601
5 0.328035 0.784561 0.0295002 0.0553569 0.019595
0 0.428977 0.743616 0.00801001 0.0207645 0.0194231
8 0.580944 0.748508 0.012433 0.0205872 0.0192991
4 0.689243 0.743384 0.0114584 0.0220583 0.0190733
8 0.686027 0.747805 0.0101624 0.0164829 0.0185755
4 0.389551 0.751687 0.0175949 0.0157067 0.0183115
8 0.388985 0.756528 0.0195141 0.0195073 0.0182043
8 0.352785 0.780455 0.0329695 0.0541363 0.0176862
4 0.600101 0.732291 0.00581909 0.021738 0.0175881
4 0.974926 0.774723 0.050016 0.0894988 0.017341
4 0.62938 0.743945 0.0129229 0.0220903 0.017305
3 0.987308 0.774133 0.0242407 0.0862874 0.0172855
8 0.335393 0.780282 0.0392786 0.0607767 0.0171379
5 0.974388 0.777856 0.0504595 0.0856216 0.0163911
2 0.4868 0.665088 0.0060687 0.0195452 0.0163476
4 0.619228 0.759312 0.0165139 0.0368649 0.0162816
3 0.594919 0.751444 0.00610944 0.0225728 0.0162793
8 0.663281 0.749158 0.010291 0.0226428 0.0160023
19 0.651596 0.769073 0.019882 0.037814 0.0158015
4 0.713939 0.749477 0.00939716 0.0168383 0.0157531
19 0.638909 0.76706 0.0429796 0.0386166 0.0157284
0 0.780548 0.748545 0.0113347 0.0397463 0.0157141
19 0.666137 0.770695 0.020363 0.0417176 0.0157041
4 0.41144 0.751416 0.0114218 0.0141951 0.0153961
8 0.768369 0.747361 0.00887122 0.0312324 0.0152931
0 0.357537 0.742409 0.0127966 0.0191037 0.0151818
4 0.650588 0.767479 0.0201257 0.0391057 0.0151203
18 0.887208 0.771116 0.0193276 0.0432507 0.0148981
5 0.572906 0.748261 0.00916809 0.0202379 0.0147989
4 0.690466 0.750335 0.0151426 0.014856 0.0144798
4 0.597704 0.738824 0.00960101 0.0228105 0.0144736
8 0.780548 0.748545 0.0113347 0.0397463 0.0144064
8 0.353619 0.748056 0.0158114 0.0304191 0.014243
0 0.347959 0.740578 0.0129059 0.0218072 0.0140769
3 0.651596 0.769073 0.019882 0.037814 0.0140366
6 0.464962 0.729134 0.0460668 0.0381551 0.013701
4 0.994029 0.788933 0.0115297 0.071613 0.0136242
4 0.510612 0.74127 0.0119551 0.0160882 0.013454
0 0.569852 0.736528 0.0067522 0.0219006 0.0134014
8 0.619567 0.743559 0.0120417 0.0207903 0.0133188
0 0.765478 0.748087 0.0102385 0.0248217 0.0130719
3 0.610178 0.762283 0.0134673 0.0371656 0.0130244
8 0.675224 0.770301 0.0165919 0.0383421 0.0128489
0 0.647829 0.742974 0.0116566 0.0222069 0.0125403
32 0.638909 0.76706 0.0429796 0.0386166 0.0125206
8 0.677605 0.757384 0.0163262 0.0236752 0.0124456
3 0.580944 0.748508 0.012433 0.0205872 0.0117857
0 0.572906 0.748261 0.00916809 0.0202379 0.0117734
0 0.78743 0.755533 0.0167094 0.0346695 0.0116673
22 0.871878 0.773855 0.0144684 0.0374167 0.0116474
0 0.415331 0.743952 0.00917465 0.0214225 0.0116212
42 0.667139 0.728802 0.0140223 0.0130849 0.0115485
0 0.666137 0.770695 0.020363 0.0417176 0.0114404
4 0.663281 0.749158 0.010291 0.0226428 0.0114075
3 0.670268 0.765086 0.0134737 0.0376816 0.0111445
8 0.317255 0.78577 0.0361671 0.0540416 0.0110764
0 0.41144 0.751416 0.0114218 0.0141951 0.0108988
25 0.468664 0.713702 0.0313127 0.0160387 0.0108083
4 0.367141 0.774705 0.0529687 0.0537511 0.0107397
4 0.702811 0.750628 0.0113451 0.0171143 0.0107045
4 0.413491 0.74846 0.0123839 0.0161921 0.0106517
25 0.465375 0.730531 0.0451822 0.0346562 0.0106233
4 0.44783 0.739024 0.0094798 0.0185015 0.0104486
4 0.607685 0.748091 0.00956104 0.0197448 0.0103613
0 0.818469 0.755314 0.0144135 0.0334981 0.00999095
1 0.565242 0.719465 0.00834369 0.019007 0.00996514
22 0.892357 0.764427 0.0152809 0.0488398 0.00995176
14 0.557975 0.746121 0.00941577 0.0284176 0.00993864
4 0.514042 0.741413 0.0109449 0.0166986 0.00990435
1 0.642829 0.594352 0.0330875 0.027578 0.0097358
6 0.580914 0.740633 0.0124952 0.0323756 0.00960977
4 0.434635 0.745874 0.0131914 0.0129133 0.00941483
4 0.809877 0.75325 0.0231342 0.0386224 0.0093255
22 0.923608 0.771011 0.0525925 0.0710127 0.00925924
4 0.428351 0.748477 0.00873795 0.0153215 0.00920744
5 0.465375 0.730531 0.0451822 0.0346562 0.00913014
4 0.650826 0.729285 0.0104943 0.018103 0.00908711
0 0.734442 0.745512 0.0178276 0.0267376 0.00906521
5 0.559745 0.739118 0.0128834 0.0242058 0.00904185
0 0.809877 0.75325 0.0231342 0.0386224 0.00895946
3 0.887208 0.771116 0.0193276 0.0432507 0.00891169
5 0.612675 0.747866 0.00864166 0.0179427 0.00877565
4 0.572906 0.748261 0.00916809 0.0202379 0.0086794
3 0.871878 0.773855 0.0144684 0.0374167 0.0085392
8 0.602885 0.738934 0.00767126 0.0126146 0.00849919
0 0.635608 0.757634 0.0268097 0.0315574 0.0084833
8 0.761341 0.749664 0.0157429 0.023891 0.00847849
0 0.557975 0.746121 0.00941577 0.0284176 0.00846259
19 0.580944 0.748508 0.012433 0.0205872 0.00841803
5 0.354517 0.740601 0.00869626 0.0187001 0.00836313
0 0.350732 0.764576 0.022191 0.0502106 0.00830609
4 0.496615 0.740777 0.0130787 0.0154233 0.0082345
8 0.357537 0.742409 0.0127966 0.0191037 0.00817465
4 0.428977 0.743616 0.00801001 0.0207645 0.00809019
1 0.788694 0.687706 0.0107435 0.0315213 0.0080489
8 0.690466 0.750335 0.0151426 0.014856 0.00804095
0 0.559745 0.739118 0.0128834 0.0242058 0.00801619
3 0.722973 0.749507 0.0137239 0.0206675 0.00799405
0 0.610178 0.762283 0.0134673 0.0371656 0.00798581
32 0.666137 0.770695 0.020363 0.0417176 0.00787047
8 0.829284 0.75743 0.0275002 0.0430671 0.00786819
4 0.353076 0.776924 0.0294489 0.0558197 0.00776519
3 0.821881 0.761102 0.0106572 0.0344801 0.0075987
4 0.670268 0.765086 0.0134737 0.0376816 0.00754019
4 0.557975 0.746121 0.00941577 0.0284176 0.00751966
14 0.572906 0.748261 0.00916809 0.0202379 0.00745568
8 0.572906 0.748261 0.00916809 0.0202379 0.00743669
8 0.363466 0.77791 0.0369571 0.0562541 0.00741682
14 0.594919 0.751444 0.00610944 0.0225728 0.00740287
5 0.594919 0.751444 0.00610944 0.0225728 0.00739331
18 0.666137 0.770695 0.020363 0.0417176 0.00738308
8 0.725792 0.745233 0.0181185 0.0263251 0.00735118
8 0.619198 0.771265 0.017882 0.0391012 0.0072758
3 0.789253 0.759283 0.0201841 0.0382211 0.00709536
3 0.734442 0.745512 0.0178276 0.0267376 0.00698795
4 0.543452 0.754494 0.0178504 0.0323958 0.00694273
8 0.350732 0.764576 0.022191 0.0502106 0.00689562
8 0.582144 0.74312 0.0114667 0.027174 0.00689216
5 0.621114 0.764758 0.0207515 0.0338949 0.00685014
3 0.675224 0.770301 0.0165919 0.0383421 0.0067711
42 0.460902 0.720006 0.0172367 0.0203518 0.00662205
8 0.415331 0.743952 0.00917465 0.0214225 0.0066035
32 0.651596 0.769073 0.019882 0.037814 0.00628575
1 0.354517 0.740601 0.00869626 0.0187001 0.00625682
8 0.428977 0.743616 0.00801001 0.0207645 0.00621152
4 0.354517 0.740601 0.00869626 0.0187001 0.00620398
8 0.821881 0.761102 0.0106572 0.0344801 0.00620362
3 0.768369 0.747361 0.00887122 0.0312324 0.00613613
5 0.602885 0.738934 0.00767126 0.0126146 0.00602924
4 0.444953 0.747032 0.0119043 0.0179252 0.00602309
2 0.335069 0.396888 0.00892133 0.0194719 0.00601988
25 0.321016 0.726497 0.0511592 0.0483538 0.00601949
0 0.703652 0.744682 0.00829334 0.0244465 0.00598433
35 0.775437 0.253798 0.128024 0.322524 0.00593923
18 0.871878 0.773855 0.0144684 0.0374167 0.00592168
5 0.321209 0.782675 0.0490276 0.0581774 0.00589087
42 0.324397 0.711111 0.0429345 0.0166314 0.0058891
0 0.434635 0.745874 0.0131914 0.0129133 0.0058858
4 0.765478 0.748087 0.0102385 0.0248217 0.00584331
4 0.415331 0.743952 0.00917465 0.0214225 0.00580486
15 0.546366 0.735322 0.0302141 0.0196826 0.0057929
8 0.37415 0.758746 0.0278029 0.0259942 0.00577105
42 0.671705 0.719224 0.00966779 0.016576 0.00571084
1 0.774606 0.680208 0.0228017 0.0290218 0.00567908
4 0.594919 0.751444 0.00610944 0.0225728 0.00567001
4 0.703652 0.744682 0.00829334 0.0244465 0.00563749
5 0.993385 0.783535 0.0130344 0.0738275 0.00562214
1 0.667139 0.728802 0.0140223 0.0130849 0.00562027
4 0.722973 0.749507 0.0137239 0.0206675 0.00560815
4 0.647829 0.742974 0.0116566 0.0222069 0.00553245
1 0.533315 0.720237 0.00680817 0.0200826 0.00549469
3 0.677605 0.757384 0.0163262 0.0236752 0.00547814
14 0.888289 0.76515 0.0201122 0.0520962 0.00541959
7 0.565242 0.719465 0.00834369 0.019007 0.00541772
0 0.768369 0.747361 0.00887122 0.0312324 0.00538194
14 0.666137 0.770695 0.020363 0.0417176 0.00534315
0 0.713939 0.749477 0.00939716 0.0168383 0.00533463
1 0.658234 0.73437 0.0113483 0.0167103 0.0053235
3 0.805345 0.757899 0.0259226 0.0407881 0.0052784
3 0.831399 0.755231 0.0271671 0.0441714 0.00527712
25 0.580914 0.740633 0.0124952 0.0323756 0.00515815
0 0.658234 0.73437 0.0113483 0.0167103 0.00513573
3 0.690466 0.750335 0.0151426 0.014856 0.00513365
4 0.326146 0.782734 0.0381431 0.0581831 0.00510125
22 0.887208 0.771116 0.0193276 0.0432507 0.00509212
4 0.667139 0.728802 0.0140223 0.0130849 0.00507482
5 0.597704 0.738824 0.00960101 0.0228105 0.00503598
8 0.354517 0.740601 0.00869626 0.0187001 0.00501783
42 0.647829 0.742974 0.0116566 0.0222069 0.00492782
8 0.703652 0.744682 0.00829334 0.0244465 0.004891
14 0.73169 0.745941 0.0145657 0.0248314 0.00485955
15 0.464962 0.729134 0.0460668 0.0381551 0.00481519
8 0.789253 0.759283 0.0201841 0.0382211 0.00480572
8 0.383403 0.755694 0.027417 0.0176643 0.00476558
18 0.651596 0.769073 0.019882 0.037814 0.00471206
0 0.667139 0.728802 0.0140223 0.0130849 0.00470245
8 0.389551 0.751687 0.0175949 0.0157067 0.00466782
4 0.699561 0.726654 0.00992041 0.0155641 0.00463228
5 0.635608 0.757634 0.0268097 0.0315574 0.00459417
1 0.778486 0.717901 0.0150186 0.0198105 0.00459067
14 0.765791 0.753617 0.00941504 0.0308238 0.00453644
8 0.62938 0.743945 0.0129229 0.0220903 0.00450334
3 0.713939 0.749477 0.00939716 0.0168383 0.00447894
14 0.55149 0.768263 0.0102419 0.0293864 0.00446255
5 0.802846 0.7532 0.0180981 0.0373267 0.0044622
2 0.552532 0.654232 0.0110914 0.0204571 0.00445923
3 0.619198 0.771265 0.017882 0.0391012 0.00444322
5 0.892357 0.764427 0.0152809 0.0488398 0.00443314
4 0.768369 0.747361 0.00887122 0.0312324 0.0044277
0 0.661321 0.772407 0.0151657 0.038385 0.00437134
