15 0.402993 0.529039 0.485852 0.288915 0.956257
4 0.0528594 0.601427 0.0671704 0.0584554 0.923272
1 0.128826 0.4576 0.0430669 0.117706 0.908799
4 0.804834 0.590773 0.143736 0.104432 0.866506
0 0.980877 0.580219 0.0352707 0.0985739 0.83521
8 0.881417 0.620981 0.0613396 0.103867 0.796361
8 0.981236 0.60058 0.037528 0.0686403 0.726193
0 0.888346 0.584944 0.0467236 0.12639 0.720904
2 0.667341 0.273015 0.0165098 0.0186468 0.637562
7 0.821473 0.463265 0.0154018 0.113363 0.523729
2 0.5732 0.289842 0.00986054 0.020866 0.427839
13 0.886381 0.533909 0.0131275 0.0195823 0.357406
4 0.144828 0.623318 0.0477352 0.104372 0.347055
4 0.718576 0.551317 0.0184381 0.0132833 0.0996498
4 0.70801 0.551735 0.0267672 0.0125483 0.078046
4 0.0887818 0.585481 0.0271647 0.0263649 0.0777878
0 0.886846 0.544036 0.0240627 0.0458756 0.0679118
4 0.094509 0.59082 0.0393703 0.036092 0.0669425
8 0.905893 0.602223 0.0210419 0.0698492 0.0641189
4 0.728806 0.558164 0.0303602 0.0217044 0.0549032
1 0.0996016 0.446743 0.0173691 0.033679 0.0498332
15 0.62437 0.471402 0.042431 0.108619 0.0464987
2 0.572267 0.297774 0.00970075 0.0295169 0.0430985
4 0.874063 0.548948 0.0412582 0.0335267 0.041956
4 0.646929 0.576349 0.0287194 0.022245 0.0404189
17 0.886381 0.533909 0.0131275 0.0195823 0.0382008
4 0.653433 0.575227 0.0188467 0.0217756 0.0363842
4 0.0178484 0.593442 0.034378 0.0401604 0.0354597
4 0.865074 0.549078 0.0335392 0.0293086 0.0279564
4 0.716252 0.5579 0.0193552 0.0227383 0.0265987
2 0.663938 0.277887 0.0167335 0.0282857 0.0261594
4 0.775262 0.592432 0.0845943 0.100318 0.0252599
4 0.00581689 0.596406 0.0112961 0.0392361 0.025106
8 0.718576 0.551317 0.0184381 0.0132833 0.0243444
13 0.88733 0.522983 0.0162822 0.0262674 0.0226312
0 0.201614 0.472094 0.0236075 0.0396506 0.0201234
4 0.00845586 0.593781 0.0169117 0.0444024 0.0199607
2 0.68486 0.198053 0.00947705 0.0261703 0.0192799
2 0.667128 0.267999 0.0176119 0.0253479 0.0172527
8 0.904199 0.620623 0.0203342 0.101787 0.0172324
4 0.867052 0.540853 0.0310696 0.0167109 0.0167469
0 0.192037 0.478788 0.0431574 0.0592218 0.0159812
2 0.566893 0.293795 0.0107271 0.0208024 0.0156855
17 0.88733 0.522983 0.0162822 0.0262674 0.015629
1 0.625627 0.430182 0.0152229 0.0317325 0.0155441
2 0.573391 0.27932 0.0107549 0.026403 0.0147756
4 0.703208 0.56027 0.0379734 0.0250134 0.0135954
1 0.820827 0.471609 0.0170658 0.123537 0.013228
2 0.070277 0.491938 0.00661047 0.0191444 0.0128233
2 0.575449 0.301851 0.0122883 0.0198546 0.0124331
4 0.737798 0.558759 0.0123585 0.0251048 0.0122689
0 0.704216 0.541641 0.00990332 0.0255176 0.0119407
4 0.121386 0.574862 0.0168492 0.0128747 0.0117837
8 0.739343 0.553466 0.0110738 0.0128394 0.0116878
8 0.716252 0.5579 0.0193552 0.0227383 0.0108652
4 0.653126 0.568012 0.0318868 0.0290201 0.0108614
0 0.901348 0.585813 0.0254213 0.0839997 0.0108233
0 0.715631 0.544051 0.0101287 0.0224229 0.0106102
0 0.908185 0.590845 0.0194349 0.071424 0.0102499
3 0.981672 0.604935 0.0366564 0.0642479 0.0101951
4 0.921631 0.577867 0.0457157 0.069226 0.00965922
8 0.737798 0.558759 0.0123585 0.0251048 0.00940945
2 0.668153 0.289414 0.0156945 0.0243714 0.00914812
4 0.715631 0.544051 0.0101287 0.0224229 0.00882181
4 0.890981 0.592644 0.0457421 0.103807 0.00870017
0 0.739343 0.553466 0.0110738 0.0128394 0.00847874
0 0.905946 0.602233 0.0167644 0.0679965 0.00841094
1 0.820672 0.532315 0.016161 0.0163254 0.00827157
4 0.843533 0.553204 0.0698288 0.0306234 0.00825087
4 0.0671004 0.596596 0.0422551 0.0485242 0.00809159
4 0.901348 0.585813 0.0254213 0.0839997 0.00808289
1 0.624678 0.468878 0.0429979 0.105092 0.00801609
1 0.0655048 0.527938 0.00782708 0.0365848 0.00799803
1 0.618741 0.432448 0.0319935 0.0334313 0.0079935
4 0.910153 0.593482 0.0203192 0.0557283 0.00778571
8 0.910136 0.603318 0.0192333 0.0607797 0.00776581
0 0.874063 0.548948 0.0412582 0.0335267 0.00773398
3 0.881804 0.621249 0.0620625 0.102448 0.00755929
2 0.0640669 0.221628 0.0110479 0.020605 0.00740363
7 0.070277 0.491938 0.00661047 0.0191444 0.00731702
4 0.974118 0.576162 0.0431152 0.0809074 0.00720811
4 0.739343 0.553466 0.0110738 0.0128394 0.00694452
2 0.68525 0.207925 0.00880988 0.0185712 0.00690981
0 0.718576 0.551317 0.0184381 0.0132833 0.00689637
0 0.739291 0.543257 0.00985736 0.0244468 0.00669054
4 0.166473 0.624469 0.0909635 0.104981 0.00654702
2 0.614324 0.284738 0.00974988 0.0276107 0.00642239
4 0.846336 0.53838 0.0177465 0.0119633 0.00632307
8 0.908185 0.590845 0.0194349 0.071424 0.00596145
3 0.910136 0.603318 0.0192333 0.0607797 0.0059432
0 0.55633 0.542058 0.014455 0.0246083 0.00591175
1 0.632997 0.462939 0.0268882 0.0626754 0.00590199
8 0.0208742 0.596879 0.0297528 0.0412209 0.00581941
14 0.00581689 0.596406 0.0112961 0.0392361 0.0057919
4 0.98192 0.584636 0.0357952 0.0944629 0.00577609
4 0.0983301 0.573191 0.0533929 0.0246398 0.00577131
1 0.070277 0.491938 0.00661047 0.0191444 0.00574966
8 0.728806 0.558164 0.0303602 0.0217044 0.00566663
4 0.644157 0.568044 0.0278795 0.0318096 0.00560466
1 0.0988751 0.461416 0.017202 0.0562413 0.00560343
7 0.704216 0.541641 0.00990332 0.0255176 0.00559061
4 0.905946 0.602233 0.0167644 0.0679965 0.00558536
4 0.691773 0.561683 0.0207994 0.022796 0.00552318
4 0.657687 0.570427 0.0222607 0.026759 0.00549596
3 0.905946 0.602233 0.0167644 0.0679965 0.00544232
4 0.0290403 0.59669 0.023109 0.0449539 0.00525418
0 0.994797 0.57544 0.0103128 0.0879635 0.00520462
8 0.890981 0.592644 0.0457421 0.103807 0.00506794
13 0.980657 0.581013 0.0324623 0.0980891 0.00493289
8 0.70801 0.551735 0.0267672 0.0125483 0.00471744
2 0.743741 0.175094 0.0126947 0.0300283 0.00454039
7 0.813007 0.493629 0.0172325 0.0629252 0.00450898
0 0.901539 0.539196 0.0142639 0.0374173 0.00445896
8 0.681059 0.569046 0.0157934 0.0209912 0.00440158
4 0.142549 0.579113 0.0257333 0.0197982 0.0043021
4 0.886381 0.533909 0.0131275 0.0195823 0.00424655
1 0.704943 0.519653 0.00731036 0.0184619 0.00419783
22 0.0247496 0.611244 0.0130106 0.0309355 0.00418669
5 0.881804 0.621249 0.0620625 0.102448 0.0040874
0 0.00845586 0.593781 0.0169117 0.0444024 0.0040795
8 0.689944 0.568723 0.0119388 0.0227946 0.00406353
2 0.0282008 0.0885804 0.00734835 0.010502 0.00405842
7 0.0675638 0.515836 0.00568093 0.046356 0.00400983
24 0.926045 0.480317 0.0741547 0.326445 0.00398923
4 0.9329 0.575156 0.0494581 0.0582694 0.00397497
4 0.130081 0.581882 0.0183154 0.017638 0.00394757
2 0.669191 0.293704 0.0155912 0.0368751 0.00393322
0 0.220948 0.56504 0.0129803 0.0589944 0.00380377
0 0.0208742 0.596879 0.0297528 0.0412209 0.00379874
2 0.0614308 0.225702 0.0131839 0.0160487 0.0037363
8 0.722422 0.564567 0.0249113 0.0311269 0.00373265
2 0.096131 0.508188 0.00869727 0.0160203 0.00361256
12 0.624407 0.469804 0.0430547 0.108524 0.00360701
7 0.0296424 0.494213 0.00769947 0.0238913 0.00358326
2 0.672009 0.274586 0.019079 0.0217234 0.0035437
1 0.00541183 0.565004 0.00859792 0.0215927 0.0035219
8 0.715631 0.544051 0.0101287 0.0224229 0.00330354
8 0.970299 0.607731 0.0306481 0.0506191 0.00329079
17 0.980657 0.581013 0.0324623 0.0980891 0.0032836
4 0.00541183 0.565004 0.00859792 0.0215927 0.00326916
8 0.657687 0.570427 0.0222607 0.026759 0.00324839
0 0.564882 0.490905 0.0233089 0.0337635 0.00323129
8 0.736073 0.565556 0.0148708 0.0277981 0.00322496
2 0.674676 0.282829 0.0137995 0.0292006 0.00320602
4 0.729501 0.544082 0.0232365 0.0243666 0.00313345
7 0.704943 0.519653 0.00731036 0.0184619 0.00312795
0 0.820827 0.471609 0.0170658 0.123537 0.00308768
7 0.0655048 0.527938 0.00782708 0.0365848 0.0030517
0 0.909573 0.57367 0.0209205 0.126829 0.00304314
8 0.0247496 0.611244 0.0130106 0.0309355 0.0029951
0 0.886381 0.533909 0.0131275 0.0195823 0.00295574
2 0.685158 0.212307 0.0107371 0.0226387 0.00287485
15 0.622481 0.519264 0.0451523 0.202196 0.0028721
0 0.603528 0.517298 0.0264658 0.0490053 0.00285857
4 0.867273 0.578548 0.0416355 0.0612876 0.00276565
7 0.00431538 0.549127 0.00631111 0.0460745 0.00273198
8 0.00581689 0.596406 0.0112961 0.0392361 0.00273037
20 0.905946 0.602233 0.0167644 0.0679965 0.0027113
0 0.533447 0.531787 0.0113411 0.0287829 0.00266583
2 0.563805 0.290063 0.0168276 0.01703 0.00265395
3 0.718576 0.551317 0.0184381 0.0132833 0.00263763
0 0.820672 0.532315 0.016161 0.0163254 0.00262809
7 0.820672 0.532315 0.016161 0.0163254 0.00261408
0 0.70801 0.551735 0.0267672 0.0125483 0.0026137
0 0.67938 0.560848 0.0172336 0.0253318 0.00259276
4 0.0123899 0.596945 0.0218716 0.0398877 0.0025733
4 0.154492 0.579042 0.0216669 0.0175826 0.00253637
4 0.83441 0.563727 0.0883669 0.0489319 0.00249967
14 0.739343 0.553466 0.0110738 0.0128394 0.00247986
4 0.0135864 0.575844 0.0234033 0.0264706 0.00246835
0 0.00541183 0.565004 0.00859792 0.0215927 0.00246135
7 0.813825 0.477222 0.0171982 0.0459641 0.00245341
4 0.104703 0.566112 0.0350848 0.022944 0.00234049
8 0.67938 0.560848 0.0172336 0.0253318 0.00233799
3 0.739343 0.553466 0.0110738 0.0128394 0.00229281
42 0.88733 0.522983 0.0162822 0.0262674 0.00227689
0 0.737798 0.558759 0.0123585 0.0251048 0.00227594
2 0.945161 0.201102 0.0108318 0.02071 0.00225599
2 0.0981242 0.245076 0.0160211 0.0231796 0.00224241
4 0.119384 0.566071 0.0117635 0.0230378 0.00223187
8 0.00845586 0.593781 0.0169117 0.0444024 0.00222077
2 0.808151 0.213423 0.0128159 0.0296936 0.00221281
0 0.881579 0.617119 0.0590496 0.111481 0.00221108
4 0.805297 0.538305 0.0162062 0.0114163 0.00220031
7 0.716131 0.519012 0.00936194 0.0237398 0.0021757
7 0.0702036 0.480667 0.00781829 0.0307973 0.0021112
4 0.119119 0.624643 0.0135062 0.0231683 0.00209398
0 0.910136 0.603318 0.0192333 0.0607797 0.00209048
4 0.793115 0.556881 0.105333 0.0404808 0.00207737
1 0.0675638 0.515836 0.00568093 0.046356 0.00207357
8 0.704216 0.541641 0.00990332 0.0255176 0.00202839
0 0.204919 0.48203 0.0404651 0.074834 0.00197422
7 0.0194377 0.552958 0.0125125 0.0585173 0.00196259
0 0.729501 0.544082 0.0232365 0.0243666 0.00193972
14 0.00845586 0.593781 0.0169117 0.0444024 0.00193101
4 0.790818 0.539456 0.00872003 0.0130105 0.00192219
0 0.667049 0.556517 0.0218818 0.0236821 0.00191976
2 0.0783789 0.494283 0.0225966 0.0178465 0.00191897
0 0.712584 0.533012 0.00532428 0.0338558 0.0019098
9 0.905946 0.602233 0.0167644 0.0679965 0.00182005
11 0.905946 0.602233 0.0167644 0.0679965 0.00180621
4 0.635055 0.56887 0.0193646 0.0306255 0.00179429
0 0.904199 0.620623 0.0203342 0.101787 0.00175324
0 0.199605 0.526505 0.0284646 0.0422137 0.00174491
7 0.00541183 0.565004 0.00859792 0.0215927 0.00172379
8 0.703208 0.56027 0.0379734 0.0250134 0.0017034
2 0.683834 0.19117 0.00990503 0.0330716 0.00165939
8 0.987103 0.580584 0.02491 0.093032 0.00165293
4 0.704216 0.541641 0.00990332 0.0255176 0.00162963
7 0.00360262 0.512331 0.00626088 0.0271975 0.00160025
1 0.0296424 0.494213 0.00769947 0.0238913 0.00158808
0 0.804648 0.590741 0.14293 0.104793 0.00158727
1 0.0710494 0.559068 0.0119798 0.0220672 0.00157836
1 0.039888 0.563726 0.0112602 0.0202038 0.0015639
4 0.820466 0.557291 0.0979822 0.0400618 0.00155824
4 0.0822447 0.563204 0.0130849 0.0168048 0.00155164
0 0.0529676 0.601736 0.0671889 0.0589325 0.00153748
5 0.00581689 0.596406 0.0112961 0.0392361 0.00152844
4 0.704812 0.550752 0.0201574 0.0208979 0.0015195
0 0.212903 0.486958 0.0276659 0.0762677 0.00150806
2 0.688214 0.198263 0.0118419 0.0248632 0.00150282
4 0.0352107 0.564828 0.0131416 0.020934 0.00150169
4 0.919431 0.591964 0.0435745 0.0610029 0.00149628
5 0.718576 0.551317 0.0184381 0.0132833 0.001492
4 0.886846 0.544036 0.0240627 0.0458756 0.00146986
4 0.882249 0.618611 0.0632668 0.10038 0.00146631
0 0.653433 0.575227 0.0188467 0.0217756 0.00144769
4 0.667049 0.556517 0.0218818 0.0236821 0.00144704
0 0.981236 0.60058 0.037528 0.0686403 0.0014419
0 0.00581689 0.596406 0.0112961 0.0392361 0.00143554
0 0.886827 0.523428 0.0147186 0.0252706 0.00143224
1 0.704216 0.541641 0.00990332 0.0255176 0.00143042
0 0.716252 0.5579 0.0193552 0.0227383 0.00140816
1 0.0607404 0.531927 0.0112213 0.0334851 0.00138259
0 0.681059 0.569046 0.0157934 0.0209912 0.00137944
7 0.0663066 0.486396 0.0104937 0.0260544 0.00137611
14 0.0208742 0.596879 0.0297528 0.0412209 0.00137488
0 0.216922 0.536314 0.017204 0.0464098 0.00136904
2 0.716744 0.192581 0.0113927 0.0192006 0.00136466
0 0.826207 0.533752 0.0229748 0.014439 0.00135817
4 0.67938 0.560848 0.0172336 0.0253318 0.00135517
7 0.712584 0.533012 0.00532428 0.0338558 0.00134749
2 0.67499 0.297008 0.0140172 0.0331915 0.00132044
1 0.88733 0.522983 0.0162822 0.0262674 0.00128957
7 0.096131 0.508188 0.00869727 0.0160203 0.00126883
1 0.716131 0.519012 0.00936194 0.0237398 0.00125628
4 0.642781 0.586731 0.031061 0.0363149 0.00123035
7 0.806469 0.509919 0.011282 0.0294277 0.00122112
8 0.980699 0.620623 0.0386018 0.100164 0.00121858
0 0.722422 0.564567 0.0249113 0.0311269 0.00121731
1 0.00360262 0.512331 0.00626088 0.0271975 0.00120957
1 0.0973724 0.480604 0.0117331 0.0489128 0.0012095
42 0.867052 0.540853 0.0310696 0.0167109 0.00120899
0 0.225027 0.554437 0.0203725 0.0439576 0.00120888
2 0.612003 0.286044 0.0123926 0.0238762 0.00119436
3 0.661908 0.570284 0.0233257 0.0251341 0.00118603
0 0.699584 0.54136 0.0136721 0.0258674 0.00117606
3 0.653433 0.575227 0.0188467 0.0217756 0.00117559
0 0.728806 0.558164 0.0303602 0.0217044 0.00116964
1 0.0352107 0.564828 0.0131416 0.020934 0.00116199
5 0.981236 0.60058 0.037528 0.0686403 0.00115572
7 0.0973724 0.480604 0.0117331 0.0489128 0.0011485
2 0.0702036 0.480667 0.00781829 0.0307973 0.00114533
2 0.0036544 0.215994 0.00725491 0.0175363 0.00113091
8 0.739567 0.570558 0.0133671 0.035689 0.00111979
3 0.681059 0.569046 0.0157934 0.0209912 0.00111217
5 0.905893 0.602223 0.0210419 0.0698492 0.00111104
5 0.70801 0.551735 0.0267672 0.0125483 0.00110084
4 0.0952978 0.565607 0.0207981 0.0218078 0.00109411
3 0.728806 0.558164 0.0303602 0.0217044 0.00107994
14 0.718576 0.551317 0.0184381 0.0132833 0.00107812
5 0.00845586 0.593781 0.0169117 0.0444024 0.00107293
3 0.00581689 0.596406 0.0112961 0.0392361 0.00106149
0 0.255614 0.491553 0.0301146 0.0366749 0.00105457
7 0.690452 0.493095 0.00962378 0.0439924 0.00104837
14 0.737798 0.558759 0.0123585 0.0251048 0.00104144
3 0.904199 0.620623 0.0203342 0.101787 0.00103973
8 0.691773 0.561683 0.0207994 0.022796 0.00103537
5 0.728806 0.558164 0.0303602 0.0217044 0.00103512
8 0.653433 0.575227 0.0188467 0.0217756 0.00103504
3 0.908185 0.590845 0.0194349 0.071424 0.00103411
0 0.664337 0.542126 0.0133361 0.0256406 0.00102763
11 0.883117 0.590128 0.048036 0.11324 0.00102428
6 0.0895648 0.593322 0.0293133 0.0418608 0.00101818
1 0.904811 0.520038 0.00873718 0.0210705 0.00101344
3 0.0208742 0.596879 0.0297528 0.0412209 0.00101332
3 0.981077 0.620262 0.0378452 0.102974 0.00100969
1 0.626865 0.409311 0.0108188 0.0197754 0.00100869
4 0.107479 0.599544 0.0502358 0.042905 0.00100515
