1 0.527249 0.626255 0.056051 0.0467944 0.911502
4 0.619592 0.76943 0.0822183 0.202424 0.88251
4 0.11692 0.744706 0.0939546 0.0848146 0.867531
1 0.150325 0.621474 0.0252245 0.0675285 0.846628
4 0.90032 0.690404 0.197186 0.603277 0.808753
1 0.599192 0.612752 0.0172049 0.0252231 0.794654
8 0.422726 0.766859 0.0282513 0.0725885 0.741581
4 0.776449 0.781723 0.190753 0.379157 0.690885
4 0.027402 0.750576 0.0530994 0.059301 0.673449
1 0.599415 0.638756 0.0176692 0.0207451 0.669151
0 0.422746 0.737722 0.0292993 0.106287 0.601826
1 0.0995632 0.667019 0.0135292 0.037353 0.544185
4 0.493173 0.7238 0.0153955 0.0165012 0.504472
4 0.693021 0.775647 0.1231 0.328365 0.458738
4 0.568194 0.745521 0.0360211 0.101788 0.409017
4 0.195201 0.742439 0.0390913 0.0506672 0.323162
4 0.519644 0.721634 0.0102566 0.0154483 0.310247
1 0.397052 0.686811 0.00794373 0.0224169 0.296414
0 0.693122 0.772423 0.124011 0.322827 0.265198
2 0.459968 0.391612 0.00875998 0.0153212 0.243946
4 0.525564 0.719927 0.0115588 0.0128986 0.20588
4 0.271241 0.732488 0.0544397 0.0562018 0.198326
4 0.0152615 0.755315 0.0297736 0.0635412 0.196811
4 0.58569 0.744016 0.0446279 0.123995 0.191251
4 0.228233 0.740236 0.0419966 0.0471403 0.146951
4 0.483935 0.72321 0.00842883 0.019215 0.129686
4 0.210452 0.741834 0.0531521 0.0511617 0.128352
4 0.509096 0.722714 0.0131323 0.0165371 0.116369
4 0.0497191 0.746262 0.0339661 0.0501966 0.104477
4 0.464769 0.723908 0.0113983 0.0187571 0.0896137
4 0.31644 0.734894 0.0243862 0.0369167 0.0880285
4 0.260673 0.714138 0.137434 0.0894864 0.0857166
4 0.310114 0.735053 0.0329001 0.039575 0.0842508
4 0.457914 0.728049 0.0137573 0.0193223 0.0681471
4 0.561466 0.741275 0.0319423 0.0864411 0.067513
4 0.29132 0.734714 0.0350745 0.0427875 0.0640411
1 0.446585 0.696105 0.0106479 0.0239615 0.0595886
4 0.382606 0.724684 0.00951074 0.0180752 0.0588668
5 0.56924 0.74627 0.0376949 0.105624 0.0550944
4 0.515341 0.724888 0.00889511 0.0211286 0.0527137
4 0.48945 0.719537 0.0145813 0.0260813 0.0498739
4 0.545955 0.73554 0.0188967 0.0474466 0.0485744
4 0.526247 0.725558 0.0127802 0.0222647 0.0471418
4 0.382245 0.728999 0.0100833 0.0201602 0.045974
0 0.443906 0.731169 0.0128699 0.0426529 0.0455423
4 0.492725 0.729501 0.0189763 0.0332929 0.0438292
4 0.285123 0.731253 0.0710684 0.0495002 0.0389819
4 0.542199 0.740941 0.014267 0.051206 0.0386341
4 0.512699 0.717028 0.011527 0.0210439 0.0385718
2 0.462671 0.391319 0.0115703 0.0170286 0.0380205
4 0.0611094 0.743509 0.0254593 0.0510123 0.0368934
4 0.826581 0.782442 0.0962455 0.397174 0.0366609
4 0.503955 0.725978 0.00883527 0.0196671 0.0294135
4 0.170868 0.740804 0.0336916 0.0560547 0.0282232
1 0.399159 0.688926 0.00790936 0.0177198 0.0237489
1 0.387775 0.684845 0.0149439 0.023617 0.0225512
7 0.527811 0.661745 0.00813733 0.0180967 0.0219891
4 0.469207 0.726123 0.0176847 0.0197522 0.0218092
4 0 0.7564 0 0.0647716 0.0209419
4 0.446403 0.719617 0.0105974 0.024288 0.0205959
0 0.382245 0.728999 0.0100833 0.0201602 0.0202394
4 0.262136 0.737184 0.0419598 0.0556315 0.0199311
1 0.450225 0.699504 0.0114846 0.0288137 0.0194938
1 0.195715 0.634901 0.0281105 0.0395542 0.0192899
1 0.401301 0.687646 0.0108942 0.0216562 0.0191446
0 0.446403 0.719617 0.0105974 0.024288 0.018899
4 0.326889 0.735854 0.0121816 0.031996 0.0179241
0 0.538053 0.739283 0.0130953 0.0450294 0.0159405
4 0.39083 0.721283 0.0141422 0.0171572 0.0157571
4 0.285818 0.715733 0.108026 0.0776486 0.0150355
0 0.382606 0.724684 0.00951074 0.0180752 0.0146604
7 0.517287 0.656078 0.00965479 0.0153619 0.013941
1 0.527811 0.661745 0.00813733 0.0180967 0.0134245
0 0.419077 0.741127 0.0297526 0.0740438 0.0133732
1 0.507584 0.694382 0.00716785 0.00902748 0.0130228
4 0.538053 0.739283 0.0130953 0.0450294 0.0123392
0 0.525564 0.719927 0.0115588 0.0128986 0.0111507
0 0.542199 0.740941 0.014267 0.051206 0.0110116
1 0.495559 0.683302 0.00713034 0.00940573 0.00992907
0 0.546705 0.744334 0.019214 0.0683891 0.00977592
0 0.619592 0.76943 0.0822183 0.202424 0.00971915
1 0.541113 0.696828 0.00724902 0.0105115 0.0094988
4 0.974914 0.832496 0.0462515 0.331097 0.00907225
1 0.482722 0.70141 0.00667245 0.00859808 0.00882726
1 0.454833 0.681497 0.00663419 0.0123587 0.00877905
4 0.382688 0.733028 0.0129768 0.0269501 0.008645
1 0.516731 0.697591 0.00711517 0.00889511 0.00820436
13 0.425566 0.711217 0.0289523 0.0539135 0.00812876
1 0.442635 0.685856 0.014048 0.0152336 0.00812411
0 0.526247 0.725558 0.0127802 0.0222647 0.00801598
6 0.446585 0.696105 0.0106479 0.0239615 0.0079864
1 0.397689 0.66777 0.0118756 0.0152471 0.00788761
4 0.538286 0.722014 0.0109786 0.0328229 0.00776019
4 0.547471 0.747818 0.0187516 0.0650972 0.00755362
1 0.503199 0.684108 0.00681061 0.0114256 0.00747988
8 0.0126663 0.756763 0.0244034 0.0625489 0.00730659
1 0.421835 0.684882 0.0165448 0.0181905 0.00706989
4 0.146323 0.737357 0.0731982 0.0657284 0.00687129
1 0.846044 0.332276 0.0796443 0.182144 0.00674772
4 0.655316 0.788593 0.0528002 0.235639 0.0065849
0 0.425566 0.711217 0.0289523 0.0539135 0.00630596
7 0.503199 0.684108 0.00681061 0.0114256 0.00622558
0 0.519644 0.721634 0.0102566 0.0154483 0.00619413
2 0.459102 0.396193 0.00913602 0.027958 0.0056836
4 0.551766 0.739091 0.0176169 0.0942974 0.00568071
8 0.427983 0.758693 0.0341054 0.0746719 0.00550069
4 0.593105 0.70948 0.0383501 0.0691739 0.00536083
5 0.546705 0.744334 0.019214 0.0683891 0.00524034
4 0.375677 0.731104 0.0211921 0.0249506 0.00508079
4 0.516731 0.697591 0.00711517 0.00889511 0.00503015
6 0.568141 0.74396 0.0365033 0.0984519 0.00498313
4 0.443906 0.731169 0.0128699 0.0426529 0.00486574
1 0.827816 0.380694 0.0410454 0.0866894 0.00481899
0 0.515341 0.724888 0.00889511 0.0211286 0.00454948
4 0.559086 0.70469 0.00958771 0.0160758 0.00454164
1 0.405718 0.690855 0.00994113 0.0182016 0.00447255
8 0.438803 0.741399 0.0151028 0.0400115 0.00443085
7 0.399159 0.688926 0.00790936 0.0177198 0.00441108
4 0.384933 0.719694 0.0124277 0.0354597 0.00439012
6 0.458926 0.725034 0.0125085 0.0181367 0.00432947
4 0.390227 0.727682 0.0234571 0.0223255 0.00430482
7 0.507584 0.694382 0.00716785 0.00902748 0.00419895
1 0.425566 0.711217 0.0289523 0.0539135 0.00417888
4 0.335641 0.734704 0.0212815 0.0294853 0.00416454
6 0.446403 0.719617 0.0105974 0.024288 0.0041614
0 0.457914 0.728049 0.0137573 0.0193223 0.00412614
1 0.517287 0.656078 0.00965479 0.0153619 0.00397049
0 0.512699 0.717028 0.011527 0.0210439 0.00392295
1 0.422726 0.766859 0.0282513 0.0725885 0.00381385
0 0.419095 0.720255 0.0305561 0.0410551 0.00380275
0 0.326889 0.735854 0.0121816 0.031996 0.00378687
15 0.446585 0.696105 0.0106479 0.0239615 0.00361727
4 0.456084 0.734177 0.0221331 0.0309541 0.00360639
0 0.564935 0.741847 0.0410704 0.0935201 0.00354761
7 0.495559 0.683302 0.00713034 0.00940573 0.00351559
1 0.433973 0.686111 0.0121154 0.0155072 0.00348573
6 0.463273 0.716359 0.0220748 0.0372782 0.00347941
14 0.571967 0.746774 0.0360137 0.104126 0.00341196
4 0.341457 0.729633 0.0215301 0.0377332 0.00340336
8 0.41701 0.756893 0.0268593 0.059377 0.00339373
4 0.629536 0.702624 0.063388 0.0688912 0.00338003
8 0.538053 0.739283 0.0130953 0.0450294 0.0033441
1 0.496259 0.696174 0.00988608 0.00696973 0.00333372
8 0.382245 0.728999 0.0100833 0.0201602 0.00328518
2 0.33567 0.523337 0.00644418 0.011407 0.00321789
14 0.661259 0.780076 0.0619699 0.258646 0.00321253
6 0.527148 0.626083 0.0563306 0.0482435 0.00317679
4 0.331481 0.727283 0.0212146 0.0363757 0.00315094
4 0.975928 0.940288 0.0446096 0.118904 0.00300482
5 0.525564 0.719927 0.0115588 0.0128986 0.00299201
8 0.382688 0.733028 0.0129768 0.0269501 0.0029136
4 0.353951 0.731738 0.0222918 0.0292157 0.00290698
5 0.542199 0.740941 0.014267 0.051206 0.00289367
1 0.513838 0.657483 0.0236338 0.0170351 0.00289026
4 0.0846757 0.739188 0.0699479 0.0604448 0.00288506
4 0.482722 0.70141 0.00667245 0.00859808 0.00283479
5 0.538053 0.739283 0.0130953 0.0450294 0.00281192
5 0.492971 0.726087 0.0165154 0.0204132 0.00278565
0 0.509096 0.722714 0.0131323 0.0165371 0.00276435
4 0.366241 0.733807 0.0275472 0.0277056 0.00264721
5 0.558235 0.743535 0.0266971 0.0930244 0.00259979
6 0.620811 0.768689 0.081504 0.200098 0.00258735
0 0.464769 0.723908 0.0113983 0.0187571 0.00257027
4 0.238487 0.728748 0.107853 0.0687656 0.00254285
7 0.397182 0.687428 0.00865015 0.0233935 0.00251986
5 0.579229 0.748653 0.0380363 0.11043 0.00248396
1 0.444987 0.666763 0.00952206 0.0179099 0.00237883
1 0.595654 0.63631 0.0184207 0.021756 0.00237255
25 0.195279 0.632162 0.0293053 0.0455311 0.00237019
0 0.538286 0.722014 0.0109786 0.0328229 0.00235655
6 0.425566 0.711217 0.0289523 0.0539135 0.00233206
8 0.422904 0.741023 0.0285688 0.105348 0.00228434
6 0.464769 0.723908 0.0113983 0.0187571 0.00226917
0 0.39083 0.721283 0.0141422 0.0171572 0.00223974
5 0.382245 0.728999 0.0100833 0.0201602 0.00223662
6 0.450225 0.699504 0.0114846 0.0288137 0.00211577
6 0.466591 0.711033 0.017737 0.0307806 0.00207634
4 0.678057 0.783808 0.0941364 0.25498 0.00205542
13 0.446403 0.719617 0.0105974 0.024288 0.00203273
1 0.844703 0.285786 0.0786308 0.109527 0.00200894
1 0.432086 0.670127 0.0202731 0.0268899 0.00197221
0 0.446585 0.696105 0.0106479 0.0239615 0.00194928
7 0.516731 0.697591 0.00711517 0.00889511 0.00190624
6 0.425533 0.73515 0.0282443 0.100971 0.00189799
4 0.424018 0.736473 0.0307235 0.102668 0.0018923
8 0.443906 0.731169 0.0128699 0.0426529 0.00189133
14 0.620811 0.768689 0.081504 0.200098 0.00186746
1 0.518684 0.68474 0.00621375 0.0151293 0.00186148
6 0.492971 0.726087 0.0165154 0.0204132 0.00185231
6 0.525564 0.719927 0.0115588 0.0128986 0.00183211
7 0.447148 0.701553 0.0118799 0.0346774 0.00181293
1 0.846486 0.37977 0.0775676 0.0904192 0.00175723
6 0.519644 0.721634 0.0102566 0.0154483 0.00175392
1 0.390991 0.678818 0.0127818 0.020838 0.00174421
5 0.620811 0.768689 0.081504 0.200098 0.00174204
8 0.457914 0.728049 0.0137573 0.0193223 0.00173605
8 0.655316 0.788593 0.0528002 0.235639 0.0017292
5 0.526247 0.725558 0.0127802 0.0222647 0.00172772
1 0.589065 0.614127 0.021491 0.0298211 0.00172098
0 0.483935 0.72321 0.00842883 0.019215 0.00172056
5 0.457914 0.728049 0.0137573 0.0193223 0.00169777
13 0.425533 0.73515 0.0282443 0.100971 0.00169261
1 0.559086 0.70469 0.00958771 0.0160758 0.00166963
5 0.382606 0.724684 0.00951074 0.0180752 0.00165968
8 0.515341 0.724888 0.00889511 0.0211286 0.00164899
7 0.518684 0.68474 0.00621375 0.0151293 0.00162469
8 0.382606 0.724684 0.00951074 0.0180752 0.00161727
2 0.702751 0.366392 0.00746606 0.0125767 0.00161214
0 0.469207 0.726123 0.0176847 0.0197522 0.0016099
0 0.382688 0.733028 0.0129768 0.0269501 0.0015956
4 0.447148 0.701553 0.0118799 0.0346774 0.00154969
0 0.503955 0.725978 0.00883527 0.0196671 0.00153703
1 0.446403 0.719617 0.0105974 0.024288 0.00152959
4 0.399159 0.688926 0.00790936 0.0177198 0.00152431
8 0.547471 0.747818 0.0187516 0.0650972 0.00151363
15 0.466591 0.711033 0.017737 0.0307806 0.00150445
15 0.620811 0.768689 0.081504 0.200098 0.00148062
15 0.450225 0.699504 0.0114846 0.0288137 0.00146242
7 0.541113 0.696828 0.00724902 0.0105115 0.00146127
2 0.39462 0.561659 0.0077045 0.0134327 0.00139218
22 0.527811 0.661745 0.00813733 0.0180967 0.00137737
4 0.980872 0.796827 0.0353868 0.227019 0.00136283
0 0.575616 0.745623 0.0353425 0.112843 0.00134989
6 0.48945 0.719537 0.0145813 0.0260813 0.00133994
4 0.350121 0.722061 0.041727 0.0428104 0.00130919
4 0.514699 0.731017 0.0144649 0.030945 0.00130168
5 0.519644 0.721634 0.0102566 0.0154483 0.00129038
0 0.0127688 0.756146 0.0240274 0.0622483 0.0012836
6 0.483935 0.72321 0.00842883 0.019215 0.00127405
15 0.458926 0.725034 0.0125085 0.0181367 0.0012737
8 0.503955 0.725978 0.00883527 0.0196671 0.00127228
15 0.446403 0.719617 0.0105974 0.024288 0.00124505
0 0.397182 0.687428 0.00865015 0.0233935 0.00124304
0 0.493173 0.7238 0.0153955 0.0165012 0.00122849
2 0.449222 0.384993 0.0146215 0.0229579 0.00120822
1 0.459803 0.673894 0.00860245 0.013442 0.00120657
14 0.558235 0.743535 0.0266971 0.0930244 0.00120579
0 0.48945 0.719537 0.0145813 0.0260813 0.0011987
2 0.449551 0.390506 0.0159187 0.0190056 0.00119623
8 0.526247 0.725558 0.0127802 0.0222647 0.0011901
7 0.409849 0.673885 0.00795697 0.0144179 0.00118786
6 0.341444 0.713339 0.0466561 0.0639157 0.00118623
8 0.40524 0.752288 0.0221413 0.0653577 0.00117259
15 0.463273 0.716359 0.0220748 0.0372782 0.00116267
4 0.40524 0.752288 0.0221413 0.0653577 0.00115631
5 0.42248 0.764589 0.0272026 0.0793234 0.0011442
2 0.397052 0.686811 0.00794373 0.0224169 0.00114035
14 0.680194 0.783591 0.0980411 0.296077 0.00113974
4 0.496259 0.696174 0.00988608 0.00696973 0.0011381
6 0.512699 0.717028 0.011527 0.0210439 0.00113599
12 0.56924 0.74627 0.0376949 0.105624 0.0011342
5 0.551766 0.739091 0.0176169 0.0942974 0.00112958
6 0.561466 0.741275 0.0319423 0.0864411 0.00112716
0 0.0253708 0.752849 0.0491828 0.0677662 0.00112134
4 0.463273 0.716359 0.0220748 0.0372782 0.00111837
3 0.654227 0.813673 0.0497692 0.191807 0.00109396
1 0.598796 0.653358 0.0172052 0.0183294 0.00108158
4 0.345933 0.715862 0.0446266 0.064499 0.00107555
1 0.450954 0.668821 0.0167984 0.0184212 0.00105478
4 0.201236 0.731013 0.0558268 0.0700255 0.00105195
0 0.41701 0.756893 0.0268593 0.059377 0.00105142
7 0.482722 0.70141 0.00667245 0.00859808 0.00105024
0 0.559086 0.70469 0.00958771 0.0160758 0.00104961
0 0.438803 0.741399 0.0151028 0.0400115 0.00104304
1 0.422776 0.67146 0.0200953 0.0301561 0.00103197
7 0.459803 0.673894 0.00860245 0.013442 0.00103191
8 0.542199 0.740941 0.014267 0.051206 0.0010264
8 0.446403 0.719617 0.0105974 0.024288 0.00101353
