4 0.210921 0.75657 0.24916 0.256656 0.955752
4 0.784946 0.746788 0.223393 0.224452 0.95013
4 0.587234 0.713316 0.0517291 0.058257 0.897151
4 0.433911 0.701432 0.0362276 0.0449702 0.881046
4 0.50265 0.713875 0.0602726 0.0759618 0.875963
4 0.544493 0.702213 0.036164 0.0474177 0.806742
4 0.389199 0.697097 0.024169 0.0255807 0.754627
1 0.322259 0.595586 0.0313382 0.0717033 0.714002
4 0.328725 0.700451 0.0202313 0.0289169 0.572049
7 0.473087 0.581645 0.00970963 0.0300187 0.50704
1 0.684705 0.615874 0.0207136 0.0487048 0.489441
7 0.513723 0.582998 0.00924179 0.0315668 0.489103
4 0.492426 0.684184 0.0311061 0.0277943 0.42138
7 0.504981 0.582738 0.00924081 0.0273483 0.221691
4 0.351608 0.693456 0.0135414 0.0149715 0.177088
4 0.344486 0.693508 0.0144715 0.0146003 0.157418
7 0.4894 0.58296 0.0126176 0.0153484 0.139901
1 0.207832 0.569037 0.0455923 0.0788664 0.0907621
7 0.509321 0.580738 0.0122686 0.0293543 0.0838898
8 0.0866316 0.703191 0.0125635 0.0336442 0.0724525
0 0.0608437 0.689898 0.01068 0.0659977 0.0642645
4 0.409102 0.69504 0.0141796 0.0185743 0.0550761
4 0.520095 0.707557 0.0255129 0.0610531 0.0540792
0 0.0542653 0.691772 0.0146404 0.0624174 0.0540531
0 0.0578041 0.692016 0.0105319 0.0607493 0.053692
4 0.519405 0.691 0.025117 0.0279941 0.0518647
1 0.4894 0.58296 0.0126176 0.0153484 0.0489874
4 0.564859 0.705974 0.0141652 0.0421465 0.047796
0 0.0858245 0.703518 0.013368 0.0365118 0.0439276
4 0.470985 0.69646 0.0115826 0.0200623 0.0425353
7 0.525047 0.585626 0.0119384 0.0135335 0.04116
4 0.685337 0.700753 0.0255878 0.0452855 0.0397406
4 0.469076 0.705208 0.0163558 0.0376871 0.0322611
0 0.0498906 0.691938 0.018794 0.0607357 0.0271718
7 0.514017 0.590677 0.00897342 0.0272152 0.0261929
7 0.491984 0.57643 0.012167 0.0203199 0.0252515
8 0.0979134 0.687359 0.0329701 0.0532536 0.0249243
4 0.324029 0.702458 0.0267144 0.0243905 0.0216941
4 0.0979134 0.687359 0.0329701 0.0532536 0.0205777
2 0.17922 0.56547 0.0103419 0.0195332 0.0190631
14 0.0858245 0.703518 0.013368 0.0365118 0.0178814
2 0.191959 0.536423 0.0104127 0.0147216 0.0158822
1 0.580059 0.662838 0.00668848 0.0393422 0.0147451
4 0.451358 0.695668 0.01105 0.0258932 0.0136075
6 0.544703 0.702457 0.0360042 0.0482992 0.0115123
4 0.345374 0.689118 0.0164778 0.0202305 0.0113641
4 0.356905 0.698063 0.0166358 0.0223992 0.0110226
2 0.209136 0.536709 0.0129958 0.0166045 0.0103754
4 0.512561 0.677213 0.0120408 0.0155943 0.00978623
1 0.693853 0.61583 0.0390434 0.0497602 0.0086147
0 0.0641041 0.687042 0.0144696 0.0701475 0.00859441
1 0.201918 0.558337 0.0288761 0.0505285 0.008514
4 0.0858245 0.703518 0.013368 0.0365118 0.00847807
1 0.491984 0.57643 0.012167 0.0203199 0.00812846
4 0.37422 0.694023 0.0159266 0.0164242 0.00805624
4 0.463942 0.702758 0.0174915 0.0363106 0.00796267
0 0.684272 0.69699 0.0233763 0.0419067 0.00794119
4 0.352451 0.68958 0.0123198 0.0213371 0.00714355
15 0.492426 0.684184 0.0311061 0.0277943 0.00668617
3 0.0857442 0.704188 0.0145419 0.0391285 0.00615553
4 0.45067 0.707013 0.0110798 0.0328158 0.00601141
4 0.686332 0.718121 0.0271635 0.0650039 0.00595246
0 0.0942417 0.691169 0.0306865 0.057875 0.00592156
4 0.515227 0.71387 0.0380301 0.0722029 0.00590215
1 0.566713 0.683573 0.0149733 0.0250647 0.00566715
7 0.201918 0.558337 0.0288761 0.0505285 0.0054736
0 0.0484027 0.705136 0.0159536 0.0350919 0.00545641
4 0.329075 0.692292 0.0205409 0.0266941 0.00533451
6 0.322405 0.591329 0.0323732 0.080618 0.00532396
2 0.195569 0.541581 0.020582 0.0186146 0.00529807
8 0.0859586 0.695678 0.0147478 0.0432003 0.00523394
6 0.492426 0.684184 0.0311061 0.0277943 0.00523323
4 0.697554 0.682426 0.0498591 0.0885716 0.00517858
1 0.525047 0.585626 0.0119384 0.0135335 0.00499697
7 0.218168 0.558576 0.0173535 0.0581635 0.0049846
0 0.0306059 0.710851 0.0135485 0.0228077 0.00488101
2 0.217781 0.54443 0.0133208 0.0392327 0.00474316
1 0.195569 0.541581 0.020582 0.0186146 0.00451018
5 0.0979134 0.687359 0.0329701 0.0532536 0.00429093
12 0.20783 0.567223 0.0475828 0.0765794 0.00426625
4 0.322656 0.69017 0.0180454 0.0226768 0.0042043
1 0.484856 0.650933 0.00964487 0.0201508 0.00418658
4 0.710294 0.723599 0.074603 0.173449 0.00415348
4 0.472118 0.688296 0.0115095 0.022814 0.00413988
1 0.489275 0.649807 0.0110386 0.0218294 0.00411784
1 0.509321 0.580738 0.0122686 0.0293543 0.00409938
4 0.38768 0.689231 0.0196334 0.0203426 0.00405214
14 0.0984796 0.689215 0.031926 0.0557893 0.00378475
4 0.613149 0.702266 0.0121548 0.0276268 0.0037605
4 0.322405 0.591329 0.0323732 0.080618 0.00371945
1 0.793845 0.586074 0.014072 0.0898295 0.00354639
2 0.218168 0.558576 0.0173535 0.0581635 0.00347948
4 0.492823 0.666508 0.0216514 0.014788 0.00335089
22 0.473087 0.581645 0.00970963 0.0300187 0.00326442
22 0.91568 0.753563 0.0166854 0.0617016 0.00321342
1 0.483501 0.66479 0.00934274 0.0118022 0.00295387
2 0.180525 0.559196 0.00960675 0.0291103 0.00293296
5 0.0857442 0.704188 0.0145419 0.0391285 0.00291601
0 0.102186 0.687164 0.024207 0.0501263 0.002815
6 0.20783 0.567223 0.0475828 0.0765794 0.00276249
7 0.485541 0.583204 0.00807425 0.026234 0.00274836
8 0.351608 0.693456 0.0135414 0.0149715 0.00273172
1 0.390256 0.667424 0.014572 0.0185649 0.00272295
1 0.580416 0.654458 0.00607428 0.0274984 0.00267717
1 0.687793 0.682828 0.0297026 0.0864958 0.00266501
1 0.218168 0.558576 0.0173535 0.0581635 0.00258399
1 0.219319 0.566748 0.0289722 0.0877768 0.0024801
1 0.513936 0.58493 0.00848889 0.0282783 0.00243412
4 0.483501 0.66479 0.00934274 0.0118022 0.00223987
7 0.195569 0.541581 0.020582 0.0186146 0.00223816
4 0.496559 0.669539 0.023268 0.0197202 0.00222216
0 0.328614 0.699861 0.0211815 0.0297977 0.00216983
1 0.473087 0.581645 0.00970963 0.0300187 0.00213918
4 0.40644 0.686839 0.0199732 0.0190749 0.00213243
0 0.564859 0.705974 0.0141652 0.0421465 0.00210959
0 0.0346632 0.702507 0.0188942 0.040979 0.00209433
4 0.704489 0.70486 0.063092 0.109086 0.00205015
1 0.223409 0.607697 0.0119905 0.0216444 0.00200735
4 0.315739 0.698206 0.0227359 0.0242262 0.0019913
2 0.201918 0.558337 0.0288761 0.0505285 0.00197706
22 0.911987 0.756481 0.0170475 0.0551386 0.00193984
1 0.645217 0.604309 0.0156945 0.0251476 0.00193729
0 0.104733 0.680612 0.0158214 0.0440151 0.00192881
4 0.105583 0.684078 0.0377546 0.0507649 0.00189718
8 0.68448 0.699609 0.0237415 0.0393456 0.00187689
6 0.496559 0.669539 0.023268 0.0197202 0.00182938
4 0.594699 0.678407 0.0310974 0.0502652 0.00181767
1 0.444544 0.605844 0.0080694 0.0171024 0.00181094
8 0.0306059 0.710851 0.0135485 0.0228077 0.00173977
1 0.386789 0.667464 0.0154376 0.0236539 0.00173259
1 0.570352 0.671032 0.0174819 0.0360039 0.00170968
1 0.427175 0.5879 0.0109842 0.0165181 0.00168545
1 0.504981 0.582738 0.00924081 0.0273483 0.00166771
1 0.226713 0.607043 0.0129793 0.0289298 0.00162633
7 0.209136 0.536709 0.0129958 0.0166045 0.00159537
1 0.649341 0.60881 0.0233362 0.0400561 0.00154968
7 0.217781 0.54443 0.0133208 0.0392327 0.00146076
8 0.344486 0.693508 0.0144715 0.0146003 0.00141413
3 0.68448 0.699609 0.0237415 0.0393456 0.00139502
8 0.915709 0.754064 0.0165424 0.0602913 0.00137333
15 0.544703 0.702457 0.0360042 0.0482992 0.00135866
0 0.032231 0.706382 0.0145109 0.0304287 0.00134883
0 0.350467 0.693446 0.0179136 0.0185787 0.00133736
1 0.225147 0.571647 0.0168292 0.0779352 0.00133562
15 0.496559 0.669539 0.023268 0.0197202 0.00126283
22 0.513723 0.582998 0.00924179 0.0315668 0.00125349
5 0.544425 0.702354 0.0362309 0.0475442 0.00123205
0 0.409102 0.69504 0.0141796 0.0185743 0.00122548
1 0.445877 0.613744 0.00939499 0.0247816 0.00121819
4 0.604505 0.690018 0.0152535 0.0235682 0.00121587
1 0.597183 0.670788 0.0255009 0.0501426 0.00120813
22 0.880712 0.701877 0.0118111 0.0210244 0.00120799
0 0.433472 0.70128 0.0364425 0.0414862 0.00118716
8 0.104733 0.680612 0.0158214 0.0440151 0.0011738
4 0.473615 0.715131 0.0155871 0.0545857 0.00116053
4 0.687793 0.682828 0.0297026 0.0864958 0.00115631
2 0.513723 0.582998 0.00924179 0.0315668 0.00114844
7 0.521687 0.577879 0.0190314 0.0243527 0.00113862
4 0.418118 0.696636 0.0149723 0.026455 0.00111061
14 0.104733 0.680612 0.0158214 0.0440151 0.00110966
1 0.308557 0.595754 0.0389228 0.0576309 0.00109936
8 0.0525377 0.690782 0.0125079 0.0631853 0.00108957
0 0.613149 0.702266 0.0121548 0.0276268 0.00107535
1 0.676664 0.619597 0.0232574 0.0411589 0.00106203
7 0.322259 0.595586 0.0313382 0.0717033 0.00104969
1 0.492771 0.679578 0.0296609 0.0203962 0.00103925
1 0.521687 0.577879 0.0190314 0.0243527 0.0010318
0 0.630874 0.702776 0.0108834 0.0263562 0.00102345
0 0.344486 0.693508 0.0144715 0.0146003 0.00102153
1 0.17922 0.56547 0.0103419 0.0195332 0.00100246
