4 0.965819 0.611527 0.0463974 0.0598442 0.91187
4 0.833044 0.626403 0.0810837 0.0576362 0.894594
4 0.734378 0.650021 0.114887 0.0839439 0.888208
4 0.906913 0.610396 0.0355206 0.0658666 0.882812
2 0.135675 0.395337 0.0319914 0.0524501 0.257182
4 0.741373 0.602265 0.0412598 0.0182185 0.216739
4 0.754712 0.601894 0.0141848 0.015066 0.207761
4 0.76347 0.608091 0.0336906 0.0215801 0.0952335
4 0.763672 0.614286 0.0321749 0.0296601 0.0711129
2 0.177881 0.408206 0.0309109 0.0590377 0.0694036
4 0.661243 0.618436 0.0316586 0.0318829 0.0504364
4 0.860083 0.603944 0.0252974 0.0187428 0.0491784
4 0.995202 0.611889 0.00959522 0.0332208 0.0402263
1 0.981951 0.542421 0.0135746 0.0195609 0.0254308
4 0.769176 0.620638 0.041424 0.0382803 0.0208222
1 0.717848 0.58384 0.0115128 0.0258491 0.0176471
4 0.98321 0.588719 0.0147252 0.02339 0.0163977
1 0.707769 0.582822 0.0247835 0.0287597 0.0159827
1 0.869622 0.551687 0.0122799 0.015637 0.0158316
23 0.553825 0.707167 0.0108841 0.0493669 0.0144121
0 0.534784 0.371871 0.930431 0.743743 0.01287
4 0.722539 0.590382 0.0176406 0.0266929 0.00937385
4 0.645299 0.618546 0.0534831 0.0305674 0.00896349
0 0.754712 0.601894 0.0141848 0.015066 0.00839223
1 0.797835 0.560541 0.0110443 0.0265887 0.00805814
6 0.988421 0.580708 0.0229187 0.0448682 0.00627418
0 0.833105 0.625862 0.0814636 0.0591305 0.00614886
4 0.702911 0.62531 0.0510264 0.0282423 0.00611749
0 0.995202 0.611889 0.00959522 0.0332208 0.00533065
4 0.788947 0.628105 0.0741802 0.0554245 0.00496165
1 0.796383 0.571804 0.010186 0.0202786 0.00463106
4 0.9656 0.589191 0.0429333 0.0234155 0.00454993
1 0.976885 0.542833 0.0244812 0.0224048 0.0045316
8 0.995202 0.611889 0.00959522 0.0332208 0.00386768
2 0.176891 0.653866 0.00912042 0.0192878 0.00376332
4 0.590753 0.627332 0.0103716 0.0166543 0.0035855
1 0.79787 0.546168 0.0110874 0.0408748 0.00338676
42 0.754712 0.601894 0.0141848 0.015066 0.00309967
22 0.995202 0.611889 0.00959522 0.0332208 0.00287618
4 0.742869 0.591597 0.0398707 0.0338707 0.00284535
4 0.988421 0.580708 0.0229187 0.0448682 0.00283703
4 0.206491 0.686406 0.0120496 0.0218757 0.00282178
4 0.65623 0.627217 0.0453242 0.0435442 0.00260423
2 0.168155 0.357927 0.0126814 0.0311931 0.00258056
1 0.134872 0.396817 0.0313234 0.055374 0.00242854
2 0.130948 0.24758 0.0136013 0.0241891 0.00223526
12 0.988421 0.580708 0.0229187 0.0448682 0.00223433
8 0.754712 0.601894 0.0141848 0.015066 0.0022184
4 0.753746 0.591856 0.0315933 0.0327809 0.00218694
2 0.64712 0.454403 0.00871942 0.0220679 0.00216653
42 0.736273 0.603343 0.0308375 0.0184699 0.00212482
4 0.63795 0.631709 0.0874874 0.0342382 0.00211456
6 0.985537 0.571543 0.024448 0.0352905 0.00205462
4 0.602939 0.627014 0.0291265 0.0173794 0.00197472
0 0.907131 0.61129 0.0385712 0.0632669 0.00191978
2 0.852941 0.281176 0.00945758 0.0190625 0.00191782
4 0.824395 0.613695 0.0598427 0.0303746 0.00190786
16 0.553825 0.707167 0.0108841 0.0493669 0.00188094
14 0.993 0.610837 0.0140009 0.0364002 0.00185338
4 0.176891 0.653866 0.00912042 0.0192878 0.00183099
4 0.862791 0.613129 0.0229542 0.0313346 0.0017759
1 0.991011 0.541926 0.016168 0.0252209 0.00173976
4 0.708195 0.587422 0.0201714 0.0274203 0.00170671
4 0.658511 0.630815 0.0354567 0.0313724 0.00169487
2 0.906617 0.610335 0.0362156 0.06527 0.00168783
4 0.0605723 0.742488 0.0277257 0.0194563 0.00168537
2 0.754712 0.601894 0.0141848 0.015066 0.00167232
1 0.991145 0.560368 0.0170826 0.019527 0.00155692
1 0.786461 0.552535 0.0201138 0.0446108 0.00149904
4 0.884547 0.61991 0.00881842 0.0319133 0.00144994
8 0.76347 0.608091 0.0336906 0.0215801 0.00144888
0 0.176948 0.658864 0.00892592 0.0235126 0.00142576
2 0.127878 0.257734 0.0141104 0.0234416 0.00142572
1 0.984002 0.535569 0.0256523 0.0385927 0.00141683
2 0.182078 0.306338 0.0219445 0.0227395 0.00140871
4 0.981951 0.542421 0.0135746 0.0195609 0.00140778
2 0.0808358 0.395918 0.0158059 0.0241899 0.0013937
1 0.176948 0.658864 0.00892592 0.0235126 0.00138352
7 0.717848 0.58384 0.0115128 0.0258491 0.0013818
42 0.861856 0.60784 0.0235939 0.025127 0.0013552
7 0.796383 0.571804 0.010186 0.0202786 0.00130622
1 0.983797 0.546393 0.0197491 0.023068 0.00125991
6 0.993 0.610837 0.0140009 0.0364002 0.00118389
4 0.632245 0.611017 0.0171944 0.0295241 0.00113085
4 0.629362 0.62005 0.0293534 0.0255906 0.00111366
1 0.801792 0.562018 0.010395 0.0210449 0.00111163
0 0.157888 0.0455046 0.0853925 0.0910091 0.00110825
7 0.81927 0.566068 0.008263 0.0311993 0.00110715
4 0.727048 0.62522 0.100389 0.0333103 0.00109769
7 0.801456 0.543315 0.0115425 0.030045 0.00108407
2 0.135862 0.356496 0.0219633 0.0324666 0.00105965
8 0.907131 0.61129 0.0385712 0.0632669 0.00104916
1 0.81927 0.566068 0.008263 0.0311993 0.00104076
4 0.795297 0.602487 0.0212669 0.0139399 0.00103117
7 0.79787 0.546168 0.0110874 0.0408748 0.00102707
0 0.722539 0.590382 0.0176406 0.0266929 0.00102591
6 0.741373 0.602265 0.0412598 0.0182185 0.00102153
7 0.801792 0.562018 0.010395 0.0210449 0.00100053
