4 0.188206 0.815851 0.183737 0.17087 0.917293
1 0.971036 0.637982 0.0450618 0.123852 0.913835
4 0.450863 0.808184 0.159085 0.174081 0.888819
4 0.721762 0.787249 0.086624 0.0953023 0.874001
4 0.892553 0.791983 0.091687 0.0862462 0.854357
4 0.852352 0.780935 0.0331986 0.07087 0.810211
4 0.984507 0.797582 0.0287326 0.0905593 0.362929
12 0.197298 0.706885 0.117488 0.0836673 0.171768
8 0.0360166 0.797863 0.0423542 0.064904 0.131983
0 0.955648 0.77892 0.031302 0.109616 0.0898017
0 0.947395 0.777122 0.0239137 0.10465 0.083196
1 0.884708 0.720416 0.0114337 0.04512 0.0596114
8 0.0531645 0.794881 0.0298021 0.0643974 0.0582218
4 0.612297 0.77075 0.0625239 0.0897591 0.0571968
4 0.973506 0.793533 0.0490905 0.09621 0.0500837
4 0.564561 0.771524 0.0545959 0.0848561 0.0392514
8 0.0608861 0.795763 0.0300487 0.0606358 0.0360188
0 0.0546123 0.792061 0.0244224 0.0619344 0.0327506
5 0.0368096 0.798226 0.0438831 0.0629414 0.0323292
1 0.411227 0.670217 0.0288538 0.0575576 0.0230426
0 0.0335222 0.796386 0.0359819 0.0642186 0.0189373
0 0.0691389 0.77525 0.0295754 0.0958855 0.0169511
6 0.91285 0.728322 0.0485823 0.100388 0.0161867
0 0.00849189 0.79538 0.0164067 0.0573518 0.0130828
0 0.962309 0.786631 0.027069 0.104406 0.0124585
4 0.0284305 0.795669 0.0373242 0.061751 0.0118895
4 0.581417 0.768997 0.0828398 0.0876302 0.0117226
6 0.985913 0.791755 0.028174 0.0992526 0.0102522
0 0.0586783 0.780079 0.0328124 0.0837142 0.00804854
4 0.981386 0.781172 0.0352704 0.121845 0.00672124
4 0.80724 0.767824 0.0282643 0.0217809 0.00657972
8 0.0705257 0.794123 0.0432497 0.0637029 0.00627639
4 0.875388 0.78527 0.0773959 0.0769371 0.00610337
4 0.962309 0.786631 0.027069 0.104406 0.00548228
6 0.969248 0.782394 0.0578998 0.112249 0.00527123
7 0.0934568 0.689225 0.0129193 0.0310479 0.004963
4 0.816108 0.768456 0.0178596 0.0202747 0.00456039
8 0.0102185 0.797633 0.0189452 0.0581801 0.00440332
6 0.891923 0.791484 0.0909996 0.085559 0.00438034
8 0.954506 0.802682 0.0195153 0.0666679 0.00416228
4 0.00849189 0.79538 0.0164067 0.0573518 0.00395648
6 0.950085 0.763551 0.0321061 0.0786642 0.00388154
1 0.467161 0.688566 0.0533021 0.0566848 0.0038611
0 0.0647609 0.794379 0.0316092 0.0622697 0.00370606
8 0.0543607 0.803429 0.0529329 0.0624047 0.00339195
0 0.982334 0.789376 0.0334218 0.104657 0.0032413
7 0.069262 0.0148588 0.0178366 0.0297176 0.0031581
8 0.944001 0.799351 0.0255291 0.0639401 0.00311415
4 0.678562 0.770577 0.0188593 0.0307523 0.00308964
4 0.0684155 0.778644 0.0350424 0.0945865 0.00301262
0 0.0441284 0.781012 0.0325332 0.0595376 0.00291388
8 0.957782 0.790885 0.0242285 0.0874282 0.00280284
4 0.962731 0.778432 0.0519746 0.0772242 0.00277008
7 0.045928 0.68696 0.0144097 0.0272837 0.00268653
4 0.857859 0.790553 0.0281158 0.0687659 0.00264387
0 0.953026 0.738671 0.0204585 0.0397761 0.00260699
4 0.04163 0.797835 0.0557693 0.06495 0.00252121
4 0.105791 0.777032 0.035961 0.0822139 0.00231128
4 0.374017 0.795791 0.0401112 0.0854848 0.00227981
8 0.0684155 0.778644 0.0350424 0.0945865 0.0022365
0 0.96123 0.738064 0.0164442 0.0424623 0.00223128
0 0.0438289 0.797027 0.0488602 0.0649955 0.00216634
6 0.890447 0.762744 0.0976257 0.133314 0.00214567
4 0.946939 0.776344 0.0221182 0.102137 0.00214533
4 0.105708 0.794906 0.0322146 0.053969 0.00209022
8 0.984408 0.798157 0.0281544 0.0901932 0.00207241
7 0.0213462 0.686081 0.0120168 0.0225709 0.00194048
6 0.197872 0.707868 0.119081 0.0815067 0.00190284
4 0.0294348 0.766587 0.0368543 0.0312085 0.00188943
1 0.95536 0.722954 0.0171351 0.0215054 0.00184591
4 0.753649 0.770824 0.0176823 0.0297329 0.00180169
8 0.973423 0.80244 0.0452771 0.0778923 0.00180143
6 0.852508 0.782205 0.0341609 0.0732829 0.00178194
4 0.0546123 0.792061 0.0244224 0.0619344 0.00177116
1 0.944653 0.714966 0.0174907 0.0338038 0.00176639
6 0.962731 0.778432 0.0519746 0.0772242 0.00167032
4 0.944001 0.799351 0.0255291 0.0639401 0.00163426
8 0.93636 0.804734 0.0332219 0.0597264 0.00162756
5 0.068516 0.777933 0.0317046 0.102008 0.00159836
12 0.911784 0.726281 0.0478781 0.0957732 0.0015878
1 0.0306902 0.710846 0.033313 0.0903292 0.00154083
44 0.627903 0.186101 0.364883 0.372203 0.001534
4 0.59759 0.779325 0.0923477 0.108422 0.00146838
8 0.946939 0.776344 0.0221182 0.102137 0.00146255
4 0.554963 0.781824 0.0563544 0.0719251 0.00145844
4 0.0705257 0.794123 0.0432497 0.0637029 0.00143419
6 0.923341 0.733269 0.0470828 0.110568 0.00143197
4 0.799094 0.766499 0.0212438 0.0221612 0.00142993
4 0.680318 0.77707 0.0240473 0.0532009 0.00139057
4 0.341673 0.812913 0.105378 0.122605 0.00137857
4 0.341926 0.803306 0.0667292 0.0967037 0.00137719
0 0.970505 0.793505 0.041929 0.0930902 0.00137444
4 0.83141 0.779672 0.0233116 0.0491109 0.00135918
5 0.0385465 0.757904 0.0527433 0.144736 0.00133298
1 0.0489832 0.715135 0.0242294 0.097977 0.00129092
4 0.327282 0.810095 0.069131 0.10329 0.00127545
4 0.0441284 0.781012 0.0325332 0.0595376 0.00124079
4 0.426895 0.794546 0.115953 0.119888 0.00118584
1 0.96123 0.738064 0.0164442 0.0424623 0.00118368
0 0.929873 0.783593 0.0188458 0.0440888 0.00108478
4 0.824199 0.77878 0.0199259 0.0353012 0.00106053
4 0.927828 0.80368 0.025921 0.0614731 0.00105873
3 0.0406212 0.795101 0.0410053 0.0659569 0.00104985
4 0.68488 0.769247 0.0246314 0.0372583 0.00104838
8 0.0986533 0.798379 0.0264517 0.05466 0.00104587
4 0.802627 0.758563 0.0258972 0.0280644 0.00104514
0 0.962731 0.778432 0.0519746 0.0772242 0.00103579
4 0.957782 0.790885 0.0242285 0.0874282 0.00100988
