4 0.391555 0.59763 0.0926017 0.10151 0.923645
0 0.183369 0.624676 0.0884693 0.19976 0.851486
4 0.490183 0.607848 0.107744 0.150462 0.850503
6 0.517245 0.580014 0.0847452 0.136355 0.848296
8 0.18534 0.656799 0.0846616 0.196708 0.837804
4 0.546655 0.600147 0.0263851 0.0981641 0.427563
4 0.432461 0.590432 0.0156823 0.051548 0.366532
8 0.67437 0.598299 0.0235626 0.0373254 0.252567
4 0.346823 0.59386 0.02766 0.060996 0.2085
13 0.190133 0.541678 0.0235381 0.0305566 0.119217
4 0.436298 0.591248 0.0188281 0.0556146 0.0993014
0 0.673591 0.598269 0.0251886 0.0406149 0.087377
5 0.548188 0.601301 0.0244156 0.0915823 0.0717339
1 0.576557 0.481987 0.011288 0.0407782 0.0694776
8 0.673336 0.608468 0.0258283 0.0565423 0.0578516
4 0.517394 0.58024 0.0841368 0.135032 0.057758
5 0.345307 0.592077 0.0284141 0.0614371 0.0533549
4 0.564141 0.599729 0.0117362 0.022754 0.0512133
4 0.340233 0.592613 0.022759 0.0632918 0.048185
4 0.144364 0.533035 0.0448923 0.0512051 0.0454824
6 0.505089 0.524627 0.0582859 0.0227826 0.0359887
5 0.67437 0.598299 0.0235626 0.0373254 0.0297377
4 0.433259 0.601003 0.018737 0.0778663 0.0275962
6 0.144277 0.53313 0.0453619 0.0514471 0.0249189
6 0.490449 0.608026 0.108062 0.150338 0.020944
4 0.151023 0.539955 0.0339537 0.0349937 0.0207692
1 0.578902 0.529246 0.0113748 0.0436832 0.0202999
0 0.344091 0.592113 0.0265731 0.0624367 0.0188078
6 0.56299 0.559452 0.0244783 0.117972 0.0182783
8 0.338312 0.59256 0.0186665 0.0625228 0.017717
6 0.55632 0.557288 0.0328348 0.131135 0.0175394
0 0.335471 0.581945 0.0142085 0.0490794 0.0172701
8 0.345307 0.592077 0.0284141 0.0614371 0.016513
4 0.672903 0.600726 0.0269097 0.0464699 0.0140938
6 0.345307 0.592077 0.0284141 0.0614371 0.011842
4 0.353014 0.601192 0.0240313 0.0812142 0.0114042
4 0.564123 0.592601 0.0125648 0.0342634 0.0106922
4 0.427032 0.588865 0.0237292 0.0597279 0.0106028
6 0.546655 0.600147 0.0263851 0.0981641 0.0105066
4 0.203171 0.544688 0.0216208 0.0297305 0.0104446
0 0.349436 0.594245 0.0190292 0.0595093 0.00889575
17 0.190133 0.541678 0.0235381 0.0305566 0.00820464
1 0.577885 0.502296 0.0103653 0.0263052 0.0081978
0 0.640403 0.603778 0.0147614 0.0628692 0.0078188
0 0.338312 0.59256 0.0186665 0.0625228 0.00734552
0 0.54872 0.598843 0.0234257 0.0968727 0.0070151
14 0.344091 0.592113 0.0265731 0.0624367 0.00700063
8 0.564141 0.599729 0.0117362 0.022754 0.0069913
13 0.203171 0.544688 0.0216208 0.0297305 0.00690243
3 0.67437 0.598299 0.0235626 0.0373254 0.00630079
7 0.576951 0.483503 0.0113467 0.0451449 0.00520329
6 0.563108 0.563527 0.0175217 0.0944263 0.00516679
0 0.215719 0.614387 0.0327499 0.141067 0.00510435
5 0.673336 0.608468 0.0258283 0.0565423 0.00487315
6 0.512186 0.543713 0.0740061 0.0621724 0.00483275
4 0.335471 0.581945 0.0142085 0.0490794 0.00475015
1 0.579051 0.551254 0.0140966 0.0947825 0.00473896
6 0.437371 0.590811 0.0200246 0.0541636 0.00442947
6 0.452847 0.580339 0.0375904 0.0919061 0.00438443
0 0.204268 0.607975 0.053929 0.170378 0.00432622
5 0.338312 0.59256 0.0186665 0.0625228 0.00423572
4 0.559905 0.598258 0.0121009 0.0849915 0.00388074
8 0.608335 0.597222 0.018623 0.030818 0.00361795
0 0.432461 0.590432 0.0156823 0.051548 0.00359106
0 0.165969 0.566982 0.0488937 0.0844842 0.00358221
4 0.209429 0.541935 0.0314119 0.0334808 0.00355127
6 0.447244 0.580546 0.0310951 0.0753604 0.00326734
7 0.496374 0.429488 0.011505 0.0161779 0.0032671
2 0.496374 0.429488 0.011505 0.0161779 0.00316492
0 0.187359 0.541922 0.0197995 0.0266733 0.00315788
4 0.182554 0.60688 0.091122 0.164763 0.00313228
14 0.338312 0.59256 0.0186665 0.0625228 0.00313045
4 0.609023 0.595776 0.0213126 0.0319784 0.00309958
15 0.144364 0.533035 0.0448923 0.0512051 0.00286483
4 0.562822 0.599375 0.013154 0.0623515 0.00284085
4 0.166593 0.543582 0.0237401 0.0260787 0.00282537
0 0.196366 0.540487 0.0365425 0.0412576 0.00282432
0 0.564123 0.592601 0.0125648 0.0342634 0.00276786
8 0.231816 0.62589 0.0400358 0.112376 0.00271045
4 0.505089 0.524627 0.0582859 0.0227826 0.00270274
4 0.196366 0.540487 0.0365425 0.0412576 0.00258482
0 0.634713 0.606304 0.0224482 0.0682799 0.00251737
0 0.67242 0.616618 0.0272891 0.0717532 0.00251354
4 0.489407 0.59248 0.114862 0.0861545 0.00246658
0 0.667171 0.59867 0.0362535 0.0461462 0.00245344
4 0.190133 0.541678 0.0235381 0.0305566 0.00244202
6 0.433986 0.581451 0.0173545 0.0563352 0.00242454
6 0.467882 0.531474 0.0152404 0.00995945 0.00242021
6 0.431739 0.590613 0.016248 0.0524209 0.00233799
8 0.214132 0.634316 0.0350164 0.131171 0.00225901
6 0.335471 0.581945 0.0142085 0.0490794 0.00222199
5 0.436298 0.591248 0.0188281 0.0556146 0.00221736
1 0.567857 0.531751 0.0293948 0.142883 0.00218235
8 0.547086 0.602634 0.0264883 0.0946772 0.00211579
5 0.518197 0.582964 0.0834252 0.13906 0.00211431
6 0.418608 0.582114 0.046754 0.0734996 0.00210485
8 0.199162 0.645611 0.0593762 0.17335 0.00207394
0 0.564141 0.599729 0.0117362 0.022754 0.0019955
0 0.610238 0.594802 0.0214561 0.0352023 0.00199546
0 0.437503 0.589083 0.0156447 0.0500895 0.001973
6 0.338312 0.59256 0.0186665 0.0625228 0.00196533
6 0.537391 0.52732 0.0434637 0.0593792 0.00192589
3 0.673336 0.608468 0.0258283 0.0565423 0.00183615
5 0.490449 0.608026 0.108062 0.150338 0.00183024
1 0.581165 0.481985 0.0132897 0.0409615 0.00177372
5 0.432461 0.590432 0.0156823 0.051548 0.001667
4 0.552568 0.599889 0.022787 0.0934873 0.00165592
8 0.335471 0.581945 0.0142085 0.0490794 0.00157812
8 0.22231 0.629912 0.0340678 0.116751 0.00156903
6 0.529365 0.559201 0.0838203 0.126027 0.00156496
14 0.67437 0.598299 0.0235626 0.0373254 0.00151215
18 0.941262 0.144198 0.0843239 0.118943 0.00150699
4 0.225251 0.554543 0.0379647 0.0192947 0.0014953
1 0.335471 0.581945 0.0142085 0.0490794 0.00145406
8 0.564123 0.592601 0.0125648 0.0342634 0.00142552
7 0.335471 0.581945 0.0142085 0.0490794 0.0014105
0 0.512527 0.580199 0.0737835 0.109491 0.00138719
17 0.203171 0.544688 0.0216208 0.0297305 0.00136211
0 0.645849 0.592396 0.0262003 0.0846412 0.00135317
5 0.564141 0.599729 0.0117362 0.022754 0.0013528
10 0.990853 0.179091 0.0155616 0.151267 0.00132796
4 0.221294 0.608957 0.0503118 0.127348 0.0013197
6 0.489407 0.59248 0.114862 0.0861545 0.00128593
14 0.608335 0.597222 0.018623 0.030818 0.00128249
4 0.446375 0.57619 0.0241061 0.0784546 0.00125779
4 0.531656 0.591211 0.0551522 0.110372 0.00125462
2 0.495451 0.424932 0.0120193 0.0173409 0.0012307
0 0.166593 0.543582 0.0237401 0.0260787 0.0011964
0 0.203171 0.544688 0.0216208 0.0297305 0.00118217
3 0.608335 0.597222 0.018623 0.030818 0.00117494
14 0.335471 0.581945 0.0142085 0.0490794 0.00117379
15 0.517245 0.580014 0.0847452 0.136355 0.00117167
8 0.646949 0.614559 0.0492715 0.0792046 0.00116263
0 0.347885 0.606845 0.0264565 0.0807267 0.00116062
13 0.166593 0.543582 0.0237401 0.0260787 0.00115691
14 0.547403 0.600789 0.025639 0.0954143 0.00113818
3 0.344091 0.592113 0.0265731 0.0624367 0.00113742
1 0.144375 0.533203 0.0462511 0.0508845 0.00111134
6 0.579533 0.559345 0.0156514 0.0849042 0.00110683
0 0.153603 0.591552 0.0388551 0.127746 0.0011049
