4 0.934481 0.616782 0.119793 0.162315 0.876091
4 0.0669667 0.637587 0.057988 0.0578832 0.866757
4 0.421995 0.629253 0.133509 0.0718995 0.7926
1 0.00994513 0.541288 0.0186845 0.0826592 0.696448
1 0.431148 0.539015 0.0231466 0.0644205 0.563179
4 0.0943859 0.620917 0.0544154 0.0635129 0.541079
14 0.544559 0.648562 0.0311439 0.0739457 0.530089
12 0.621586 0.596088 0.102512 0.180638 0.51626
4 0.153593 0.628773 0.0322031 0.0329 0.508847
4 0.288019 0.621577 0.016313 0.0174838 0.452642
4 0.257651 0.623526 0.00872852 0.0157647 0.377919
15 0.0944349 0.620444 0.0520272 0.0620901 0.347161
2 0.345308 0.480658 0.0140155 0.0153481 0.326886
4 0.268606 0.621865 0.00936914 0.0161479 0.314102
7 0.293709 0.558497 0.00796817 0.0254481 0.299077
1 0.205199 0.601962 0.00710046 0.019053 0.254847
8 0.544943 0.646022 0.028067 0.0789212 0.215407
2 0.340976 0.483377 0.00657626 0.0170774 0.181275
4 0.259525 0.623235 0.0103443 0.019049 0.168426
4 0.338665 0.613291 0.039315 0.0394456 0.164629
2 0.35068 0.480473 0.0199562 0.0152469 0.149434
4 0.221004 0.626237 0.00841879 0.0169569 0.142831
4 0.248769 0.624551 0.0135379 0.0153443 0.135931
1 0.197627 0.598741 0.00988547 0.0170501 0.133686
4 0.344746 0.608683 0.0312786 0.0360716 0.112139
12 0.786128 0.569054 0.216143 0.255389 0.111483
0 0.544851 0.644744 0.0287653 0.0799209 0.110902
0 0.545182 0.620879 0.0278143 0.0853131 0.106768
7 0.290435 0.558298 0.0080592 0.0235065 0.100098
4 0.0340791 0.632787 0.0362104 0.0454102 0.0948475
4 0.314805 0.619544 0.0184213 0.0239406 0.0903938
4 0.206871 0.624762 0.00950958 0.0196725 0.0856957
4 0.213278 0.624189 0.0145686 0.021515 0.083491
4 0.312003 0.621819 0.0151084 0.0224304 0.0822416
4 0.0369282 0.629437 0.025193 0.0381285 0.0762553
8 0.493467 0.646224 0.0281781 0.0524508 0.0753354
1 0.197583 0.594004 0.0089631 0.017789 0.0673647
4 0.228221 0.625928 0.0119074 0.0131926 0.0644457
1 0.203261 0.594727 0.00698276 0.0191322 0.0607961
4 0.297512 0.62131 0.0129403 0.0189778 0.0579706
4 0.197545 0.624547 0.0185285 0.0284451 0.0515581
4 0.252741 0.621497 0.0128862 0.0174618 0.0491785
4 0.334133 0.608592 0.0288026 0.0349533 0.0449759
4 0.239544 0.625188 0.0118373 0.017314 0.0393582
6 0.189559 0.615946 0.0312932 0.0460677 0.0366646
8 0.520272 0.640815 0.0151469 0.0450567 0.0358561
0 0.544035 0.600205 0.0276408 0.0522587 0.0347416
4 0.0790394 0.633383 0.0346167 0.0528925 0.0328713
4 0.0222099 0.63597 0.0185773 0.0364736 0.0327033
0 0.32116 0.608121 0.0100302 0.0274256 0.0317429
4 0.327458 0.61157 0.0387698 0.0404616 0.0298707
4 0.992762 0.648562 0.0102199 0.106609 0.0275771
4 0.010297 0.636776 0.0199108 0.0368884 0.0275353
4 0.193611 0.623354 0.0258121 0.0358824 0.0271013
8 0.28698 0.621463 0.0147572 0.017864 0.0268663
7 0.304386 0.55851 0.00529935 0.019896 0.0262478
4 0.0432196 0.634821 0.0172361 0.0450951 0.0258862
4 0.286361 0.616362 0.0160953 0.0263683 0.0254751
4 0.544035 0.600205 0.0276408 0.0522587 0.0254135
0 0.28698 0.621463 0.0147572 0.017864 0.0241521
4 0.365844 0.606202 0.0219496 0.0279162 0.0236589
4 0.269916 0.61594 0.00826068 0.0246399 0.023175
8 0.313791 0.621264 0.0178524 0.0270156 0.0228015
8 0.337488 0.613241 0.0365452 0.0352337 0.0221081
1 0.14286 0.583231 0.00637822 0.0182825 0.0214791
0 0.268606 0.621865 0.00936914 0.0161479 0.0214617
4 0.121697 0.635828 0.0143368 0.0296271 0.0213558
4 0.32116 0.608121 0.0100302 0.0274256 0.0211721
4 0.132567 0.630102 0.0192983 0.034694 0.0210585
8 0.500841 0.642732 0.0412146 0.0593217 0.0187056
8 0.338614 0.638859 0.0396901 0.0859961 0.0182435
1 0.209486 0.603013 0.00810002 0.0186553 0.0178534
1 0.375892 0.585372 0.0122156 0.0222061 0.0176272
7 0.493381 0.541464 0.0167936 0.0379111 0.0172932
6 0.0937085 0.6189 0.0500424 0.0589234 0.0168065
5 0.543702 0.648025 0.0329763 0.0718734 0.0167731
5 0.0940061 0.620436 0.0515932 0.0618413 0.015776
8 0.268606 0.621865 0.00936914 0.0161479 0.0156227
4 0.256335 0.617079 0.0135155 0.0279212 0.0147085
8 0.128131 0.637137 0.018884 0.0318315 0.0146816
4 0.541578 0.612762 0.0337474 0.0790099 0.0144401
5 0.543993 0.600309 0.0305831 0.0536622 0.0141355
8 0.00852392 0.638821 0.0163933 0.038991 0.0137989
4 0.489174 0.603132 0.0321915 0.0175567 0.0137641
7 0.309766 0.558733 0.00856003 0.0156739 0.0131752
14 0.520272 0.640815 0.0151469 0.0450567 0.0125943
1 0.0114187 0.501201 0.0211229 0.150941 0.0117895
7 0.284705 0.554172 0.00890042 0.0267799 0.0117775
4 0.360913 0.612055 0.0306022 0.0373298 0.0117355
8 0.121697 0.635828 0.0143368 0.0296271 0.0113997
0 0.257651 0.623526 0.00872852 0.0157647 0.0111876
4 0.499248 0.625125 0.0517977 0.0749566 0.0111659
8 0.476906 0.63697 0.0619755 0.0605983 0.0108454
6 0.193611 0.623354 0.0258121 0.0358824 0.0103753
1 0.373463 0.587733 0.0110561 0.0198323 0.0101153
4 0.128131 0.637137 0.018884 0.0318315 0.00984973
4 0.0393006 0.629467 0.0539201 0.0478437 0.00976114
7 0.14286 0.583231 0.00637822 0.0182825 0.0096461
8 0.515352 0.64006 0.0456374 0.0648235 0.00952209
5 0.343136 0.612094 0.0333039 0.0389121 0.0090277
1 0.256734 0.531081 0.0365628 0.0251393 0.00893149
8 0.545182 0.620879 0.0278143 0.0853131 0.0088471
0 0.334133 0.608592 0.0288026 0.0349533 0.00828537
1 0.293727 0.556942 0.00840842 0.0246122 0.00804697
8 0.666789 0.629895 0.0257518 0.0365082 0.00800965
8 0.00542258 0.642662 0.0107955 0.0464714 0.00799431
4 0.344917 0.594121 0.0241149 0.0175339 0.0079039
8 0.221004 0.626237 0.00841879 0.0169569 0.00778044
8 0.0129568 0.635821 0.0234017 0.0365962 0.00773192
3 0.591879 0.637374 0.0192087 0.0457229 0.00764093
0 0.312003 0.621819 0.0151084 0.0224304 0.00712545
5 0.154901 0.628836 0.029764 0.0315756 0.00704179
1 0.0134233 0.471485 0.0254167 0.162 0.00674202
15 0.189559 0.615946 0.0312932 0.0460677 0.0067306
14 0.524145 0.645316 0.0366312 0.0635469 0.0066738
14 0.515352 0.64006 0.0456374 0.0648235 0.0066379
8 0.489039 0.634158 0.0386474 0.0663102 0.00661663
5 0.515352 0.64006 0.0456374 0.0648235 0.00650781
8 0.257651 0.623526 0.00872852 0.0157647 0.00638853
3 0.00542258 0.642662 0.0107955 0.0464714 0.00637982
8 0.524145 0.645316 0.0366312 0.0635469 0.00636909
3 0.544943 0.646022 0.028067 0.0789212 0.0062012
6 0.215169 0.615659 0.0149217 0.0297003 0.00611606
1 0.269911 0.579969 0.0128634 0.0213847 0.00599538
42 0.344917 0.594121 0.0241149 0.0175339 0.00575044
8 0.591879 0.637374 0.0192087 0.0457229 0.00572069
0 0.345868 0.608646 0.0271495 0.0346029 0.00571321
4 0.667056 0.629101 0.0263766 0.0373031 0.00568631
4 0.182369 0.625516 0.028177 0.0305079 0.00567276
0 0.221004 0.626237 0.00841879 0.0169569 0.0055729
1 0.203169 0.576719 0.0085648 0.0223949 0.00553918
5 0.032492 0.632994 0.0356916 0.0421205 0.00553709
3 0.582344 0.644534 0.0376867 0.058729 0.00552107
3 0.00852392 0.638821 0.0163933 0.038991 0.00551712
12 0.0972828 0.619875 0.0554538 0.0604751 0.00550656
1 0.168703 0.585413 0.00688887 0.0213171 0.00546192
4 0.37321 0.600546 0.0233269 0.0182748 0.0054202
0 0.121697 0.635828 0.0143368 0.0296271 0.00536169
8 0.312621 0.628576 0.0170766 0.030252 0.00520679
4 0.158274 0.622871 0.0206933 0.0400025 0.00520587
1 0.521514 0.559463 0.0108517 0.0249659 0.00519773
8 0.0222099 0.63597 0.0185773 0.0364736 0.00519126
1 0.450855 0.544237 0.0280325 0.0563139 0.00516125
4 0.515844 0.615755 0.0743785 0.0854305 0.00514498
4 0.526319 0.612301 0.0336962 0.0441353 0.0051447
4 0.336168 0.594551 0.0317402 0.0185417 0.00510958
1 0.269958 0.563208 0.015387 0.0387244 0.00503463
1 0.156398 0.583461 0.0111233 0.0216263 0.00496963
8 0.543993 0.600309 0.0305831 0.0536622 0.00491907
1 0.255408 0.579562 0.00603482 0.0167015 0.00486699
0 0.314805 0.619544 0.0184213 0.0239406 0.00476763
5 0.432009 0.630433 0.152798 0.0704516 0.00475673
5 0.500315 0.637314 0.0469722 0.0620403 0.00466938
5 0.544943 0.624287 0.0270227 0.097603 0.00447443
1 0.215169 0.615659 0.0149217 0.0297003 0.00447151
8 0.32116 0.608121 0.0100302 0.0274256 0.00445092
1 0.32176 0.594668 0.00951788 0.0187148 0.00436988
0 0.373463 0.587733 0.0110561 0.0198323 0.00436616
0 0.397187 0.587815 0.0115529 0.0279271 0.00430585
8 0.316573 0.628649 0.0225345 0.0389006 0.00423691
6 0.154901 0.628836 0.029764 0.0315756 0.00408846
3 0.520272 0.640815 0.0151469 0.0450567 0.00403428
0 0.206871 0.624762 0.00950958 0.0196725 0.00399822
8 0.661357 0.630102 0.0202576 0.0351461 0.00396499
8 0.582344 0.644534 0.0376867 0.058729 0.00390567
4 0.541236 0.647265 0.036832 0.0712471 0.00387092
8 0.206871 0.624762 0.00950958 0.0196725 0.00385989
0 0.248769 0.624551 0.0135379 0.0153443 0.00383067
0 0.154901 0.628836 0.029764 0.0315756 0.00380349
6 0.160759 0.622331 0.0185129 0.0409507 0.00379317
15 0.154901 0.628836 0.029764 0.0315756 0.00376248
4 0.19428 0.63134 0.0171073 0.0218726 0.00374368
8 0.340081 0.628842 0.0418735 0.0541941 0.00372669
4 0.661665 0.629503 0.0202511 0.035516 0.00372417
12 0.189559 0.615946 0.0312932 0.0460677 0.00370141
8 0.772425 0.64724 0.0316478 0.0540171 0.00357543
4 0.520595 0.63635 0.0140286 0.0401233 0.00357188
8 0.183509 0.631526 0.0128607 0.0232903 0.00349549
8 0.345868 0.608646 0.0271495 0.0346029 0.00347083
6 0.182369 0.625516 0.028177 0.0305079 0.00346757
8 0.756976 0.645508 0.0240212 0.0557095 0.0033989
6 0.339592 0.610471 0.0404102 0.0405523 0.00336203
8 0.154866 0.629467 0.0303401 0.0320757 0.00335558
4 0.517289 0.598926 0.0697107 0.0515643 0.00329665
4 0.474949 0.631664 0.0720715 0.070838 0.0032881
0 0.158274 0.622871 0.0206933 0.0400025 0.0030936
8 0.360913 0.612055 0.0306022 0.0373298 0.00308867
0 0.213278 0.624189 0.0145686 0.021515 0.00307897
7 0.205199 0.601962 0.00710046 0.019053 0.00306969
8 0.248769 0.624551 0.0135379 0.0153443 0.00305749
4 0.728196 0.642496 0.0765686 0.0699803 0.00304325
4 0.47035 0.61728 0.0786123 0.0546884 0.0030346
4 0.201384 0.630647 0.0125971 0.0223552 0.00302454
3 0.666789 0.629895 0.0257518 0.0365082 0.00301092
8 0.365844 0.606202 0.0219496 0.0279162 0.00295016
4 0.312621 0.628576 0.0170766 0.030252 0.0029454
0 0.581402 0.59362 0.0149756 0.0445753 0.00294496
4 0.0389555 0.618575 0.026318 0.0305496 0.00293858
15 0.193611 0.623354 0.0258121 0.0358824 0.00292937
1 0.0708496 0.582041 0.00938845 0.0283763 0.00291615
1 0.377938 0.579374 0.0135109 0.0265285 0.00284632
8 0.0340791 0.632787 0.0362104 0.0454102 0.00284389
0 0.297512 0.62131 0.0129403 0.0189778 0.00283296
4 0.499258 0.605003 0.0478267 0.049574 0.00280855
8 0.19428 0.63134 0.0171073 0.0218726 0.00280334
1 0.493381 0.541464 0.0167936 0.0379111 0.00276949
8 0.201384 0.630647 0.0125971 0.0223552 0.00272176
5 0.33899 0.630828 0.0419064 0.0568607 0.00267636
6 0.221004 0.626237 0.00841879 0.0169569 0.00257731
0 0.405904 0.58865 0.012645 0.0215567 0.00256652
0 0.286361 0.616362 0.0160953 0.0263683 0.00255208
8 0.228221 0.625928 0.0119074 0.0131926 0.00252315
4 0.183509 0.631526 0.0128607 0.0232903 0.00251141
42 0.345868 0.608646 0.0271495 0.0346029 0.00250493
4 0.489039 0.634158 0.0386474 0.0663102 0.00248646
4 0.00542258 0.642662 0.0107955 0.0464714 0.00248566
0 0.132567 0.630102 0.0192983 0.034694 0.00248419
3 0.337488 0.613241 0.0365452 0.0352337 0.00245811
0 0.832743 0.638996 0.0347272 0.18164 0.00245474
7 0.293862 0.573043 0.00775626 0.0376811 0.00243602
42 0.336168 0.594551 0.0317402 0.0185417 0.00242465
4 0.316573 0.628649 0.0225345 0.0389006 0.00236819
8 0.259525 0.623235 0.0103443 0.019049 0.00234453
1 0.405904 0.58865 0.012645 0.0215567 0.00233708
22 0.703684 0.797367 0.0124303 0.0645457 0.00233261
6 0.257651 0.623526 0.00872852 0.0157647 0.00232865
7 0.350473 0.483033 0.0200642 0.0190197 0.00227701
5 0.334133 0.608592 0.0288026 0.0349533 0.00221964
7 0.373463 0.587733 0.0110561 0.0198323 0.00218512
4 0.39013 0.60024 0.0172668 0.0181996 0.00215707
1 0.32116 0.608121 0.0100302 0.0274256 0.00214311
4 0.32176 0.594668 0.00951788 0.0187148 0.00211242
5 0.288019 0.621577 0.016313 0.0174838 0.00209972
8 0.75437 0.655395 0.0230949 0.038394 0.00208865
1 0.35068 0.480473 0.0199562 0.0152469 0.00208777
1 0.0972981 0.566297 0.0370672 0.0523329 0.00206952
7 0.26868 0.555463 0.0173988 0.0285895 0.00206485
1 0.293862 0.573043 0.00775626 0.0376811 0.00205225
8 0.468274 0.645884 0.0440029 0.0414181 0.00204817
1 0.270498 0.551337 0.0161503 0.0343859 0.00203054
1 0.186581 0.610557 0.0271051 0.0599121 0.00202578
5 0.515844 0.615755 0.0743785 0.0854305 0.00201653
15 0.215169 0.615659 0.0149217 0.0297003 0.00201651
1 0.284393 0.585663 0.0107792 0.0172424 0.00201148
0 0.520272 0.640815 0.0151469 0.0450567 0.00199062
1 0.198621 0.578128 0.0121797 0.0264001 0.00198793
0 0.365844 0.606202 0.0219496 0.0279162 0.00198488
8 0.213278 0.624189 0.0145686 0.021515 0.00197653
15 0.160759 0.622331 0.0185129 0.0409507 0.00197387
0 0.583568 0.617337 0.0189544 0.0702633 0.00196304
0 0.00852392 0.638821 0.0163933 0.038991 0.00195664
3 0.121697 0.635828 0.0143368 0.0296271 0.00193836
6 0.209486 0.603013 0.00810002 0.0186553 0.00192621
2 0.344917 0.594121 0.0241149 0.0175339 0.00190077
4 0.0827872 0.606129 0.0373416 0.0250218 0.00189655
12 0.205199 0.601962 0.00710046 0.019053 0.00185907
8 0.132567 0.630102 0.0192983 0.034694 0.0018589
14 0.568217 0.653945 0.0170858 0.065518 0.00185858
2 0.540807 0.617443 0.0365104 0.0688511 0.00183873
4 0.250391 0.616135 0.0164023 0.0262343 0.00181668
4 0.0256503 0.625111 0.0466935 0.0575796 0.00178533
25 0.0972828 0.619875 0.0554538 0.0604751 0.00178398
6 0.268606 0.621865 0.00936914 0.0161479 0.00178255
1 0.524167 0.556119 0.0157811 0.0203983 0.00177106
1 0.254014 0.56939 0.00951492 0.0239261 0.00174283
4 0.00844651 0.621704 0.016893 0.045231 0.0017407
6 0.286361 0.616362 0.0160953 0.0263683 0.00172882
5 0.520272 0.640815 0.0151469 0.0450567 0.00171574
3 0.493785 0.6439 0.0271652 0.0529989 0.00170809
4 0.219842 0.631328 0.0100779 0.0207764 0.00170664
8 0.0166577 0.640777 0.0195363 0.0409123 0.00169546
15 0.344746 0.608683 0.0312786 0.0360716 0.00165704
5 0.0222099 0.63597 0.0185773 0.0364736 0.00163775
6 0.28698 0.621463 0.0147572 0.017864 0.00163106
2 0.335648 0.480399 0.0116538 0.0162929 0.00163086
0 0.228221 0.625928 0.0119074 0.0131926 0.00162096
14 0.621191 0.59565 0.104497 0.180615 0.00160365
6 0.312762 0.616113 0.0179174 0.030862 0.00159493
8 0.37321 0.600546 0.0233269 0.0182748 0.00158988
4 0.24494 0.630499 0.0094769 0.0232788 0.00158914
0 0.00542258 0.642662 0.0107955 0.0464714 0.00157437
3 0.128131 0.637137 0.018884 0.0318315 0.00156593
0 0.312621 0.628576 0.0170766 0.030252 0.00155911
3 0.0222099 0.63597 0.0185773 0.0364736 0.00155108
0 0.259525 0.623235 0.0103443 0.019049 0.0015403
6 0.327458 0.61157 0.0387698 0.0404616 0.00152888
4 0.291313 0.628351 0.0117274 0.0270008 0.00151385
8 0.58732 0.629984 0.0240781 0.0521603 0.00150519
7 0.521514 0.559463 0.0108517 0.0249659 0.00150277
14 0.500841 0.642732 0.0412146 0.0593217 0.00149591
1 0.144291 0.577149 0.00706078 0.0215435 0.00149329
3 0.661357 0.630102 0.0202576 0.0351461 0.00149243
0 0.128131 0.637137 0.018884 0.0318315 0.00148383
0 0.62135 0.637698 0.0192364 0.065264 0.00148081
6 0.434773 0.626244 0.149846 0.0720029 0.00147242
1 0.290435 0.558298 0.0080592 0.0235065 0.00145279
3 0.568217 0.653945 0.0170858 0.065518 0.00144081
1 0.397187 0.587815 0.0115529 0.0279271 0.00144028
4 0.755009 0.630403 0.0249302 0.044746 0.00143338
14 0.00852392 0.638821 0.0163933 0.038991 0.00142737
