18 0.682112 0.698259 0.238439 0.597013 0.952603
10 0.524805 0.314328 0.055226 0.110007 0.938554
35 0.535787 0.249875 0.100724 0.238798 0.927664
55 0.688094 0.188031 0.222566 0.373619 0.921955
10 0.80626 0.330263 0.0348437 0.135088 0.919047
19 0.650694 0.720954 0.491893 0.553233 0.900842
10 0.570789 0.326918 0.0248563 0.0860661 0.870073
10 0.769082 0.321842 0.034983 0.129715 0.803702
55 0.305899 0.169402 0.0479642 0.0735749 0.708816
60 0.305899 0.169402 0.0479642 0.0735749 0.231141
31 0.0310923 0.0943155 0.0620962 0.187685 0.0639921
55 0.401258 0.127879 0.0367564 0.16594 0.0605994
19 0.557881 0.693605 0.309032 0.586015 0.0177939
36 0.524536 0.314523 0.0557486 0.109688 0.0145635
47 0.305555 0.169315 0.0471044 0.074385 0.0113209
55 0.764272 0.181958 0.0671282 0.363915 0.0107287
30 0.401504 0.129046 0.0364012 0.16007 0.0100144
56 0.570926 0.327071 0.0247668 0.0858069 0.00825787
10 0.755896 0.0265357 0.0189524 0.0521691 0.007981
49 0.401457 0.130276 0.0357842 0.160965 0.00685048
39 0.306068 0.16945 0.0472499 0.0729631 0.00649098
9 0.76858 0.322523 0.035143 0.129617 0.00542695
17 0.305659 0.168879 0.0482856 0.0739089 0.00482777
31 0.688094 0.188031 0.222566 0.373619 0.00410844
35 0.571156 0.32886 0.0277101 0.0822045 0.00408428
10 0.748176 0.0270701 0.0310746 0.0524327 0.00378158
10 0.529204 0.267361 0.0798641 0.202696 0.00367241
1 0.0312522 0.0942184 0.0615367 0.188408 0.00282807
36 0.806262 0.33023 0.0343198 0.134686 0.00267044
26 0.769237 0.324827 0.0366676 0.13678 0.00224791
56 0.524592 0.315142 0.0539489 0.109793 0.00218903
27 0.305623 0.169328 0.0482338 0.0725612 0.0018445
10 0.501184 0.341093 0.0225396 0.054738 0.0017465
10 0.500028 0.355448 0.0230569 0.028502 0.00174511
10 0.580125 0.324663 0.0338314 0.0855353 0.00167209
35 0.769713 0.32177 0.034933 0.128283 0.00133938
30 0.305623 0.169328 0.0482338 0.0725612 0.00126956
31 0.401258 0.127879 0.0367564 0.16594 0.00122183
45 0.401369 0.130871 0.0357261 0.159866 0.00115939
44 0.305623 0.169328 0.0482338 0.0725612 0.00109751
55 0.351704 0.414831 0.0839111 0.0548978 0.00109604
30 0.755896 0.0265357 0.0189524 0.0521691 0.00108299
0 0.76858 0.322523 0.035143 0.129617 0.00100843
