4 0.127737 0.782351 0.254773 0.369577 0.950663
4 0.681441 0.716018 0.0858648 0.0956019 0.934557
4 0.509144 0.717007 0.140592 0.155665 0.933669
4 0.757389 0.703687 0.0454902 0.0614867 0.885283
4 0.618733 0.694144 0.0657871 0.0924784 0.884964
4 0.931314 0.716081 0.036236 0.0440025 0.864814
7 0.111436 0.0485201 0.0483064 0.0970402 0.863269
4 0.792269 0.699445 0.0314583 0.0511878 0.856269
7 0.0282919 0.0254277 0.0555061 0.0508554 0.820583
1 0.899683 0.640843 0.0312255 0.0256595 0.766835
4 0.990412 0.710269 0.0159462 0.0231851 0.715679
1 0.777766 0.594419 0.0328888 0.0295406 0.680246
1 0.441384 0.603609 0.0208056 0.0645238 0.62859
4 0.881635 0.694314 0.0126644 0.0136337 0.626009
7 0.311716 0.593908 0.0113694 0.0417096 0.62334
1 0.904547 0.667475 0.0138171 0.017404 0.500749
4 0.846798 0.691574 0.0109138 0.0127817 0.497347
4 0.864347 0.693326 0.00979553 0.0104675 0.476377
6 0.592315 0.670948 0.0319918 0.0696392 0.447637
7 0.154615 0.433653 0.0158558 0.0550609 0.400939
1 0.969742 0.659241 0.0105151 0.0185028 0.392199
2 0.0864155 0.320348 0.0231 0.0246553 0.375304
4 0.907128 0.697368 0.00690265 0.0112975 0.35859
1 0.751455 0.589804 0.022812 0.0265625 0.303892
4 0.179503 0.641469 0.108985 0.0758625 0.286637
4 0.926081 0.71165 0.0281056 0.0370161 0.279835
4 0.855559 0.691847 0.0065705 0.0121953 0.27238
1 0.902802 0.670976 0.0112894 0.0176253 0.235964
4 0.84705 0.687739 0.0104891 0.017256 0.223457
7 0.167412 0.439967 0.0203026 0.029253 0.207354
4 0.895466 0.693987 0.0115611 0.0118309 0.194339
1 0.818932 0.630766 0.0181095 0.0187122 0.186194
4 0.911997 0.70071 0.00858185 0.0155478 0.167828
1 0.817851 0.638494 0.0167133 0.0258716 0.154575
1 0.440466 0.586709 0.0265376 0.100989 0.123149
4 0.853686 0.687641 0.00751465 0.017083 0.121794
4 0.901514 0.69525 0.0165248 0.017326 0.120513
1 0.816145 0.653396 0.0101719 0.0231704 0.114896
1 0.904805 0.66495 0.0178245 0.0170507 0.105394
2 0.0858829 0.325814 0.0211846 0.0191143 0.0892866
5 0.592315 0.670948 0.0319918 0.0696392 0.0874129
4 0.729362 0.698728 0.0177805 0.0219911 0.0757342
2 0.0403458 0.264286 0.0220025 0.0287998 0.066956
6 0.968985 0.702118 0.0405222 0.0446374 0.0632059
6 0.881635 0.694314 0.0126644 0.0136337 0.0539684
4 0.86271 0.697962 0.0111838 0.019044 0.0498972
7 0.150636 0.437164 0.0161678 0.0548265 0.0489686
2 0.659129 0.565194 0.00870679 0.00878865 0.0487791
1 0.516306 0.62355 0.0116505 0.023262 0.0478924
4 0.488222 0.660324 0.0463702 0.0479726 0.041181
4 0.978411 0.704361 0.0310042 0.0373301 0.03795
4 0.864916 0.688116 0.0100419 0.0181507 0.0348089
2 0.620199 0.564482 0.00586945 0.00954589 0.0339196
1 0.384428 0.656037 0.0243398 0.0415216 0.0326024
1 0.706746 0.565556 0.0343674 0.0176923 0.0289088
5 0.881635 0.694314 0.0126644 0.0136337 0.028515
2 0.727737 0.56879 0.00686762 0.0115096 0.0276792
4 0.883122 0.69001 0.0119369 0.0219532 0.0253007
4 0.967456 0.70153 0.0405789 0.0453894 0.0249483
2 0.627871 0.564225 0.0070379 0.00883339 0.0248012
7 0.154025 0.446426 0.0224051 0.0440448 0.0233006
0 0.848934 0.692357 0.0111082 0.013111 0.0223295
2 0.663985 0.564469 0.00841016 0.0097278 0.0223229
1 0.924687 0.653702 0.012649 0.0216607 0.0221565
1 0.960124 0.627817 0.0311846 0.0224026 0.0211899
2 0.0833111 0.335686 0.0137119 0.0178491 0.0207401
1 0.925165 0.646748 0.0126984 0.024 0.0207364
6 0.883122 0.69001 0.0119369 0.0219532 0.0206787
4 0.591413 0.67123 0.0301514 0.069846 0.0204109
7 0.0403458 0.264286 0.0220025 0.0287998 0.0199835
4 0.833311 0.687271 0.0123716 0.0170238 0.0195393
4 0.493229 0.646449 0.0347916 0.0206716 0.0194921
4 0.719754 0.698158 0.0103041 0.025525 0.019231
1 0.80613 0.660635 0.0103363 0.0106252 0.0190339
1 0.810338 0.627454 0.0243333 0.0161229 0.0183604
2 0.158107 0.420654 0.0127987 0.0272372 0.0183144
1 0.951269 0.64835 0.0145899 0.0194964 0.0181499
1 0.946543 0.647504 0.0176667 0.0178844 0.0177146
2 0.068301 0.329488 0.0260617 0.0194357 0.0166931
4 0.83135 0.690703 0.0117639 0.0144758 0.0164965
3 0.459198 0.679763 0.0183163 0.028557 0.0159056
6 0.901514 0.69525 0.0165248 0.017326 0.014735
2 0.644908 0.565338 0.00851459 0.00975335 0.014628
12 0.591851 0.671071 0.031954 0.0688562 0.0143277
1 0.954767 0.655044 0.0205019 0.0345258 0.0142951
1 0.751547 0.582229 0.0214391 0.0359184 0.0142176
6 0.864916 0.688116 0.0100419 0.0181507 0.0141646
1 0.900955 0.662945 0.0206517 0.0142171 0.0136671
2 0.0689927 0.33501 0.0276941 0.021667 0.0131566
4 0.148109 0.650751 0.183679 0.0950703 0.0130223
4 0.993469 0.725432 0.010557 0.0459845 0.0129163
2 0.0879092 0.337497 0.0187785 0.0200734 0.0126841
2 0.15616 0.43334 0.0158763 0.0541458 0.0125452
6 0.907128 0.697368 0.00690265 0.0112975 0.0124385
2 0.0483831 0.319033 0.0227629 0.022072 0.0116146
1 0.91782 0.662116 0.00872815 0.0153348 0.0113549
5 0.907128 0.697368 0.00690265 0.0112975 0.0113093
14 0.346804 0.677334 0.0102243 0.040857 0.0112457
4 0.89647 0.685716 0.0103915 0.0165021 0.0109575
6 0.96997 0.667925 0.0144413 0.0374185 0.0105979
6 0.618403 0.69438 0.0669944 0.0924229 0.0104571
6 0.902802 0.670976 0.0112894 0.0176253 0.0104182
1 0.886299 0.663092 0.0150948 0.0114157 0.0100408
2 0.245253 0.423982 0.0125445 0.0184901 0.00996405
8 0.459198 0.679763 0.0183163 0.028557 0.00987968
6 0.958674 0.688794 0.0273739 0.0438501 0.00978204
1 0.89647 0.685716 0.0103915 0.0165021 0.00943414
2 0.66117 0.563429 0.00619684 0.0124568 0.00932661
6 0.792517 0.699644 0.0315063 0.050825 0.00902132
1 0.886533 0.670064 0.012784 0.0194256 0.00896197
5 0.967456 0.70153 0.0405789 0.0453894 0.0089469
7 0.163023 0.43026 0.0163664 0.0369213 0.0088661
6 0.864347 0.693326 0.00979553 0.0104675 0.00858577
0 0.864347 0.693326 0.00979553 0.0104675 0.00855189
0 0.907128 0.697368 0.00690265 0.0112975 0.00850021
7 0.904547 0.667475 0.0138171 0.017404 0.00846058
5 0.864347 0.693326 0.00979553 0.0104675 0.00824166
7 0.157681 0.446245 0.0223115 0.0594945 0.0081085
4 0.909512 0.706546 0.00947742 0.0214708 0.00792255
4 0.812702 0.690617 0.0120757 0.0155807 0.00790097
6 0.961687 0.67556 0.0326982 0.0556235 0.00783103
2 0.228291 0.434884 0.0117785 0.0178404 0.00780853
7 0.158107 0.420654 0.0127987 0.0272372 0.00762445
6 0.895466 0.693987 0.0115611 0.0118309 0.00762051
1 0.970186 0.65205 0.0100076 0.0211333 0.00759206
1 0.678529 0.56643 0.0162733 0.0136459 0.0073813
1 0.5906 0.56285 0.0205305 0.0222837 0.00737149
15 0.881635 0.694314 0.0126644 0.0136337 0.00723745
4 0.732555 0.692367 0.0218326 0.0317206 0.00710926
14 0.459198 0.679763 0.0183163 0.028557 0.00672882
6 0.853686 0.687641 0.00751465 0.017083 0.00645181
3 0.450773 0.681898 0.0272756 0.0391549 0.00620082
8 0.907128 0.697368 0.00690265 0.0112975 0.00618296
1 0.857004 0.659842 0.00790619 0.00972217 0.00606026
4 0.816298 0.686291 0.0107244 0.017809 0.00601161
8 0.848934 0.692357 0.0111082 0.013111 0.00596458
0 0.911997 0.70071 0.00858185 0.0155478 0.00582319
5 0.895466 0.693987 0.0115611 0.0118309 0.00581961
6 0.969742 0.659241 0.0105151 0.0185028 0.00580964
1 0.791173 0.607185 0.0217104 0.0432594 0.00568611
1 0.846033 0.659918 0.00985309 0.0127753 0.00568497
1 0.826806 0.659248 0.00912714 0.0133914 0.00540971
1 0.973816 0.663862 0.0179221 0.0256283 0.0052473
8 0.990595 0.710447 0.0165286 0.0237139 0.0050687
4 0.461491 0.676664 0.0211463 0.0333802 0.00498732
4 0.243842 0.641549 0.0207442 0.0213464 0.00488701
6 0.89647 0.685716 0.0103915 0.0165021 0.00487156
3 0.459903 0.672471 0.0199854 0.0445689 0.00486673
2 0.22898 0.42415 0.0112594 0.0180926 0.00481486
4 0.902802 0.670976 0.0112894 0.0176253 0.00478087
4 0.714914 0.690612 0.0148633 0.0314327 0.00474711
1 0.96997 0.667925 0.0144413 0.0374185 0.00466333
2 0.227694 0.44436 0.0130711 0.022281 0.00466299
0 0.895466 0.693987 0.0115611 0.0118309 0.00464599
6 0.976276 0.692259 0.0173276 0.0355498 0.00460588
12 0.969742 0.659241 0.0105151 0.0185028 0.00458862
25 0.591851 0.671071 0.031954 0.0688562 0.00456511
1 0.81012 0.610658 0.0242167 0.0330952 0.0045547
0 0.881635 0.694314 0.0126644 0.0136337 0.00442278
1 0.167412 0.439967 0.0203026 0.029253 0.00442141
0 0.654895 0.68013 0.0143374 0.0280457 0.00437303
1 0.769336 0.645987 0.00894403 0.0116376 0.00421599
6 0.990217 0.702408 0.0195663 0.0354919 0.00403773
32 0.450773 0.681898 0.0272756 0.0391549 0.00395248
1 0.994168 0.62281 0.00896484 0.0132685 0.00392342
14 0.450773 0.681898 0.0272756 0.0391549 0.00389576
4 0.918609 0.686461 0.00892859 0.0235773 0.00370432
12 0.976276 0.692259 0.0173276 0.0355498 0.00360538
2 0.166527 0.441582 0.0225594 0.0353414 0.00356406
7 0.167293 0.450722 0.0229688 0.0479089 0.00355705
7 0.816145 0.653396 0.0101719 0.0231704 0.0034993
0 0.855559 0.691847 0.0065705 0.0121953 0.00342269
3 0.34646 0.673587 0.0101525 0.0490918 0.00337721
22 0.431663 0.684045 0.0151427 0.0343475 0.00336199
6 0.954005 0.699803 0.0232034 0.0344481 0.00335537
42 0.591851 0.671071 0.031954 0.0688562 0.00335449
22 0.442171 0.604874 0.0205384 0.0630515 0.00332194
15 0.902802 0.670976 0.0112894 0.0176253 0.00327215
7 0.902802 0.670976 0.0112894 0.0176253 0.00325228
1 0.859716 0.678423 0.0100734 0.0215145 0.00321086
5 0.619075 0.694664 0.0656734 0.0923055 0.00315108
6 0.84705 0.687739 0.0104891 0.017256 0.00314607
0 0.792168 0.70025 0.0315051 0.0522941 0.00305309
1 0.778471 0.604951 0.0323814 0.0453429 0.00302661
5 0.846798 0.691574 0.0109138 0.0127817 0.00300458
3 0.471186 0.668579 0.0147323 0.0434346 0.00295036
2 0.0814095 0.354495 0.0136629 0.0271374 0.00294872
7 0.191733 0.453424 0.0236437 0.0218187 0.00289775
2 0.154025 0.446426 0.0224051 0.0440448 0.00289597
12 0.968985 0.702118 0.0405222 0.0446374 0.00280129
15 0.591851 0.671071 0.031954 0.0688562 0.00279219
5 0.990412 0.710269 0.0159462 0.0231851 0.00279057
8 0.0282716 0.0256867 0.0553416 0.0513735 0.00276613
8 0.911997 0.70071 0.00858185 0.0155478 0.00275042
2 0.620602 0.552342 0.00768219 0.0135535 0.00272824
7 0.727737 0.56879 0.00686762 0.0115096 0.0026674
5 0.792517 0.699644 0.0315063 0.050825 0.00265946
12 0.902802 0.670976 0.0112894 0.0176253 0.00265463
1 0.883122 0.69001 0.0119369 0.0219532 0.00264441
1 0.777311 0.646628 0.00909344 0.0139966 0.0026427
14 0.591413 0.67123 0.0301514 0.069846 0.00258411
6 0.978411 0.704361 0.0310042 0.0373301 0.002568
1 0.244936 0.427185 0.0137651 0.0185928 0.00253278
2 0.163023 0.43026 0.0163664 0.0369213 0.00251723
32 0.459198 0.679763 0.0183163 0.028557 0.00247737
23 0.346804 0.677334 0.0102243 0.040857 0.00247123
1 0.442241 0.673128 0.0281126 0.0563382 0.00241234
1 0.811507 0.669949 0.00708344 0.00815385 0.00238828
8 0.864347 0.693326 0.00979553 0.0104675 0.00238569
1 0.90395 0.615723 0.0359786 0.0251372 0.0023538
7 0.777766 0.594419 0.0328888 0.0295406 0.00234469
7 0.751414 0.588663 0.0220695 0.0283635 0.00233335
4 0.89653 0.707635 0.0171304 0.0240218 0.00232691
1 0.906424 0.641723 0.028696 0.027945 0.00230381
1 0.838165 0.675918 0.00822839 0.0161556 0.00229788
1 0.805743 0.641664 0.013425 0.0391809 0.00229326
2 0.0285812 0.02571 0.0548135 0.05142 0.00228643
12 0.958674 0.688794 0.0273739 0.0438501 0.00228339
6 0.918609 0.686461 0.00892859 0.0235773 0.00227406
8 0.454029 0.684143 0.0267422 0.0377412 0.00227288
2 0.969742 0.659241 0.0105151 0.0185028 0.00226749
0 0.84705 0.687739 0.0104891 0.017256 0.00226425
1 0.961687 0.67556 0.0326982 0.0556235 0.00225234
8 0.993469 0.725432 0.010557 0.0459845 0.00225046
14 0.359472 0.678309 0.0200752 0.0393675 0.00220495
0 0.719754 0.698158 0.0103041 0.025525 0.00217015
4 0.84237 0.697327 0.0146884 0.0223606 0.00216991
4 0.981661 0.180692 0.0366784 0.254116 0.00213742
4 0.811507 0.669949 0.00708344 0.00815385 0.00212026
0 0.591851 0.671071 0.031954 0.0688562 0.0021159
14 0.459903 0.672471 0.0199854 0.0445689 0.00210489
1 0.706388 0.557964 0.0349596 0.0325439 0.002079
0 0.250012 0.640462 0.0160564 0.0255706 0.00204745
4 0.654895 0.68013 0.0143374 0.0280457 0.00202729
2 0.590907 0.562184 0.0197186 0.0210771 0.00202438
8 0.459903 0.672471 0.0199854 0.0445689 0.00199343
8 0.895466 0.693987 0.0115611 0.0118309 0.00198968
6 0.990412 0.710269 0.0159462 0.0231851 0.00194828
2 0.0645707 0.339766 0.0267738 0.017003 0.00194209
7 0.442113 0.604332 0.0198531 0.062912 0.00188546
4 0.990217 0.702408 0.0195663 0.0354919 0.00187985
7 0.440466 0.586709 0.0265376 0.100989 0.00186566
1 0.881635 0.694314 0.0126644 0.0136337 0.00181509
3 0.306425 0.662106 0.0138681 0.0550022 0.00179845
1 0.907128 0.697368 0.00690265 0.0112975 0.00170572
7 0.301642 0.597058 0.0189993 0.034071 0.00168467
2 0.0284558 0.435953 0.00893117 0.0137239 0.00168116
8 0.719754 0.698158 0.0103041 0.025525 0.00166983
2 0.241386 0.448244 0.0160332 0.0187922 0.00165746
0 0.990595 0.710447 0.0165286 0.0237139 0.00162121
15 0.89647 0.685716 0.0103915 0.0165021 0.00161297
7 0.659129 0.565194 0.00870679 0.00878865 0.00161212
14 0.369404 0.681603 0.0114189 0.0326485 0.0015914
2 0.715292 0.533074 0.00778082 0.0119283 0.00157617
2 0.0458883 0.314743 0.023842 0.0231343 0.00157227
4 0.954005 0.699803 0.0232034 0.0344481 0.00157049
14 0.434398 0.680582 0.020593 0.0414012 0.00156796
1 0.0293979 0.0253838 0.05695 0.0507676 0.00155983
2 0.658259 0.557017 0.0095191 0.0188184 0.00155245
4 0.994002 0.740087 0.00956787 0.0288271 0.00153868
12 0.961687 0.67556 0.0326982 0.0556235 0.00153644
5 0.855559 0.691847 0.0065705 0.0121953 0.00153001
1 0.311716 0.593908 0.0113694 0.0417096 0.00151777
6 0.570473 0.667385 0.0315407 0.0580327 0.0015165
8 0.446593 0.683597 0.025173 0.0373897 0.00151438
2 0.255092 0.42754 0.010885 0.0180613 0.00149742
0 0.853686 0.687641 0.00751465 0.017083 0.00148637
1 0.727737 0.56879 0.00686762 0.0115096 0.00146244
0 0.276101 0.653041 0.012948 0.0448261 0.00144118
2 0.71434 0.514403 0.00901514 0.0120878 0.00144038
4 0.471186 0.668579 0.0147323 0.0434346 0.00142662
12 0.449243 0.642358 0.0352814 0.141195 0.00142398
8 0.11135 0.048724 0.0473538 0.0974479 0.00141824
7 0.89647 0.685716 0.0103915 0.0165021 0.00140913
14 0.967456 0.70153 0.0405789 0.0453894 0.00139525
0 0.86271 0.697962 0.0111838 0.019044 0.00138487
4 0.609816 0.684607 0.0534496 0.0719046 0.00136383
0 0.345646 0.664245 0.0109914 0.0702516 0.00135019
1 0.591851 0.671071 0.031954 0.0688562 0.00133246
4 0.983917 0.131277 0.0313462 0.14323 0.0013264
1 0.974892 0.640041 0.0132683 0.0279081 0.0012944
22 0.459198 0.679763 0.0183163 0.028557 0.00129213
0 0.265668 0.646718 0.0213917 0.038133 0.0012775
1 0.305365 0.595891 0.0161504 0.0417286 0.00126573
7 0.663985 0.564469 0.00841016 0.0097278 0.00126426
3 0.434398 0.680582 0.020593 0.0414012 0.00124415
15 0.895466 0.693987 0.0115611 0.0118309 0.00123735
6 0.855559 0.691847 0.0065705 0.0121953 0.00123183
7 0.830904 0.602956 0.0102322 0.0287883 0.00122628
15 0.883122 0.69001 0.0119369 0.0219532 0.00122614
6 0.846798 0.691574 0.0109138 0.0127817 0.0012108
1 0.348199 0.678534 0.0130244 0.0409107 0.00120431
1 0.778081 0.583038 0.0317942 0.0380339 0.00119749
0 0.757409 0.703871 0.0461113 0.060861 0.00118202
7 0.18122 0.448334 0.0247181 0.0374095 0.00118131
24 0.961687 0.67556 0.0326982 0.0556235 0.0011771
14 0.442493 0.671302 0.0239153 0.059257 0.00116837
8 0.729362 0.698728 0.0177805 0.0219911 0.0011582
1 0.663985 0.564469 0.00841016 0.0097278 0.00113392
0 0.83135 0.690703 0.0117639 0.0144758 0.0011329
