1 0.411346 0.523255 0.018266 0.0291596 0.580268
4 0.377624 0.605843 0.0210075 0.0162282 0.34248
4 0.368781 0.603875 0.024227 0.0148022 0.290716
1 0.417395 0.520828 0.0119124 0.0324061 0.215506
4 0.36145 0.602665 0.0167327 0.0132654 0.089744
4 0.401272 0.607935 0.0118315 0.0151749 0.0705688
4 0.33914 0.600798 0.0171094 0.0127593 0.04174
4 0.344851 0.60204 0.0232982 0.0112862 0.0376469
4 0.397693 0.607219 0.0183121 0.0147219 0.0324614
1 0.416058 0.552265 0.0132249 0.0288295 0.023441
4 0.471344 0.603057 0.00853439 0.0105501 0.0204159
1 0.489798 0.589639 0.00724255 0.0208829 0.019262
1 0.42742 0.525634 0.00725787 0.0186389 0.0181174
4 0.333407 0.602217 0.0156115 0.00981448 0.00923236
1 0.48864 0.592228 0.00603339 0.018047 0.00886735
4 0.36657 0.596004 0.014935 0.022872 0.00873333
4 0.360298 0.595324 0.013382 0.0206662 0.00669433
4 0.40229 0.580221 0.011099 0.0130376 0.00659177
1 0.779474 0.583419 0.00807044 0.0249821 0.00654089
4 0.952322 0.607446 0.0829959 0.0670345 0.0062033
8 0.39839 0.606746 0.0152332 0.0160066 0.00599173
4 0.377976 0.596567 0.0186055 0.0246256 0.00588544
1 0.428992 0.554115 0.00522733 0.0174265 0.00520063
4 0.31029 0.600945 0.0226029 0.0141367 0.00515236
4 0.357121 0.605357 0.027985 0.0189629 0.00515047
0 0.401272 0.607935 0.0118315 0.0151749 0.00490035
1 0.408827 0.543638 0.0115956 0.0158311 0.0048503
8 0.401272 0.607935 0.0118315 0.0151749 0.00461705
4 0.320135 0.602453 0.0220046 0.0110744 0.00403297
4 0.982702 0.619024 0.0287831 0.0405302 0.00373813
1 0.41371 0.555614 0.0166006 0.0291105 0.00373648
1 0.351227 0.547777 0.0112893 0.0205884 0.00373508
4 0.891459 0.618633 0.0282991 0.0315852 0.00362991
4 0.304947 0.602393 0.0226301 0.0113097 0.00320278
1 0.342596 0.547822 0.0243015 0.0261299 0.00308628
4 0.965034 0.623177 0.0446465 0.0371414 0.00266078
4 0.394435 0.584656 0.0220769 0.0180496 0.00258052
1 0.429118 0.558408 0.00568051 0.0190448 0.00255408
4 0.96727 0.619623 0.0556858 0.050411 0.00253394
3 0.891459 0.618633 0.0282991 0.0315852 0.00253288
2 0.727692 0.564643 0.00831799 0.0210626 0.00246459
4 0.906222 0.60511 0.0565507 0.0587781 0.00244788
8 0.36145 0.602665 0.0167327 0.0132654 0.00240762
1 0.425945 0.521045 0.0101985 0.0231689 0.00240406
4 0.466336 0.59698 0.0111781 0.00948105 0.002402
1 0.469141 0.563336 0.00653433 0.0104448 0.00237909
0 0.36657 0.596004 0.014935 0.022872 0.00228989
3 0.187773 0.577725 0.020425 0.0269089 0.00224385
1 0.469858 0.591751 0.00787466 0.0138008 0.00223386
4 0.93856 0.621674 0.0533469 0.0432376 0.0021872
3 0.904848 0.619028 0.0381458 0.0341764 0.00217418
14 0.401272 0.607935 0.0118315 0.0151749 0.00216602
4 0.469858 0.591751 0.00787466 0.0138008 0.00203423
4 0.401433 0.612461 0.0115811 0.0210633 0.00200655
4 0.979129 0.609899 0.0360014 0.054027 0.00199811
8 0.141268 0.575771 0.0243153 0.0245579 0.00197026
2 0.765378 0.374939 0.0167649 0.0216861 0.00195939
3 0.39839 0.606746 0.0152332 0.0160066 0.00190947
2 0.728128 0.556125 0.0081861 0.0217583 0.00190241
14 0.39839 0.606746 0.0152332 0.0160066 0.00189495
1 0.555628 0.505518 0.00831604 0.0120127 0.00186687
1 0.609232 0.518583 0.00716785 0.0136813 0.00184724
4 0.476935 0.600834 0.00845761 0.0113543 0.0017889
8 0.984093 0.615804 0.0265607 0.035686 0.00178305
4 0.953512 0.632913 0.0187695 0.0263798 0.00173153
1 0.462486 0.557377 0.00607455 0.00710723 0.00171101
3 0.982702 0.619024 0.0287831 0.0405302 0.00167528
4 0.297621 0.600149 0.0183976 0.0136627 0.00158054
4 0.370561 0.611015 0.0233342 0.0240799 0.00157172
4 0.347781 0.594909 0.0189217 0.0204649 0.00155488
0 0.36145 0.602665 0.0167327 0.0132654 0.00154028
1 0.847731 0.524618 0.0136426 0.0152429 0.00150467
4 0.377443 0.611373 0.0177297 0.0232278 0.00147596
15 0.94606 0.604292 0.0853353 0.072175 0.0014531
4 0.471834 0.613512 0.00990018 0.0193786 0.00143324
1 0.780079 0.57753 0.00841858 0.0266465 0.0014012
3 0.169698 0.577796 0.0163092 0.0241376 0.00137793
8 0.149193 0.580532 0.0189254 0.018255 0.00136253
4 0.943233 0.632213 0.0400432 0.0326269 0.00136137
3 0.965034 0.623177 0.0446465 0.0371414 0.00131726
4 0.4584 0.599183 0.00975559 0.0113345 0.00130593
4 0.457979 0.591091 0.00794269 0.0126389 0.00129966
3 0.36145 0.602665 0.0167327 0.0132654 0.0012966
2 0.596364 0.512286 0.00953125 0.013142 0.00129272
7 0.42742 0.525634 0.00725787 0.0186389 0.00128272
8 0.888739 0.618404 0.0244413 0.0299161 0.00126554
4 0.508075 0.622146 0.00935376 0.0117376 0.00126424
6 0.471344 0.603057 0.00853439 0.0105501 0.00125964
1 0.549649 0.505273 0.0141667 0.0129587 0.00124873
7 0.555628 0.505518 0.00831604 0.0120127 0.0012485
3 0.368781 0.603875 0.024227 0.0148022 0.00123345
1 0.459306 0.562769 0.00818506 0.011086 0.00122215
1 0.490046 0.572102 0.00749835 0.0117668 0.00122149
14 0.947573 0.603535 0.0793615 0.0706751 0.00121129
2 0.609232 0.518583 0.00716785 0.0136813 0.00117314
1 0.434095 0.556404 0.00931027 0.010727 0.00117258
3 0.918545 0.616365 0.0500358 0.0445536 0.00117055
14 0.888739 0.618404 0.0244413 0.0299161 0.00116468
0 0.397693 0.607219 0.0183121 0.0147219 0.0011488
4 0.406718 0.601321 0.0159138 0.0208884 0.00114482
14 0.984093 0.615804 0.0265607 0.035686 0.00114185
3 0.401272 0.607935 0.0118315 0.0151749 0.00114111
0 0.368781 0.603875 0.024227 0.0148022 0.00112188
3 0.333407 0.602217 0.0156115 0.00981448 0.00111423
0 0.360298 0.595324 0.013382 0.0206662 0.00111117
4 0.904848 0.619028 0.0381458 0.0341764 0.0010876
8 0.169698 0.577796 0.0163092 0.0241376 0.00107387
1 0.811494 0.5681 0.020375 0.0255172 0.00105194
6 0.48864 0.592228 0.00603339 0.018047 0.00104275
5 0.401272 0.607935 0.0118315 0.0151749 0.00102139
