8 0.908624 0.29052 0.0728882 0.153524 0.569701
8 0.916244 0.310694 0.0582016 0.113526 0.11109
8 0.788148 0.163621 0.0320593 0.0344342 0.0486005
8 0.892891 0.256836 0.0458171 0.0894886 0.0430668
2 0.792514 0.839469 0.00972119 0.0202087 0.0300425
8 0.817525 0.227744 0.0429317 0.110176 0.0235346
8 0.785807 0.171687 0.0274071 0.0320537 0.0234211
0 0.993783 0.231084 0.0109717 0.0837515 0.014759
4 0.788148 0.163621 0.0320593 0.0344342 0.0147268
8 0.921561 0.28666 0.0506941 0.0927881 0.0125872
2 0.856456 0.898489 0.015749 0.0348263 0.0117393
8 0.843361 0.228677 0.0261604 0.0976144 0.0105427
5 0.785866 0.158619 0.026169 0.0368447 0.00899014
0 0.742649 0.160688 0.011841 0.0264181 0.00728855
0 0.439269 0.482705 0.0111566 0.050479 0.00706186
22 0.85818 0.89656 0.0136003 0.0278819 0.00684114
8 0.915455 0.254084 0.05769 0.0931008 0.00652922
8 0.993673 0.24812 0.0112274 0.0615043 0.00637507
5 0.790233 0.171726 0.0343438 0.0299611 0.00634484
8 0.953404 0.232787 0.0465217 0.0651707 0.00605439
8 0.739884 0.163212 0.0126301 0.0227711 0.00544703
8 0.798437 0.153056 0.0198027 0.0352666 0.0052796
4 0.77328 0.160845 0.042876 0.0347307 0.00504917
8 0.845414 0.244626 0.0333586 0.0903178 0.00491253
0 0.903854 0.206445 0.0136365 0.0354312 0.00486525
1 0.85818 0.89656 0.0136003 0.0278819 0.0047124
8 0.923995 0.244681 0.104673 0.105192 0.0041182
8 0.718356 0.174258 0.0139273 0.0300805 0.00408306
8 0.774169 0.173696 0.0446776 0.0362606 0.00398794
0 0.00583779 0.235586 0.0116756 0.0530969 0.00370018
2 0.588789 0.793645 0.0101783 0.0145696 0.00359468
0 0.718872 0.162491 0.0128243 0.0237499 0.00346468
2 0.99045 0.649122 0.0172374 0.0162769 0.00345444
8 0.871618 0.24617 0.0876953 0.0955054 0.00333573
8 0.795122 0.182667 0.0422647 0.0254994 0.00299846
0 0.959404 0.227808 0.0356361 0.0547197 0.00297863
4 0.790233 0.171726 0.0343438 0.0299611 0.00291546
22 0.664745 0.516625 0.0126547 0.0387919 0.00291254
3 0.894538 0.245889 0.0473655 0.102709 0.00290448
8 0.994148 0.227011 0.0110474 0.083837 0.00281275
8 0.786224 0.185181 0.028126 0.034403 0.00273361
0 0.790286 0.158238 0.0321574 0.0391391 0.0027196
4 0.807381 0.174914 0.0604858 0.028872 0.00265081
14 0.817611 0.229328 0.0427311 0.114441 0.00258176
4 0.774169 0.173696 0.0446776 0.0362606 0.00254336
8 0.805449 0.194745 0.067322 0.0513284 0.00246616
4 0.759893 0.161264 0.0345303 0.0273392 0.00242825
4 0.718356 0.174258 0.0139273 0.0300805 0.00236474
4 0.993783 0.231084 0.0109717 0.0837515 0.00236235
4 0.788827 0.148427 0.0297537 0.0340922 0.00233881
8 0.742649 0.160688 0.011841 0.0264181 0.00230123
8 0.777278 0.164282 0.0434984 0.028904 0.00221278
8 0.954927 0.247997 0.0757316 0.0885477 0.00221055
8 0.807381 0.174914 0.0604858 0.028872 0.00215202
1 0.792514 0.839469 0.00972119 0.0202087 0.00206344
4 0.718872 0.162491 0.0128243 0.0237499 0.00202338
14 0.817714 0.204643 0.0415005 0.0725733 0.00195342
2 0.00600471 0.238304 0.0120094 0.0496535 0.00193318
18 0.818123 0.23099 0.0423771 0.11352 0.00188528
8 0.818831 0.19797 0.0414999 0.0592206 0.00185878
0 0.798437 0.153056 0.0198027 0.0352666 0.00180747
7 0.85841 0.89774 0.0139488 0.0310634 0.00179048
8 0.992468 0.23984 0.0150634 0.0756251 0.00177172
8 0.933562 0.254238 0.0390545 0.0791584 0.0017488
0 0.908624 0.29052 0.0728882 0.153524 0.00169919
0 0.717093 0.172863 0.011487 0.0281577 0.00169225
3 0.819068 0.232832 0.0433043 0.10701 0.00160937
5 0.798437 0.153056 0.0198027 0.0352666 0.0015737
14 0.818994 0.183932 0.0393328 0.0330626 0.00157321
8 0.902323 0.2198 0.0251934 0.0569107 0.00155191
8 0.718872 0.162491 0.0128243 0.0237499 0.00151758
0 0.735279 0.162008 0.0179455 0.026222 0.00151139
3 0.844808 0.226096 0.026743 0.08174 0.00149552
4 0.798437 0.153056 0.0198027 0.0352666 0.0014901
4 0.00600471 0.238304 0.0120094 0.0496535 0.00147381
4 0.8174 0.18272 0.0414634 0.0307206 0.00142493
8 0.818994 0.183932 0.0393328 0.0330626 0.00138258
4 0.742649 0.160688 0.011841 0.0264181 0.00137375
8 0.896453 0.280958 0.0489494 0.122918 0.00136929
5 0.807282 0.180713 0.0637413 0.0311936 0.00127611
8 0.735279 0.162008 0.0179455 0.026222 0.00127378
0 0.902323 0.2198 0.0251934 0.0569107 0.00126501
4 0.735279 0.162008 0.0179455 0.026222 0.00122094
8 0.931487 0.272722 0.0339928 0.0584787 0.00116714
3 0.993673 0.24812 0.0112274 0.0615043 0.00115233
3 0.908624 0.29052 0.0728882 0.153524 0.00108263
8 0.788827 0.148427 0.0297537 0.0340922 0.00108219
8 0.798728 0.186159 0.0518629 0.0347955 0.00105685
18 0.891751 0.256227 0.0444336 0.0850405 0.00104954
8 0.992077 0.269762 0.0147332 0.0612312 0.00103004
3 0.913063 0.247013 0.0682213 0.0987792 0.0010277
