4 0.804846 0.860924 0.121128 0.131392 0.940707
4 0.729708 0.736169 0.0915936 0.100114 0.928337
4 0.675689 0.647998 0.0796483 0.0894372 0.900064
4 0.194678 0.617444 0.0667049 0.0929167 0.896884
4 0.336547 0.571852 0.0609492 0.0799177 0.86813
4 0.276882 0.443074 0.0400141 0.0474725 0.863905
4 0.573476 0.480433 0.0377114 0.0474375 0.791162
4 0.361749 0.314561 0.0517072 0.0232122 0.734502
4 0.228238 0.3113 0.0392836 0.0224302 0.717617
0 0.092938 0.57419 0.0134234 0.0701607 0.677739
4 0.534273 0.440162 0.0369092 0.0564987 0.642135
4 0.238412 0.52328 0.0489961 0.064376 0.636461
15 0.531851 0.60807 0.0965756 0.16179 0.631304
4 0.265473 0.469596 0.046397 0.0527939 0.622545
0 0.115773 0.57654 0.0156782 0.0742892 0.602382
4 0.264075 0.485064 0.0465919 0.0824964 0.537731
4 0.5447 0.456523 0.0462089 0.0440123 0.514148
0 0.110302 0.575128 0.0218308 0.0731215 0.353024
4 0.297367 0.416913 0.0369045 0.01313 0.296003
6 0.362657 0.468503 0.0944104 0.121735 0.257114
4 0.599478 0.518854 0.0661406 0.081723 0.235729
4 0.582023 0.493614 0.0444725 0.0484992 0.219534
6 0.531916 0.607999 0.0957574 0.161801 0.205134
2 0.127153 0.204234 0.0139845 0.013232 0.100818
1 0.493577 0.250965 0.0105581 0.0168435 0.0661276
0 0.568742 0.418727 0.0104493 0.0152527 0.0645633
4 0.531894 0.608025 0.0959891 0.161663 0.0580189
0 0.576401 0.419517 0.0102723 0.0139989 0.0363232
5 0.362265 0.314759 0.0521615 0.023593 0.0344023
6 0.361749 0.314561 0.0517072 0.0232122 0.0263234
0 0.97585 0.233124 0.00944995 0.0215813 0.0241583
6 0.406046 0.476268 0.0241805 0.0877651 0.0193991
8 0.568742 0.418727 0.0104493 0.0152527 0.0181353
0 0.493577 0.250965 0.0105581 0.0168435 0.0178085
1 0.0339813 0.473331 0.0143171 0.0267078 0.0175458
4 0.521887 0.268831 0.012266 0.0095357 0.0173898
0 0.72642 0.66854 0.0104856 0.0282854 0.0169459
4 0.141157 0.270218 0.0130466 0.0143937 0.0163094
2 0.126785 0.199669 0.0141495 0.0153691 0.0161726
8 0.0925788 0.57482 0.0153661 0.0709493 0.0156094
4 0.576401 0.419517 0.0102723 0.0139989 0.0135726
4 0.133245 0.286185 0.0299939 0.0254224 0.0133581
14 0.673142 0.543696 0.0137171 0.040343 0.0131562
3 0.0925788 0.57482 0.0153661 0.0709493 0.0129238
4 0.492165 0.251263 0.0108811 0.0167704 0.0118652
4 0.535856 0.415301 0.0375627 0.016018 0.0118134
4 0.287583 0.417886 0.0308754 0.0126685 0.0115845
0 0.359602 0.14993 0.00920386 0.010966 0.0114608
8 0.576401 0.419517 0.0102723 0.0139989 0.0111186
8 0.492165 0.251263 0.0108811 0.0167704 0.0109307
8 0.72642 0.66854 0.0104856 0.0282854 0.0107475
2 0.576401 0.419517 0.0102723 0.0139989 0.0104535
0 0.976236 0.239699 0.0101496 0.0176726 0.0104031
4 0.526363 0.271587 0.0120184 0.0115354 0.0102104
8 0.228238 0.3113 0.0392836 0.0224302 0.0101044
8 0.328739 0.313303 0.0258751 0.0244311 0.00967041
4 0.687674 0.61119 0.0202948 0.0162981 0.0091825
4 0.942727 0.233914 0.0433109 0.0206422 0.00917829
4 0.135232 0.273519 0.02515 0.0256757 0.00916087
5 0.228238 0.3113 0.0392836 0.0224302 0.00889365
5 0.493577 0.250965 0.0105581 0.0168435 0.00888621
8 0.114887 0.576513 0.0169973 0.0735295 0.00881865
4 0.561434 0.469619 0.0614091 0.0610385 0.00878055
4 0.568742 0.418727 0.0104493 0.0152527 0.00836539
6 0.410475 0.45964 0.014011 0.0486955 0.00826587
4 0.280194 0.203701 0.0291991 0.0145328 0.00825099
23 0.673142 0.543696 0.0137171 0.040343 0.00823177
4 0.288268 0.203485 0.0336388 0.0149722 0.00818362
14 0.0350251 0.567164 0.00880475 0.0349617 0.00800911
4 0.287693 0.20049 0.019696 0.0175545 0.00762744
4 0.274805 0.454669 0.0447724 0.0523267 0.00751887
4 0.782587 0.260181 0.0207654 0.0160182 0.0072259
2 0.568742 0.418727 0.0104493 0.0152527 0.00719563
8 0.0884533 0.588468 0.0205935 0.0427103 0.00709076
0 0.0350251 0.567164 0.00880475 0.0349617 0.00654346
4 0.28172 0.199933 0.0175216 0.0163234 0.00650218
3 0.1162 0.576652 0.0149548 0.0743917 0.00635152
0 0.970222 0.230956 0.0183391 0.0211003 0.00628969
4 0.98351 0.233982 0.0301251 0.0231105 0.00627907
1 0.839279 0.211869 0.007745 0.0340692 0.00619464
4 0.52035 0.199404 0.008758 0.0151359 0.00618821
4 0.848011 0.243783 0.0136006 0.0158525 0.00617553
4 0.121942 0.287686 0.0403816 0.0233903 0.00613336
4 0.518509 0.414001 0.0174825 0.0143005 0.0059769
8 0.352597 0.314264 0.0556747 0.0236464 0.00590638
4 0.108545 0.289308 0.0394921 0.0214762 0.00587367
4 0.566581 0.416313 0.0116533 0.0182992 0.00573246
4 0.586301 0.509973 0.0533986 0.0767462 0.0057162
0 0.0884533 0.588468 0.0205935 0.0427103 0.00570384
6 0.264828 0.475319 0.0460116 0.0657819 0.00549472
4 0.529534 0.279326 0.0122657 0.0145787 0.00541852
22 0.464572 0.675015 0.00983521 0.0238497 0.00530294
24 0.530244 0.115757 0.0127855 0.0388416 0.00520228
4 0.244122 0.509229 0.0565559 0.0861642 0.00513668
8 0.97585 0.233124 0.00944995 0.0215813 0.00494998
8 0.110302 0.575128 0.0218308 0.0731215 0.00491049
0 0.384064 0.208209 0.00784637 0.016614 0.0048034
1 0.663931 0.227994 0.00902991 0.0163631 0.00461297
4 0.506521 0.196062 0.0108372 0.00844631 0.00444115
4 0.419074 0.216811 0.0104963 0.0123034 0.00441586
8 0.970222 0.230956 0.0183391 0.0211003 0.0043558
4 0.51956 0.203296 0.0106303 0.0155833 0.00427604
8 0.976236 0.239699 0.0101496 0.0176726 0.00426324
4 0.772979 0.260214 0.0248344 0.0173747 0.00425906
2 0.266006 0.153289 0.00905789 0.00828588 0.00411202
13 0.576401 0.419517 0.0102723 0.0139989 0.0040263
2 0.857095 0.176273 0.00682434 0.00783051 0.00395296
2 0.115333 0.232326 0.00731758 0.0138487 0.00392548
22 0.72642 0.66854 0.0104856 0.0282854 0.0038007
4 0.0240037 0.329034 0.0421976 0.0236886 0.00379263
4 0.513406 0.202833 0.0217055 0.016756 0.0037587
4 0.286317 0.439108 0.0445345 0.0457807 0.00368161
4 0.97585 0.233124 0.00944995 0.0215813 0.00358708
4 0.0978086 0.287405 0.0316855 0.017342 0.0035613
4 0.795876 0.262845 0.0272534 0.0157228 0.00355469
4 0.528112 0.203563 0.0275175 0.0174786 0.0035386
4 0.955658 0.234091 0.0262413 0.0183683 0.00351927
4 0.622981 0.516265 0.113297 0.120679 0.00350586
5 0.350717 0.313962 0.0532586 0.0255561 0.00347641
4 0.80854 0.2526 0.015588 0.0212453 0.00346039
3 0.111876 0.575438 0.0211847 0.073983 0.00345293
14 0.0925788 0.57482 0.0153661 0.0709493 0.00319603
2 0.388148 0.15114 0.00500507 0.0136866 0.00319455
1 0.894676 0.20921 0.00579736 0.0141513 0.00316176
3 0.0884533 0.588468 0.0205935 0.0427103 0.00315028
4 0.970222 0.230956 0.0183391 0.0211003 0.00314303
6 0.227968 0.311155 0.0389514 0.0226621 0.00311019
4 0.488812 0.288602 0.0414958 0.029097 0.00307413
4 0.0253226 0.306907 0.040789 0.0206397 0.00306607
8 0.323714 0.312148 0.0158374 0.0278297 0.00305913
22 0.0350251 0.567164 0.00880475 0.0349617 0.00303627
14 0.0884533 0.588468 0.0205935 0.0427103 0.0030233
4 0.309792 0.565384 0.0108158 0.0207312 0.00302263
22 0.673142 0.543696 0.0137171 0.040343 0.00301558
2 0.0963085 0.211509 0.00756099 0.00913943 0.00298306
1 0.700309 0.215875 0.0106311 0.0193376 0.00297763
4 0.545657 0.201188 0.0152244 0.0190055 0.0029548
4 0.33228 0.559782 0.0526285 0.0550084 0.00292175
4 0.106968 0.295208 0.0276473 0.0206583 0.00287877
0 0.596627 0.282418 0.00847418 0.0164395 0.00284825
1 0.97585 0.233124 0.00944995 0.0215813 0.00283667
4 0.141331 0.257708 0.00990009 0.020081 0.00276627
4 0.964882 0.229017 0.015199 0.0197985 0.00275892
0 0.362955 0.150237 0.0113452 0.0104296 0.00268704
4 0.928325 0.23515 0.0120163 0.0191739 0.0026633
2 0.106436 0.208817 0.0057257 0.00911361 0.00264739
4 0.807053 0.26108 0.012268 0.0190584 0.00262537
24 0.532829 0.140411 0.0085874 0.0148698 0.00261734
1 0.673142 0.543696 0.0137171 0.040343 0.0026072
4 0.126002 0.273848 0.0384695 0.0296051 0.00253612
4 0.730601 0.2252 0.0106678 0.0125897 0.00248771
1 0.828802 0.56256 0.00683289 0.030609 0.0024789
2 0.640685 0.0758181 0.0091073 0.0236783 0.00247575
1 0.664345 0.244784 0.0090368 0.0113336 0.00245178
4 0.528785 0.20082 0.0186491 0.018389 0.00243045
4 0.150446 0.272091 0.0225167 0.0216675 0.00242439
4 0.26857 0.272044 0.00953345 0.0118865 0.00235021
4 0.520326 0.278644 0.0212318 0.0205166 0.00230386
7 0.493577 0.250965 0.0105581 0.0168435 0.00227276
4 0.543263 0.428325 0.0314952 0.0314271 0.00225357
4 0.0381293 0.326064 0.0137447 0.0135357 0.00224852
4 0.849974 0.245295 0.0118237 0.0105416 0.00223677
4 0.0382558 0.305802 0.016004 0.0111494 0.00223343
1 0.49357 0.255806 0.010279 0.0224454 0.00221355
2 0.361331 0.151243 0.00752588 0.0131949 0.00220831
1 0.576401 0.419517 0.0102723 0.0139989 0.00216597
8 0.361331 0.151243 0.00752588 0.0131949 0.00216522
4 0.692202 0.614082 0.0262722 0.0209688 0.00213957
4 0.0539937 0.282524 0.0755055 0.0345841 0.00212696
4 0.270142 0.196178 0.00748496 0.00949395 0.00205595
4 0.916141 0.234755 0.0306871 0.0188195 0.0020489
6 0.984067 0.231855 0.0259886 0.026649 0.00202315
1 0.384064 0.208209 0.00784637 0.016614 0.00202156
2 0.678378 0.083503 0.0099162 0.01291 0.00198421
13 0.568742 0.418727 0.0104493 0.0152527 0.0019775
0 0.361331 0.151243 0.00752588 0.0131949 0.00197479
4 0.230167 0.297928 0.0235426 0.0288433 0.00196933
18 0.0925788 0.57482 0.0153661 0.0709493 0.00195149
1 0.568742 0.418727 0.0104493 0.0152527 0.00193366
6 0.729008 0.736419 0.0923814 0.101169 0.00192876
2 0.216134 0.478133 0.012603 0.028812 0.00191247
3 0.72642 0.66854 0.0104856 0.0282854 0.00186959
1 0.297208 0.416684 0.0357964 0.0138583 0.00185267
4 0.215839 0.269638 0.0100358 0.00905422 0.00181145
4 0.733376 0.267718 0.0149235 0.0090012 0.00180705
0 0.359896 0.14448 0.00929987 0.0191003 0.00179345
6 0.59967 0.527389 0.066501 0.092577 0.00179344
1 0.689392 0.197897 0.00879572 0.0146933 0.00178424
2 0.265202 0.150921 0.00969101 0.01326 0.00176383
4 0.114887 0.576513 0.0169973 0.0735295 0.001757
24 0.530288 0.105112 0.0147092 0.0205184 0.00174942
0 0.12145 0.577103 0.0230968 0.0710658 0.00172572
4 0.0503251 0.272535 0.0624515 0.0249246 0.00172358
5 0.576401 0.419517 0.0102723 0.0139989 0.00172111
1 0.80854 0.2526 0.015588 0.0212453 0.00171731
0 0.388148 0.15114 0.00500507 0.0136866 0.00171497
4 0.494108 0.247876 0.0128627 0.0207141 0.00162484
6 0.540073 0.444601 0.0498323 0.0609711 0.00162365
0 0.49357 0.255806 0.010279 0.0224454 0.00161502
4 0.112677 0.274112 0.0520929 0.0349257 0.00161351
4 0.0443666 0.267368 0.0263013 0.0106483 0.00160852
22 0.456465 0.653871 0.00608722 0.0209978 0.00160634
4 0.781718 0.255551 0.0133022 0.0154579 0.00160395
4 0.132097 0.295608 0.0205855 0.0201292 0.00158282
2 0.97585 0.233124 0.00944995 0.0215813 0.00158149
2 0.686902 0.151958 0.00429547 0.0150369 0.00157055
4 0.541449 0.284459 0.0297412 0.0199622 0.00154872
4 0.230991 0.313288 0.0592523 0.0204178 0.00154462
2 0.27687 0.443143 0.041483 0.0465261 0.00153374
4 0.735905 0.670744 0.0134425 0.0246299 0.00152278
4 0.976236 0.239699 0.0101496 0.0176726 0.00152151
6 0.39945 0.477698 0.0279799 0.087107 0.00151643
4 0.596627 0.282418 0.00847418 0.0164395 0.0014858
7 0.568742 0.418727 0.0104493 0.0152527 0.0014845
4 0.222287 0.600071 0.0112276 0.0247479 0.00145811
4 0.270789 0.281915 0.0130449 0.0171548 0.00144033
4 0.0352098 0.284591 0.0634296 0.0397676 0.00143993
4 0.290168 0.289787 0.0364731 0.0274818 0.00143908
4 0.574687 0.495455 0.0373394 0.0699546 0.00142775
25 0.493577 0.250965 0.0105581 0.0168435 0.00142498
2 0.493577 0.250965 0.0105581 0.0168435 0.00142127
4 0.0470614 0.301987 0.0298778 0.0137908 0.00141525
4 0.328739 0.313303 0.0258751 0.0244311 0.00140305
4 0.116087 0.290225 0.0299329 0.0211492 0.00140203
4 0.258947 0.27238 0.0212054 0.0141263 0.00138929
2 0.746181 0.093227 0.00880835 0.0126458 0.00137846
0 0.566581 0.416313 0.0116533 0.0182992 0.0013642
2 0.0339813 0.473331 0.0143171 0.0267078 0.00136191
4 0.119215 0.294741 0.0348815 0.0216635 0.00135563
4 0.694139 0.248974 0.0109445 0.0115061 0.00134568
5 0.568742 0.418727 0.0104493 0.0152527 0.0013341
2 0.506521 0.196062 0.0108372 0.00844631 0.00132872
5 0.97585 0.233124 0.00944995 0.0215813 0.00131022
17 0.115805 0.576758 0.0156996 0.074311 0.00130893
4 0.581319 0.417703 0.0132878 0.0215173 0.00130281
4 0.611858 0.501462 0.0950289 0.08782 0.00129328
7 0.092938 0.57419 0.0134234 0.0701607 0.00127708
4 0.237146 0.295563 0.0488208 0.031302 0.0012706
4 0.73938 0.266169 0.0166561 0.0105982 0.00127024
22 0.0925788 0.57482 0.0153661 0.0709493 0.00126627
6 0.574074 0.48213 0.0360153 0.0520306 0.00126493
11 0.114887 0.576513 0.0169973 0.0735295 0.00125768
4 0.092491 0.573666 0.0134021 0.0714692 0.0012557
4 0.55757 0.20432 0.0175404 0.0138996 0.00125565
0 0.566972 0.424705 0.0125452 0.0240421 0.00123761
4 0.135965 0.2681 0.0211663 0.0295044 0.00123143
0 0.108506 0.549026 0.0185612 0.0444791 0.00121772
2 0.0924723 0.574147 0.0133461 0.069572 0.00121708
24 0.49675 0.0935209 0.056841 0.13036 0.00120918
6 0.615192 0.514247 0.11094 0.116757 0.00119845
9 0.0925788 0.57482 0.0153661 0.0709493 0.00119284
5 0.531894 0.608025 0.0959891 0.161663 0.00117523
2 0.260462 0.153412 0.00952052 0.00920769 0.00117229
5 0.976236 0.239699 0.0101496 0.0176726 0.00116558
0 0.396096 0.123974 0.00789496 0.0150089 0.00115841
0 0.73787 0.674558 0.0159285 0.024613 0.00115157
2 0.897587 0.121572 0.0106724 0.0172113 0.00114982
2 0.90138 0.121594 0.00930328 0.0223927 0.00114735
4 0.553183 0.201332 0.0205339 0.0194175 0.00113527
22 0.568742 0.418727 0.0104493 0.0152527 0.00112907
0 0.114024 0.54525 0.0134162 0.0338997 0.00112779
4 0.75809 0.262543 0.0420595 0.0160569 0.00112407
0 0.323714 0.312148 0.0158374 0.0278297 0.001114
4 0.2783 0.272091 0.0163776 0.0131807 0.00110401
4 0.127519 0.2631 0.0424725 0.0383855 0.001062
4 0.417064 0.221797 0.00951779 0.0154904 0.00106131
1 0.00871124 0.287704 0.0153443 0.0260905 0.00105595
4 0.232983 0.480556 0.0237393 0.0340966 0.00105311
8 0.185848 0.309182 0.015661 0.0193704 0.00105118
4 0.309789 0.578588 0.0128702 0.0454771 0.00105051
4 0.258949 0.284365 0.0236622 0.0225472 0.00104852
2 0.707389 0.0945857 0.0130206 0.0140076 0.00104641
1 0.840633 0.197079 0.00637598 0.0105746 0.00104568
24 0.667248 0.0454203 0.0156926 0.0908406 0.00104145
11 0.0924723 0.574147 0.0133461 0.069572 0.00103755
14 0.227968 0.311155 0.0389514 0.0226621 0.00102674
4 0.100559 0.294587 0.0276663 0.0221233 0.0010139
1 0.848011 0.243783 0.0136006 0.0158525 0.00101149
4 0.693604 0.626029 0.0322385 0.0438338 0.0010107
0 0.927727 0.238174 0.0101957 0.02095 0.00100944
4 0.247897 0.274124 0.035912 0.0174275 0.00100077
