10 0.433098 0.805504 0.0837069 0.311727 0.829961
35 0.70452 0.571374 0.348673 0.819664 0.619902
10 0.283395 0.81799 0.091347 0.260169 0.368512
56 0.282549 0.818756 0.0920589 0.259255 0.311789
36 0.843291 0.911851 0.0828323 0.104499 0.0290242
36 0.735344 0.892027 0.146861 0.161555 0.0263489
35 0.391126 0.480922 0.290778 0.961844 0.0225355
23 0.283413 0.818819 0.0913134 0.259341 0.0199142
10 0.260341 0.718119 0.147556 0.468484 0.00866127
36 0.759437 0.904791 0.0965742 0.12371 0.00429884
36 0.54421 0.8907 0.100943 0.142893 0.00236617
10 0.65514 0.898463 0.161541 0.195932 0.00227782
46 0.0849708 0.26223 0.0962281 0.254609 0.00174844
19 0.466746 0.967571 0.806743 0.0648579 0.00150667
36 0.43148 0.782061 0.0876128 0.362704 0.00118605
10 0.596978 0.908738 0.0591092 0.101692 0.00105738
