19 0.766039 0.699655 0.339003 0.283878 0.609436
19 0.70005 0.689962 0.206776 0.248542 0.564227
19 0.841355 0.778515 0.189612 0.442969 0.433483
18 0.596001 0.826395 0.170921 0.34721 0.385887
18 0.749173 0.23868 0.0336042 0.0787219 0.229975
19 0.598723 0.825025 0.173039 0.349951 0.170951
14 0.710443 0.803416 0.0979458 0.237068 0.121905
26 0.638544 0.404075 0.0379623 0.181434 0.0936891
18 0.69473 0.210516 0.0503523 0.133739 0.0916985
18 0.717581 0.77192 0.115711 0.260153 0.0679837
19 0.181077 0.650731 0.178747 0.375235 0.0649136
18 0.886184 0.259359 0.0254839 0.0501963 0.0591133
18 0.938977 0.244686 0.0318054 0.0778724 0.0543287
36 0.283622 0.567722 0.0912373 0.102663 0.0238545
3 0.282731 0.647426 0.0993305 0.272154 0.0107745
18 0.842779 0.779138 0.188461 0.438533 0.00881535
28 0.564583 0.600744 0.0801224 0.052418 0.00812784
18 0.791891 0.238456 0.0428567 0.0809102 0.00731333
18 0.894858 0.236278 0.0455673 0.0970937 0.00719514
18 0.810588 0.245419 0.0343102 0.086118 0.00700009
18 0.462506 0.339147 0.108399 0.302514 0.00698765
18 0.885921 0.243409 0.0281718 0.0814691 0.00640917
18 0.282288 0.648463 0.0976056 0.266066 0.00577195
18 0.910111 0.238373 0.0866514 0.0926878 0.00509787
18 0.410476 0.405054 0.0499413 0.172731 0.0047258
18 0.875548 0.257678 0.0436949 0.0613465 0.0047144
18 0.731774 0.742608 0.0870811 0.198639 0.0044405
19 0.775306 0.649882 0.300361 0.197264 0.00442512
18 0.981096 0.170707 0.0357969 0.223564 0.00396177
43 0.462568 0.353055 0.107718 0.270029 0.00392734
18 0.924643 0.248247 0.0520483 0.0687071 0.00371071
18 0.45021 0.393046 0.0641895 0.200286 0.00357716
18 0.446116 0.214861 0.0346184 0.065999 0.00352198
35 0.27147 0.476454 0.135693 0.456798 0.00297548
22 0.638261 0.402097 0.0365812 0.177927 0.00287787
2 0.064702 0.305227 0.0118836 0.0151426 0.00281525
36 0.283156 0.540253 0.0886671 0.0492451 0.00279305
10 0.886249 0.260834 0.0257639 0.0495589 0.00273541
10 0.559916 0.337729 0.0101735 0.0611033 0.00260637
18 0.906116 0.473844 0.0360199 0.0933407 0.00257833
18 0.462778 0.345067 0.0727786 0.247357 0.00250215
10 0.638261 0.402097 0.0365812 0.177927 0.00239898
18 0.801835 0.238091 0.0480253 0.0932228 0.00224902
18 0.917432 0.269705 0.0332767 0.0293929 0.0021174
18 0.915116 0.26087 0.0345247 0.0472134 0.00206512
8 0.27744 0.445801 0.126392 0.40929 0.00195585
18 0.472728 0.233104 0.073815 0.104663 0.00174441
18 0.280994 0.595225 0.0950282 0.15363 0.00174385
18 0.447034 0.229064 0.0414715 0.094992 0.0017044
35 0.260466 0.355621 0.171113 0.711242 0.00170237
22 0.827051 0.818136 0.0288282 0.206025 0.00167019
22 0.636057 0.332479 0.0197493 0.0375524 0.00153677
18 0.469401 0.224791 0.0845309 0.160111 0.00141035
18 0.929202 0.589139 0.0710427 0.0574267 0.00121925
18 0.785919 0.211111 0.0464984 0.135712 0.00104457
22 0.641291 0.317388 0.0120386 0.055871 0.00103616
