14 0.665736 0.621276 0.084947 0.192296 0.947027
0 0.275683 0.528366 0.0445008 0.182475 0.86233
4 0.246572 0.506297 0.0246834 0.0549279 0.737061
2 0.121454 0.268951 0.0141264 0.0149395 0.696397
14 0.329992 0.527443 0.0292007 0.034607 0.649865
8 0.27466 0.578383 0.0428607 0.146556 0.629914
4 0.230384 0.500444 0.0176063 0.0376734 0.562193
4 0.219357 0.496113 0.0141521 0.0279709 0.49917
14 0.321855 0.504094 0.0151977 0.0417043 0.437725
4 0.00928218 0.494443 0.0168044 0.022487 0.431133
1 0.297656 0.423448 0.0138284 0.0250887 0.373813
4 0.201746 0.490864 0.0116083 0.0136797 0.300968
1 0.192315 0.399957 0.018416 0.0230073 0.272608
1 0.301551 0.42312 0.0161099 0.0259638 0.252494
8 0.00928218 0.494443 0.0168044 0.022487 0.204127
3 0.275938 0.579787 0.0418628 0.144554 0.155467
5 0.246572 0.506297 0.0246834 0.0549279 0.150741
14 0.324716 0.498632 0.0140859 0.02945 0.127714
4 0.10685 0.490296 0.0128432 0.0139722 0.114894
1 0.299137 0.449799 0.0171654 0.0236496 0.0867273
1 0.192843 0.387265 0.0194493 0.0284534 0.0809186
4 0.240594 0.501759 0.017415 0.0494173 0.0766747
0 0.189309 0.486768 0.00962186 0.0169029 0.0666697
4 0.128709 0.489011 0.0117392 0.0115092 0.0651636
5 0.228946 0.502612 0.0144356 0.0361965 0.0556827
1 0.324126 0.430902 0.0121489 0.0204744 0.0555628
2 0.123552 0.271009 0.0159724 0.0153066 0.0536887
4 0.0356547 0.488808 0.012871 0.0139289 0.0507844
5 0.221444 0.499865 0.017347 0.0320611 0.0506023
4 0.216125 0.489534 0.0102385 0.0240768 0.0489973
0 0.187986 0.479311 0.0080647 0.0218569 0.0467411
8 0.10685 0.490296 0.0128432 0.0139722 0.0459992
8 0.201746 0.490864 0.0116083 0.0136797 0.0459271
4 0.0398242 0.486802 0.0166489 0.0132103 0.0433595
14 0.313258 0.508919 0.0192922 0.0488507 0.0432935
0 0.188818 0.475523 0.010798 0.0235908 0.042999
8 0.221444 0.499865 0.017347 0.0320611 0.041941
0 0.245704 0.507637 0.0227536 0.0531425 0.039346
2 0.111696 0.270034 0.0204979 0.0114461 0.0369598
14 0.10685 0.490296 0.0128432 0.0139722 0.0367243
14 0.333512 0.503247 0.0219224 0.035701 0.0351407
4 0.108055 0.486633 0.0122481 0.0180447 0.0341282
1 0.121454 0.268951 0.0141264 0.0149395 0.0336732
0 0.228946 0.502612 0.0144356 0.0361965 0.0326819
1 0.147213 0.453726 0.0129486 0.0430856 0.0319927
1 0.155503 0.318947 0.0126285 0.0231858 0.0319668
4 0.189309 0.486768 0.00962186 0.0169029 0.031705
0 0.318277 0.509701 0.0196435 0.0480521 0.0300645
4 0.154058 0.487001 0.012682 0.00889865 0.0292754
0 0.178524 0.47504 0.00692625 0.0231213 0.0284272
8 0.189309 0.486768 0.00962186 0.0169029 0.028142
0 0.183751 0.484641 0.00759816 0.0130122 0.0273961
8 0.228946 0.502612 0.0144356 0.0361965 0.0271402
14 0.128709 0.489011 0.0117392 0.0115092 0.0269579
0 0.201746 0.490864 0.0116083 0.0136797 0.026936
4 0.140411 0.487614 0.0176338 0.00951861 0.0265382
5 0.189309 0.486768 0.00962186 0.0169029 0.0263348
0 0.010808 0.493162 0.0169107 0.0214854 0.0259308
1 0.150372 0.449781 0.0122674 0.0356264 0.0254942
0 0.216125 0.489534 0.0102385 0.0240768 0.0246007
4 0.187986 0.479311 0.0080647 0.0218569 0.024351
0 0.221444 0.499865 0.017347 0.0320611 0.023288
2 0.0904561 0.268789 0.00903621 0.0121041 0.0216186
5 0.201746 0.490864 0.0116083 0.0136797 0.0215308
1 0.148448 0.416564 0.0140112 0.0451266 0.0215126
4 0.115427 0.489141 0.0188292 0.0126296 0.0187856
1 0.326063 0.435281 0.0105241 0.018958 0.0172013
0 0.313255 0.508888 0.0209472 0.0487613 0.0168912
4 0.0548376 0.486432 0.0148132 0.01238 0.0161919
12 0.14791 0.459418 0.0119792 0.0483268 0.0161078
2 0.119343 0.265861 0.0148171 0.0214018 0.0158879
4 0.160799 0.483333 0.00909131 0.0144207 0.0141657
4 0.313255 0.508888 0.0209472 0.0487613 0.0138293
7 0.192315 0.399957 0.018416 0.0230073 0.0137507
4 0.27507 0.527496 0.0454194 0.180291 0.0137385
0 0.240594 0.501759 0.017415 0.0494173 0.0137165
4 0.137565 0.484316 0.0123718 0.0146685 0.0135987
8 0.0356547 0.488808 0.012871 0.0139289 0.0130303
3 0.189309 0.486768 0.00962186 0.0169029 0.0129865
0 0.321855 0.504094 0.0151977 0.0417043 0.0126515
2 0.124422 0.27929 0.014269 0.0195409 0.0126115
12 0.150993 0.47519 0.0136166 0.0227127 0.0122545
1 0.187986 0.479311 0.0080647 0.0218569 0.0122103
6 0.187986 0.479311 0.0080647 0.0218569 0.0120813
4 0.171551 0.486056 0.00953864 0.00841488 0.0120277
5 0.187986 0.479311 0.0080647 0.0218569 0.0119814
1 0.287057 0.433004 0.0377983 0.0297051 0.0119031
0 0.315844 0.494097 0.0181555 0.0435878 0.011572
2 0.121752 0.276594 0.0148903 0.0248298 0.0113358
1 0.276623 0.450072 0.015691 0.0238663 0.0112331
4 0.0968725 0.489202 0.0266374 0.0139017 0.0104253
2 0.08379 0.270301 0.0109167 0.0108981 0.00999982
7 0.301551 0.42312 0.0161099 0.0259638 0.00978567
0 0.10685 0.490296 0.0128432 0.0139722 0.00955091
14 0.115427 0.489141 0.0188292 0.0126296 0.00949544
14 0.154058 0.487001 0.012682 0.00889865 0.00937056
8 0.313258 0.508919 0.0192922 0.0488507 0.00932829
4 0.183751 0.484641 0.00759816 0.0130122 0.00898403
8 0.108055 0.486633 0.0122481 0.0180447 0.00894608
0 0.290393 0.502472 0.0157422 0.0528111 0.00885547
2 0.155503 0.318947 0.0126285 0.0231858 0.00883422
7 0.324126 0.430902 0.0121489 0.0204744 0.00850039
7 0.155503 0.318947 0.0126285 0.0231858 0.00845097
8 0.183751 0.484641 0.00759816 0.0130122 0.00799239
8 0.211268 0.499031 0.011264 0.0246811 0.00793693
2 0.082386 0.28735 0.0104987 0.0130117 0.00766905
1 0.186997 0.391027 0.031374 0.0384873 0.00760181
1 0.305931 0.427718 0.025511 0.0306563 0.00749725
3 0.313258 0.508919 0.0192922 0.0488507 0.00737232
0 0.258846 0.509087 0.0178368 0.0600199 0.00726913
3 0.183751 0.484641 0.00759816 0.0130122 0.00718345
5 0.183751 0.484641 0.00759816 0.0130122 0.0070085
14 0.0830434 0.489017 0.00877242 0.0125717 0.00653027
5 0.00928218 0.494443 0.0168044 0.022487 0.00649558
8 0.318277 0.509701 0.0196435 0.0480521 0.00644396
2 0.0273684 0.267502 0.00973944 0.0134018 0.00611882
5 0.10685 0.490296 0.0128432 0.0139722 0.00591964
8 0.115427 0.489141 0.0188292 0.0126296 0.00581013
4 0.266294 0.491174 0.0345028 0.0563122 0.00576508
14 0.318277 0.509701 0.0196435 0.0480521 0.005503
4 0.271765 0.470022 0.0269231 0.0456748 0.00546159
4 0.094277 0.485951 0.020386 0.019413 0.00528435
8 0.187986 0.479311 0.0080647 0.0218569 0.00516651
4 0.211268 0.499031 0.011264 0.0246811 0.00513427
6 0.246572 0.506297 0.0246834 0.0549279 0.00511935
42 0.201746 0.490864 0.0116083 0.0136797 0.00508361
8 0.245704 0.507637 0.0227536 0.0531425 0.00505175
1 0.0911992 0.441123 0.0115125 0.0232577 0.00505136
7 0.297656 0.423448 0.0138284 0.0250887 0.005047
2 0.935497 0.330572 0.00970038 0.0235991 0.00489044
14 0.0968725 0.489202 0.0266374 0.0139017 0.00471858
14 0.140411 0.487614 0.0176338 0.00951861 0.00461235
15 0.187986 0.479311 0.0080647 0.0218569 0.00440823
7 0.148448 0.416564 0.0140112 0.0451266 0.00432
0 0.160799 0.483333 0.00909131 0.0144207 0.00431007
7 0.0911992 0.441123 0.0115125 0.0232577 0.00421565
4 0.258846 0.509087 0.0178368 0.0600199 0.0041272
2 0.0724444 0.285727 0.0097527 0.0131825 0.00411828
9 0.290325 0.556188 0.0153823 0.0895194 0.00408552
4 0.321855 0.504094 0.0151977 0.0417043 0.00401193
8 0.128709 0.489011 0.0117392 0.0115092 0.00394665
0 0.108055 0.486633 0.0122481 0.0180447 0.00393794
5 0.188818 0.475523 0.010798 0.0235908 0.00392951
3 0.309 0.520975 0.0149778 0.0290502 0.00380763
0 0.271765 0.470022 0.0269231 0.0456748 0.00378966
0 0.0356547 0.488808 0.012871 0.0139289 0.00372189
14 0.187986 0.479311 0.0080647 0.0218569 0.00369535
2 0.0178291 0.266604 0.0143655 0.0167453 0.00366592
0 0.168209 0.476487 0.00740266 0.023669 0.00351256
1 0.299193 0.416846 0.0172879 0.0350977 0.00349405
8 0.216125 0.489534 0.0102385 0.0240768 0.00343894
2 0.0456037 0.314354 0.0123883 0.017128 0.00334946
3 0.128709 0.489011 0.0117392 0.0115092 0.00324187
2 0.539977 0.342628 0.00878394 0.0202483 0.00322767
8 0.0395222 0.486217 0.0169868 0.017899 0.00318276
4 0.243759 0.478959 0.0157536 0.0258077 0.00314216
3 0.221444 0.499865 0.017347 0.0320611 0.00310926
8 0.233635 0.512805 0.0141749 0.042629 0.00310658
2 0.00928218 0.494443 0.0168044 0.022487 0.00307502
2 0.0939042 0.28279 0.00798361 0.0150246 0.00301316
1 0.150616 0.41224 0.0119375 0.0398889 0.00298799
3 0.10685 0.490296 0.0128432 0.0139722 0.00296474
0 0.246755 0.529992 0.0224977 0.0801766 0.00294156
8 0.246755 0.529992 0.0224977 0.0801766 0.00289652
7 0.326063 0.435281 0.0105241 0.018958 0.00287771
4 0.00440755 0.494724 0.0088151 0.0203429 0.0028568
3 0.201746 0.490864 0.0116083 0.0136797 0.00285326
5 0.321855 0.504094 0.0151977 0.0417043 0.00284091
2 0.0385326 0.266214 0.0117602 0.0103661 0.00279143
3 0.00928218 0.494443 0.0168044 0.022487 0.00273519
4 0.220595 0.505743 0.0181022 0.037351 0.00271198
14 0.248601 0.50416 0.0273296 0.0549562 0.0026751
1 0.0710492 0.405225 0.0380915 0.0936448 0.00262918
3 0.154058 0.487001 0.012682 0.00889865 0.00261459
1 0.177403 0.402205 0.0466956 0.034734 0.00253607
2 0.141515 0.240668 0.01053 0.0231154 0.00253036
14 0.309 0.520975 0.0149778 0.0290502 0.00249666
8 0.309 0.520975 0.0149778 0.0290502 0.00246165
42 0.243759 0.478959 0.0157536 0.0258077 0.00242806
14 0.14791 0.459418 0.0119792 0.0483268 0.0024208
1 0.195384 0.396655 0.0226234 0.0272664 0.00238992
8 0.321855 0.504094 0.0151977 0.0417043 0.00237561
2 0.570092 0.324897 0.00961438 0.0174109 0.00236935
13 0.276623 0.450072 0.015691 0.0238663 0.00234843
2 0.540349 0.347173 0.00882196 0.0187611 0.00227619
25 0.188818 0.475523 0.010798 0.0235908 0.00225784
14 0.171551 0.486056 0.00953864 0.00841488 0.00225342
4 0.296933 0.460036 0.0167045 0.0340476 0.00223529
3 0.171551 0.486056 0.00953864 0.00841488 0.00222689
4 0.116634 0.470056 0.0141856 0.0334901 0.00222057
0 0.70914 0.344546 0.581721 0.689092 0.00220054
2 0.11888 0.291581 0.0143898 0.0292731 0.00212345
4 0.108586 0.477623 0.0161001 0.0328244 0.00211046
4 0.281239 0.481028 0.028096 0.0762392 0.00208969
8 0.171551 0.486056 0.00953864 0.00841488 0.00205858
8 0.160799 0.483333 0.00909131 0.0144207 0.00200856
1 0.168209 0.476487 0.00740266 0.023669 0.00199553
0 0.199636 0.481053 0.0150388 0.0312 0.00198284
32 0.140411 0.487614 0.0176338 0.00951861 0.00197154
32 0.128709 0.489011 0.0117392 0.0115092 0.00196434
42 0.266294 0.491174 0.0345028 0.0563122 0.00195582
1 0.00540856 0.38536 0.00929894 0.0306354 0.00191356
3 0.211268 0.499031 0.011264 0.0246811 0.00190596
2 0.709164 0.188237 0.0166729 0.024196 0.00189891
5 0.313255 0.508888 0.0209472 0.0487613 0.00188607
7 0.147213 0.453726 0.0129486 0.0430856 0.00186563
8 0.010046 0.506496 0.0189111 0.0454251 0.00184203
4 0.290393 0.502472 0.0157422 0.0528111 0.00183649
2 0.106741 0.279062 0.0157188 0.0206156 0.00183179
1 0.197324 0.464964 0.0111311 0.0280897 0.00181312
2 0.0712187 0.243738 0.00807279 0.0239346 0.00180762
0 0.220503 0.479582 0.0124598 0.0266598 0.00180325
3 0.140411 0.487614 0.0176338 0.00951861 0.00180262
1 0.144352 0.446138 0.0173692 0.060553 0.00178066
1 0.136489 0.455471 0.0140175 0.0452779 0.00176098
32 0.329974 0.528636 0.0283357 0.0359138 0.00172616
1 0.0233559 0.391986 0.0116244 0.0281474 0.00171926
4 0.234195 0.47776 0.014495 0.0230929 0.0017149
4 0.0447732 0.478831 0.0271233 0.0268247 0.00169801
7 0.299137 0.449799 0.0171654 0.0236496 0.00168554
6 0.230384 0.500444 0.0176063 0.0376734 0.00168052
0 0.115427 0.489141 0.0188292 0.0126296 0.0016773
0 0.00888698 0.48058 0.0150635 0.0319153 0.00165161
7 0.276623 0.450072 0.015691 0.0238663 0.0016485
12 0.187986 0.479311 0.0080647 0.0218569 0.00162864
3 0.318277 0.509701 0.0196435 0.0480521 0.00161375
14 0.189309 0.486768 0.00962186 0.0169029 0.0016109
14 0.108055 0.486633 0.0122481 0.0180447 0.00158822
2 0.81776 0.318846 0.0111504 0.0205608 0.00158668
2 0.071665 0.26339 0.00843718 0.0282947 0.00157956
7 0.192843 0.387265 0.0194493 0.0284534 0.00157254
14 0.0730689 0.488426 0.0111589 0.014047 0.00157041
14 0.183751 0.484641 0.00759816 0.0130122 0.00154868
14 0.221444 0.499865 0.017347 0.0320611 0.00154662
4 0.0830434 0.489017 0.00877242 0.0125717 0.00154207
18 0.313258 0.508919 0.0192922 0.0488507 0.00154002
0 0.211268 0.499031 0.011264 0.0246811 0.0015332
7 0.178524 0.47504 0.00692625 0.0231213 0.00152586
2 0.818841 0.329492 0.0120588 0.0217472 0.00152354
0 0.128709 0.489011 0.0117392 0.0115092 0.00152067
1 0.188818 0.475523 0.010798 0.0235908 0.00151464
8 0.0968725 0.489202 0.0266374 0.0139017 0.00150367
0 0.171551 0.486056 0.00953864 0.00841488 0.00149106
42 0.296933 0.460036 0.0167045 0.0340476 0.00148357
12 0.168209 0.476487 0.00740266 0.023669 0.00148356
5 0.216125 0.489534 0.0102385 0.0240768 0.00146874
5 0.329974 0.528636 0.0283357 0.0359138 0.00146749
14 0.201746 0.490864 0.0116083 0.0136797 0.00146463
14 0.228946 0.502612 0.0144356 0.0361965 0.00145293
11 0.290393 0.502472 0.0157422 0.0528111 0.00144521
3 0.115427 0.489141 0.0188292 0.0126296 0.00144492
6 0.219357 0.496113 0.0141521 0.0279709 0.00144143
5 0.178524 0.47504 0.00692625 0.0231213 0.00142505
14 0.160799 0.483333 0.00909131 0.0144207 0.00141588
1 0.108481 0.428019 0.00852441 0.0155908 0.00141137
15 0.188818 0.475523 0.010798 0.0235908 0.00140535
5 0.246755 0.529992 0.0224977 0.0801766 0.0014049
1 0.294499 0.455222 0.0206116 0.0312617 0.00139707
25 0.178524 0.47504 0.00692625 0.0231213 0.00139247
42 0.302842 0.456229 0.0281502 0.0248423 0.00137929
42 0.188818 0.475523 0.010798 0.0235908 0.00136907
4 0.010046 0.506496 0.0189111 0.0454251 0.00135978
32 0.154058 0.487001 0.012682 0.00889865 0.00134841
3 0.321855 0.504094 0.0151977 0.0417043 0.00134251
0 0.274867 0.494845 0.0441647 0.0743851 0.00133718
1 0.114698 0.429443 0.0127348 0.0180233 0.00133137
0 0.243759 0.478959 0.0157536 0.0258077 0.00132359
7 0.121454 0.268951 0.0141264 0.0149395 0.00130181
2 0.570266 0.320397 0.0116656 0.0202089 0.00129774
8 0.154058 0.487001 0.012682 0.00889865 0.00129144
1 0.293559 0.432339 0.0225261 0.0321785 0.00129115
4 0.136215 0.475979 0.0153404 0.0273876 0.00128763
7 0.187986 0.479311 0.0080647 0.0218569 0.00127602
0 0.0548376 0.486432 0.0148132 0.01238 0.00126122
3 0.0356547 0.488808 0.012871 0.0139289 0.00124882
8 0.00440755 0.494724 0.0088151 0.0203429 0.00124642
7 0.150372 0.449781 0.0122674 0.0356264 0.0012443
7 0.108481 0.428019 0.00852441 0.0155908 0.00123263
17 0.275091 0.453505 0.0190167 0.0270438 0.00122663
2 0.966625 0.312933 0.00945587 0.0170646 0.0012234
1 0.347013 0.429584 0.0102084 0.0345879 0.00121985
0 0.518473 0.355015 0.73821 0.710029 0.00121871
6 0.14791 0.459418 0.0119792 0.0483268 0.00121418
4 0.00888698 0.48058 0.0150635 0.0319153 0.00119658
15 0.178524 0.47504 0.00692625 0.0231213 0.00119576
2 0.0875157 0.263171 0.0115832 0.0206305 0.00119234
14 0.0356547 0.488808 0.012871 0.0139289 0.00118494
12 0.188818 0.475523 0.010798 0.0235908 0.0011801
5 0.0356547 0.488808 0.012871 0.0139289 0.00117725
14 0.0548376 0.486432 0.0148132 0.01238 0.00115125
5 0.211268 0.499031 0.011264 0.0246811 0.00115024
2 0.743799 0.193053 0.01539 0.021751 0.00114036
1 0.197274 0.384955 0.0188929 0.0196435 0.00113165
0 0.0398242 0.486802 0.0166489 0.0132103 0.00112786
1 0.178524 0.47504 0.00692625 0.0231213 0.00112223
17 0.281239 0.481028 0.028096 0.0762392 0.00109521
11 0.281239 0.481028 0.028096 0.0762392 0.00107186
7 0.168209 0.476487 0.00740266 0.023669 0.00106751
8 0.285169 0.559067 0.0236682 0.10107 0.00106467
0 0.275091 0.453505 0.0190167 0.0270438 0.001063
