10 0.461471 0.570599 0.0722155 0.137883 0.487916
30 0.739085 0.31668 0.242008 0.268962 0.448579
56 0.100553 0.851855 0.073923 0.160772 0.162991
10 0.100501 0.852534 0.0731592 0.161314 0.132079
23 0.46135 0.570476 0.0732666 0.138805 0.0130154
49 0.378319 0.172858 0.0681969 0.160099 0.0118033
35 0.738681 0.317183 0.241831 0.270073 0.0109881
19 0.430899 0.548884 0.847028 0.902231 0.00912613
14 0.460957 0.570888 0.0716594 0.138984 0.00404165
10 0.378255 0.172454 0.067469 0.160475 0.00344907
19 0.274911 0.610076 0.541102 0.779848 0.00300405
49 0.738681 0.317183 0.241831 0.270073 0.00264098
49 0.100501 0.852534 0.0731592 0.161314 0.00220944
30 0.378319 0.172858 0.0681969 0.160099 0.00132135
55 0.378319 0.172858 0.0681969 0.160099 0.00103383
