4 0.702295 0.766044 0.32461 0.319149 0.959445
1 0.751902 0.572691 0.0960168 0.0945091 0.91875
4 0.306866 0.646864 0.0524193 0.0686784 0.9166
4 0.423385 0.657746 0.0598887 0.0639883 0.867401
4 0.378633 0.637173 0.0274893 0.0444279 0.82382
4 0.342672 0.644953 0.0198263 0.0223969 0.729013
6 0.166429 0.597737 0.0356616 0.0159774 0.236451
15 0.166478 0.598149 0.0350899 0.0150741 0.226934
6 0.176544 0.616767 0.0580465 0.052053 0.132263
6 0.17362 0.602231 0.0515633 0.0243755 0.073678
4 0.332496 0.641111 0.00883829 0.0286842 0.0735404
1 0.166467 0.597641 0.035547 0.0141862 0.0514382
4 0.166467 0.597641 0.035547 0.0141862 0.0447356
4 0.341336 0.638132 0.0219871 0.0337123 0.0349078
4 0.333795 0.63432 0.0142079 0.0355575 0.0181121
4 0.356056 0.641493 0.00870657 0.0232822 0.0167667
4 0.395408 0.645676 0.0110607 0.0320139 0.0125157
15 0.17362 0.602231 0.0515633 0.0243755 0.0124734
1 0.421526 0.617135 0.0115523 0.0157152 0.0122518
6 0.378805 0.637583 0.0276457 0.0445044 0.00994693
15 0.378506 0.637833 0.0277995 0.044628 0.00949016
5 0.166463 0.597445 0.0344737 0.015216 0.00789447
1 0.0316864 0.553328 0.0256191 0.0648989 0.00744178
4 0.285501 0.63827 0.0108066 0.026115 0.00572025
6 0.157005 0.600297 0.0621486 0.0196551 0.00506738
2 0.181002 0.654193 0.0104565 0.0209395 0.00456661
1 0.0392936 0.569044 0.038356 0.0328094 0.0042906
4 0.35565 0.650579 0.00805853 0.0219678 0.00411826
1 0.421107 0.611668 0.0120799 0.0181922 0.0040412
4 0.358718 0.630014 0.01 0.018167 0.00400454
4 0.321775 0.647324 0.0236266 0.0617662 0.00368073
1 0.0225108 0.550233 0.0366361 0.0687094 0.00365764
15 0.342672 0.644953 0.0198263 0.0223969 0.00314169
6 0.342672 0.644953 0.0198263 0.0223969 0.0029755
1 0.181002 0.654193 0.0104565 0.0209395 0.00296559
1 0.179904 0.650967 0.00947643 0.0195726 0.00277383
12 0.166478 0.598149 0.0350899 0.0150741 0.00272457
4 0.421526 0.617135 0.0115523 0.0157152 0.00265373
1 0.425528 0.619513 0.0132843 0.012161 0.00259493
4 0.437051 0.648618 0.0317685 0.0450297 0.00252399
25 0.166478 0.598149 0.0350899 0.0150741 0.00233782
15 0.157005 0.600297 0.0621486 0.0196551 0.00217204
42 0.166463 0.597445 0.0344737 0.015216 0.00202337
4 0.379205 0.613423 0.0220096 0.0189821 0.00198128
4 0.407479 0.626492 0.0191933 0.0107896 0.00177009
15 0.176516 0.613165 0.0552959 0.0475585 0.0016479
4 0.17362 0.602231 0.0515633 0.0243755 0.00163724
0 0.179904 0.650967 0.00947643 0.0195726 0.00150611
6 0.333795 0.63432 0.0142079 0.0355575 0.00149629
6 0.345108 0.629094 0.0156771 0.0369963 0.00143989
4 0.345108 0.629094 0.0156771 0.0369963 0.00143362
4 0.425528 0.619513 0.0132843 0.012161 0.00137166
1 0.0119038 0.549576 0.0216952 0.0682961 0.00128183
1 0.342672 0.644953 0.0198263 0.0223969 0.00127517
6 0.179116 0.595553 0.0427669 0.022533 0.00121342
0 0.181002 0.654193 0.0104565 0.0209395 0.0011104
6 0.288349 0.623199 0.0879895 0.0538802 0.00110259
