4 0.770429 0.744634 0.456872 0.369412 0.952947
4 0.191952 0.583298 0.209736 0.113747 0.938274
8 0.355442 0.730112 0.145444 0.199118 0.917246
4 0.592823 0.524811 0.0876049 0.0622712 0.908711
0 0.357341 0.666518 0.0951775 0.237057 0.902682
4 0.651964 0.515798 0.056081 0.0518246 0.890814
4 0.879492 0.512433 0.0661993 0.0587984 0.880124
4 0.703243 0.508058 0.0504814 0.0446192 0.86763
4 0.766402 0.501582 0.0423881 0.0347079 0.835135
4 0.982632 0.484387 0.0290818 0.0270159 0.706647
8 0.961347 0.602962 0.073959 0.074091 0.60851
4 0.814161 0.493116 0.0264924 0.0330662 0.606008
4 0.795305 0.497703 0.0270881 0.031496 0.545324
4 0.954981 0.475846 0.0199444 0.0221537 0.476298
4 0.827101 0.493194 0.0207138 0.0289286 0.309199
4 0.993956 0.492608 0.0099903 0.036463 0.264835
1 0.98858 0.456624 0.0100568 0.0207443 0.264143
4 0.926661 0.472859 0.0112644 0.0135326 0.261478
4 0.852223 0.492137 0.0209852 0.0221192 0.253172
25 0.324703 0.498667 0.0467443 0.0321358 0.235855
4 0.974929 0.481564 0.0236336 0.0253176 0.232876
4 0.939406 0.470868 0.0126182 0.0159588 0.231811
4 0.903636 0.475667 0.0159769 0.00901077 0.224887
4 0.877942 0.4758 0.0113847 0.0127803 0.224271
4 0.915475 0.474807 0.0112242 0.0103909 0.22041
4 0.957716 0.47951 0.0236218 0.0236556 0.217977
4 0.0709094 0.533042 0.062352 0.0506766 0.203366
1 0.158639 0.475434 0.0517072 0.0239582 0.181586
4 0.88892 0.474842 0.0109628 0.0107007 0.178252
4 0.90645 0.479573 0.0224296 0.0156701 0.169137
7 0.612267 0.343917 0.0108393 0.0515713 0.168729
4 0.953817 0.471429 0.018515 0.0171965 0.167747
4 0.832032 0.490284 0.0164276 0.0267722 0.16478
4 0.904709 0.488777 0.0270446 0.0264484 0.154899
1 0.843259 0.459949 0.0107803 0.0154339 0.130383
4 0.744371 0.500829 0.0118185 0.0316578 0.120871
1 0.788155 0.45918 0.00962714 0.0176814 0.11705
4 0.668115 0.509891 0.0280067 0.040811 0.115892
4 0.0901739 0.530804 0.0576349 0.0460428 0.114094
4 0.78914 0.495501 0.0224492 0.0282975 0.112544
4 0.935716 0.474792 0.0162689 0.0163989 0.111074
1 0.785085 0.459453 0.00966254 0.0172723 0.109353
4 0.0797234 0.526882 0.0456993 0.0420858 0.101857
4 0.855876 0.485996 0.0160391 0.013521 0.100653
4 0.907862 0.48458 0.0280846 0.0226308 0.098758
4 0.328611 0.501474 0.0530126 0.0313761 0.0965488
4 0.0359431 0.535423 0.0679958 0.0445162 0.0962715
4 0.86343 0.47229 0.010509 0.0132494 0.0869813
4 0.859235 0.479405 0.0119304 0.0146155 0.082989
4 0.0251509 0.533469 0.0484445 0.0320667 0.0809428
4 0.82925 0.48041 0.0186983 0.0159612 0.079233
4 0.884134 0.482239 0.0193423 0.00752303 0.0789839
1 0.985337 0.460155 0.0123972 0.0213422 0.0769903
4 0.053319 0.536165 0.0989307 0.056354 0.0743759
4 0.37264 0.508582 0.0464915 0.0209849 0.0708359
4 0.394484 0.487516 0.0262107 0.0178387 0.0706066
8 0.961229 0.625427 0.074292 0.124368 0.0692077
1 0.170496 0.501228 0.0128771 0.0289888 0.0636416
1 0.694646 0.457164 0.00966754 0.0179659 0.0623637
0 0.55629 0.483673 0.0110833 0.0258855 0.0607768
13 0.97536 0.605572 0.031978 0.0543203 0.0590522
8 0.979351 0.589452 0.0383371 0.0868525 0.0582531
1 0.988643 0.45247 0.00869177 0.0179598 0.0560747
4 0.0522984 0.540575 0.0443894 0.0507846 0.0552617
4 0.756502 0.5014 0.0323192 0.0319344 0.0551721
4 0.103889 0.535913 0.0487196 0.0399485 0.0548442
4 0.619419 0.486042 0.0260637 0.0160657 0.0542524
4 0.44399 0.506263 0.0387515 0.0235451 0.0541582
4 0.446905 0.499733 0.0271775 0.0187713 0.0505894
0 0.993956 0.492608 0.0099903 0.036463 0.050493
4 0.110102 0.544676 0.0413264 0.0280027 0.0486258
8 0.990476 0.583214 0.0162362 0.0697449 0.0459127
4 0.431132 0.504931 0.0307087 0.0212391 0.0458989
1 0.845913 0.432091 0.00923785 0.027094 0.0448614
4 0.891357 0.509399 0.0408189 0.0515167 0.0437986
4 0.0303871 0.550696 0.0589082 0.0414103 0.043294
13 0.3452 0.567936 0.0288757 0.037878 0.0428879
4 0.420585 0.504666 0.0275177 0.0212196 0.0416654
13 0.408044 0.675553 0.0253669 0.0276245 0.0382783
4 0.394776 0.505247 0.0298282 0.0210778 0.0380695
4 0.0833075 0.520214 0.0443288 0.0274789 0.0379751
4 0.842726 0.477806 0.0099173 0.0132873 0.0359531
4 0.898757 0.470064 0.0122093 0.0147817 0.0353299
1 0.864952 0.463166 0.00793744 0.0188192 0.0350224
8 0.994376 0.497515 0.00992438 0.0328049 0.0347953
4 0.0292157 0.519357 0.0547912 0.0342287 0.0334464
4 0.813799 0.483745 0.0256909 0.0216207 0.0328996
22 0.518411 0.545283 0.0135798 0.0159007 0.0322864
13 0.415516 0.680386 0.0172477 0.0223876 0.0313052
1 0.250079 0.383294 0.012553 0.0345372 0.0300445
8 0.29741 0.544161 0.0225475 0.0430017 0.029595
4 0.380825 0.5109 0.0495206 0.0251055 0.0294119
4 0.689229 0.489228 0.0218378 0.0157642 0.0292049
4 0.736608 0.501233 0.0229158 0.0329393 0.0289179
4 0.433645 0.500997 0.0303482 0.0216738 0.0286813
8 0.725948 0.504048 0.013487 0.0318216 0.0284109
13 0.958574 0.605411 0.06607 0.0568682 0.0283546
4 0.666181 0.490094 0.0235215 0.0169297 0.0282022
0 0.559138 0.483681 0.00801672 0.0200296 0.0265348
1 0.780187 0.469949 0.0130113 0.025604 0.0263016
4 0.92595 0.482522 0.0135743 0.0190417 0.0255817
4 0.386233 0.489379 0.0422687 0.0234352 0.0244739
1 0.786007 0.454191 0.00593774 0.0191269 0.0236921
4 0.613963 0.486232 0.0160289 0.0122287 0.0234519
4 0.995122 0.472165 0.00975653 0.0220408 0.0233701
4 0.576821 0.496318 0.0247422 0.0141166 0.0232165
2 0.272214 0.362829 0.0108907 0.0157138 0.0227317
4 0.408827 0.504954 0.0342689 0.0221977 0.0215677
1 0.841399 0.44274 0.0116743 0.0287302 0.0200571
42 0.324703 0.498667 0.0467443 0.0321358 0.0196608
4 0.846082 0.498757 0.025926 0.0254391 0.0196471
4 0.610537 0.486179 0.0160181 0.0152403 0.0194216
4 0.827156 0.499831 0.0154317 0.0215984 0.0190597
13 0.306319 0.694962 0.0201572 0.0267422 0.0188467
0 0.613963 0.486232 0.0160289 0.0122287 0.0186237
1 0.55878 0.453552 0.0272411 0.0146389 0.0185704
8 0.270917 0.529917 0.0221855 0.0219231 0.01854
4 0.725948 0.504048 0.013487 0.0318216 0.0183463
4 0.115701 0.536679 0.0505779 0.0362343 0.0180876
4 0.938808 0.464379 0.0121083 0.020471 0.0180267
0 0.301171 0.538678 0.0302209 0.0541737 0.017825
1 0.35732 0.462325 0.00962634 0.017208 0.0175683
4 0.952909 0.465016 0.0162202 0.0220773 0.0175682
1 0.845367 0.424122 0.00829681 0.015106 0.0169323
0 0.842726 0.477806 0.0099173 0.0132873 0.0167082
4 0.932217 0.465515 0.00917157 0.0226536 0.0164004
1 0.696845 0.467459 0.0139667 0.0365458 0.0163691
4 0.266816 0.527741 0.0699595 0.0321477 0.0160823
4 0.393457 0.482815 0.028097 0.0178723 0.0160342
1 0.31419 0.461509 0.00970447 0.0246532 0.0159926
4 0.947557 0.481892 0.0110635 0.0202819 0.0159571
8 0.135551 0.544014 0.0342413 0.0209504 0.0150551
1 0.991522 0.444748 0.0085769 0.0189823 0.0149788
7 0.601181 0.411821 0.00902655 0.0119289 0.0148216
1 0.31897 0.477197 0.0136111 0.0150597 0.0146858
4 0.1864 0.53383 0.0470757 0.0154386 0.0144544
8 0.144463 0.545821 0.0206769 0.0245401 0.0143545
8 0.0193346 0.555767 0.0367971 0.0368858 0.0143394
8 0.110102 0.544676 0.0413264 0.0280027 0.0139409
1 0.770446 0.463566 0.00984656 0.0193253 0.0139154
1 0.870008 0.432942 0.00693543 0.0155388 0.0139136
7 0.613229 0.410713 0.00670447 0.0108104 0.0138232
1 0.30964 0.477326 0.00889471 0.017892 0.0136584
8 0.991424 0.559935 0.014196 0.0212144 0.0135475
8 0.301171 0.538678 0.0302209 0.0541737 0.0134796
7 0.845367 0.424122 0.00829681 0.015106 0.01338
4 0.378849 0.49465 0.04928 0.0269467 0.0131683
4 0.592364 0.490343 0.0363933 0.0150826 0.0130942
4 0.58687 0.486003 0.0245577 0.0171575 0.01309
1 0.310317 0.460059 0.00912347 0.0234234 0.012824
3 0.994376 0.497515 0.00992438 0.0328049 0.0127337
4 0.131833 0.535069 0.0409923 0.026044 0.0126536
7 0.532101 0.439686 0.0152831 0.0354911 0.0125346
4 0.625665 0.491289 0.0232819 0.00847949 0.0122378
4 0.618511 0.481584 0.0179007 0.018169 0.0121598
8 0.3087 0.543737 0.0399794 0.0545269 0.0121488
4 0.71321 0.479588 0.0410533 0.0321691 0.012106
4 0.739207 0.491092 0.0164269 0.0233563 0.0114087
4 0.385972 0.519271 0.0627249 0.0369494 0.0113539
4 0.135551 0.544014 0.0342413 0.0209504 0.0113107
7 0.786007 0.454191 0.00593774 0.0191269 0.0112982
4 0.107512 0.514998 0.0228409 0.0125694 0.0112698
7 0.706195 0.42336 0.00733191 0.0302509 0.0112274
1 0.85028 0.461476 0.0109883 0.0177717 0.0111721
1 0.449686 0.460053 0.018319 0.0238304 0.0109944
1 0.613963 0.486232 0.0160289 0.0122287 0.0109386
4 0.414683 0.510129 0.0306444 0.0270283 0.0108913
7 0.531438 0.444876 0.009828 0.0332175 0.0106493
14 0.957029 0.608059 0.0690761 0.0600781 0.0105567
1 0.88694 0.446996 0.00696625 0.00962396 0.0104494
0 0.635968 0.486199 0.0115096 0.0146676 0.0104451
4 0.00482948 0.509659 0.00912528 0.0301035 0.0104328
4 0.452418 0.510337 0.0321908 0.0282789 0.0101726
7 0.613518 0.410625 0.0093772 0.0156468 0.0101137
13 0.319696 0.728154 0.0176281 0.0300326 0.00970767
4 0.320578 0.512351 0.0448571 0.0319257 0.009487
7 0.709392 0.44423 0.00779913 0.0143897 0.00944292
7 0.660376 0.449826 0.00672504 0.0127916 0.00938297
13 0.309681 0.723729 0.023625 0.0426351 0.00918939
7 0.870008 0.432942 0.00693543 0.0155388 0.00917104
1 0.857378 0.435496 0.00804034 0.0245927 0.00916428
4 0.203741 0.510002 0.0202056 0.0142618 0.0091432
7 0.706482 0.436707 0.00640955 0.013324 0.00912459
0 0.939406 0.470868 0.0126182 0.0159588 0.00902561
1 0.706482 0.436707 0.00640955 0.013324 0.00896478
4 0.268149 0.528147 0.0393212 0.0244943 0.00889739
4 0.114697 0.514332 0.0132416 0.0117281 0.00884234
7 0.784858 0.331712 0.0112433 0.0500918 0.00868925
0 0.725948 0.504048 0.013487 0.0318216 0.00863842
4 0.270917 0.529917 0.0221855 0.0219231 0.00861072
4 0.290903 0.537742 0.0328631 0.039875 0.00851361
8 0.613963 0.486232 0.0160289 0.0122287 0.00849233
8 0.97536 0.605572 0.031978 0.0543203 0.00838222
1 0.635968 0.486199 0.0115096 0.0146676 0.0082982
8 0.0342404 0.551429 0.0643621 0.0408505 0.0082935
7 0.633202 0.456164 0.0107996 0.0227838 0.00826078
4 0.623544 0.504887 0.0277947 0.0283498 0.00821572
4 0.0102244 0.55316 0.0200074 0.0362876 0.00821183
1 0.434917 0.453321 0.0102536 0.0192834 0.00819707
8 0.278874 0.528196 0.020716 0.0212742 0.00817951
0 0.382613 0.699711 0.0463625 0.149158 0.00811376
4 0.0193346 0.555767 0.0367971 0.0368858 0.00807069
0 0.195983 0.506041 0.0144846 0.011902 0.0080303
13 0.405289 0.670678 0.021185 0.0322109 0.00800917
0 0.88892 0.474842 0.0109628 0.0107007 0.00798897
1 0.799326 0.463035 0.0137549 0.0208238 0.00795219
0 0.832032 0.490284 0.0164276 0.0267722 0.00781676
4 0.970803 0.463494 0.0146407 0.0195694 0.00776294
22 0.469693 0.554007 0.0168356 0.0159249 0.00768764
5 0.994376 0.497515 0.00992438 0.0328049 0.00766346
4 0.0598953 0.522747 0.0328197 0.0315327 0.00759651
4 0.960516 0.606891 0.0751917 0.0767545 0.0075937
8 0.827156 0.499831 0.0154317 0.0215984 0.00758867
4 0.195983 0.506041 0.0144846 0.011902 0.00743043
4 0.542829 0.494359 0.019159 0.013445 0.00741686
10 0.38362 0.622536 0.0128697 0.0279495 0.00733944
7 0.893969 0.423581 0.00546576 0.0189198 0.0073286
7 0.643237 0.456785 0.00538727 0.0244619 0.00728438
4 0.296975 0.541641 0.0285143 0.0400305 0.00724345
7 0.659651 0.437449 0.00903211 0.00910797 0.00719207
4 0.25996 0.523029 0.0713952 0.0214236 0.00717865
1 0.329266 0.476635 0.00937506 0.0148877 0.00707369
1 0.848599 0.467045 0.0107115 0.0136984 0.00704426
4 0.754558 0.478106 0.0139105 0.015652 0.00689887
4 0.610915 0.481455 0.0178097 0.0181736 0.0068664
4 0.877303 0.464278 0.00808545 0.0210029 0.00686283
1 0.559138 0.483681 0.00801672 0.0200296 0.00686069
4 0.74122 0.475616 0.0145049 0.0178611 0.00684488
7 0.665567 0.451794 0.0101479 0.0113054 0.00682044
1 0.156811 0.502598 0.0206279 0.0316925 0.00674662
7 0.694646 0.457164 0.00966754 0.0179659 0.00670718
4 0.171117 0.530112 0.0165053 0.022589 0.00668642
1 0.766388 0.47193 0.0107114 0.0189029 0.0065639
7 0.597787 0.411409 0.0106807 0.0152617 0.00654712
6 0.71321 0.479588 0.0410533 0.0321691 0.00636655
3 0.542829 0.494359 0.019159 0.013445 0.00635897
7 0.856865 0.376068 0.00843549 0.0270753 0.00634655
8 0.744371 0.500829 0.0118185 0.0316578 0.00626715
0 0.983136 0.485651 0.0290494 0.0283341 0.00625391
4 0.144463 0.545821 0.0206769 0.0245401 0.00621914
1 0.386881 0.476041 0.0138897 0.0173371 0.00619574
4 0.530232 0.490888 0.0218448 0.0131346 0.00618425
0 0.847991 0.492031 0.024496 0.0232879 0.00616523
8 0.290903 0.537742 0.0328631 0.039875 0.00612813
7 0.654783 0.452107 0.0116591 0.0151614 0.00604755
1 0.557132 0.480826 0.0117097 0.0279315 0.00603775
1 0.385863 0.466376 0.012853 0.0301016 0.00600247
7 0.906977 0.416815 0.0071507 0.0145712 0.00597078
2 0.275329 0.361608 0.0113015 0.0161173 0.00592467
7 0.704416 0.401094 0.00772321 0.0173713 0.0058582
8 0.049905 0.550721 0.0397632 0.0375066 0.00582907
0 0.514892 0.491698 0.00957474 0.0142207 0.00578865
1 0.943693 0.428253 0.0113248 0.0186582 0.00578697
0 0.859235 0.479405 0.0119304 0.0146155 0.00578683
4 0.398132 0.47739 0.0198819 0.0274476 0.00573023
8 0.0102244 0.55316 0.0200074 0.0362876 0.00570967
4 0.142478 0.535173 0.0240864 0.0220891 0.00563124
4 0.462171 0.509753 0.0303244 0.0286787 0.00559479
4 0.278874 0.528196 0.020716 0.0212742 0.00551699
8 0.947557 0.481892 0.0110635 0.0202819 0.00547855
1 0.272214 0.362829 0.0108907 0.0157138 0.00547788
1 0.430162 0.480784 0.0181821 0.0232165 0.0054759
4 0.208387 0.530835 0.0778903 0.0229304 0.0054049
1 0.174575 0.500248 0.01778 0.0268744 0.00538613
4 0.766388 0.47193 0.0107114 0.0189029 0.00535495
4 0.91671 0.465518 0.00952728 0.0237864 0.00532633
6 0.86343 0.47229 0.010509 0.0132494 0.00531205
4 0.864952 0.463166 0.00793744 0.0188192 0.00521382
1 0.970803 0.463494 0.0146407 0.0195694 0.00519103
15 0.71321 0.479588 0.0410533 0.0321691 0.00515544
0 0.915475 0.474807 0.0112242 0.0103909 0.00510463
4 0.316605 0.504937 0.0361513 0.0363106 0.00509099
4 0.79367 0.47974 0.020356 0.0163897 0.00508898
0 0.86343 0.47229 0.010509 0.0132494 0.00507392
0 0.296078 0.538325 0.0271948 0.0437728 0.00507129
0 0.508589 0.493919 0.0139405 0.0120113 0.00506475
7 0.664867 0.435561 0.00704791 0.0106318 0.00506316
0 0.169783 0.50342 0.0104661 0.0230164 0.0050628
3 0.991424 0.559935 0.014196 0.0212144 0.00502742
7 0.784988 0.346709 0.0115543 0.0218858 0.00501887
4 0.26849 0.520631 0.0332995 0.0226695 0.00501478
0 0.270917 0.529917 0.0221855 0.0219231 0.0049905
10 0.393128 0.62016 0.0160993 0.0379807 0.00498531
4 0.566126 0.493656 0.0151028 0.013315 0.00491384
12 0.328217 0.497176 0.0521964 0.0336409 0.00490535
7 0.864952 0.463166 0.00793744 0.0188192 0.00490206
7 0.646811 0.418582 0.00802496 0.0171995 0.00481123
8 0.293758 0.550696 0.0181478 0.0387119 0.00480408
1 0.324703 0.498667 0.0467443 0.0321358 0.00479711
14 0.29741 0.544161 0.0225475 0.0430017 0.00479129
2 0.906702 0.4027 0.00642358 0.0142504 0.00477376
4 0.133586 0.51491 0.0166596 0.0123358 0.00476483
4 0.635968 0.486199 0.0115096 0.0146676 0.00474642
7 0.785085 0.459453 0.00966254 0.0172723 0.00469897
4 0.904502 0.464859 0.0104524 0.0233771 0.00466901
1 0.833551 0.43205 0.0209078 0.0312237 0.00465037
1 0.398132 0.47739 0.0198819 0.0274476 0.00464223
0 0.82925 0.48041 0.0186983 0.0159612 0.00460952
8 0.11852 0.552629 0.0492652 0.0355258 0.0045949
7 0.433395 0.444565 0.00808951 0.0184306 0.00458699
