4 0.63631 0.873647 0.07913 0.0830004 0.89741
4 0.555609 0.748436 0.0644463 0.0738953 0.867304
4 0.400015 0.566688 0.042298 0.0319713 0.859412
4 0.567686 0.534033 0.0465671 0.0234878 0.832658
4 0.947955 0.552506 0.0573848 0.0366293 0.830613
4 0.763604 0.559888 0.0645021 0.0360904 0.800762
4 0.548056 0.560346 0.0530428 0.0251181 0.791196
7 0.188746 0.616466 0.0135019 0.0458474 0.782562
4 0.252468 0.502634 0.0151204 0.02214 0.77727
7 0.223024 0.60872 0.0119437 0.0450442 0.761758
4 0.303144 0.550676 0.0481971 0.0259075 0.749635
4 0.353037 0.474614 0.0187407 0.0156602 0.74885
4 0.066266 0.604978 0.0630594 0.0344631 0.732707
1 0.200863 0.42045 0.0295284 0.0322988 0.726851
4 0.240331 0.4372 0.011941 0.0115471 0.692714
7 0.0932802 0.662051 0.0100491 0.0306471 0.685768
4 0.659281 0.560435 0.0613726 0.0378964 0.670433
4 0.200234 0.508702 0.0127459 0.0171176 0.641746
4 0.663706 0.55283 0.058262 0.0319008 0.552483
4 0.602258 0.47684 0.0188871 0.0185138 0.519077
7 0.626601 0.63279 0.00945239 0.024984 0.408695
4 0.274085 0.509571 0.0139193 0.0161943 0.39811
4 0.284036 0.422944 0.00791077 0.0129121 0.393464
4 0.659393 0.478015 0.0202433 0.010904 0.35614
7 0.367887 0.432847 0.00573938 0.0130778 0.27797
7 0.705836 0.506489 0.00869788 0.024216 0.266093
4 0.617113 0.479168 0.0167287 0.0147473 0.262071
4 0.556402 0.545196 0.0357914 0.0248988 0.251355
7 0.355954 0.434739 0.00584116 0.0157607 0.246266
0 0.705836 0.506489 0.00869788 0.024216 0.234891
5 0.506077 0.565841 0.0257549 0.0294197 0.222038
4 0.631473 0.47594 0.0159349 0.0115381 0.220841
0 0.564237 0.48433 0.0082384 0.0152076 0.200343
4 0.508213 0.505645 0.0232234 0.0148149 0.184073
6 0.226453 0.498939 0.0160986 0.0308532 0.160942
8 0.134073 0.52648 0.0154742 0.0160554 0.160755
4 0.507631 0.56568 0.0296482 0.0295543 0.151244
4 0.632229 0.483493 0.0116571 0.0175066 0.147842
7 0.394575 0.478257 0.00644046 0.0130677 0.141418
4 0.0840675 0.604746 0.029006 0.0301109 0.139283
4 0.2258 0.501889 0.0168334 0.0300868 0.132364
4 0.658387 0.482767 0.0201544 0.0181482 0.130661
4 0.683606 0.478321 0.013075 0.0122153 0.12467
4 0.606141 0.479811 0.0211452 0.0179429 0.121677
0 0.165314 0.505287 0.00689778 0.015304 0.12141
4 0.288755 0.553374 0.0183864 0.0197432 0.118633
4 0.686623 0.481221 0.00950482 0.014417 0.117413
8 0.506077 0.565841 0.0257549 0.0294197 0.116066
4 0.198382 0.500597 0.0127453 0.0222253 0.115017
4 0.620841 0.482752 0.0199518 0.0181729 0.114525
0 0.70528 0.500831 0.0102357 0.0221656 0.114116
8 0.705836 0.506489 0.00869788 0.024216 0.104809
4 0.28367 0.427027 0.00717053 0.0171731 0.104464
0 0.707503 0.510173 0.0095014 0.0228417 0.102505
4 0.257018 0.469835 0.00692206 0.0103714 0.0983014
7 0.384744 0.443258 0.00618442 0.017164 0.096775
7 0.133108 0.526528 0.0141701 0.0178726 0.0936056
1 0.105401 0.505554 0.0210673 0.0172773 0.0933228
0 0.564907 0.481193 0.00725928 0.0169965 0.0930222
4 0.287462 0.422082 0.0122067 0.0119465 0.091299
0 0.134073 0.52648 0.0154742 0.0160554 0.0894133
4 0.207297 0.478258 0.00991542 0.0140359 0.0836842
1 0.383306 0.447004 0.00653403 0.0156343 0.0819087
4 0.684519 0.482942 0.0107836 0.0178023 0.0805542
0 0.626502 0.63198 0.00917352 0.0260979 0.0760872
7 0.262763 0.366803 0.00527237 0.00981693 0.0755876
8 0.165314 0.505287 0.00689778 0.015304 0.0754461
7 0.0886204 0.661574 0.0183012 0.0333306 0.0739378
7 0.723272 0.578891 0.0188938 0.043216 0.0719835
7 0.382929 0.441184 0.0064017 0.0117351 0.0711664
8 0.564237 0.48433 0.0082384 0.0152076 0.0697668
7 0.70528 0.500831 0.0102357 0.0221656 0.0668531
4 0.704708 0.478329 0.0144078 0.0145174 0.0660031
7 0.264814 0.366181 0.00759705 0.0113652 0.0598945
5 0.133108 0.526528 0.0141701 0.0178726 0.059088
4 0.688115 0.479048 0.0111989 0.0136497 0.0589075
7 0.165314 0.505287 0.00689778 0.015304 0.0570274
0 0.303275 0.514055 0.00686072 0.0162329 0.0569724
7 0.39479 0.483141 0.00659128 0.0179693 0.056749
7 0.536453 0.45189 0.00527148 0.0299114 0.055945
4 0.921405 0.437872 0.0207317 0.0220294 0.0551482
2 0.676093 0.654345 0.0118351 0.0204734 0.0529347
1 0.395877 0.451517 0.0063981 0.0102066 0.0528776
7 0.395877 0.451517 0.0063981 0.0102066 0.0528146
8 0.288755 0.553374 0.0183864 0.0197432 0.0520023
7 0.726097 0.567701 0.0246182 0.0352375 0.0519587
15 0.226453 0.498939 0.0160986 0.0308532 0.0468475
1 0.262763 0.366803 0.00527237 0.00981693 0.0464299
1 0.814504 0.753372 0.0352301 0.0264232 0.0454673
4 0.270763 0.50195 0.00972614 0.0220501 0.0432252
4 0.245856 0.472848 0.00938135 0.0112235 0.0413471
4 0.696159 0.486052 0.00956903 0.0122631 0.0402447
7 0.774927 0.658519 0.0183395 0.0414277 0.0400342
1 0.786785 0.635868 0.0143102 0.0723424 0.0395549
7 0.799629 0.655803 0.0163453 0.0327722 0.0390514
2 0.626601 0.63279 0.00945239 0.024984 0.038901
0 0.506077 0.565841 0.0257549 0.0294197 0.0381033
1 0.382929 0.441184 0.0064017 0.0117351 0.0379474
1 0.240469 0.438154 0.0102121 0.0141925 0.0377705
1 0.394575 0.478257 0.00644046 0.0130677 0.0377688
4 0.443479 0.46851 0.00842093 0.0121202 0.0370982
4 0.729026 0.566853 0.0286793 0.0366881 0.0362729
4 0.638917 0.476891 0.0153376 0.0100833 0.0362667
0 0.169386 0.498532 0.00766591 0.0226542 0.0357963
7 0.0921471 0.490316 0.00463937 0.0139833 0.0352224
1 0.921405 0.437872 0.0207317 0.0220294 0.0351798
1 0.563569 0.483483 0.00633771 0.0146873 0.0342306
7 0.105401 0.505554 0.0210673 0.0172773 0.0339316
4 0.18924 0.47445 0.00937058 0.0110498 0.0339316
4 0.221941 0.479053 0.0100076 0.0138972 0.0338074
4 0.514122 0.558509 0.0393539 0.0271269 0.0336946
4 0.602674 0.463276 0.0121848 0.0185603 0.0334113
7 0.395167 0.443019 0.00585391 0.021685 0.0333183
1 0.264814 0.366181 0.00759705 0.0113652 0.0329786
4 0.105401 0.505554 0.0210673 0.0172773 0.0328276
7 0.79602 0.658264 0.0119814 0.0331395 0.0325306
7 0.169386 0.498532 0.00766591 0.0226542 0.0323538
8 0.564907 0.481193 0.00725928 0.0169965 0.0321372
1 0.384744 0.443258 0.00618442 0.017164 0.0320692
2 0.719885 0.34608 0.0148365 0.0184386 0.031515
1 0.825689 0.754078 0.0127413 0.0243418 0.0307323
7 0.787425 0.635582 0.0147683 0.0689451 0.0305355
0 0.188746 0.616466 0.0135019 0.0458474 0.0295215
0 0.160859 0.504264 0.00973199 0.0163299 0.0291773
8 0.626601 0.63279 0.00945239 0.024984 0.0281994
4 0.707264 0.485009 0.0113064 0.0137335 0.02797
1 0.395167 0.443019 0.00585391 0.021685 0.0273117
0 0.394575 0.478257 0.00644046 0.0130677 0.0269496
7 0.160859 0.504264 0.00973199 0.0163299 0.026762
1 0.181225 0.456226 0.0077218 0.0214401 0.0267244
4 0.914989 0.44922 0.0123614 0.0125297 0.0263677
4 0.287923 0.427442 0.0113411 0.0164049 0.0258257
4 0.358746 0.475229 0.0199369 0.0144773 0.0255837
0 0.696159 0.486052 0.00956903 0.0122631 0.0253831
1 0.219623 0.419593 0.00730858 0.0262501 0.0248826
8 0.686623 0.481221 0.00950482 0.014417 0.024744
1 0.165314 0.505287 0.00689778 0.015304 0.0246256
8 0.274336 0.510441 0.014157 0.0161658 0.0240814
4 0.601351 0.472028 0.0153557 0.0195179 0.0238653
7 0.0859187 0.700142 0.0158205 0.0434083 0.0235833
4 0.23015 0.493543 0.016366 0.0264167 0.0235637
4 0.201477 0.519933 0.0121101 0.0203506 0.023459
7 0.11738 0.474841 0.00885261 0.0136682 0.0234347
1 0.11738 0.474841 0.00885261 0.0136682 0.02342
4 0.274046 0.421158 0.0125034 0.0100639 0.0231897
1 0.169386 0.498532 0.00766591 0.0226542 0.0230783
4 0.219506 0.435195 0.0078257 0.010374 0.023038
6 0.264814 0.366181 0.00759705 0.0113652 0.0230127
4 0.256939 0.508007 0.0139603 0.0248514 0.0229012
4 0.582054 0.474389 0.0093446 0.0109572 0.0228409
0 0.686623 0.481221 0.00950482 0.014417 0.0223343
2 0.0667534 0.458798 0.00807743 0.0114718 0.0223182
8 0.0913799 0.662973 0.0145503 0.0295781 0.0219918
4 0.640018 0.483344 0.016858 0.0173111 0.0218365
7 0.539129 0.457383 0.00839264 0.0381314 0.0217774
7 0.712255 0.509315 0.0122583 0.0185763 0.0215996
7 0.820521 0.652493 0.0192958 0.0348718 0.0214299
6 0.200863 0.42045 0.0295284 0.0322988 0.0211998
0 0.560826 0.484537 0.0104208 0.016586 0.0211815
7 0.091577 0.47584 0.00532767 0.0226073 0.0211364
0 0.163825 0.511083 0.00509268 0.0193093 0.0210768
0 0.274336 0.510441 0.014157 0.0161658 0.0210608
4 0.212112 0.482 0.00674364 0.0108236 0.020628
4 0.237821 0.435748 0.0140204 0.0108655 0.0204441
4 0.598689 0.463482 0.012386 0.0186332 0.0201244
7 0.724361 0.58982 0.0198434 0.0367304 0.0197726
0 0.0932802 0.662051 0.0100491 0.0306471 0.0196154
4 0.716788 0.473776 0.0160125 0.00983147 0.0194244
4 0.231389 0.393295 0.00302827 0.0103151 0.0193461
4 0.133108 0.526528 0.0141701 0.0178726 0.0192952
7 0.260382 0.364274 0.00891377 0.00941214 0.0192224
5 0.226453 0.498939 0.0160986 0.0308532 0.0191267
4 0.239018 0.39354 0.00918776 0.00941846 0.0189184
7 0.358668 0.439639 0.010278 0.0182409 0.0189059
2 0.0932802 0.662051 0.0100491 0.0306471 0.0188531
1 0.133108 0.526528 0.0141701 0.0178726 0.0185
7 0.265306 0.37238 0.00668683 0.0140507 0.0177911
4 0.284108 0.416843 0.00792792 0.0199313 0.0174997
4 0.525533 0.509672 0.0309168 0.0158434 0.0173863
1 0.355954 0.434739 0.00584116 0.0157607 0.0173691
4 0.185302 0.508554 0.009804 0.0113328 0.0173124
6 0.284036 0.422944 0.00791077 0.0129121 0.017287
22 0.134073 0.52648 0.0154742 0.0160554 0.0171615
1 0.914989 0.44922 0.0123614 0.0125297 0.0169859
4 0.507855 0.5008 0.0203901 0.0187334 0.0168782
8 0.707503 0.510173 0.0095014 0.0228417 0.0164477
4 0.392109 0.4791 0.0110377 0.0125578 0.0163959
8 0.39479 0.483141 0.00659128 0.0179693 0.0162512
7 0.53461 0.453617 0.00827734 0.0342645 0.0162083
0 0.712255 0.509315 0.0122583 0.0185763 0.0161767
4 0.773865 0.657731 0.0167715 0.0406952 0.0161556
8 0.773734 0.657799 0.0194321 0.0414012 0.0160965
8 0.394575 0.478257 0.00644046 0.0130677 0.0160682
8 0.192915 0.523576 0.00437866 0.0156699 0.0160206
7 0.127941 0.768406 0.0158342 0.0229844 0.0159646
4 0.188451 0.514386 0.00557483 0.015 0.0159312
1 0.265306 0.37238 0.00668683 0.0140507 0.015852
8 0.273636 0.521205 0.0135048 0.0196682 0.0157334
1 0.810666 0.840248 0.0124063 0.0513536 0.0155845
2 0.240331 0.4372 0.011941 0.0115471 0.0154896
1 0.173716 0.481221 0.0113507 0.0176383 0.0154665
1 0.39479 0.483141 0.00659128 0.0179693 0.0153369
7 0.163825 0.511083 0.00509268 0.0193093 0.0152906
4 0.921688 0.446252 0.0203381 0.0179916 0.0152057
8 0.443479 0.46851 0.00842093 0.0121202 0.0151914
1 0.910092 0.408012 0.0166721 0.0371472 0.014926
1 0.367887 0.432847 0.00573938 0.0130778 0.0148644
4 0.88159 0.440047 0.0161364 0.0178824 0.0148159
7 0.35623 0.428823 0.00681665 0.0254061 0.0146335
0 0.443479 0.46851 0.00842093 0.0121202 0.0145426
4 0.192915 0.523576 0.00437866 0.0156699 0.0145305
4 0.70528 0.500831 0.0102357 0.0221656 0.0143429
1 0.705836 0.506489 0.00869788 0.024216 0.0138201
1 0.219506 0.435195 0.0078257 0.010374 0.0137182
1 0.207297 0.478258 0.00991542 0.0140359 0.0136871
7 0.0969735 0.527061 0.00976862 0.0210366 0.0136783
7 0.72057 0.522887 0.0115131 0.0170987 0.0136125
7 0.811333 0.840052 0.0137123 0.0530821 0.0135771
0 0.39479 0.483141 0.00659128 0.0179693 0.0133533
4 0.668515 0.538713 0.0284883 0.0195077 0.0132493
5 0.240331 0.4372 0.011941 0.0115471 0.0132329
6 0.240331 0.4372 0.011941 0.0115471 0.0131855
1 0.72057 0.522887 0.0115131 0.0170987 0.01306
8 0.696159 0.486052 0.00956903 0.0122631 0.0130152
7 0.563569 0.483483 0.00633771 0.0146873 0.012789
8 0.303275 0.514055 0.00686072 0.0162329 0.0127243
4 0.211196 0.513602 0.0055078 0.014363 0.0127078
0 0.69859 0.508775 0.0120683 0.0213767 0.012705
4 0.259197 0.490009 0.00981691 0.0183392 0.0125812
4 0.173716 0.481221 0.0113507 0.0176383 0.0120278
0 0.223024 0.60872 0.0119437 0.0450442 0.0119813
4 0.165314 0.505287 0.00689778 0.015304 0.0119509
8 0.223088 0.520503 0.0120395 0.0191231 0.0118237
4 0.35342 0.479968 0.0179536 0.0238013 0.0117635
0 0.275722 0.521485 0.0114256 0.0178048 0.0116748
4 0.187572 0.482626 0.00591101 0.0102735 0.01147
4 0.632372 0.464068 0.013804 0.020456 0.0114479
4 0.271363 0.43078 0.00894632 0.0104114 0.0113684
0 0.707397 0.519828 0.00762439 0.0191457 0.0113465
7 0.707397 0.519828 0.00762439 0.0191457 0.0113265
2 0.705836 0.506489 0.00869788 0.024216 0.0113147
1 0.18924 0.47445 0.00937058 0.0110498 0.0111357
0 0.810666 0.840248 0.0124063 0.0513536 0.0111088
5 0.70528 0.500831 0.0102357 0.0221656 0.0111046
4 0.906792 0.436076 0.0189702 0.022495 0.0109426
1 0.327912 0.403359 0.0154975 0.0115139 0.0108224
4 0.0764161 0.741113 0.055413 0.0406448 0.0107109
4 0.705836 0.506489 0.00869788 0.024216 0.0106601
8 0.160859 0.504264 0.00973199 0.0163299 0.0105939
4 0.582875 0.534248 0.0210477 0.0162471 0.0105796
5 0.354199 0.475203 0.0176944 0.0165421 0.0105499
4 0.265306 0.37238 0.00668683 0.0140507 0.0105394
4 0.28436 0.51972 0.009061 0.00669047 0.0105358
1 0.177992 0.477428 0.00780644 0.017299 0.0104589
4 0.684733 0.461459 0.0113144 0.0152278 0.0104408
1 0.0913799 0.662973 0.0145503 0.0295781 0.0104275
4 0.435239 0.468092 0.0108153 0.0126612 0.0104253
0 0.773865 0.657731 0.0167715 0.0406952 0.0104117
7 0.383306 0.447004 0.00653403 0.0156343 0.0102654
4 0.73141 0.557623 0.0280501 0.0358292 0.0102354
8 0.227026 0.520474 0.0129279 0.0186123 0.0101781
1 0.392109 0.4791 0.0110377 0.0125578 0.0101485
1 0.805203 0.641284 0.0486929 0.0616244 0.0101303
4 0.67843 0.557575 0.0302735 0.0205414 0.0100306
7 0.129418 0.760025 0.0163505 0.0249286 0.0100055
5 0.563569 0.483483 0.00633771 0.0146873 0.00998431
1 0.872311 0.437557 0.00944653 0.0188521 0.00996853
8 0.505089 0.572062 0.0201404 0.0270268 0.00991876
8 0.163825 0.511083 0.00509268 0.0193093 0.0098965
5 0.274336 0.510441 0.014157 0.0161658 0.00976357
7 0.69859 0.508775 0.0120683 0.0213767 0.00970424
1 0.274336 0.510441 0.014157 0.0161658 0.00966392
22 0.563569 0.483483 0.00633771 0.0146873 0.00966128
4 0.661611 0.538334 0.0224976 0.0188413 0.00960247
4 0.169386 0.498532 0.00766591 0.0226542 0.00948754
14 0.165314 0.505287 0.00689778 0.015304 0.00948326
4 0.229892 0.513736 0.0163139 0.0150462 0.0094567
4 0.410051 0.485231 0.00755161 0.00889625 0.00941862
4 0.987147 0.548645 0.0221699 0.0240545 0.00940351
5 0.696159 0.486052 0.00956903 0.0122631 0.00939052
0 0.884031 0.498718 0.00800757 0.018711 0.0093605
7 0.728786 0.560465 0.0276891 0.0370047 0.00932014
0 0.719945 0.564041 0.0186843 0.0277291 0.00927739
4 0.888175 0.438611 0.0111442 0.0201431 0.00925768
5 0.165314 0.505287 0.00689778 0.015304 0.00919108
4 0.228829 0.385758 0.0065267 0.0130554 0.00913625
7 0.725188 0.531371 0.0158848 0.0228962 0.00913027
4 0.463979 0.506747 0.0117534 0.0106687 0.00911132
1 0.884031 0.498718 0.00800757 0.018711 0.00898528
8 0.810888 0.842045 0.0158627 0.0551618 0.00896055
4 0.0101924 0.68691 0.019033 0.0475591 0.0089386
8 0.560826 0.484537 0.0104208 0.016586 0.00892374
0 0.295007 0.515452 0.00496075 0.0156617 0.008921
7 0.367653 0.428249 0.00665356 0.0231729 0.00883416
0 0.582054 0.474389 0.0093446 0.0109572 0.00879202
4 0.563569 0.483483 0.00633771 0.0146873 0.0087213
2 0.825593 0.649673 0.0111103 0.0265802 0.00859941
4 0.394575 0.478257 0.00644046 0.0130677 0.00852689
1 0.712255 0.509315 0.0122583 0.0185763 0.00851516
8 0.70528 0.500831 0.0102357 0.0221656 0.00851495
