0 0.169504 0.906903 0.102775 0.182244 0.933693
0 0.0261782 0.92634 0.0519285 0.14555 0.890292
0 0.452209 0.926151 0.110871 0.143102 0.880991
0 0.377744 0.923656 0.0490412 0.14883 0.875324
0 0.951977 0.925429 0.0877485 0.14798 0.873367
17 0.943253 0.878316 0.0418754 0.0529338 0.871605
0 0.579501 0.923641 0.0798467 0.151737 0.871021
0 0.698862 0.936943 0.0515052 0.122999 0.870687
0 0.328384 0.925079 0.092341 0.141607 0.865227
0 0.757764 0.924556 0.0679258 0.150887 0.863731
0 0.653884 0.940145 0.0740085 0.116107 0.84709
0 0.902581 0.940338 0.0421503 0.115375 0.844352
0 0.522992 0.943489 0.0467745 0.111429 0.827152
0 0.243217 0.938072 0.0567487 0.120458 0.821277
0 0.076477 0.950077 0.0688996 0.0974165 0.788949
0 0.26283 0.927128 0.036828 0.125034 0.743841
17 0.978109 0.8947 0.0437813 0.0576482 0.720472
0 0.637206 0.912831 0.0180174 0.0809071 0.68625
0 0.82636 0.933934 0.0569265 0.130694 0.682521
0 0.985898 0.947105 0.0282034 0.100243 0.665215
0 0.862455 0.954923 0.0213337 0.0824058 0.63153
0 0.402332 0.897519 0.0210964 0.0677567 0.617341
9 0.339937 0.959287 0.0486259 0.0802931 0.581423
0 0.715403 0.910447 0.0194261 0.0868663 0.561063
17 0.02085 0.87181 0.0327049 0.0378886 0.510602
0 0.284444 0.91577 0.0257769 0.102248 0.508189
0 0.422661 0.930757 0.0526278 0.135157 0.507511
0 0.552928 0.896233 0.0172921 0.0657629 0.503092
0 0.602512 0.904317 0.0276879 0.0805882 0.457897
0 0.621238 0.91904 0.0200772 0.0830632 0.457674
0 0.546847 0.903166 0.0237375 0.0767931 0.422979
0 0.506684 0.916317 0.0178084 0.0627445 0.419554
0 0.30791 0.92928 0.0490104 0.13662 0.316934
0 0.537769 0.877847 0.00874048 0.025748 0.277342
0 0.735765 0.902402 0.0174265 0.0459701 0.272048
0 0.511843 0.875142 0.0119585 0.023221 0.269357
0 0.854346 0.955419 0.0358965 0.0843276 0.262498
0 0.396779 0.875248 0.0127841 0.0261672 0.256595
0 0.789395 0.914716 0.0193533 0.106851 0.235172
0 0.507812 0.892016 0.0145855 0.032325 0.233169
0 0.802847 0.938621 0.0277742 0.122453 0.225376
0 0.498341 0.915208 0.0170419 0.0634067 0.218892
0 0.729296 0.884336 0.012941 0.0404258 0.216213
0 0.559646 0.889933 0.0210136 0.0733534 0.215464
0 0.802437 0.930112 0.0242552 0.0792977 0.213201
0 0.545403 0.876947 0.0155662 0.0266161 0.199644
0 0.978551 0.903375 0.0428986 0.0736298 0.196214
0 0.734267 0.914484 0.0200348 0.0694278 0.188018
0 0.73794 0.888744 0.015337 0.0277539 0.187082
0 0.529519 0.879941 0.0116764 0.0198864 0.186867
0 0.780182 0.894937 0.0161281 0.0582268 0.180771
0 0.517357 0.882353 0.0156326 0.019773 0.175274
0 0.492755 0.887384 0.0106216 0.0187178 0.172627
0 0.609451 0.911149 0.0342844 0.0935554 0.16534
0 0.563402 0.876223 0.0146335 0.0438719 0.161798
17 0.0740143 0.879582 0.0226959 0.0362532 0.161589
0 0.526378 0.876469 0.0113873 0.0206222 0.153409
17 0.664993 0.89735 0.026024 0.0316918 0.148371
0 0.600699 0.876961 0.0209869 0.0452772 0.133552
0 0.496565 0.874141 0.0123768 0.0266832 0.130895
0 0.0751462 0.921263 0.0588284 0.120213 0.127529
0 0.419531 0.8983 0.0255234 0.0739181 0.126536
0 0.27276 0.898924 0.0159127 0.0583496 0.12089
0 0.468437 0.897387 0.0318775 0.0906289 0.120538
0 0.900646 0.913153 0.0403763 0.0651713 0.112784
0 0.493796 0.87348 0.0194967 0.0342165 0.105381
0 0.413915 0.874039 0.0116423 0.0296228 0.103877
0 0.516851 0.913855 0.0297258 0.0568438 0.0995208
0 0.790958 0.900456 0.0181799 0.0739278 0.0973249
17 0.892228 0.896221 0.0181244 0.0391136 0.0971866
0 0.839214 0.946401 0.0359627 0.103266 0.0953614
0 0.784188 0.908474 0.0220163 0.083717 0.0951776
0 0.257919 0.906618 0.0245259 0.0845663 0.0933324
0 0.774644 0.894396 0.0169445 0.0507355 0.0900986
0 0.641705 0.933918 0.0444241 0.117881 0.0899128
0 0.772013 0.891421 0.0127545 0.0269107 0.0882446
0 0.532023 0.908733 0.0346018 0.063177 0.0827909
17 0.349632 0.884509 0.0263453 0.0468669 0.0823219
17 0.901275 0.912961 0.0394356 0.060416 0.072759
42 0.978096 0.895381 0.0438091 0.0571974 0.0710695
0 0.223363 0.906586 0.0190322 0.0399957 0.0702106
9 0.829563 0.950043 0.0446891 0.0990475 0.0691516
0 0.452543 0.893363 0.0112442 0.0764893 0.0686048
0 0.601783 0.919026 0.031673 0.129621 0.0681518
17 0.805443 0.883091 0.0151871 0.0234951 0.0680223
17 0.316524 0.884835 0.0238187 0.0453508 0.0672638
11 0.240823 0.943116 0.0536229 0.108326 0.066023
11 0.183976 0.952284 0.0441619 0.0924109 0.063986
0 0.978633 0.919552 0.0359644 0.0461667 0.0637242
0 0.264696 0.910325 0.030444 0.0905002 0.0629961
0 0.548969 0.892812 0.0172834 0.0677416 0.0626029
0 0.634499 0.926305 0.0354332 0.0896732 0.0621362
17 0.920735 0.903723 0.020028 0.0675437 0.0619103
0 0.302388 0.890133 0.0164326 0.0490624 0.0613675
0 0.729244 0.938073 0.0254585 0.0887801 0.061339
0 0.446385 0.89987 0.0118322 0.0603179 0.0608773
0 0.598024 0.869304 0.0244709 0.0374586 0.0608236
30 0.0184195 0.131736 0.035458 0.144999 0.0604754
17 0.365928 0.870744 0.0334154 0.0493183 0.060227
0 0.329284 0.846293 0.0250804 0.0221236 0.0590998
0 0.631347 0.869538 0.00806354 0.015913 0.059085
0 0.712453 0.927663 0.0317143 0.105462 0.0541107
17 0.0769638 0.882935 0.0334927 0.0424395 0.0503732
0 0.811324 0.94419 0.0366644 0.110072 0.0502822
0 0.981134 0.934144 0.0373087 0.121485 0.0483055
0 0.805443 0.883091 0.0151871 0.0234951 0.0479403
0 0.35146 0.915558 0.0456713 0.111724 0.0468011
17 0.823295 0.889053 0.0203615 0.0367155 0.0450905
0 0.541545 0.945797 0.0273472 0.106967 0.0431755
17 0.329284 0.846293 0.0250804 0.0221236 0.040235
17 0.849199 0.875827 0.067577 0.0557763 0.0394414
0 0.846224 0.922845 0.0208122 0.0442666 0.0378415
0 0.787274 0.894228 0.0213055 0.0640193 0.0373387
0 0.241507 0.898085 0.0203619 0.0397495 0.0372548
0 0.733275 0.883282 0.019289 0.0521424 0.0370053
17 0.852256 0.883353 0.0522339 0.0413476 0.0368561
0 0.326632 0.850735 0.0280515 0.0280455 0.0358319
0 0.713539 0.886634 0.0172192 0.0449658 0.0357688
17 0.366441 0.855771 0.0265305 0.0238878 0.0318348
0 0.076039 0.880118 0.0290493 0.0363 0.0308478
0 0.208454 0.913403 0.0152983 0.0257906 0.0304065
0 0.0580935 0.909975 0.02605 0.0569723 0.0301764
0 0.249338 0.934964 0.028447 0.109152 0.0297233
0 0.354102 0.893153 0.0410202 0.0702595 0.0296092
17 0.577532 0.869507 0.0308633 0.0451789 0.0281215
11 0.0144152 0.960442 0.0277551 0.07637 0.0277104
17 0.227156 0.902491 0.025561 0.0456038 0.0259591
0 0.677986 0.90915 0.00937219 0.0414294 0.0254299
17 0.330499 0.834441 0.0194328 0.0251512 0.025342
0 0.889665 0.916431 0.0201227 0.0500943 0.0251908
17 0.846224 0.922845 0.0208122 0.0442666 0.0248923
0 0.227156 0.902491 0.025561 0.0456038 0.0247688
0 0.500357 0.890918 0.0135132 0.0559432 0.0244095
0 0.61685 0.870647 0.0162875 0.0208109 0.0232053
11 0.196638 0.952737 0.0500732 0.090135 0.0230713
10 0.0184195 0.131736 0.035458 0.144999 0.022957
17 0.356688 0.857759 0.0242055 0.028731 0.0228751
10 0.0172832 0.252867 0.0328962 0.136838 0.0228136
11 0.579403 0.928316 0.0759531 0.141384 0.022805
0 0.892228 0.896221 0.0181244 0.0391136 0.0221521
11 0.228822 0.961448 0.0288229 0.0747781 0.0219328
17 0.598024 0.869304 0.0244709 0.0374586 0.0218792
0 0.586757 0.87649 0.0429405 0.0550769 0.020911
17 0.835795 0.878465 0.0407675 0.0496536 0.0207812
0 0.142193 0.904285 0.0555528 0.11841 0.0206025
0 0.640559 0.877444 0.0100475 0.0248739 0.0205376
0 0.85033 0.938576 0.0245938 0.0730876 0.0202921
0 0.473719 0.891086 0.0234431 0.0740641 0.0198629
49 0.858304 0.23086 0.0502377 0.38371 0.0197166
0 0.339252 0.849067 0.0125271 0.0213006 0.0193775
0 0.577532 0.869507 0.0308633 0.0451789 0.0189752
20 0.10293 0.981237 0.0175012 0.0296158 0.0186626
0 0.746831 0.931296 0.0453087 0.133728 0.0186048
0 0.663531 0.897643 0.0276705 0.0319735 0.0184928
0 0.432696 0.902779 0.0349409 0.080147 0.0184752
0 0.426422 0.88672 0.0273644 0.0596296 0.0179639
0 0.350113 0.959533 0.0509949 0.0755954 0.0178917
17 0.805437 0.876017 0.0144993 0.0205061 0.0172627
9 0.323239 0.934413 0.0783069 0.126504 0.0169461
0 0.885331 0.923998 0.0107159 0.0354306 0.0164996
0 0.0721163 0.897181 0.0467603 0.0736992 0.0160075
0 0.695464 0.915537 0.0394202 0.1062 0.0156227
17 0.257919 0.906618 0.0245259 0.0845663 0.0155531
9 0.794813 0.965281 0.0176209 0.0675411 0.0153139
13 0.316524 0.884835 0.0238187 0.0453508 0.015283
17 0.640559 0.877444 0.0100475 0.0248739 0.0152799
11 0.207909 0.950315 0.0281411 0.0917159 0.0146425
11 0.829563 0.950043 0.0446891 0.0990475 0.014306
0 0.311038 0.880185 0.0224874 0.0457537 0.0142267
0 0.920735 0.903723 0.020028 0.0675437 0.0140598
0 0.687944 0.897193 0.0195806 0.0386225 0.0137852
9 0.83931 0.954068 0.0327892 0.0881392 0.0135855
20 0.223363 0.906586 0.0190322 0.0399957 0.0135367
10 0.86086 0.225647 0.0530247 0.384866 0.0131915
17 0.89534 0.879638 0.0341682 0.0346992 0.0130067
20 0.920743 0.90829 0.0194038 0.0603444 0.0127203
17 0.631347 0.869538 0.00806354 0.015913 0.012489
4 0.61685 0.870647 0.0162875 0.0208109 0.0121127
0 0.552428 0.934739 0.0296462 0.125439 0.0120981
17 0.695459 0.895732 0.0262623 0.0420426 0.0119114
0 0.823295 0.889053 0.0203615 0.0367155 0.0116833
30 0.918648 0.105035 0.0432045 0.123965 0.0112309
0 0.794813 0.965281 0.0176209 0.0675411 0.0112297
4 0.581835 0.919728 0.0703603 0.143469 0.011187
0 0.744123 0.873317 0.0130667 0.0372033 0.0111594
0 0.732471 0.963422 0.0211773 0.069492 0.0110032
17 0.223363 0.906586 0.0190322 0.0399957 0.0107874
17 0.0223934 0.885827 0.0345492 0.0657091 0.0104557
7 0.623105 0.726033 0.0121873 0.0446595 0.0102779
1 0.510067 0.819841 0.0163124 0.0177371 0.0102413
30 0.133211 0.133308 0.0397466 0.133526 0.0102345
17 0.744123 0.873317 0.0130667 0.0372033 0.0101389
9 0.833291 0.970288 0.0329934 0.0594248 0.0100847
7 0.597042 0.736049 0.0113536 0.0613 0.0100544
0 0.805437 0.876017 0.0144993 0.0205061 0.00986979
11 0.0233067 0.9585 0.0462456 0.0814921 0.00975657
9 0.817809 0.943422 0.0247295 0.110179 0.00974884
17 0.332678 0.890041 0.0156471 0.0502882 0.00973392
13 0.02085 0.87181 0.0327049 0.0378886 0.00972969
0 0.942036 0.879453 0.0420801 0.0536079 0.00967772
0 0.309818 0.854402 0.0129181 0.0241631 0.00967203
13 0.663531 0.897643 0.0276705 0.0319735 0.00931928
9 0.784275 0.953204 0.0198433 0.0753934 0.0091559
20 0.0776391 0.94765 0.0667503 0.100405 0.00910983
0 0.252005 0.883335 0.0226706 0.0365038 0.00906013
0 0.619525 0.945106 0.0321898 0.106709 0.00897748
20 0.885331 0.923998 0.0107159 0.0354306 0.00895976
0 0.179525 0.952774 0.0444107 0.0921123 0.00893515
0 0.10451 0.942194 0.0217606 0.0861222 0.00874748
0 0.481437 0.901886 0.0390444 0.0969701 0.00865161
0 0.196638 0.952737 0.0500732 0.090135 0.00850641
0 0.324157 0.866112 0.034814 0.0528391 0.00847151
0 0.351089 0.885382 0.027304 0.0446201 0.00840613
17 0.326632 0.850735 0.0280515 0.0280455 0.00838291
20 0.208454 0.913403 0.0152983 0.0257906 0.00826898
20 0.901275 0.912961 0.0394356 0.060416 0.00826688
11 0.348131 0.960436 0.0517739 0.0752499 0.00826363
0 0.0558164 0.934294 0.0755948 0.120729 0.00823504
17 0.382909 0.867674 0.0145269 0.0344496 0.00819707
17 0.286414 0.911349 0.0274322 0.0925316 0.00808828
17 0.772013 0.891421 0.0127545 0.0269107 0.00808693
0 0.356688 0.857759 0.0242055 0.028731 0.00803281
30 0.133127 0.250337 0.0415301 0.14113 0.00783141
7 0.597732 0.718544 0.0107414 0.0438511 0.00766086
11 0.83931 0.954068 0.0327892 0.0881392 0.00757486
0 0.771537 0.882028 0.0127144 0.0344916 0.0074394
9 0.0144152 0.960442 0.0277551 0.07637 0.00738236
17 0.889665 0.916431 0.0201227 0.0500943 0.00734682
7 0.64051 0.709394 0.0141732 0.0427944 0.00734092
0 0.332463 0.900675 0.0147411 0.043983 0.00708826
9 0.791514 0.98725 0.0118263 0.0255007 0.00702318
6 0.680469 0.873083 0.0555832 0.0574334 0.00695495
0 0.28007 0.214763 0.00947064 0.0171779 0.00690247
13 0.640559 0.877444 0.0100475 0.0248739 0.00670583
0 0.297591 0.216329 0.00897833 0.0153245 0.00666358
1 0.484969 0.827262 0.00929526 0.0420359 0.0066494
0 0.351277 0.923399 0.0768241 0.148207 0.00663717
0 0.978513 0.886511 0.0417934 0.0446354 0.00662488
0 0.209857 0.92043 0.0198525 0.0403732 0.00661825
8 0.579403 0.928316 0.0759531 0.141384 0.00646954
0 0.784275 0.953204 0.0198433 0.0753934 0.00642382
0 0.330499 0.834441 0.0194328 0.0251512 0.00635688
9 0.349024 0.930354 0.0533434 0.135097 0.00616302
17 0.321771 0.87654 0.0370596 0.0540002 0.00613818
17 0.339252 0.849067 0.0125271 0.0213006 0.00611591
0 0.362713 0.874055 0.0381647 0.0566925 0.00600245
17 0.729296 0.884336 0.012941 0.0404258 0.00589331
20 0.104845 0.988971 0.0141886 0.0220585 0.00585717
17 0.580577 0.853435 0.0184287 0.0188704 0.00570249
17 0.496565 0.874141 0.0123768 0.0266832 0.00560848
0 0.45291 0.845074 0.00902588 0.0366387 0.00559712
0 0.846991 0.930621 0.0699081 0.134674 0.00554144
0 0.695459 0.895732 0.0262623 0.0420426 0.00551105
0 0.0297162 0.960538 0.0438622 0.0748308 0.00549776
17 0.713539 0.886634 0.0172192 0.0449658 0.00545176
0 0.207909 0.950315 0.0281411 0.0917159 0.00541135
0 0.60585 0.855172 0.0124629 0.0230174 0.00536062
17 0.61685 0.870647 0.0162875 0.0208109 0.00535794
17 0.600699 0.876961 0.0209869 0.0452772 0.00533703
0 0.105329 0.93196 0.0209338 0.0511034 0.00531174
9 0.846224 0.922845 0.0208122 0.0442666 0.0053032
11 0.784275 0.953204 0.0198433 0.0753934 0.00524578
17 0.564362 0.873703 0.0161882 0.0489902 0.00522241
11 0.747045 0.968948 0.0475901 0.0610447 0.00513962
9 0.240823 0.943116 0.0536229 0.108326 0.00508672
11 0.605646 0.934018 0.0324319 0.111048 0.00498957
9 0.579403 0.928316 0.0759531 0.141384 0.00498536
2 0.640196 0.673198 0.014181 0.0159263 0.00496243
0 0.571791 0.855116 0.0148738 0.0224419 0.00494111
17 0.751864 0.868839 0.0269799 0.0422484 0.00487564
4 0.951126 0.925702 0.0934568 0.146462 0.00486253
0 0.629906 0.948344 0.0337695 0.100883 0.00483615
13 0.349632 0.884509 0.0263453 0.0468669 0.00479663
13 0.329284 0.846293 0.0250804 0.0221236 0.00479461
0 0.497204 0.856118 0.0127137 0.0252896 0.0047626
2 0.64051 0.709394 0.0141732 0.0427944 0.00476082
11 0.784188 0.908474 0.0220163 0.083717 0.00471152
0 0.473679 0.931999 0.0674797 0.133337 0.00467787
0 0.569466 0.951341 0.0551273 0.0959022 0.00465145
0 0.394276 0.905742 0.0166627 0.112026 0.00463558
17 0.332463 0.900675 0.0147411 0.043983 0.00463011
17 0.964734 0.867934 0.021373 0.0535247 0.00458628
25 0.677047 0.870376 0.0603207 0.0570575 0.00457534
34 0.943362 0.877999 0.0427053 0.0520935 0.00454429
17 0.885331 0.923998 0.0107159 0.0354306 0.00453898
0 0.269787 0.958694 0.0265749 0.0723653 0.00453009
0 0.382909 0.867674 0.0145269 0.0344496 0.00446176
0 0.627651 0.854389 0.0109293 0.0236325 0.00445309
17 0.0264963 0.925151 0.0502476 0.144811 0.00445082
17 0.0941467 0.885701 0.0165789 0.0431495 0.00443168
0 0.211031 0.905221 0.0216155 0.0404073 0.0044148
0 0.680811 0.870826 0.053333 0.0493374 0.00438761
8 0.242957 0.940599 0.0550548 0.116963 0.00436584
7 0.644094 0.819711 0.00764008 0.021866 0.00435983
9 0.10293 0.981237 0.0175012 0.0296158 0.00435429
9 0.760148 0.963276 0.0626389 0.0728007 0.0043503
4 0.453058 0.927982 0.112269 0.141919 0.00431672
0 0.603535 0.95108 0.0329935 0.0953281 0.00431028
9 0.784188 0.908474 0.0220163 0.083717 0.00428893
1 0.458087 0.833385 0.0131176 0.0427782 0.00425479
