4 0.816477 0.759604 0.36403 0.476099 0.957399
4 0.47099 0.622508 0.215188 0.249944 0.933579
1 0.620381 0.383053 0.0322088 0.0902098 0.908797
0 0.134224 0.617151 0.0819937 0.328709 0.894374
0 0.232508 0.601977 0.0657961 0.259347 0.875712
0 0.919992 0.500206 0.0371519 0.133852 0.836596
0 0.854775 0.49959 0.0321785 0.132309 0.825491
0 0.0557184 0.841097 0.110064 0.317021 0.823408
8 0.0935897 0.758843 0.112013 0.253436 0.818959
0 0.884362 0.50377 0.0317143 0.128541 0.810004
0 0.0405838 0.60159 0.0749477 0.268683 0.800341
1 0.171489 0.117535 0.0754413 0.235071 0.788972
0 0.0852131 0.591841 0.0390068 0.203664 0.782567
4 0.621692 0.521362 0.144171 0.0745009 0.724329
0 0.269105 0.551364 0.0280483 0.116437 0.696797
0 0.335628 0.512932 0.0239944 0.0940418 0.673553
4 0.473439 0.455278 0.0994867 0.118339 0.642996
0 0.701901 0.498824 0.0237637 0.0740631 0.619914
4 0.565667 0.481663 0.0511771 0.0424698 0.603402
7 0.333687 0.190672 0.0316523 0.134936 0.522265
0 0.679552 0.484201 0.0157157 0.044859 0.484811
4 0.801025 0.470009 0.0518984 0.0385811 0.483262
0 0.386916 0.504072 0.0161718 0.0599665 0.479344
0 0.368126 0.510857 0.0154004 0.0536271 0.467075
0 0.650573 0.478128 0.0130734 0.0359652 0.378495
1 0.3624 0.415206 0.0123491 0.0387294 0.367509
0 0.642996 0.476016 0.00890509 0.0280797 0.327762
3 0.787386 0.610008 0.133777 0.181338 0.319822
1 0.578562 0.423838 0.0111779 0.0547712 0.308968
0 0.665515 0.474988 0.00945795 0.0298392 0.306646
0 0.691392 0.486981 0.00939484 0.0526304 0.303836
4 0.592927 0.518802 0.0912147 0.0659816 0.273405
0 0.293978 0.514606 0.0144572 0.0648213 0.263971
0 0.628619 0.475855 0.00861218 0.0188671 0.223266
4 0.524052 0.522668 0.0704486 0.0734957 0.212511
2 0.415826 0.164113 0.0115556 0.0254711 0.207814
4 0.578282 0.508583 0.063363 0.0441574 0.19675
4 0.573871 0.496797 0.0554258 0.0312194 0.186978
0 0.619245 0.476854 0.0108927 0.0148309 0.185342
0 0.6627 0.477729 0.00775586 0.0377469 0.184272
1 0.582381 0.418284 0.0153633 0.0628837 0.181889
14 0.758442 0.496778 0.0598762 0.0665682 0.16753
4 0.412144 0.502885 0.0229686 0.0383192 0.160014
4 0.413208 0.496466 0.0187787 0.0281444 0.15571
22 0.287983 0.571336 0.0129688 0.0372405 0.153214
4 0.536527 0.522912 0.0445291 0.0652877 0.141464
7 0.348105 0.420918 0.0112992 0.047582 0.138014
1 0.383185 0.419884 0.0142309 0.0363744 0.137073
4 0.0551094 0.841305 0.108358 0.314753 0.136347
1 0.555284 0.442979 0.0099856 0.0355309 0.135792
1 0.333301 0.190159 0.0322124 0.136263 0.135335
6 0.473664 0.454524 0.0996106 0.116839 0.128298
0 0.668438 0.481748 0.0112122 0.0432825 0.120655
4 0.76099 0.494825 0.0666499 0.0679305 0.117313
0 0.697955 0.482765 0.0176276 0.0490068 0.116716
0 0.401989 0.490782 0.0114923 0.0207995 0.116593
1 0.357946 0.414099 0.0167353 0.0381801 0.114388
4 0.980243 0.543252 0.0352159 0.041157 0.11419
0 0.0643134 0.511273 0.0184779 0.0335431 0.103115
2 0.348497 0.108274 0.0475026 0.0314997 0.102863
0 0.0131055 0.591262 0.0227597 0.247503 0.102687
4 0.551613 0.506685 0.0170892 0.0350632 0.102329
1 0.384513 0.441573 0.0107202 0.0196331 0.101686
9 0.128442 0.689418 0.047704 0.0844785 0.100881
0 0.00893066 0.613788 0.0151809 0.175618 0.100577
0 0.716255 0.498188 0.0114471 0.0497988 0.099205
0 0.607806 0.477705 0.0100539 0.0150643 0.0969911
8 0.368479 0.515604 0.0170902 0.0474262 0.0938021
0 0.683501 0.486316 0.019144 0.0528274 0.0933868
8 0.63517 0.555724 0.0974499 0.10164 0.0913796
4 0.545103 0.48019 0.0100356 0.0403081 0.0847314
4 0.54574 0.493631 0.0099693 0.0276457 0.0843584
5 0.762436 0.495489 0.0684705 0.0693811 0.0831053
4 0.532346 0.489396 0.0132629 0.0160783 0.0818569
4 0.518827 0.505814 0.0512338 0.0396284 0.0802787
4 0.536473 0.489369 0.0147629 0.0272383 0.0777478
4 0.412238 0.490726 0.0189008 0.0250731 0.0750197
3 0.773377 0.633139 0.105765 0.139992 0.0749182
0 0.413208 0.496466 0.0187787 0.0281444 0.0740145
0 0.545103 0.48019 0.0100356 0.0403081 0.0738859
8 0.818188 0.471414 0.020625 0.0332601 0.073784
0 0.536473 0.489369 0.0147629 0.0272383 0.0721661
8 0.198274 0.573777 0.014646 0.0548913 0.0709795
2 0.140809 0.233705 0.0127442 0.016982 0.0708057
3 0.604368 0.561052 0.0402667 0.102121 0.0667853
14 0.371106 0.60019 0.0272778 0.086769 0.0660406
3 0.727475 0.608117 0.0818044 0.168625 0.0645662
0 0.54574 0.493631 0.0099693 0.0276457 0.0636278
6 0.534111 0.45831 0.0345147 0.0742664 0.0621631
1 0.603342 0.430695 0.00823901 0.0193877 0.0609364
1 0.018887 0.323768 0.0359559 0.105682 0.0607471
0 0.388424 0.52142 0.0261382 0.0750721 0.0589261
3 0.709423 0.589513 0.114331 0.150027 0.0587918
7 0.362899 0.413879 0.0116542 0.034702 0.0582466
3 0.810152 0.577455 0.109133 0.13286 0.0574602
8 0.810152 0.577455 0.109133 0.13286 0.0571934
2 0.143274 0.246437 0.0181601 0.0176889 0.0560921
0 0.639089 0.48014 0.010769 0.0141535 0.0553948
4 0.620382 0.496009 0.108219 0.026017 0.0545249
2 0.768409 0.384195 0.00925903 0.0183919 0.0530337
3 0.636955 0.557317 0.104475 0.112491 0.0507618
7 0.382855 0.422203 0.0141805 0.0397027 0.0502348
0 0.408111 0.505168 0.0278384 0.0446554 0.0496971
9 0.287983 0.571336 0.0129688 0.0372405 0.0490354
0 0.679722 0.474793 0.0189507 0.0476287 0.0485478
0 0.650825 0.464277 0.0114601 0.0280404 0.0483085
0 0.388662 0.481802 0.0118494 0.0184369 0.0474367
15 0.474177 0.455027 0.0981057 0.117727 0.0473433
8 0.292565 0.516943 0.0173783 0.0614207 0.0472542
0 0.826465 0.472115 0.0136875 0.0324285 0.0470382
0 0.595095 0.478123 0.0128842 0.020235 0.0464744
4 0.980313 0.531228 0.035593 0.0683994 0.0459307
4 0.401989 0.490782 0.0114923 0.0207995 0.0456512
0 0.690478 0.474064 0.0106486 0.0464819 0.0444592
0 0.402078 0.482681 0.0101601 0.0198851 0.0434707
8 0.199951 0.568082 0.0187548 0.0715323 0.0432781
0 0.316876 0.515469 0.0121814 0.0715598 0.0425186
4 0.642996 0.476016 0.00890509 0.0280797 0.0423776
0 0.651838 0.472226 0.0172942 0.0315103 0.0415594
0 0.216388 0.508054 0.0101638 0.0182254 0.0407136
3 0.37238 0.597283 0.0273591 0.0900713 0.0402592
0 0.334293 0.492361 0.0191383 0.0536745 0.0395986
0 0.359485 0.508988 0.0147052 0.0556278 0.0391205
1 0.348081 0.413075 0.00988052 0.0346835 0.038256
0 0.264565 0.517064 0.0199042 0.0496016 0.0381573
2 0.10937 0.23185 0.00888933 0.0193905 0.0380841
7 0.353739 0.421074 0.0141826 0.0511689 0.0380729
8 0.352 0.517841 0.0178586 0.0438499 0.0377473
13 0.0417595 0.48883 0.0301363 0.0441266 0.0376581
8 0.794587 0.612191 0.146305 0.185706 0.0365687
4 0.619245 0.476854 0.0108927 0.0148309 0.0359889
1 0.573927 0.437065 0.0121672 0.0316723 0.0356141
4 0.41041 0.510238 0.0283681 0.0497719 0.0350837
0 0.028586 0.565599 0.0548298 0.195487 0.0350441
2 0.117147 0.182079 0.0228253 0.0321071 0.034941
4 0.669123 0.469839 0.0155241 0.0340202 0.0347064
4 0.414988 0.573707 0.10981 0.141316 0.033764
4 0.818188 0.471414 0.020625 0.0332601 0.0335193
0 0.012322 0.5846 0.0211305 0.15292 0.033302
1 0.383785 0.463435 0.0127461 0.0330505 0.0327911
3 0.816266 0.558106 0.0886344 0.0956078 0.0320835
4 0.551837 0.521699 0.0165483 0.0434537 0.0317714
2 0.129528 0.189136 0.0186875 0.021019 0.031538
0 0.085566 0.516001 0.0279273 0.0537443 0.0315363
0 0.302666 0.513881 0.0311903 0.0702432 0.030796
8 0.802225 0.470278 0.0498296 0.0351125 0.0306486
8 0.826465 0.472115 0.0136875 0.0324285 0.0305912
0 0.532346 0.489396 0.0132629 0.0160783 0.0303434
4 0.622464 0.486926 0.14871 0.015565 0.0302207
1 0.605917 0.45553 0.0083031 0.0202561 0.0301803
37 0.128064 0.685373 0.0504284 0.096892 0.029385
0 0.0916864 0.752148 0.123569 0.250214 0.029169
17 0.26351 0.50049 0.0135308 0.0177048 0.0286809
0 0.868616 0.494413 0.0113138 0.111326 0.0282467
1 0.175373 0.209569 0.0668565 0.0507734 0.0282436
0 0.0174063 0.573938 0.0321214 0.178535 0.0279499
2 0.774755 0.336431 0.012707 0.0130358 0.0271471
9 0.209258 0.648169 0.0125157 0.0549256 0.0267607
3 0.684227 0.583764 0.0638419 0.1393 0.026736
4 0.679722 0.474793 0.0189507 0.0476287 0.0263488
4 0.402078 0.482681 0.0101601 0.0198851 0.0259712
2 0.116148 0.245828 0.0139667 0.0166301 0.025579
4 0.530131 0.482299 0.0168621 0.0191594 0.0255315
3 0.829157 0.620785 0.231504 0.171935 0.0249994
4 0.595095 0.478123 0.0128842 0.020235 0.0249234
2 0.12909 0.229735 0.0260657 0.0192414 0.0245574
14 0.199951 0.568082 0.0187548 0.0715323 0.0243309
2 0.0759599 0.136846 0.0137058 0.0135236 0.0240565
0 0.0614494 0.506536 0.0218202 0.0600569 0.0239635
14 0.353295 0.523029 0.0184539 0.0379016 0.0238886
4 0.570877 0.487483 0.0485951 0.0211083 0.0236331
0 0.383544 0.480091 0.0113849 0.0173939 0.0236036
7 0.718578 0.0829168 0.0222097 0.10029 0.0234192
14 0.198274 0.573777 0.014646 0.0548913 0.0234056
8 0.274073 0.543377 0.0405964 0.0986005 0.0234041
11 0.128309 0.686757 0.0478007 0.0914324 0.022972
0 0.631858 0.464464 0.00700824 0.0224632 0.0229162
0 0.352 0.517841 0.0178586 0.0438499 0.0221732
7 0.677257 0.422879 0.00836731 0.0240066 0.0219001
4 0.628619 0.475855 0.00861218 0.0188671 0.0216094
2 0.762662 0.356404 0.0179847 0.0188776 0.0216091
3 0.826009 0.5839 0.0645186 0.116366 0.0215468
2 0.110203 0.24337 0.0113074 0.0240511 0.0214645
0 0.669123 0.469839 0.0155241 0.0340202 0.0213978
2 0.175682 0.212934 0.065592 0.0443252 0.0213528
14 0.826465 0.472115 0.0136875 0.0324285 0.0212757
0 0.348282 0.519968 0.00949643 0.0586862 0.0211141
2 0.123292 0.233578 0.0333517 0.0249266 0.0210865
4 0.268836 0.549365 0.0287803 0.114433 0.0208464
18 0.132079 0.705494 0.0561767 0.161595 0.0206101
4 0.651838 0.472226 0.0172942 0.0315103 0.0205406
3 0.368479 0.515604 0.0170902 0.0474262 0.0201315
0 0.638712 0.455272 0.00967041 0.0135655 0.0199616
8 0.0557318 0.84129 0.109363 0.31742 0.0196732
7 0.359502 0.414357 0.0148004 0.0369491 0.0194842
10 0.264878 0.657639 0.0116733 0.0478341 0.0191784
0 0.699869 0.524574 0.0206641 0.0435537 0.0190806
14 0.741171 0.504612 0.0239487 0.048782 0.0189955
0 0.204518 0.507853 0.0235736 0.0306634 0.0189144
0 0.372591 0.490518 0.0167478 0.0437767 0.0186489
3 0.352 0.517841 0.0178586 0.0438499 0.0186124
0 0.0593951 0.579167 0.0646195 0.199875 0.0185558
7 0.666307 0.369632 0.0112668 0.0621844 0.0181057
0 0.0271282 0.525285 0.0520925 0.115968 0.0180758
3 0.790772 0.598039 0.102297 0.140092 0.0179986
9 0.870225 0.52634 0.0129667 0.0306494 0.0178938
13 0.334293 0.492361 0.0191383 0.0536745 0.0178697
4 0.631629 0.508886 0.131894 0.049164 0.0178511
1 0.703321 0.455552 0.0115773 0.0202657 0.0177187
0 0.870198 0.446911 0.010976 0.0258369 0.0175181
0 0.0694147 0.596385 0.0369179 0.191686 0.0175022
10 0.287983 0.571336 0.0129688 0.0372405 0.0172624
0 0.115796 0.493909 0.0143589 0.021597 0.0171207
4 0.368479 0.515604 0.0170902 0.0474262 0.0170397
1 0.33186 0.435415 0.0184839 0.0280799 0.0170341
8 0.761975 0.495377 0.0686574 0.0669085 0.0168136
8 0.202492 0.579822 0.0218966 0.0605995 0.0166532
0 0.308206 0.513122 0.0238785 0.058586 0.016518
0 0.412238 0.490726 0.0189008 0.0250731 0.0164088
4 0.650573 0.478128 0.0130734 0.0359652 0.0164003
1 0.651163 0.435123 0.00935809 0.0183083 0.0163897
0 0.530131 0.482299 0.0168621 0.0191594 0.0162806
8 0.812629 0.553018 0.0896515 0.0987772 0.0162079
1 0.579755 0.456298 0.0172423 0.00942963 0.0161722
4 0.414171 0.482189 0.0124749 0.0193226 0.0160626
8 0.684227 0.583764 0.0638419 0.1393 0.015999
8 0.202725 0.549658 0.0243839 0.0917811 0.0157771
4 0.204518 0.507853 0.0235736 0.0306634 0.0154284
1 0.350981 0.459371 0.0109554 0.0171912 0.0152573
0 0.0255605 0.501407 0.0364397 0.0676407 0.015201
2 0.0691749 0.131828 0.0270452 0.0236984 0.0150671
7 0.719244 0.0618447 0.0198461 0.0584466 0.0150449
18 0.369417 0.60375 0.025444 0.0827658 0.0147673
0 0.0823131 0.509014 0.0240399 0.0418145 0.0147598
2 0.771884 0.339425 0.016015 0.0140823 0.014751
2 0.0665066 0.119686 0.03218 0.0288747 0.0146456
4 0.634556 0.543022 0.124302 0.10603 0.0145401
8 0.792659 0.471436 0.0308009 0.0422301 0.0142852
7 0.348081 0.413075 0.00988052 0.0346835 0.0140757
0 0.278522 0.541524 0.0237586 0.0897985 0.0140233
5 0.352 0.517841 0.0178586 0.0438499 0.0139535
0 0.617284 0.466269 0.0073479 0.0259249 0.0138673
0 0.21749 0.496191 0.0123377 0.0400019 0.0138593
3 0.841831 0.567445 0.0729792 0.0905453 0.013762
8 0.386602 0.529108 0.0235193 0.0639599 0.013756
0 0.715653 0.46183 0.00885059 0.0497899 0.0136187
3 0.0613286 0.831504 0.0338485 0.106729 0.0133884
17 0.915514 0.439929 0.013662 0.0136579 0.0132944
10 0.209441 0.650976 0.0125603 0.0488844 0.0132118
9 0.285141 0.566145 0.0132751 0.0485762 0.0132078
5 0.199951 0.568082 0.0187548 0.0715323 0.0130953
0 0.288049 0.571556 0.0122823 0.0385303 0.0130578
0 0.0409375 0.488668 0.0294317 0.0438813 0.0129931
8 0.699869 0.524574 0.0206641 0.0435537 0.0128694
4 0.0174063 0.573938 0.0321214 0.178535 0.012807
4 0.579755 0.456298 0.0172423 0.00942963 0.0126433
8 0.308206 0.513122 0.0238785 0.058586 0.0125899
0 0.689012 0.499623 0.0211957 0.0635678 0.0125557
0 0.288537 0.517691 0.0187327 0.0545157 0.0125551
4 0.766401 0.477971 0.0725837 0.0534755 0.0123534
7 0.728 0.0883729 0.0217015 0.0893011 0.0122552
8 0.714486 0.593528 0.0971851 0.156844 0.0121696
4 0.966499 0.550664 0.065283 0.058727 0.0121364
13 0.388662 0.481802 0.0118494 0.0184369 0.0120092
17 0.041831 0.487985 0.0312305 0.0424453 0.0119871
4 0.829157 0.620785 0.231504 0.171935 0.0119469
8 0.386544 0.576258 0.0518447 0.129995 0.0119147
7 0.734344 0.0863424 0.0126638 0.0836294 0.0118267
7 0.666017 0.37473 0.0106963 0.0243974 0.0118213
0 0.840091 0.470072 0.0149937 0.047915 0.0117847
8 0.734883 0.505808 0.0221965 0.0482746 0.0117402
22 0.14949 0.711681 0.0243403 0.151701 0.011729
15 0.533362 0.459991 0.0349762 0.0769875 0.0117102
2 0.125618 0.180625 0.0262442 0.0330926 0.0114361
0 0.00713544 0.522205 0.0106107 0.0309439 0.0113839
1 0.405835 0.438972 0.00828143 0.0302996 0.0112986
4 0.607806 0.477705 0.0100539 0.0150643 0.0112947
3 0.850917 0.587668 0.0924475 0.116291 0.0112803
1 0.396107 0.437362 0.00939468 0.0278973 0.0111048
0 0.291777 0.531686 0.0184734 0.070063 0.0110252
8 0.122479 0.731761 0.0733995 0.248023 0.0109826
12 0.534111 0.45831 0.0345147 0.0742664 0.0108867
9 0.906756 0.524966 0.0178584 0.0793899 0.0108037
7 0.651163 0.435123 0.00935809 0.0183083 0.0107551
0 0.0899399 0.508656 0.0222941 0.0379854 0.0107376
3 0.8214 0.606049 0.149073 0.192713 0.0106271
42 0.128442 0.689418 0.047704 0.0844785 0.0104859
22 0.285141 0.566145 0.0132751 0.0485762 0.0104708
7 0.677522 0.438303 0.00775494 0.0238035 0.0104256
8 0.0613286 0.831504 0.0338485 0.106729 0.0103565
7 0.645056 0.442449 0.00785809 0.0219732 0.0102226
1 0.348108 0.457309 0.0133243 0.0276509 0.0101743
0 0.285141 0.566145 0.0132751 0.0485762 0.0101708
0 0.00985162 0.525001 0.0167756 0.0353747 0.010148
1 0.967211 0.366469 0.062631 0.33338 0.0100566
8 0.379732 0.552151 0.0380439 0.0543972 0.010056
1 0.363717 0.429233 0.0108673 0.0377409 0.0100419
13 0.0633217 0.760433 0.0482022 0.0585328 0.0100353
2 0.864458 0.297578 0.00741272 0.0141504 0.00996568
2 0.854769 0.301283 0.00499115 0.00939426 0.00992213
