12 0.728126 0.73304 0.22169 0.28639 0.961405
4 0.0965381 0.778694 0.125577 0.142426 0.928226
1 0.127572 0.690566 0.0365082 0.0351693 0.824799
8 0.79226 0.847209 0.0756936 0.123627 0.816681
1 0.0186881 0.232501 0.0364624 0.193935 0.808119
1 0.221705 0.718713 0.008461 0.0181848 0.717765
4 0.025839 0.763594 0.0269391 0.0466635 0.60514
4 0.155769 0.778828 0.022491 0.0789612 0.511727
0 0.313393 0.763831 0.0131663 0.0452523 0.491844
8 0.230137 0.774883 0.0188876 0.0345433 0.430963
0 0.244833 0.757047 0.00729134 0.0393828 0.330258
8 0.397969 0.781785 0.0212461 0.0419097 0.265196
0 0.22795 0.762719 0.0118346 0.0294432 0.251136
1 0.0754702 0.66704 0.0286984 0.0379271 0.240776
7 0.263378 0.535771 0.0121132 0.0239113 0.160233
7 0.223638 0.62856 0.0122156 0.0261898 0.144089
14 0.398441 0.781736 0.0216416 0.0425973 0.12886
0 0.283032 0.752809 0.00921521 0.0440391 0.106483
8 0.244596 0.76771 0.00853693 0.0238713 0.105162
0 0.460496 0.78071 0.0177402 0.0587616 0.103698
4 0.00700461 0.76539 0.0123297 0.0365949 0.0918322
4 0.0433788 0.761978 0.0181281 0.0454965 0.0896322
0 0.240283 0.758684 0.0101025 0.0443904 0.0862075
0 0.398787 0.781314 0.0184959 0.0416605 0.0837014
23 0.397969 0.781785 0.0212461 0.0419097 0.0633477
0 0.223146 0.75947 0.0111063 0.022432 0.0616716
1 0.224273 0.718773 0.0137104 0.016215 0.0614458
0 0.301467 0.762119 0.0090863 0.0418737 0.0603982
0 0.246188 0.761253 0.00934042 0.0328124 0.0578751
1 0.00453056 0.682673 0.00619181 0.0293678 0.052278
14 0.460496 0.78071 0.0177402 0.0587616 0.0445367
1 0.283063 0.735249 0.00955914 0.0166204 0.0428569
0 0.351696 0.761831 0.0120366 0.0554294 0.0425654
0 0.283206 0.761162 0.00849878 0.0276363 0.0358021
0 0.344863 0.758382 0.0088248 0.0512878 0.0329921
1 0.221079 0.725384 0.00889562 0.0200962 0.0329015
0 0.294844 0.760464 0.00999231 0.0310279 0.0325089
8 0.311239 0.763984 0.0135812 0.0435443 0.0312149
4 0.162325 0.767909 0.0153789 0.0403713 0.0307287
8 0.235392 0.7763 0.0203017 0.0348277 0.0288405
1 0.108419 0.711669 0.0157389 0.0164337 0.0282022
8 0.812087 0.84565 0.0489919 0.129679 0.0198684
4 0.0301114 0.758389 0.0239038 0.0527984 0.0195997
1 0.0343883 0.700537 0.0226932 0.0234404 0.0177044
0 0.289578 0.762866 0.00944861 0.0284284 0.0174138
0 0.269386 0.758063 0.0083978 0.0290588 0.0173221
1 0.0354458 0.695546 0.0229831 0.0156441 0.0166406
8 0.460646 0.782584 0.0184523 0.0587933 0.016317
0 0.336639 0.757745 0.015257 0.0454962 0.014553
2 0.354006 0.664017 0.00651782 0.0103327 0.0131557
1 0.240283 0.758684 0.0101025 0.0443904 0.0131248
3 0.790038 0.848217 0.072114 0.119339 0.0125925
7 0.215487 0.629994 0.0104438 0.0165944 0.0123034
2 0.482923 0.452427 0.0098859 0.015419 0.0121204
8 0.183201 0.794224 0.0128586 0.0222884 0.0114231
8 0.390856 0.780613 0.0274061 0.039716 0.0111705
0 0.229335 0.774097 0.0165681 0.0345828 0.0110728
0 0.349399 0.76853 0.0124407 0.0399533 0.0109208
1 0.0539757 0.665981 0.0227868 0.0348499 0.0108903
7 0.207341 0.626048 0.00938997 0.0180108 0.0103322
4 0.0481458 0.763449 0.0214884 0.04197 0.00976179
1 0.221404 0.710528 0.00877205 0.025701 0.00949503
1 0.102889 0.689124 0.0190648 0.022041 0.00936147
1 0.243817 0.72346 0.00910936 0.0184098 0.00910381
0 0.262847 0.7543 0.00627109 0.0328999 0.00908524
4 0.22795 0.762719 0.0118346 0.0294432 0.00828242
1 0.115242 0.71336 0.0135705 0.0178823 0.00779852
1 0.092885 0.710929 0.0098464 0.0148877 0.00763502
0 0.283063 0.735249 0.00955914 0.0166204 0.00758976
1 0.270829 0.715961 0.00820535 0.0214651 0.00752743
3 0.80341 0.836212 0.0622245 0.141282 0.00751769
1 0.0365894 0.708385 0.0245942 0.025461 0.00746472
1 0.130115 0.720432 0.023801 0.0174658 0.00744237
2 0.255429 0.680002 0.00807759 0.0095729 0.00709161
0 0.476197 0.782899 0.0225832 0.0517229 0.00696655
14 0.752363 0.827979 0.0250926 0.0671663 0.0069607
8 0.22795 0.762719 0.0118346 0.0294432 0.00681696
4 0.152507 0.770404 0.0185677 0.0551377 0.0067706
7 0.255429 0.680002 0.00807759 0.0095729 0.00674165
0 0.466171 0.767911 0.0298789 0.0860919 0.00667588
0 0.475269 0.764955 0.0261081 0.0876893 0.00662656
0 0.244596 0.76771 0.00853693 0.0238713 0.00662616
3 0.461614 0.782346 0.0185066 0.0550627 0.00653835
1 0.217501 0.716555 0.0119009 0.0210444 0.00648517
2 0.484599 0.450178 0.0110706 0.0140853 0.00635109
0 0.356798 0.762051 0.0130116 0.0550483 0.0060763
1 0.0838118 0.674142 0.0449387 0.0418329 0.00601137
1 0.139156 0.716329 0.0133964 0.0131362 0.00586092
4 0.294844 0.760464 0.00999231 0.0310279 0.00562239
4 0.03999 0.75517 0.0228519 0.0561457 0.00552057
8 0.289578 0.762866 0.00944861 0.0284284 0.00548011
23 0.460162 0.782089 0.0172988 0.0554122 0.00529299
8 0.246188 0.761253 0.00934042 0.0328124 0.00524159
7 0.271885 0.536055 0.0197551 0.0246921 0.00515243
4 0.223146 0.75947 0.0111063 0.022432 0.00510891
8 0.283206 0.761162 0.00849878 0.0276363 0.00507404
1 0.283476 0.727017 0.00974661 0.0222816 0.00507283
5 0.230137 0.774883 0.0188876 0.0345433 0.00506543
4 0.00348506 0.766086 0.00697012 0.0430754 0.00496361
8 0.244833 0.757047 0.00729134 0.0393828 0.00492189
8 0.208052 0.780617 0.0206153 0.0282643 0.00487085
8 0.266218 0.765275 0.0079527 0.0165494 0.00486136
7 0.721363 0.786944 0.0179249 0.0399298 0.00485353
1 0.0702157 0.696689 0.0307264 0.0233222 0.00468398
8 0.158657 0.779872 0.0210111 0.076714 0.00463965
0 0.164375 0.76415 0.0128414 0.0335326 0.00460756
7 0.223406 0.620221 0.0135223 0.0408993 0.00457249
1 0.223146 0.75947 0.0111063 0.022432 0.00443049
7 0.00453056 0.682673 0.00619181 0.0293678 0.00428007
2 0.410673 0.449252 0.00778522 0.0129406 0.00422876
8 0.162325 0.767909 0.0153789 0.0403713 0.00406841
1 0.22795 0.762719 0.0118346 0.0294432 0.00403657
7 0.208632 0.632775 0.0109801 0.0249487 0.00399625
8 0.301467 0.762119 0.0090863 0.0418737 0.0039941
7 0.2274 0.619806 0.0105807 0.0429196 0.00393251
1 0.733442 0.57221 0.0122417 0.0171986 0.00386596
0 0.271213 0.749773 0.0107214 0.0454278 0.00380726
7 0.240283 0.758684 0.0101025 0.0443904 0.00378888
1 0.233894 0.746468 0.0102046 0.0303403 0.00371198
0 0.807211 0.829079 0.0589362 0.137093 0.00357403
1 0.243529 0.753532 0.00831615 0.0403708 0.00355182
3 0.311239 0.763984 0.0135812 0.0435443 0.00351372
0 0.266218 0.765275 0.0079527 0.0165494 0.00343622
8 0.476197 0.782899 0.0225832 0.0517229 0.00342318
7 0.200623 0.536286 0.012031 0.039051 0.00341517
4 0.398422 0.781659 0.0205364 0.0419165 0.00337047
8 0.250977 0.766802 0.0126732 0.0198342 0.00331232
3 0.476197 0.782899 0.0225832 0.0517229 0.00331076
1 0.160819 0.696997 0.015336 0.0242023 0.0032433
0 0.233894 0.746468 0.0102046 0.0303403 0.00319582
4 0.244833 0.757047 0.00729134 0.0393828 0.00314712
14 0.476197 0.782899 0.0225832 0.0517229 0.00314537
8 0.185881 0.789984 0.0190797 0.0363182 0.00312979
2 0.716502 0.597673 0.00864319 0.0136976 0.00307361
0 0.331638 0.764153 0.0239058 0.0376069 0.00305992
1 0.0590453 0.698475 0.0202549 0.0246654 0.00295761
6 0.155879 0.775956 0.0227667 0.0859828 0.00294818
4 0.0549376 0.757279 0.0330801 0.0392532 0.00289363
7 0.262879 0.544161 0.0138576 0.0292203 0.00284469
14 0.283206 0.761162 0.00849878 0.0276363 0.00283869
7 0.0183051 0.233562 0.0366103 0.193021 0.00283578
7 0.725782 0.789038 0.0258225 0.0489363 0.00276687
0 0.286547 0.739061 0.0152829 0.022332 0.00274533
8 0.223146 0.75947 0.0111063 0.022432 0.00272904
3 0.8141 0.835788 0.048779 0.115525 0.00271566
8 0.179908 0.79521 0.0226829 0.0345225 0.00263684
0 0.158896 0.777957 0.0183134 0.0741496 0.00260439
4 0.145562 0.759364 0.0472985 0.105556 0.00260374
7 0.262438 0.67991 0.0138947 0.0108068 0.00259943
7 0.220343 0.651268 0.0154596 0.0317939 0.00258483
0 0.25775 0.75877 0.00846085 0.0288927 0.0025693
1 0.163201 0.697985 0.0169026 0.0177806 0.00251887
5 0.155879 0.775956 0.0227667 0.0859828 0.00247916
1 0.187134 0.694555 0.0235577 0.0183225 0.00247832
0 0.310539 0.772663 0.0142613 0.0389793 0.00245472
3 0.283206 0.761162 0.00849878 0.0276363 0.00238165
7 0.264554 0.528576 0.0114201 0.0385034 0.00231985
1 0.283457 0.695318 0.0115954 0.0454729 0.00229368
1 0.213934 0.679766 0.0168959 0.0186105 0.00228878
3 0.397969 0.781785 0.0212461 0.0419097 0.00228723
1 0.0966595 0.704085 0.0143017 0.0151533 0.00227219
1 0.29036 0.650978 0.00935599 0.0354244 0.00226935
1 0.212328 0.719555 0.0152878 0.0130687 0.00226311
22 0.398787 0.781314 0.0184959 0.0416605 0.00226124
1 0.0486547 0.690389 0.0235417 0.025533 0.0022576
6 0.108419 0.711669 0.0157389 0.0164337 0.00225222
8 0.710933 0.808938 0.0679742 0.0945325 0.00224343
5 0.396384 0.781402 0.0200845 0.0415151 0.00222392
7 0.092885 0.710929 0.0098464 0.0148877 0.00221701
4 0.156994 0.756933 0.0156089 0.0459785 0.00214153
8 0.331638 0.764153 0.0239058 0.0376069 0.00213863
8 0.186476 0.796249 0.0165309 0.0302888 0.00212763
3 0.289578 0.762866 0.00944861 0.0284284 0.00212633
22 0.183201 0.794224 0.0128586 0.0222884 0.00211335
3 0.266218 0.765275 0.0079527 0.0165494 0.00211166
1 0.00563555 0.664998 0.00852809 0.0312746 0.00208336
1 0.120393 0.692563 0.0304179 0.0346502 0.00206255
1 0.183214 0.696529 0.019191 0.0162931 0.00205916
0 0.196726 0.75752 0.00975975 0.016569 0.00205744
8 0.741894 0.812834 0.0424517 0.0959659 0.00200819
14 0.353465 0.764822 0.0131821 0.0522988 0.00199684
4 0.31248 0.763617 0.0136465 0.0459446 0.00195849
7 0.256805 0.537634 0.0174643 0.02242 0.00194601
7 0.194678 0.630308 0.00949785 0.0179709 0.00194586
14 0.390856 0.780613 0.0274061 0.039716 0.00193421
0 0.77479 0.829446 0.0657003 0.14013 0.00192379
8 0.00631488 0.762841 0.0109179 0.0285362 0.00192037
0 0.287479 0.7683 0.00810495 0.0323932 0.0018987
7 0.243817 0.72346 0.00910936 0.0184098 0.00188843
13 0.22795 0.762719 0.0118346 0.0294432 0.00186059
1 0.0605645 0.704816 0.0486928 0.0389068 0.00185866
1 0.255429 0.680002 0.00807759 0.0095729 0.00185045
1 0.044025 0.684547 0.0185463 0.0196173 0.00181164
2 0.409135 0.448996 0.00877808 0.0172005 0.00180228
14 0.289578 0.762866 0.00944861 0.0284284 0.00179059
1 0.262438 0.67991 0.0138947 0.0108068 0.00177178
7 0.0374559 0.693103 0.0189554 0.0163867 0.0017407
1 0.73165 0.581946 0.0150531 0.0345351 0.00172452
4 0.203321 0.755989 0.0122121 0.0173561 0.00164357
3 0.230137 0.774883 0.0188876 0.0345433 0.00162767
4 0.283032 0.752809 0.00921521 0.0440391 0.00161784
1 0.0356237 0.687734 0.0184128 0.0185005 0.00160514
22 0.301467 0.762119 0.0090863 0.0418737 0.00159918
1 0.00877576 0.677911 0.013376 0.0363924 0.00158192
14 0.301467 0.762119 0.0090863 0.0418737 0.0015551
7 0.29252 0.647213 0.00778778 0.0324859 0.00155231
2 0.262438 0.67991 0.0138947 0.0108068 0.00151635
2 0.327766 0.476153 0.0125466 0.00806969 0.00149434
1 0.09674 0.708157 0.0259736 0.0178583 0.00147444
7 0.245645 0.679299 0.00761545 0.0107509 0.00146917
1 0.481145 0.739144 0.01102 0.037469 0.0014538
8 0.287479 0.7683 0.00810495 0.0323932 0.00143649
4 0.289578 0.762866 0.00944861 0.0284284 0.00142989
4 0.710933 0.808938 0.0679742 0.0945325 0.00142265
1 0.163975 0.702201 0.019988 0.0207511 0.00142224
1 0.152507 0.770404 0.0185677 0.0551377 0.00142151
4 0.0109667 0.769789 0.0201179 0.0470963 0.00140012
7 0.243529 0.753532 0.00831615 0.0403708 0.00139555
7 0.102889 0.689124 0.0190648 0.022041 0.00139049
5 0.246188 0.761253 0.00934042 0.0328124 0.00135214
14 0.470363 0.764972 0.0447449 0.0911857 0.00133774
0 0.79161 0.833674 0.0701368 0.14446 0.00133045
8 0.379098 0.777937 0.0442541 0.0374484 0.00131153
1 0.215164 0.753682 0.00875295 0.0252563 0.00130748
22 0.31248 0.763617 0.0136465 0.0459446 0.0013065
4 0.108419 0.711669 0.0157389 0.0164337 0.0012972
2 0.503949 0.452449 0.0101347 0.0180353 0.00128633
0 0.479729 0.759545 0.015405 0.0788394 0.00127984
0 0.363642 0.763552 0.0137804 0.0513547 0.00127954
7 0.29036 0.650978 0.00935599 0.0354244 0.0012634
5 0.22795 0.762719 0.0118346 0.0294432 0.00126027
13 0.223146 0.75947 0.0111063 0.022432 0.00124673
1 0.0969743 0.778126 0.125989 0.142032 0.00123521
7 0.233145 0.629374 0.00997601 0.016385 0.00122846
0 0.181184 0.760176 0.0113724 0.0216744 0.00122312
4 0.229335 0.774097 0.0165681 0.0345828 0.00121972
1 0.0143798 0.681771 0.017301 0.0299867 0.00120789
8 0.294844 0.760464 0.00999231 0.0310279 0.00120712
1 0.0440955 0.66938 0.0275639 0.0302168 0.00119572
5 0.460099 0.78305 0.017826 0.0547084 0.00118794
8 0.353465 0.764822 0.0131821 0.0522988 0.00118665
7 0.108419 0.711669 0.0157389 0.0164337 0.00117059
1 0.108925 0.72672 0.013903 0.0279418 0.00116766
8 0.752363 0.827979 0.0250926 0.0671663 0.00115932
1 0.156994 0.756933 0.0156089 0.0459785 0.00114387
0 0.355152 0.77556 0.0150842 0.0354956 0.00113335
1 0.270607 0.696 0.00835556 0.0215667 0.00112288
1 0.229543 0.777156 0.0174092 0.0328621 0.00112073
6 0.092885 0.710929 0.0098464 0.0148877 0.00109505
8 0.179986 0.772901 0.0153589 0.0301314 0.00109502
4 0.301467 0.762119 0.0090863 0.0418737 0.00108837
7 0.260977 0.676926 0.0086557 0.0151536 0.00108486
0 0.203321 0.755989 0.0122121 0.0173561 0.00108437
30 0.733442 0.57221 0.0122417 0.0171986 0.00108277
7 0.210208 0.663014 0.0140178 0.0204753 0.00107913
1 0.285678 0.656969 0.0133258 0.0281368 0.00106512
1 0.00876071 0.640603 0.0141448 0.0266505 0.00104344
22 0.722201 0.787488 0.0207189 0.0451112 0.00104329
14 0.294844 0.760464 0.00999231 0.0310279 0.00103029
8 0.21126 0.773005 0.0239078 0.027762 0.00102477
14 0.816777 0.840469 0.0441409 0.112934 0.00101004
2 0.263378 0.535771 0.0121132 0.0239113 0.00100357
