4 0.687727 0.787664 0.178541 0.193959 0.924356
6 0.468084 0.721604 0.0753053 0.134329 0.892449
4 0.227196 0.756744 0.0302989 0.0348115 0.775091
4 0.392406 0.749952 0.0198615 0.0243594 0.51017
8 0.943416 0.778748 0.0498944 0.108699 0.464054
4 0.368677 0.747941 0.020588 0.0206699 0.420297
4 0.426836 0.750709 0.0166209 0.0420699 0.417601
4 0.331671 0.743725 0.0290746 0.0305321 0.385996
4 0.422363 0.751271 0.0167805 0.0418754 0.317105
4 0.408358 0.751728 0.0175613 0.0345313 0.302396
4 0.431772 0.752806 0.0112852 0.0444909 0.284979
4 0.0979519 0.773954 0.0613163 0.0525873 0.270004
4 0.0221907 0.777512 0.0398593 0.0384885 0.237741
4 0.340753 0.748125 0.0127621 0.020811 0.220561
4 0.386157 0.748733 0.0186288 0.0216333 0.201601
4 0.282044 0.752131 0.0290181 0.0194941 0.18588
4 0.289397 0.75248 0.020979 0.0183001 0.146209
4 0.351511 0.747631 0.0111192 0.0187362 0.136497
4 0.30597 0.750081 0.0160345 0.0171606 0.12748
4 0.158105 0.767124 0.0351427 0.0425257 0.12399
4 0.136293 0.770082 0.0326002 0.0434473 0.121453
1 0.414784 0.728139 0.00790375 0.033745 0.113045
4 0.273151 0.752034 0.0155298 0.0188812 0.110076
4 0.0449803 0.774362 0.0437215 0.034835 0.0767647
4 0.0544169 0.772828 0.0295592 0.0330738 0.0654181
4 0.397806 0.752148 0.0167504 0.0262121 0.0621155
1 0.377581 0.724589 0.00750262 0.0190681 0.0523431
4 0.181338 0.765776 0.0308308 0.0391068 0.045724
4 0.194646 0.764338 0.036186 0.0356126 0.0437486
15 0.330353 0.740396 0.0273841 0.0342743 0.0421236
4 0.146575 0.769037 0.0349038 0.0436589 0.0417519
4 0.359107 0.745468 0.0133806 0.0213323 0.040056
4 0.508452 0.746684 0.0103283 0.0340756 0.0336224
4 0.0642417 0.768436 0.028091 0.0353758 0.0306144
4 0.381269 0.745349 0.0139797 0.0205458 0.0281076
6 0.414784 0.728139 0.00790375 0.033745 0.0245724
4 0.202546 0.760859 0.0262265 0.0323151 0.0241064
6 0.424646 0.741448 0.0151303 0.0562031 0.0200223
4 0.252251 0.753818 0.0144284 0.0197291 0.0187289
1 0.411106 0.731491 0.0121237 0.0358678 0.0173202
4 0.297274 0.753819 0.0123309 0.0214609 0.017315
4 0.243456 0.754164 0.0184442 0.0252743 0.0162989
4 0.084189 0.774868 0.0375737 0.0481875 0.0154367
4 0.19792 0.762038 0.0243319 0.0262317 0.0148704
0 0.422363 0.751271 0.0167805 0.0418754 0.0127212
0 0.943334 0.777698 0.0487071 0.107926 0.0124422
4 0.347496 0.752249 0.00999909 0.0244258 0.0123269
22 0.721379 0.975348 0.0157981 0.0477071 0.0113371
6 0.418197 0.750657 0.0196725 0.0413775 0.0107213
8 0.422322 0.753392 0.0144659 0.0401274 0.0102901
8 0.409614 0.754476 0.0161944 0.0372237 0.00978899
1 0.253148 0.733002 0.00727361 0.0210335 0.00928317
6 0.330353 0.740396 0.0273841 0.0342743 0.00702622
4 0.264476 0.751601 0.0217958 0.0196996 0.00634093
0 0.426836 0.750709 0.0166209 0.0420699 0.0062422
4 0.125639 0.773668 0.0215598 0.0430125 0.00618068
1 0.359599 0.722663 0.00885565 0.0147754 0.00598144
4 0.437652 0.753404 0.0142586 0.0488642 0.00552512
4 0.0728795 0.770139 0.035717 0.0410567 0.00512909
4 0.310942 0.745053 0.0166729 0.0219607 0.00475572
1 0.414347 0.718767 0.00886252 0.0266264 0.00475113
4 0.441763 0.756705 0.0170915 0.054095 0.00465549
4 0.424646 0.741448 0.0151303 0.0562031 0.00463971
8 0.137492 0.770617 0.0249618 0.0464959 0.00450779
0 0.431772 0.752806 0.0112852 0.0444909 0.00431217
1 0.368236 0.723213 0.0107807 0.0165731 0.00430352
15 0.326391 0.729486 0.0170652 0.0261413 0.00421391
15 0.424646 0.741448 0.0151303 0.0562031 0.00414459
6 0.426836 0.750709 0.0166209 0.0420699 0.00401597
5 0.426836 0.750709 0.0166209 0.0420699 0.00401369
5 0.431772 0.752806 0.0112852 0.0444909 0.00374908
15 0.414784 0.728139 0.00790375 0.033745 0.00346003
4 0.276271 0.747379 0.0204641 0.0250713 0.00341634
0 0.408358 0.751728 0.0175613 0.0345313 0.00317801
15 0.324931 0.724939 0.0168795 0.0169185 0.00266517
4 0.509141 0.728885 0.00952216 0.0328339 0.00261705
5 0.422363 0.751271 0.0167805 0.0418754 0.00256927
1 0.324931 0.724939 0.0168795 0.0169185 0.00253095
15 0.418197 0.750657 0.0196725 0.0413775 0.00252012
4 0.188346 0.75848 0.0238927 0.0329746 0.00248115
7 0.453547 0.559103 0.00884164 0.0179525 0.00247479
6 0.431772 0.752806 0.0112852 0.0444909 0.00242779
8 0.351511 0.747631 0.0111192 0.0187362 0.00240064
4 0.393315 0.756209 0.0170353 0.0342709 0.00236647
6 0.509345 0.740533 0.0102283 0.0415811 0.00235727
6 0.309371 0.749534 0.0145078 0.0171561 0.00221327
4 0.512405 0.738161 0.0118471 0.0388393 0.00213122
4 0.49705 0.751212 0.0146611 0.0370406 0.00209566
1 0.253511 0.725302 0.00610069 0.0177868 0.00193389
6 0.410443 0.75024 0.0182299 0.0380805 0.00188081
4 0.0344338 0.767106 0.0644143 0.0518797 0.00187193
6 0.367331 0.748554 0.0226677 0.0202 0.00186801
4 0.509258 0.741449 0.00871219 0.0509459 0.00181463
4 0.437421 0.736661 0.0134489 0.0268695 0.00179471
6 0.426825 0.73101 0.0192253 0.0733099 0.00178104
2 0.502066 0.353558 0.0103256 0.0168712 0.0017577
3 0.409614 0.754476 0.0161944 0.0372237 0.00174993
0 0.508452 0.746684 0.0103283 0.0340756 0.00173493
0 0.351511 0.747631 0.0111192 0.0187362 0.0016606
7 0.454689 0.556373 0.00917041 0.0181816 0.00160861
0 0.381269 0.745349 0.0139797 0.0205458 0.00157146
2 0.413265 0.559081 0.00761133 0.0134832 0.001528
0 0.437421 0.736661 0.0134489 0.0268695 0.00148568
2 0.435298 0.557585 0.00848163 0.0128423 0.00141675
8 0.935613 0.789303 0.0473918 0.08808 0.00141668
6 0.414347 0.718767 0.00886252 0.0266264 0.00140735
8 0.714117 0.941469 0.150604 0.117062 0.00138315
15 0.367331 0.748554 0.0226677 0.0202 0.00137585
8 0.431772 0.752806 0.0112852 0.0444909 0.0013632
4 0.0574756 0.760207 0.0317202 0.0353584 0.00136182
0 0.359107 0.745468 0.0133806 0.0213323 0.00130172
7 0.464877 0.55834 0.00810474 0.0196882 0.00129522
15 0.309371 0.749534 0.0145078 0.0171561 0.00129189
1 0.326391 0.729486 0.0170652 0.0261413 0.00125828
8 0.927825 0.775966 0.0669388 0.105895 0.00121387
6 0.509141 0.728885 0.00952216 0.0328339 0.00120677
3 0.422322 0.753392 0.0144659 0.0401274 0.00119926
12 0.414784 0.728139 0.00790375 0.033745 0.00118715
15 0.282044 0.752131 0.0290181 0.0194941 0.00118606
15 0.467341 0.721509 0.0768508 0.133902 0.0011854
0 0.30597 0.750081 0.0160345 0.0171606 0.00115587
4 0.930543 0.721682 0.135414 0.135944 0.00112821
0 0.414347 0.718767 0.00886252 0.0266264 0.00111874
4 0.250267 0.759751 0.0136324 0.0287625 0.0011147
4 0.202756 0.772055 0.0174023 0.0453881 0.00108921
4 0.414347 0.718767 0.00886252 0.0266264 0.00106662
1 0.418294 0.710711 0.00942651 0.026998 0.00101982
