1 0.607308 0.639177 0.105042 0.114886 0.944995
4 0.339676 0.901915 0.0925697 0.0892731 0.922699
1 0.687873 0.726669 0.0516968 0.181186 0.920858
1 0.766884 0.762703 0.0450283 0.153626 0.918954
4 0.251523 0.902221 0.0958524 0.0816552 0.905497
4 0.888917 0.909174 0.0666016 0.0842631 0.898625
4 0.946082 0.904042 0.0506821 0.0634485 0.877936
1 0.256977 0.768674 0.0298527 0.0905992 0.877664
7 0.504414 0.516616 0.0251429 0.0451026 0.867833
4 0.449742 0.889621 0.0716761 0.0791826 0.859572
1 0.439744 0.660596 0.0544971 0.0316296 0.840443
4 0.65876 0.89176 0.0489559 0.0676917 0.835441
4 0.407818 0.892179 0.0397841 0.0671541 0.785336
4 0.524459 0.883915 0.0688711 0.0743883 0.773094
7 0.433674 0.518391 0.0169722 0.0820243 0.765458
7 0.571504 0.51171 0.018923 0.087346 0.741464
4 0.4682 0.876259 0.0585545 0.0725711 0.624708
0 0.0373539 0.894213 0.0157605 0.0816377 0.598459
4 0.71315 0.881048 0.02334 0.0305761 0.486297
4 0.568737 0.882192 0.0425526 0.0639761 0.427347
4 0.587432 0.879981 0.0338043 0.0510165 0.345165
4 0.732671 0.877337 0.0196628 0.0261376 0.238603
4 0.759044 0.878641 0.0283203 0.0315945 0.229446
2 0.497835 0.649056 0.00844803 0.0163555 0.219177
2 0.484629 0.649503 0.00783655 0.0152552 0.186328
1 0.343022 0.721727 0.0177958 0.0466648 0.182966
4 0.793113 0.871326 0.0223969 0.0230435 0.178263
2 0.501439 0.649094 0.0107397 0.0171739 0.171312
4 0.964534 0.891049 0.0189877 0.0386288 0.154299
2 0.515603 0.680442 0.00713165 0.0185224 0.151674
2 0.514455 0.651066 0.00938852 0.0158634 0.150182
0 0.099248 0.877823 0.0191457 0.0374378 0.149307
4 0.784296 0.872579 0.0368826 0.0301802 0.14154
4 0.790198 0.879835 0.0299663 0.027576 0.134218
4 0.389928 0.871588 0.0318998 0.0406583 0.110709
2 0.515645 0.667765 0.00776367 0.0120908 0.107402
4 0.707136 0.880304 0.0336316 0.0333374 0.102649
4 0.392898 0.880166 0.0380021 0.0548562 0.101353
4 0.628418 0.865023 0.0168679 0.0180651 0.0934819
4 0.852433 0.883066 0.02873 0.0232822 0.0927601
8 0.0996237 0.884152 0.0217515 0.0252457 0.0907159
0 0.0076859 0.901552 0.0137488 0.067057 0.089919
2 0.68999 0.50532 0.0108285 0.0247077 0.0785093
0 0.616994 0.863948 0.0107847 0.0199633 0.0654613
4 0.821333 0.881506 0.0359039 0.0297986 0.0573535
0 0.591769 0.881191 0.0223694 0.046746 0.0560518
2 0.679805 0.503169 0.01124 0.0208604 0.0550603
4 0.848933 0.886265 0.0274067 0.0193061 0.0496321
8 0.591769 0.881191 0.0223694 0.046746 0.0487715
2 0.82005 0.681576 0.0121319 0.0153846 0.0455334
2 0.381327 0.638638 0.00738126 0.0197222 0.0430317
2 0.684841 0.497139 0.0113208 0.0170199 0.0420105
15 0.349539 0.389073 0.686412 0.690979 0.0401026
2 0.495797 0.654478 0.00661496 0.0246337 0.0352442
4 0.461545 0.85288 0.0566149 0.0267911 0.0341272
4 0.567014 0.855786 0.0316043 0.0231744 0.0333474
4 0.963288 0.875011 0.0230709 0.0179135 0.0326349
0 0.730586 0.875908 0.0209949 0.0294511 0.0298735
8 0.616994 0.863948 0.0107847 0.0199633 0.0296435
7 0.342446 0.721115 0.0182206 0.0444463 0.0273794
2 0.79644 0.673189 0.0160878 0.0134948 0.0268031
2 0.94446 0.482234 0.0159584 0.0189738 0.0261047
3 0.0973341 0.881828 0.0220565 0.0306936 0.0256773
1 0.428881 0.766152 0.0378908 0.0601088 0.0230809
2 0.689383 0.49733 0.0114729 0.0180658 0.0224202
2 0.502003 0.654862 0.0109219 0.0240397 0.0220096
0 0.222313 0.875139 0.0120744 0.0278612 0.0219433
3 0.0871218 0.904971 0.0183867 0.0653118 0.0217583
4 0.611745 0.869596 0.00902521 0.0234049 0.0213872
1 0.352621 0.660464 0.0287491 0.0277293 0.0210838
4 0.616994 0.863948 0.0107847 0.0199633 0.0206959
0 0.0923316 0.887143 0.027801 0.066898 0.0205005
8 0.599497 0.879379 0.0144533 0.0406367 0.0203443
1 0.59318 0.786266 0.0130114 0.0292267 0.018297
2 0.594274 0.427625 0.00973926 0.0114115 0.0182661
3 0.0352582 0.916575 0.0169557 0.0396735 0.0181641
4 0.602129 0.868751 0.015231 0.0262117 0.0175695
7 0.548964 0.466077 0.0106718 0.0400323 0.0174761
8 0.611745 0.869596 0.00902521 0.0234049 0.0172948
2 0.725757 0.671305 0.0124385 0.0140413 0.0168002
2 0.818859 0.675499 0.0123678 0.0180161 0.0166313
2 0.716354 0.668933 0.0071875 0.0146983 0.0162979
4 0.972997 0.892394 0.0289459 0.0333689 0.0160826
2 0.944346 0.47421 0.0154888 0.0162157 0.0160428
4 0.580081 0.857255 0.0193935 0.0263105 0.0146508
2 0.941922 0.476944 0.0135143 0.0136337 0.0146368
8 0.0975985 0.87747 0.0169309 0.0392351 0.013914
1 0.607391 0.785071 0.0155461 0.0277583 0.013877
0 0.602129 0.868751 0.015231 0.0262117 0.013665
0 0.103602 0.88172 0.0191378 0.0296147 0.0134063
2 0.528 0.593571 0.00732068 0.0184314 0.013029
4 0.856511 0.878036 0.0305855 0.0241068 0.0123598
6 0.467193 0.862639 0.0563019 0.0468191 0.0121977
4 0.923145 0.89735 0.0111976 0.0366733 0.0121778
2 0.806565 0.679533 0.00681 0.0187809 0.0120436
4 0.258276 0.877487 0.0808633 0.0313907 0.0116635
7 0.551827 0.459395 0.00924493 0.0308975 0.0112919
2 0.523131 0.602043 0.00894147 0.0135538 0.0111768
2 0.707048 0.511215 0.00907965 0.0215239 0.0110402
0 0.599497 0.879379 0.0144533 0.0406367 0.0108712
8 0.0851541 0.907361 0.0186523 0.0606995 0.0106403
0 0.226807 0.872779 0.0105043 0.0252621 0.0103856
0 0.036872 0.910567 0.0184227 0.0499089 0.010348
14 0.00755191 0.906319 0.0126521 0.0663469 0.0103055
4 0.922578 0.904855 0.0103195 0.0353249 0.0101157
8 0.628418 0.865023 0.0168679 0.0180651 0.010082
0 0.618135 0.858323 0.0120453 0.0293077 0.00956738
0 0.611745 0.869596 0.00902521 0.0234049 0.00934113
2 0.684155 0.508408 0.011549 0.0310158 0.00929752
8 0.602129 0.868751 0.015231 0.0262117 0.00928356
2 0.382132 0.658196 0.00750827 0.0259019 0.00917684
2 0.928145 0.481091 0.0103649 0.0165553 0.00904056
4 0.854251 0.902223 0.0278404 0.0473939 0.00863503
8 0.0352582 0.916575 0.0169557 0.0396735 0.00841651
8 0.0926902 0.881285 0.0246592 0.0386341 0.00823937
4 0.618135 0.858323 0.0120453 0.0293077 0.00802696
6 0.470848 0.877111 0.0576244 0.0718221 0.00793907
0 0.0996756 0.886335 0.0196819 0.0352678 0.00780054
1 0.828188 0.757032 0.0100529 0.0525528 0.00765855
4 0.846611 0.905918 0.027969 0.0462944 0.00763486
2 0.953226 0.489748 0.0120522 0.0212818 0.00751924
4 0.790861 0.859875 0.0219203 0.0337126 0.00751072
2 0.926899 0.473328 0.0141731 0.0159196 0.00729426
8 0.103602 0.88172 0.0191378 0.0296147 0.00713802
3 0.591769 0.881191 0.0223694 0.046746 0.00713371
4 0.631447 0.856659 0.0155128 0.0259681 0.00708594
4 0.0973341 0.881828 0.0220565 0.0306936 0.00708393
0 0.0871218 0.904971 0.0183867 0.0653118 0.00704594
8 0.217584 0.880184 0.0182935 0.0231005 0.00702824
15 0.467193 0.862639 0.0563019 0.0468191 0.00681533
4 0.0926902 0.881285 0.0246592 0.0386341 0.00673215
4 0.864843 0.880321 0.0234247 0.0261682 0.00637436
0 0.0273729 0.895032 0.0304336 0.0718509 0.00626954
22 0.439893 0.661464 0.0542738 0.0321878 0.00622174
2 0.381306 0.631756 0.00794428 0.0193537 0.00618866
7 0.381327 0.638638 0.00738126 0.0197222 0.00618709
0 0.628418 0.865023 0.0168679 0.0180651 0.00605761
7 0.439893 0.661464 0.0542738 0.0321878 0.0060327
8 0.575354 0.886879 0.0360256 0.060477 0.00583808
4 0.599497 0.879379 0.0144533 0.0406367 0.00579322
0 0.964534 0.891049 0.0189877 0.0386288 0.00578304
7 0.382132 0.658196 0.00750827 0.0259019 0.00565139
1 0.34402 0.66627 0.0151802 0.0384469 0.00562418
0 0.735548 0.876686 0.0203231 0.0276742 0.00549112
5 0.591769 0.881191 0.0223694 0.046746 0.00547458
4 0.631858 0.879057 0.0181188 0.0353892 0.00547126
15 0.468566 0.879482 0.057802 0.0792891 0.00538101
4 0.00781444 0.904706 0.0118366 0.0649025 0.00537778
0 0.015263 0.898692 0.0194974 0.0615926 0.00537214
7 0.500961 0.642718 0.00848923 0.0205967 0.00533229
4 0.103602 0.88172 0.0191378 0.0296147 0.00523335
4 0.217584 0.880184 0.0182935 0.0231005 0.00521691
7 0.588517 0.4958 0.0116816 0.0239968 0.00508503
3 0.0203653 0.910053 0.0191253 0.0422709 0.00502532
7 0.383406 0.656683 0.0089863 0.0166989 0.00497899
2 0.531188 0.670125 0.00789905 0.0105853 0.00497753
0 0.948346 0.903231 0.049616 0.0647078 0.00495868
4 0.222313 0.875139 0.0120744 0.0278612 0.00492033
1 0.34325 0.662294 0.012139 0.0284234 0.0047561
4 0.549673 0.855254 0.03262 0.0231562 0.00474556
2 0.619101 0.465323 0.00563849 0.0188214 0.00464565
0 0.217584 0.880184 0.0182935 0.0231005 0.00463575
7 0.341782 0.684233 0.0117205 0.0284136 0.00462421
4 0.585852 0.867282 0.0328323 0.0471937 0.00449786
2 0.394798 0.469927 0.00968045 0.0210443 0.00449629
0 0.0926902 0.881285 0.0246592 0.0386341 0.00449385
7 0.570393 0.474759 0.0131531 0.0683498 0.00445855
4 0.976452 0.900243 0.0160471 0.039583 0.00443807
4 0.222739 0.87734 0.031446 0.0288391 0.00440343
4 0.779292 0.862139 0.0296596 0.0430239 0.00438382
4 0.591656 0.885869 0.0221147 0.0550808 0.00432515
6 0.461545 0.85288 0.0566149 0.0267911 0.00431026
3 0.0216845 0.919974 0.0410734 0.041612 0.00421121
8 0.212908 0.890785 0.0189917 0.0183624 0.00407245
8 0.0203653 0.910053 0.0191253 0.0422709 0.00387728
4 0.278985 0.874787 0.0394328 0.0259549 0.003851
1 0.79644 0.673189 0.0160878 0.0134948 0.0038376
4 0.226807 0.872779 0.0105043 0.0252621 0.00377103
1 0.484629 0.649503 0.00783655 0.0152552 0.00372551
3 0.0835253 0.909386 0.0180884 0.0576398 0.00370087
7 0.484629 0.649503 0.00783655 0.0152552 0.00369915
0 0.793113 0.871326 0.0223969 0.0230435 0.00363628
4 0.212908 0.890785 0.0189917 0.0183624 0.00360672
7 0.442152 0.70891 0.0118423 0.0231001 0.00354785
1 0.357222 0.841202 0.0177909 0.0302276 0.00345529
2 0.541294 0.599346 0.0163099 0.00787473 0.00339928
4 0.791392 0.889276 0.0352507 0.0317497 0.00338336
1 0.491874 0.814878 0.00708524 0.026495 0.00338092
4 0.37095 0.869902 0.0358687 0.0289986 0.0032795
4 0.757638 0.85772 0.0251133 0.037668 0.00325551
1 0.357994 0.833759 0.0173531 0.0248805 0.00309916
2 0.458897 0.621455 0.0102349 0.0126484 0.00306671
8 0.62325 0.876583 0.0237509 0.035459 0.00306549
2 0.588517 0.4958 0.0116816 0.0239968 0.00304273
7 0.549916 0.458522 0.0070509 0.02349 0.00302309
7 0.450161 0.657507 0.037448 0.0293281 0.00299675
4 0.386763 0.891321 0.0225342 0.0650581 0.00291316
8 0.213452 0.905809 0.0217533 0.0465272 0.00289593
4 0.710564 0.860692 0.0206389 0.0579902 0.00289346
8 0.00755191 0.906319 0.0126521 0.0663469 0.00288783
0 0.575354 0.886879 0.0360256 0.060477 0.00287987
2 0.383406 0.656683 0.0089863 0.0166989 0.00280245
1 0.445976 0.635974 0.022962 0.032753 0.00277798
3 0.616994 0.863948 0.0107847 0.0199633 0.00275681
8 0.222313 0.875139 0.0120744 0.0278612 0.00273137
1 0.450161 0.657507 0.037448 0.0293281 0.00269874
5 0.0973341 0.881828 0.0220565 0.0306936 0.00269475
4 0.62325 0.876583 0.0237509 0.035459 0.00266377
5 0.730586 0.875908 0.0209949 0.0294511 0.0026515
4 0.972403 0.880145 0.0433018 0.0373932 0.00262556
1 0.431354 0.817381 0.00653372 0.0312297 0.00260889
6 0.760193 0.877773 0.0289782 0.0318908 0.00258318
4 0.486637 0.886808 0.0254364 0.0616813 0.00257442
2 0.949711 0.475654 0.0192173 0.0257016 0.00255708
1 0.345778 0.656637 0.014824 0.025211 0.00250513
2 0.319577 0.637562 0.00854871 0.0187657 0.00250272
2 0.556836 0.686446 0.00378876 0.0196075 0.00247908
2 0.682566 0.629106 0.0126461 0.0158994 0.00245952
2 0.115432 0.812692 0.00928967 0.0255276 0.00244633
17 0.0373686 0.894444 0.0161624 0.0807305 0.00243392
1 0.341782 0.684233 0.0117205 0.0284136 0.00241417
9 0.0373686 0.894444 0.0161624 0.0807305 0.0024096
4 0.178224 0.880592 0.0287088 0.0253903 0.00239559
5 0.4682 0.876259 0.0585545 0.0725711 0.00239433
8 0.0216845 0.919974 0.0410734 0.041612 0.0023708
4 0.313006 0.868972 0.0182414 0.023074 0.00234788
3 0.611745 0.869596 0.00902521 0.0234049 0.00233821
7 0.965357 0.784708 0.00874426 0.0248989 0.00229019
14 0.0840023 0.908708 0.0164677 0.0583191 0.0022881
2 0.529662 0.587797 0.00715161 0.0201631 0.00226588
12 0.467193 0.862639 0.0563019 0.0468191 0.00218781
2 0.64168 0.469791 0.00608447 0.0132718 0.00217793
2 0.316571 0.623865 0.0112161 0.018842 0.00215319
0 0.0203653 0.910053 0.0191253 0.0422709 0.0021394
4 0.0923316 0.887143 0.027801 0.066898 0.00212734
2 0.467858 0.649047 0.00373782 0.0145437 0.00211973
8 0.0993375 0.898129 0.0223203 0.0336179 0.00211563
1 0.500961 0.642718 0.00848923 0.0205967 0.00211504
4 0.772087 0.863573 0.0228073 0.0440087 0.00210496
1 0.988687 0.791311 0.0226265 0.417379 0.00210378
8 0.730586 0.875908 0.0209949 0.0294511 0.00209914
8 0.0923316 0.887143 0.027801 0.066898 0.00208979
8 0.110829 0.886442 0.0174052 0.0165432 0.00208567
3 0.599497 0.879379 0.0144533 0.0406367 0.00206917
4 0.941641 0.876785 0.0237892 0.0205453 0.0020652
3 0.0993375 0.898129 0.0223203 0.0336179 0.00204759
1 0.513406 0.650283 0.00802136 0.0147388 0.00201025
2 0.705784 0.500944 0.0107081 0.0295203 0.00200561
3 0.602129 0.868751 0.015231 0.0262117 0.00193932
4 0.0871218 0.904971 0.0183867 0.0653118 0.00191557
4 0.288265 0.875914 0.0281501 0.0241357 0.00190208
12 0.468566 0.879482 0.057802 0.0792891 0.00189819
2 0.826332 0.681205 0.0108585 0.0180489 0.00188382
6 0.732671 0.877337 0.0196628 0.0261376 0.00186984
4 0.419648 0.86568 0.0274873 0.0275462 0.00186863
2 0.604156 0.496369 0.0124949 0.0190742 0.00186465
6 0.963288 0.875011 0.0230709 0.0179135 0.00185126
0 0.0835253 0.909386 0.0180884 0.0576398 0.00184228
2 0.826508 0.674907 0.0109321 0.02042 0.00181171
4 0.183085 0.879783 0.0181886 0.0224932 0.00181144
8 0.735732 0.878935 0.0185286 0.0263239 0.00178906
6 0.987697 0.857342 0.0210636 0.285315 0.00172222
6 0.888764 0.909299 0.0666533 0.0845015 0.00170681
2 0.722895 0.680062 0.0183544 0.0181437 0.00167842
2 0.548964 0.466077 0.0106718 0.0400323 0.00167565
4 0.712721 0.855027 0.020316 0.0410009 0.00165965
1 0.497835 0.649056 0.00844803 0.0163555 0.00163963
14 0.0203653 0.910053 0.0191253 0.0422709 0.00163805
4 0.519943 0.852113 0.0490288 0.0235496 0.00162154
4 0.934094 0.87692 0.0202585 0.0207852 0.00161895
3 0.0926902 0.881285 0.0246592 0.0386341 0.00161815
2 0.500961 0.642718 0.00848923 0.0205967 0.00160244
3 0.575354 0.886879 0.0360256 0.060477 0.00159424
1 0.261505 0.844442 0.0179986 0.0462507 0.0015856
8 0.036968 0.894096 0.0163161 0.0802804 0.00158311
4 0.388833 0.860398 0.0345218 0.0361893 0.00157502
1 0.82005 0.681576 0.0121319 0.0153846 0.00157201
1 0.438478 0.798085 0.0166273 0.0252163 0.0015601
5 0.735548 0.876686 0.0203231 0.0276742 0.00156009
0 0.580081 0.857255 0.0193935 0.0263105 0.00155169
1 0.608445 0.762303 0.0126108 0.0157421 0.00154827
3 0.00755191 0.906319 0.0126521 0.0663469 0.00154142
2 0.592115 0.576489 0.0177269 0.0128852 0.00152144
7 0.34325 0.662294 0.012139 0.0284234 0.00150802
0 0.0913294 0.86856 0.0202565 0.0550425 0.00150764
1 0.259584 0.834173 0.0174862 0.0490014 0.00150712
5 0.0926902 0.881285 0.0246592 0.0386341 0.00147402
0 0.214709 0.877212 0.0205158 0.0301521 0.00147084
2 0.48367 0.654601 0.00808514 0.0243605 0.00146768
1 0.619112 0.574025 0.0331523 0.0186593 0.00146344
3 0.628418 0.865023 0.0168679 0.0180651 0.00144321
4 0.708649 0.890247 0.0271719 0.0524366 0.00143019
2 0.345778 0.656637 0.014824 0.025211 0.00142834
4 0.0216845 0.919974 0.0410734 0.041612 0.00142752
0 0.604309 0.856898 0.01299 0.0262587 0.00141829
7 0.586512 0.510228 0.0166094 0.058336 0.00141735
2 0.740823 0.67367 0.0116642 0.016397 0.00141697
11 0.0368468 0.89541 0.0163924 0.0793172 0.00141236
1 0.722788 0.720975 0.0194075 0.0828744 0.00139747
14 0.976452 0.900243 0.0160471 0.039583 0.00139033
