10 0.322661 0.737783 0.154215 0.378943 0.80892
10 0.646901 0.707116 0.0732675 0.143353 0.5752
10 0.581815 0.710139 0.0777246 0.145406 0.12551
10 0.702121 0.778907 0.0509031 0.0348911 0.0857062
10 0.608676 0.6172 0.152141 0.338165 0.0385003
44 0.60238 0.792067 0.116968 0.0429386 0.0379914
10 0.375235 0.767607 0.0462968 0.295953 0.0189688
10 0.611061 0.708552 0.136699 0.150505 0.0176992
27 0.601813 0.792082 0.11542 0.0437002 0.0143403
10 0.460814 0.506254 0.0568124 0.0731938 0.00716218
10 0.461619 0.535795 0.0594583 0.0320226 0.007095
30 0.571912 0.522288 0.0787331 0.110003 0.00505934
56 0.322145 0.732973 0.155809 0.375816 0.0038308
60 0.571912 0.522288 0.0787331 0.110003 0.00309596
35 0.608506 0.616128 0.152026 0.336872 0.00293129
19 0.409109 0.88779 0.818217 0.21254 0.00279908
44 0.644884 0.796343 0.193018 0.0477558 0.00274749
27 0.461619 0.535795 0.0594583 0.0320226 0.00262517
10 0.645037 0.613729 0.0767966 0.317333 0.00243474
19 0.313328 0.934121 0.456165 0.131757 0.00227181
59 0.702482 0.778918 0.0508087 0.0341954 0.00198424
10 0.601799 0.780363 0.116723 0.0565468 0.00197615
44 0.459423 0.538431 0.0635605 0.0287374 0.00177302
44 0.275242 0.932982 0.387469 0.13382 0.00169473
27 0.477693 0.53693 0.117842 0.0362676 0.00123212
10 0.701884 0.767649 0.0506761 0.0535733 0.00103881
10 0.576548 0.512219 0.0868401 0.126747 0.00103793
13 0.571453 0.519005 0.0775322 0.0833037 0.00103607
