22 0.219373 0.627528 0.116916 0.374265 0.957274
22 0.4006 0.429505 0.0686805 0.22201 0.936981
22 0.48794 0.35664 0.0520856 0.164493 0.921268
22 0.524681 0.308833 0.0351974 0.120563 0.848319
0 0.276953 0.208673 0.0536227 0.282886 0.843656
22 0.607045 0.223749 0.0110352 0.0694828 0.515591
1 0.659537 0.104981 0.0134857 0.0563639 0.25354
0 0.43006 0.136557 0.0331266 0.0717332 0.230203
0 0.427212 0.206579 0.0363853 0.217471 0.214258
22 0.830706 0.978247 0.0139691 0.0356563 0.213996
17 0.275742 0.0841554 0.0271997 0.0313302 0.152797
22 0.580758 0.276006 0.0195143 0.0536564 0.143718
8 0.582532 0.148521 0.00838251 0.0189579 0.0976183
8 0.520727 0.170281 0.0312564 0.0277163 0.0730826
4 0.527222 0.170549 0.0196743 0.0243648 0.0688911
0 0.582532 0.148521 0.00838251 0.0189579 0.0628199
0 0.581432 0.144679 0.0102697 0.0253824 0.0564974
17 0.27614 0.0770385 0.0274471 0.0218084 0.0551238
8 0.686949 0.157748 0.00744592 0.0183556 0.05442
4 0.602943 0.150123 0.0145135 0.0121537 0.0511073
8 0.494949 0.168018 0.0218799 0.0301956 0.0494097
0 0.734384 0.157136 0.00850488 0.0145897 0.0484765
8 0.414286 0.276883 0.0243449 0.0740896 0.0464803
4 0.685211 0.157966 0.00997028 0.0137042 0.0462839
8 0.527222 0.170549 0.0196743 0.0243648 0.0461934
8 0.414904 0.246721 0.0320705 0.138559 0.045701
4 0.520727 0.170281 0.0312564 0.0277163 0.044567
9 0.250036 0.211698 0.0201891 0.0605647 0.0425234
8 0.507026 0.169822 0.0205555 0.029596 0.0413498
8 0.714376 0.157833 0.0102858 0.0179774 0.0389947
8 0.73699 0.157042 0.00867835 0.0197609 0.0385554
4 0.690395 0.157664 0.012096 0.0151125 0.0380892
18 0.641491 0.723357 0.0757067 0.125945 0.0375733
8 0.48578 0.167987 0.0161159 0.030656 0.0365579
8 0.420424 0.207098 0.0411079 0.216389 0.0358364
4 0.668985 0.156895 0.00899274 0.0132292 0.0339577
3 0.706473 0.156989 0.0151332 0.0150317 0.0332272
0 0.743645 0.157415 0.00901215 0.0143878 0.0327309
4 0.760701 0.15666 0.0108235 0.0159983 0.0323076
8 0.483895 0.156297 0.0183689 0.0204797 0.0307169
9 0.26989 0.160482 0.0405944 0.086337 0.0304131
10 0.289079 0.205748 0.0127034 0.0301487 0.030345
0 0.685211 0.157966 0.00997028 0.0137042 0.0295651
3 0.715722 0.1573 0.0129 0.0149228 0.0293068
4 0.779065 0.158654 0.0113163 0.0137843 0.0290883
8 0.493275 0.161744 0.0216887 0.026643 0.0282164
8 0.690395 0.157664 0.012096 0.0151125 0.0281997
4 0.658912 0.155645 0.0185455 0.0155404 0.0275714
8 0.622059 0.152954 0.0100378 0.0148639 0.0273456
9 0.256234 0.187106 0.0308329 0.106103 0.0262744
8 0.571541 0.150502 0.00921918 0.0152387 0.0253307
8 0.589208 0.151347 0.0109064 0.0119755 0.0242937
8 0.504396 0.163499 0.0200683 0.0268608 0.0232446
4 0.639315 0.1557 0.0119061 0.0152369 0.0227886
8 0.395157 0.184609 0.014349 0.0292409 0.0221894
1 0.544499 0.241453 0.0166157 0.124674 0.0219904
4 0.686949 0.157748 0.00744592 0.0183556 0.021975
8 0.685211 0.157966 0.00997028 0.0137042 0.0216354
8 0.706473 0.156989 0.0151332 0.0150317 0.0210608
11 0.26989 0.160482 0.0405944 0.086337 0.0196623
8 0.581432 0.144679 0.0102697 0.0253824 0.0190385
2 0.474047 0.147567 0.0167822 0.0255575 0.0188753
4 0.544237 0.149376 0.019864 0.0194281 0.0184881
4 0.763627 0.157428 0.0111432 0.0150508 0.018076
0 0.521033 0.133868 0.00880768 0.0115383 0.0180653
0 0.690395 0.157664 0.012096 0.0151125 0.0173202
8 0.734384 0.157136 0.00850488 0.0145897 0.0171596
2 0.483895 0.156297 0.0183689 0.0204797 0.0171225
0 0.622059 0.152954 0.0100378 0.0148639 0.0170098
0 0.420318 0.18149 0.0176296 0.0329849 0.0167005
0 0.430781 0.126683 0.0250357 0.0573281 0.0159336
0 0.571541 0.150502 0.00921918 0.0152387 0.0158803
8 0.602943 0.150123 0.0145135 0.0121537 0.0158175
8 0.512705 0.168103 0.0288164 0.0320022 0.0156998
0 0.715722 0.1573 0.0129 0.0149228 0.0156336
0 0.446378 0.132742 0.0179812 0.048558 0.0156218
4 0.483895 0.156297 0.0183689 0.0204797 0.0155905
4 0.622059 0.152954 0.0100378 0.0148639 0.0152687
8 0.489027 0.165111 0.0237291 0.0310002 0.0152013
8 0.474047 0.147567 0.0167822 0.0255575 0.0149371
22 0.594222 0.261895 0.0142654 0.0252264 0.0148727
9 0.24964 0.192858 0.0207149 0.0950694 0.0142521
20 0.289079 0.205748 0.0127034 0.0301487 0.0134526
22 0.544311 0.244941 0.0147425 0.10482 0.0132303
0 0.503684 0.12604 0.00997601 0.0241098 0.0131271
2 0.395157 0.184609 0.014349 0.0292409 0.0130934
4 0.474047 0.147567 0.0167822 0.0255575 0.012455
22 0.415741 0.281044 0.0202972 0.0661884 0.0122721
4 0.589208 0.151347 0.0109064 0.0119755 0.0122247
8 0.743645 0.157415 0.00901215 0.0143878 0.0121447
2 0.480732 0.143531 0.0269836 0.0224415 0.0112192
3 0.690395 0.157664 0.012096 0.0151125 0.0107173
3 0.686949 0.157748 0.00744592 0.0183556 0.0106945
0 0.527063 0.130981 0.0117098 0.0140383 0.0102923
8 0.40357 0.181721 0.0214279 0.0315123 0.0102325
0 0.686949 0.157748 0.00744592 0.0183556 0.0100825
4 0.763633 0.171396 0.0107715 0.0284536 0.0100698
9 0.278671 0.157395 0.0239559 0.0785834 0.0100222
0 0.415207 0.222984 0.0310778 0.183729 0.00986341
8 0.627404 0.154478 0.0141465 0.016249 0.00983955
22 0.810681 0.957858 0.0136478 0.0299702 0.00978862
4 0.714376 0.157833 0.0102858 0.0179774 0.00943741
0 0.593042 0.144176 0.0140815 0.0250444 0.00933958
8 0.412413 0.213156 0.0230156 0.0486201 0.0092279
0 0.474047 0.147567 0.0167822 0.0255575 0.00913259
0 0.57091 0.143357 0.00747394 0.0241509 0.00896946
4 0.706473 0.156989 0.0151332 0.0150317 0.00891375
0 0.706473 0.156989 0.0151332 0.0150317 0.00888265
0 0.450068 0.137872 0.0156484 0.0337288 0.00854082
4 0.582532 0.148521 0.00838251 0.0189579 0.00849156
2 0.472005 0.144604 0.0124937 0.0237285 0.00846502
4 0.743645 0.157415 0.00901215 0.0143878 0.00842654
4 0.627404 0.154478 0.0141465 0.016249 0.00831288
3 0.512705 0.168103 0.0288164 0.0320022 0.00825054
4 0.40357 0.181721 0.0214279 0.0315123 0.00807306
0 0.70306 0.141435 0.00952283 0.0261987 0.00772376
0 0.420639 0.1898 0.0166065 0.0297382 0.00767628
4 0.663502 0.167455 0.016153 0.0299013 0.00763922
4 0.480732 0.143531 0.0269836 0.0224415 0.00734256
17 0.429441 0.142184 0.0332188 0.0692071 0.0072504
0 0.483895 0.156297 0.0183689 0.0204797 0.00720608
0 0.606787 0.224112 0.0111791 0.0695863 0.00719223
9 0.289079 0.205748 0.0127034 0.0301487 0.00706043
0 0.76131 0.167867 0.0108576 0.0333898 0.00702305
3 0.73699 0.157042 0.00867835 0.0197609 0.00700943
0 0.73699 0.157042 0.00867835 0.0197609 0.00689669
8 0.593042 0.144176 0.0140815 0.0250444 0.00686161
2 0.493275 0.161744 0.0216887 0.026643 0.00680911
8 0.521033 0.133868 0.00880768 0.0115383 0.00680317
4 0.527063 0.130981 0.0117098 0.0140383 0.00668436
9 0.286236 0.170774 0.0169371 0.0986664 0.00646552
0 0.527222 0.170549 0.0196743 0.0243648 0.00645585
3 0.489027 0.165111 0.0237291 0.0310002 0.00644574
23 0.415741 0.281044 0.0202972 0.0661884 0.00641386
3 0.582532 0.148521 0.00838251 0.0189579 0.00640062
0 0.472005 0.144604 0.0124937 0.0237285 0.00632966
0 0.589208 0.151347 0.0109064 0.0119755 0.00631738
1 0.527908 0.550001 0.016498 0.0182708 0.00608961
0 0.760701 0.15666 0.0108235 0.0159983 0.00591813
10 0.277468 0.159754 0.027208 0.0826056 0.00574374
8 0.409467 0.186636 0.0188246 0.0365118 0.00572371
22 0.601395 0.230009 0.0145325 0.0756989 0.00555728
3 0.494949 0.168018 0.0218799 0.0301956 0.00551534
3 0.734384 0.157136 0.00850488 0.0145897 0.00544466
34 0.275742 0.0841554 0.0271997 0.0313302 0.0054445
1 0.438658 0.232306 0.0128988 0.0926339 0.00538923
8 0.416393 0.22144 0.0297607 0.0890206 0.00535563
0 0.4148 0.280938 0.0171043 0.0649139 0.00535554
0 0.602943 0.150123 0.0145135 0.0121537 0.00533051
4 0.73699 0.157042 0.00867835 0.0197609 0.00532257
22 0.598177 0.244476 0.0141498 0.0483317 0.00530241
9 0.246235 0.187742 0.0301339 0.109354 0.00529542
0 0.395157 0.184609 0.014349 0.0292409 0.00526643
1 0.664302 0.113037 0.0207485 0.0723293 0.0050378
0 0.639315 0.1557 0.0119061 0.0152369 0.00492773
4 0.76131 0.167867 0.0108576 0.0333898 0.00492355
8 0.480732 0.143531 0.0269836 0.0224415 0.00479483
8 0.527063 0.130981 0.0117098 0.0140383 0.00477244
4 0.395157 0.184609 0.014349 0.0292409 0.00468122
8 0.389253 0.179604 0.0194265 0.0300178 0.00467619
0 0.627404 0.154478 0.0141465 0.016249 0.00466415
0 0.50259 0.121271 0.00991534 0.0215447 0.00458092
3 0.627404 0.154478 0.0141465 0.016249 0.00436382
2 0.521033 0.133868 0.00880768 0.0115383 0.00435426
1 0.773313 0.107791 0.0126433 0.0429461 0.00431785
8 0.544237 0.149376 0.019864 0.0194281 0.00431386
17 0.420318 0.18149 0.0176296 0.0329849 0.0042815
2 0.194229 0.089352 0.00913792 0.0190626 0.00424785
2 0.490837 0.139202 0.0130745 0.014428 0.0042237
5 0.554597 0.194057 0.0389219 0.235911 0.00413977
17 0.277662 0.104503 0.0192223 0.0256476 0.00408449
3 0.48578 0.167987 0.0161159 0.030656 0.00402244
0 0.632302 0.145066 0.0136138 0.0246049 0.00392052
0 0.40357 0.181721 0.0214279 0.0315123 0.00390465
8 0.503684 0.12604 0.00997601 0.0241098 0.00387342
2 0.40357 0.181721 0.0214279 0.0315123 0.00386567
4 0.581432 0.144679 0.0102697 0.0253824 0.00382129
2 0.527222 0.170549 0.0196743 0.0243648 0.00380594
3 0.622059 0.152954 0.0100378 0.0148639 0.00379004
2 0.504396 0.163499 0.0200683 0.0268608 0.00375725
0 0.762518 0.162649 0.0109722 0.0289878 0.00375145
13 0.527222 0.170549 0.0196743 0.0243648 0.00367887
2 0.765568 0.0799436 0.00818695 0.00926821 0.00367755
3 0.571541 0.150502 0.00921918 0.0152387 0.00367379
22 0.292426 0.327061 0.0247056 0.0385828 0.00360656
4 0.493275 0.161744 0.0216887 0.026643 0.00353187
8 0.277376 0.209402 0.0550758 0.28455 0.00349051
8 0.639315 0.1557 0.0119061 0.0152369 0.00346361
22 0.814445 0.963256 0.0217037 0.032325 0.00343676
18 0.580758 0.276006 0.0195143 0.0536564 0.00338179
3 0.520727 0.170281 0.0312564 0.0277163 0.00321485
10 0.286236 0.170774 0.0169371 0.0986664 0.00313781
0 0.602212 0.14389 0.0147576 0.0218601 0.00312762
5 0.395157 0.184609 0.014349 0.0292409 0.00311012
13 0.395157 0.184609 0.014349 0.0292409 0.00302984
0 0.429471 0.160873 0.034096 0.0694173 0.00298526
8 0.478213 0.15911 0.0250027 0.050113 0.00297014
8 0.50669 0.188316 0.0108484 0.030413 0.00292077
2 0.38162 0.155811 0.0145089 0.00904096 0.00291961
25 0.556427 0.206273 0.0381117 0.255078 0.00289894
22 0.823724 0.969285 0.025309 0.0260422 0.00289716
8 0.620965 0.165019 0.00783362 0.0305733 0.00289199
3 0.395157 0.184609 0.014349 0.0292409 0.0028777
8 0.57091 0.143357 0.00747394 0.0241509 0.00286533
3 0.743645 0.157415 0.00901215 0.0143878 0.00285836
20 0.420318 0.18149 0.0176296 0.0329849 0.00279727
0 0.490837 0.139202 0.0130745 0.014428 0.00279078
0 0.480732 0.143531 0.0269836 0.0224415 0.00277919
5 0.421127 0.231044 0.0721172 0.174061 0.00276939
42 0.524452 0.308659 0.0346847 0.121128 0.00275319
0 0.493275 0.161744 0.0216887 0.026643 0.0027531
11 0.256234 0.187106 0.0308329 0.106103 0.00273138
3 0.483895 0.156297 0.0183689 0.0204797 0.00268016
8 0.760701 0.15666 0.0108235 0.0159983 0.00267463
8 0.392808 0.167875 0.0215488 0.0281785 0.00266404
0 0.516994 0.167423 0.0246681 0.0306052 0.00264648
4 0.571541 0.150502 0.00921918 0.0152387 0.00263428
5 0.690395 0.157664 0.012096 0.0151125 0.00261048
2 0.503684 0.12604 0.00997601 0.0241098 0.00259998
11 0.248777 0.215581 0.0209326 0.0535574 0.00258688
3 0.685211 0.157966 0.00997028 0.0137042 0.00255772
0 0.409467 0.186636 0.0188246 0.0365118 0.00253201
0 0.712131 0.131199 0.00729834 0.0229763 0.0025126
8 0.602212 0.14389 0.0147576 0.0218601 0.00250576
2 0.527063 0.130981 0.0117098 0.0140383 0.00249314
0 0.619562 0.144476 0.0129691 0.02282 0.00247377
20 0.277662 0.104503 0.0192223 0.0256476 0.00246521
4 0.521033 0.133868 0.00880768 0.0115383 0.00246455
0 0.504396 0.163499 0.0200683 0.0268608 0.00241882
8 0.762518 0.162649 0.0109722 0.0289878 0.00241768
4 0.77724 0.166377 0.0153293 0.0257724 0.00241266
0 0.48578 0.167987 0.0161159 0.030656 0.00240363
22 0.582532 0.148521 0.00838251 0.0189579 0.00240069
9 0.250046 0.234178 0.0214348 0.0292856 0.00238197
0 0.544237 0.149376 0.019864 0.0194281 0.0023656
1 0.65597 0.285636 0.0127572 0.0305497 0.00235546
3 0.589208 0.151347 0.0109064 0.0119755 0.00234029
3 0.507026 0.169822 0.0205555 0.029596 0.00228755
4 0.478213 0.15911 0.0250027 0.050113 0.00225281
3 0.606787 0.224112 0.0111791 0.0695863 0.00225233
3 0.493275 0.161744 0.0216887 0.026643 0.00224878
22 0.598506 0.226416 0.0230633 0.0757126 0.00222193
0 0.412413 0.213156 0.0230156 0.0486201 0.00217571
4 0.734384 0.157136 0.00850488 0.0145897 0.00215889
4 0.636656 0.157395 0.0139077 0.0195805 0.00215397
8 0.490837 0.139202 0.0130745 0.014428 0.00208931
8 0.606787 0.224112 0.0111791 0.0695863 0.00205199
0 0.527071 0.122307 0.011933 0.0252893 0.00204906
2 0.520727 0.170281 0.0312564 0.0277163 0.00204793
13 0.40357 0.181721 0.0214279 0.0315123 0.00203626
8 0.734018 0.164752 0.00859534 0.0261831 0.00202688
0 0.744893 0.165177 0.00841577 0.0254163 0.0020176
4 0.602212 0.14389 0.0147576 0.0218601 0.00200787
22 0.620965 0.165019 0.00783362 0.0305733 0.00200221
17 0.474047 0.147567 0.0167822 0.0255575 0.00199637
1 0.686949 0.157748 0.00744592 0.0183556 0.00199033
1 0.50259 0.121271 0.00991534 0.0215447 0.00198713
4 0.48578 0.167987 0.0161159 0.030656 0.00195825
0 0.552133 0.13662 0.0245151 0.0403606 0.00195673
5 0.760701 0.15666 0.0108235 0.0159983 0.00192429
5 0.76131 0.167867 0.0108576 0.0333898 0.00192233
11 0.278671 0.157395 0.0239559 0.0785834 0.00191541
22 0.545162 0.272262 0.014626 0.0459119 0.0018955
13 0.420639 0.1898 0.0166065 0.0297382 0.00189046
8 0.420639 0.1898 0.0166065 0.0297382 0.00188389
2 0.639315 0.1557 0.0119061 0.0152369 0.00186624
5 0.40357 0.181721 0.0214279 0.0315123 0.0018645
0 0.494949 0.168018 0.0218799 0.0301956 0.00185728
17 0.277376 0.209402 0.0550758 0.28455 0.00185534
5 0.582532 0.148521 0.00838251 0.0189579 0.00185273
0 0.285994 0.215392 0.024388 0.281919 0.00184913
2 0.779065 0.158654 0.0113163 0.0137843 0.00179663
4 0.490837 0.139202 0.0130745 0.014428 0.00176368
0 0.714717 0.146866 0.0117521 0.0350351 0.00176308
20 0.286236 0.170774 0.0169371 0.0986664 0.00175925
4 0.504396 0.163499 0.0200683 0.0268608 0.0017463
8 0.76131 0.167867 0.0108576 0.0333898 0.00174586
2 0.450068 0.137872 0.0156484 0.0337288 0.00174304
3 0.708154 0.164919 0.0132712 0.0259203 0.0017204
0 0.620965 0.165019 0.00783362 0.0305733 0.00171588
42 0.472005 0.144604 0.0124937 0.0237285 0.00169562
3 0.423124 0.24314 0.0424633 0.122884 0.00166921
0 0.734018 0.164752 0.00859534 0.0261831 0.00166902
42 0.474047 0.147567 0.0167822 0.0255575 0.00166125
10 0.830706 0.978247 0.0139691 0.0356563 0.00161879
2 0.207977 0.0603284 0.00982976 0.017174 0.00161663
18 0.40357 0.181721 0.0214279 0.0315123 0.00158447
3 0.694111 0.165458 0.0127323 0.0247531 0.00157776
14 0.685211 0.157966 0.00997028 0.0137042 0.00156746
22 0.610832 0.221841 0.0166172 0.0701963 0.00156308
13 0.420318 0.18149 0.0176296 0.0329849 0.00155924
8 0.552133 0.13662 0.0245151 0.0403606 0.00155083
14 0.686949 0.157748 0.00744592 0.0183556 0.00154717
22 0.420033 0.273887 0.0307441 0.0763309 0.0015351
0 0.518506 0.121304 0.00753552 0.0247607 0.00152534
0 0.507026 0.169822 0.0205555 0.029596 0.00152232
3 0.581432 0.144679 0.0102697 0.0253824 0.0015191
3 0.504396 0.163499 0.0200683 0.0268608 0.00149347
22 0.584682 0.27261 0.0207374 0.041362 0.00148414
18 0.395157 0.184609 0.014349 0.0292409 0.0014771
