4 0.356298 0.735058 0.154526 0.202103 0.944773
6 0.955911 0.68147 0.086009 0.143909 0.924653
4 0.618185 0.717926 0.0887183 0.0973975 0.92034
4 0.483193 0.71766 0.0908403 0.0947173 0.901421
4 0.266626 0.705724 0.0524652 0.0652081 0.853165
1 0.439152 0.589184 0.056451 0.0479652 0.844185
1 0.721328 0.590136 0.0244141 0.0361488 0.804212
1 0.493794 0.647631 0.0118212 0.0219744 0.785983
4 0.57425 0.71224 0.0469995 0.0819704 0.756053
4 0.546479 0.713153 0.0379706 0.0689234 0.691797
7 0.553098 0.560626 0.00859027 0.0302588 0.68625
0 0.732527 0.699033 0.014309 0.0580307 0.661102
4 0.447735 0.707249 0.0333665 0.0752628 0.619027
4 0.537618 0.697933 0.0451225 0.0560637 0.618227
8 0.684616 0.709329 0.0198854 0.0474699 0.604093
0 0.75721 0.696335 0.0213657 0.0678238 0.59981
4 0.887551 0.702583 0.0726702 0.076902 0.579524
0 0.812821 0.704095 0.0186426 0.06146 0.578046
6 0.848554 0.682822 0.0859321 0.112018 0.564209
7 0.512132 0.561108 0.00849286 0.0314337 0.558222
8 0.813629 0.718293 0.0220422 0.048655 0.502438
0 0.685714 0.700026 0.0195099 0.0591419 0.492519
1 0.210096 0.637624 0.0349216 0.0320891 0.492329
0 0.874808 0.70301 0.0208978 0.0769238 0.456512
8 0.88762 0.718592 0.0339211 0.0727659 0.452274
0 0.889044 0.706288 0.0261126 0.075908 0.42995
8 0.790593 0.705132 0.0225255 0.0563033 0.34938
4 0.431828 0.664218 0.0283868 0.025666 0.327642
4 0.433143 0.687174 0.0271147 0.0485583 0.316525
8 0.860345 0.715046 0.0235692 0.059099 0.315047
4 0.6546 0.688539 0.0291332 0.0379303 0.309351
3 0.760023 0.711094 0.0239973 0.0481712 0.297396
4 0.435194 0.697754 0.0272147 0.0550429 0.285946
8 0.711784 0.706856 0.0199677 0.0467349 0.254246
1 0.721497 0.618048 0.0252087 0.0179026 0.250538
4 0.659834 0.695879 0.0325367 0.0446368 0.236093
0 0.711653 0.70131 0.0204083 0.0552115 0.229333
4 0.791697 0.703919 0.022454 0.0597395 0.224226
8 0.760023 0.711094 0.0239973 0.0481712 0.223575
4 0.617955 0.665747 0.0289646 0.0127362 0.216689
8 0.672346 0.706642 0.0243529 0.0475148 0.204531
3 0.73203 0.704734 0.0156606 0.0511937 0.204089
4 0.579319 0.684863 0.0363445 0.0286851 0.193569
8 0.875419 0.71628 0.0371969 0.0656484 0.185665
4 0.66984 0.689682 0.0182639 0.0328481 0.169512
1 0.379256 0.604173 0.0227646 0.0219091 0.156489
4 0.906558 0.663119 0.0368113 0.0294856 0.153981
3 0.713295 0.707091 0.0215777 0.0472748 0.151727
0 0.791697 0.703919 0.022454 0.0597395 0.150992
4 0.667883 0.695597 0.0230911 0.0401669 0.13758
4 0.89708 0.691813 0.0539059 0.0795051 0.124821
8 0.824734 0.719992 0.0165852 0.0393861 0.116627
0 0.860253 0.711545 0.0197962 0.0609935 0.11143
8 0.820231 0.718499 0.0260931 0.0442958 0.106663
4 0.652671 0.696161 0.0360358 0.0531698 0.100096
4 0.443628 0.699162 0.0306241 0.0566789 0.0956316
8 0.73203 0.704734 0.0156606 0.0511937 0.0884313
4 0.481054 0.665124 0.0183807 0.0141581 0.0880115
0 0.87316 0.70883 0.0426091 0.0769907 0.0874584
1 0.210088 0.661377 0.0440775 0.038951 0.0839234
7 0.570726 0.554963 0.00810968 0.015036 0.0819573
1 0.360044 0.591179 0.0296667 0.0316194 0.0774358
4 0.582647 0.67591 0.025967 0.0130922 0.0771477
5 0.88762 0.718592 0.0339211 0.0727659 0.0763206
8 0.847988 0.717199 0.0374724 0.0498483 0.0734246
7 0.566823 0.558559 0.00652118 0.0176039 0.0691292
15 0.431828 0.664218 0.0283868 0.025666 0.0678333
4 0.431513 0.676847 0.0308956 0.0458493 0.0614987
4 0.571871 0.701273 0.0346857 0.0585052 0.0596241
8 0.667883 0.695597 0.0230911 0.0401669 0.059289
3 0.860345 0.715046 0.0235692 0.059099 0.0564392
4 0.785921 0.693581 0.0360262 0.0714437 0.0528998
3 0.875419 0.71628 0.0371969 0.0656484 0.0513133
0 0.748951 0.696937 0.0165199 0.0643114 0.0510648
0 0.697844 0.698268 0.0264721 0.0582558 0.0501119
8 0.796414 0.710374 0.0268278 0.0517101 0.0489254
4 0.685995 0.696661 0.0194158 0.0578479 0.0464904
1 0.802994 0.636339 0.0181489 0.0248998 0.0458913
4 0.809681 0.703804 0.0230668 0.0600043 0.0445019
4 0.561801 0.675144 0.0103198 0.0114459 0.0424114
7 0.53636 0.560618 0.0082674 0.0135172 0.0421572
3 0.790593 0.705132 0.0225255 0.0563033 0.0414477
13 0.754967 0.672738 0.0182686 0.0255147 0.0369638
1 0.42299 0.632465 0.021738 0.0299923 0.0351882
7 0.556677 0.558984 0.0121381 0.025469 0.0343814
1 0.42516 0.634405 0.0142269 0.0348618 0.0339537
5 0.785921 0.693581 0.0360262 0.0714437 0.0332329
3 0.752787 0.712328 0.0351671 0.048592 0.0322731
6 0.431828 0.664218 0.0283868 0.025666 0.0320561
3 0.885868 0.720129 0.038616 0.0705649 0.0307549
1 0.80382 0.619768 0.0180099 0.058556 0.0301706
4 0.792773 0.673573 0.0238832 0.0447675 0.0298445
5 0.885939 0.70777 0.0723676 0.0741747 0.0288451
8 0.818892 0.707979 0.0293795 0.0595669 0.0285821
4 0.850256 0.690743 0.0946389 0.104022 0.0285784
4 0.860253 0.711545 0.0197962 0.0609935 0.027332
4 0.618239 0.669779 0.0295594 0.020159 0.0267883
5 0.790593 0.705132 0.0225255 0.0563033 0.0266018
8 0.710834 0.696923 0.0162678 0.0483187 0.026318
7 0.547199 0.559404 0.0147 0.0255203 0.0250542
4 0.458314 0.711328 0.0450765 0.0840303 0.024308
4 0.766096 0.683926 0.0398932 0.0502847 0.0240973
4 0.51156 0.675121 0.0105233 0.0121324 0.0234112
4 0.711896 0.69986 0.0177641 0.0537084 0.0233112
6 0.431513 0.676847 0.0308956 0.0458493 0.022853
4 0.757956 0.697057 0.0226141 0.0683837 0.0228415
8 0.660676 0.699032 0.0261063 0.0508163 0.0227638
4 0.697844 0.698268 0.0264721 0.0582558 0.0220543
4 0.732731 0.698671 0.015024 0.0558596 0.0218326
7 0.533863 0.556165 0.0096673 0.0180458 0.0217025
42 0.754967 0.672738 0.0182686 0.0255147 0.0216313
4 0.499184 0.695837 0.0569304 0.0542081 0.0209479
6 0.382878 0.645114 0.0831246 0.0578437 0.0206232
6 0.7986 0.678768 0.0324011 0.103507 0.0196495
4 0.889603 0.704853 0.0297068 0.0746704 0.0195868
3 0.820231 0.718499 0.0260931 0.0442958 0.019537
1 0.797013 0.638701 0.0216413 0.0235582 0.0194271
4 0.65389 0.668884 0.0224662 0.0175721 0.0191618
12 0.84775 0.678173 0.0856718 0.104933 0.0191421
8 0.686641 0.699309 0.0195942 0.0571378 0.0189104
4 0.607416 0.701539 0.0555472 0.0628608 0.0188647
5 0.846626 0.680534 0.0862497 0.107894 0.0186981
1 0.355004 0.615377 0.00931305 0.0206057 0.01861
2 0.219514 0.588949 0.0106885 0.0119097 0.0180465
4 0.647583 0.667736 0.0176221 0.0150911 0.0178467
1 0.481054 0.665124 0.0183807 0.0141581 0.0176406
4 0.4583 0.674387 0.0136622 0.010661 0.0172781
1 0.380128 0.627984 0.0656538 0.024095 0.016592
3 0.824734 0.719992 0.0165852 0.0393861 0.0165219
5 0.860107 0.714073 0.0221127 0.0600386 0.0163634
4 0.245448 0.694713 0.0119698 0.0335026 0.0162029
1 0.492855 0.643193 0.0128286 0.0227354 0.0161187
2 0.107736 0.588956 0.00647547 0.012672 0.015526
0 0.800315 0.675388 0.0159437 0.0421117 0.0153201
4 0.645301 0.673563 0.0291135 0.016816 0.0153162
8 0.813064 0.705129 0.0197024 0.0620963 0.0150757
3 0.813629 0.718293 0.0220422 0.048655 0.0149848
4 0.883413 0.720599 0.0455009 0.0655652 0.0147401
6 0.886786 0.703297 0.0723257 0.0773002 0.014558
8 0.885939 0.70777 0.0723676 0.0741747 0.0142739
1 0.708764 0.622211 0.00821185 0.0162802 0.0142143
15 0.431513 0.676847 0.0308956 0.0458493 0.0139537
4 0.867489 0.707397 0.0327553 0.0658475 0.0138754
4 0.873403 0.702922 0.0192585 0.0771399 0.013538
14 0.88762 0.718592 0.0339211 0.0727659 0.0132059
3 0.847988 0.717199 0.0374724 0.0498483 0.0131607
1 0.79881 0.621634 0.0218121 0.0568763 0.0129424
4 0.480911 0.671005 0.0187791 0.0186556 0.0126703
13 0.685657 0.673927 0.0174805 0.0278262 0.0125974
4 0.754967 0.672738 0.0182686 0.0255147 0.0124051
0 0.818892 0.707979 0.0293795 0.0595669 0.0122141
4 0.334189 0.675005 0.0843433 0.0784517 0.0121381
6 0.365644 0.637271 0.0968896 0.0418204 0.0121347
3 0.201795 0.706546 0.024183 0.0397342 0.0119905
0 0.893807 0.698771 0.0574892 0.0790089 0.0119145
0 0.66984 0.689682 0.0182639 0.0328481 0.0117858
8 0.867489 0.707397 0.0327553 0.0658475 0.0117632
3 0.684616 0.709329 0.0198854 0.0474699 0.0112842
0 0.667883 0.695597 0.0230911 0.0401669 0.0112529
22 0.199071 0.708676 0.0211655 0.0383752 0.0111233
4 0.63896 0.672412 0.0423159 0.0211815 0.01088
7 0.354577 0.608899 0.010069 0.0223196 0.0105636
2 0.77857 0.52519 0.00815198 0.0182994 0.0105132
4 0.800315 0.675388 0.0159437 0.0421117 0.0103757
4 0.558193 0.668701 0.0151364 0.0171742 0.010243
14 0.732731 0.698671 0.015024 0.0558596 0.00997212
5 0.869201 0.716799 0.0397288 0.0634058 0.00975391
1 0.720102 0.650258 0.0200862 0.0566965 0.00952923
4 0.284454 0.678454 0.0138378 0.0197685 0.00933691
5 0.667883 0.695597 0.0230911 0.0401669 0.00929853
0 0.754967 0.672738 0.0182686 0.0255147 0.00897406
8 0.872811 0.704031 0.0207557 0.0763841 0.00877986
17 0.754967 0.672738 0.0182686 0.0255147 0.00875928
3 0.672346 0.706642 0.0243529 0.0475148 0.00853346
13 0.686864 0.695784 0.0192599 0.0577138 0.00848008
2 0.096056 0.588046 0.00729491 0.0147972 0.00842896
4 0.779249 0.676403 0.042071 0.0417778 0.00842893
1 0.354577 0.608899 0.010069 0.0223196 0.00801739
0 0.483964 0.66527 0.020786 0.012468 0.00798913
4 0.45265 0.665714 0.0155066 0.013239 0.00780503
4 0.6108 0.675974 0.0284955 0.0133653 0.00768266
1 0.347963 0.61148 0.0109102 0.022613 0.00753961
6 0.376962 0.663854 0.108163 0.0980189 0.00747829
4 0.409854 0.665831 0.0629326 0.0695849 0.00735182
8 0.697844 0.698268 0.0264721 0.0582558 0.00726161
1 0.347886 0.61766 0.0111484 0.0193912 0.00725751
0 0.685657 0.673927 0.0174805 0.0278262 0.00691913
0 0.653028 0.693074 0.0265762 0.0454243 0.00683986
17 0.685657 0.673927 0.0174805 0.0278262 0.00683937
5 0.653689 0.687425 0.0275 0.0394985 0.00671036
8 0.757475 0.698972 0.02358 0.0640296 0.00665784
0 0.792773 0.673573 0.0238832 0.0447675 0.00653255
4 0.956085 0.682323 0.0857253 0.145022 0.00643399
0 0.874614 0.679324 0.0203575 0.0393475 0.00629766
6 0.617735 0.66544 0.029642 0.0130753 0.00624887
4 0.505024 0.679304 0.0292989 0.0161462 0.00610816
4 0.376962 0.663854 0.108163 0.0980189 0.00597598
7 0.266987 0.601191 0.00629938 0.0118917 0.00577878
42 0.766096 0.683926 0.0398932 0.0502847 0.00564879
1 0.724954 0.647404 0.0191826 0.0409861 0.00543881
0 0.901383 0.66243 0.0449501 0.0272448 0.00533994
6 0.412021 0.657589 0.0641548 0.0816382 0.00532344
6 0.906291 0.661796 0.0366024 0.0261022 0.00530221
13 0.710834 0.696923 0.0162678 0.0483187 0.0052873
15 0.365644 0.637271 0.0968896 0.0418204 0.00528071
2 0.829303 0.510898 0.00643182 0.0116436 0.00526936
15 0.376434 0.652184 0.0912767 0.0727176 0.00517053
6 0.483964 0.66527 0.020786 0.012468 0.00513321
4 0.685657 0.673927 0.0174805 0.0278262 0.00511366
4 0.429076 0.696553 0.0262539 0.0614749 0.00501745
1 0.256734 0.618785 0.0086133 0.0174909 0.00495537
8 0.658699 0.713271 0.0154912 0.0515926 0.00493542
4 0.289478 0.683056 0.01247 0.0209961 0.00493281
4 0.564291 0.669143 0.015292 0.0181241 0.00488396
4 0.54555 0.667692 0.0251912 0.0155338 0.0048597
14 0.712837 0.701837 0.0198267 0.0541393 0.00480383
5 0.712488 0.701136 0.0190725 0.055086 0.00480327
1 0.617955 0.665747 0.0289646 0.0127362 0.00475747
7 0.38094 0.601203 0.0187938 0.0193643 0.00475734
8 0.66984 0.689682 0.0182639 0.0328481 0.00474248
2 0.20973 0.397535 0.00933991 0.0185146 0.0047156
6 0.375903 0.630359 0.067354 0.0300343 0.00456721
6 0.885501 0.678764 0.0801446 0.107011 0.00456231
4 0.670602 0.674469 0.0184502 0.0292476 0.00454872
6 0.827503 0.665081 0.0980937 0.156576 0.00446862
13 0.747449 0.665706 0.0135699 0.017908 0.00440896
1 0.719199 0.625407 0.0209758 0.0246721 0.00434916
4 0.474175 0.665293 0.0152318 0.0117642 0.00426307
9 0.860253 0.711545 0.0197962 0.0609935 0.00422861
0 0.758697 0.711883 0.0242503 0.0462624 0.0041322
5 0.659834 0.695879 0.0325367 0.0446368 0.00411129
3 0.818892 0.707979 0.0293795 0.0595669 0.00410036
14 0.101443 0.671552 0.0189118 0.0163391 0.004094
5 0.956166 0.681744 0.0856005 0.144877 0.00403455
11 0.860253 0.711545 0.0197962 0.0609935 0.00402329
0 0.561801 0.675144 0.0103198 0.0114459 0.0040168
6 0.785921 0.693581 0.0360262 0.0714437 0.00400706
4 0.365644 0.637271 0.0968896 0.0418204 0.00399546
4 0.238112 0.702623 0.0160673 0.0430278 0.00394329
2 0.780912 0.517814 0.00659546 0.0158142 0.00376011
6 0.379256 0.604173 0.0227646 0.0219091 0.00366055
6 0.6546 0.688539 0.0291332 0.0379303 0.00365898
4 0.748951 0.696937 0.0165199 0.0643114 0.00365253
13 0.812821 0.704095 0.0186426 0.06146 0.00353654
4 0.561852 0.716573 0.0328852 0.0778369 0.0034934
1 0.486367 0.648787 0.0194799 0.0239004 0.00346988
5 0.847988 0.717199 0.0374724 0.0498483 0.00344937
0 0.813629 0.718293 0.0220422 0.048655 0.0034357
5 0.757475 0.698972 0.02358 0.0640296 0.0034342
4 0.395871 0.684736 0.0796981 0.0901041 0.00340041
0 0.747449 0.665706 0.0135699 0.017908 0.00334741
6 0.792773 0.673573 0.0238832 0.0447675 0.00325848
4 0.531998 0.667208 0.0178113 0.0147863 0.00324904
4 0.898728 0.65385 0.0517018 0.0372273 0.00324248
17 0.747449 0.665706 0.0135699 0.017908 0.00319442
2 0.80344 0.511303 0.0149648 0.0240695 0.00319159
4 0.823569 0.70202 0.0389542 0.0724068 0.00318727
7 0.493877 0.651649 0.0117013 0.0296772 0.00317598
1 0.101443 0.671552 0.0189118 0.0163391 0.00314692
1 0.498095 0.648481 0.0157932 0.0218712 0.00312571
7 0.347963 0.61148 0.0109102 0.022613 0.00310055
8 0.752787 0.712328 0.0351671 0.048592 0.00309634
2 0.102709 0.60156 0.0123239 0.0131021 0.00309479
1 0.570726 0.554963 0.00810968 0.015036 0.00305101
4 0.205093 0.701073 0.0330482 0.0341194 0.00304346
0 0.659834 0.695879 0.0325367 0.0446368 0.00300165
12 0.802994 0.636339 0.0181489 0.0248998 0.0029601
4 0.305872 0.670142 0.0197889 0.0607879 0.00291545
13 0.873403 0.702922 0.0192585 0.0771399 0.00288723
4 0.911212 0.708437 0.0223963 0.0718235 0.00287865
7 0.358395 0.590183 0.0299969 0.0295438 0.00286312
7 0.381145 0.594141 0.0214894 0.0245617 0.0028158
0 0.617178 0.665162 0.0298497 0.013321 0.00278529
4 0.287833 0.691325 0.0144612 0.0332838 0.00277856
8 0.785921 0.693581 0.0360262 0.0714437 0.00275696
3 0.867489 0.707397 0.0327553 0.0658475 0.00274702
7 0.355004 0.615377 0.00931305 0.0206057 0.00273823
4 0.518022 0.668343 0.0157414 0.0188766 0.00272838
8 0.889044 0.706288 0.0261126 0.075908 0.00271226
7 0.576492 0.559178 0.0115774 0.0189857 0.00267959
1 0.381145 0.594141 0.0214894 0.0245617 0.00266296
3 0.748579 0.699852 0.0158276 0.0620205 0.00266257
6 0.766096 0.683926 0.0398932 0.0502847 0.00257658
1 0.382878 0.645114 0.0831246 0.0578437 0.00256773
1 0.210735 0.676489 0.0463197 0.0212312 0.00255893
5 0.732527 0.699033 0.014309 0.0580307 0.00252687
5 0.824734 0.719992 0.0165852 0.0393861 0.00250849
1 0.266987 0.601191 0.00629938 0.0118917 0.00250193
13 0.860253 0.711545 0.0197962 0.0609935 0.00248443
4 0.411849 0.675326 0.0319209 0.061775 0.00242637
1 0.566823 0.558559 0.00652118 0.0176039 0.00238453
4 0.235257 0.697166 0.0141541 0.0250541 0.00235617
6 0.421176 0.63362 0.0148492 0.0270426 0.00234954
1 0.199857 0.707542 0.0218402 0.0397825 0.00234604
5 0.66984 0.689682 0.0182639 0.0328481 0.0023357
0 0.785921 0.693581 0.0360262 0.0714437 0.00226925
3 0.710834 0.696923 0.0162678 0.0483187 0.00225929
0 0.766096 0.683926 0.0398932 0.0502847 0.00224658
2 0.821291 0.524673 0.0131738 0.0130739 0.00222909
4 0.874614 0.679324 0.0203575 0.0393475 0.00222746
