4 0.513562 0.810046 0.065827 0.0736895 0.900762
4 0.392053 0.793753 0.0266144 0.0343933 0.88015
4 0.353491 0.78786 0.0140874 0.0174947 0.644953
2 0.348283 0.397776 0.0104172 0.0193204 0.576815
2 0.89301 0.401668 0.017403 0.022696 0.517897
2 0.572763 0.391424 0.00986395 0.0202908 0.438786
4 0.323093 0.789045 0.0112253 0.0130967 0.437357
4 0.325308 0.787804 0.0115694 0.0124938 0.312957
2 0.207222 0.401152 0.0113972 0.0141687 0.19484
4 0.452811 0.792347 0.0126878 0.0101522 0.183325
2 0.184479 0.402157 0.00887946 0.0136271 0.17895
1 0.484347 0.762594 0.00810303 0.0255832 0.156872
2 0.868082 0.59159 0.0112372 0.0153324 0.155953
4 0.348826 0.788191 0.0116376 0.0152328 0.146238
2 0.863509 0.408446 0.00954407 0.0160022 0.141612
2 0.712936 0.404745 0.0119127 0.0149046 0.132094
4 0.368659 0.7879 0.0086312 0.0126816 0.127968
4 0.485979 0.79585 0.0179224 0.0419796 0.11827
4 0.335247 0.787682 0.00972495 0.0128434 0.105533
1 0.483817 0.773306 0.0106191 0.0493802 0.0951838
2 0.868204 0.595059 0.00984131 0.0185728 0.0810852
2 0.864931 0.590914 0.00779376 0.0154113 0.0761655
2 0.0736462 0.398125 0.0102742 0.0152654 0.0746322
4 0.448552 0.791696 0.013315 0.0106594 0.0718433
1 0.487123 0.762144 0.012393 0.0246412 0.0629811
2 0.737385 0.406803 0.0125504 0.0127563 0.0571734
6 0.353491 0.78786 0.0140874 0.0174947 0.0542003
2 0.0757864 0.397208 0.0109438 0.0138886 0.0476297
4 0.314431 0.78854 0.00773416 0.013653 0.0476111
2 0.734326 0.406258 0.0092876 0.0169284 0.0365438
4 0.468024 0.790597 0.00603827 0.0127087 0.0360985
2 0.233179 0.413187 0.0119018 0.0118793 0.0345262
4 0.310575 0.789668 0.0108477 0.0102369 0.0309669
2 0.884325 0.583896 0.0135237 0.0131418 0.0308999
2 0.90535 0.563252 0.00893567 0.0275397 0.0307213
2 0.743467 0.406098 0.0102081 0.0162775 0.0253091
2 0.827971 0.582605 0.00721857 0.0137714 0.0250922
4 0.322484 0.782984 0.0108252 0.0206845 0.0243911
4 0.488887 0.804653 0.0211099 0.0620602 0.0229802
2 0.189891 0.402981 0.0119478 0.0119411 0.0194768
4 0.331867 0.781905 0.00646964 0.0183701 0.0182872
2 0.234205 0.410276 0.0105102 0.0112138 0.0176996
6 0.483817 0.773306 0.0106191 0.0493802 0.0171475
2 0.884568 0.573643 0.0113317 0.0161585 0.0165421
2 0.372811 0.414945 0.0114458 0.011625 0.0162379
7 0.485306 0.751417 0.00678934 0.0139386 0.0157171
2 0.90543 0.555247 0.00782117 0.0161445 0.0154525
4 0.462068 0.789417 0.00716119 0.0156873 0.0144944
2 0.887325 0.402982 0.0146135 0.0226315 0.0126164
2 0.897238 0.402938 0.0163943 0.0211076 0.0118277
2 0.887031 0.582472 0.0126201 0.0149734 0.0118207
2 0.861247 0.410517 0.0126266 0.0175149 0.0112621
1 0.485306 0.751417 0.00678934 0.0139386 0.0112532
6 0.486173 0.791304 0.016755 0.0472553 0.0112034
1 0.518857 0.757215 0.00593738 0.0202368 0.0105575
4 0.0204617 0.794306 0.0145738 0.0129824 0.0100609
4 0.409779 0.785665 0.00806311 0.0123771 0.00956844
4 0.0151601 0.791677 0.0292788 0.0192303 0.00953206
4 0.435088 0.7901 0.0137003 0.0105844 0.00864118
4 0.412705 0.788043 0.0117951 0.0115109 0.00740767
6 0.335247 0.787682 0.00972495 0.0128434 0.00712333
7 0.484347 0.762594 0.00810303 0.0255832 0.00694626
6 0.348826 0.788191 0.0116376 0.0152328 0.00679566
6 0.325308 0.787804 0.0115694 0.0124938 0.00669408
2 0.343108 0.398853 0.0130515 0.0210932 0.00656094
4 0.345973 0.782164 0.00867673 0.0190061 0.0062919
2 0.574538 0.389038 0.012449 0.0202464 0.00608233
1 0.488594 0.781552 0.0195914 0.064526 0.00600287
8 0.08239 0.79078 0.0104609 0.0167668 0.0057856
1 0.440979 0.758238 0.00703067 0.0186984 0.00548649
1 0.291831 0.759917 0.00669983 0.0130478 0.00538351
4 0.439798 0.788205 0.00836081 0.0135776 0.0052096
2 0.711247 0.407581 0.0127299 0.0198269 0.00514246
4 0.498954 0.795128 0.0414492 0.0851714 0.00485647
1 0.496246 0.778386 0.0389358 0.0552278 0.00462765
6 0.488594 0.781552 0.0195914 0.064526 0.00433917
2 0.211169 0.402378 0.0161776 0.0129858 0.00415221
6 0.323093 0.789045 0.0112253 0.0130967 0.00375004
1 0.321848 0.754833 0.0107571 0.0105858 0.00373488
1 0.484343 0.745332 0.00858453 0.0211014 0.00362167
6 0.345973 0.782164 0.00867673 0.0190061 0.00359411
4 0.408111 0.78191 0.00847141 0.0188405 0.00353674
15 0.353491 0.78786 0.0140874 0.0174947 0.00352092
6 0.322484 0.782984 0.0108252 0.0206845 0.00336864
1 0.324887 0.752719 0.015571 0.0113362 0.00335991
8 0.452811 0.792347 0.0126878 0.0101522 0.003259
0 0.486173 0.791304 0.016755 0.0472553 0.00324589
1 0.476682 0.77307 0.0191449 0.0452363 0.0030207
2 0.860491 0.589786 0.0114208 0.0141711 0.00293163
0 0.468024 0.790597 0.00603827 0.0127087 0.00286657
5 0.486173 0.791304 0.016755 0.0472553 0.00275991
4 0.295963 0.789683 0.00938736 0.0082451 0.00275698
8 0.468024 0.790597 0.00603827 0.0127087 0.00272234
4 0.321648 0.798134 0.0106144 0.0248072 0.00271091
4 0.0378052 0.788269 0.0584786 0.0265775 0.00260762
6 0.484347 0.762594 0.00810303 0.0255832 0.00256644
0 0.355303 0.787983 0.0151722 0.0164609 0.0025626
4 0.542317 0.800092 0.0098219 0.043885 0.00245304
8 0.448552 0.791696 0.013315 0.0106594 0.00243611
2 0.885779 0.566655 0.0128091 0.0227202 0.00242511
6 0.331867 0.781905 0.00646964 0.0183701 0.00238463
2 0.338508 0.397889 0.016218 0.0156687 0.00235485
5 0.353491 0.78786 0.0140874 0.0174947 0.00231239
0 0.452811 0.792347 0.0126878 0.0101522 0.00230693
8 0.0204617 0.794306 0.0145738 0.0129824 0.00229965
0 0.323093 0.789045 0.0112253 0.0130967 0.00215288
12 0.483817 0.773306 0.0106191 0.0493802 0.00214906
0 0.08239 0.79078 0.0104609 0.0167668 0.00213935
0 0.448552 0.791696 0.013315 0.0106594 0.00213555
4 0.0307226 0.790967 0.0417162 0.0212293 0.00191925
0 0.483817 0.773306 0.0106191 0.0493802 0.00191062
7 0.440637 0.733098 0.00679385 0.028475 0.00190589
0 0.325308 0.787804 0.0115694 0.0124938 0.00181182
2 0.892719 0.391879 0.0173268 0.0260659 0.00178055
7 0.487123 0.762144 0.012393 0.0246412 0.00177046
8 0.0151601 0.791677 0.0292788 0.0192303 0.00172317
2 0.905072 0.582959 0.0118542 0.0233567 0.00170187
4 0.08239 0.79078 0.0104609 0.0167668 0.00165874
2 0.207979 0.406758 0.0101465 0.0202606 0.001621
1 0.354056 0.757162 0.00995401 0.0158446 0.00160751
7 0.440979 0.758238 0.00703067 0.0186984 0.00155194
0 0.348826 0.788191 0.0116376 0.0152328 0.00155037
6 0.498954 0.795128 0.0414492 0.0851714 0.00154452
1 0.353491 0.78786 0.0140874 0.0174947 0.00154082
2 0.347569 0.404066 0.0110566 0.0259635 0.00152558
4 0.0648921 0.790945 0.0387235 0.0216071 0.00150091
6 0.314431 0.78854 0.00773416 0.013653 0.00149686
15 0.323093 0.789045 0.0112253 0.0130967 0.00146687
1 0.289692 0.766694 0.00990152 0.0145166 0.00146671
6 0.487123 0.762144 0.012393 0.0246412 0.00144428
4 0.382166 0.783608 0.00847266 0.0218158 0.00141938
1 0.345973 0.782164 0.00867673 0.0190061 0.001401
15 0.486173 0.791304 0.016755 0.0472553 0.00139544
4 0.0724192 0.7911 0.0285902 0.0174672 0.00132048
2 0.183812 0.407287 0.00945833 0.0192178 0.00132003
4 0.288614 0.782997 0.00939304 0.0101677 0.0012841
2 0.887869 0.571405 0.0137855 0.0178596 0.00127973
2 0.882133 0.592573 0.0135774 0.0245527 0.00127869
1 0.284536 0.768957 0.00856335 0.0164855 0.00126856
1 0.322484 0.782984 0.0108252 0.0206845 0.00122488
1 0.283606 0.759756 0.00766861 0.0151456 0.00121113
2 0.780394 0.674256 0.00877124 0.042945 0.00120914
4 0.372513 0.782862 0.0146704 0.02118 0.00120858
2 0.0734582 0.391206 0.010801 0.0250363 0.00118711
1 0.331867 0.781905 0.00646964 0.0183701 0.00118449
12 0.488594 0.781552 0.0195914 0.064526 0.00118003
5 0.452811 0.792347 0.0126878 0.0101522 0.00116953
2 0.34816 0.389221 0.0106423 0.0199736 0.00116242
2 0.485306 0.751417 0.00678934 0.0139386 0.00114167
4 0.413502 0.780955 0.0100486 0.0184627 0.00111294
0 0.810885 0.182904 0.0349429 0.205702 0.00108815
6 0.462068 0.789417 0.00716119 0.0156873 0.00107436
7 0.518857 0.757215 0.00593738 0.0202368 0.00106611
2 0.236727 0.411591 0.0144959 0.012857 0.00104225
15 0.325308 0.787804 0.0115694 0.0124938 0.00104029
8 0.0724192 0.7911 0.0285902 0.0174672 0.00102732
4 0.310315 0.7785 0.0104628 0.013689 0.00102124
