7 0.451576 0.628761 0.0191122 0.169584 0.660066
7 0.233847 0.601353 0.0151001 0.0314809 0.313618
8 0.551302 0.679989 0.0350466 0.0485983 0.238797
0 0.551454 0.652766 0.023416 0.0485331 0.154015
0 0.550159 0.664252 0.0307212 0.0689572 0.145388
22 0.455681 0.876221 0.02574 0.063123 0.117585
8 0.54982 0.668357 0.0350245 0.041825 0.0761261
1 0.282861 0.63624 0.00872873 0.0286825 0.0653714
2 0.42617 0.0802039 0.0267247 0.0366749 0.0593111
4 0.54982 0.668357 0.0350245 0.041825 0.048698
7 0.322969 0.487451 0.0125848 0.0244031 0.0485665
7 0.50643 0.590919 0.0175468 0.221653 0.0450133
8 0.550159 0.664252 0.0307212 0.0689572 0.0409855
8 0.552144 0.689421 0.0265929 0.0605357 0.0365765
4 0.551307 0.655405 0.0260527 0.0548713 0.0354608
7 0.455424 0.636585 0.0148687 0.164624 0.0318687
7 0.42663 0.657259 0.0178218 0.0900628 0.0305472
1 0.565599 0.622007 0.0136953 0.0249124 0.0252066
0 0.280148 0.647797 0.0107627 0.046143 0.0240212
7 0.388686 0.633035 0.0163684 0.136844 0.0221582
7 0.504053 0.612552 0.0160048 0.157244 0.0218708
7 0.637656 0.587461 0.0126411 0.0214403 0.0201388
7 0.494666 0.607332 0.0216415 0.193632 0.0197596
7 0.488912 0.609382 0.0192196 0.207994 0.0189719
1 0.617852 0.613496 0.0165266 0.0337942 0.0178252
7 0.420796 0.624454 0.0244735 0.15973 0.0174793
4 0.542829 0.665891 0.0351351 0.0344333 0.0125046
4 0.542651 0.672683 0.0484536 0.0483235 0.012282
22 0.325591 0.851469 0.0120895 0.0342633 0.0102899
4 0.560654 0.650549 0.0221567 0.0442784 0.00983579
8 0.523932 0.673963 0.0408484 0.0394785 0.00909828
7 0.283144 0.635759 0.0101108 0.0285407 0.00879099
22 0.458105 0.864307 0.0314222 0.0909897 0.00868792
7 0.424432 0.640971 0.0194977 0.123382 0.00832342
7 0.410222 0.628533 0.0154801 0.148422 0.00805312
7 0.611057 0.600788 0.0190127 0.0537749 0.00803797
2 0.430535 0.0780371 0.0359361 0.0457912 0.007959
22 0.322896 0.853391 0.0134766 0.038178 0.0069353
8 0.534111 0.677149 0.0673892 0.059103 0.00692001
2 0.513528 0.495334 0.0118526 0.0258009 0.00690017
0 0.552527 0.684697 0.0286419 0.0590835 0.00603687
8 0.521875 0.666159 0.0203103 0.0291031 0.00589722
8 0.551454 0.652766 0.023416 0.0485331 0.00557311
0 0.550597 0.669574 0.0351549 0.0447335 0.00519837
7 0.232843 0.608414 0.0136858 0.0297174 0.00494367
1 0.60393 0.604937 0.0113926 0.0356002 0.00468557
8 0.542651 0.672683 0.0484536 0.0483235 0.0040331
7 0.233747 0.613897 0.0167558 0.0632153 0.00401563
0 0.560654 0.650549 0.0221567 0.0442784 0.0039689
7 0.476983 0.614182 0.0263652 0.210242 0.00393838
7 0.0298757 0.300613 0.0516492 0.0863323 0.00390947
8 0.564859 0.67103 0.0459837 0.0496086 0.00371483
1 0.605471 0.5977 0.0135073 0.0444364 0.00370327
8 0.512708 0.677676 0.0268557 0.0424257 0.00365299
3 0.555906 0.683634 0.0310521 0.054323 0.00361493
0 0.078737 0.65732 0.0167613 0.0528995 0.00335392
4 0.521875 0.666159 0.0203103 0.0291031 0.00334942
7 0.414866 0.625428 0.0210589 0.153761 0.00321482
4 0.547576 0.630228 0.0127112 0.0159227 0.00320243
0 0.282758 0.65003 0.0113543 0.0456016 0.00319491
7 0.31931 0.487978 0.0164151 0.0250018 0.00317329
7 0.513528 0.495334 0.0118526 0.0258009 0.00317125
4 0.553718 0.678005 0.0350861 0.0572773 0.00309671
7 0.639152 0.575626 0.0113277 0.0412139 0.00305041
1 0.552095 0.627474 0.0122405 0.0197342 0.00295421
1 0.190487 0.576435 0.00942432 0.082209 0.00293317
7 0.382298 0.584857 0.010038 0.0370978 0.00259577
7 0.0435886 0.314686 0.0204126 0.0314232 0.00253456
1 0.494666 0.607332 0.0216415 0.193632 0.0025071
0 0.521875 0.666159 0.0203103 0.0291031 0.0024917
7 0.61752 0.614013 0.0164161 0.0344721 0.00245537
0 0.547576 0.630228 0.0127112 0.0159227 0.00235355
7 0.39502 0.630456 0.0198853 0.141903 0.0022982
2 0.547576 0.630228 0.0127112 0.0159227 0.00227572
1 0.233981 0.59927 0.0163227 0.0345648 0.00224067
5 0.54982 0.668357 0.0350245 0.041825 0.00221066
1 0.551609 0.616931 0.0108129 0.0316897 0.00211779
7 0.508284 0.501862 0.0125172 0.0368174 0.00210457
2 0.419525 0.54841 0.0155703 0.0166193 0.0020906
22 0.324649 0.841686 0.0173243 0.0587653 0.00207194
0 0.552095 0.627474 0.0122405 0.0197342 0.00207158
0 0.282861 0.63624 0.00872873 0.0286825 0.0020596
4 0.564859 0.67103 0.0459837 0.0496086 0.00203816
7 0.605471 0.5977 0.0135073 0.0444364 0.00203153
0 0.275127 0.657029 0.016098 0.0257459 0.00202221
1 0.547576 0.630228 0.0127112 0.0159227 0.00200791
7 0.507995 0.490836 0.0109257 0.0490197 0.00194533
14 0.521875 0.666159 0.0203103 0.0291031 0.00190664
2 0.638197 0.588215 0.011148 0.0216186 0.00185428
13 0.547576 0.630228 0.0127112 0.0159227 0.00184453
2 0.405714 0.547783 0.013054 0.0245388 0.00180527
14 0.512708 0.677676 0.0268557 0.0424257 0.00180075
7 0.313963 0.558978 0.0107487 0.0149443 0.001696
7 0.637726 0.594576 0.012731 0.032431 0.00164791
7 0.322639 0.495044 0.014045 0.0423706 0.00164119
13 0.551454 0.652766 0.023416 0.0485331 0.00161468
2 0.423199 0.0746763 0.0351555 0.0463913 0.00154366
1 0.313963 0.558978 0.0107487 0.0149443 0.00153085
8 0.542829 0.665891 0.0351351 0.0344333 0.00149856
2 0.490362 0.391722 0.0129896 0.0255695 0.00144541
7 0.511047 0.617681 0.0204844 0.140143 0.00142995
22 0.38318 0.712439 0.0163677 0.0372972 0.00142047
0 0.288068 0.655106 0.0126498 0.0254327 0.00141493
2 0.489059 0.383505 0.0167171 0.0198593 0.00139871
1 0.565731 0.613502 0.0166318 0.042403 0.00139405
4 0.574764 0.655559 0.0253919 0.0401908 0.00139254
3 0.5504 0.677433 0.0314538 0.0605147 0.00133852
7 0.60393 0.604937 0.0113926 0.0356002 0.001325
2 0.514443 0.462698 0.0209993 0.020338 0.00132408
22 0.385717 0.7074 0.0174794 0.0314896 0.00130523
4 0.523932 0.673963 0.0408484 0.0394785 0.00129827
2 0.428276 0.498233 0.0115649 0.0236603 0.00127593
8 0.574145 0.661474 0.0269793 0.0388247 0.00122991
0 0.574145 0.661474 0.0269793 0.0388247 0.00122386
7 0.633871 0.604239 0.0147189 0.047793 0.00122156
2 0.551454 0.652766 0.023416 0.0485331 0.00122096
2 0.525181 0.467837 0.0132338 0.0147665 0.00120917
2 0.419432 0.194448 0.0137341 0.0163524 0.0011976
14 0.523932 0.673963 0.0408484 0.0394785 0.00118603
22 0.443226 0.877645 0.0432886 0.0617756 0.0011613
7 0.438546 0.632469 0.0162704 0.177758 0.00114167
0 0.539247 0.648149 0.0249036 0.0557863 0.00111805
7 0.234544 0.589639 0.0173204 0.0498279 0.00111161
7 0.492739 0.624716 0.0358546 0.182792 0.00110935
1 0.614779 0.604776 0.0205269 0.0588896 0.00109794
5 0.550441 0.65434 0.0350475 0.0512449 0.00109552
7 0.388329 0.607 0.0129147 0.0755704 0.00107524
4 0.539247 0.648149 0.0249036 0.0557863 0.00105547
7 0.61616 0.605725 0.0164085 0.0610544 0.00103788
8 0.452239 0.634835 0.0210009 0.184311 0.00103464
1 0.533032 0.642215 0.0181212 0.0615978 0.00103162
2 0.477161 0.508719 0.0180104 0.0249356 0.00102966
0 0.508228 0.667359 0.0138895 0.0306558 0.00101987
