7 0.553088 0.701115 0.0320955 0.238521 0.745581
7 0.471692 0.681502 0.0261398 0.254889 0.294088
8 0.963452 0.793732 0.0691399 0.0844477 0.25839
12 0.231013 0.681915 0.0936348 0.225855 0.249368
8 0.326693 0.759992 0.0624325 0.0865773 0.118524
7 0.546445 0.76271 0.0211026 0.108436 0.0928563
5 0.323077 0.761312 0.0706597 0.0871918 0.057349
1 0.230869 0.582552 0.0958206 0.0379469 0.0279727
8 0.339778 0.762803 0.0368373 0.083583 0.0225394
7 0.501762 0.621863 0.0190858 0.0928874 0.0217296
7 0.464678 0.692585 0.0246998 0.196118 0.0175255
4 0.141059 0.739788 0.0880135 0.0891167 0.0170561
4 0.120443 0.734685 0.0430054 0.0796339 0.0162805
14 0.335966 0.760916 0.0453108 0.0845171 0.0154141
8 0.978444 0.800325 0.038943 0.0817505 0.0150066
4 0.321799 0.758517 0.0718524 0.0895715 0.0136263
4 0.0847051 0.732257 0.0821993 0.0788492 0.0126766
7 0.555023 0.608158 0.0227913 0.0626927 0.0102086
2 0.207641 0.4786 0.0197387 0.0177188 0.00958458
12 0.231277 0.584697 0.0951186 0.0419006 0.00840342
7 0.503814 0.68704 0.0228901 0.231482 0.00807156
22 0.546445 0.76271 0.0211026 0.108436 0.00673652
8 0.111458 0.732716 0.0320586 0.0700436 0.00647295
2 0.201199 0.485914 0.0122116 0.0219504 0.00644519
2 0.19847 0.483625 0.0180508 0.0235914 0.00622334
7 0.522509 0.634195 0.0251042 0.0830021 0.00581978
7 0.547778 0.721079 0.0222936 0.182207 0.0053268
3 0.322665 0.757452 0.0717627 0.0841459 0.00510541
7 0.502549 0.140513 0.0382864 0.124902 0.00448176
7 0.521886 0.624946 0.0191119 0.0641604 0.00390736
8 0.0989504 0.737764 0.0470161 0.0631397 0.00380601
8 0.0851234 0.734353 0.075552 0.0702565 0.00366056
1 0.581056 0.717544 0.0147744 0.0283982 0.00337892
2 0.466764 0.555589 0.0141939 0.0306788 0.00330204
7 0.458869 0.702114 0.0247203 0.1937 0.00321098
0 0.549494 0.69975 0.027585 0.252205 0.00311782
2 0.209728 0.480973 0.0206672 0.026863 0.00304396
4 0.0989504 0.737764 0.0470161 0.0631397 0.00304212
2 0.186036 0.487549 0.0161054 0.0223919 0.00298595
3 0.966304 0.795273 0.064176 0.0836293 0.00296158
7 0.499201 0.649816 0.0207921 0.14835 0.00293809
2 0.461361 0.560901 0.0176821 0.0365581 0.0029024
14 0.546439 0.764451 0.0200316 0.105041 0.00289049
2 0.468599 0.573854 0.0237763 0.0506936 0.00267275
0 0.342223 0.760822 0.0303408 0.0827062 0.00255348
2 0.581056 0.717544 0.0147744 0.0283982 0.00248482
14 0.344121 0.766394 0.0290836 0.0757605 0.00243861
7 0.458163 0.728122 0.0216036 0.119484 0.00232375
4 0.111458 0.732716 0.0320586 0.0700436 0.00227145
2 0.207715 0.133991 0.0129096 0.0198168 0.00222489
2 0.460539 0.572133 0.0183375 0.0452787 0.00220274
7 0.554629 0.665873 0.0259692 0.169456 0.00207903
7 0.517864 0.615091 0.0196887 0.0662936 0.00207365
0 0.578489 0.745497 0.0204848 0.0882016 0.00195332
7 0.527053 0.644776 0.0275004 0.0611812 0.0018219
10 0.874639 0.121892 0.0581173 0.0979607 0.00181798
7 0.527637 0.704509 0.0283563 0.194049 0.00176409
2 0.491486 0.568021 0.0220802 0.0225744 0.00175374
1 0.458163 0.728122 0.0216036 0.119484 0.00164262
2 0.47031 0.536743 0.0205006 0.0348388 0.00155298
4 0.581056 0.717544 0.0147744 0.0283982 0.0015528
8 0.933395 0.793414 0.111186 0.0799507 0.0015234
2 0.229318 0.216136 0.0166074 0.0258593 0.00147513
2 0.500944 0.608721 0.0222814 0.070209 0.0014732
1 0.551427 0.694417 0.0299327 0.224481 0.00143587
7 0.476158 0.592266 0.0244745 0.0710331 0.00140596
23 0.339778 0.762803 0.0368373 0.083583 0.00136959
2 0.477135 0.586468 0.0249359 0.0657979 0.001362
7 0.553437 0.596023 0.0190215 0.0664238 0.00132059
7 0.105962 0.631309 0.00745657 0.0180393 0.00126471
4 0.11849 0.712726 0.0234685 0.0340908 0.00114882
10 0.824715 0.116332 0.0635156 0.098916 0.00111144
4 0.977426 0.792627 0.0405001 0.0767411 0.00109925
22 0.626542 0.813078 0.0179019 0.0418241 0.00108226
3 0.308566 0.755079 0.0483613 0.0804357 0.00107271
4 0.305428 0.754296 0.0418279 0.0818703 0.00105689
1 0.2013 0.582034 0.0346456 0.0282188 0.00105039
7 0.610172 0.718589 0.0106984 0.0314776 0.00100513
