1 0.327537 0.590878 0.142254 0.124901 0.943398
4 0.732989 0.855071 0.0827632 0.0915459 0.922875
4 0.349379 0.862194 0.0743006 0.0806573 0.92224
4 0.963431 0.869946 0.0702401 0.100421 0.920222
4 0.567587 0.852125 0.0566227 0.0625986 0.900965
4 0.473202 0.844654 0.0350612 0.0374738 0.865751
1 0.533587 0.755637 0.0403002 0.0328984 0.819988
4 0.517183 0.838115 0.0213748 0.0262137 0.774911
4 0.451188 0.833314 0.0134131 0.0162348 0.53214
1 0.089923 0.786304 0.0228675 0.0614894 0.443794
4 0.493418 0.828724 0.00928778 0.0215098 0.351939
4 0.502785 0.83183 0.0106734 0.0170004 0.346487
4 0.484559 0.824172 0.0127361 0.0169669 0.237133
4 0.54237 0.832651 0.0103857 0.0220501 0.216561
4 0.485495 0.818901 0.0112038 0.0174649 0.103701
4 0.451616 0.837715 0.0109762 0.0204792 0.0669188
1 0.521391 0.783874 0.0130546 0.0227798 0.0514272
1 0.62972 0.761844 0.0220236 0.0364436 0.0505427
4 0.46413 0.827923 0.015551 0.0180158 0.0486684
1 0.581724 0.812133 0.0078938 0.0168854 0.0449226
1 0.109033 0.781126 0.0615247 0.0699246 0.0446576
1 0.954217 0.642112 0.057283 0.0880834 0.0434821
4 0.499325 0.835705 0.0102657 0.0183801 0.0414177
4 0.539318 0.828624 0.00913709 0.0194774 0.0373399
1 0.527023 0.786178 0.0167975 0.020265 0.0370286
6 0.484559 0.824172 0.0127361 0.0169669 0.0326294
4 0.54196 0.838246 0.0099007 0.0199121 0.0314429
1 0.0943692 0.782271 0.0333585 0.0721213 0.031337
1 0.609471 0.803424 0.0144523 0.0195607 0.0310572
1 0.546329 0.784422 0.0142007 0.0234095 0.0307145
4 0.530419 0.831989 0.0104903 0.0190949 0.0304113
1 0.559317 0.778499 0.0125749 0.0214776 0.0287064
4 0.522692 0.839037 0.0164293 0.0222162 0.0248423
4 0.436734 0.818995 0.0100221 0.0129588 0.0248291
6 0.54237 0.832651 0.0103857 0.0220501 0.0246699
1 0.433722 0.815217 0.00927112 0.013012 0.0206902
4 0.516228 0.832384 0.0178598 0.0261958 0.0189298
4 0.434856 0.824815 0.0112142 0.0107982 0.0174008
1 0.557362 0.781049 0.0128749 0.0273523 0.0161459
15 0.484559 0.824172 0.0127361 0.0169669 0.0142203
6 0.436734 0.818995 0.0100221 0.0129588 0.0139523
4 0.433722 0.815217 0.00927112 0.013012 0.0134657
1 0.252272 0.807284 0.0117679 0.0221078 0.0122893
6 0.493418 0.828724 0.00928778 0.0215098 0.0116723
1 0.663052 0.7775 0.040036 0.0447109 0.0111169
1 0.575826 0.78146 0.0115709 0.0306189 0.010604
1 0.578371 0.797292 0.00857916 0.0243827 0.0104057
6 0.485495 0.818901 0.0112038 0.0174649 0.0103262
6 0.433722 0.815217 0.00927112 0.013012 0.0102784
1 0.661883 0.784454 0.0326602 0.0377836 0.0094688
2 0.945733 0.523405 0.00933429 0.0227056 0.00942717
0 0.64668 0.832796 0.0101046 0.0250493 0.00941451
1 0.565667 0.779264 0.025229 0.026423 0.00869149
1 0.692629 0.77908 0.030437 0.0246938 0.00859096
1 0.109933 0.756039 0.0643716 0.0475626 0.00847451
1 0.64668 0.832796 0.0101046 0.0250493 0.00830096
4 0.503666 0.822376 0.0109826 0.0251219 0.00824006
1 0.485495 0.818901 0.0112038 0.0174649 0.00820719
6 0.502785 0.83183 0.0106734 0.0170004 0.00796546
4 0.471854 0.819224 0.010736 0.0186834 0.00793538
1 0.101296 0.666604 0.196967 0.251631 0.00776613
15 0.436734 0.818995 0.0100221 0.0129588 0.00742942
1 0.611363 0.799128 0.0176052 0.0241305 0.00723962
1 0.484559 0.824172 0.0127361 0.0169669 0.00681428
4 0.439145 0.816403 0.00965991 0.0141447 0.00635565
1 0.42924 0.794071 0.0081745 0.0143368 0.00601864
4 0.488543 0.837739 0.010572 0.0234825 0.00584618
1 0.659727 0.790078 0.0258763 0.0275134 0.00572149
1 0.113815 0.608255 0.159082 0.135953 0.00560877
0 0.54237 0.832651 0.0103857 0.0220501 0.00559832
1 0.479403 0.790825 0.0085083 0.00961334 0.00555467
1 0.245323 0.788575 0.00639467 0.032389 0.00545254
2 0.231716 0.504744 0.00833521 0.0149276 0.0053226
2 0.979668 0.391564 0.0165563 0.0287794 0.00515505
1 0.439145 0.816403 0.00965991 0.0141447 0.00513497
1 0.436734 0.818995 0.0100221 0.0129588 0.00500303
4 0.519288 0.817858 0.0109484 0.0162534 0.00478489
31 0.95452 0.642086 0.0579882 0.087786 0.00475497
14 0.64668 0.832796 0.0101046 0.0250493 0.00458231
2 0.992845 0.489477 0.0117612 0.0195764 0.00456654
1 0.684358 0.778968 0.0150455 0.0230402 0.0045505
1 0.252411 0.790508 0.0132736 0.0442091 0.00428107
1 0.560564 0.779157 0.0219115 0.0227218 0.00403432
6 0.449862 0.832105 0.0140046 0.0146253 0.00398861
1 0.24837 0.806766 0.0129383 0.0212051 0.00381539
0 0.502785 0.83183 0.0106734 0.0170004 0.00359728
6 0.439145 0.816403 0.00965991 0.0141447 0.00334756
6 0.503666 0.822376 0.0109826 0.0251219 0.00330607
1 0.559872 0.756087 0.0118086 0.0307397 0.00329993
5 0.54237 0.832651 0.0103857 0.0220501 0.003179
4 0.529865 0.816353 0.0105007 0.0139269 0.00317301
1 0.51031 0.790559 0.0130842 0.0135055 0.00316652
1 0.635812 0.762101 0.0150939 0.0352915 0.00298759
15 0.485495 0.818901 0.0112038 0.0174649 0.00264525
4 0.45218 0.821304 0.0118458 0.0228483 0.00261149
1 0.650112 0.832824 0.0116575 0.0237348 0.00256652
4 0.545878 0.82258 0.0127407 0.0265016 0.0025549
1 0.471854 0.819224 0.010736 0.0186834 0.00236157
7 0.581724 0.812133 0.0078938 0.0168854 0.00234358
2 0.193572 0.587107 0.0116813 0.0219912 0.00229067
1 0.420049 0.794965 0.012259 0.0170058 0.00229005
1 0.517664 0.781846 0.0138499 0.0216533 0.00225983
2 0.180737 0.68062 0.00978114 0.0185635 0.00221961
1 0.539318 0.828624 0.00913709 0.0194774 0.00221592
1 0.533235 0.773852 0.0392242 0.0447879 0.00215928
8 0.54196 0.838246 0.0099007 0.0199121 0.00210709
15 0.433722 0.815217 0.00927112 0.013012 0.0021059
1 0.421786 0.812337 0.010442 0.0128691 0.00206742
1 0.49469 0.79208 0.00781934 0.0124091 0.00201801
1 0.630553 0.775198 0.0189838 0.0591855 0.00201531
0 0.644554 0.836526 0.0096969 0.0238812 0.00200751
7 0.64668 0.832796 0.0101046 0.0250493 0.00198955
1 0.570524 0.816022 0.0159871 0.0179786 0.00198913
6 0.539318 0.828624 0.00913709 0.0194774 0.00190865
14 0.631248 0.841784 0.00779627 0.0156929 0.00188606
0 0.650112 0.832824 0.0116575 0.0237348 0.00187597
4 0.382794 0.844501 0.0111134 0.0237585 0.00186508
12 0.663033 0.832996 0.0297629 0.0227726 0.0017947
1 0.45458 0.7717 0.0205633 0.0280222 0.00177838
2 0.029861 0.638343 0.0162823 0.0131973 0.00176638
4 0.584278 0.849836 0.0223574 0.050296 0.00174262
1 0.555895 0.817884 0.0114816 0.0201911 0.00169995
1 0.695991 0.783245 0.0410465 0.0298403 0.00167245
0 0.631248 0.841784 0.00779627 0.0156929 0.00166874
14 0.650112 0.832824 0.0116575 0.0237348 0.00160706
1 0.651762 0.77495 0.0383339 0.0614971 0.00160041
4 0.58932 0.836242 0.0116423 0.0244444 0.0015799
1 0.59668 0.798689 0.0163735 0.0256872 0.00155243
7 0.684358 0.778968 0.0150455 0.0230402 0.00153257
1 0.499325 0.835705 0.0102657 0.0183801 0.00151056
0 0.54196 0.838246 0.0099007 0.0199121 0.00150593
6 0.545878 0.82258 0.0127407 0.0265016 0.00148785
15 0.54237 0.832651 0.0103857 0.0220501 0.00146755
1 0.47175 0.789728 0.00937164 0.0126819 0.0014672
1 0.444354 0.772819 0.0199737 0.0245841 0.00145227
1 0.082991 0.786933 0.0333481 0.0589225 0.0014483
0 0.484559 0.824172 0.0127361 0.0169669 0.00143226
6 0.46413 0.827923 0.015551 0.0180158 0.0014308
6 0.529865 0.816353 0.0105007 0.0139269 0.00142961
1 0.630567 0.804523 0.0105002 0.0208065 0.00136101
2 0.932362 0.526524 0.0152131 0.0154304 0.00131391
14 0.644554 0.836526 0.0096969 0.0238812 0.00131099
0 0.493418 0.828724 0.00928778 0.0215098 0.00128895
1 0.110689 0.735675 0.0670495 0.0441909 0.00121624
1 0.427732 0.775244 0.0130486 0.0215742 0.00121447
1 0.645654 0.817783 0.0116364 0.0286514 0.00118537
2 0.939146 0.523362 0.0127232 0.025742 0.00117485
6 0.471854 0.819224 0.010736 0.0186834 0.00115593
8 0.514814 0.837079 0.0200728 0.024068 0.00111572
6 0.434856 0.824815 0.0112142 0.0107982 0.00111402
1 0.119268 0.75172 0.046576 0.0419548 0.00109903
7 0.559317 0.778499 0.0125749 0.0214776 0.00107623
1 0.509035 0.780104 0.0117311 0.0187916 0.00104217
6 0.530419 0.831989 0.0104903 0.0190949 0.00102299
1 0.609282 0.774412 0.0134792 0.0188328 0.00100354
