4 0.359634 0.760738 0.390095 0.277846 0.954444
4 0.0687304 0.761196 0.137388 0.247192 0.95357
4 0.738543 0.736241 0.246322 0.180406 0.940791
4 0.698167 0.704401 0.199913 0.131608 0.67655
4 0.277247 0.650969 0.0610035 0.0302411 0.288513
4 0.2384 0.650814 0.0672956 0.026238 0.234929
4 0.851126 0.674649 0.0212774 0.0336817 0.191264
1 0.158484 0.631112 0.0564272 0.0488781 0.126215
4 0.761234 0.639708 0.0929282 0.0230098 0.0765602
8 0.851711 0.672528 0.0193035 0.0384341 0.0583016
12 0.926252 0.505483 0.143495 0.989033 0.0561882
4 0.566947 0.643493 0.116 0.0328764 0.052891
4 0.257663 0.652765 0.022211 0.0252997 0.0467669
4 0.257594 0.647879 0.103996 0.0342532 0.04492
4 0.49637 0.648542 0.0637265 0.0284622 0.0287063
0 0.257663 0.652765 0.022211 0.0252997 0.025807
2 0.800991 0.196381 0.0097937 0.0169697 0.023918
12 0.159478 0.63069 0.0564168 0.0504068 0.0231123
4 0.797071 0.616897 0.115657 0.0615586 0.0183453
6 0.926438 0.501061 0.144284 0.997877 0.0178158
4 0.480227 0.710955 0.158611 0.151503 0.0173813
4 0.51306 0.646515 0.0365089 0.0282354 0.0172509
4 0.51057 0.720265 0.0966925 0.137508 0.0143053
4 0.790634 0.631955 0.12298 0.0359916 0.0136894
5 0.159051 0.631288 0.0570581 0.050847 0.0135882
8 0.257663 0.652765 0.022211 0.0252997 0.0106685
4 0.225044 0.649726 0.0427836 0.019388 0.0105037
4 0.480873 0.646131 0.0352898 0.0172085 0.0100523
2 0.85328 0.319567 0.0158135 0.0164829 0.00975163
2 0.551977 0.253484 0.0100698 0.0139802 0.00939148
8 0.851224 0.643999 0.0174613 0.0247843 0.0092857
2 0.15779 0.631128 0.0575396 0.0488985 0.00921905
4 0.541083 0.644914 0.0729049 0.0307915 0.00903189
4 0.227142 0.644506 0.156582 0.0353003 0.00902533
2 0.555588 0.260274 0.0184156 0.0180186 0.00880949
4 0.157617 0.630982 0.0598547 0.0526712 0.00803886
4 0.496984 0.638134 0.0673303 0.0512307 0.00750115
4 0.787279 0.567821 0.133858 0.109114 0.00705686
4 0.271612 0.662165 0.0536981 0.0455543 0.00652809
8 0.192228 0.755556 0.0481706 0.0579019 0.00648605
4 0.823073 0.637361 0.0709991 0.0293325 0.0064845
4 0.786245 0.640267 0.0912833 0.0221565 0.00634088
4 0.608185 0.644072 0.0342823 0.0270644 0.00611619
25 0.15779 0.631128 0.0575396 0.0488985 0.00581216
0 0.267228 0.651118 0.0414475 0.028856 0.00570462
8 0.770538 0.641312 0.0706749 0.0216699 0.00564813
2 0.797962 0.198818 0.0114128 0.0177858 0.00531263
4 0.846327 0.639288 0.02584 0.0259129 0.00505879
3 0.0298239 0.622782 0.0321597 0.0361385 0.0049185
8 0.263712 0.669798 0.0370054 0.0291333 0.00487142
14 0.159478 0.63069 0.0564168 0.0504068 0.00472549
4 0.851224 0.643999 0.0174613 0.0247843 0.00468156
8 0.185756 0.752348 0.0289961 0.0531931 0.00444965
4 0.770659 0.632004 0.0773427 0.0327998 0.00435781
4 0.839644 0.671842 0.0437061 0.0404812 0.00432576
4 0.21774 0.651415 0.027057 0.0197804 0.00431702
6 0.970077 0.498708 0.0598456 0.997416 0.0042149
3 0.770538 0.641312 0.0706749 0.0216699 0.00405823
0 0.0298239 0.622782 0.0321597 0.0361385 0.00405501
4 0.848384 0.67788 0.0262093 0.0448979 0.00403622
4 0.280207 0.670174 0.0608535 0.0317224 0.00394836
4 0.791874 0.60239 0.122165 0.0710488 0.00394747
4 0.0317697 0.613487 0.0334857 0.0244209 0.00390551
13 0.125297 0.711456 0.0204161 0.0192265 0.00386586
2 0.541072 0.263889 0.0104901 0.0133077 0.00383577
4 0.854648 0.655039 0.019373 0.0618317 0.00381149
4 0.516214 0.65186 0.0222646 0.0283906 0.00360071
4 0.744166 0.637231 0.0981192 0.0192577 0.00359158
4 0.461811 0.680326 0.176932 0.0814322 0.00340967
6 0.786992 0.578606 0.134821 0.130255 0.0033435
4 0.406911 0.725063 0.307876 0.195576 0.0033126
3 0.846327 0.639288 0.02584 0.0259129 0.00330422
8 0.267228 0.651118 0.0414475 0.028856 0.0030286
4 0.296579 0.527515 0.184194 0.074839 0.00294706
4 0.544617 0.639241 0.102283 0.0407092 0.00286767
4 0.263712 0.669798 0.0370054 0.0291333 0.00283339
8 0.846327 0.639288 0.02584 0.0259129 0.0028068
3 0.851711 0.672528 0.0193035 0.0384341 0.00269969
4 0.819584 0.511378 0.0142944 0.0143893 0.00266276
4 0.57696 0.649044 0.0941545 0.033051 0.00262188
3 0.608185 0.644072 0.0342823 0.0270644 0.00260868
4 0.49868 0.670796 0.110049 0.066752 0.0025909
3 0.851224 0.643999 0.0174613 0.0247843 0.0025498
2 0.360507 0.760248 0.390771 0.278799 0.00246614
15 0.159051 0.631288 0.0570581 0.050847 0.00243061
4 0.457224 0.655733 0.14175 0.0352772 0.00242573
4 0.768842 0.61784 0.08701 0.0499482 0.00221483
15 0.926747 0.496256 0.142727 0.992512 0.0021167
2 0.131329 0.608816 0.0100311 0.0205794 0.00204166
4 0.856525 0.671361 0.0287603 0.042068 0.00200838
1 0.125297 0.711456 0.0204161 0.0192265 0.00200604
4 0.502963 0.69482 0.109239 0.101018 0.00197919
4 0.0321459 0.619308 0.0391607 0.0310587 0.00197576
2 0.564214 0.264444 0.0332814 0.0238463 0.00197166
12 0.922979 0.78556 0.151933 0.416045 0.00196891
8 0.608185 0.644072 0.0342823 0.0270644 0.0019415
6 0.159478 0.63069 0.0564168 0.0504068 0.00193442
8 0.0298239 0.622782 0.0321597 0.0361385 0.00191044
4 0.732956 0.647734 0.149922 0.0292546 0.00189472
3 0.0306621 0.611031 0.0342298 0.0317386 0.00185335
4 0.746622 0.63106 0.0653381 0.0201347 0.00185295
3 0.0219041 0.62446 0.0409646 0.0342946 0.00185074
0 0.852634 0.672748 0.020178 0.0362944 0.00183268
8 0.271612 0.662165 0.0536981 0.0455543 0.00163406
8 0.18744 0.74271 0.0224721 0.0303505 0.00162579
0 0.851224 0.643999 0.0174613 0.0247843 0.00161234
4 0.77546 0.650588 0.117407 0.0342609 0.00157034
2 0.833703 0.338164 0.0343293 0.0333366 0.00156072
4 0.716756 0.630887 0.0243013 0.0179992 0.00151653
4 0.564372 0.656568 0.121712 0.0543224 0.0014759
2 0.828576 0.352499 0.0224908 0.019593 0.00145185
0 0.516214 0.65186 0.0222646 0.0283906 0.00143674
2 0.852153 0.674973 0.0193564 0.0366994 0.00142439
0 0.387871 0.639178 0.0683369 0.0328865 0.00137707
8 0.516214 0.65186 0.0222646 0.0283906 0.00136219
14 0.852153 0.674973 0.0193564 0.0366994 0.00135596
1 0.131329 0.608816 0.0100311 0.0205794 0.00131012
4 0.850962 0.697804 0.0218248 0.0771267 0.00127849
2 0.817994 0.195907 0.00670544 0.0175033 0.00126486
4 0.694263 0.649191 0.116486 0.0255811 0.0012119
4 0.386187 0.638707 0.0725375 0.0341319 0.00120512
4 0.884734 0.675262 0.0845609 0.0479406 0.00119582
8 0.577852 0.642291 0.0931422 0.0327857 0.00119385
3 0.760066 0.634606 0.0860848 0.031489 0.00115981
4 0.706726 0.630997 0.0306611 0.0173416 0.00113397
4 0.589132 0.638435 0.0711068 0.0386034 0.0011236
3 0.577852 0.642291 0.0931422 0.0327857 0.00110882
4 0.254274 0.656371 0.0995227 0.0366503 0.00109292
2 0.572247 0.268055 0.0208304 0.0217757 0.00105003
1 0.926252 0.505483 0.143495 0.989033 0.00104948
4 0.717277 0.636809 0.165327 0.0179126 0.00104433
25 0.373643 0.636724 0.0479852 0.0330352 0.00102149
4 0.802602 0.527254 0.0813544 0.0314937 0.00100863
