1 0.657796 0.525482 0.0589602 0.0638026 0.922338
1 0.247239 0.55657 0.0261139 0.072681 0.897294
4 0.0599974 0.655911 0.115325 0.0933269 0.891557
4 0.349357 0.645158 0.0421204 0.0463947 0.855409
4 0.506497 0.635011 0.0103043 0.0142138 0.187614
4 0.526496 0.637609 0.00919605 0.0140798 0.138476
1 0.506173 0.612282 0.0210799 0.0165092 0.114177
1 0.478573 0.604323 0.00796353 0.0215428 0.105207
4 0.257751 0.649156 0.0150068 0.0154633 0.1039
4 0.506356 0.631179 0.0147356 0.0134769 0.0844039
1 0.487996 0.611219 0.0110365 0.0152374 0.0836962
4 0.519902 0.634932 0.00905096 0.0161158 0.0708235
4 0.282978 0.648683 0.0109846 0.0146347 0.0705014
4 0.477992 0.640102 0.00938705 0.0127687 0.06222
4 0.310144 0.647303 0.0116015 0.0132649 0.0570327
1 0.466281 0.573744 0.0102363 0.0164045 0.0568455
4 0.31488 0.647812 0.0129557 0.0149271 0.0414205
4 0.241384 0.648799 0.0106658 0.0155475 0.0396715
1 0.453998 0.572435 0.0204423 0.0168575 0.0389576
4 0.263852 0.648341 0.0119075 0.0140086 0.0386294
1 0.528256 0.610325 0.00970142 0.0168697 0.0351239
4 0.227502 0.648999 0.0109627 0.0160209 0.0348858
4 0.505122 0.617494 0.0153 0.0193214 0.0344993
4 0.294418 0.647702 0.0108443 0.0132511 0.0339263
4 0.494014 0.636667 0.00869312 0.0147597 0.032482
1 0.505122 0.617494 0.0153 0.0193214 0.032239
4 0.498643 0.964544 0.978104 0.0709127 0.0316707
4 0.255395 0.651914 0.0160887 0.0171562 0.0299441
4 0.595103 0.645017 0.00628687 0.0105741 0.0292673
4 0.0175666 0.644194 0.0216336 0.0294204 0.0263847
1 0.431813 0.585066 0.0264268 0.021103 0.024946
4 0.0284001 0.644201 0.044974 0.0414499 0.0248328
1 0.48637 0.602521 0.00842349 0.0186865 0.0241169
1 0.477538 0.589213 0.00889911 0.0196508 0.0221826
1 0.251843 0.607131 0.0140258 0.0176202 0.0168754
4 0.506173 0.612282 0.0210799 0.0165092 0.0167242
1 0.514727 0.612642 0.0165269 0.0174552 0.0166457
1 0.491011 0.614162 0.00892538 0.0197954 0.0166064
7 0.442589 0.567486 0.00578674 0.0156587 0.0160997
4 0.516096 0.615488 0.0110661 0.0195612 0.0144512
1 0.503035 0.614313 0.0127809 0.012605 0.0140838
4 0.541992 0.63551 0.0200825 0.017041 0.0136245
7 0.466281 0.573744 0.0102363 0.0164045 0.0124447
4 0.379693 0.642264 0.01042 0.0176226 0.0120135
1 0.442589 0.567486 0.00578674 0.0156587 0.0116208
1 0.516096 0.615488 0.0110661 0.0195612 0.0115414
4 0.487543 0.632569 0.00870056 0.00914955 0.0113365
1 0.485598 0.615274 0.0130092 0.0183014 0.0108227
4 0.240875 0.651765 0.0131615 0.0175684 0.0105606
4 0.281336 0.651289 0.0103156 0.0183054 0.010032
1 0.437203 0.585206 0.0254471 0.0183017 0.00946812
6 0.506497 0.635011 0.0103043 0.0142138 0.00931638
1 0.243753 0.602468 0.0165853 0.0173434 0.00919762
2 0.35594 0.572663 0.00712299 0.0126057 0.00869082
4 0.647364 0.648822 0.00917615 0.0152565 0.00842322
4 0.312202 0.642376 0.0100443 0.0215667 0.00801044
4 0.401481 0.643052 0.00931229 0.0138671 0.00780245
6 0.505122 0.617494 0.0153 0.0193214 0.00739164
15 0.506173 0.612282 0.0210799 0.0165092 0.00712233
1 0.469707 0.598166 0.00926416 0.0257993 0.00694347
4 0.533771 0.635121 0.0132388 0.0133137 0.00656543
4 0.491011 0.614162 0.00892538 0.0197954 0.00522718
2 0.343955 0.516132 0.00587006 0.0115311 0.00508003
4 0.526357 0.619555 0.0101643 0.0174595 0.00502546
4 0.413012 0.64549 0.0135385 0.0147004 0.00501875
1 0.391138 0.56349 0.0167663 0.0228951 0.00497926
4 0.487996 0.611219 0.0110365 0.0152374 0.00478681
1 0.452428 0.581745 0.0179214 0.0183617 0.0046554
4 0.551714 0.634806 0.0210846 0.0177648 0.00439631
4 0.223511 0.649257 0.0104687 0.0163211 0.00432028
30 0.498643 0.964544 0.978104 0.0709127 0.00429246
4 0.393557 0.644148 0.0178456 0.0201093 0.00427065
6 0.516096 0.615488 0.0110661 0.0195612 0.00418408
4 0.508073 0.645948 0.0147705 0.0321225 0.00416237
4 0.585823 0.642547 0.0240943 0.0116762 0.00391992
1 0.35594 0.572663 0.00712299 0.0126057 0.00384598
6 0.519902 0.634932 0.00905096 0.0161158 0.00367668
1 0.458789 0.594717 0.0211457 0.0234306 0.00348721
1 0.433456 0.577575 0.0220657 0.025006 0.00339015
4 0.567672 0.639521 0.0132443 0.015391 0.0033112
15 0.505122 0.617494 0.0153 0.0193214 0.00330132
1 0.506497 0.635011 0.0103043 0.0142138 0.00325553
7 0.453998 0.572435 0.0204423 0.0168575 0.00321309
4 0.295144 0.651042 0.00755569 0.0188135 0.00318811
1 0.476294 0.57478 0.0109885 0.0175741 0.00311775
7 0.478573 0.604323 0.00796353 0.0215428 0.00309061
6 0.491011 0.614162 0.00892538 0.0197954 0.00307855
4 0.649947 0.648685 0.0121462 0.016819 0.00307572
8 0.379693 0.642264 0.01042 0.0176226 0.00306419
1 0.391672 0.557207 0.0142576 0.0209512 0.00303901
4 0.285693 0.642312 0.0134285 0.0211533 0.00302392
4 0.514727 0.612642 0.0165269 0.0174552 0.00283499
4 0.485598 0.615274 0.0130092 0.0183014 0.00280673
8 0.31488 0.647812 0.0129557 0.0149271 0.00265156
43 0.481522 0.217138 0.963043 0.434276 0.00257767
6 0.487996 0.611219 0.0110365 0.0152374 0.00251475
4 0.310167 0.650504 0.0132143 0.0202908 0.00248441
4 0.046344 0.644245 0.0804538 0.0557265 0.00247856
7 0.439959 0.56742 0.00856003 0.0212085 0.00244373
6 0.506173 0.612282 0.0210799 0.0165092 0.00235593
4 0.474747 0.642254 0.0146385 0.0147402 0.00226049
1 0.463836 0.592661 0.0203925 0.0225627 0.00220012
4 0.594895 0.65054 0.00707709 0.0199561 0.00215511
4 0.322175 0.650607 0.0160731 0.0219362 0.002
1 0.462105 0.568616 0.00962378 0.0231807 0.00193521
0 0.379693 0.642264 0.01042 0.0176226 0.00191622
43 0.492217 0.423746 0.984435 0.844266 0.00186729
1 0.488386 0.594627 0.0111992 0.0236345 0.00186719
0 0.401481 0.643052 0.00931229 0.0138671 0.00182358
6 0.478573 0.604323 0.00796353 0.0215428 0.00179825
6 0.485598 0.615274 0.0130092 0.0183014 0.00177795
6 0.526496 0.637609 0.00919605 0.0140798 0.00172524
4 0.410745 0.640343 0.0118039 0.0189822 0.00167887
4 0.478573 0.604323 0.00796353 0.0215428 0.00163339
4 0.598674 0.646523 0.0155316 0.0117605 0.00162368
4 0.00812463 0.654746 0.0138093 0.048867 0.00159662
6 0.526357 0.619555 0.0101643 0.0174595 0.00156238
4 0.00438972 0.681466 0.00754353 0.037755 0.00155981
7 0.477538 0.589213 0.00889911 0.0196508 0.00154932
7 0.48637 0.602521 0.00842349 0.0186865 0.00153154
8 0.310144 0.647303 0.0116015 0.0132649 0.00152385
4 0.477337 0.649251 0.0111537 0.0255947 0.00152384
6 0.506356 0.631179 0.0147356 0.0134769 0.00152016
6 0.494014 0.636667 0.00869312 0.0147597 0.00150127
2 0.343663 0.523528 0.00466779 0.012471 0.00148655
4 0.243753 0.602468 0.0165853 0.0173434 0.00142666
7 0.487996 0.611219 0.0110365 0.0152374 0.00134288
1 0.234552 0.601579 0.0208264 0.0152578 0.00133321
1 0.425417 0.576698 0.0278041 0.0224631 0.00132587
8 0.282978 0.648683 0.0109846 0.0146347 0.00130864
1 0.335476 0.567568 0.0179918 0.025049 0.00129138
7 0.476294 0.57478 0.0109885 0.0175741 0.00127301
0 0.526496 0.637609 0.00919605 0.0140798 0.00125659
1 0.506356 0.631179 0.0147356 0.0134769 0.00121804
1 0.439959 0.56742 0.00856003 0.0212085 0.00119425
22 0.247285 0.557406 0.026087 0.0725805 0.00118902
7 0.462105 0.568616 0.00962378 0.0231807 0.00117302
1 0.403253 0.571121 0.00729504 0.0134286 0.00116904
0 0.282978 0.648683 0.0109846 0.0146347 0.00115747
4 0.0785261 0.657914 0.0752334 0.0821296 0.00115493
1 0.526357 0.619555 0.0101643 0.0174595 0.00114401
7 0.528256 0.610325 0.00970142 0.0168697 0.00113683
1 0.473746 0.615822 0.0151223 0.021067 0.00112472
4 0.528256 0.610325 0.00970142 0.0168697 0.00108865
2 0.442589 0.567486 0.00578674 0.0156587 0.00106547
4 0.559104 0.636396 0.0212531 0.0200905 0.00105864
5 0.526496 0.637609 0.00919605 0.0140798 0.00104854
0 0.227502 0.648999 0.0109627 0.0160209 0.00103915
4 0.517409 0.646246 0.0132792 0.0322417 0.00102119
0 0.241384 0.648799 0.0106658 0.0155475 0.00101484
0 0.506497 0.635011 0.0103043 0.0142138 0.00101452
