1 0.598761 0.626305 0.0893068 0.0770121 0.919028
4 0.771766 0.828221 0.129223 0.125696 0.894179
4 0.68252 0.810425 0.0675161 0.0759451 0.863527
1 0.347599 0.695285 0.0277892 0.0805353 0.833761
4 0.638798 0.801612 0.0396151 0.0563439 0.827909
1 0.239777 0.630966 0.122278 0.075163 0.781673
1 0.200485 0.630684 0.0483479 0.136866 0.777851
1 0.67155 0.716142 0.0217578 0.0641235 0.726876
4 0.46186 0.785249 0.0311995 0.043393 0.710177
1 0.439404 0.736556 0.0126365 0.041723 0.63991
1 0.20016 0.670705 0.0461689 0.0607633 0.626084
4 0.499767 0.785105 0.0469383 0.0481514 0.545514
1 0.671745 0.732768 0.0202451 0.0351591 0.517688
1 0.201741 0.572764 0.0448317 0.020774 0.482928
4 0.0851551 0.784825 0.108461 0.0367686 0.418187
7 0.868732 0.569906 0.0144981 0.0255809 0.331317
4 0.509116 0.783923 0.0324653 0.0465407 0.234127
4 0.984683 0.833042 0.0273451 0.0771615 0.179998
7 0.850025 0.569709 0.0127344 0.0237545 0.17906
7 0.812668 0.567689 0.0129702 0.0263984 0.17584
7 0.547606 0.677824 0.0125891 0.023631 0.143303
4 0.620863 0.793533 0.0164983 0.029987 0.138612
7 0.784122 0.569447 0.0178138 0.0278009 0.137535
4 0.970776 0.826781 0.0565555 0.0773834 0.12778
1 0.201029 0.613924 0.0471333 0.0796706 0.124916
7 0.564536 0.687439 0.0126691 0.0232633 0.118391
4 0.966502 0.898055 0.0639984 0.193683 0.0954953
1 0.201597 0.587267 0.0463225 0.04867 0.0842937
1 0.199738 0.687325 0.04423 0.0275359 0.0771134
4 0.476738 0.784035 0.0457496 0.0482044 0.0721524
7 0.677056 0.551869 0.0185991 0.0273929 0.0676249
7 0.831552 0.569582 0.0109504 0.0176206 0.062519
1 0.907806 0.705671 0.0148992 0.0405271 0.0526314
4 0.442679 0.791638 0.00946558 0.0282356 0.0457213
4 0.632348 0.800839 0.0329184 0.0463621 0.0456852
4 0.969355 0.81 0.0593075 0.0603754 0.0418335
7 0.646507 0.55808 0.0125767 0.0236958 0.0391674
0 0.344288 0.798781 0.017431 0.0320098 0.0382107
1 0.673675 0.750481 0.0172216 0.0123427 0.0333091
2 0.909025 0.571539 0.0133392 0.018193 0.0297281
4 0.959249 0.816966 0.0336881 0.0518559 0.0287437
4 0.659873 0.806415 0.0245795 0.0664554 0.0274791
4 0.440407 0.78943 0.0121655 0.0252929 0.0265578
1 0.201289 0.620423 0.0462159 0.0241702 0.0216564
4 0.605132 0.792873 0.0140398 0.0217553 0.0198816
4 0.344288 0.798781 0.017431 0.0320098 0.0184675
7 0.546248 0.670768 0.0110925 0.0263616 0.0181195
2 0.887592 0.567088 0.012106 0.0191444 0.0174409
7 0.66462 0.553173 0.0134126 0.0242754 0.0173259
7 0.767153 0.566504 0.0128836 0.0237939 0.0161839
0 0.594245 0.790657 0.0105798 0.0206954 0.0148131
4 0.878646 0.771549 0.0596328 0.0359496 0.0146992
7 0.884537 0.568352 0.0149912 0.0233539 0.0145355
1 0.263178 0.75528 0.0216599 0.0313637 0.0143594
2 0.755553 0.49039 0.0151339 0.0269193 0.0137704
7 0.560458 0.685359 0.0147499 0.0292283 0.0135618
14 0.197691 0.802908 0.0362182 0.030401 0.0132413
0 0.572083 0.79227 0.00899359 0.0209176 0.0128785
4 0.320711 0.793467 0.0133379 0.0260181 0.012345
7 0.546673 0.685008 0.0128707 0.0312526 0.0121504
7 0.551003 0.669096 0.0115333 0.0240873 0.0109254
2 0.165603 0.569122 0.0173506 0.0178797 0.0106519
14 0.343969 0.799361 0.0169962 0.0326903 0.0106097
2 0.530395 0.57307 0.011025 0.0132384 0.0103177
4 0.295334 0.792845 0.0617302 0.0336759 0.0100397
1 0.620559 0.764644 0.0106669 0.0223955 0.00980431
4 0.987728 0.816476 0.0220636 0.0628759 0.00932901
1 0.200384 0.637522 0.0464442 0.077581 0.00918717
8 0.343969 0.799361 0.0169962 0.0326903 0.00881887
4 0.575183 0.794415 0.0123432 0.0227131 0.00874785
7 0.834829 0.566836 0.0127779 0.0204517 0.00860734
7 0.563503 0.694866 0.0105455 0.0288096 0.0080854
2 0.52834 0.64387 0.00834222 0.012669 0.00800213
1 0.0942438 0.758413 0.0105427 0.0278832 0.00791361
7 0.69271 0.54841 0.0150745 0.0242621 0.00784498
4 0.572083 0.79227 0.00899359 0.0209176 0.00774659
1 0.868732 0.569906 0.0144981 0.0255809 0.00756879
2 0.912438 0.571679 0.0127485 0.0199828 0.00750717
7 0.650108 0.556356 0.0143295 0.0200664 0.00703173
0 0.575183 0.794415 0.0123432 0.0227131 0.00680523
4 0.346688 0.784706 0.0199395 0.0260479 0.00669091
0 0.594042 0.804321 0.0111241 0.023266 0.00636164
4 0.60193 0.802148 0.0169013 0.0206002 0.00633982
2 0.884537 0.568352 0.0149912 0.0233539 0.00543716
4 0.239558 0.790795 0.0537538 0.0389164 0.00543467
4 0.328894 0.794361 0.0130091 0.0260535 0.00481124
7 0.549454 0.686373 0.00754553 0.0242194 0.00470443
1 0.848731 0.570094 0.0141086 0.0242026 0.00462131
0 0.618242 0.792445 0.0152592 0.0252816 0.00450771
2 0.494907 0.703185 0.00659415 0.0148294 0.00431116
7 0.642844 0.556931 0.0140593 0.025039 0.00422276
4 0.952341 0.811285 0.0397465 0.0603165 0.00409036
1 0.263621 0.748036 0.0199779 0.0270642 0.00403044
12 0.262539 0.758713 0.0212999 0.0374798 0.00400452
0 0.573189 0.798302 0.011581 0.0262568 0.00395043
8 0.594042 0.804321 0.0111241 0.023266 0.00393023
8 0.442679 0.791638 0.00946558 0.0282356 0.00391114
0 0.320711 0.793467 0.0133379 0.0260181 0.00389084
4 0.594245 0.790657 0.0105798 0.0206954 0.00388141
4 0.857742 0.83684 0.0504025 0.112677 0.00381012
4 0.197536 0.801843 0.0362861 0.0318843 0.00378965
2 0.529091 0.578461 0.0100767 0.01482 0.00378923
1 0.66023 0.716413 0.0130512 0.0614697 0.00369479
4 0.866038 0.809584 0.0632404 0.0634509 0.00361113
2 0.670055 0.27453 0.0125167 0.0158735 0.00357965
2 0.867028 0.568283 0.0148433 0.0247229 0.00354911
4 0.867153 0.782264 0.0656332 0.0522847 0.00350922
1 0.831552 0.569582 0.0109504 0.0176206 0.00344487
7 0.580264 0.702147 0.00879999 0.012861 0.00336217
1 0.565091 0.590084 0.0275374 0.0227417 0.00334714
4 0.454954 0.785516 0.0310759 0.0373912 0.00331494
2 0.493966 0.642808 0.00738736 0.0118191 0.00328833
1 0.91713 0.707938 0.0333964 0.0468011 0.0032152
7 0.584836 0.708221 0.00830908 0.0130212 0.00305948
2 0.481387 0.642245 0.0127853 0.0132316 0.00305047
4 0.382791 0.796683 0.0294752 0.0239738 0.00303104
2 0.756668 0.475914 0.0182947 0.0546155 0.00292745
2 0.831552 0.569582 0.0109504 0.0176206 0.00291721
2 0.31432 0.60898 0.0093092 0.0125753 0.00289822
2 0.646493 0.556465 0.0126541 0.0220744 0.00287338
8 0.594245 0.790657 0.0105798 0.0206954 0.00286915
2 0.485811 0.557139 0.0125214 0.0165957 0.00281329
7 0.887592 0.567088 0.012106 0.0191444 0.00280786
14 0.572083 0.79227 0.00899359 0.0209176 0.00280246
4 0.723076 0.797873 0.0305953 0.0461061 0.00274736
1 0.549454 0.686373 0.00754553 0.0242194 0.00271616
2 0.515674 0.64329 0.00793201 0.0109035 0.00269366
1 0.334612 0.691506 0.0157466 0.0725835 0.00265662
22 0.343969 0.799361 0.0169962 0.0326903 0.00261606
4 0.123519 0.787791 0.0456277 0.0273035 0.002505
7 0.81063 0.573426 0.0172799 0.0300712 0.00250011
4 0.526919 0.790259 0.0111486 0.0229253 0.00246173
4 0.556419 0.789739 0.0261846 0.0230152 0.00241269
4 0.388589 0.795026 0.0266068 0.0222075 0.00240043
0 0.605132 0.792873 0.0140398 0.0217553 0.0023271
4 0.594042 0.804321 0.0111241 0.023266 0.00226586
4 0.366462 0.797927 0.0237903 0.0276758 0.00225913
7 0.783497 0.675018 0.00995825 0.024308 0.00222836
1 0.885918 0.56625 0.0129212 0.0195282 0.00217484
2 0.813251 0.56983 0.0130576 0.0290475 0.00213278
4 0.955892 0.832684 0.0386911 0.0832654 0.00212131
7 0.848129 0.562968 0.0137351 0.0308628 0.00200287
4 0.96337 0.843491 0.0529171 0.0900427 0.00199357
2 0.543315 0.643895 0.00551227 0.0133032 0.00196454
4 0.354391 0.790318 0.0278984 0.0273396 0.00195273
1 0.564536 0.687439 0.0126691 0.0232633 0.00194991
1 0.813251 0.56983 0.0130576 0.0290475 0.0019321
2 0.848731 0.570094 0.0141086 0.0242026 0.00191849
7 0.542748 0.672918 0.0145656 0.0228037 0.00190221
14 0.575183 0.794415 0.0123432 0.0227131 0.00189719
0 0.658508 0.820376 0.0233333 0.0804319 0.00185422
7 0.909025 0.571539 0.0133392 0.018193 0.00185103
2 0.69271 0.54841 0.0150745 0.0242621 0.00182408
2 0.673806 0.552637 0.0195214 0.0268386 0.00181465
1 0.418925 0.735368 0.0163788 0.0376711 0.00179487
8 0.618242 0.792445 0.0152592 0.0252816 0.00177926
1 0.190579 0.621571 0.0255615 0.0273745 0.00172126
0 0.339019 0.798933 0.0213481 0.0314692 0.00171866
4 0.620441 0.803026 0.0233842 0.0459043 0.00170259
1 0.547606 0.677824 0.0125891 0.023631 0.00166556
0 0.328894 0.794361 0.0130091 0.0260535 0.00166434
4 0.894319 0.816746 0.113795 0.116172 0.00164845
7 0.927479 0.305822 0.049245 0.231932 0.00163839
1 0.621224 0.770988 0.0163085 0.0273709 0.00163522
2 0.679241 0.550104 0.021412 0.0288212 0.00160841
1 0.784122 0.569447 0.0178138 0.0278009 0.00160244
1 0.481387 0.642245 0.0127853 0.0132316 0.00160155
2 0.501752 0.642888 0.00859155 0.0107551 0.00158848
4 0.489128 0.786125 0.0297402 0.0490106 0.00157561
14 0.197682 0.815409 0.0372102 0.0547289 0.00157281
1 0.677056 0.551869 0.0185991 0.0273929 0.0015418
2 0.783444 0.674496 0.0106564 0.0240567 0.00154117
4 0.546843 0.792058 0.0256381 0.0233152 0.00150003
2 0.484036 0.556041 0.0163956 0.0236841 0.00148238
1 0.56553 0.78079 0.00986572 0.0338175 0.00146559
4 0.332374 0.785498 0.0245784 0.0327148 0.00142201
0 0.26117 0.773782 0.0181214 0.0289192 0.00142115
4 0.935657 0.812395 0.0732856 0.0643961 0.00139212
22 0.347212 0.69495 0.0276324 0.0793541 0.00138667
7 0.689423 0.554497 0.0205789 0.0332736 0.00135275
1 0.419982 0.725023 0.0162932 0.0301453 0.00134856
2 0.20128 0.573062 0.044268 0.0209797 0.00133963
4 0.321762 0.786677 0.0143763 0.030512 0.0013333
4 0.573189 0.798302 0.011581 0.0262568 0.00133203
8 0.572083 0.79227 0.00899359 0.0209176 0.00132431
2 0.549538 0.676746 0.0127557 0.0238131 0.00132358
4 0.71881 0.811177 0.0294061 0.0720065 0.00130388
1 0.454891 0.735196 0.0110561 0.0353332 0.00129721
7 0.538384 0.639635 0.00999457 0.0195258 0.00129132
8 0.320711 0.793467 0.0133379 0.0260181 0.00129107
0 0.662659 0.773761 0.0166361 0.0138279 0.00128588
12 0.260673 0.779663 0.0181842 0.0347189 0.00127707
7 0.811264 0.561985 0.0140411 0.0294418 0.00127643
4 0.662659 0.773761 0.0166361 0.0138279 0.00126839
1 0.646493 0.556465 0.0126541 0.0220744 0.00126162
1 0.626871 0.758529 0.0123662 0.0342486 0.00125996
5 0.197536 0.801843 0.0362861 0.0318843 0.00122359
7 0.578427 0.588916 0.0109078 0.0143497 0.00121037
1 0.572083 0.79227 0.00899359 0.0209176 0.00120126
1 0.564846 0.619235 0.0255804 0.0667825 0.00119733
14 0.594245 0.790657 0.0105798 0.0206954 0.00118517
7 0.782984 0.578666 0.0182075 0.0389866 0.00118429
4 0.443045 0.798864 0.00905829 0.0230384 0.00118094
7 0.675515 0.545884 0.0237624 0.0351983 0.00116029
0 0.442679 0.791638 0.00946558 0.0282356 0.0011559
4 0.900221 0.772589 0.0509789 0.0363152 0.00115229
0 0.588246 0.789935 0.0117999 0.0203351 0.00113435
3 0.594042 0.804321 0.0111241 0.023266 0.00113046
4 0.436829 0.790566 0.0139306 0.0237835 0.00112962
8 0.339019 0.798933 0.0213481 0.0314692 0.00112466
8 0.575183 0.794415 0.0123432 0.0227131 0.00111522
6 0.262068 0.757568 0.0215253 0.0357797 0.00111497
4 0.262363 0.768539 0.0203677 0.0371777 0.00110538
4 0.13866 0.788855 0.0275248 0.0284105 0.00110458
0 0.260136 0.788328 0.0172694 0.0434047 0.00110139
2 0.564536 0.687439 0.0126691 0.0232633 0.00110082
0 0.657032 0.804536 0.0211923 0.0621775 0.00109532
22 0.196763 0.802316 0.0352308 0.0276434 0.00108397
7 0.786907 0.564078 0.0145609 0.0336782 0.00108044
8 0.605132 0.792873 0.0140398 0.0217553 0.00107907
4 0.238307 0.778569 0.0540082 0.0435531 0.00106903
7 0.543315 0.643895 0.00551227 0.0133032 0.0010684
1 0.409471 0.716997 0.0128056 0.0438541 0.00106459
4 0.891182 0.820239 0.0706754 0.0794694 0.0010568
7 0.767963 0.57195 0.0126336 0.0302608 0.00104424
1 0.608147 0.590586 0.0423454 0.0113444 0.0010409
1 0.459055 0.768442 0.0242625 0.0346718 0.00103332
4 0.588246 0.789935 0.0117999 0.0203351 0.00103169
14 0.259663 0.79392 0.0147837 0.0372437 0.00102585
7 0.676214 0.564089 0.0225431 0.051616 0.0010071
1 0.612146 0.729719 0.0215502 0.0435338 0.00100086
