3 0.615817 0.779827 0.213845 0.282377 0.951623
4 0.214238 0.749402 0.427653 0.495415 0.931903
0 0.616078 0.684296 0.119701 0.376099 0.907478
4 0.556119 0.552603 0.225787 0.117919 0.820789
4 0.179931 0.511137 0.116892 0.105441 0.784036
4 0.0571589 0.491214 0.0317007 0.02038 0.319715
1 0.500636 0.440426 0.0292646 0.0344598 0.230713
14 0.179721 0.511054 0.117267 0.105185 0.215925
4 0.0423344 0.490778 0.0625133 0.0225396 0.195268
4 0.912767 0.498965 0.022683 0.022202 0.191622
11 0.529708 0.653228 0.0317896 0.0805412 0.136999
14 0.644959 0.546209 0.0282538 0.0453596 0.104006
4 0.453485 0.489677 0.0137073 0.0138597 0.0966626
4 0.068967 0.492071 0.0292706 0.0202726 0.0752591
4 0.642777 0.542001 0.0337623 0.0407211 0.0740147
5 0.179836 0.510642 0.117489 0.104854 0.0542157
13 0.531627 0.657917 0.0342535 0.0906512 0.0490209
4 0.0864923 0.493342 0.0435179 0.0225707 0.0467063
4 0.0785016 0.491143 0.0256053 0.0233495 0.045064
11 0.585221 0.626941 0.0554608 0.146554 0.0438616
8 0.132278 0.492807 0.0214868 0.0270572 0.0397301
4 0.0554347 0.476914 0.0216622 0.0212722 0.0364543
4 0.0838694 0.488587 0.0365863 0.0251332 0.0364183
9 0.585221 0.626941 0.0554608 0.146554 0.0343565
12 0.50073 0.440764 0.0290375 0.0352657 0.0340791
11 0.596036 0.60136 0.0571003 0.108631 0.0305229
9 0.596036 0.60136 0.0571003 0.108631 0.0304053
8 0.615735 0.779031 0.213925 0.283539 0.0289914
2 0.905645 0.319223 0.0146157 0.0167885 0.0280888
8 0.710148 0.528362 0.0220156 0.0390491 0.0259322
8 0.266819 0.611504 0.0474206 0.054218 0.0233777
4 0.464833 0.48947 0.0251862 0.0155435 0.0232082
1 0.494907 0.443797 0.0378819 0.0344672 0.0227772
10 0.55654 0.66887 0.0208135 0.0597873 0.0223608
4 0.403988 0.488985 0.0131724 0.0117153 0.0221939
8 0.826437 0.501334 0.0113941 0.0233721 0.0212427
14 0.912897 0.499974 0.0229114 0.0233819 0.0207396
2 0.906319 0.324491 0.0148596 0.0183466 0.020136
14 0.0785016 0.491143 0.0256053 0.0233495 0.0168738
8 0.823165 0.504499 0.00944293 0.0192843 0.0166783
0 0.137846 0.492884 0.0161952 0.0278866 0.0166395
4 0.826959 0.497792 0.0116948 0.024709 0.0166114
9 0.617299 0.582446 0.0494285 0.0913072 0.0159157
2 0.527845 0.654365 0.0357317 0.0755788 0.0155913
8 0.137846 0.492884 0.0161952 0.0278866 0.0153972
4 0.0708989 0.47844 0.0265881 0.0244323 0.014942
34 0.532123 0.656879 0.0362476 0.088364 0.0146747
8 0.644959 0.546209 0.0282538 0.0453596 0.0145111
4 0.00707167 0.49557 0.0129639 0.0195853 0.0141621
4 0.0781454 0.477426 0.0168509 0.0221753 0.0139676
8 0.068967 0.492071 0.0292706 0.0202726 0.0136809
8 0.0785016 0.491143 0.0256053 0.0233495 0.0125639
9 0.604803 0.591316 0.0498023 0.0874666 0.0115112
4 0.642205 0.550197 0.0292906 0.0408762 0.0112784
14 0.649301 0.56613 0.0483439 0.0940697 0.0109806
4 0.253166 0.482561 0.014927 0.0168325 0.0105897
8 0.279912 0.624128 0.0202327 0.0275879 0.0102203
17 0.618683 0.518889 0.044608 0.0484765 0.00868474
15 0.0423344 0.490778 0.0625133 0.0225396 0.00851966
4 0.0482167 0.476556 0.0255969 0.0217697 0.00843171
13 0.640358 0.548695 0.0268691 0.043083 0.0082627
0 0.132278 0.492807 0.0214868 0.0270572 0.00820825
9 0.571682 0.660709 0.0298272 0.0683391 0.00820718
4 0.626761 0.533528 0.0704796 0.0778846 0.00811268
5 0.826959 0.497792 0.0116948 0.024709 0.0080154
15 0.955479 0.485494 0.0196884 0.0302456 0.00782601
8 0.859167 0.503021 0.00916748 0.024538 0.00770208
14 0.859167 0.503021 0.00916748 0.024538 0.00768124
14 0.132278 0.492807 0.0214868 0.0270572 0.00754423
3 0.0785016 0.491143 0.0256053 0.0233495 0.00753803
51 0.532123 0.656879 0.0362476 0.088364 0.00747572
5 0.91293 0.500128 0.0222797 0.0227332 0.0072265
0 0.707954 0.518415 0.0127319 0.0328847 0.00715024
3 0.068967 0.492071 0.0292706 0.0202726 0.00710665
14 0.95656 0.500973 0.0114937 0.0275793 0.00710118
0 0.629489 0.633333 0.0589251 0.26261 0.00698861
8 0.649982 0.59637 0.0455315 0.117963 0.00689905
4 0.246399 0.485834 0.0225443 0.0127718 0.00653776
11 0.613588 0.587568 0.0490606 0.091587 0.0064886
4 0.950656 0.487108 0.0227083 0.0269957 0.00624287
8 0.133931 0.501101 0.0256726 0.0215588 0.00617151
14 0.823165 0.504499 0.00944293 0.0192843 0.00612273
42 0.530833 0.655985 0.0331174 0.0850149 0.00609835
4 0.137846 0.492884 0.0161952 0.0278866 0.00606539
4 0.450829 0.492522 0.019666 0.0162008 0.00593775
9 0.557698 0.660314 0.0182148 0.0766567 0.00590858
0 0.0785016 0.491143 0.0256053 0.0233495 0.00581775
0 0.49738 0.513764 0.0148306 0.0353721 0.00581615
4 0.712053 0.52943 0.0267824 0.0370645 0.00561783
4 0.707954 0.518415 0.0127319 0.0328847 0.00554676
14 0.710148 0.528362 0.0220156 0.0390491 0.00553003
8 0.707954 0.518415 0.0127319 0.0328847 0.00548702
4 0.843768 0.491116 0.0292721 0.0258895 0.00548558
10 0.531627 0.657917 0.0342535 0.0906512 0.00538049
9 0.532372 0.655497 0.0372679 0.0866133 0.00536203
8 0.823631 0.49915 0.0105358 0.0259939 0.00535976
17 0.627152 0.526717 0.0658347 0.0652842 0.00534975
4 0.957192 0.493972 0.0317453 0.0434706 0.00530124
4 0.955904 0.484829 0.0122044 0.0162774 0.00528956
4 0.858014 0.492245 0.00993115 0.0216866 0.00528361
4 0.823631 0.49915 0.0105358 0.0259939 0.00525835
8 0.122482 0.493117 0.0210094 0.0285197 0.0052522
51 0.55654 0.66887 0.0208135 0.0597873 0.005233
4 0.0869197 0.477056 0.0243194 0.0256994 0.00521382
4 0.263083 0.485141 0.0158122 0.0122367 0.005147
4 0.0652586 0.500238 0.040335 0.022212 0.00505165
0 0.068967 0.492071 0.0292706 0.0202726 0.00499894
9 0.667792 0.648563 0.0174267 0.0309328 0.00498296
9 0.567265 0.684811 0.0307877 0.0848853 0.00487236
1 0.955904 0.484829 0.0122044 0.0162774 0.00484222
8 0.649301 0.56613 0.0483439 0.0940697 0.00483829
4 0.0512554 0.51748 0.0970807 0.0392251 0.00483367
9 0.594376 0.66597 0.0788889 0.239308 0.00482872
0 0.644959 0.546209 0.0282538 0.0453596 0.00470454
13 0.567265 0.684811 0.0307877 0.0848853 0.00459951
3 0.132278 0.492807 0.0214868 0.0270572 0.00453509
9 0.668518 0.659174 0.0173186 0.0219331 0.00450835
8 0.970803 0.506109 0.00935974 0.0172241 0.00440621
4 0.852755 0.475261 0.01083 0.01823 0.0043734
0 0.64331 0.614554 0.0658291 0.213156 0.00435867
4 0.458493 0.486898 0.0174194 0.0201012 0.00429739
14 0.068967 0.492071 0.0292706 0.0202726 0.00427691
14 0.44097 0.51008 0.00800616 0.0251887 0.00427245
5 0.0571589 0.491214 0.0317007 0.02038 0.00426973
5 0.644959 0.546209 0.0282538 0.0453596 0.00426912
14 0.743154 0.54456 0.0123888 0.075138 0.00415676
4 0.115072 0.48817 0.0223338 0.0273498 0.00404018
8 0.640077 0.570633 0.0217603 0.0404818 0.00402698
14 0.640077 0.570633 0.0217603 0.0404818 0.00400154
8 0.697573 0.533294 0.0211467 0.0254696 0.00399726
13 0.556026 0.68054 0.021687 0.052783 0.00394439
4 0.400598 0.488232 0.017844 0.011059 0.00392947
14 0.213438 0.748892 0.426017 0.499156 0.0038982
13 0.567772 0.664264 0.0267216 0.0613247 0.00388583
15 0.955904 0.484829 0.0122044 0.0162774 0.00386416
4 0.258659 0.482841 0.0162018 0.0172489 0.00383811
4 0.0761115 0.498972 0.0463564 0.024782 0.00383378
1 0.252906 0.429778 0.00887381 0.025042 0.00381269
4 0.955479 0.485494 0.0196884 0.0302456 0.00380231
3 0.710148 0.528362 0.0220156 0.0390491 0.00379918
5 0.0785016 0.491143 0.0256053 0.0233495 0.00379419
0 0.823165 0.504499 0.00944293 0.0192843 0.00379103
4 0.989247 0.503795 0.0203102 0.0191141 0.00374038
14 0.210853 0.544197 0.0484731 0.055589 0.0037177
0 0.823631 0.49915 0.0105358 0.0259939 0.00370088
14 0.826437 0.501334 0.0113941 0.0233721 0.00367974
4 0.970803 0.506109 0.00935974 0.0172241 0.00364225
4 0.133931 0.501101 0.0256726 0.0215588 0.00359891
0 0.826959 0.497792 0.0116948 0.024709 0.00358642
4 0.151093 0.497539 0.0598417 0.0288244 0.00358217
4 0.32196 0.473006 0.017166 0.015509 0.0035444
15 0.954359 0.477916 0.0189266 0.0234437 0.00351736
1 0.253664 0.436894 0.00893604 0.0294426 0.00351207
4 0.318585 0.481222 0.0206739 0.0176731 0.00349665
11 0.571682 0.660709 0.0298272 0.0683391 0.00348876
8 0.858014 0.492245 0.00993115 0.0216866 0.00346733
0 0.594376 0.66597 0.0788889 0.239308 0.00339262
2 0.919241 0.318477 0.0105351 0.0205189 0.00328672
8 0.259686 0.591661 0.0620965 0.0887056 0.00327528
14 0.707954 0.518415 0.0127319 0.0328847 0.00326051
9 0.585304 0.689339 0.0612816 0.110672 0.00325765
13 0.668518 0.659174 0.0173186 0.0219331 0.00325451
4 0.945956 0.490328 0.0279102 0.0330934 0.00324906
5 0.823165 0.504499 0.00944293 0.0192843 0.00321238
4 0.132278 0.492807 0.0214868 0.0270572 0.00320558
0 0.532171 0.655035 0.0368707 0.0839284 0.00319369
0 0.859167 0.503021 0.00916748 0.024538 0.00315029
15 0.950656 0.487108 0.0227083 0.0269957 0.00313486
8 0.44097 0.51008 0.00800616 0.0251887 0.00301014
10 0.567772 0.664264 0.0267216 0.0613247 0.00300045
14 0.0864923 0.493342 0.0435179 0.0225707 0.00297902
1 0.181759 0.395329 0.0121232 0.0177158 0.00295919
4 0.926654 0.495318 0.0228413 0.0234767 0.00295395
13 0.667792 0.648563 0.0174267 0.0309328 0.002918
8 0.49738 0.513764 0.0148306 0.0353721 0.00285202
4 0.00933344 0.669084 0.017033 0.0419615 0.00283162
0 0.499605 0.49892 0.0202726 0.0437595 0.00277321
4 0.64843 0.534698 0.049864 0.0355857 0.00276483
4 0.158987 0.485651 0.0747022 0.0521557 0.00275795
4 0.0362987 0.476445 0.0309405 0.0233115 0.00274728
4 0.0525271 0.499693 0.0992327 0.023837 0.00269693
0 0.517329 0.484139 0.0133148 0.0395418 0.00269097
3 0.826959 0.497792 0.0116948 0.024709 0.00265201
14 0.744026 0.5235 0.0118218 0.0327811 0.00260378
5 0.068967 0.492071 0.0292706 0.0202726 0.00260305
14 0.858014 0.492245 0.00993115 0.0216866 0.00257223
0 0.130265 0.480857 0.0145751 0.0368666 0.00252473
13 0.279912 0.624128 0.0202327 0.0275879 0.0025209
0 0.95656 0.500973 0.0114937 0.0275793 0.00252062
2 0.500623 0.440693 0.0289425 0.0344379 0.00248886
8 0.984726 0.504289 0.0223915 0.0185591 0.00245834
4 0.477838 0.492551 0.0381933 0.0197857 0.00244987
15 0.945956 0.490328 0.0279102 0.0330934 0.00243776
4 0.701979 0.522152 0.0273729 0.035356 0.00241563
0 0.858014 0.492245 0.00993115 0.0216866 0.00237869
34 0.55654 0.66887 0.0208135 0.0597873 0.00235905
14 0.133931 0.501101 0.0256726 0.0215588 0.00235884
8 0.0781454 0.477426 0.0168509 0.0221753 0.00233746
10 0.56737 0.698159 0.0340156 0.0796438 0.00233213
8 0.95656 0.500973 0.0114937 0.0275793 0.00232212
2 0.929669 0.335748 0.0121162 0.0268425 0.0023112
37 0.644959 0.546209 0.0282538 0.0453596 0.00229531
4 0.641575 0.530449 0.0437549 0.0508001 0.00228812
0 0.710148 0.528362 0.0220156 0.0390491 0.00224522
39 0.532123 0.656879 0.0362476 0.088364 0.002225
14 0.504797 0.5119 0.0286863 0.0325141 0.00215517
20 0.667792 0.648563 0.0174267 0.0309328 0.00215179
5 0.823631 0.49915 0.0105358 0.0259939 0.00210332
4 0.253757 0.478458 0.0189811 0.0256468 0.00209688
4 0.0794243 0.523056 0.158849 0.0510257 0.00208113
18 0.532372 0.655497 0.0372679 0.0866133 0.00208046
1 0.516204 0.4792 0.0107814 0.0376985 0.00207248
15 0.950132 0.476563 0.0171658 0.0210562 0.0020573
15 0.0571589 0.491214 0.0317007 0.02038 0.00205237
4 0.50073 0.440764 0.0290375 0.0352657 0.00203466
2 0.898718 0.317973 0.011627 0.016196 0.00202833
0 0.530195 0.493963 0.0128216 0.0166709 0.00202797
5 0.0838694 0.488587 0.0365863 0.0251332 0.00200856
22 0.823165 0.504499 0.00944293 0.0192843 0.00199089
14 0.137846 0.492884 0.0161952 0.0278866 0.00199077
15 0.0554347 0.476914 0.0216622 0.0212722 0.00198482
4 0.995752 0.497105 0.00814587 0.0222017 0.00197762
2 0.898492 0.326029 0.0117267 0.0165329 0.00197478
5 0.0423344 0.490778 0.0625133 0.0225396 0.00197112
2 0.00933344 0.669084 0.017033 0.0419615 0.00196813
8 0.663581 0.531606 0.0113135 0.0205411 0.00196222
42 0.642777 0.542001 0.0337623 0.0407211 0.00196148
12 0.912897 0.499974 0.0229114 0.0233819 0.0019586
1 0.00626099 0.47504 0.00903959 0.0234446 0.00194497
1 0.245921 0.424717 0.00657187 0.0194691 0.00192226
4 0.308543 0.480089 0.00865231 0.0194717 0.00189551
13 0.562446 0.696078 0.0278763 0.0702152 0.00188355
13 0.640077 0.570633 0.0217603 0.0404818 0.00187545
4 0.823165 0.504499 0.00944293 0.0192843 0.00186422
4 0.696707 0.529399 0.035258 0.031847 0.00185626
15 0.964471 0.486487 0.0367935 0.0449137 0.00185321
3 0.60306 0.743084 0.091639 0.220083 0.00184971
14 0.49738 0.513764 0.0148306 0.0353721 0.00183451
2 0.181759 0.395329 0.0121232 0.0177158 0.00183311
8 0.70975 0.538491 0.0200328 0.0358559 0.001831
4 0.913957 0.492223 0.0229763 0.0315655 0.00182292
0 0.0781454 0.477426 0.0168509 0.0221753 0.00181701
1 0.00417462 0.454874 0.00635039 0.0313341 0.00181665
5 0.649301 0.56613 0.0483439 0.0940697 0.00180133
4 0.838156 0.487887 0.0195904 0.0242908 0.00178985
4 0.616079 0.776786 0.214389 0.288923 0.00178134
8 0.646223 0.592561 0.0595716 0.159478 0.00178097
1 0.370755 0.919966 0.111096 0.153213 0.00176427
4 0.984025 0.496385 0.0218414 0.0295201 0.00175304
12 0.955904 0.484829 0.0122044 0.0162774 0.00174276
15 0.912963 0.499255 0.0227518 0.0221041 0.00174251
14 0.649982 0.59637 0.0455315 0.117963 0.00173765
4 0.51079 0.510805 0.0429777 0.0328754 0.00172368
8 0.453485 0.489677 0.0137073 0.0138597 0.0017149
1 0.0795318 0.456223 0.0108477 0.0322234 0.00171208
4 0.122482 0.493117 0.0210094 0.0285197 0.00170741
1 0.00403646 0.237485 0.00707067 0.031702 0.00169719
2 0.240695 0.377904 0.00744147 0.0130522 0.00169613
14 0.970803 0.506109 0.00935974 0.0172241 0.00163375
42 0.500623 0.440693 0.0289425 0.0344379 0.00162591
14 0.649639 0.548978 0.0432717 0.0552195 0.00161628
4 0.35319 0.486104 0.0119009 0.0129355 0.00160051
14 0.955904 0.484829 0.0122044 0.0162774 0.00159578
0 0.122482 0.493117 0.0210094 0.0285197 0.00158791
0 0.252402 0.518895 0.0102051 0.0503227 0.00158749
0 0.649982 0.59637 0.0455315 0.117963 0.00158075
2 0.22754 0.382262 0.00981398 0.0158758 0.00157629
2 0.9133 0.336907 0.00728149 0.0192485 0.00157479
14 0.122482 0.493117 0.0210094 0.0285197 0.00155755
4 0.332494 0.474339 0.00859088 0.0169004 0.00154222
15 0.0482167 0.476556 0.0255969 0.0217697 0.00153459
14 0.823631 0.49915 0.0105358 0.0259939 0.00152576
17 0.530977 0.654993 0.0363968 0.0797976 0.00152184
9 0.634764 0.579348 0.0289254 0.0876263 0.00152121
3 0.970803 0.506109 0.00935974 0.0172241 0.0015065
3 0.649982 0.59637 0.0455315 0.117963 0.00150386
10 0.213438 0.748892 0.426017 0.499156 0.00148347
4 0.862822 0.495899 0.0178513 0.0239529 0.00147796
3 0.0864923 0.493342 0.0435179 0.0225707 0.0014772
6 0.0423344 0.490778 0.0625133 0.0225396 0.00147568
4 0.95656 0.500973 0.0114937 0.0275793 0.00147447
1 0.809803 0.47216 0.00891724 0.0138777 0.00146429
11 0.642205 0.550197 0.0292906 0.0408762 0.001457
8 0.0838694 0.488587 0.0365863 0.0251332 0.00144353
15 0.0708989 0.47844 0.0265881 0.0244323 0.00144279
0 0.649301 0.56613 0.0483439 0.0940697 0.00144137
0 0.626756 0.580726 0.0425709 0.131133 0.00143948
3 0.137846 0.492884 0.0161952 0.0278866 0.00141196
0 0.506192 0.487775 0.0197119 0.0551538 0.00137827
8 0.0708989 0.47844 0.0265881 0.0244323 0.00137763
4 0.858929 0.490593 0.0130101 0.0295887 0.00137426
22 0.55654 0.66887 0.0208135 0.0597873 0.00136699
3 0.707954 0.518415 0.0127319 0.0328847 0.00135374
3 0.984726 0.504289 0.0223915 0.0185591 0.00134172
0 0.504797 0.5119 0.0286863 0.0325141 0.00133988
4 0.539623 0.493381 0.0149305 0.0118296 0.00133691
14 0.956211 0.529602 0.0128668 0.0420431 0.00133609
3 0.122482 0.493117 0.0210094 0.0285197 0.00132989
4 0.638023 0.570376 0.0681978 0.134938 0.00132895
14 0.222044 0.546256 0.0303857 0.0492405 0.00130723
