12 0.461792 0.538685 0.459226 0.290961 0.862455
0 0.875955 0.613238 0.0121275 0.0530301 0.108824
14 0.765063 0.598175 0.0140274 0.0336985 0.0731143
0 0.856478 0.612763 0.0149891 0.0679364 0.0590397
0 0.89561 0.620627 0.0146622 0.0338245 0.0365472
0 0.890843 0.615958 0.0148392 0.041469 0.0275916
14 0.463307 0.656762 0.0128971 0.0364998 0.0202192
0 0.441838 0.545407 0.018733 0.127112 0.0174612
0 0.451674 0.54338 0.0296101 0.149755 0.0161963
0 0.92291 0.622339 0.0138519 0.0250609 0.0107817
0 0.444668 0.529984 0.0261272 0.165823 0.0106992
14 0.740406 0.61923 0.0166222 0.0191385 0.0105992
0 0.705609 0.609225 0.0148093 0.0614514 0.0104258
0 0.765063 0.598175 0.0140274 0.0336985 0.0101494
0 0.688877 0.583615 0.0108 0.110506 0.00923695
2 0.885728 0.53114 0.00919568 0.0204544 0.00899328
0 0.826861 0.612022 0.0118492 0.0681641 0.00854572
0 0.902247 0.626739 0.0152366 0.0193 0.00841924
22 0.72419 0.661266 0.0116148 0.0508672 0.00760015
1 0.885728 0.53114 0.00919568 0.0204544 0.00619546
0 0.461067 0.545071 0.0236897 0.152103 0.00594212
14 0.736429 0.608119 0.0174219 0.0411744 0.00556803
14 0.857536 0.613121 0.0148422 0.066441 0.00512077
0 0.922911 0.607231 0.0140522 0.0507458 0.00503361
14 0.734423 0.622796 0.0160542 0.0203944 0.00498463
3 0.689913 0.624015 0.010723 0.0295451 0.00490709
2 0.763121 0.475255 0.0144712 0.0198376 0.00480922
0 0.915548 0.617978 0.0131912 0.0315604 0.0047629
0 0.43287 0.554464 0.0256393 0.111527 0.00474818
0 0.937002 0.61995 0.0208557 0.0295205 0.00468158
14 0.733597 0.600438 0.0142863 0.0458379 0.00451359
0 0.937445 0.611702 0.0180065 0.038934 0.00419307
0 0.929849 0.623885 0.0244641 0.0222311 0.00390808
14 0.705609 0.609225 0.0148093 0.0614514 0.00377067
0 0.721957 0.628402 0.0128264 0.0293148 0.00351604
14 0.900565 0.667205 0.0527336 0.062516 0.00335605
0 0.733597 0.600438 0.0142863 0.0458379 0.00333554
14 0.89561 0.620627 0.0146622 0.0338245 0.00320718
14 0.682585 0.625688 0.015971 0.0342589 0.00306513
4 0.0428875 0.645967 0.0844455 0.0926127 0.00291364
14 0.689913 0.624015 0.010723 0.0295451 0.00290506
3 0.722846 0.632245 0.0118192 0.0275558 0.00286121
8 0.902247 0.626739 0.0152366 0.0193 0.00271912
2 0.813413 0.524005 0.0126194 0.0207949 0.0026866
0 0.932397 0.617455 0.0253425 0.0311318 0.00260692
8 0.92291 0.622339 0.0138519 0.0250609 0.00258434
3 0.734423 0.622796 0.0160542 0.0203944 0.00252984
0 0.930658 0.608942 0.0264332 0.0488878 0.00249962
0 0.691426 0.604256 0.0145786 0.06537 0.00248051
0 0.443722 0.539307 0.0380583 0.201493 0.00233161
0 0.823129 0.614792 0.0108665 0.0589233 0.00232154
6 0.0428875 0.645967 0.0844455 0.0926127 0.00230089
2 0.183528 0.399454 0.00839032 0.0138221 0.00227716
0 0.734423 0.622796 0.0160542 0.0203944 0.00224696
2 0.0931637 0.281872 0.0177352 0.0444369 0.00213576
0 0.454092 0.586742 0.021304 0.138965 0.00212201
3 0.682585 0.625688 0.015971 0.0342589 0.0020644
8 0.740406 0.61923 0.0166222 0.0191385 0.00204434
3 0.740406 0.61923 0.0166222 0.0191385 0.00197943
0 0.713214 0.606912 0.0227566 0.069295 0.00194689
2 0.937283 0.436715 0.00856018 0.0198402 0.00193759
8 0.929849 0.623885 0.0244641 0.0222311 0.00193583
0 0.468857 0.545509 0.0180519 0.150597 0.00193487
3 0.710881 0.634276 0.0210869 0.0212925 0.00193379
2 0.810654 0.519611 0.0149772 0.0269693 0.00188733
2 0.180943 0.424532 0.00602657 0.0116323 0.00179649
4 0.888712 0.615672 0.0155211 0.0426524 0.00172592
8 0.892709 0.616956 0.0157947 0.0402954 0.00169839
0 0.873181 0.617318 0.0116176 0.0607112 0.00169802
0 0.442883 0.566253 0.0124067 0.093797 0.00167481
4 0.929849 0.623885 0.0244641 0.0222311 0.00165965
8 0.689913 0.624015 0.010723 0.0295451 0.00165651
14 0.888712 0.615672 0.0155211 0.0426524 0.00162887
23 0.72419 0.661266 0.0116148 0.0508672 0.00159501
4 0.708683 0.600567 0.0215512 0.0496865 0.00158201
3 0.707827 0.610892 0.0200134 0.0632009 0.00157663
14 0.882341 0.666391 0.0183021 0.0606946 0.0015163
0 0.876405 0.600122 0.0116585 0.045127 0.00150448
8 0.734423 0.622796 0.0160542 0.0203944 0.00148863
22 0.722846 0.632245 0.0118192 0.0275558 0.00147619
4 0.932397 0.617455 0.0253425 0.0311318 0.00144023
3 0.89561 0.620627 0.0146622 0.0338245 0.0013739
4 0.892709 0.616956 0.0157947 0.0402954 0.00137087
3 0.892709 0.616956 0.0157947 0.0402954 0.00134778
0 0.708683 0.600567 0.0215512 0.0496865 0.00130592
0 0.460401 0.586715 0.0243113 0.110025 0.00124629
2 0.757052 0.476225 0.0274601 0.0222001 0.00124502
0 0.872328 0.598633 0.0180389 0.042916 0.00117146
0 0.898732 0.615067 0.0223234 0.0416153 0.00111382
14 0.708683 0.600567 0.0215512 0.0496865 0.00108987
14 0.72419 0.661266 0.0116148 0.0508672 0.00106731
8 0.89561 0.620627 0.0146622 0.0338245 0.00106724
14 0.721957 0.628402 0.0128264 0.0293148 0.00103824
2 0.904517 0.427776 0.00960767 0.0157015 0.00102538
0 0.689913 0.624015 0.010723 0.0295451 0.00101923
0 0.826431 0.626319 0.0135861 0.0408173 0.00101876
