4 0.320227 0.432157 0.310454 0.168623 0.942627
3 0.648601 0.57599 0.231837 0.317971 0.884089
4 0.579531 0.373129 0.192929 0.204646 0.789321
8 0.80757 0.405647 0.0501846 0.0782316 0.757986
4 0.889936 0.372014 0.0982297 0.0755296 0.675526
1 0.290997 0.193322 0.131583 0.0740781 0.629163
0 0.801715 0.387905 0.035681 0.0953577 0.617724
1 0.0725975 0.272855 0.0330156 0.0864127 0.507204
4 0.764659 0.384596 0.13761 0.0816259 0.479346
4 0.866614 0.37414 0.055403 0.0742806 0.390664
8 0.64872 0.572066 0.22841 0.330591 0.353857
25 0.37473 0.336484 0.0742865 0.0484947 0.328547
42 0.37473 0.336484 0.0742865 0.0484947 0.320881
6 0.748116 0.365839 0.18105 0.121499 0.127547
1 0.155521 0.242962 0.0256374 0.11907 0.121152
14 0.520828 0.548637 0.0681536 0.167734 0.115209
22 0.883803 0.454056 0.0187017 0.0365223 0.107527
4 0.922862 0.3761 0.149644 0.0754311 0.102784
22 0.878343 0.449475 0.0157015 0.0299629 0.0877227
0 0.813519 0.394532 0.0300231 0.0878904 0.0848104
0 0.801121 0.38689 0.0177922 0.0916355 0.076527
4 0.747136 0.364248 0.178693 0.123351 0.0763304
8 0.65407 0.5513 0.129245 0.323975 0.0684444
6 0.763901 0.387981 0.136983 0.0779626 0.0674975
22 0.888258 0.452689 0.0128251 0.0380829 0.0666301
0 0.809073 0.403417 0.0425274 0.0731713 0.0587434
2 0.851287 0.178512 0.0101035 0.0146006 0.0579758
4 0.834393 0.378406 0.0806652 0.0640436 0.0573703
22 0.992364 0.495982 0.011382 0.0222214 0.0469993
4 0.411838 0.357912 0.137242 0.128716 0.0438034
4 0.686755 0.372537 0.0787152 0.0760436 0.0429791
2 0.838377 0.174203 0.0099812 0.0200552 0.0383222
0 0.823061 0.391054 0.0209009 0.0491436 0.0363424
1 0.222526 0.302309 0.0498127 0.028501 0.036265
2 0.931763 0.0635013 0.0150631 0.023177 0.031382
4 0.716513 0.377664 0.0318445 0.0337888 0.0301291
4 0.471732 0.35581 0.020175 0.0968259 0.0299023
0 0.654022 0.616629 0.0511565 0.176953 0.0292203
2 0.851158 0.189781 0.0108176 0.0359427 0.0289719
2 0.864387 0.151737 0.0146911 0.0114029 0.0278594
15 0.579779 0.373383 0.191425 0.204721 0.0267018
2 0.827765 0.19079 0.00999182 0.0234008 0.0264166
2 0.913127 0.0614754 0.0165848 0.0193066 0.026208
5 0.762668 0.387501 0.128341 0.0847911 0.0250331
4 0.705824 0.377279 0.0491716 0.0355297 0.0237169
4 0.730225 0.384665 0.0600046 0.0544411 0.0226953
4 0.904249 0.375822 0.0805623 0.0558865 0.021854
0 0.797566 0.36706 0.0180439 0.0540054 0.0208817
2 0.835092 0.17985 0.0126609 0.0335989 0.0203711
2 0.179794 0.0983428 0.0219834 0.0315018 0.0191664
2 0.851531 0.154251 0.0121459 0.0101894 0.0186317
2 0.877133 0.264297 0.0094671 0.0158705 0.0185794
4 0.552421 0.4218 0.132372 0.101579 0.0180258
13 0.801121 0.38689 0.0177922 0.0916355 0.0177023
2 0.822005 0.190876 0.0116714 0.0207683 0.0166842
2 0.661875 0.327982 0.0208104 0.0169471 0.0160515
2 0.838223 0.180673 0.00978528 0.0300121 0.0157052
12 0.579461 0.373116 0.191018 0.202849 0.0151128
2 0.453958 0.0809055 0.0282597 0.0267642 0.0142647
4 0.454368 0.296546 0.0395845 0.0224063 0.0133398
4 0.856451 0.383082 0.0373444 0.0568341 0.0132837
4 0.690664 0.371687 0.0789337 0.0279618 0.0129935
22 0.992363 0.432595 0.0115439 0.023486 0.0124407
4 0.504577 0.421132 0.072842 0.0841832 0.0123112
4 0.689223 0.390682 0.0830866 0.076051 0.0119604
4 0.888298 0.375664 0.0282397 0.0694477 0.0118589
4 0.455884 0.356585 0.0441626 0.117343 0.0114265
2 0.818044 0.148039 0.0171406 0.0173456 0.0113371
4 0.375732 0.342973 0.071167 0.0595439 0.0108895
2 0.149672 0.180088 0.0140131 0.0144944 0.0108
42 0.678928 0.373475 0.0564819 0.0581761 0.0107739
3 0.654299 0.545473 0.130977 0.325698 0.0107094
22 0.851869 0.450687 0.0140295 0.0312366 0.0106205
22 0.983557 0.423223 0.0134345 0.0441519 0.010482
4 0.926718 0.337032 0.0232832 0.0157591 0.010275
22 0.846488 0.450738 0.0201746 0.0314897 0.00985308
4 0.40944 0.419451 0.134621 0.136364 0.00981047
22 0.875433 0.446229 0.0164086 0.0226379 0.00954196
17 0.801121 0.38689 0.0177922 0.0916355 0.00929922
2 0.466846 0.0805376 0.0196704 0.0222441 0.00891036
26 0.878428 0.453327 0.0150045 0.0362903 0.00882922
14 0.851278 0.45045 0.0135031 0.0316628 0.00880449
13 0.797566 0.36706 0.0180439 0.0540054 0.00863249
2 0.179724 0.0868832 0.018819 0.0199405 0.00848949
2 0.217079 0.17473 0.0173759 0.014705 0.00821496
8 0.992364 0.495982 0.011382 0.0222214 0.00796136
2 0.821535 0.135546 0.0144543 0.0201447 0.00795628
2 0.575217 0.0926745 0.0343976 0.0153177 0.00775891
2 0.246323 0.254261 0.0106904 0.0291521 0.00768683
2 0.186087 0.108093 0.0124985 0.0183194 0.00755158
2 0.659684 0.346786 0.0135582 0.029779 0.00752106
2 0.875111 0.149545 0.0340317 0.0141486 0.00735517
14 0.96559 0.422631 0.020315 0.0478162 0.00730078
8 0.795313 0.413785 0.0361002 0.0668954 0.0072765
8 0.823999 0.39344 0.0191401 0.0520494 0.00716396
2 0.147475 0.186836 0.0097146 0.0150978 0.00680226
2 0.197083 0.0981951 0.0134779 0.0198682 0.00676803
42 0.686021 0.353813 0.0661511 0.0562811 0.00669299
2 0.831905 0.15799 0.0134893 0.0125667 0.00668449
14 0.959625 0.422878 0.0143323 0.0476946 0.00656981
2 0.550877 0.0923717 0.0134985 0.019223 0.00648973
2 0.179633 0.110537 0.0158517 0.0207855 0.00636364
2 0.825222 0.133094 0.0115264 0.0191284 0.00632778
15 0.747136 0.364248 0.178693 0.123351 0.00604074
8 0.824753 0.426607 0.0147648 0.0355601 0.00592719
5 0.748116 0.365839 0.18105 0.121499 0.00570588
26 0.886593 0.452101 0.0152961 0.03849 0.00566015
2 0.888031 0.191934 0.0103184 0.0179319 0.00552164
4 0.946667 0.366684 0.100017 0.0566341 0.00550743
22 0.992285 0.420184 0.0121472 0.0482093 0.00545262
22 0.992389 0.487753 0.0128618 0.0396699 0.00541019
4 0.509892 0.382194 0.0353096 0.0273908 0.0053952
0 0.654125 0.547624 0.130384 0.322956 0.00535477
9 0.58739 0.525898 0.0647162 0.10265 0.00526656
4 0.724191 0.369735 0.0441898 0.023111 0.00526379
2 0.178651 0.207125 0.00811183 0.0091786 0.00522323
8 0.81673 0.393433 0.0710401 0.0603961 0.00521355
22 0.992745 0.473358 0.0116663 0.0667242 0.0050915
26 0.966036 0.422307 0.0206418 0.0477872 0.00504976
2 0.440485 0.244652 0.0156337 0.0158525 0.00501555
4 0.527071 0.399365 0.0641091 0.0766151 0.0050004
22 0.993137 0.454718 0.0108984 0.0836749 0.00496626
4 0.394572 0.372689 0.0903841 0.0515514 0.00492716
4 0.497343 0.405596 0.0847693 0.0866731 0.00475689
4 0.474021 0.340079 0.0149735 0.0898677 0.00469197
4 0.499794 0.406577 0.0666682 0.057582 0.00457998
4 0.427391 0.343296 0.0954908 0.112177 0.00452516
2 0.174153 0.17008 0.0119381 0.0104938 0.00438419
2 0.194849 0.110718 0.0105468 0.0183899 0.00438165
4 0.524808 0.389234 0.0597834 0.0482857 0.00431426
4 0.789319 0.340856 0.0577167 0.0404796 0.0043105
2 0.178991 0.170151 0.0161023 0.0144458 0.00428298
6 0.579779 0.373383 0.191425 0.204721 0.00427957
4 0.470739 0.383082 0.0207501 0.0867531 0.00421887
2 0.173657 0.111122 0.0115678 0.0208634 0.004163
2 0.888796 0.207162 0.00922571 0.0146504 0.0041568
2 0.448868 0.0748666 0.0225565 0.0227786 0.00406727
2 0.915332 0.0187507 0.019332 0.0243842 0.00397914
2 0.95074 0.0376131 0.0103988 0.0167996 0.00395707
14 0.846488 0.450738 0.0201746 0.0314897 0.00393651
26 0.959795 0.42278 0.0144672 0.0477811 0.00387287
5 0.654299 0.545473 0.130977 0.325698 0.00384542
4 0.434269 0.302309 0.0803639 0.0315928 0.00383476
1 0.246323 0.254261 0.0106904 0.0291521 0.00379115
8 0.785691 0.408071 0.0222568 0.0502585 0.00377528
4 0.459435 0.292599 0.0446794 0.02187 0.0036675
42 0.667441 0.364638 0.035778 0.0413665 0.00364256
25 0.317547 0.24222 0.165076 0.0493586 0.00361997
4 0.221805 0.302895 0.0508257 0.029213 0.00359631
25 0.4087 0.359045 0.138456 0.107727 0.00359101
12 0.927481 0.322944 0.144722 0.246756 0.00353037
4 0.495851 0.38478 0.0746996 0.0912919 0.00352698
4 0.519067 0.431101 0.0866034 0.0818226 0.00348958
2 0.454005 0.0893123 0.0223452 0.0364261 0.00348739
2 0.440367 0.0675742 0.0279219 0.0207114 0.00346052
2 0.268852 0.298251 0.0161881 0.01513 0.00344264
2 0.21136 0.172721 0.0121685 0.0131831 0.00344099
4 0.923048 0.330658 0.0129785 0.0152839 0.00333318
42 0.4087 0.359045 0.138456 0.107727 0.00331635
42 0.686755 0.372537 0.0787152 0.0760436 0.00324978
4 0.929788 0.330276 0.0120193 0.01435 0.00321136
6 0.814632 0.362145 0.118995 0.0962483 0.00319348
17 0.797566 0.36706 0.0180439 0.0540054 0.00313549
2 0.156233 0.189169 0.013621 0.010293 0.00311666
2 0.889029 0.23157 0.0108766 0.0234053 0.00304281
2 0.884001 0.23181 0.0120292 0.0217708 0.0030283
2 0.547901 0.0910364 0.0115998 0.0230049 0.00300711
2 0.268772 0.28745 0.0202054 0.0269474 0.00294266
2 0.845844 0.161111 0.0125843 0.0170096 0.00292193
8 0.650745 0.48605 0.124946 0.177273 0.00289264
2 0.793901 0.0413501 0.0296979 0.0164387 0.00288893
0 0.666864 0.466292 0.104119 0.245363 0.00285174
4 0.505652 0.369557 0.041815 0.0246205 0.00284935
4 0.814632 0.362145 0.118995 0.0962483 0.0027355
2 0.47645 0.289681 0.0105052 0.0154149 0.00269893
0 0.659019 0.580558 0.0564883 0.247198 0.0026717
4 0.938311 0.395285 0.117982 0.104611 0.00266604
5 0.578742 0.373479 0.19157 0.204494 0.00265309
0 0.795362 0.397072 0.0411185 0.0608573 0.00264139
4 0.525849 0.378151 0.0632766 0.0488512 0.00262881
7 0.929916 0.231181 0.0101572 0.0189842 0.00261751
4 0.47962 0.391256 0.0382774 0.0757648 0.00260008
4 0.798954 0.383697 0.0451445 0.082562 0.00259599
4 0.512161 0.402207 0.0569475 0.0570157 0.00258968
18 0.846876 0.167185 0.0123813 0.0145608 0.00248641
2 0.878999 0.252232 0.00998804 0.0121256 0.00244943
10 0.992364 0.495982 0.011382 0.0222214 0.00242702
4 0.9351 0.340769 0.0423721 0.0212708 0.00242034
2 0.955994 0.0629655 0.0156714 0.0244539 0.00241583
2 0.929788 0.330276 0.0120193 0.01435 0.0024126
1 0.35611 0.237381 0.0776974 0.0451504 0.00239901
42 0.66478 0.341508 0.0220584 0.0349624 0.00238158
4 0.459944 0.36762 0.0318453 0.0774479 0.00238018
4 0.547536 0.40113 0.114503 0.0857228 0.00236629
5 0.807611 0.404256 0.0513721 0.0777623 0.00235981
4 0.823061 0.391054 0.0209009 0.0491436 0.00235532
1 0.25283 0.252653 0.0217246 0.0297711 0.0023132
10 0.915355 0.0160633 0.0193884 0.0286923 0.00231092
2 0.83607 0.143146 0.0108807 0.0116928 0.00231002
2 0.279914 0.251417 0.0163398 0.0227328 0.00230831
8 0.851752 0.389005 0.037722 0.0471384 0.00229164
2 0.178919 0.200414 0.00908254 0.0186418 0.00228645
2 0.550254 0.0780792 0.0138394 0.0366351 0.00228558
2 0.893012 0.0646534 0.01168 0.0164704 0.00225494
2 0.797983 0.0420741 0.0370384 0.0235585 0.00217832
4 0.807611 0.404256 0.0513721 0.0777623 0.00217749
10 0.931763 0.0635013 0.0150631 0.023177 0.00211699
2 0.926718 0.337032 0.0232832 0.0157591 0.00209338
2 0.883942 0.207022 0.0114597 0.0130089 0.00208507
4 0.454896 0.3858 0.0354745 0.0465 0.00204329
26 0.983557 0.423223 0.0134345 0.0441519 0.00203942
2 0.375031 0.33631 0.0721202 0.0467866 0.00203912
2 0.929916 0.231181 0.0101572 0.0189842 0.00201524
2 0.200276 0.0941783 0.0140008 0.016639 0.00200897
0 0.99269 0.404488 0.0117573 0.0772654 0.00199976
42 0.66278 0.334443 0.0205251 0.0293685 0.00198294
2 0.880609 0.148328 0.0256868 0.0132101 0.00197824
2 0.816121 0.145358 0.0150815 0.016741 0.00197668
2 0.387463 0.253448 0.0276764 0.0216664 0.00192143
4 0.581292 0.413974 0.188271 0.120657 0.00192095
2 0.119068 0.287453 0.0153038 0.0257016 0.00191592
22 0.824753 0.426607 0.0147648 0.0355601 0.00189118
2 0.88762 0.180976 0.00824268 0.0144858 0.00188589
7 0.246416 0.254515 0.0127182 0.0297888 0.00188318
7 0.119068 0.287453 0.0153038 0.0257016 0.00188101
2 0.885732 0.148383 0.0165601 0.0147153 0.00187211
2 0.899882 0.0409097 0.0146842 0.0274948 0.00182898
42 0.663212 0.380909 0.0496028 0.057749 0.00182271
2 0.366323 0.230788 0.0519579 0.0325158 0.0017849
22 0.856393 0.450492 0.0157699 0.0280758 0.00178381
2 0.748116 0.365839 0.18105 0.121499 0.00172843
0 0.992285 0.420184 0.0121472 0.0482093 0.00172386
14 0.965671 0.416119 0.0304633 0.06193 0.00169441
3 0.44886 0.457089 0.0259642 0.062954 0.00166454
2 0.65792 0.382298 0.0428639 0.0342762 0.0016466
1 0.312954 0.236522 0.168052 0.0440381 0.00161125
2 0.66278 0.334443 0.0205251 0.0293685 0.0016094
4 0.76989 0.333697 0.0245306 0.0467912 0.00160899
1 0.118372 0.288706 0.0151231 0.0241363 0.00158898
2 0.838814 0.137523 0.0112738 0.0139668 0.00156611
18 0.990823 0.404292 0.0152511 0.0811863 0.00155029
2 0.971021 0.0596075 0.028129 0.0232373 0.0015224
4 0.701586 0.348882 0.0972575 0.0550531 0.00150777
0 0.68123 0.389736 0.0849666 0.100201 0.0015044
8 0.992745 0.473358 0.0116663 0.0667242 0.0015014
2 0.401558 0.250024 0.00950501 0.0198095 0.00149768
4 0.476375 0.302806 0.0101815 0.0202209 0.00149551
8 0.666864 0.466292 0.104119 0.245363 0.00148239
30 0.793901 0.0413501 0.0296979 0.0164387 0.00147827
4 0.958131 0.342144 0.0125163 0.0156798 0.00146702
2 0.950217 0.0293059 0.0112886 0.0216616 0.00146374
40 0.763901 0.387981 0.136983 0.0779626 0.00145417
2 0.955734 0.0685451 0.0120557 0.0245038 0.00144931
2 0.222359 0.302126 0.0495861 0.0277472 0.0014478
7 0.91601 0.234 0.0108372 0.0217298 0.00144342
10 0.883803 0.454056 0.0187017 0.0365223 0.00143832
8 0.770519 0.405586 0.0523516 0.0526699 0.00143633
2 0.977814 0.328015 0.0139009 0.0122971 0.00143607
2 0.495719 0.209771 0.0117842 0.0188953 0.00143235
11 0.813519 0.394532 0.0300231 0.0878904 0.00142788
26 0.875194 0.45135 0.0154511 0.0299321 0.00140328
4 0.430343 0.378522 0.0187779 0.0525623 0.00138536
2 0.375496 0.219364 0.0182197 0.0220204 0.00138263
2 0.653138 0.36987 0.0309162 0.0386817 0.00137945
2 0.846876 0.167185 0.0123813 0.0145608 0.00137622
4 0.507591 0.448038 0.0741781 0.0767386 0.00137377
17 0.678928 0.373475 0.0564819 0.0581761 0.00135654
2 0.809621 0.229208 0.0113099 0.0172715 0.00133827
2 0.914054 0.0415117 0.0202181 0.0323873 0.00133103
22 0.884766 0.421248 0.0167695 0.0275021 0.0013133
4 0.474254 0.418859 0.0250529 0.0470239 0.00131217
7 0.832306 0.221677 0.0158419 0.0312592 0.00130564
4 0.38195 0.379908 0.178943 0.0615656 0.00128442
4 0.749348 0.398935 0.100855 0.0660909 0.00128396
24 0.761299 0.369261 0.149956 0.113718 0.00128348
15 0.763901 0.387981 0.136983 0.0779626 0.00128237
42 0.374859 0.354416 0.0738063 0.0552308 0.00127755
2 0.465486 0.0866026 0.0197658 0.0328729 0.00125607
14 0.586176 0.527022 0.0630209 0.099768 0.00125271
2 0.923048 0.330658 0.0129785 0.0152839 0.00123488
4 0.462955 0.40641 0.0404199 0.073978 0.00122996
2 0.91601 0.234 0.0108372 0.0217298 0.00120459
2 0.277471 0.268991 0.018529 0.0239307 0.00119546
4 0.594512 0.417541 0.10747 0.112907 0.00118534
18 0.80237 0.0419042 0.0455467 0.0289323 0.00118088
4 0.495121 0.378553 0.0603111 0.165878 0.00117941
23 0.878343 0.449475 0.0157015 0.0299629 0.00115938
42 0.670253 0.388985 0.0516846 0.0539165 0.00115571
3 0.660066 0.485068 0.0892813 0.176067 0.00113825
4 0.770872 0.395272 0.0821268 0.0631865 0.00113097
8 0.806314 0.391106 0.030682 0.0907144 0.00112999
0 0.659684 0.346786 0.0135582 0.029779 0.00112444
2 0.856757 0.183273 0.0136556 0.0283558 0.00112128
25 0.357462 0.243533 0.0864268 0.0482152 0.00110943
2 0.832542 0.221379 0.0142843 0.0315512 0.00110809
2 0.801121 0.38689 0.0177922 0.0916355 0.00110576
0 0.762668 0.387501 0.128341 0.0847911 0.00110232
18 0.851869 0.450687 0.0140295 0.0312366 0.00109968
2 0.369259 0.241404 0.0594588 0.0463647 0.00109545
13 0.813519 0.394532 0.0300231 0.0878904 0.00109371
