0 0.172656 0.78323 0.10889 0.42843 0.904975
3 0.212293 0.863414 0.21075 0.273173 0.736054
14 0.47061 0.716408 0.0258562 0.0867873 0.432097
8 0.212409 0.861831 0.212046 0.273452 0.429808
1 0.683069 0.569582 0.0198826 0.0383895 0.369002
0 0.458551 0.649326 0.0193933 0.0701211 0.292742
4 0.628168 0.645177 0.016872 0.0132485 0.254869
4 0.586629 0.650649 0.018554 0.0269489 0.216189
1 0.68444 0.607147 0.0204332 0.0269301 0.179685
0 0.98016 0.644227 0.0113035 0.0307062 0.176699
4 0.603823 0.640531 0.0126918 0.0116784 0.157927
0 0.563988 0.638492 0.0105634 0.0344609 0.15332
1 0.687833 0.607912 0.0136478 0.0232366 0.152555
0 0.549761 0.639935 0.00850049 0.0335524 0.137346
4 0.639997 0.646028 0.012624 0.0145549 0.13619
0 0.836462 0.657246 0.00777472 0.0354047 0.10988
0 0.833514 0.654571 0.00774078 0.0439375 0.105337
0 0.831152 0.661239 0.00882703 0.049255 0.0909954
4 0.669884 0.644454 0.0201174 0.0116435 0.0901521
0 0.544248 0.632991 0.00749933 0.0263649 0.0866446
0 0.463477 0.646521 0.011289 0.0600856 0.0834087
0 0.469491 0.642691 0.00842783 0.0514491 0.0774312
4 0.62411 0.641245 0.0118551 0.0115483 0.0711761
0 0.879421 0.669797 0.0147054 0.0451659 0.0705752
0 0.517846 0.6352 0.00747107 0.0540767 0.0704477
0 0.839497 0.651869 0.00910107 0.0261075 0.0660019
4 0.552079 0.642454 0.0120051 0.0296098 0.0657893
0 0.441882 0.660375 0.0139217 0.0654433 0.0600541
4 0.609582 0.632723 0.00888196 0.021681 0.0582935
14 0.441882 0.660375 0.0139217 0.0654433 0.0543044
4 0.648518 0.639787 0.00801135 0.0146196 0.0535442
4 0.629143 0.633797 0.0113842 0.0240136 0.049238
0 0.49232 0.637415 0.00805417 0.0288029 0.0462102
0 0.482567 0.635873 0.010802 0.0344072 0.0461773
0 0.80475 0.641781 0.00962756 0.036268 0.0457953
4 0.637603 0.648126 0.0122766 0.0154546 0.0449395
0 0.555475 0.636093 0.00941162 0.0322095 0.0425169
4 0.65172 0.644885 0.0114927 0.0113907 0.0419381
8 0.542069 0.640855 0.00684375 0.0307156 0.040528
4 0.622128 0.632672 0.00869855 0.0212984 0.0379705
0 0.51384 0.645846 0.010164 0.0516095 0.03784
0 0.895559 0.652063 0.014296 0.0429874 0.0372442
9 0.122839 0.876348 0.0236288 0.0538637 0.0361479
0 0.500008 0.638792 0.0117016 0.0370649 0.0360599
20 0.219191 0.706178 0.0142234 0.0141202 0.0358479
0 0.562031 0.640255 0.00812299 0.0339229 0.0357679
4 0.668692 0.648595 0.0186312 0.0154349 0.0354056
0 0.859092 0.652541 0.0105786 0.0352833 0.0347078
5 0.442049 0.658233 0.0152313 0.0685935 0.0346032
0 0.542069 0.640855 0.00684375 0.0307156 0.034236
0 0.886821 0.664887 0.0121511 0.0459465 0.0330234
17 0.178171 0.614836 0.0511865 0.0854875 0.0317797
0 0.903285 0.652796 0.012246 0.03465 0.0316041
4 0.582333 0.625409 0.01085 0.0185242 0.0301152
0 0.5986 0.672829 0.0369214 0.0476611 0.0299912
1 0.690758 0.614312 0.00826355 0.0213664 0.0295276
18 0.605995 0.676608 0.0237893 0.0405767 0.0286453
8 0.587386 0.654201 0.0173583 0.0303367 0.0284324
9 0.120231 0.916503 0.0299527 0.139152 0.0277608
0 0.373826 0.665943 0.0132564 0.144288 0.0275112
0 0.372854 0.625465 0.0133595 0.0873666 0.0272387
2 0.877062 0.431182 0.00849609 0.0270111 0.0268869
8 0.544248 0.632991 0.00749933 0.0263649 0.0268451
0 0.842503 0.660282 0.00995465 0.0294893 0.0260871
0 0.509739 0.631406 0.0101007 0.0387115 0.0257953
0 0.898831 0.650833 0.00947284 0.0386179 0.0254141
0 0.586629 0.650649 0.018554 0.0269489 0.0250857
4 0.59759 0.639472 0.0115856 0.0197331 0.0247263
0 0.372546 0.604134 0.0134926 0.065653 0.0246645
0 0.896237 0.668045 0.0128811 0.0387729 0.0239961
3 0.542069 0.640855 0.00684375 0.0307156 0.0239898
4 0.555475 0.636093 0.00941162 0.0322095 0.0236506
25 0.684605 0.607519 0.0194434 0.0237201 0.0234425
20 0.201569 0.642923 0.0127376 0.015978 0.0233687
4 0.675274 0.646135 0.0152181 0.0125665 0.0233101
5 0.552079 0.642454 0.0120051 0.0296098 0.0232853
0 0.985103 0.646287 0.0160587 0.0300839 0.0230133
1 0.0314225 0.194229 0.0272271 0.0818788 0.0227367
4 0.58991 0.625372 0.0106592 0.0171053 0.02265
0 0.903184 0.666365 0.013068 0.0428084 0.0220056
0 0.659271 0.631859 0.00988367 0.0207571 0.021415
0 0.691127 0.640302 0.00743561 0.0121554 0.0211947
4 0.58729 0.656952 0.017578 0.0271193 0.0211046
0 0.989864 0.646642 0.0181603 0.028707 0.0205287
0 0.996383 0.643513 0.00723401 0.0283488 0.020231
0 0.494853 0.632859 0.0136133 0.0324034 0.0201397
8 0.552079 0.642454 0.0120051 0.0296098 0.0200168
0 0.552079 0.642454 0.0120051 0.0296098 0.0195866
0 0.704061 0.638205 0.00696466 0.0141108 0.0195419
4 0.943351 0.647727 0.028653 0.0243493 0.0195151
0 0.561156 0.620085 0.00651605 0.0191826 0.0194729
0 0.51034 0.643975 0.0096655 0.054807 0.0194509
0 0.995713 0.668885 0.00745642 0.0272458 0.0191738
0 0.603823 0.640531 0.0126918 0.0116784 0.0189171
1 0.528136 0.597159 0.00697675 0.0161039 0.0185998
8 0.549761 0.639935 0.00850049 0.0335524 0.0181168
5 0.586629 0.650649 0.018554 0.0269489 0.0179848
14 0.511767 0.649818 0.00892239 0.0553699 0.0178833
8 0.995713 0.668885 0.00745642 0.0272458 0.0175691
2 0.0143648 0.24566 0.0136706 0.020542 0.0174442
1 0.680041 0.615411 0.0117907 0.0249558 0.0173941
4 0.458551 0.649326 0.0193933 0.0701211 0.0171927
13 0.154164 0.64913 0.0537813 0.036754 0.0171465
5 0.457802 0.646891 0.0203962 0.0662864 0.016836
4 0.544248 0.632991 0.00749933 0.0263649 0.0162255
9 0.124462 0.903144 0.0202427 0.107232 0.0160815
4 0.563988 0.638492 0.0105634 0.0344609 0.0158968
0 0.824377 0.645743 0.0187664 0.031982 0.0158505
4 0.591962 0.663587 0.0264564 0.0354621 0.0158048
0 0.85962 0.662414 0.0122509 0.0377205 0.0156641
0 0.534838 0.626601 0.0112511 0.0208709 0.0155904
13 0.17332 0.617478 0.0558239 0.089876 0.0154757
5 0.563988 0.638492 0.0105634 0.0344609 0.0153843
0 0.707247 0.631472 0.00743396 0.0244352 0.0151001
8 0.5986 0.672829 0.0369214 0.0476611 0.0150786
2 0.00822189 0.244358 0.0130588 0.0284759 0.0150012
0 0.881794 0.66387 0.0158787 0.0476048 0.0144422
0 0.872624 0.667338 0.012532 0.0375346 0.01441
4 0.443214 0.653532 0.0180342 0.0751865 0.0142587
1 0.824529 0.609022 0.0205287 0.0290015 0.0142372
8 0.562031 0.640255 0.00812299 0.0339229 0.0140286
0 0.81139 0.648599 0.00839691 0.0280784 0.01364
0 0.511657 0.62677 0.00738394 0.0471346 0.013635
4 0.952968 0.650209 0.01898 0.0255846 0.0134882
3 0.591962 0.663587 0.0264564 0.0354621 0.0133613
5 0.555475 0.636093 0.00941162 0.0322095 0.013223
0 0.487404 0.645926 0.00784723 0.0430159 0.0130054
0 0.803258 0.629518 0.00867383 0.0236239 0.012356
0 0.605995 0.676608 0.0237893 0.0405767 0.012092
0 0.609582 0.632723 0.00888196 0.021681 0.0120235
4 0.542069 0.640855 0.00684375 0.0307156 0.0119495
0 0.974151 0.649271 0.0167252 0.0228126 0.0119311
3 0.5986 0.672829 0.0369214 0.0476611 0.0119232
8 0.995255 0.68931 0.00820483 0.050844 0.0118116
0 0.375645 0.689313 0.0113956 0.0959905 0.0117967
4 0.659271 0.631859 0.00988367 0.0207571 0.0114111
4 0.936579 0.649252 0.016536 0.0261722 0.0113438
25 0.682793 0.568547 0.0192297 0.0380017 0.0113315
8 0.591962 0.663587 0.0264564 0.0354621 0.0112288
4 0.989864 0.646642 0.0181603 0.028707 0.011111
8 0.984314 0.654487 0.0152054 0.0306507 0.0110732
3 0.587386 0.654201 0.0173583 0.0303367 0.0109598
3 0.562031 0.640255 0.00812299 0.0339229 0.0109518
2 0.926949 0.558129 0.00927429 0.0137029 0.0109038
14 0.552079 0.642454 0.0120051 0.0296098 0.0108128
0 0.622128 0.632672 0.00869855 0.0212984 0.0107071
0 0.4854 0.648589 0.0128601 0.0564631 0.0106809
14 0.51384 0.645846 0.010164 0.0516095 0.0105435
0 0.66835 0.631854 0.00810626 0.021327 0.0103788
3 0.544248 0.632991 0.00749933 0.0263649 0.0102954
4 0.58888 0.619903 0.011062 0.0181563 0.00999428
8 0.441882 0.660375 0.0139217 0.0654433 0.009884
0 0.893728 0.633042 0.0127739 0.0268671 0.00969016
0 0.536144 0.642219 0.0126382 0.0337637 0.00965949
0 0.861617 0.659212 0.00965619 0.0318682 0.00951673
25 0.690758 0.614312 0.00826355 0.0213664 0.00943785
0 0.371335 0.585107 0.0128025 0.033474 0.00937645
0 0.540254 0.645429 0.00856427 0.0301581 0.00929736
8 0.600214 0.660547 0.0325884 0.0397415 0.00924414
0 0.981832 0.636862 0.0152754 0.0308981 0.00911735
4 0.482567 0.635873 0.010802 0.0344072 0.00909396
4 0.94967 0.643891 0.019519 0.0247988 0.00907059
0 0.995255 0.68931 0.00820483 0.050844 0.00900566
14 0.544248 0.632991 0.00749933 0.0263649 0.00898903
4 0.985103 0.646287 0.0160587 0.0300839 0.00891091
4 0.642372 0.635738 0.00777216 0.0280891 0.00889556
3 0.540254 0.645429 0.00856427 0.0301581 0.00879319
1 0.966598 0.605445 0.00741534 0.0151733 0.00874734
0 0.497096 0.659853 0.0119631 0.0568955 0.00862793
8 0.861617 0.659212 0.00965619 0.0318682 0.00862138
8 0.480707 0.637468 0.0103672 0.0331217 0.00861339
0 0.62411 0.641245 0.0118551 0.0115483 0.00861263
1 0.727398 0.573107 0.0291761 0.0344281 0.00859237
0 0.984314 0.654487 0.0152054 0.0306507 0.00857198
0 0.329622 0.662917 0.0136894 0.066848 0.00851774
2 0.878114 0.490139 0.00708618 0.0219997 0.00851665
2 0.923315 0.561351 0.00962616 0.0174357 0.00851651
0 0.375878 0.647215 0.0108703 0.0382068 0.00837754
4 0.600214 0.660547 0.0325884 0.0397415 0.00831305
22 0.376372 0.701329 0.01019 0.0748089 0.00829066
0 0.591962 0.663587 0.0264564 0.0354621 0.00825451
14 0.563988 0.638492 0.0105634 0.0344609 0.00810207
8 0.605995 0.676608 0.0237893 0.0405767 0.00805916
0 0.806894 0.657472 0.00914307 0.0304115 0.00793855
8 0.842503 0.660282 0.00995465 0.0294893 0.00789056
8 0.563988 0.638492 0.0105634 0.0344609 0.00786074
10 0.219191 0.706178 0.0142234 0.0141202 0.00782047
2 0.108921 0.462995 0.0126374 0.0350191 0.00779331
0 0.582333 0.625409 0.01085 0.0185242 0.00775213
1 0.672538 0.604466 0.0105242 0.0163573 0.0077057
0 0.915093 0.650349 0.014262 0.0239877 0.00764756
8 0.836462 0.657246 0.00777472 0.0354047 0.00749649
4 0.562031 0.640255 0.00812299 0.0339229 0.00741031
8 0.555475 0.636093 0.00941162 0.0322095 0.00740262
4 0.749238 0.628838 0.0171602 0.0265938 0.00735801
2 0.0313267 0.167305 0.0213984 0.0313468 0.00734639
0 0.65172 0.644885 0.0114927 0.0113907 0.0073242
1 0.787404 0.612817 0.00956378 0.0152809 0.0071928
14 0.49232 0.637415 0.00805417 0.0288029 0.00718085
3 0.442049 0.658233 0.0152313 0.0685935 0.00716981
0 0.909516 0.660185 0.0128868 0.0392541 0.00698675
8 0.896237 0.668045 0.0128811 0.0387729 0.00674777
4 0.5986 0.672829 0.0369214 0.0476611 0.00673008
2 0.173075 0.457502 0.0166169 0.0459702 0.0066873
0 0.376084 0.623806 0.0105681 0.0281546 0.00666417
0 0.375338 0.600651 0.0126104 0.0631495 0.00660841
8 0.903184 0.666365 0.013068 0.0428084 0.00659414
42 0.498115 0.608928 0.0173905 0.022257 0.00653232
0 0.865811 0.657611 0.0120867 0.0305151 0.00653112
8 0.98016 0.644227 0.0113035 0.0307062 0.00649288
14 0.456946 0.649568 0.0207769 0.0717399 0.00648625
0 0.848332 0.646105 0.0112412 0.0297624 0.00644214
1 0.540139 0.582713 0.00873822 0.0206309 0.0064302
10 0.257641 0.814638 0.017694 0.0546041 0.00638803
14 0.487404 0.645926 0.00784723 0.0430159 0.00638214
3 0.605995 0.676608 0.0237893 0.0405767 0.00631087
1 0.733316 0.573456 0.0167068 0.0336912 0.00629013
2 0.0160781 0.262806 0.011846 0.035017 0.00624455
13 0.154755 0.640588 0.0634945 0.0608403 0.00603374
2 0.00732347 0.267438 0.0117514 0.0225722 0.00602935
0 0.58729 0.656952 0.017578 0.0271193 0.00600486
8 0.909516 0.660185 0.0128868 0.0392541 0.0059867
20 0.210518 0.690388 0.0219749 0.035526 0.00595747
3 0.511767 0.649818 0.00892239 0.0553699 0.00590217
42 0.501761 0.605258 0.0129286 0.0213207 0.00584893
0 0.936579 0.649252 0.016536 0.0261722 0.00578356
1 0.803258 0.629518 0.00867383 0.0236239 0.00571947
8 0.637603 0.648126 0.0122766 0.0154546 0.00571822
0 0.794401 0.641398 0.00611572 0.0234503 0.00565311
4 0.470574 0.635645 0.0100808 0.0399628 0.00562878
14 0.562031 0.640255 0.00812299 0.0339229 0.00558948
14 0.542069 0.640855 0.00684375 0.0307156 0.00550844
4 0.995713 0.668885 0.00745642 0.0272458 0.0054888
14 0.480707 0.637468 0.0103672 0.0331217 0.00548126
8 0.831152 0.661239 0.00882703 0.049255 0.00547915
4 0.691127 0.640302 0.00743561 0.0121554 0.00547838
16 0.605995 0.676608 0.0237893 0.0405767 0.00538574
8 0.989864 0.646642 0.0181603 0.028707 0.00537765
5 0.544248 0.632991 0.00749933 0.0263649 0.00520867
0 0.822428 0.660446 0.012463 0.030288 0.00520515
0 0.458385 0.626718 0.017504 0.0327011 0.00513822
3 0.600214 0.660547 0.0325884 0.0397415 0.00509669
8 0.603823 0.640531 0.0126918 0.0116784 0.00508683
0 0.953063 0.657653 0.01269 0.0283107 0.00506806
18 0.60899 0.681269 0.0203995 0.0331276 0.00500697
42 0.150743 0.652055 0.0526918 0.0406084 0.00500548
3 0.552079 0.642454 0.0120051 0.0296098 0.00488915
4 0.549761 0.639935 0.00850049 0.0335524 0.00486959
8 0.985103 0.646287 0.0160587 0.0300839 0.00480716
8 0.85962 0.662414 0.0122509 0.0377205 0.00477698
0 0.58888 0.619903 0.011062 0.0181563 0.00475575
4 0.974151 0.649271 0.0167252 0.0228126 0.00475503
0 0.60899 0.681269 0.0203995 0.0331276 0.00468568
9 0.49232 0.637415 0.00805417 0.0288029 0.0046709
1 0.663101 0.621345 0.00606189 0.0233218 0.00462922
14 0.540254 0.645429 0.00856427 0.0301581 0.00461191
3 0.536144 0.642219 0.0126382 0.0337637 0.00457712
20 0.218557 0.69923 0.0140605 0.0222147 0.00457191
1 0.762926 0.618321 0.0121177 0.0213048 0.00453187
8 0.974151 0.649271 0.0167252 0.0228126 0.0045042
2 0.299438 0.216309 0.0177154 0.0249597 0.00448893
8 0.500008 0.638792 0.0117016 0.0370649 0.00432369
8 0.903285 0.652796 0.012246 0.03465 0.0042992
20 0.200446 0.66112 0.0190638 0.0382016 0.00429522
0 0.90954 0.673013 0.0142931 0.0380856 0.0042761
4 0.94102 0.655543 0.024086 0.034208 0.0042295
3 0.538716 0.657447 0.0118876 0.0273507 0.00420467
4 0.915093 0.650349 0.014262 0.0239877 0.004188
3 0.487404 0.645926 0.00784723 0.0430159 0.00414336
4 0.698408 0.636443 0.00755823 0.0136918 0.00413097
0 0.781155 0.63626 0.00650293 0.020532 0.00412237
0 0.943351 0.647727 0.028653 0.0243493 0.00408844
8 0.540254 0.645429 0.00856427 0.0301581 0.00408623
10 0.264403 0.82109 0.0159617 0.0393927 0.00407836
0 0.648518 0.639787 0.00801135 0.0146196 0.00405786
8 0.953063 0.657653 0.01269 0.0283107 0.00403449
25 0.680041 0.615411 0.0117907 0.0249558 0.00402263
4 0.751685 0.633959 0.0121945 0.0216342 0.00400481
0 0.690758 0.614312 0.00826355 0.0213664 0.00400417
0 0.802053 0.640461 0.00974542 0.0232225 0.00395772
14 0.536144 0.642219 0.0126382 0.0337637 0.00394364
23 0.375933 0.694306 0.0109815 0.0871787 0.00389802
3 0.842503 0.660282 0.00995465 0.0294893 0.00388061
2 0.108244 0.481668 0.0124874 0.0193557 0.00380133
4 0.81139 0.648599 0.00839691 0.0280784 0.00379493
4 0.534838 0.626601 0.0112511 0.0208709 0.0037828
3 0.53579 0.664162 0.0139447 0.0435245 0.00376945
26 0.120637 0.908603 0.0287093 0.123037 0.00376211
8 0.94102 0.655543 0.024086 0.034208 0.00371816
0 0.717442 0.637609 0.00751697 0.015289 0.00371366
0 0.95925 0.650281 0.0137413 0.0235072 0.0037097
1 0.807163 0.584862 0.00983911 0.0165007 0.00370483
4 0.981832 0.636862 0.0152754 0.0308981 0.00370081
8 0.872624 0.667338 0.012532 0.0375346 0.00368415
8 0.536144 0.642219 0.0126382 0.0337637 0.00357541
25 0.824143 0.612601 0.0215244 0.03033 0.00356787
18 0.511767 0.649818 0.00892239 0.0553699 0.00356112
8 0.972198 0.655373 0.0177059 0.0266444 0.00355802
0 0.717683 0.631149 0.0065556 0.0229178 0.00355483
30 0.682793 0.568547 0.0192297 0.0380017 0.00354695
