46 0.749842 0.654178 0.296874 0.386639 0.958142
43 0.497406 0.63349 0.991331 0.726626 0.946268
36 0.459749 0.105339 0.0567173 0.0957243 0.888831
46 0.350459 0.580483 0.218796 0.452084 0.783355
35 0.45705 0.0766874 0.08677 0.151507 0.781391
36 0.39415 0.0703278 0.0770736 0.133996 0.669524
35 0.39425 0.0701107 0.0793767 0.13676 0.268715
10 0.459956 0.105671 0.0568253 0.0933902 0.0425717
57 0.158546 0.183098 0.316039 0.366197 0.0177025
43 0.657207 0.69067 0.684839 0.617823 0.0154905
10 0.497824 0.0980718 0.0184212 0.105128 0.00973579
35 0.433866 0.0736441 0.150127 0.147288 0.0048465
10 0.498643 0.115341 0.0152543 0.0707838 0.00481465
49 0.394686 0.0702849 0.0791528 0.134119 0.00470589
46 0.562679 0.684842 0.42865 0.355406 0.00363983
46 0.483297 0.693091 0.282721 0.333881 0.00313758
10 0.394686 0.0702849 0.0791528 0.134119 0.00307894
46 0.0896791 0.130442 0.117343 0.0836625 0.00182654
14 0.394686 0.0702849 0.0791528 0.134119 0.00167862
36 0.454757 0.0758548 0.0921422 0.150609 0.00167554
46 0.716119 0.712451 0.567761 0.574641 0.00152861
0 0.393255 0.0702127 0.0796721 0.136682 0.00144906
60 0.395254 0.0705878 0.0798497 0.136977 0.00137738
57 0.490071 0.638524 0.980143 0.71936 0.00120127
3 0.457093 0.0773668 0.0904908 0.15185 0.00119279
