1 0.330896 0.166662 0.342213 0.266633 0.962675
4 0.459934 0.738295 0.0952014 0.118836 0.927566
1 0.449318 0.661202 0.0137284 0.0361402 0.652878
1 0.365228 0.66072 0.014033 0.0424198 0.616173
1 0.693502 0.66491 0.0129126 0.0300433 0.56478
1 0.527826 0.664563 0.0151337 0.0332254 0.484549
1 0.28375 0.674161 0.0211742 0.0950072 0.307816
1 0.609971 0.662554 0.00920111 0.02493 0.305494
1 0.51861 0.646622 0.00957892 0.0198288 0.126667
1 0.77941 0.665576 0.0109327 0.0228994 0.105859
1 0.283655 0.655558 0.0196813 0.0579411 0.0983991
1 0.451578 0.551088 0.0236925 0.0352999 0.0803287
1 0.360233 0.661631 0.0192424 0.0450683 0.0558288
7 0.610953 0.662761 0.00866571 0.0244265 0.0484963
2 0.115841 0.212037 0.00922311 0.0125024 0.0374736
1 0.631948 0.662056 0.0175037 0.0130581 0.0356676
2 0.116388 0.05701 0.00935055 0.0132236 0.034731
1 0.200515 0.646708 0.0253556 0.064996 0.0335946
1 0.61251 0.665791 0.011842 0.0278778 0.0331833
1 0.564023 0.669038 0.00773645 0.00916255 0.0282045
4 0.505261 0.712309 0.01031 0.0186181 0.0222675
1 0.865534 0.667259 0.0126293 0.0238277 0.0218875
2 0.0399429 0.207063 0.00814961 0.0132065 0.0216412
2 0.631948 0.662056 0.0175037 0.0130581 0.0203079
4 0.50328 0.706976 0.013109 0.022607 0.0201007
2 0.0753556 0.0222447 0.0266812 0.0444894 0.0197002
1 0.608905 0.65082 0.00825775 0.0186859 0.018222
1 0.598737 0.665957 0.013532 0.0131956 0.0152857
1 0.587215 0.622965 0.0159426 0.012127 0.0150559
2 0.0391315 0.0652516 0.010962 0.0432894 0.0149782
1 0.364429 0.671613 0.0133751 0.0649131 0.013438
2 0.115618 0.235301 0.0106677 0.050788 0.0130744
1 0.451116 0.566137 0.0217611 0.0178407 0.0129669
4 0.631948 0.662056 0.0175037 0.0130581 0.012467
1 0.43997 0.661137 0.0118603 0.0346641 0.0122451
4 0.351459 0.607236 0.0153202 0.0125168 0.0105126
2 0.0394484 0.0503079 0.00955774 0.0166053 0.0104493
1 0.378203 0.657023 0.00956464 0.0297171 0.00967875
1 0.47134 0.652194 0.0103832 0.0328049 0.00905788
2 0.115713 0.100089 0.00953135 0.0217094 0.00807029
7 0.288178 0.594277 0.00522961 0.0128587 0.00666117
6 0.283301 0.675646 0.0212104 0.098186 0.00651345
1 0.485084 0.6474 0.0110711 0.0297926 0.00650317
14 0.865534 0.667259 0.0126293 0.0238277 0.00641882
6 0.858402 0.667316 0.0285651 0.025535 0.00629282
1 0.436393 0.665333 0.0132988 0.022113 0.00600458
2 0.565299 0.667138 0.00769336 0.0135933 0.00593211
1 0.462483 0.657268 0.0197815 0.0351773 0.00586546
4 0.416105 0.712587 0.00925034 0.01437 0.00580763
4 0.505904 0.706052 0.0135124 0.0167434 0.00578108
2 0.0395319 0.0749713 0.0124347 0.0568493 0.00539782
4 0.366442 0.609052 0.0343297 0.0153861 0.0050942
1 0.514207 0.667537 0.01106 0.0187655 0.005021
1 0.350078 0.660592 0.0155653 0.0373855 0.00496842
6 0.865534 0.667259 0.0126293 0.0238277 0.00494822
1 0.588526 0.664815 0.00750122 0.0155617 0.00489843
1 0.482725 0.652149 0.0182323 0.0407844 0.0048178
2 0.0364334 0.209059 0.0109498 0.013337 0.0046528
4 0.859581 0.666659 0.0299465 0.0247243 0.00462777
1 0.565299 0.667138 0.00769336 0.0135933 0.00459678
2 0.0767495 0.030449 0.0390563 0.0600562 0.0044942
2 0.677001 0.625586 0.00799805 0.00894973 0.00444601
2 0.272005 0.608512 0.01442 0.0125274 0.00416492
0 0.283611 0.674873 0.0214088 0.0996311 0.00395801
4 0.782193 0.694937 0.0238642 0.0201402 0.00391274
2 0.586905 0.624054 0.0151257 0.0127155 0.00386815
1 0.629837 0.668265 0.0196908 0.0228497 0.00382278
1 0.488492 0.644391 0.0100048 0.0209589 0.00374564
7 0.564023 0.669038 0.00773645 0.00916255 0.00370417
2 0.564023 0.669038 0.00773645 0.00916255 0.00362816
4 0.767659 0.703344 0.0122297 0.0185981 0.00347185
2 0.0363068 0.0500944 0.0111332 0.0163427 0.00334453
1 0.434232 0.682988 0.0124508 0.0106981 0.00328679
1 0.468636 0.549349 0.0126255 0.0260639 0.00327256
4 0.499668 0.7101 0.0169129 0.0269856 0.00315683
2 0.693544 0.623824 0.0075564 0.00929882 0.00314968
2 0.609971 0.662554 0.00920111 0.02493 0.00312961
2 0.482561 0.619756 0.0148374 0.0115298 0.00310822
4 0.865534 0.667259 0.0126293 0.0238277 0.00306818
7 0.598737 0.665957 0.013532 0.0131956 0.00304369
1 0.505261 0.712309 0.01031 0.0186181 0.00293265
1 0.479893 0.670957 0.0230797 0.0160611 0.00291949
1 0.858402 0.667316 0.0285651 0.025535 0.00291825
1 0.375837 0.661385 0.012917 0.0418261 0.00282322
7 0.33054 0.165539 0.343156 0.266224 0.00279647
1 0.528225 0.702011 0.0130469 0.010705 0.00277166
4 0.762398 0.701609 0.0195857 0.0212185 0.00269349
1 0.444774 0.617183 0.00920929 0.0123498 0.00265122
2 0.440199 0.608641 0.00881699 0.0102873 0.00263186
1 0.288 0.626313 0.0149334 0.0128734 0.00262943
4 0.788285 0.696679 0.0138262 0.015814 0.00245795
2 0.852705 0.624809 0.00660748 0.0161484 0.00245163
4 0.255472 0.658279 0.0105165 0.0140061 0.00243876
4 0.419543 0.706467 0.0121254 0.02177 0.00240999
1 0.440199 0.608641 0.00881699 0.0102873 0.00237182
1 0.349093 0.608291 0.0185909 0.0111616 0.00229132
4 0.440199 0.608641 0.00881699 0.0102873 0.00219422
0 0.505261 0.712309 0.01031 0.0186181 0.00219268
22 0.505261 0.712309 0.01031 0.0186181 0.00216061
8 0.50328 0.706976 0.013109 0.022607 0.00214616
4 0.545442 0.701008 0.0106088 0.012265 0.00214604
2 0.288178 0.594277 0.00522961 0.0128587 0.00214245
4 0.415362 0.709558 0.00844989 0.0174726 0.00213516
0 0.50328 0.706976 0.013109 0.022607 0.00211117
1 0.349634 0.647494 0.0159819 0.0186834 0.00208216
1 0.486002 0.637639 0.00744864 0.0127734 0.00206134
1 0.505904 0.706052 0.0135124 0.0167434 0.00205208
2 0.668324 0.62648 0.00671973 0.00971787 0.00197919
2 0.486002 0.637639 0.00744864 0.0127734 0.00197423
2 0.288 0.626313 0.0149334 0.0128734 0.00195517
1 0.386995 0.708766 0.0107113 0.012663 0.001942
1 0.331709 0.616515 0.0140342 0.0134453 0.00193933
2 0.284501 0.626131 0.0188096 0.00971814 0.00193861
2 0.255472 0.658279 0.0105165 0.0140061 0.00193475
4 0.331709 0.616515 0.0140342 0.0134453 0.00193228
1 0.284501 0.626131 0.0188096 0.00971814 0.00189289
1 0.677603 0.639544 0.00778351 0.00968728 0.00184009
1 0.691253 0.635888 0.0107786 0.0156891 0.00183983
2 0.473062 0.623936 0.0124079 0.0105901 0.0018208
2 0.627258 0.620337 0.00786133 0.00598731 0.0018159
4 0.331344 0.609833 0.0143002 0.011841 0.00181132
2 0.881947 0.628029 0.00655182 0.0120765 0.00174305
1 0.50328 0.706976 0.013109 0.022607 0.00174206
2 0.269676 0.614668 0.00900177 0.0182577 0.00167869
4 0.360179 0.587783 0.00971469 0.0114343 0.00167641
2 0.289721 0.607141 0.00785419 0.0103408 0.00165648
4 0.0173366 0.719181 0.0331272 0.0711273 0.00163647
4 0.519764 0.702086 0.0137405 0.0117222 0.00162189
4 0.442255 0.692604 0.0385243 0.0295608 0.00162025
1 0.589413 0.625615 0.0142236 0.0175041 0.00161364
2 0.449318 0.661202 0.0137284 0.0361402 0.00161249
1 0.565614 0.671384 0.0077608 0.0156464 0.00157916
4 0.382355 0.608964 0.0283442 0.0145864 0.0015772
6 0.631948 0.662056 0.0175037 0.0130581 0.00157645
4 0.868528 0.664642 0.0454693 0.0221749 0.00156469
8 0.505261 0.712309 0.01031 0.0186181 0.0015533
8 0.415362 0.709558 0.00844989 0.0174726 0.00154993
4 0.506034 0.66797 0.0144958 0.0160395 0.0014641
2 0.115233 0.218982 0.0101535 0.02628 0.00142839
1 0.88088 0.64095 0.0119609 0.0210004 0.00142543
6 0.868528 0.664642 0.0454693 0.0221749 0.00141893
2 0.487781 0.618375 0.0121901 0.0115509 0.00141891
2 0.0511551 0.0679223 0.0152457 0.0257265 0.00141887
1 0.613427 0.649806 0.0103217 0.0182821 0.00141295
22 0.396354 0.71043 0.00741992 0.0136549 0.00140358
7 0.448717 0.658698 0.0128724 0.0354998 0.0013942
7 0.364417 0.584004 0.00908734 0.0128342 0.00138057
4 0.342665 0.614852 0.01239 0.0168468 0.00137205
1 0.561546 0.667286 0.0134876 0.0142668 0.00136869
7 0.0400997 0.067811 0.0136528 0.0491122 0.00135651
4 0.502521 0.717504 0.0138299 0.0447361 0.00134039
4 0.499491 0.702265 0.0172797 0.0341291 0.00133928
2 0.505261 0.712309 0.01031 0.0186181 0.00133916
2 0.276045 0.606647 0.0120614 0.0106529 0.00133434
7 0.631948 0.662056 0.0175037 0.0130581 0.00133007
2 0.620287 0.618609 0.00646863 0.0105458 0.00132437
14 0.858402 0.667316 0.0285651 0.025535 0.00132312
0 0.364417 0.584004 0.00908734 0.0128342 0.00131139
1 0.35078 0.674244 0.0178888 0.0558133 0.0012923
4 0.364417 0.584004 0.00908734 0.0128342 0.00128841
1 0.404603 0.655408 0.0060574 0.01344 0.00128497
2 0.0599078 0.0473817 0.00839298 0.0183545 0.00126567
7 0.565614 0.671384 0.0077608 0.0156464 0.00125958
8 0.505904 0.706052 0.0135124 0.0167434 0.00125388
1 0.774795 0.665727 0.0157821 0.0217654 0.00124887
4 0.528225 0.702011 0.0130469 0.010705 0.0012488
2 0.364417 0.584004 0.00908734 0.0128342 0.00123938
1 0.53082 0.701931 0.0155803 0.0142645 0.00121407
1 0.435618 0.652724 0.0115718 0.0276485 0.00118255
2 0.506034 0.66797 0.0144958 0.0160395 0.00116422
4 0.510517 0.707854 0.0166834 0.0182139 0.00114482
7 0.436393 0.665333 0.0132988 0.022113 0.00114135
4 0.357543 0.613952 0.0313595 0.018802 0.00113084
14 0.283301 0.675646 0.0212104 0.098186 0.00112924
4 0.892618 0.660667 0.0138259 0.0155369 0.00111256
1 0.506034 0.66797 0.0144958 0.0160395 0.00111001
8 0.416105 0.712587 0.00925034 0.01437 0.00110176
2 0.677603 0.639544 0.00778351 0.00968728 0.00109581
22 0.609971 0.662554 0.00920111 0.02493 0.00109486
7 0.77941 0.665576 0.0109327 0.0228994 0.00108399
1 0.288178 0.594277 0.00522961 0.0128587 0.00108065
2 0.422564 0.606368 0.00919098 0.00680521 0.0010784
1 0.482561 0.619756 0.0148374 0.0115298 0.00107798
1 0.68782 0.664713 0.0172991 0.0285786 0.00107778
4 0.379177 0.614518 0.0154629 0.0169678 0.00106864
4 0.554959 0.699338 0.00781165 0.0139226 0.00105822
1 0.362536 0.593319 0.00913861 0.012434 0.00105031
1 0.491735 0.667164 0.00954025 0.0148074 0.00103994
4 0.434478 0.6922 0.0224845 0.0280828 0.00103257
1 0.60212 0.621861 0.017658 0.00769217 0.00103184
1 0.458401 0.558015 0.0281033 0.0272617 0.00103138
2 0.93443 0.324128 0.00859442 0.0112326 0.0010251
7 0.565299 0.667138 0.00769336 0.0135933 0.00102362
2 0.491735 0.667164 0.00954025 0.0148074 0.00100351
2 0.494153 0.585771 0.00615839 0.0119886 0.00100036
