43 0.641724 0.572361 0.338898 0.538826 0.918049
46 0.645523 0.427951 0.206952 0.199842 0.587661
18 0.641541 0.571776 0.337716 0.540457 0.115116
57 0.16263 0.878048 0.324722 0.23954 0.0702439
46 0.162766 0.878336 0.325533 0.240596 0.0363568
9 0.381801 0.337723 0.0850253 0.157525 0.0317678
55 0.575559 0.192085 0.0584791 0.224854 0.0275814
30 0.966663 0.211033 0.0644407 0.422065 0.0129922
55 0.59234 0.0589651 0.0314884 0.0709411 0.0108086
10 0.596227 0.264535 0.0150906 0.0484917 0.00426192
55 0.591521 0.183187 0.0258301 0.193103 0.00419687
55 0.596094 0.230378 0.0164957 0.0987374 0.00368971
46 0.113495 0.962392 0.223545 0.0732195 0.0027656
30 0.941114 0.692416 0.107937 0.613841 0.00214937
57 0.162819 0.747502 0.324676 0.502005 0.0019104
49 0.59234 0.0589651 0.0314884 0.0709411 0.00167559
30 0.950527 0.486915 0.0989458 0.971808 0.00163207
30 0.419278 0.0149451 0.0308413 0.0256438 0.00123778
55 0.581087 0.17359 0.040332 0.178722 0.0010607
55 0.579073 0.221518 0.0322991 0.0932058 0.00105413
