18 0.489133 0.779881 0.174388 0.340172 0.890177
18 0.783964 0.630229 0.164326 0.309664 0.859894
18 0.413288 0.793735 0.159009 0.282506 0.845548
19 0.395964 0.786418 0.225149 0.29687 0.819674
18 0.409798 0.55611 0.0922281 0.175214 0.788633
18 0.535176 0.648191 0.134664 0.308317 0.772612
19 0.534838 0.638366 0.304719 0.349939 0.759066
18 0.0868081 0.80444 0.10163 0.19212 0.720922
18 0.65453 0.642032 0.126037 0.324428 0.68825
18 0.322029 0.784012 0.128425 0.284322 0.642475
18 0.444637 0.579462 0.105772 0.132123 0.422756
19 0.651386 0.651562 0.124776 0.32013 0.33737
18 0.515596 0.570236 0.093418 0.153474 0.31392
18 0.684205 0.636364 0.108353 0.32887 0.264735
18 0.56296 0.641867 0.0813895 0.299044 0.264346
25 0.725033 0.415357 0.155831 0.8283 0.24266
18 0.629084 0.435196 0.107012 0.0494242 0.238311
19 0.629862 0.43274 0.110315 0.04992 0.228974
18 0.488067 0.568234 0.0669941 0.141419 0.225248
19 0.603136 0.622952 0.151705 0.341296 0.213975
18 0.467978 0.568255 0.0635206 0.1383 0.201179
18 0.451597 0.493647 0.0414142 0.0496351 0.180866
19 0.510821 0.792314 0.442808 0.308642 0.174765
18 0.493367 0.555876 0.106806 0.175288 0.107741
19 0.69641 0.657829 0.215385 0.309312 0.106102
18 0.597695 0.54232 0.125377 0.179329 0.0926709
18 0.0748502 0.747413 0.11779 0.308723 0.0896223
18 0.193061 0.801238 0.292339 0.236028 0.0846522
18 0.405783 0.701367 0.111622 0.445502 0.0812676
18 0.620202 0.649582 0.0614226 0.287248 0.0790101
18 0.604208 0.618606 0.156401 0.335014 0.072713
18 0.748819 0.648252 0.171604 0.336821 0.0720119
18 0.42238 0.579166 0.0749222 0.124509 0.057392
18 0.462036 0.423703 0.103772 0.107822 0.0543482
18 0.654339 0.634302 0.0933409 0.241882 0.0428538
18 0.595688 0.435472 0.0390113 0.0336079 0.0337297
18 0.437699 0.470787 0.152342 0.205307 0.029213
18 0.183816 0.952598 0.367632 0.094804 0.0288768
19 0.570216 0.963128 0.530796 0.0737434 0.0288291
18 0.193859 0.844936 0.356784 0.295432 0.0283296
18 0.446042 0.707614 0.182696 0.421061 0.0275704
18 0.401092 0.738429 0.117522 0.210442 0.02388
18 0.423531 0.602935 0.0617489 0.0737101 0.0221646
18 0.60271 0.501957 0.150361 0.0998055 0.0206995
18 0.795146 0.604223 0.127315 0.235798 0.0204034
19 0.757587 0.637268 0.218133 0.333448 0.02026
18 0.529496 0.605759 0.109806 0.223521 0.0183572
18 0.776724 0.74125 0.0944391 0.158598 0.0165706
18 0.378674 0.780632 0.162935 0.282948 0.0161663
18 0.548681 0.469204 0.0354706 0.0323245 0.0160151
30 0.667868 0.0623264 0.0211201 0.0416188 0.0159756
18 0.698629 0.593016 0.110215 0.303194 0.0139103
18 0.632153 0.598637 0.114846 0.382145 0.0130476
18 0.571142 0.547252 0.0814722 0.178702 0.012322
18 0.661883 0.366955 0.0597871 0.0906167 0.0104644
18 0.462778 0.494049 0.104181 0.247569 0.0102278
18 0.47144 0.655513 0.180699 0.3032 0.0100201
18 0.500519 0.9607 0.372242 0.0745527 0.00924934
18 0.55712 0.702667 0.0916391 0.209031 0.00840122
18 0.499963 0.522106 0.0723776 0.116355 0.00815856
18 0.6321 0.386851 0.115921 0.1387 0.00736846
18 0.391061 0.725537 0.0727705 0.189696 0.00705737
18 0.348239 0.703442 0.0915971 0.130686 0.00680578
30 0.956797 0.031329 0.0181279 0.0624259 0.00662558
18 0.543735 0.479661 0.0238596 0.0460047 0.00661718
18 0.644041 0.431143 0.069304 0.0469149 0.00650529
18 0.300501 0.606959 0.0230153 0.107335 0.00648015
18 0.599266 0.628074 0.0612923 0.287722 0.00627737
18 0.654022 0.502537 0.0733469 0.0605153 0.00599841
18 0.333029 0.568316 0.103503 0.180875 0.00588492
25 0.186115 0.177802 0.169422 0.354189 0.00579297
19 0.611721 0.487965 0.132695 0.108495 0.00576899
18 0.832593 0.64953 0.0661777 0.243173 0.00574363
18 0.59768 0.63851 0.102996 0.30276 0.00548068
18 0.647964 0.377567 0.0300162 0.0623366 0.00547248
18 0.596738 0.461289 0.132226 0.0222541 0.00546802
18 0.56025 0.586598 0.0676405 0.260872 0.00542044
19 0.573977 0.762911 0.559576 0.469282 0.0051439
25 0.20396 0.433408 0.209304 0.861334 0.00508288
18 0.780343 0.686236 0.119952 0.236208 0.00476042
18 0.485433 0.41767 0.0572821 0.0958413 0.0046068
18 0.476878 0.58246 0.165173 0.193195 0.00445609
18 0.373914 0.710304 0.0677355 0.146582 0.00430121
18 0.568359 0.966798 0.530542 0.0664047 0.00413272
19 0.444637 0.579462 0.105772 0.132123 0.00411825
18 0.481467 0.489908 0.0825665 0.0440743 0.00399019
18 0.501739 0.495373 0.0694143 0.0630252 0.00379973
19 0.6321 0.386851 0.115921 0.1387 0.00368855
18 0.72858 0.623169 0.097965 0.276302 0.00367865
18 0.286059 0.85703 0.0743293 0.1204 0.00365299
25 0.730699 0.156847 0.134007 0.308313 0.00364746
18 0.30251 0.709572 0.106125 0.417993 0.00311877
18 0.608558 0.474594 0.138113 0.126325 0.00299768
18 0.186431 0.792485 0.177794 0.237517 0.00293606
18 0.386021 0.564414 0.0449167 0.152933 0.002922
18 0.433641 0.51759 0.0813633 0.105437 0.00289282
18 0.358222 0.735866 0.119567 0.231882 0.00279588
18 0.781378 0.571785 0.0974396 0.171424 0.00276237
19 0.492915 0.552643 0.126123 0.178227 0.00276187
19 0.597695 0.54232 0.125377 0.179329 0.00264526
19 0.472904 0.691481 0.184046 0.374347 0.00238175
18 0.36912 0.641211 0.172968 0.341266 0.00237394
25 0.777073 0.412851 0.225823 0.825702 0.00234677
18 0.65948 0.383085 0.0661339 0.151416 0.00230212
19 0.632153 0.598637 0.114846 0.382145 0.00228245
18 0.442486 0.740795 0.105301 0.22752 0.00217984
18 0.576688 0.602092 0.0841525 0.294016 0.00212979
18 0.435902 0.493916 0.0761957 0.0579438 0.00203776
18 0.69641 0.657829 0.215385 0.309312 0.00203561
18 0.648295 0.567636 0.0939112 0.189352 0.00198613
18 0.496263 0.432588 0.036121 0.0681197 0.00196358
18 0.349616 0.596644 0.134689 0.246302 0.00185315
18 0.469727 0.958914 0.230601 0.0646569 0.00176823
18 0.418052 0.705967 0.0833378 0.153639 0.00173125
18 0.550867 0.536582 0.0494418 0.15852 0.00171081
18 0.618813 0.499926 0.114178 0.0603859 0.00163628
18 0.520242 0.707043 0.143392 0.204586 0.00163084
18 0.804451 0.667079 0.112004 0.23003 0.00150922
30 0.969921 0.244079 0.0164921 0.0798652 0.00150663
18 0.40595 0.495021 0.218027 0.257805 0.00149127
18 0.625478 0.570132 0.0709913 0.213915 0.0014509
18 0.421225 0.642081 0.0734251 0.0238469 0.00144564
36 0.980352 0.42017 0.0375837 0.078144 0.00141036
18 0.492459 0.447091 0.0620957 0.0928357 0.0014018
18 0.623109 0.456294 0.10534 0.0702735 0.00139537
18 0.537605 0.480189 0.0154658 0.0434102 0.00138323
18 0.761247 0.567498 0.0681964 0.164615 0.00135159
11 0.647964 0.377567 0.0300162 0.0623366 0.00134092
4 0.612884 0.960783 0.618464 0.0784349 0.00133945
19 0.689738 0.71904 0.333067 0.456865 0.00132439
18 0.29943 0.625196 0.018694 0.068944 0.00132415
19 0.620202 0.649582 0.0614226 0.287248 0.00132038
19 0.523799 0.590346 0.101543 0.197354 0.0013181
25 0.876646 0.401079 0.229739 0.802157 0.00128589
30 0.663506 0.0607742 0.0312643 0.0479793 0.00127097
18 0.0484388 0.757747 0.0942914 0.274984 0.00123978
19 0.563303 0.642801 0.069389 0.305382 0.00123769
18 0.508934 0.506181 0.1332 0.249591 0.00123558
30 0.978783 0.0416884 0.042242 0.0833768 0.00122986
18 0.307946 0.830499 0.109319 0.180169 0.00121334
18 0.402702 0.517204 0.0739449 0.104653 0.00119745
18 0.473785 0.447061 0.0828973 0.1036 0.00119721
18 0.643998 0.412164 0.0345939 0.0606969 0.00115453
30 0.946451 0.0304071 0.0376519 0.0608142 0.00112305
18 0.816528 0.624734 0.098478 0.281831 0.00112076
18 0.403256 0.682311 0.135131 0.101286 0.00110881
18 0.673987 0.665768 0.0804919 0.219948 0.00109785
19 0.0584324 0.751021 0.116454 0.291563 0.00109115
19 0.627522 0.865988 0.656723 0.265102 0.00108579
2 0.990037 0.298762 0.0177037 0.0571449 0.00107907
18 0.63437 0.459481 0.0883811 0.047446 0.00107641
11 0.630004 0.430836 0.1068 0.0571476 0.00105841
18 0.641298 0.469078 0.0809022 0.0700236 0.00105388
