2 0.553139 0.132218 0.0308823 0.0508322 0.703007
2 0.573351 0.679621 0.0401323 0.0832228 0.664671
2 0.544734 0.123852 0.0470641 0.0670433 0.402388
2 0.539856 0.106658 0.0414213 0.0373225 0.323445
2 0.274957 0.495317 0.0221847 0.0323298 0.187632
2 0.231761 0.46875 0.0389745 0.0363942 0.140035
2 0.272455 0.44391 0.0241344 0.03348 0.0976399
2 0.262502 0.478827 0.0298884 0.0415712 0.0821424
2 0.530983 0.780863 0.0210259 0.0369897 0.0590713
2 0.270328 0.477447 0.0283473 0.0428172 0.0464982
2 0.268578 0.433845 0.0321684 0.0517759 0.0411101
2 0.267577 0.487077 0.0309379 0.0398532 0.0382575
2 0.526674 0.787175 0.0301501 0.0442414 0.0308648
2 0.255238 0.477447 0.0372345 0.0476127 0.0188765
10 0.231604 0.470034 0.0382036 0.037725 0.0131624
30 0.553642 0.133276 0.0289427 0.0503304 0.00886904
2 0.236852 0.44818 0.0416702 0.0369901 0.00680529
2 0.260773 0.451085 0.019852 0.0304665 0.0061073
2 0.278513 0.501472 0.019813 0.0393539 0.00498986
2 0.524687 0.797294 0.0284336 0.0350212 0.00436739
2 0.442407 0.776635 0.0209655 0.0376474 0.00309067
2 0.314684 0.679443 0.0280288 0.0476686 0.00284565
10 0.255238 0.477447 0.0372345 0.0476127 0.00281989
30 0.574071 0.680158 0.0387695 0.0823537 0.00251044
2 0.430448 0.150936 0.0225243 0.0308542 0.00203483
2 0.42757 0.15976 0.023185 0.0345418 0.00148653
10 0.268578 0.433845 0.0321684 0.0517759 0.00148398
30 0.539884 0.11191 0.0406349 0.0475473 0.0014716
2 0.264007 0.49299 0.0437407 0.0524805 0.00131809
2 0.42922 0.141396 0.0261977 0.0241294 0.00127235
2 0.434619 0.147 0.023939 0.0216987 0.00121402
2 0.22331 0.411601 0.0146476 0.0461286 0.00119839
2 0.680035 0.9935 0.0113359 0.0101164 0.00119505
2 0.438506 0.142305 0.0305201 0.0211236 0.00113061
30 0.230621 0.468879 0.0367605 0.03743 0.00108609
10 0.274957 0.495317 0.0221847 0.0323298 0.00108187
2 0.316309 0.0252894 0.018195 0.0289255 0.00106772
30 0.549775 0.123946 0.0377073 0.0658826 0.00106365
2 0.233987 0.459431 0.0424812 0.0464556 0.00105139
