18 0.623413 0.210472 0.156128 0.412418 0.960437
0 0.403491 0.127395 0.0975509 0.254791 0.934612
18 0.144791 0.414893 0.273379 0.733831 0.934059
16 0.453198 0.251165 0.0973101 0.1336 0.707494
19 0.120568 0.190956 0.21811 0.37469 0.0786517
28 0.453226 0.255448 0.0928997 0.1265 0.0506319
18 0.129799 0.158434 0.195538 0.306038 0.0160851
19 0.656765 0.187783 0.186443 0.366951 0.00934829
18 0.0849784 0.390409 0.145136 0.616086 0.00486981
19 0.16069 0.155392 0.134837 0.305115 0.00285336
20 0.531469 0.0171563 0.0391536 0.0274796 0.00243699
0 0.598537 0.00602035 0.0556022 0.0120407 0.00194634
0 0.529459 0.0178659 0.0417546 0.0302256 0.00181156
4 0.598123 0.00699123 0.0564283 0.0139825 0.00146072
9 0.425983 0.0184763 0.0478091 0.0335111 0.00137034
10 0.774261 0.579613 0.0258627 0.0318091 0.00132948
0 0.427891 0.016811 0.0456633 0.0275121 0.00127593
16 0.4657 0.247885 0.0657216 0.1053 0.00105945
0 0.406016 0.0196111 0.114932 0.0392223 0.00105629
