4 0.315086 0.735766 0.0968393 0.105239 0.935952
4 0.500779 0.73928 0.0951015 0.119884 0.915346
4 0.381344 0.730142 0.0646188 0.0775553 0.906543
4 0.782303 0.74096 0.0421021 0.0422008 0.822885
1 0.601571 0.598651 0.0355377 0.0416268 0.802191
2 0.0339179 0.287967 0.0201849 0.0278891 0.539849
1 0.633308 0.665549 0.0324334 0.03534 0.455835
2 0.356201 0.318614 0.0105356 0.0209646 0.448127
2 0.0133067 0.292106 0.0143712 0.0233156 0.418484
2 0.379226 0.317708 0.0140457 0.0259143 0.356131
2 0.407426 0.321896 0.0109415 0.020842 0.33895
2 0.67975 0.341643 0.0143395 0.0243464 0.234282
2 0.230182 0.565921 0.00728351 0.0161936 0.213444
4 0.611376 0.719747 0.0192453 0.0270822 0.174584
1 0.571652 0.686289 0.00740399 0.0260605 0.173956
2 0.520955 0.326748 0.0117423 0.0182221 0.145908
4 0.551652 0.710965 0.0100482 0.014685 0.121628
1 0.468441 0.66393 0.00807883 0.0277591 0.096717
4 0.544227 0.710226 0.0141143 0.0196965 0.089943
1 0.450653 0.61603 0.0241934 0.0160946 0.0872319
7 0.561224 0.649325 0.012288 0.0162592 0.0607356
4 0.629557 0.720849 0.0155817 0.0244541 0.0568324
4 0.543467 0.70527 0.013622 0.0206156 0.0548163
2 0.356766 0.313699 0.0110234 0.0185365 0.0518667
2 0.550805 0.326771 0.0149551 0.0245989 0.0488124
4 0.643922 0.715696 0.0112022 0.020597 0.041788
2 0.507376 0.572034 0.00602005 0.0109162 0.0412122
4 0.564782 0.70634 0.0103967 0.009898 0.0388401
4 0.636932 0.716828 0.0177651 0.0214746 0.0378964
0 0.629557 0.720849 0.0155817 0.0244541 0.0345438
6 0.612038 0.720318 0.0195212 0.0295184 0.0337558
4 0.169211 0.700007 0.0133822 0.014302 0.0329393
2 0.472123 0.332801 0.00786173 0.0195674 0.0321818
4 0.568492 0.70995 0.00803095 0.0137128 0.0315257
4 0.554895 0.703614 0.00745636 0.0150993 0.0314008
2 0.516753 0.571204 0.00607459 0.00985505 0.0310687
4 0.65034 0.71831 0.0215114 0.022364 0.0307382
4 0.626608 0.724158 0.0141442 0.0239086 0.0272691
2 0.66464 0.511415 0.00838617 0.0106264 0.0268306
14 0.668657 0.7329 0.0132081 0.0277474 0.0249871
2 0.434525 0.493218 0.010102 0.0100544 0.0245426
2 0.496343 0.571189 0.0073338 0.0101438 0.0245117
1 0.632506 0.655082 0.0342266 0.0522332 0.0242971
1 0.246725 0.533371 0.0181453 0.0182004 0.0229677
6 0.0460774 0.6999 0.0375483 0.0206479 0.0219312
5 0.611744 0.72166 0.0199266 0.0302194 0.0217834
2 0.47244 0.325849 0.00848715 0.0150352 0.0217339
1 0.526726 0.678271 0.0104229 0.0141655 0.0204099
4 0.570652 0.702938 0.00748529 0.0144895 0.0203467
2 0.659901 0.511995 0.00901715 0.0119421 0.0200334
2 0.74257 0.345001 0.00747162 0.00744716 0.0199576
1 0.626421 0.695747 0.010767 0.0209153 0.0189534
1 0.570652 0.702938 0.00748529 0.0144895 0.0189406
7 0.497079 0.58103 0.00900082 0.0125259 0.0189357
2 0.662399 0.514404 0.00599835 0.0139031 0.018724
7 0.384449 0.639299 0.00779645 0.00996032 0.0163156
4 0.589596 0.711469 0.0116615 0.010697 0.0158363
1 0.594573 0.645532 0.0300987 0.0396873 0.0150887
15 0.543467 0.70527 0.013622 0.0206156 0.014901
2 0.689586 0.497735 0.00922839 0.015183 0.0148292
6 0.0630775 0.694483 0.0750314 0.0297992 0.0140806
0 0.643922 0.715696 0.0112022 0.020597 0.0140497
4 0.881174 0.761757 0.0214718 0.0354018 0.0136305
1 0.549223 0.691885 0.00708954 0.0112206 0.0133504
4 0.592515 0.713629 0.0139165 0.011014 0.0133403
4 0.681043 0.722549 0.031476 0.0206824 0.0126681
4 0.585435 0.713624 0.0164371 0.00985427 0.0122189
2 0.509413 0.592746 0.0067157 0.00928531 0.0120413
7 0.571652 0.686289 0.00740399 0.0260605 0.0118891
4 0.879561 0.750026 0.028024 0.0523668 0.011604
1 0.543467 0.70527 0.013622 0.0206156 0.0113387
7 0.509413 0.592746 0.0067157 0.00928531 0.0111719
1 0.604124 0.650941 0.0260542 0.0389008 0.011061
1 0.53111 0.668167 0.00873047 0.0169115 0.0108498
2 0.683957 0.493564 0.00796387 0.0136865 0.0108133
0 0.169211 0.700007 0.0133822 0.014302 0.0106492
1 0.578907 0.647085 0.024874 0.0246004 0.01041
2 0.507658 0.582518 0.00579334 0.0111655 0.0101088
2 0.528995 0.573018 0.00646289 0.0133621 0.0100707
2 0.283921 0.567708 0.00721674 0.0100426 0.00967962
4 0.690342 0.721963 0.0163554 0.0180518 0.00961194
2 0.669272 0.49809 0.00836231 0.0136531 0.00940012
1 0.561224 0.649325 0.012288 0.0162592 0.00903901
1 0.576518 0.687999 0.0101608 0.0264647 0.00888993
2 0.234424 0.562085 0.00788123 0.0133738 0.00863936
8 0.544227 0.710226 0.0141143 0.0196965 0.00860528
19 0.497381 0.0900998 0.994762 0.1802 0.00848816
1 0.535299 0.673571 0.00930469 0.0222002 0.00834888
2 0.740358 0.358584 0.00721478 0.0188395 0.00834013
6 0.543467 0.70527 0.013622 0.0206156 0.00826635
4 0.163206 0.699292 0.0259233 0.0175365 0.00819421
6 0.570652 0.702938 0.00748529 0.0144895 0.00816913
2 0.516776 0.582714 0.00689551 0.0104779 0.0081377
1 0.605991 0.653952 0.0161009 0.0282557 0.00809747
1 0.59844 0.650229 0.0188503 0.0313412 0.007661
2 0.43206 0.318819 0.0176541 0.0157607 0.00764891
8 0.568492 0.70995 0.00803095 0.0137128 0.00758685
2 0.516237 0.599129 0.00635913 0.0109526 0.00758579
2 0.438292 0.494 0.0112452 0.00917203 0.00754099
2 0.509754 0.565312 0.00664316 0.0165302 0.00748239
4 0.611007 0.706286 0.0138563 0.0169143 0.00741996
12 0.611376 0.719747 0.0192453 0.0270822 0.00725195
1 0.618909 0.703786 0.0105786 0.0164676 0.00713346
7 0.516776 0.582714 0.00689551 0.0104779 0.00698295
2 0.475364 0.322836 0.0113294 0.0149655 0.00672619
2 0.507998 0.596535 0.00613953 0.0158531 0.00662393
4 0.678395 0.730645 0.0272017 0.0295016 0.00634076
2 0.290005 0.568758 0.0101507 0.00850632 0.0063029
1 0.643692 0.6883 0.0280821 0.019588 0.00626481
6 0.611007 0.706286 0.0138563 0.0169143 0.00609426
2 0.531186 0.579557 0.00559784 0.0160326 0.00595075
7 0.449646 0.613104 0.0235342 0.0201519 0.00591327
7 0.567173 0.654829 0.00591657 0.0154337 0.00586562
7 0.507658 0.582518 0.00579334 0.0111655 0.00584916
7 0.39432 0.64041 0.00785666 0.0111316 0.0056822
0 0.459162 0.710804 0.0089086 0.0174595 0.00567902
1 0.150918 0.488751 0.0123383 0.0168114 0.00540143
2 0.22272 0.532959 0.00995468 0.0147322 0.00528122
8 0.551652 0.710965 0.0100482 0.014685 0.00513091
2 0.29165 0.490591 0.0104081 0.0226112 0.00499545
14 0.612038 0.720318 0.0195212 0.0295184 0.00493383
0 0.544227 0.710226 0.0141143 0.0196965 0.00492306
4 0.409242 0.713132 0.00954959 0.0286679 0.00489596
8 0.626608 0.724158 0.0141442 0.0239086 0.00486635
2 0.246725 0.533371 0.0181453 0.0182004 0.00486031
2 0.251089 0.54002 0.0101923 0.0171639 0.00483478
1 0.227477 0.532108 0.0158638 0.0181532 0.0047734
5 0.544227 0.710226 0.0141143 0.0196965 0.00471365
15 0.554895 0.703614 0.00745636 0.0150993 0.00463533
1 0.600614 0.691751 0.0145333 0.016038 0.00455874
30 0.67975 0.341643 0.0143395 0.0243464 0.00454804
1 0.521854 0.668952 0.00835278 0.01744 0.00454225
7 0.468441 0.66393 0.00807883 0.0277591 0.00452969
4 0.537409 0.708647 0.0158649 0.0240324 0.00442956
0 0.543467 0.70527 0.013622 0.0206156 0.00435815
2 0.191376 0.552033 0.00772537 0.00852276 0.00424081
4 0.811789 0.740552 0.0664825 0.0403137 0.00417443
0 0.570652 0.702938 0.00748529 0.0144895 0.00415819
2 0.626375 0.572682 0.0104401 0.0153061 0.00413743
1 0.14945 0.48629 0.0130365 0.0232505 0.00411819
8 0.629557 0.720849 0.0155817 0.0244541 0.00407275
2 0.758565 0.339895 0.00747369 0.0119416 0.00402541
4 0.618909 0.703786 0.0105786 0.0164676 0.00401526
22 0.459162 0.710804 0.0089086 0.0174595 0.00401117
6 0.554895 0.703614 0.00745636 0.0150993 0.00399374
6 0.544227 0.710226 0.0141143 0.0196965 0.00397839
2 0.626541 0.555064 0.00977222 0.0143116 0.00397254
4 0.746238 0.73771 0.0183782 0.0325352 0.00393294
2 0.439895 0.334509 0.00831326 0.0165169 0.00390953
2 0.228515 0.556117 0.00742184 0.016868 0.00389147
1 0.611222 0.719625 0.0180956 0.0279135 0.00384398
1 0.644142 0.662121 0.0488805 0.0447798 0.00379787
2 0.293977 0.503664 0.00781949 0.0154399 0.0037712
7 0.578907 0.647085 0.024874 0.0246004 0.00377042
7 0.246725 0.533371 0.0181453 0.0182004 0.00374571
1 0.209714 0.506214 0.0166852 0.0466275 0.00374394
22 0.601571 0.598651 0.0355377 0.0416268 0.00374334
1 0.3045 0.537106 0.1488 0.0780351 0.00369573
1 0.24854 0.539312 0.0111652 0.0186987 0.00368181
2 0.720182 0.53181 0.00767657 0.0125979 0.00367602
4 0.864081 0.746565 0.05724 0.0611303 0.00367435
8 0.666511 0.733123 0.0130342 0.0280465 0.00367318
4 0.658401 0.713835 0.0251317 0.0237074 0.00366696
15 0.612038 0.720318 0.0195212 0.0295184 0.00366229
1 0.169211 0.700007 0.0133822 0.014302 0.00362045
15 0.570652 0.702938 0.00748529 0.0144895 0.00358822
7 0.450109 0.618609 0.0246635 0.0137206 0.00354067
2 0.747575 0.529873 0.00942896 0.0161279 0.00353258
2 0.680596 0.512151 0.0119652 0.0115355 0.00350933
6 0.636932 0.716828 0.0177651 0.0214746 0.00347215
0 0.666511 0.733123 0.0130342 0.0280465 0.00342877
1 0.497079 0.58103 0.00900082 0.0125259 0.00341976
4 0.666767 0.720175 0.0160382 0.0275182 0.00332374
2 0.387395 0.637205 0.0103496 0.0114017 0.00331509
1 0.59624 0.705275 0.00934949 0.0156831 0.00330471
2 0.24854 0.539312 0.0111652 0.0186987 0.00330403
8 0.643922 0.715696 0.0112022 0.020597 0.00329241
0 0.568492 0.70995 0.00803095 0.0137128 0.00327733
2 0.67711 0.324423 0.0176041 0.0268615 0.00326574
2 0.497592 0.547457 0.00973679 0.00641309 0.00325368
2 0.475332 0.33343 0.0111026 0.0180993 0.00322556
7 0.631142 0.588017 0.00840906 0.0254462 0.00317504
4 0.847621 0.742452 0.0839904 0.0630246 0.00316296
4 0.643136 0.707106 0.0177921 0.0203047 0.00314473
7 0.526726 0.678271 0.0104229 0.0141655 0.00308963
0 0.457836 0.705563 0.00759067 0.0159103 0.00308244
4 0.657304 0.706345 0.023731 0.0201343 0.00306963
2 0.396087 0.63162 0.00690778 0.0173832 0.00306665
7 0.521854 0.668952 0.00835278 0.01744 0.00305519
7 0.531186 0.579557 0.00559784 0.0160326 0.00304937
2 0.384449 0.639299 0.00779645 0.00996032 0.00302298
1 0.387395 0.637205 0.0103496 0.0114017 0.00301548
14 0.720341 0.747209 0.0146125 0.0309607 0.00296303
1 0.544227 0.710226 0.0141143 0.0196965 0.00291914
4 0.543628 0.722596 0.0128061 0.0325701 0.00287703
1 0.549236 0.646413 0.0205627 0.0188614 0.00285028
1 0.407853 0.606598 0.0217886 0.0158291 0.00284529
14 0.626608 0.724158 0.0141442 0.0239086 0.00280503
15 0.657304 0.706345 0.023731 0.0201343 0.00280043
12 0.570652 0.702938 0.00748529 0.0144895 0.00274103
4 0.758005 0.738036 0.0234084 0.0363029 0.00269114
7 0.535299 0.673571 0.00930469 0.0222002 0.00267615
4 0.535204 0.696957 0.0108462 0.0169315 0.00265217
1 0.523214 0.677921 0.0115305 0.0130088 0.00262204
7 0.496343 0.571189 0.0073338 0.0101438 0.00257719
1 0.496343 0.571189 0.0073338 0.0101438 0.00252967
0 0.626608 0.724158 0.0141442 0.0239086 0.00246428
4 0.817002 0.731607 0.0488607 0.0378971 0.00246363
4 0.626421 0.695747 0.010767 0.0209153 0.00245462
4 0.642158 0.722424 0.0156183 0.0267899 0.0024521
2 0.150918 0.488751 0.0123383 0.0168114 0.00244366
8 0.564782 0.70634 0.0103967 0.009898 0.00243793
19 0.500133 0.2454 0.989787 0.490799 0.0024215
2 0.227477 0.532108 0.0158638 0.0181532 0.00241505
2 0.701607 0.529165 0.00965546 0.0150552 0.00240897
3 0.169211 0.700007 0.0133822 0.014302 0.00237216
2 0.224585 0.564185 0.0123931 0.0156815 0.00235776
7 0.372666 0.59126 0.00996716 0.0150124 0.00233457
4 0.827551 0.746276 0.0632919 0.0586175 0.00233353
8 0.169211 0.700007 0.0133822 0.014302 0.00232772
3 0.668657 0.7329 0.0132081 0.0277474 0.00231814
7 0.622379 0.563645 0.010499 0.0194366 0.00230333
30 0.520955 0.326748 0.0117423 0.0182221 0.00230005
6 0.629557 0.720849 0.0155817 0.0244541 0.002292
7 0.516753 0.571204 0.00607459 0.00985505 0.0022781
2 0.223373 0.543873 0.0100559 0.0151987 0.00227355
6 0.564782 0.70634 0.0103967 0.009898 0.00224431
2 0.695734 0.543026 0.00662518 0.0138526 0.00224132
1 0.384449 0.639299 0.00779645 0.00996032 0.00220008
2 0.677837 0.551784 0.00783856 0.0133693 0.00219136
15 0.643136 0.707106 0.0177921 0.0203047 0.0021809
4 0.176869 0.697839 0.0276569 0.0175438 0.00215575
2 0.517699 0.326074 0.0140126 0.0194648 0.00215271
7 0.393645 0.657275 0.00734906 0.0239464 0.00213906
1 0.424853 0.6785 0.0206868 0.0167202 0.00212778
15 0.544227 0.710226 0.0141143 0.0196965 0.00212435
1 0.611007 0.706286 0.0138563 0.0169143 0.00212135
6 0.658401 0.713835 0.0251317 0.0237074 0.00212117
1 0.63228 0.600333 0.0144583 0.0429834 0.00209673
6 0.00685814 0.698922 0.0131657 0.0193626 0.00206631
7 0.453952 0.623739 0.0188808 0.0187174 0.00205046
14 0.629557 0.720849 0.0155817 0.0244541 0.00200491
1 0.631626 0.632982 0.023472 0.0638785 0.00200461
30 0.550805 0.326771 0.0149551 0.0245989 0.002004
1 0.578053 0.650656 0.0140859 0.0210344 0.00200151
7 0.463913 0.669362 0.0122084 0.0293521 0.00199852
1 0.463913 0.669362 0.0122084 0.0293521 0.00197089
4 0.803085 0.720783 0.0139017 0.0110661 0.00196797
1 0.507376 0.572034 0.00602005 0.0109162 0.00193364
2 0.441668 0.510385 0.00749731 0.00950202 0.00191907
1 0.393645 0.657275 0.00734906 0.0239464 0.00191245
1 0.0320149 0.657227 0.0141589 0.0364238 0.00188788
4 0.00685814 0.698922 0.0131657 0.0193626 0.00187942
1 0.39432 0.64041 0.00785666 0.0111316 0.00187373
2 0.671567 0.314086 0.0251819 0.0193697 0.00182244
4 0.665419 0.707148 0.0178077 0.0192196 0.00181615
2 0.500871 0.546138 0.0109647 0.00782633 0.00181567
2 0.39432 0.64041 0.00785666 0.0111316 0.00181269
2 0.270783 0.549012 0.0107036 0.0111937 0.00181037
1 0.478383 0.668741 0.00735602 0.0190297 0.00180982
2 0.662087 0.327695 0.0495522 0.0352747 0.00180851
4 0.87444 0.743718 0.0375471 0.0680245 0.00180572
5 0.543467 0.70527 0.013622 0.0206156 0.00178453
6 0.0772235 0.685595 0.100589 0.0479865 0.00178238
2 0.497079 0.58103 0.00900082 0.0125259 0.00176404
6 0.618909 0.703786 0.0105786 0.0164676 0.00175899
2 0.290631 0.579651 0.00701181 0.0145874 0.00175801
7 0.516237 0.599129 0.00635913 0.0109526 0.00174967
2 0.467646 0.547406 0.00590402 0.0104615 0.00170576
2 0.481171 0.549276 0.00727277 0.00640082 0.00169223
1 0.466262 0.679542 0.0129789 0.010254 0.00165458
4 0.851315 0.729115 0.0522071 0.0414542 0.00164236
6 0.0195621 0.695355 0.0385733 0.0312637 0.00163708
6 0.589596 0.711469 0.0116615 0.010697 0.00162784
1 0.399941 0.614927 0.0168981 0.0145951 0.00162751
2 0.420313 0.506021 0.00732752 0.0131839 0.00161251
6 0.65034 0.71831 0.0215114 0.022364 0.00161121
8 0.459162 0.710804 0.0089086 0.0174595 0.0016064
4 0.599712 0.727749 0.0223113 0.0226527 0.00160169
7 0.387395 0.637205 0.0103496 0.0114017 0.00159765
2 0.407509 0.316447 0.0106881 0.0240817 0.00158957
4 0.691993 0.728678 0.0177972 0.0260753 0.0015893
1 0.0319618 0.648789 0.0130416 0.0213569 0.00158674
2 0.411346 0.321684 0.0170628 0.0213356 0.00157612
6 0.643136 0.707106 0.0177921 0.0203047 0.00157536
1 0.539699 0.680115 0.00963702 0.0245468 0.00156957
1 0.433666 0.68039 0.0184721 0.0205821 0.00156837
7 0.549236 0.646413 0.0205627 0.0188614 0.00156764
8 0.543467 0.70527 0.013622 0.0206156 0.00155572
0 0.0891172 0.695696 0.0111798 0.0254364 0.00155397
7 0.53111 0.668167 0.00873047 0.0169115 0.00154166
7 0.507376 0.572034 0.00602005 0.0109162 0.00152423
1 0.636932 0.716828 0.0177651 0.0214746 0.00151618
2 0.432367 0.504687 0.00966962 0.0156974 0.00151547
1 0.466287 0.654307 0.00846066 0.0256682 0.00150236
3 0.643922 0.715696 0.0112022 0.020597 0.00149701
15 0.65034 0.71831 0.0215114 0.022364 0.00148067
30 0.0133067 0.292106 0.0143712 0.0233156 0.00145731
1 0.564782 0.70634 0.0103967 0.009898 0.00145023
7 0.570652 0.702938 0.00748529 0.0144895 0.00144812
