4 0.635383 0.636522 0.0470248 0.0498127 0.848636
4 0.388986 0.629519 0.0385161 0.0362661 0.84362
8 0.71888 0.695852 0.0761298 0.0839319 0.840921
4 0.344136 0.628108 0.0572539 0.0528922 0.80631
4 0.430014 0.621611 0.0298926 0.0326791 0.73518
4 0.613497 0.618971 0.0231586 0.0274673 0.644393
4 0.591052 0.613253 0.0181179 0.0190515 0.620214
4 0.493501 0.616105 0.0239074 0.0313879 0.611411
4 0.45578 0.622807 0.0301651 0.0389892 0.606206
4 0.412677 0.62595 0.0285826 0.0324291 0.5398
4 0.568259 0.608028 0.0113828 0.0153547 0.453692
4 0.577524 0.60948 0.0146948 0.0184275 0.415907
0 0.7197 0.67961 0.0341461 0.0837334 0.392261
4 0.477984 0.61915 0.0204223 0.0329174 0.3901
4 0.506814 0.612641 0.0104712 0.0239276 0.316925
4 0.517674 0.609704 0.0119428 0.0183917 0.285163
4 0.515697 0.615775 0.0143051 0.0256651 0.261219
4 0.52926 0.607297 0.0128964 0.0151443 0.21374
4 0.442927 0.62047 0.0195625 0.0332718 0.203503
1 0.497972 0.54843 0.0323576 0.0310359 0.20266
4 0.469913 0.61867 0.0176755 0.0334913 0.166132
4 0.596474 0.61813 0.0202636 0.0274328 0.164973
4 0.503664 0.614985 0.0138455 0.02895 0.147546
4 0.359131 0.626815 0.0326175 0.0466177 0.128967
4 0.538291 0.60191 0.00600903 0.0143827 0.119822
4 0.539985 0.601957 0.006867 0.00868041 0.119092
12 0.20256 0.606656 0.173057 0.0820673 0.107443
1 0.552688 0.585063 0.00895587 0.00847162 0.0921175
4 0.583683 0.612618 0.012232 0.0209729 0.0887967
4 0.549617 0.609145 0.00776746 0.0128058 0.0859961
4 0.570127 0.612153 0.0127066 0.0216765 0.0795511
8 0.25308 0.621416 0.0120266 0.0278714 0.0746418
15 0.282656 0.611952 0.0569539 0.0537375 0.0733324
8 0.459881 0.649627 0.0294416 0.0803451 0.0725856
4 0.511162 0.604492 0.00870636 0.0195057 0.0703556
0 0.458547 0.646831 0.0272144 0.0844947 0.0671299
4 0.560938 0.602763 0.0073479 0.0164359 0.0663866
0 0.72461 0.648844 0.019844 0.0213213 0.0655524
0 0.17139 0.607876 0.00820477 0.0397841 0.0599006
4 0.0117568 0.597504 0.0229371 0.0186227 0.0569673
4 0.638872 0.613022 0.0218925 0.0177509 0.0536282
0 0.172644 0.613759 0.00882724 0.0301906 0.0489458
4 0.295211 0.623029 0.0225323 0.0268726 0.0486423
4 0.632277 0.613543 0.0159908 0.0190538 0.0468999
6 0.577524 0.60948 0.0146948 0.0184275 0.0428532
15 0.234853 0.60793 0.11977 0.0723143 0.0420739
12 0.234853 0.60793 0.11977 0.0723143 0.0418572
4 0.32222 0.625652 0.0169529 0.0426611 0.0408743
4 0.492006 0.60647 0.0190075 0.0235377 0.0391469
25 0.143953 0.55992 0.0715107 0.0180357 0.0380955
4 0.557285 0.603887 0.00532489 0.0119144 0.0345519
4 0.592248 0.619217 0.020428 0.0317266 0.0335643
15 0.557285 0.603887 0.00532489 0.0119144 0.0320598
4 0.493319 0.626311 0.0226423 0.0406648 0.031944
4 0.44815 0.624295 0.026862 0.0399253 0.0309003
0 0.25308 0.621416 0.0120266 0.0278714 0.0292454
5 0.269124 0.621802 0.0262942 0.0387043 0.0278031
13 0.722312 0.646496 0.0171335 0.0169981 0.0276588
6 0.557285 0.603887 0.00532489 0.0119144 0.0269011
4 0.61409 0.626781 0.0235824 0.0390093 0.02603
4 0.480053 0.625474 0.0217242 0.0391227 0.0252913
8 0.247852 0.624377 0.0193566 0.0296811 0.0250797
4 0.365308 0.613338 0.0161114 0.0223242 0.0226139
0 0.456925 0.624123 0.029065 0.0402643 0.0218307
6 0.283821 0.61313 0.0533414 0.052062 0.0209073
4 0.269124 0.621802 0.0262942 0.0387043 0.019616
14 0.891623 0.645435 0.0150518 0.0269993 0.0191042
5 0.45961 0.644476 0.0285259 0.0803583 0.018634
4 0.377955 0.617268 0.0161528 0.026528 0.0186092
4 0.0728916 0.61223 0.0336817 0.0256978 0.0183338
8 0.295211 0.623029 0.0225323 0.0268726 0.0180714
3 0.270596 0.618952 0.0320043 0.0510348 0.0180568
6 0.29124 0.61486 0.0367342 0.0437695 0.0179669
15 0.29124 0.61486 0.0367342 0.0437695 0.0177568
32 0.201519 0.638389 0.0270304 0.0241682 0.0171433
4 0.458544 0.607729 0.0204794 0.0266279 0.0170834
3 0.247852 0.624377 0.0193566 0.0296811 0.0164688
14 0.110976 0.645913 0.0167599 0.0332 0.0161768
14 0.197519 0.639229 0.0336226 0.0251386 0.01549
0 0.719662 0.692214 0.0732919 0.090089 0.0153856
25 0.203855 0.607183 0.186905 0.0873142 0.015014
15 0.568259 0.608028 0.0113828 0.0153547 0.01501
15 0.539985 0.601957 0.006867 0.00868041 0.0147437
6 0.568259 0.608028 0.0113828 0.0153547 0.0146474
6 0.271452 0.616251 0.0327773 0.0487561 0.0145794
0 0.189476 0.620117 0.0123167 0.0399353 0.0145617
14 0.893892 0.650419 0.0187901 0.0346775 0.0145453
4 0.526552 0.612325 0.0139682 0.0218802 0.0145001
3 0.295211 0.623029 0.0225323 0.0268726 0.0140089
15 0.577524 0.60948 0.0146948 0.0184275 0.0134536
4 0.29616 0.616477 0.0326182 0.038735 0.0132108
4 0.509389 0.618592 0.0132189 0.0285039 0.0132096
6 0.560938 0.602763 0.0073479 0.0164359 0.0126238
4 0.0180075 0.634737 0.0354938 0.0762159 0.0126049
3 0.25308 0.621416 0.0120266 0.0278714 0.0120232
12 0.282656 0.611952 0.0569539 0.0537375 0.01163
8 0.25495 0.626909 0.0143506 0.033391 0.0115945
1 0.549244 0.594105 0.013298 0.0174246 0.0112926
6 0.52926 0.607297 0.0128964 0.0151443 0.0104852
6 0.539985 0.601957 0.006867 0.00868041 0.0103535
0 0.295211 0.623029 0.0225323 0.0268726 0.0100967
15 0.271452 0.616251 0.0327773 0.0487561 0.00997564
14 0.189773 0.620347 0.0108881 0.037473 0.00988021
1 0.499023 0.540648 0.0299183 0.0382168 0.00965556
4 0.0395973 0.636442 0.0784392 0.0721613 0.00956237
6 0.538291 0.60191 0.00600903 0.0143827 0.00951132
0 0.262568 0.618438 0.0258199 0.0363958 0.00950744
4 0.314813 0.622975 0.0104577 0.0307937 0.00922619
4 0.433535 0.608169 0.0216837 0.027613 0.00920198
0 0.1691 0.600038 0.00906529 0.0381008 0.00879208
4 0.320131 0.613063 0.0148727 0.032729 0.00867916
15 0.538291 0.60191 0.00600903 0.0143827 0.00860657
8 0.225625 0.626118 0.0196987 0.0304917 0.00853599
6 0.552688 0.585063 0.00895587 0.00847162 0.00844529
4 0.081848 0.612007 0.0475628 0.0350878 0.00841411
8 0.113933 0.644702 0.0148781 0.0338725 0.00827102
4 0.247852 0.624377 0.0193566 0.0296811 0.00818915
15 0.275939 0.60876 0.0338798 0.0640789 0.00793296
15 0.560938 0.602763 0.0073479 0.0164359 0.00787991
4 0.067864 0.621523 0.041226 0.0330588 0.00771652
0 0.181511 0.615332 0.0167296 0.0383155 0.0075571
4 0.588114 0.606339 0.0161399 0.0232832 0.00748373
15 0.52926 0.607297 0.0128964 0.0151443 0.00746146
8 0.270596 0.618952 0.0320043 0.0510348 0.00744214
4 0.415598 0.606301 0.0226185 0.0265463 0.00733739
15 0.517674 0.609704 0.0119428 0.0183917 0.00722214
0 0.144762 0.618592 0.0112937 0.0214138 0.00710216
8 0.307344 0.629705 0.0121396 0.0255254 0.00703962
0 0.161783 0.60745 0.0244159 0.0409609 0.00703494
6 0.517674 0.609704 0.0119428 0.0183917 0.00699089
12 0.222341 0.605839 0.0740109 0.07419 0.00689734
8 0.456925 0.624123 0.029065 0.0402643 0.00683607
5 0.456925 0.624123 0.029065 0.0402643 0.00667237
4 0.393652 0.621587 0.0299002 0.034981 0.00665052
8 0.155945 0.614683 0.0141771 0.0276994 0.00654599
3 0.225625 0.626118 0.0196987 0.0304917 0.00654331
8 0.2696 0.628371 0.0256863 0.0341557 0.00636476
8 0.314813 0.622975 0.0104577 0.0307937 0.00635665
0 0.141707 0.611851 0.010326 0.0335121 0.00628551
4 0.00898751 0.638934 0.017975 0.0783574 0.00620358
4 0.25308 0.621416 0.0120266 0.0278714 0.00608419
4 0.239934 0.615491 0.13526 0.0619871 0.0059736
0 0.729821 0.677563 0.0381371 0.0774595 0.00571528
15 0.552688 0.585063 0.00895587 0.00847162 0.00552098
14 0.217307 0.635659 0.0156408 0.0276167 0.00537864
8 0.18981 0.626808 0.0210707 0.04958 0.00535144
1 0.551499 0.575848 0.0124422 0.0183805 0.00528886
1 0.498644 0.556665 0.0290058 0.0238039 0.00527234
8 0.716814 0.679525 0.0321049 0.0852354 0.00525867
8 0.296937 0.628516 0.0165412 0.0274384 0.00518236
5 0.295211 0.623029 0.0225323 0.0268726 0.00513182
12 0.557285 0.603887 0.00532489 0.0119144 0.00482752
14 0.2696 0.628371 0.0256863 0.0341557 0.00465109
0 0.159875 0.587803 0.011622 0.021228 0.00461742
0 0.18981 0.626808 0.0210707 0.04958 0.00441953
8 0.172644 0.613759 0.00882724 0.0301906 0.00441276
4 0.558962 0.612329 0.00701166 0.0215862 0.00435603
25 0.0875475 0.593969 0.0253881 0.0315486 0.00435447
0 0.314813 0.622975 0.0104577 0.0307937 0.00425873
14 0.18981 0.626808 0.0210707 0.04958 0.00418495
32 0.194951 0.63951 0.0343272 0.0284321 0.0039903
15 0.549244 0.594105 0.013298 0.0174246 0.00396314
6 0.275939 0.60876 0.0338798 0.0640789 0.00390125
3 0.293404 0.613652 0.0322572 0.0487951 0.00383018
14 0.131243 0.641162 0.0150706 0.0348119 0.00381598
1 0.643917 0.491247 0.0159291 0.0164115 0.0036843
0 0.270596 0.618952 0.0320043 0.0510348 0.00361036
14 0.220054 0.625729 0.0262215 0.0418979 0.00356953
3 0.18981 0.626808 0.0210707 0.04958 0.0033575
0 0.708938 0.682848 0.040683 0.0794752 0.0032895
12 0.577524 0.60948 0.0146948 0.0184275 0.00318758
3 0.270555 0.628083 0.0253286 0.0322676 0.00317142
12 0.552688 0.585063 0.00895587 0.00847162 0.00316577
0 0.538291 0.60191 0.00600903 0.0143827 0.00313795
5 0.29616 0.616477 0.0326182 0.038735 0.00311542
3 0.202229 0.626755 0.0388288 0.0485658 0.00310525
15 0.305164 0.613865 0.039727 0.04617 0.00310454
3 0.459881 0.649627 0.0294416 0.0803451 0.00303499
19 0.194951 0.63951 0.0343272 0.0284321 0.00300995
4 0.0230138 0.601129 0.0455441 0.0261159 0.00300968
25 0.159875 0.587803 0.011622 0.021228 0.00297427
8 0.230735 0.634434 0.013432 0.0262214 0.00294535
6 0.348182 0.626871 0.0521868 0.0533367 0.00289143
25 0.0840653 0.582725 0.0170106 0.0145888 0.00287425
8 0.262568 0.618438 0.0258199 0.0363958 0.0028733
8 0.144762 0.618592 0.0112937 0.0214138 0.00286364
6 0.0117568 0.597504 0.0229371 0.0186227 0.00282365
0 0.320131 0.613063 0.0148727 0.032729 0.00279182
8 0.182816 0.618887 0.0152852 0.0379626 0.00272035
0 0.469913 0.61867 0.0176755 0.0334913 0.00271848
1 0.247346 0.571166 0.00944736 0.0103456 0.00271457
3 0.307344 0.629705 0.0121396 0.0255254 0.00271333
12 0.270596 0.618952 0.0320043 0.0510348 0.00270462
8 0.217307 0.635659 0.0156408 0.0276167 0.00269875
1 0.48666 0.559407 0.0152871 0.0179637 0.00267633
14 0.182816 0.618887 0.0152852 0.0379626 0.00266194
0 0.557285 0.603887 0.00532489 0.0119144 0.00263942
4 0.0599114 0.628729 0.054262 0.0377955 0.0026114
14 0.72461 0.648844 0.019844 0.0213213 0.00256595
0 0.25495 0.626909 0.0143506 0.033391 0.00254476
8 0.722312 0.646496 0.0171335 0.0169981 0.00249703
0 0.496114 0.615961 0.0196946 0.0268279 0.00247387
4 0.161783 0.60745 0.0244159 0.0409609 0.00243275
0 0.155945 0.614683 0.0141771 0.0276994 0.00241639
4 0.613743 0.60543 0.0187046 0.021907 0.0023947
25 0.148144 0.596489 0.0424739 0.0626314 0.00237963
19 0.201519 0.638389 0.0270304 0.0241682 0.00235772
6 0.203855 0.607183 0.186905 0.0873142 0.00235758
1 0.445508 0.595103 0.0158929 0.0199516 0.00234906
8 0.161783 0.60745 0.0244159 0.0409609 0.00234102
4 0.722312 0.646496 0.0171335 0.0169981 0.00232849
3 0.220054 0.625729 0.0262215 0.0418979 0.00232493
7 0.247346 0.571166 0.00944736 0.0103456 0.00232444
1 0.539985 0.601957 0.006867 0.00868041 0.00232118
6 0.549244 0.594105 0.013298 0.0174246 0.00228791
15 0.256308 0.606333 0.0610834 0.0721594 0.00226764
4 0.155945 0.614683 0.0141771 0.0276994 0.00226753
3 0.144762 0.618592 0.0112937 0.0214138 0.00223136
15 0.511162 0.604492 0.00870636 0.0195057 0.00222224
5 0.568259 0.608028 0.0113828 0.0153547 0.00221503
4 0.541725 0.611935 0.00475305 0.0227679 0.00218548
4 0.205529 0.608186 0.174881 0.0829017 0.00213645
6 0.0234801 0.577916 0.046719 0.0550866 0.00210042
0 0.549617 0.609145 0.00776746 0.0128058 0.00204824
0 0.560938 0.602763 0.0073479 0.0164359 0.00204535
5 0.718634 0.696435 0.0759242 0.0841977 0.00202942
8 0.220054 0.625729 0.0262215 0.0418979 0.00202548
6 0.320131 0.613063 0.0148727 0.032729 0.00201161
6 0.0128458 0.630988 0.0255551 0.0763273 0.00200056
11 0.72461 0.648844 0.019844 0.0213213 0.00199606
14 0.133483 0.617159 0.0140207 0.0211923 0.0019837
3 0.296937 0.628516 0.0165412 0.0274384 0.0019821
42 0.141824 0.560433 0.0742975 0.0194798 0.00197633
1 0.53461 0.595423 0.0102851 0.0201565 0.00196862
6 0.511162 0.604492 0.00870636 0.0195057 0.00196411
6 0.506814 0.612641 0.0104712 0.0239276 0.00195753
25 0.0109704 0.597909 0.0214858 0.0151319 0.00194409
3 0.25495 0.626909 0.0143506 0.033391 0.00191727
6 0.295211 0.623029 0.0225323 0.0268726 0.00190362
12 0.539985 0.601957 0.006867 0.00868041 0.00186377
14 0.144762 0.618592 0.0112937 0.0214138 0.0018613
8 0.203628 0.633546 0.0146476 0.0278518 0.00185239
1 0.560938 0.602763 0.0073479 0.0164359 0.00183292
13 0.72244 0.636213 0.0156971 0.0276558 0.00181236
12 0.256308 0.606333 0.0610834 0.0721594 0.00180862
14 0.25308 0.621416 0.0120266 0.0278714 0.00180809
5 0.262568 0.618438 0.0258199 0.0363958 0.00179109
32 0.217307 0.635659 0.0156408 0.0276167 0.00177974
8 0.201519 0.638389 0.0270304 0.0241682 0.00177371
4 0.117544 0.639752 0.0246975 0.0374347 0.00177184
15 0.506814 0.612641 0.0104712 0.0239276 0.00176677
4 0.225625 0.626118 0.0196987 0.0304917 0.0017651
0 0.126881 0.611608 0.0227514 0.0281795 0.00176333
0 0.135645 0.630751 0.0126057 0.0296435 0.00174775
3 0.232284 0.608289 0.118478 0.0791633 0.00174382
24 0.234853 0.60793 0.11977 0.0723143 0.00174077
2 0.197394 0.568608 0.0116697 0.00966929 0.00173965
4 0.0998864 0.611013 0.0307101 0.0356677 0.0017338
14 0.270596 0.618952 0.0320043 0.0510348 0.00173161
8 0.135645 0.630751 0.0126057 0.0296435 0.0017261
1 0.366153 0.594672 0.00818234 0.0198144 0.0017229
14 0.458547 0.646831 0.0272144 0.0844947 0.00169995
8 0.133483 0.617159 0.0140207 0.0211923 0.00166767
4 0.262568 0.618438 0.0258199 0.0363958 0.00165761
4 0.307344 0.629705 0.0121396 0.0255254 0.00164854
5 0.577524 0.60948 0.0146948 0.0184275 0.00164257
0 0.247852 0.624377 0.0193566 0.0296811 0.00164039
12 0.52926 0.607297 0.0128964 0.0151443 0.00163919
14 0.727181 0.636731 0.0186724 0.0312555 0.00163772
5 0.32222 0.625652 0.0169529 0.0426611 0.00161124
3 0.217307 0.635659 0.0156408 0.0276167 0.00158034
4 0.305164 0.613865 0.039727 0.04617 0.0015794
12 0.293404 0.613652 0.0322572 0.0487951 0.0015711
8 0.243659 0.629907 0.0297639 0.0302374 0.00157089
6 0.632277 0.613543 0.0159908 0.0190538 0.00156705
4 0.0133559 0.65192 0.0256577 0.101043 0.00156508
14 0.247852 0.624377 0.0193566 0.0296811 0.0015566
5 0.25308 0.621416 0.0120266 0.0278714 0.00155455
8 0.558962 0.612329 0.00701166 0.0215862 0.00153437
1 0.519672 0.595779 0.00726617 0.0209463 0.00153319
4 0.645989 0.614432 0.0239398 0.0211347 0.00151969
4 0.361038 0.602389 0.0165678 0.0173248 0.00151309
3 0.314813 0.622975 0.0104577 0.0307937 0.00151058
15 0.320131 0.613063 0.0148727 0.032729 0.00149611
42 0.568259 0.608028 0.0113828 0.0153547 0.00148981
42 0.1691 0.600038 0.00906529 0.0381008 0.00148282
5 0.320131 0.613063 0.0148727 0.032729 0.00147556
25 0.29124 0.61486 0.0367342 0.0437695 0.00147529
12 0.320131 0.613063 0.0148727 0.032729 0.00147286
6 0.234853 0.60793 0.11977 0.0723143 0.00145218
4 0.126881 0.611608 0.0227514 0.0281795 0.00142325
0 0.365308 0.613338 0.0161114 0.0223242 0.00142234
6 0.591052 0.613253 0.0181179 0.0190515 0.00141901
8 0.110835 0.64712 0.016289 0.0341176 0.00141635
1 0.197394 0.568608 0.0116697 0.00966929 0.00141387
8 0.509389 0.618592 0.0132189 0.0285039 0.00140842
0 0.29616 0.616477 0.0326182 0.038735 0.00140572
0 0.539985 0.601957 0.006867 0.00868041 0.0014037
15 0.222341 0.605839 0.0740109 0.07419 0.00140268
9 0.72461 0.648844 0.019844 0.0213213 0.00140177
