4 0.420107 0.352099 0.154342 0.101951 0.939013
22 0.762066 0.632893 0.0751038 0.235609 0.938659
22 0.539131 0.705718 0.0781746 0.272742 0.89972
2 0.134327 0.246825 0.0509788 0.0583143 0.891879
22 0.589019 0.691213 0.0761871 0.266842 0.887294
7 0.615347 0.219099 0.0206714 0.0659442 0.875544
4 0.217061 0.354101 0.138923 0.110867 0.843015
7 0.425437 0.0592868 0.0540865 0.118574 0.811421
1 0.0502302 0.170085 0.0987435 0.0594243 0.806004
7 0.307734 0.145855 0.0165967 0.100393 0.764281
5 0.659876 0.477369 0.188357 0.403424 0.732891
1 0.261198 0.0413624 0.0355234 0.0827248 0.726476
7 0.374725 0.0601292 0.0307643 0.118946 0.669792
1 0.683 0.230246 0.0264183 0.101844 0.631
4 0.0209461 0.333796 0.0414449 0.0330653 0.40421
1 0.917547 0.229046 0.04401 0.0317499 0.280499
14 0.612505 0.52034 0.0570588 0.262822 0.235154
2 0.605442 0.366916 0.0253777 0.0298937 0.172179
4 0.0256446 0.376101 0.0509987 0.122418 0.130416
4 0.175943 0.367049 0.228589 0.1201 0.127272
22 0.59828 0.601908 0.0256317 0.126845 0.112336
7 0.413117 0.059507 0.0290655 0.119014 0.105103
7 0.437425 0.0563342 0.0317221 0.0975921 0.0888855
1 0.472791 0.256916 0.0185104 0.0328356 0.0810174
1 0.5693 0.21535 0.02491 0.0496033 0.074247
23 0.596877 0.602583 0.0232023 0.126167 0.0627347
23 0.593126 0.56493 0.0165565 0.051071 0.0539168
0 0.0129907 0.415556 0.0203904 0.0485885 0.0526559
0 0.0159134 0.422532 0.0137 0.0366028 0.0482568
1 0.303567 0.2387 0.0116447 0.0852116 0.0460885
22 0.0159134 0.422532 0.0137 0.0366028 0.0430739
1 0.0855629 0.321402 0.0269515 0.030279 0.0414986
4 0.0423144 0.371505 0.0846288 0.128121 0.0358165
0 0.0130615 0.380964 0.0250121 0.12058 0.0345556
7 0.62803 0.217782 0.0125334 0.0575962 0.0332884
1 0.258905 0.10061 0.0226728 0.0513769 0.0327366
1 0.11753 0.327602 0.015638 0.0224249 0.0319487
14 0.628327 0.528585 0.0885494 0.309964 0.026447
0 0.135225 0.324163 0.00869836 0.027253 0.0236578
22 0.656182 0.684932 0.0252577 0.0889325 0.0218887
1 0.472963 0.266973 0.0181313 0.0542923 0.0206078
7 0.569639 0.218082 0.0250707 0.0557067 0.0200718
7 0.294519 0.147995 0.0204229 0.0892716 0.0196804
2 0.704125 0.34256 0.0270984 0.0194515 0.0194119
13 0.629664 0.376324 0.0683266 0.0400819 0.0176287
4 0.0638294 0.328098 0.124486 0.0456692 0.0168635
7 0.259427 0.0385257 0.0391498 0.0770514 0.0168205
0 0.111176 0.323792 0.017457 0.0306017 0.0165273
0 0.0852921 0.323267 0.028857 0.0333305 0.0150252
4 0.0143011 0.324896 0.0286022 0.0306056 0.0145497
0 0.11753 0.327602 0.015638 0.0224249 0.0141296
7 0.301934 0.145587 0.0263521 0.102733 0.0138886
7 0.117345 0.27822 0.0191359 0.0519302 0.0136625
4 0.0653827 0.330655 0.0798092 0.0380941 0.0134701
4 0.0219801 0.351187 0.0437269 0.0667242 0.0133896
0 0.0915231 0.323222 0.0487638 0.0321443 0.0132012
2 0.695066 0.351002 0.0411014 0.0375203 0.0125455
4 0.102798 0.36886 0.0816222 0.133946 0.0107074
14 0.677337 0.596849 0.104322 0.433842 0.0101873
0 0.138043 0.323132 0.0122767 0.0263601 0.010129
22 0.633958 0.676882 0.0279308 0.103513 0.00999013
8 0.374502 0.0595897 0.0294775 0.119179 0.00921577
1 0.374683 0.0596021 0.0298574 0.119204 0.0090572
2 0.698136 0.34449 0.0399028 0.0242887 0.00904264
2 0.604941 0.399371 0.0172396 0.017065 0.00886416
22 0.533667 0.633802 0.0272299 0.138993 0.00835145
2 0.383764 0.146148 0.00854453 0.0217392 0.00786331
13 0.0855629 0.321402 0.0269515 0.030279 0.00778289
1 0.135225 0.324163 0.00869836 0.027253 0.00750899
12 0.472293 0.259051 0.0179745 0.0362944 0.00727124
14 0.649427 0.551021 0.129509 0.354031 0.00712951
1 0.461139 0.255478 0.010163 0.030154 0.00650693
15 0.020713 0.333217 0.0408005 0.0332737 0.00640103
1 0.54052 0.703398 0.0785883 0.274874 0.00632569
12 0.470899 0.27214 0.0172748 0.0620246 0.00618682
22 0.0129907 0.415556 0.0203904 0.0485885 0.00597367
2 0.143185 0.280912 0.0143682 0.0236376 0.00593875
7 0.461139 0.255478 0.010163 0.030154 0.00591254
2 0.146272 0.160648 0.0170226 0.0188026 0.00586402
1 0.0915231 0.323222 0.0487638 0.0321443 0.00576602
8 0.0159134 0.422532 0.0137 0.0366028 0.00568063
0 0.603504 0.367454 0.0250421 0.0307042 0.00565123
17 0.606798 0.37072 0.0311207 0.0387472 0.00555265
2 0.367855 0.131784 0.0123485 0.0214709 0.00515688
2 0.627122 0.374588 0.0732286 0.0449742 0.0051438
14 0.669562 0.542516 0.168228 0.532566 0.00502377
0 0.0225774 0.378395 0.0444398 0.1249 0.00468844
6 0.0860177 0.322186 0.0304331 0.0311859 0.00468572
2 0.381336 0.139945 0.0148456 0.0206581 0.00458874
7 0.260305 0.0994961 0.0202631 0.0528473 0.00454116
22 0.685359 0.619865 0.113163 0.376584 0.00426538
26 0.593126 0.56493 0.0165565 0.051071 0.00414932
2 0.261198 0.0413624 0.0355234 0.0827248 0.00403344
4 0.648694 0.336954 0.129789 0.107409 0.0039435
8 0.0129907 0.415556 0.0203904 0.0485885 0.00379641
2 0.13565 0.322621 0.0092243 0.0274723 0.00370141
2 0.591237 0.13753 0.00783441 0.0197718 0.0036739
0 0.020713 0.333217 0.0408005 0.0332737 0.0035504
10 0.270019 0.619262 0.0158502 0.065822 0.00349381
7 0.586902 0.218865 0.0163806 0.0530096 0.00337115
14 0.729409 0.551241 0.0374281 0.143357 0.00316266
0 0.115013 0.32199 0.0164664 0.0278759 0.00314336
1 0.111176 0.323792 0.017457 0.0306017 0.00307974
2 0.0502302 0.170085 0.0987435 0.0594243 0.00306271
2 0.153189 0.286127 0.0132713 0.0170795 0.00302271
7 0.463151 0.256732 0.0119337 0.0354992 0.00300725
2 0.72466 0.462036 0.0166438 0.0256893 0.00297356
7 0.624779 0.220562 0.0166814 0.0595093 0.00291671
4 0.0514767 0.40866 0.102249 0.131255 0.00279644
4 0.0165428 0.391594 0.0303859 0.105093 0.00270185
25 0.0189289 0.32827 0.0378578 0.0356766 0.0026761
25 0.0224972 0.378483 0.0446924 0.125085 0.00265744
5 0.0860177 0.322186 0.0304331 0.0311859 0.0025875
42 0.0855629 0.321402 0.0269515 0.030279 0.00256652
1 0.298297 0.24071 0.020726 0.0886477 0.00255216
1 0.115013 0.32199 0.0164664 0.0278759 0.00248205
1 0.61194 0.519668 0.0502343 0.253342 0.00245421
2 0.0213326 0.334196 0.0426531 0.0328523 0.00244808
22 0.146599 0.399356 0.0138304 0.045805 0.00244351
7 0.597667 0.221494 0.0183657 0.0624986 0.00241234
2 0.260379 0.0988418 0.0166168 0.0530693 0.00235847
1 0.463151 0.256732 0.0119337 0.0354992 0.00234476
30 0.13458 0.246304 0.0516749 0.0575846 0.00233809
4 0.111176 0.323792 0.017457 0.0306017 0.00232325
0 0.271046 0.349552 0.0278093 0.097358 0.00231502
4 0.0298327 0.326017 0.0596654 0.0423132 0.00226279
5 0.0915231 0.323222 0.0487638 0.0321443 0.00223634
0 0.275664 0.342644 0.0183159 0.080911 0.00223011
25 0.0860177 0.322186 0.0304331 0.0311859 0.00222961
31 0.374748 0.0597497 0.0300576 0.119499 0.00219055
13 0.642422 0.386111 0.0479433 0.0506514 0.00207786
7 0.132981 0.24799 0.050558 0.0623723 0.00199145
2 0.115013 0.32199 0.0164664 0.0278759 0.00197207
7 0.135225 0.324163 0.00869836 0.027253 0.00193846
0 0.146599 0.399356 0.0138304 0.045805 0.00190468
4 0.11753 0.327602 0.015638 0.0224249 0.00189926
0 0.374503 0.0604261 0.0301316 0.120463 0.00189746
2 0.604773 0.132367 0.00924042 0.0154056 0.00188409
26 0.596877 0.602583 0.0232023 0.126167 0.00186808
2 0.558699 0.112921 0.00810834 0.0187746 0.00185951
23 0.734075 0.551241 0.0293569 0.132505 0.00183776
17 0.691643 0.353707 0.0378636 0.0401287 0.00181858
25 0.111176 0.323792 0.017457 0.0306017 0.00181229
26 0.59092 0.531411 0.0208867 0.10639 0.00177286
8 0.604222 0.367929 0.0281014 0.0318617 0.00175627
0 0.105686 0.371614 0.0775722 0.124781 0.00173184
22 0.603832 0.620776 0.0227444 0.102163 0.0017292
4 0.0860177 0.322186 0.0304331 0.0311859 0.00172715
2 0.582376 0.128741 0.0101398 0.0152421 0.00169903
2 0.121854 0.174762 0.0109301 0.0193675 0.00169051
0 0.145739 0.392032 0.0199335 0.0554889 0.00168751
1 0.273668 0.0417561 0.0600537 0.0835122 0.00166035
1 0.307546 0.15708 0.0167427 0.133518 0.00164959
2 0.686173 0.360913 0.0344038 0.0523751 0.00163824
2 0.145862 0.168226 0.0194155 0.0334864 0.00162612
6 0.0638294 0.328098 0.124486 0.0456692 0.0015868
22 0.63979 0.66206 0.0355791 0.130618 0.00157558
25 0.0915231 0.323222 0.0487638 0.0321443 0.00154776
2 0.302713 0.00514297 0.0157216 0.0102859 0.00153865
0 0.139484 0.365121 0.0237036 0.105455 0.00153587
5 0.020713 0.333217 0.0408005 0.0332737 0.00150436
2 0.093788 0.687286 0.0128248 0.0137942 0.00150024
6 0.0915231 0.323222 0.0487638 0.0321443 0.0014716
4 0.0129907 0.415556 0.0203904 0.0485885 0.00147105
8 0.413268 0.0619167 0.0282417 0.113936 0.00146259
7 0.900276 0.227137 0.0227604 0.0317581 0.00145434
0 0.130063 0.36804 0.0270316 0.1197 0.00142319
4 0.241128 0.752667 0.478071 0.494666 0.00142192
17 0.0855629 0.321402 0.0269515 0.030279 0.00141933
2 0.136413 0.160212 0.0180953 0.0157561 0.00139593
0 0.261793 0.349112 0.0453187 0.0968194 0.00138469
2 0.117345 0.27822 0.0191359 0.0519302 0.00136634
8 0.307317 0.146247 0.0162323 0.0995811 0.00135182
13 0.605442 0.366916 0.0253777 0.0298937 0.00134537
5 0.105686 0.371614 0.0775722 0.124781 0.0013427
1 0.569529 0.270711 0.0246193 0.160124 0.00131887
5 0.111176 0.323792 0.017457 0.0306017 0.00131453
22 0.374502 0.0595897 0.0294775 0.119179 0.00130169
2 0.630768 0.385021 0.0682542 0.0504065 0.00129622
14 0.608033 0.471136 0.0725067 0.367127 0.00128603
5 0.0225774 0.378395 0.0444398 0.1249 0.00127028
15 0.0216622 0.378507 0.0424036 0.122488 0.00126352
14 0.374502 0.0595897 0.0294775 0.119179 0.00125678
7 0.245589 0.0377729 0.0129684 0.0755458 0.00125219
22 0.164611 0.393022 0.0148354 0.0384912 0.001249
1 0.13458 0.246304 0.0516749 0.0575846 0.00123787
15 0.0143011 0.324896 0.0286022 0.0306056 0.00122848
2 0.619832 0.138228 0.00880719 0.0177677 0.00121644
8 0.0130615 0.380964 0.0250121 0.12058 0.00121628
17 0.134372 0.248028 0.0524099 0.060661 0.00119976
0 0.0120216 0.436766 0.0218424 0.0819718 0.00118219
17 0.609247 0.44136 0.042985 0.0854977 0.00116936
2 0.942131 0.237834 0.00941028 0.0176798 0.0011645
23 0.0159134 0.422532 0.0137 0.0366028 0.00115753
26 0.269353 0.617202 0.0147435 0.0623419 0.00113749
8 0.54052 0.703398 0.0785883 0.274874 0.00112763
10 0.0159134 0.422532 0.0137 0.0366028 0.00112356
10 0.0852921 0.323267 0.028857 0.0333305 0.0011118
4 0.0848243 0.326114 0.0467318 0.039353 0.0010788
2 0.516742 0.535417 0.00845081 0.0130409 0.00107413
6 0.0189289 0.32827 0.0378578 0.0356766 0.00107403
2 0.374452 0.145335 0.0128972 0.0267787 0.00107189
2 0.582558 0.118373 0.0082525 0.0184191 0.00104576
2 0.11753 0.327602 0.015638 0.0224249 0.00103836
4 0.115013 0.32199 0.0164664 0.0278759 0.0010375
8 0.617572 0.520984 0.062801 0.251999 0.00102705
2 0.128053 0.274138 0.0447478 0.0844998 0.00102441
