15 0.7738 0.637864 0.0584345 0.114519 0.932736
4 0.699686 0.665466 0.0376831 0.0508483 0.861212
6 0.481234 0.646952 0.417085 0.504421 0.631425
4 0.738058 0.6533 0.0153428 0.0239329 0.621014
6 0.48178 0.46322 0.416252 0.874514 0.404296
4 0.68402 0.666628 0.0150175 0.0489427 0.27546
1 0.68832 0.505784 0.0130095 0.0322751 0.145575
4 0.482964 0.463946 0.411571 0.877929 0.0629953
4 0.722204 0.654547 0.0163788 0.0278644 0.0547333
4 0.689945 0.666032 0.0275391 0.0502811 0.0523448
4 0.716544 0.65956 0.0105787 0.0338594 0.0368065
15 0.738003 0.65354 0.0156471 0.027427 0.0145682
10 0.632608 0.367501 0.0179475 0.0571291 0.0137968
0 0.722204 0.654547 0.0163788 0.0278644 0.0108658
1 0.856912 0.577999 0.0113476 0.0472014 0.00992771
4 0.00655191 0.675311 0.0122799 0.0387625 0.00723909
8 0.737099 0.654837 0.0129687 0.0239998 0.00633022
0 0.716544 0.65956 0.0105787 0.0338594 0.00561586
1 0.632608 0.367501 0.0179475 0.0571291 0.00539579
22 0.632403 0.36764 0.0186094 0.0589871 0.00496478
4 0.481234 0.646952 0.417085 0.504421 0.00468091
0 0.737526 0.653474 0.0140702 0.0242614 0.00465428
6 0.773619 0.636212 0.0590483 0.11664 0.00449651
14 0.947035 0.639233 0.0107925 0.020653 0.00399988
15 0.743938 0.638377 0.00782428 0.0355436 0.00380181
6 0.737526 0.653474 0.0140702 0.0242614 0.00372941
2 0.228679 0.535539 0.00990057 0.0212778 0.00370533
4 0.674163 0.66668 0.012542 0.0518339 0.0035705
4 0.00637904 0.708691 0.0120153 0.106837 0.00341933
1 0.15805 0.618868 0.00601897 0.0233414 0.00341691
5 0.737526 0.653474 0.0140702 0.0242614 0.00319567
1 0.858916 0.584884 0.0110842 0.0440165 0.00285702
0 0.68402 0.666628 0.0150175 0.0489427 0.00272078
15 0.75095 0.66059 0.014043 0.0666746 0.00224046
7 0.15805 0.618868 0.00601897 0.0233414 0.00181061
4 0.749335 0.642829 0.0103693 0.0357675 0.00156269
1 0.00716651 0.561219 0.0139087 0.19272 0.00149476
1 0.760078 0.579156 0.0236019 0.00983149 0.00148274
4 0.806903 0.667284 0.00680847 0.0187612 0.00129094
1 0.834728 0.582815 0.00837732 0.0222873 0.00128993
1 0.73098 0.633862 0.00762451 0.0236341 0.00119947
1 0.158222 0.610494 0.00707944 0.0374718 0.00119866
