4 0.317412 0.730587 0.126831 0.159961 0.930723
4 0.516568 0.745317 0.149565 0.178622 0.925354
1 0.548948 0.582114 0.0571732 0.0498616 0.91293
1 0.490525 0.6363 0.0283532 0.0214804 0.522634
7 0.540163 0.628031 0.00688342 0.015968 0.189763
7 0.556952 0.628192 0.00591791 0.0117976 0.178069
4 0.451059 0.697804 0.0178927 0.0267331 0.123762
7 0.47023 0.625035 0.0055946 0.0152492 0.121407
4 0.583432 0.69343 0.0180293 0.0245533 0.0670302
7 0.45211 0.625071 0.00775757 0.0137029 0.0497091
1 0.540163 0.628031 0.00688342 0.015968 0.0456354
1 0.538127 0.627481 0.0119458 0.0175103 0.0439392
1 0.600177 0.568322 0.0115396 0.0351383 0.038988
7 0.538127 0.627481 0.0119458 0.0175103 0.0377676
4 0.451112 0.692858 0.0128156 0.0189947 0.0357951
1 0.498858 0.635533 0.0141858 0.021932 0.0310818
1 0.464276 0.669055 0.0126251 0.0174365 0.0271494
4 0.461276 0.673301 0.0188987 0.0164006 0.0260455
4 0.454569 0.69793 0.0263941 0.0570431 0.0220193
4 0.453871 0.713568 0.0230896 0.0574271 0.0208432
4 0.582443 0.69661 0.0186623 0.0384376 0.0196507
1 0.563662 0.625796 0.0138887 0.0110949 0.0179024
1 0.47621 0.652257 0.0114156 0.0200911 0.0162102
7 0.563662 0.625796 0.0138887 0.0110949 0.0161221
1 0.463612 0.672941 0.0118177 0.0164743 0.0160415
7 0.464096 0.627458 0.0100781 0.0129226 0.0158844
1 0.556952 0.628192 0.00591791 0.0117976 0.0141326
4 0.455425 0.684078 0.0170794 0.0211904 0.0140353
7 0.557115 0.635616 0.0049538 0.0126096 0.0133767
22 0.54866 0.581811 0.0568475 0.0492849 0.0128169
1 0.51606 0.649709 0.0127238 0.0160627 0.0125528
7 0.447948 0.623727 0.00955569 0.0142565 0.0113669
7 0.598125 0.56387 0.0106069 0.0193133 0.00924218
1 0.598125 0.56387 0.0106069 0.0193133 0.00884176
1 0.430743 0.653192 0.0094631 0.0217092 0.00749686
1 0.558719 0.628298 0.011751 0.0135043 0.00721462
1 0.464096 0.627458 0.0100781 0.0129226 0.00713466
1 0.51855 0.653185 0.00878766 0.0148051 0.00712537
7 0.600177 0.568322 0.0115396 0.0351383 0.00698248
4 0.433589 0.698887 0.0127861 0.018037 0.00697374
7 0.540239 0.632717 0.00794672 0.0180033 0.00689242
1 0.593374 0.575726 0.0210576 0.0370326 0.00675625
1 0.317132 0.601324 0.018709 0.0263477 0.00615554
7 0.53597 0.625358 0.0105701 0.0143108 0.00605883
2 0.830012 0.258046 0.0220857 0.0205144 0.00523568
4 0.448885 0.688354 0.0149988 0.0234103 0.00489264
6 0.463612 0.672941 0.0118177 0.0164743 0.00485536
7 0.558719 0.628298 0.011751 0.0135043 0.0045965
1 0.48604 0.64693 0.0318308 0.0306665 0.00448498
1 0.322299 0.595441 0.0140518 0.0267943 0.00417667
1 0.496791 0.632463 0.0183984 0.0191272 0.00385043
4 0.441332 0.699013 0.011043 0.0187175 0.00383458
14 0.772012 0.781008 0.0693749 0.107307 0.0036969
1 0.427452 0.649743 0.00870056 0.0207825 0.003692
1 0.454955 0.634754 0.00889081 0.0180081 0.00348851
1 0.540239 0.632717 0.00794672 0.0180033 0.00340446
1 0.461256 0.669061 0.0124523 0.0185951 0.003349
4 0.467192 0.67921 0.0321248 0.0457564 0.003292
6 0.455425 0.684078 0.0170794 0.0211904 0.00322079
1 0.557115 0.635616 0.0049538 0.0126096 0.00312473
1 0.55732 0.65114 0.0106322 0.0230524 0.00279831
1 0.44011 0.659299 0.0125266 0.0254461 0.00278668
8 0.538127 0.627481 0.0119458 0.0175103 0.00269838
7 0.51855 0.653185 0.00878766 0.0148051 0.00261958
1 0.470332 0.634769 0.00886984 0.017783 0.00231916
6 0.449677 0.697288 0.0155921 0.0246445 0.00222435
1 0.601433 0.558114 0.00976196 0.0257516 0.00220086
6 0.464276 0.669055 0.0126251 0.0174365 0.00220019
1 0.334179 0.560394 0.0115715 0.0293137 0.00210213
1 0.444008 0.643883 0.00847913 0.0362167 0.00210184
4 0.538127 0.627481 0.0119458 0.0175103 0.00200855
4 0.582222 0.707731 0.0191011 0.0495482 0.00199553
1 0.334293 0.534711 0.00945688 0.0196264 0.00184334
1 0.333489 0.545105 0.0115273 0.0294788 0.00181557
4 0.464034 0.699599 0.0453165 0.0766564 0.00180343
8 0.558719 0.628298 0.011751 0.0135043 0.00174292
2 0.334291 0.521738 0.00859491 0.0204738 0.0016299
7 0.59852 0.558252 0.0112749 0.0209418 0.00159709
2 0.276648 0.466234 0.00882782 0.0152114 0.00155325
4 0.464276 0.669055 0.0126251 0.0174365 0.00155321
2 0.321845 0.512011 0.00765225 0.0197248 0.00152222
4 0.577991 0.693274 0.0242885 0.0354591 0.00149921
4 0.558719 0.628298 0.011751 0.0135043 0.00144027
6 0.47621 0.652257 0.0114156 0.0200911 0.00142921
1 0.423261 0.653927 0.0134872 0.0176279 0.00142132
2 0.318301 0.530568 0.00604126 0.0109763 0.00136058
2 0.47023 0.625035 0.0055946 0.0152492 0.00134648
6 0.489443 0.636389 0.0292526 0.0250054 0.00126441
4 0.422081 0.698136 0.0129884 0.0226906 0.00126327
1 0.564159 0.642651 0.012303 0.00762509 0.00125916
4 0.581431 0.719663 0.0196036 0.0807551 0.00125367
0 0.582443 0.69661 0.0186623 0.0384376 0.00122635
6 0.48604 0.64693 0.0318308 0.0306665 0.00121519
1 0.53597 0.625358 0.0105701 0.0143108 0.00120716
4 0.575367 0.72718 0.0336224 0.115401 0.00115576
0 0.538127 0.627481 0.0119458 0.0175103 0.00115433
4 0.224474 0.717778 0.0699511 0.0337946 0.00115116
1 0.512119 0.631859 0.022917 0.0247977 0.0011398
7 0.601433 0.558114 0.00976196 0.0257516 0.00113531
4 0.563662 0.625796 0.0138887 0.0110949 0.00113079
1 0.4163 0.687141 0.00996079 0.0241069 0.00105527
6 0.448885 0.688354 0.0149988 0.0234103 0.00104115
14 0.726292 0.745577 0.0397325 0.0482178 0.00102717
