7 0.38557 0.1331 0.0404652 0.1555 0.862501
7 0.882765 0.612287 0.0389994 0.139352 0.797404
7 0.946262 0.606426 0.0375292 0.141005 0.737432
7 0.446186 0.154227 0.0510808 0.0737407 0.605019
7 0.457575 0.158551 0.0295757 0.0701022 0.488225
2 0.294057 0.656398 0.014264 0.0250244 0.425794
2 0.544653 0.650144 0.0101893 0.0171269 0.252025
2 0.543688 0.653569 0.010903 0.0192848 0.242762
1 0.106971 0.672568 0.0347755 0.0319261 0.213074
2 0.428158 0.63814 0.0099039 0.0158554 0.209807
2 0.933147 0.534824 0.0243828 0.0136107 0.11956
4 0.011469 0.81801 0.0202245 0.0217322 0.0841811
2 0.539834 0.365112 0.0154365 0.0317428 0.0812068
2 0.543582 0.363611 0.0132736 0.0286905 0.0737015
7 0.371867 0.0878217 0.0133105 0.0521532 0.0695141
2 0.396284 0.633676 0.0133003 0.0234353 0.0633529
2 0.400682 0.604614 0.0104248 0.01591 0.0602673
2 0.570089 0.316197 0.0211622 0.0185048 0.0440934
2 0.533226 0.36277 0.030623 0.0329114 0.0416612
2 0.309831 0.629085 0.00733868 0.0177108 0.0415472
2 0.605457 0.350439 0.00904272 0.0182108 0.0355789
7 0.436883 0.151852 0.03261 0.0704583 0.0334762
2 0.557281 0.362696 0.0133655 0.0229755 0.0320495
2 0.527979 0.622189 0.0067287 0.0152182 0.0260995
7 0.950427 0.660241 0.0190245 0.0630868 0.0237711
4 0.132332 0.816874 0.0295487 0.0242563 0.0216737
2 0.526719 0.396974 0.0100562 0.013481 0.0202412
2 0.398756 0.607576 0.0109668 0.018352 0.0172196
4 0.0188833 0.820187 0.0141303 0.0220792 0.0168557
1 0.385477 0.132458 0.0406803 0.157506 0.0168387
7 0.945529 0.655199 0.017525 0.0480828 0.0166618
8 0.0188833 0.820187 0.0141303 0.0220792 0.015499
2 0.362244 0.631158 0.00905658 0.0188857 0.0151661
2 0.538826 0.351325 0.0255439 0.0201598 0.0146911
0 0.0149306 0.817113 0.0173721 0.0202802 0.0144662
2 0.365158 0.63811 0.00959049 0.0131393 0.0138724
7 0.873463 0.601788 0.0282125 0.116714 0.0135498
8 0.0149306 0.817113 0.0173721 0.0202802 0.0118931
3 0.581956 0.865507 0.0155226 0.0652353 0.011347
10 0.385477 0.132458 0.0406803 0.157506 0.0110629
7 0.953423 0.670392 0.0204395 0.0800833 0.0107031
4 0.125698 0.818224 0.021165 0.0200598 0.0105128
2 0.315014 0.655522 0.00902994 0.014936 0.00978644
3 0.545695 0.805322 0.0310463 0.0490417 0.00962486
8 0.00895687 0.819981 0.0158964 0.019856 0.0088527
2 0.390622 0.633154 0.0117657 0.017634 0.00881726
2 0.530936 0.372717 0.0198979 0.019368 0.00878277
2 0.428269 0.632784 0.0105836 0.0196745 0.00809998
14 0.300394 0.821507 0.0141851 0.0433841 0.00801305
2 0.297486 0.657159 0.0191645 0.0291465 0.00795033
6 0.4124 0.759833 0.218866 0.225709 0.00773476
0 0.0188833 0.820187 0.0141303 0.0220792 0.00760121
8 0.132332 0.816874 0.0295487 0.0242563 0.00747889
2 0.550893 0.369712 0.0214222 0.0208105 0.00728024
2 0.914561 0.531164 0.012116 0.0160395 0.00708843
1 0.607077 0.550081 0.0246921 0.0797385 0.00700552
2 0.879458 0.563132 0.020904 0.0400424 0.00633812
2 0.630025 0.667073 0.00724921 0.0136223 0.00631318
4 0.023668 0.818602 0.0174667 0.0234207 0.00591523
2 0.563324 0.359638 0.0146256 0.0277467 0.00588653
8 0.208971 0.820997 0.0109038 0.0278768 0.00578469
2 0.295309 0.662207 0.017042 0.0358386 0.00561366
2 0.282803 0.619612 0.0081478 0.011418 0.00545095
8 0.386009 0.134446 0.0409734 0.153212 0.00499402
2 0.697213 0.65217 0.0136626 0.0343378 0.00491906
8 0.19429 0.819687 0.0240635 0.0244729 0.00481203
0 0.00895687 0.819981 0.0158964 0.019856 0.00476255
4 0.0485743 0.81817 0.0141544 0.022527 0.00461795
2 0.523329 0.620498 0.0106081 0.0130544 0.00453888
2 0.870615 0.558019 0.0203531 0.0269794 0.00437164
8 0.0485743 0.81817 0.0141544 0.022527 0.00436862
2 0.399362 0.633606 0.0131396 0.0221286 0.00372915
8 0.142517 0.820133 0.0274491 0.0209783 0.00368788
14 0.550267 0.804505 0.0341077 0.0493944 0.00368389
2 0.519626 0.609217 0.0138449 0.0150675 0.00365725
2 0.307507 0.64625 0.00706494 0.0139249 0.00346191
8 0.023668 0.818602 0.0174667 0.0234207 0.00337307
4 0.544689 0.803559 0.0390721 0.0511246 0.00333771
18 0.385477 0.132458 0.0406803 0.157506 0.00322068
2 0.536191 0.63286 0.00826404 0.014143 0.00310485
3 0.208971 0.820997 0.0109038 0.0278768 0.00307869
2 0.297578 0.630113 0.0114511 0.0172602 0.00305166
5 0.011469 0.81801 0.0202245 0.0217322 0.0030102
2 0.554129 0.349562 0.0153845 0.0244315 0.00300662
1 0.100278 0.771095 0.0240141 0.149005 0.00281317
2 0.314229 0.679058 0.00917682 0.021537 0.0027996
2 0.383623 0.627328 0.0115531 0.0256501 0.00274195
2 0.380884 0.609456 0.0067081 0.0116701 0.00269272
0 0.0485743 0.81817 0.0141544 0.022527 0.00261973
8 0.151863 0.82173 0.0135983 0.0205393 0.00257875
2 0.889497 0.69434 0.0167956 0.0216053 0.00255791
2 0.385839 0.634819 0.0122701 0.0202251 0.00253795
2 0.563071 0.324242 0.0220395 0.0352781 0.00244892
8 0.0543289 0.822026 0.0208712 0.025688 0.00234471
8 0.186532 0.821825 0.0179187 0.0201355 0.00233539
2 0.106818 0.671864 0.0351583 0.0328849 0.002257
2 0.931756 0.541106 0.0219819 0.0198806 0.00223481
4 0.144039 0.818163 0.0299327 0.0246136 0.00223036
1 0.437235 0.154076 0.0340096 0.0728784 0.00212245
8 0.125698 0.818224 0.021165 0.0200598 0.00212023
3 0.136791 0.817043 0.0336253 0.0240236 0.00210227
2 0.936233 0.67639 0.0251739 0.0202391 0.00208267
2 0.578207 0.490308 0.0104348 0.0134216 0.00203921
1 0.39167 0.0769703 0.0254188 0.0469085 0.00201637
2 0.289652 0.637517 0.010343 0.019669 0.00201192
2 0.523896 0.395421 0.0118416 0.018593 0.00200945
2 0.88736 0.585623 0.0258481 0.08881 0.00198972
7 0.936995 0.640859 0.029514 0.0739696 0.00198427
4 0.00257149 0.815627 0.00514299 0.0154288 0.00195947
8 0.0470575 0.820957 0.0245907 0.0257708 0.00192878
4 0.0350294 0.820265 0.0407734 0.0258831 0.00190909
8 0.883376 0.611281 0.0379629 0.138886 0.00185844
2 0.358441 0.643478 0.00928189 0.0129326 0.00185096
2 0.630651 0.672237 0.00706189 0.0144796 0.00183177
2 0.424542 0.637295 0.0126312 0.0146196 0.001826
2 0.592175 0.637235 0.00812097 0.0126321 0.00179543
1 0.360231 0.629835 0.0095076 0.0198385 0.00178958
14 0.151863 0.82173 0.0135983 0.0205393 0.00177147
2 0.360201 0.138695 0.0140219 0.015249 0.00171833
7 0.360231 0.629835 0.0095076 0.0198385 0.00167609
4 0.0734761 0.817839 0.0219153 0.0254118 0.00167324
3 0.19429 0.819687 0.0240635 0.0244729 0.00162848
7 0.90629 0.610483 0.0309137 0.144933 0.00162179
2 0.907618 0.533453 0.0137637 0.0144856 0.0016148
14 0.0543289 0.822026 0.0208712 0.025688 0.00158299
2 0.541712 0.659268 0.0132368 0.0341637 0.00157985
7 0.954695 0.610971 0.0338674 0.160176 0.00157945
7 0.970179 0.259317 0.0581733 0.152814 0.00155464
7 0.465351 0.170906 0.0354192 0.0584467 0.00154669
4 0.19429 0.819687 0.0240635 0.0244729 0.0015331
2 0.883047 0.611728 0.0393197 0.138931 0.0015154
1 0.396284 0.633676 0.0133003 0.0234353 0.00148117
2 0.57303 0.312998 0.0174093 0.0181863 0.00147429
3 0.186532 0.821825 0.0179187 0.0201355 0.0014741
4 0.186721 0.819873 0.0233846 0.0235794 0.00145397
14 0.539079 0.804431 0.0262209 0.0491332 0.00144885
4 0.0547898 0.820774 0.0341843 0.0251322 0.0014464
7 0.898263 0.659365 0.0286783 0.0491695 0.00143704
2 0.310053 0.693104 0.00956445 0.0312184 0.00140614
14 0.544516 0.807615 0.0213641 0.0475239 0.00140189
4 0.00807 0.804589 0.01614 0.0289496 0.0013793
3 0.144039 0.818163 0.0299327 0.0246136 0.00137644
4 0.0788825 0.816951 0.0163352 0.0237071 0.0013634
1 0.428158 0.63814 0.0099039 0.0158554 0.00134483
2 0.313351 0.625639 0.0103927 0.0107605 0.00133263
2 0.565865 0.34026 0.0172056 0.0340608 0.00133215
1 0.4124 0.759833 0.218866 0.225709 0.00129401
1 0.583296 0.724917 0.0277257 0.0352675 0.0012938
7 0.936643 0.606188 0.0289634 0.140971 0.00128698
2 0.596556 0.499355 0.0121304 0.0169916 0.00127289
0 0.023668 0.818602 0.0174667 0.0234207 0.00127155
5 0.413734 0.761126 0.219605 0.227595 0.00126573
14 0.413734 0.761126 0.219605 0.227595 0.00125103
2 0.900328 0.553747 0.015398 0.0273583 0.00125046
3 0.151863 0.82173 0.0135983 0.0205393 0.00124186
2 0.92043 0.678102 0.016847 0.0173072 0.00122731
3 0.0188833 0.820187 0.0141303 0.0220792 0.00121958
2 0.591184 0.630582 0.00826379 0.015974 0.00120647
14 0.209541 0.823636 0.0123022 0.0313496 0.00119358
3 0.00895687 0.819981 0.0158964 0.019856 0.00117123
2 0.524365 0.612865 0.0154515 0.0177996 0.00111163
0 0.208971 0.820997 0.0109038 0.0278768 0.00109448
7 0.39375 0.662892 0.0109742 0.0296425 0.00108275
4 0.554737 0.802691 0.0379074 0.0486017 0.00106136
7 0.947701 0.682786 0.0176086 0.0466714 0.00105957
2 0.360231 0.629835 0.0095076 0.0198385 0.00105912
2 0.526152 0.373948 0.0180947 0.0215656 0.00103677
2 0.598283 0.504982 0.0107084 0.0167642 0.00103209
22 0.882595 0.609705 0.0388969 0.135853 0.00102964
8 0.11889 0.820041 0.0106539 0.0190247 0.00102574
2 0.375195 0.70295 0.0165086 0.0147574 0.001025
14 0.186532 0.821825 0.0179187 0.0201355 0.00101233
2 0.582499 0.847393 0.0163383 0.0282941 0.00101185
4 0.130383 0.805814 0.0201235 0.0301888 0.00100435
