1 0.609044 0.4815 0.095738 0.0969945 0.932361
1 0.926134 0.583345 0.0236794 0.0632015 0.870966
4 0.44408 0.57188 0.220536 0.186485 0.799696
4 0.961698 0.657877 0.05534 0.0568816 0.778797
7 0.0994776 0.0779351 0.0367963 0.153305 0.769196
7 0.185384 0.0756117 0.0563716 0.0720788 0.747621
7 0.908386 0.404019 0.020348 0.055306 0.549395
7 0.991213 0.413882 0.015161 0.0288891 0.381876
6 0.641086 0.621151 0.13546 0.155305 0.360249
4 0.641615 0.619489 0.136581 0.157869 0.318552
1 0.121925 0.615788 0.0851343 0.0643266 0.303482
1 0.95724 0.601718 0.0103028 0.0253283 0.250698
1 0.873522 0.612498 0.0196967 0.0171079 0.229831
1 0.689508 0.568355 0.0143527 0.044101 0.123856
6 0.442577 0.573086 0.222608 0.18542 0.11168
4 0.681809 0.662727 0.0519389 0.0606845 0.106292
1 0.757945 0.606286 0.0104511 0.028599 0.102974
7 0.969984 0.547341 0.011368 0.0522037 0.0924182
1 0.969274 0.574544 0.0199323 0.0203403 0.0869638
7 0.0663778 0.59129 0.010541 0.0613113 0.0764819
15 0.44413 0.571866 0.217858 0.185672 0.0629834
4 0.625002 0.65476 0.0992451 0.0796519 0.0606451
15 0.641615 0.619489 0.136581 0.157869 0.0597224
7 0.592909 0.554968 0.0150497 0.0187454 0.0521813
1 0.556838 0.597627 0.00977881 0.0293192 0.0495344
1 0.678278 0.567167 0.0182579 0.0428397 0.0490723
7 0.969888 0.414604 0.0133175 0.02645 0.0473962
1 0.958176 0.575043 0.0109396 0.0249311 0.0440698
1 0.948215 0.581644 0.0190371 0.0520485 0.0416092
7 0.57814 0.569786 0.00664111 0.0118003 0.0369306
7 0.991256 0.423039 0.0150651 0.0484448 0.028728
7 0.0121007 0.0896554 0.0242014 0.061451 0.0279884
7 0.703583 0.586673 0.00835681 0.022709 0.0279008
7 0.28277 0.0728452 0.0342777 0.14569 0.0270581
4 0.597264 0.645924 0.0454587 0.0649075 0.0264748
7 0.675995 0.573131 0.0119183 0.0323787 0.0261858
7 0.968039 0.535497 0.00976947 0.0303864 0.0255576
2 0.0117217 0.081972 0.0234435 0.0580389 0.0250738
1 0.910028 0.58932 0.0112271 0.0312683 0.0224915
1 0.640553 0.620727 0.139803 0.15729 0.0172557
1 0.675995 0.573131 0.0119183 0.0323787 0.0170585
7 0.969546 0.425087 0.0149805 0.0464666 0.0170338
1 0.957661 0.588383 0.00947302 0.0280084 0.0169455
2 0.0117212 0.064505 0.0234424 0.0302446 0.0165236
4 0.307861 0.670963 0.0725944 0.0408186 0.0160773
7 0.557086 0.594853 0.00981195 0.0309327 0.0159015
2 0.25283 0.0434115 0.0191691 0.0259268 0.0155811
7 0.99136 0.398233 0.0145712 0.061745 0.0150745
15 0.383289 0.627597 0.0753853 0.0598093 0.0143402
7 0.570414 0.5735 0.00877484 0.0154835 0.0125931
6 0.688433 0.620452 0.034573 0.129925 0.0119457
1 0.066591 0.591487 0.010818 0.0582902 0.0118043
2 0.0277434 0.0638665 0.022712 0.0186872 0.0109316
4 0.382454 0.627248 0.0735856 0.0603848 0.010784
7 0.95478 0.392889 0.0142283 0.0264036 0.0106466
7 0.867577 0.461973 0.0087699 0.0155462 0.0103718
4 0.646114 0.654924 0.0579561 0.0769985 0.0103471
7 0.617688 0.554215 0.0160336 0.0152391 0.00970125
7 0.969274 0.574544 0.0199323 0.0203403 0.0093598
1 0.703583 0.586673 0.00835681 0.022709 0.00931161
2 0.540947 0.430829 0.00791516 0.0134602 0.00926919
4 0.289264 0.673875 0.0457562 0.0296109 0.00925208
7 0.690281 0.573194 0.0134651 0.0385313 0.00893267
22 0.804614 0.662618 0.0147244 0.0399437 0.00814084
4 0.802952 0.644474 0.0152007 0.0216281 0.00711214
4 0.685778 0.63622 0.0445475 0.107765 0.00706384
1 0.917612 0.583407 0.0178902 0.0614763 0.00688249
4 0.794894 0.62223 0.016251 0.0187397 0.00629497
4 0.799975 0.625823 0.0202836 0.0212611 0.00621801
1 0.291483 0.652526 0.0143654 0.0258245 0.00610716
1 0.588452 0.555524 0.0201282 0.0189023 0.00598003
7 0.903785 0.411826 0.0238455 0.0390899 0.00583791
1 0.793319 0.598641 0.00984509 0.0294332 0.00573866
7 0.588452 0.555524 0.0201282 0.0189023 0.0056666
15 0.688433 0.620452 0.034573 0.129925 0.00548613
22 0.437606 0.790551 0.0344907 0.0813637 0.00536499
7 0.0201187 0.083993 0.0398738 0.0989206 0.00518285
7 0.968697 0.405354 0.0154671 0.0304295 0.00517948
1 0.794685 0.588777 0.00676025 0.0193288 0.00508056
7 0.397064 0.54792 0.0112248 0.0212505 0.00505674
4 0.804614 0.662618 0.0147244 0.0399437 0.00478536
4 0.334918 0.676968 0.0183331 0.0270344 0.00454239
0 0.661893 0.658601 0.0278306 0.078515 0.00442016
7 0.645902 0.558169 0.0148058 0.0297301 0.00437327
7 0.794685 0.588777 0.00676025 0.0193288 0.0041087
7 0.00774901 0.459903 0.015498 0.030851 0.00410744
7 0.988401 0.405046 0.0209518 0.0473927 0.00383749
1 0.442577 0.573086 0.222608 0.18542 0.00362657
7 0.910673 0.390984 0.0189125 0.0762599 0.00348065
0 0.709662 0.174169 0.1718 0.337769 0.00343938
1 0.791793 0.593549 0.0128545 0.0273478 0.00315197
1 0.158205 0.597102 0.0706716 0.0697828 0.00312435
4 0.324473 0.671666 0.0354174 0.03628 0.00306384
8 0.661893 0.658601 0.0278306 0.078515 0.00304719
7 0.633638 0.562626 0.00707886 0.0149498 0.00303361
7 0.585584 0.558033 0.0106802 0.0217265 0.00299028
7 0.675692 0.566988 0.0157457 0.0371039 0.00297839
22 0.910397 0.401657 0.0190902 0.0656054 0.00296191
8 0.804614 0.662618 0.0147244 0.0399437 0.00295166
6 0.681302 0.626621 0.021524 0.111029 0.00293697
7 0.957913 0.600435 0.0104579 0.0319907 0.00281889
7 0.577535 0.576734 0.0087865 0.019598 0.00275226
4 0.664112 0.649809 0.0262575 0.0658279 0.00274496
4 0.964484 0.68728 0.0619383 0.117523 0.00271781
7 0.702696 0.57014 0.00948273 0.0425848 0.00258483
2 0.450298 0.532375 0.0142267 0.0202839 0.00256084
4 0.0865924 0.671345 0.051468 0.0288021 0.002551
8 0.802952 0.644474 0.0152007 0.0216281 0.00252686
4 0.701046 0.649865 0.0125313 0.0349204 0.0025266
4 0.563578 0.670151 0.0470268 0.0480508 0.00252335
4 0.808397 0.629974 0.0227956 0.0260116 0.0025219
2 0.0284943 0.0710998 0.0211132 0.0285782 0.00249678
1 0.962708 0.606614 0.0148155 0.0238992 0.00242695
2 0.0209493 0.0674248 0.0371816 0.0261352 0.00231555
4 0.815192 0.623784 0.0195787 0.019531 0.00229296
4 0.545894 0.677661 0.0123871 0.026788 0.00228461
7 0.705016 0.605994 0.0109889 0.0569176 0.00227103
7 0.642299 0.58597 0.00914697 0.0228784 0.00226097
4 0.295621 0.660384 0.0231834 0.0335327 0.00220597
7 0.557832 0.575222 0.0129788 0.0253454 0.00218224
7 0.681302 0.626621 0.021524 0.111029 0.00216031
1 0.617688 0.554215 0.0160336 0.0152391 0.00203764
7 0.565381 0.578724 0.008401 0.0151364 0.00195332
1 0.14199 0.577403 0.0951565 0.047737 0.00195248
1 0.856404 0.592409 0.012494 0.0372918 0.00189133
4 0.794041 0.631433 0.0246407 0.0243886 0.00188848
4 0.965566 0.630516 0.0126287 0.0161895 0.00187097
1 0.558496 0.593909 0.00988342 0.0320041 0.0018578
7 0.0209493 0.0674248 0.0371816 0.0261352 0.00185142
0 0.606236 0.658629 0.0227535 0.0815883 0.00184315
7 0.606549 0.554186 0.00886578 0.0149997 0.00180315
7 0.605954 0.554642 0.0370551 0.0244785 0.00179679
4 0.569433 0.653316 0.0328279 0.0538035 0.00179362
1 0.758039 0.595629 0.0106829 0.0217261 0.00178757
1 0.846526 0.629252 0.00879108 0.0165681 0.00178703
4 0.291483 0.652526 0.0143654 0.0258245 0.00171912
7 0.0245656 0.0822345 0.0474529 0.149432 0.00166003
7 0.964406 0.408909 0.0227232 0.0292269 0.00165578
1 0.679272 0.560627 0.0251561 0.0341442 0.0016478
13 0.291483 0.652526 0.0143654 0.0258245 0.0015857
7 0.793319 0.598641 0.00984509 0.0294332 0.00158257
2 0.727603 0.523227 0.0079729 0.0149649 0.00152003
1 0.794894 0.62223 0.016251 0.0187397 0.00151083
7 0.557409 0.630523 0.00975104 0.0214092 0.00149799
1 0.644809 0.557396 0.0169534 0.0293043 0.00148271
7 0.420877 0.536602 0.0201321 0.0526855 0.00142759
8 0.679172 0.660179 0.0573314 0.0725997 0.0014194
7 0.901273 0.421824 0.0201479 0.0363837 0.00140576
1 0.166994 0.570416 0.0513049 0.0399202 0.00139005
1 0.642299 0.58597 0.00914697 0.0228784 0.00137897
7 0.634671 0.556032 0.0121628 0.020065 0.00137474
6 0.121651 0.617316 0.0853704 0.0643084 0.00135316
15 0.681302 0.626621 0.021524 0.111029 0.00134497
7 0.252813 0.0703922 0.0341667 0.137503 0.00133948
4 0.877376 0.640919 0.0140989 0.0188346 0.00132995
0 0.802952 0.644474 0.0152007 0.0216281 0.00129745
1 0.993632 0.556305 0.00945013 0.0272261 0.00128713
1 0.138422 0.608329 0.11467 0.0715238 0.00124798
4 0.0764904 0.663576 0.0316657 0.0327489 0.00119331
7 0.267275 0.0691052 0.0348542 0.130615 0.0011389
1 0.588981 0.517571 0.0496823 0.0250605 0.00111289
1 0.968749 0.563922 0.0210572 0.0381043 0.00111011
4 0.876146 0.663789 0.0207942 0.0421463 0.00110686
7 0.992836 0.382085 0.0119868 0.0563902 0.00109335
8 0.648512 0.656579 0.0459426 0.080899 0.00107183
2 0.691436 0.525992 0.00848877 0.0209335 0.00107176
4 0.287325 0.665079 0.0451981 0.0295928 0.00106437
1 0.705016 0.605994 0.0109889 0.0569176 0.00104901
7 0.958176 0.575043 0.0109396 0.0249311 0.00104786
1 0.152244 0.571503 0.0771618 0.0373157 0.00104364
4 0.5592 0.642223 0.0195126 0.0540357 0.00104114
2 0.540572 0.425838 0.00849481 0.0179912 0.00104029
1 0.861947 0.602783 0.0176873 0.0361434 0.00103238
7 0.691436 0.525992 0.00848877 0.0209335 0.00102691
1 0.162796 0.369216 0.0683313 0.0725582 0.00102539
22 0.343804 0.824101 0.0289117 0.0722728 0.00102244
1 0.691011 0.527684 0.0153031 0.0276007 0.00101803
1 0.130444 0.593304 0.0708352 0.0242077 0.00101696
0 0.588452 0.555524 0.0201282 0.0189023 0.00101179
