0 0.386552 0.727716 0.0997618 0.369232 0.874799
0 0.286501 0.722785 0.121617 0.389301 0.872706
0 0.575641 0.651212 0.0825058 0.265433 0.77827
17 0.58619 0.532915 0.0359387 0.0290477 0.714726
4 0.155622 0.545083 0.024731 0.0338284 0.464965
5 0.10042 0.616733 0.0648257 0.131299 0.454091
4 0.265714 0.66363 0.255664 0.431528 0.365291
1 0.450652 0.379636 0.0471308 0.0728285 0.345336
5 0.253512 0.662818 0.231937 0.436356 0.312712
17 0.584078 0.536387 0.0494757 0.0368376 0.217761
4 0.925277 0.615788 0.059097 0.0236465 0.217395
4 0.176428 0.546911 0.0210482 0.0219559 0.156898
8 0.109653 0.60728 0.0563882 0.112874 0.104927
8 0.0970867 0.612853 0.0567743 0.138211 0.0879877
14 0.924422 0.615665 0.0576093 0.0230796 0.0808258
5 0.0996962 0.583455 0.0714643 0.0814795 0.0709299
4 0.178434 0.540597 0.0259676 0.0252038 0.0568576
5 0.430957 0.680608 0.184553 0.238572 0.0526065
8 0.331087 0.771071 0.131009 0.26225 0.0502973
8 0.127742 0.611803 0.0340899 0.0956577 0.0457729
0 0.345144 0.720449 0.0890453 0.378626 0.0348569
4 0.18805 0.540219 0.014472 0.0208628 0.0326033
4 0.108006 0.596892 0.0571885 0.0992197 0.0322229
4 0.173987 0.53868 0.0177488 0.0268592 0.0318846
4 0.00903087 0.557244 0.0180346 0.0521173 0.0314857
0 0.557144 0.694321 0.0511674 0.166809 0.027138
10 0.338819 0.641191 0.0116359 0.0386793 0.0266158
0 0.108175 0.60467 0.0561311 0.114767 0.0257553
20 0.338819 0.641191 0.0116359 0.0386793 0.0215181
4 0.0675159 0.565325 0.0167787 0.0260699 0.0213275
17 0.589886 0.56057 0.0469648 0.0856668 0.0212625
4 0.0898163 0.57362 0.0567323 0.0814149 0.0170659
20 0.555865 0.612467 0.027988 0.0183872 0.0158159
4 0.0752833 0.565472 0.0304091 0.0314325 0.0153614
10 0.335945 0.639947 0.0156918 0.0504545 0.0151955
9 0.348536 0.715742 0.0736465 0.143393 0.0144654
8 0.133952 0.614729 0.0296215 0.0831962 0.0136535
0 0.124285 0.611258 0.0361468 0.0929977 0.0131936
0 0.0909392 0.611812 0.0473991 0.129741 0.0131333
20 0.339437 0.627185 0.0121176 0.0344415 0.0112873
9 0.241227 0.670139 0.0294805 0.105873 0.010938
20 0.556122 0.616991 0.0319655 0.0239341 0.0108232
4 0.169766 0.554034 0.0390075 0.0398869 0.0107688
4 0.176268 0.554371 0.0235406 0.033319 0.0105598
10 0.339437 0.627185 0.0121176 0.0344415 0.0103581
4 0.124406 0.563906 0.0265998 0.029772 0.0102277
20 0.335945 0.639947 0.0156918 0.0504545 0.00978677
4 0.00855134 0.546246 0.0171027 0.0407909 0.00975896
5 0.924422 0.615665 0.0576093 0.0230796 0.00967375
0 0.388667 0.609883 0.0183042 0.0424408 0.00960824
15 0.03557 0.524949 0.0398985 0.0171086 0.00960664
15 0.00903087 0.557244 0.0180346 0.0521173 0.00927265
4 0.152324 0.54056 0.0217824 0.030163 0.00829842
5 0.0752833 0.565472 0.0304091 0.0314325 0.00779715
4 0.032972 0.529429 0.0470709 0.0256164 0.00767229
5 0.108006 0.596892 0.0571885 0.0992197 0.00696298
25 0.00855134 0.546246 0.0171027 0.0407909 0.0065681
8 0.11019 0.620608 0.0411926 0.104155 0.00649506
4 0.12533 0.557754 0.0217494 0.0254504 0.00647163
5 0.0711264 0.585305 0.0200085 0.0622501 0.00640192
0 0.384274 0.607267 0.0203024 0.0486952 0.00618469
8 0.43437 0.680471 0.174653 0.245214 0.00608879
25 0.032972 0.529429 0.0470709 0.0256164 0.00606376
9 0.591572 0.676625 0.0238326 0.0448687 0.00603405
11 0.591787 0.66841 0.0296249 0.055519 0.00600928
13 0.58619 0.532915 0.0359387 0.0290477 0.00600152
4 0.0967867 0.553377 0.0502263 0.0342295 0.00598417
4 0.103186 0.579954 0.0611863 0.070035 0.00587178
4 0.0349139 0.523945 0.0380448 0.0146919 0.00585803
5 0.0898163 0.57362 0.0567323 0.0814149 0.00574829
25 0.0349139 0.523945 0.0380448 0.0146919 0.00566944
3 0.133952 0.614729 0.0296215 0.0831962 0.00544288
25 0.00903087 0.557244 0.0180346 0.0521173 0.00531056
15 0.0950324 0.562861 0.0583819 0.0633884 0.00510901
20 0.548755 0.611923 0.0175948 0.016313 0.00506074
4 0.0715511 0.585923 0.0201257 0.0635142 0.0050557
5 0.0873547 0.585371 0.0442865 0.07707 0.00501603
9 0.591787 0.66841 0.0296249 0.055519 0.00493177
2 0.364955 0.541323 0.0121509 0.0162886 0.00476578
4 0.118874 0.553579 0.02399 0.0257353 0.0045818
3 0.124285 0.611258 0.0361468 0.0929977 0.00450696
19 0.10042 0.616733 0.0648257 0.131299 0.00450425
12 0.00921878 0.560538 0.0179526 0.0599082 0.00440659
1 0.132944 0.517967 0.0288038 0.0290217 0.00439753
7 0.0744419 0.467358 0.0172136 0.0157569 0.00434426
5 0.00921878 0.560538 0.0179526 0.0599082 0.00423993
15 0.155886 0.542875 0.0244387 0.0367167 0.00420962
9 0.572821 0.659843 0.0686232 0.0985928 0.00414077
0 0.0873547 0.585371 0.0442865 0.07707 0.00412912
10 0.325423 0.6449 0.0508904 0.0725266 0.00399973
4 0.117849 0.559843 0.0535572 0.0382946 0.0039947
42 0.269496 0.525458 0.0645043 0.0595195 0.00394631
11 0.600953 0.649068 0.0269 0.0582632 0.00392109
32 0.923999 0.615512 0.0574998 0.0232091 0.00387555
18 0.0970867 0.612853 0.0567743 0.138211 0.00386685
20 0.337999 0.648546 0.017522 0.046036 0.00384414
14 0.102754 0.604188 0.0523773 0.108038 0.00382878
0 0.0711264 0.585305 0.0200085 0.0622501 0.00371827
2 0.490829 0.570017 0.0192582 0.0179433 0.00361526
1 0.155886 0.542875 0.0244387 0.0367167 0.00360682
4 0.129106 0.534892 0.0201902 0.0204373 0.00355955
17 0.548755 0.611923 0.0175948 0.016313 0.00354257
20 0.591572 0.676625 0.0238326 0.0448687 0.00345304
20 0.561621 0.617952 0.0425068 0.0299488 0.00325999
0 0.133952 0.614729 0.0296215 0.0831962 0.00316514
0 0.14097 0.558367 0.0129048 0.0495113 0.00306308
4 0.0873547 0.585371 0.0442865 0.07707 0.00300272
9 0.600953 0.649068 0.0269 0.0582632 0.00294545
3 0.0970867 0.612853 0.0567743 0.138211 0.00292717
0 0.264483 0.627035 0.0641645 0.178158 0.00289978
4 0.102576 0.557389 0.0638868 0.0522306 0.0028777
0 0.361393 0.585634 0.0269639 0.0792378 0.00287677
0 0.076926 0.606849 0.0276126 0.108988 0.00285376
8 0.0715511 0.585923 0.0201257 0.0635142 0.0028
4 0.14097 0.558367 0.0129048 0.0495113 0.00265448
0 0.370051 0.593458 0.0233571 0.0633399 0.00264887
3 0.109653 0.60728 0.0563882 0.112874 0.00264582
42 0.0675159 0.565325 0.0167787 0.0260699 0.00261321
13 0.584078 0.536387 0.0494757 0.0368376 0.00254851
8 0.0873547 0.585371 0.0442865 0.07707 0.0025026
5 0.331087 0.771071 0.131009 0.26225 0.00249235
17 0.294453 0.547494 0.0429672 0.0316872 0.00247153
2 0.567984 0.288382 0.00930115 0.0141406 0.00246345
0 0.393372 0.590201 0.0340707 0.0828611 0.00244801
9 0.599298 0.67978 0.0208707 0.0415902 0.00243691
9 0.246984 0.656659 0.0398399 0.121288 0.00240872
5 0.328219 0.649425 0.383103 0.383355 0.00232712
11 0.572821 0.659843 0.0686232 0.0985928 0.00230767
4 0.0749409 0.556215 0.0341403 0.0433422 0.00229497
0 0.105596 0.532766 0.00927631 0.0145693 0.00221565
10 0.337999 0.648546 0.017522 0.046036 0.00220915
0 0.590569 0.572739 0.0474307 0.10852 0.00220159
17 0.553163 0.620131 0.0284686 0.0294753 0.00215998
1 0.0100062 0.55656 0.0178664 0.05238 0.00210864
1 0.105596 0.532766 0.00927631 0.0145693 0.00205666
20 0.381249 0.61678 0.011104 0.0297947 0.0020022
15 0.0383997 0.546504 0.0409275 0.0546143 0.0019867
8 0.137102 0.601804 0.0221593 0.0818207 0.00197915
20 0.356322 0.653149 0.0262538 0.0256999 0.00197202
9 0.32114 0.644059 0.0478618 0.0784149 0.00194373
0 0.384406 0.588428 0.0271723 0.0821507 0.00194209
13 0.556122 0.616991 0.0319655 0.0239341 0.00191821
2 0.188647 0.53769 0.0120222 0.0185193 0.00187297
9 0.337999 0.648546 0.017522 0.046036 0.00187085
4 0.134487 0.526085 0.0181028 0.0235049 0.00185768
4 0.114602 0.535745 0.0132888 0.0163314 0.0018462
4 0.112329 0.526757 0.0146214 0.0172827 0.00183556
0 0.137102 0.601804 0.0221593 0.0818207 0.00183086
0 0.597578 0.581162 0.033958 0.0895124 0.00178765
6 0.00921878 0.560538 0.0179526 0.0599082 0.00177233
5 0.102576 0.557389 0.0638868 0.0522306 0.00176467
15 0.18805 0.540219 0.014472 0.0208628 0.00175634
8 0.924501 0.614801 0.0582129 0.0256052 0.00174728
8 0.076926 0.606849 0.0276126 0.108988 0.00173126
20 0.350003 0.647893 0.0219432 0.0282158 0.00173048
12 0.0894348 0.561272 0.0503991 0.0614531 0.00168499
6 0.0950324 0.562861 0.0583819 0.0633884 0.00167911
11 0.591572 0.676625 0.0238326 0.0448687 0.00167209
20 0.332477 0.604148 0.0627208 0.0635215 0.00163998
20 0.325423 0.6449 0.0508904 0.0725266 0.00162284
3 0.43437 0.680471 0.174653 0.245214 0.00161049
20 0.363628 0.655403 0.0296815 0.0255529 0.00160728
11 0.595795 0.645791 0.0313814 0.0711277 0.00154571
39 0.591572 0.676625 0.0238326 0.0448687 0.00153938
5 0.117849 0.559843 0.0535572 0.0382946 0.00153823
4 0.0357452 0.518953 0.0313296 0.0170288 0.0015338
4 0.0896302 0.537727 0.0371376 0.0199418 0.00150128
22 0.591467 0.73603 0.0158948 0.0765315 0.00149181
9 0.595795 0.645791 0.0313814 0.0711277 0.00148061
10 0.561621 0.617952 0.0425068 0.0299488 0.00145178
1 0.114602 0.535745 0.0132888 0.0163314 0.00145169
18 0.924269 0.615114 0.0583989 0.0252666 0.00144443
12 0.155162 0.546404 0.0262886 0.0380319 0.00144341
34 0.586984 0.533912 0.0347746 0.0306014 0.0014043
14 0.00836963 0.564326 0.0162369 0.063549 0.00138861
17 0.286567 0.556742 0.0730259 0.0454442 0.00138824
0 0.584078 0.536387 0.0494757 0.0368376 0.00138443
11 0.601933 0.625183 0.0295117 0.0719612 0.00138163
14 0.853032 0.565721 0.01239 0.0307929 0.00138015
13 0.561621 0.617952 0.0425068 0.0299488 0.00137683
4 0.921726 0.627961 0.0649194 0.0475983 0.0013697
1 0.176428 0.546911 0.0210482 0.0219559 0.00136017
1 0.00768413 0.498296 0.014968 0.0261512 0.00134942
15 0.178434 0.540597 0.0259676 0.0252038 0.00134073
0 0.0675159 0.565325 0.0167787 0.0260699 0.00132862
0 0.267282 0.60104 0.0496964 0.127034 0.00131874
12 0.0383997 0.546504 0.0409275 0.0546143 0.0013037
14 0.884069 0.606034 0.0244411 0.0366565 0.00129633
17 0.555865 0.612467 0.027988 0.0183872 0.00129254
9 0.601933 0.625183 0.0295117 0.0719612 0.0012789
6 0.155886 0.542875 0.0244387 0.0367167 0.00125486
1 0.188647 0.53769 0.0120222 0.0185193 0.00125193
1 0.421983 0.396078 0.0957806 0.0826325 0.00124099
7 0.105596 0.532766 0.00927631 0.0145693 0.00123667
0 0.353441 0.58332 0.0357382 0.0767488 0.00120363
15 0.0967867 0.553377 0.0502263 0.0342295 0.00120087
2 0.534003 0.319399 0.0116293 0.0175547 0.00118894
0 0.0967867 0.553377 0.0502263 0.0342295 0.00118449
0 0.124406 0.563906 0.0265998 0.029772 0.00117736
4 0.105596 0.532766 0.00927631 0.0145693 0.00117672
1 0.0187161 0.501323 0.0114929 0.0292488 0.00116213
0 0.114602 0.535745 0.0132888 0.0163314 0.00116044
25 0.0950324 0.562861 0.0583819 0.0633884 0.00115629
9 0.346608 0.672532 0.0729351 0.140501 0.00115573
15 0.173987 0.53868 0.0177488 0.0268592 0.00113624
42 0.124406 0.563906 0.0265998 0.029772 0.00113203
1 0.00575922 0.516448 0.0110433 0.0196813 0.00113116
4 0.0345802 0.555062 0.0449378 0.0485698 0.00112858
2 0.552917 0.314722 0.0494478 0.0251505 0.00111813
10 0.192183 0.684654 0.016038 0.0649397 0.00111212
15 0.176428 0.546911 0.0210482 0.0219559 0.00110188
13 0.124406 0.563906 0.0265998 0.029772 0.00109395
3 0.137102 0.601804 0.0221593 0.0818207 0.00108885
9 0.269635 0.667296 0.0992499 0.128942 0.00107819
2 0.484914 0.571821 0.0236479 0.0183119 0.00107365
4 0.167436 0.584703 0.0450485 0.0946225 0.00106891
20 0.368688 0.619639 0.00948596 0.0238017 0.00106197
1 0.173987 0.53868 0.0177488 0.0268592 0.00105893
15 0.0371554 0.535259 0.0446352 0.0323429 0.00105649
0 0.118874 0.553579 0.02399 0.0257353 0.00105362
2 0.489661 0.55517 0.0131553 0.0293054 0.00104835
22 0.138021 0.626308 0.0307581 0.0911514 0.00104545
1 0.0914465 0.519337 0.0126506 0.0181904 0.00103787
1 0.0274327 0.446511 0.0183985 0.048288 0.00102735
15 0.032972 0.529429 0.0470709 0.0256164 0.00101615
4 0.0599527 0.562922 0.0139776 0.02731 0.00101014
0 0.381249 0.61678 0.011104 0.0297947 0.00100371
10 0.356322 0.653149 0.0262538 0.0256999 0.0010024
