22 0.212581 0.602389 0.0430254 0.131946 0.898005
4 0.0439017 0.471172 0.0878035 0.0976213 0.877282
22 0.332806 0.571982 0.0364694 0.0989743 0.869956
22 0.268784 0.588223 0.0386282 0.111839 0.860498
22 0.383846 0.559441 0.0308697 0.0846155 0.853037
22 0.484406 0.532422 0.0246023 0.0713669 0.832696
22 0.461016 0.535178 0.0241341 0.0783683 0.830761
22 0.42715 0.544586 0.0280689 0.0834513 0.789973
22 0.0676644 0.520224 0.0226402 0.0643963 0.720391
0 0.365179 0.474259 0.0262675 0.155876 0.666988
1 0.638965 0.501331 0.0106194 0.0820105 0.646803
0 0.421756 0.437295 0.0164084 0.0739768 0.511328
1 0.665246 0.496414 0.035184 0.119059 0.4757
0 0.400787 0.451266 0.0186956 0.109791 0.398892
0 0.592014 0.442413 0.00842615 0.0299901 0.31008
22 0.496061 0.52528 0.0123266 0.0829875 0.283674
22 0.538358 0.515418 0.0208165 0.0618219 0.264067
0 0.604739 0.448675 0.011551 0.0337725 0.256893
1 0.0710504 0.387402 0.0126003 0.0712713 0.240792
0 0.632855 0.4267 0.010064 0.0283344 0.239671
0 0.633541 0.442523 0.00883453 0.0357278 0.208065
0 0.653736 0.429791 0.00827936 0.0233264 0.202093
2 0.112763 0.399719 0.0627657 0.0600025 0.196011
0 0.652512 0.435266 0.009771 0.0223475 0.193823
1 0.642799 0.407433 0.012277 0.0350403 0.19082
22 0.0732576 0.525246 0.0188352 0.048928 0.16553
22 0.496246 0.499594 0.0112048 0.0794276 0.156576
0 0.0518541 0.438068 0.010265 0.0251 0.151284
22 0.249001 0.536498 0.0157388 0.0316611 0.145964
0 0.600275 0.442976 0.00783637 0.0371285 0.130583
0 0.592086 0.433025 0.00897357 0.0326485 0.121527
0 0.608717 0.438137 0.0094754 0.0303685 0.120249
22 0.519991 0.488198 0.0118651 0.0451411 0.117178
0 0.399675 0.421805 0.0127802 0.0499322 0.0837524
0 0.619106 0.425152 0.0100311 0.0272026 0.0715347
0 0.458141 0.420727 0.0102653 0.0526443 0.0695584
0 0.434069 0.43045 0.01447 0.059708 0.0692552
17 0.42691 0.408185 0.012868 0.0204788 0.0633729
0 0.558703 0.423447 0.0102386 0.0201843 0.0632753
0 0.439148 0.419845 0.0120825 0.0475962 0.063035
8 0.592014 0.442413 0.00842615 0.0299901 0.0622203
1 0.63667 0.498336 0.0110043 0.0710009 0.0608357
25 0.112509 0.405777 0.0636985 0.0731852 0.0605681
2 0.128121 0.425987 0.0215224 0.0263279 0.0590951
0 0.048979 0.431905 0.0107247 0.0233095 0.0575351
22 0.213878 0.516063 0.0124634 0.031543 0.0552148
2 0.15285 0.440487 0.0105182 0.0198563 0.0527047
0 0.429227 0.477191 0.0123806 0.0670663 0.0525416
0 0.607728 0.425042 0.00887952 0.0268331 0.0522944
0 0.583975 0.447622 0.00994006 0.0219778 0.043847
0 0.538532 0.45339 0.0189462 0.0246438 0.0428853
0 0.615788 0.436584 0.00894806 0.0192488 0.0411009
0 0.641731 0.436976 0.00787085 0.0208708 0.0401563
22 0.5646 0.500303 0.0140772 0.0752063 0.0393196
8 0.604739 0.448675 0.011551 0.0337725 0.0357409
1 0.211472 0.423266 0.0111434 0.0185155 0.0350847
2 0.166709 0.438453 0.00930963 0.0172675 0.0304028
7 0.0708024 0.387766 0.0127816 0.0719031 0.02977
0 0.644952 0.427915 0.0104543 0.0190202 0.0297496
0 0.549205 0.444559 0.00998389 0.0385651 0.0285719
3 0.604684 0.453626 0.0118248 0.0295997 0.0285563
22 0.0755212 0.50114 0.0134047 0.0343829 0.0277692
22 0.517289 0.490176 0.0125393 0.0472349 0.0267833
22 0.495918 0.47254 0.0102381 0.0432263 0.0255877
1 0.569988 0.405377 0.0102907 0.0226175 0.0245735
0 0.559716 0.435863 0.0132288 0.0345318 0.0239674
0 0.56901 0.425522 0.00995752 0.0162204 0.0230932
0 0.42691 0.408185 0.012868 0.0204788 0.0228972
0 0.635123 0.430915 0.00836432 0.0307183 0.0225683
42 0.112763 0.399719 0.0627657 0.0600025 0.0224547
8 0.641731 0.436976 0.00787085 0.0208708 0.0221282
8 0.652512 0.435266 0.009771 0.0223475 0.0218492
4 0.0767906 0.493181 0.018704 0.0351374 0.021585
0 0.556075 0.435264 0.0175024 0.0396788 0.0213829
2 0.127329 0.435763 0.0227078 0.0321603 0.0211841
12 0.0108644 0.403747 0.0217289 0.0497382 0.021063
8 0.633541 0.442523 0.00883453 0.0357278 0.0207991
0 0.568868 0.437997 0.010869 0.0294154 0.0206509
2 0.0450564 0.351259 0.00620004 0.0108499 0.020295
1 0.166709 0.438453 0.00930963 0.0172675 0.0195472
2 0.16282 0.439312 0.00894309 0.0187703 0.018969
0 0.15285 0.440487 0.0105182 0.0198563 0.0189288
0 0.410996 0.452109 0.00814093 0.091083 0.0183735
0 0.437718 0.42773 0.0131021 0.0554024 0.0177061
22 0.400798 0.462243 0.0187416 0.0892699 0.017396
22 0.098091 0.67114 0.0230268 0.0706887 0.0170808
17 0.365527 0.410784 0.0170983 0.0281373 0.0164199
1 0.127329 0.435763 0.0227078 0.0321603 0.0161709
2 0.0451336 0.34102 0.00726249 0.0192635 0.0159706
8 0.0699747 0.52026 0.0275639 0.0569251 0.0152461
22 0.362937 0.480768 0.0301391 0.166883 0.0151161
2 0.192229 0.436769 0.0154679 0.0171217 0.0150972
0 0.56359 0.499703 0.0123283 0.0741555 0.0147705
8 0.583975 0.447622 0.00994006 0.0219778 0.0147603
22 0.212228 0.535733 0.0172906 0.0669877 0.0143251
2 0.154539 0.426142 0.00967593 0.0115489 0.0139723
14 0.633541 0.442523 0.00883453 0.0357278 0.0136673
1 0.214138 0.418971 0.0104073 0.0228117 0.0135305
42 0.0887488 0.426082 0.0227303 0.0322951 0.0134354
1 0.582464 0.40414 0.0166389 0.025009 0.0133939
22 0.557974 0.502321 0.0114357 0.0691181 0.0129969
2 0.254091 0.283902 0.0110663 0.0190322 0.0128983
0 0.399354 0.448573 0.0190577 0.0732879 0.0128425
1 0.0110929 0.404381 0.0220033 0.0403119 0.0127478
1 0.252761 0.416346 0.0155559 0.0336155 0.0124456
0 0.50325 0.440674 0.00967047 0.0192742 0.0124362
22 0.511195 0.484628 0.0118914 0.0563372 0.0121197
2 0.0816128 0.442288 0.0103949 0.0201592 0.0120701
22 0.176126 0.635289 0.0165313 0.11153 0.0118768
0 0.0671894 0.519372 0.0222481 0.0656616 0.0118642
42 0.538532 0.45339 0.0189462 0.0246438 0.0117485
2 0.226701 0.403496 0.0097334 0.011389 0.0116435
8 0.598019 0.452472 0.00934345 0.0288937 0.0112466
17 0.424537 0.434372 0.0160309 0.0720744 0.0112149
2 0.22255 0.403299 0.00950604 0.0123547 0.0110549
12 0.112163 0.411453 0.0630759 0.0841561 0.010951
4 0.538532 0.45339 0.0189462 0.0246438 0.0106509
8 0.615788 0.436584 0.00894806 0.0192488 0.0106488
4 0.644952 0.427915 0.0104543 0.0190202 0.0104884
22 0.248695 0.51601 0.013946 0.0653557 0.0104839
0 0.598019 0.452472 0.00934345 0.0288937 0.0104313
1 0.528636 0.42483 0.00961139 0.0284041 0.010349
2 0.56901 0.425522 0.00995752 0.0162204 0.0102912
2 0.514602 0.386934 0.00911099 0.0184172 0.0102431
0 0.528636 0.42483 0.00961139 0.0284041 0.0102376
22 0.561114 0.498889 0.0128828 0.0699296 0.0100933
22 0.429227 0.477191 0.0123806 0.0670663 0.010032
8 0.0767906 0.493181 0.018704 0.0351374 0.00984423
1 0.15285 0.440487 0.0105182 0.0198563 0.00975192
4 0.568868 0.437997 0.010869 0.0294154 0.0095038
0 0.500627 0.44647 0.0132534 0.0396018 0.00926057
22 0.258146 0.534286 0.0171472 0.031607 0.00828562
0 0.519991 0.488198 0.0118651 0.0451411 0.00813428
0 0.539089 0.482815 0.0159937 0.0510732 0.00803799
22 0.359198 0.519616 0.0306326 0.0909638 0.00801546
22 0.564916 0.4704 0.00996033 0.0239766 0.00801542
0 0.0816128 0.442288 0.0103949 0.0201592 0.0078092
2 0.187075 0.435888 0.0151115 0.0144243 0.00770291
22 0.209568 0.55602 0.021226 0.0482018 0.00766598
22 0.176367 0.678594 0.0139451 0.0271353 0.00759903
1 0.427082 0.544391 0.0274005 0.0796151 0.00756815
2 0.179029 0.372878 0.0105659 0.0109351 0.00742117
22 0.0545551 0.524532 0.0255116 0.0404523 0.0073703
1 0.564916 0.4704 0.00996033 0.0239766 0.00736324
0 0.0803036 0.468716 0.0120871 0.0250303 0.00728329
4 0.123965 0.435138 0.0303623 0.0357763 0.00715498
1 0.249672 0.439878 0.0124454 0.01866 0.00704069
22 0.485155 0.503057 0.0149783 0.0365693 0.00700471
1 0.513249 0.389912 0.0076908 0.0103148 0.0069536
1 0.56901 0.425522 0.00995752 0.0162204 0.00686096
2 0.322271 0.384001 0.0123332 0.013954 0.00683084
2 0.558703 0.423447 0.0102386 0.0201843 0.00683007
14 0.641731 0.436976 0.00787085 0.0208708 0.00682289
1 0.675465 0.50165 0.0166553 0.104089 0.00679882
0 0.586061 0.431653 0.0124527 0.0263233 0.00671991
8 0.0890316 0.492794 0.0114518 0.0289668 0.00662117
4 0.111082 0.402777 0.0588564 0.0604754 0.00656114
2 0.537669 0.455117 0.0203771 0.0274543 0.00652667
0 0.609182 0.464883 0.00872479 0.0324061 0.00651853
22 0.431714 0.467198 0.0161863 0.0814788 0.00650572
3 0.633541 0.442523 0.00883453 0.0357278 0.00647183
4 0.0494688 0.435767 0.0116806 0.0254018 0.00634164
22 0.387192 0.511378 0.0166979 0.0118127 0.00631292
1 0.192229 0.436769 0.0154679 0.0171217 0.00625339
22 0.332635 0.551575 0.0291394 0.0623284 0.00622186
22 0.0872754 0.67005 0.0151226 0.0718587 0.00621863
22 0.213991 0.485406 0.0115363 0.040745 0.0061648
12 0.0284716 0.406097 0.0569431 0.0691057 0.00613368
1 0.607352 0.410632 0.0080415 0.0214469 0.00611868
5 0.652512 0.435266 0.009771 0.0223475 0.00603683
0 0.537611 0.466324 0.0166855 0.0424525 0.00602055
22 0.108474 0.671191 0.0265047 0.0687298 0.00598604
2 0.513249 0.389912 0.0076908 0.0103148 0.00595866
8 0.0755212 0.50114 0.0134047 0.0343829 0.00590161
6 0.0268191 0.418542 0.0525057 0.0889182 0.00586712
1 0.193533 0.432059 0.0129658 0.0198278 0.00582849
1 0.652512 0.435266 0.009771 0.0223475 0.0058116
4 0.59111 0.441953 0.00880933 0.0343613 0.00577212
1 0.128121 0.425987 0.0215224 0.0263279 0.00574344
4 0.0803036 0.468716 0.0120871 0.0250303 0.00573619
4 0.619106 0.425152 0.0100311 0.0272026 0.00573388
0 0.166709 0.438453 0.00930963 0.0172675 0.00572076
5 0.592014 0.442413 0.00842615 0.0299901 0.0056992
12 0.642799 0.407433 0.012277 0.0350403 0.005695
14 0.592014 0.442413 0.00842615 0.0299901 0.0056384
22 0.383722 0.51657 0.0173988 0.0145777 0.00563307
1 0.653736 0.429791 0.00827936 0.0233264 0.00559149
14 0.583975 0.447622 0.00994006 0.0219778 0.00556266
1 0.642377 0.39809 0.0136452 0.0207389 0.00552206
2 0.186554 0.442379 0.0154759 0.0257408 0.00549625
0 0.497568 0.443208 0.00921881 0.0226648 0.0054847
2 0.166423 0.430314 0.00886501 0.0168291 0.0054805
2 0.311072 0.376592 0.0200768 0.0122662 0.00521535
8 0.0679508 0.501777 0.0192251 0.0408173 0.00515848
1 0.0816128 0.442288 0.0103949 0.0201592 0.00510955
22 0.175326 0.605881 0.0194794 0.160973 0.00506578
17 0.363164 0.380988 0.0205133 0.0204173 0.00500502
1 0.529889 0.407275 0.00737116 0.0153685 0.00496995
0 0.0679508 0.501777 0.0192251 0.0408173 0.00495887
22 0.609182 0.464883 0.00872479 0.0324061 0.0049487
22 0.539089 0.482815 0.0159937 0.0510732 0.00490106
1 0.590942 0.409103 0.00790863 0.018963 0.00480626
1 0.22255 0.403299 0.00950604 0.0123547 0.00478772
1 0.204725 0.446072 0.0104464 0.0275842 0.00476579
5 0.641731 0.436976 0.00787085 0.0208708 0.00474364
1 0.565008 0.50123 0.0118616 0.0759803 0.00466643
0 0.0755212 0.50114 0.0134047 0.0343829 0.00464521
8 0.653736 0.429791 0.00827936 0.0233264 0.00464284
8 0.0518541 0.438068 0.010265 0.0251 0.00463454
17 0.536883 0.45092 0.0205706 0.0236416 0.00462869
8 0.592086 0.433025 0.00897357 0.0326485 0.00460706
4 0.556075 0.435264 0.0175024 0.0396788 0.00455257
5 0.604739 0.448675 0.011551 0.0337725 0.00455248
4 0.615788 0.436584 0.00894806 0.0192488 0.0045215
4 0.641731 0.436976 0.00787085 0.0208708 0.00447841
1 0.558703 0.423447 0.0102386 0.0201843 0.00445841
2 0.363164 0.380988 0.0205133 0.0204173 0.00438514
0 0.535464 0.44323 0.0149006 0.0255012 0.00438302
22 0.251883 0.504314 0.0188915 0.09219 0.00433596
26 0.103815 0.670868 0.0313025 0.0696428 0.00430889
4 0.583975 0.447622 0.00994006 0.0219778 0.00427152
2 0.138445 0.424866 0.0146376 0.0205032 0.00426856
22 0.604684 0.453626 0.0118248 0.0295997 0.00422218
3 0.598019 0.452472 0.00934345 0.0288937 0.00421869
1 0.213416 0.443261 0.0113564 0.0269482 0.00415765
22 0.271184 0.540841 0.0156609 0.0281572 0.0041449
2 0.650642 0.197712 0.0114777 0.0178808 0.0041333
2 0.102033 0.433783 0.0202387 0.0403378 0.00412612
8 0.568868 0.437997 0.010869 0.0294154 0.00412337
14 0.583091 0.458469 0.00860675 0.0323193 0.00408117
0 0.427207 0.543999 0.0282578 0.083978 0.0040449
7 0.652512 0.435266 0.009771 0.0223475 0.0040394
2 0.0341692 0.331658 0.00804217 0.0125285 0.00402313
0 0.650212 0.447386 0.0138037 0.0467819 0.00401988
8 0.608717 0.438137 0.0094754 0.0303685 0.00400801
6 0.0464153 0.430904 0.0928258 0.160108 0.00398104
14 0.565008 0.50123 0.0118616 0.0759803 0.00396203
2 0.0887488 0.426082 0.0227303 0.0322951 0.00395059
0 0.484406 0.532422 0.0246023 0.0713669 0.00392175
22 0.401078 0.498368 0.0227285 0.0301596 0.00390773
8 0.538532 0.45339 0.0189462 0.0246438 0.00390769
2 0.248929 0.40725 0.0111161 0.0206439 0.00389609
4 0.149902 0.440812 0.0166382 0.0206202 0.00388526
14 0.604739 0.448675 0.011551 0.0337725 0.00386584
2 0.519423 0.437756 0.0116709 0.01604 0.00379244
0 0.0890316 0.492794 0.0114518 0.0289668 0.00379155
2 0.211472 0.423266 0.0111434 0.0185155 0.00377664
1 0.45795 0.421436 0.00990924 0.052081 0.00372098
1 0.166423 0.430314 0.00886501 0.0168291 0.00369931
4 0.187075 0.435888 0.0151115 0.0144243 0.00369614
2 0.653736 0.429791 0.00827936 0.0233264 0.00368897
22 0.578713 0.481513 0.00897693 0.0584697 0.0036862
3 0.592014 0.442413 0.00842615 0.0299901 0.00365655
0 0.454772 0.444359 0.0190071 0.0527274 0.00364594
8 0.619106 0.425152 0.0100311 0.0272026 0.00362209
22 0.688829 0.570135 0.0114573 0.0253608 0.00360618
1 0.635171 0.455942 0.00911621 0.0222287 0.00360596
4 0.512611 0.438285 0.00850113 0.017835 0.00359724
8 0.56359 0.499703 0.0123283 0.0741555 0.00357126
22 0.497568 0.443208 0.00921881 0.0226648 0.00353549
4 0.128121 0.425987 0.0215224 0.0263279 0.00351695
5 0.538532 0.45339 0.0189462 0.0246438 0.00351268
0 0.127329 0.435763 0.0227078 0.0321603 0.00349993
1 0.548091 0.409745 0.0303137 0.0210373 0.00349521
9 0.38365 0.475889 0.0155777 0.0539314 0.00347026
26 0.111235 0.668136 0.0262991 0.0635702 0.00343256
22 0.0890316 0.492794 0.0114518 0.0289668 0.00342708
0 0.46209 0.428923 0.0155113 0.0507406 0.00340358
8 0.609182 0.464883 0.00872479 0.0324061 0.00340247
9 0.424795 0.436854 0.0162101 0.0751472 0.00337834
0 0.431714 0.467198 0.0161863 0.0814788 0.00337778
3 0.615788 0.436584 0.00894806 0.0192488 0.00332232
0 0.16282 0.439312 0.00894309 0.0187703 0.00331953
42 0.42691 0.408185 0.012868 0.0204788 0.00327599
4 0.535464 0.44323 0.0149006 0.0255012 0.00324451
2 0.193533 0.432059 0.0129658 0.0198278 0.00323532
22 0.330924 0.521898 0.0151343 0.0241325 0.00322613
5 0.653736 0.429791 0.00827936 0.0233264 0.00322219
1 0.629899 0.410915 0.00683191 0.02275 0.00321445
7 0.166709 0.438453 0.00930963 0.0172675 0.00316215
23 0.0671894 0.519372 0.0222481 0.0656616 0.00315703
22 0.250666 0.542541 0.0197593 0.0265544 0.00311626
0 0.463385 0.40289 0.0146786 0.0220734 0.00308891
2 0.248094 0.283656 0.0164451 0.0186748 0.00308864
22 0.583091 0.458469 0.00860675 0.0323193 0.00306475
14 0.638472 0.498938 0.0112087 0.0848226 0.00306229
14 0.652512 0.435266 0.009771 0.0223475 0.0030599
8 0.632855 0.4267 0.010064 0.0283344 0.00302736
6 0.0108118 0.402613 0.0216235 0.0446732 0.00301848
1 0.537669 0.455117 0.0203771 0.0274543 0.00300355
0 0.154539 0.426142 0.00967593 0.0115489 0.00295008
8 0.410996 0.452109 0.00814093 0.091083 0.00294919
2 0.652512 0.435266 0.009771 0.0223475 0.00290185
4 0.0518541 0.438068 0.010265 0.0251 0.00286553
22 0.614061 0.492277 0.0106729 0.030894 0.00283623
18 0.0676644 0.520224 0.0226402 0.0643963 0.00283514
9 0.379067 0.439365 0.0133048 0.0393008 0.00283187
4 0.653736 0.429791 0.00827936 0.0233264 0.00281855
4 0.586061 0.431653 0.0124527 0.0263233 0.0028089
18 0.604684 0.453626 0.0118248 0.0295997 0.00279122
