18 0.256011 0.679446 0.165663 0.464907 0.927479
18 0.417114 0.725677 0.246091 0.545651 0.924787
18 0.619076 0.156825 0.110138 0.242379 0.911003
19 0.674659 0.503534 0.347911 0.377569 0.853461
18 0.966158 0.373999 0.0653207 0.158676 0.833628
18 0.870511 0.423554 0.0962643 0.238992 0.831188
18 0.54975 0.158015 0.109271 0.280823 0.79635
18 0.69469 0.146774 0.103393 0.220672 0.788743
19 0.552298 0.642887 0.289553 0.534081 0.726758
18 0.763541 0.45546 0.149544 0.340742 0.717014
18 0.348556 0.174033 0.114106 0.34697 0.704211
18 0.675073 0.308799 0.0835425 0.0719469 0.630738
18 0.0999519 0.835286 0.197447 0.329428 0.582235
18 0.73863 0.510773 0.134821 0.370021 0.535844
18 0.472756 0.292765 0.128199 0.295221 0.510068
18 0.754093 0.132577 0.135147 0.213279 0.497764
10 0.0293784 0.534242 0.0319233 0.121238 0.491103
19 0.868182 0.405641 0.21786 0.236703 0.478755
18 0.602359 0.63033 0.146262 0.62185 0.475812
18 0.196589 0.183855 0.131346 0.366029 0.471805
10 0.0333286 0.575191 0.0234171 0.0425831 0.447746
18 0.44398 0.152264 0.11281 0.303664 0.334853
18 0.675094 0.511612 0.267313 0.372868 0.3297
18 0.896007 0.363795 0.0980819 0.174911 0.316646
18 0.138391 0.27476 0.14287 0.228981 0.248177
18 0.963881 0.0280013 0.0691414 0.0560026 0.2266
18 0.57024 0.364942 0.13204 0.161375 0.225535
18 0.93247 0.369257 0.0777842 0.171384 0.218856
18 0.736585 0.309512 0.0521459 0.0689803 0.21573
18 0.855197 0.179036 0.0673511 0.0903938 0.209825
19 0.862622 0.351057 0.211504 0.183346 0.184744
19 0.802785 0.454524 0.348641 0.345591 0.17994
18 0.451382 0.0829578 0.0993231 0.165764 0.148472
18 0.796492 0.276949 0.0719915 0.0257938 0.147677
18 0.763607 0.41944 0.110072 0.283298 0.136238
18 0.824323 0.141175 0.0883178 0.1677 0.132056
18 0.76395 0.316781 0.105502 0.0838779 0.130364
18 0.987775 0.352125 0.0219666 0.114852 0.123443
10 0.0184263 0.523993 0.0342936 0.135463 0.119359
10 0.87291 0.243511 0.0220771 0.030654 0.117935
18 0.543134 0.607241 0.237665 0.59946 0.0973328
18 0.785753 0.437409 0.0923392 0.303009 0.0965309
10 0.0549145 0.673386 0.0334872 0.0953571 0.0963129
27 0.87291 0.243511 0.0220771 0.030654 0.0958345
18 0.790947 0.281916 0.0607189 0.0246393 0.0942201
18 0.930142 0.330386 0.0597263 0.170516 0.0901708
44 0.874344 0.268197 0.0705655 0.0258931 0.0820193
18 0.1641 0.217334 0.19592 0.342713 0.0810828
18 0.720756 0.142652 0.109517 0.224158 0.0746061
18 0.875636 0.270673 0.0541759 0.0257656 0.0738664
18 0.94897 0.377001 0.076247 0.158658 0.0731447
18 0.592857 0.455267 0.132676 0.284965 0.0653986
44 0.875076 0.264489 0.0510729 0.0166404 0.0609548
18 0.911459 0.386646 0.0996645 0.181787 0.0605254
19 0.861005 0.274877 0.202513 0.0630184 0.0545131
18 0.678703 0.356421 0.0861548 0.169728 0.0513812
18 0.792008 0.271947 0.0628871 0.0174228 0.0460754
10 0.888498 0.250851 0.0107896 0.0170809 0.0458617
18 0.829187 0.0241961 0.060039 0.0483922 0.0442795
18 0.875998 0.276425 0.0656053 0.0292091 0.0433243
10 0.0234986 0.590103 0.0301486 0.0265564 0.0432628
18 0.665356 0.14633 0.0927958 0.219686 0.0429598
18 0.739267 0.076547 0.081785 0.136696 0.0413905
19 0.028956 0.288055 0.056915 0.12214 0.0393403
18 0.845596 0.405183 0.105348 0.213034 0.0379938
18 0.910784 0.345792 0.06453 0.164306 0.0375544
10 0.0111131 0.518209 0.0222263 0.142652 0.0371826
18 0.793033 0.31445 0.0651935 0.0723442 0.0366743
19 0.675515 0.308448 0.0845737 0.0695852 0.0364788
18 0.775267 0.140601 0.0990277 0.177976 0.0351983
10 0.924691 0.220416 0.0311335 0.0570016 0.0345704
19 0.963583 0.0280227 0.0694754 0.0560454 0.033645
10 0.901012 0.25458 0.0147059 0.0202142 0.0316473
18 0.918339 0.267859 0.0342802 0.0350712 0.0309605
18 0.824666 0.43191 0.0781412 0.280472 0.0299935
18 0.688691 0.435155 0.133524 0.324103 0.0295818
10 0.0128704 0.59143 0.0257408 0.0339355 0.0279053
18 0.972497 0.351144 0.0526465 0.119181 0.0267149
18 0.867823 0.173173 0.0447634 0.0880947 0.0266899
18 0.853515 0.147618 0.066291 0.143737 0.0257008
10 0.888236 0.236708 0.0103008 0.0264194 0.0249791
19 0.863719 0.257361 0.214007 0.091137 0.0247241
19 0.963866 0.039526 0.0698121 0.0308159 0.024126
18 0.906652 0.416377 0.0656467 0.209352 0.0232526
18 0.558479 0.357092 0.0776268 0.157311 0.0225985
18 0.475048 0.365388 0.133283 0.158699 0.0217287
18 0.846051 0.0248666 0.0469471 0.0496232 0.0215838
18 0.47392 0.149696 0.0805888 0.29227 0.0210273
19 0.761548 0.50275 0.186943 0.376238 0.0208579
18 0.845753 0.283032 0.0228745 0.0174939 0.0202312
18 0.864009 0.309105 0.0779207 0.0403978 0.0194944
19 0.730538 0.151936 0.179814 0.165564 0.0194289
18 0.923077 0.266403 0.0419232 0.0496908 0.0191226
18 0.94017 0.280102 0.0408846 0.0646448 0.0187212
19 0.931229 0.380841 0.0800056 0.169245 0.0186731
18 0.745166 0.0162666 0.071137 0.0325332 0.0180027
9 0.564638 0.314009 0.0618668 0.0691891 0.0179219
18 0.749646 0.395857 0.0765034 0.238976 0.0178532
19 0.956673 0.269891 0.0843856 0.0459918 0.0172338
19 0.898678 0.39599 0.116845 0.200368 0.0171932
10 0.918339 0.267859 0.0342802 0.0350712 0.0170899
18 0.355599 0.0834983 0.0917239 0.166968 0.0165606
18 0.936672 0.0278963 0.0228856 0.0538066 0.0164368
18 0.781898 0.184023 0.0778826 0.106601 0.015956
19 0.886011 0.26889 0.139064 0.0431052 0.0159519
35 0.925732 0.221511 0.0367072 0.0562657 0.0150964
19 0.889664 0.374868 0.172323 0.179942 0.0141734
18 0.725666 0.311863 0.0369593 0.067741 0.0138819
19 0.923885 0.351696 0.14858 0.18134 0.0138499
18 0.916086 0.219283 0.0451406 0.0587164 0.0131678
18 0.769752 0.35631 0.108657 0.163171 0.0130675
18 0.871932 0.243358 0.0242778 0.0301366 0.0126347
18 0.148116 0.835428 0.105119 0.325438 0.0124163
10 0.0301712 0.548676 0.024176 0.0987715 0.0118115
18 0.945898 0.275044 0.0287603 0.0547302 0.0117108
10 0.0185634 0.593303 0.0361676 0.0260551 0.0109912
19 0.895513 0.307146 0.119654 0.13252 0.0105697
18 0.963866 0.039526 0.0698121 0.0308159 0.0101027
19 0.975564 0.273415 0.0462996 0.0485782 0.0100253
18 0.80916 0.461759 0.108549 0.307641 0.00982894
18 0.804615 0.398632 0.0728762 0.229716 0.00943722
27 0.862993 0.246104 0.0216193 0.0242812 0.00917998
18 0.857836 0.323806 0.0810693 0.079845 0.00911206
9 0.56275 0.354049 0.0666946 0.152477 0.00876707
18 0.915584 0.292874 0.0864979 0.0891045 0.00874682
18 0.901012 0.25458 0.0147059 0.0202142 0.00860422
18 0.729555 0.0146077 0.0637579 0.0292155 0.00858799
19 0.798751 0.279922 0.0759421 0.0234852 0.00800835
18 0.930223 0.273566 0.0534264 0.0561725 0.00787576
19 0.915584 0.292874 0.0864979 0.0891045 0.00768956
18 0.759988 0.0710358 0.0792301 0.142072 0.00766408
18 0.515272 0.650376 0.378416 0.572447 0.00755351
18 0.875076 0.264489 0.0510729 0.0166404 0.00741312
19 0.988335 0.353443 0.0216585 0.120933 0.00740887
10 0.945898 0.275044 0.0287603 0.0547302 0.00696923
18 0.351254 0.249951 0.0956097 0.170962 0.00691985
18 0.80881 0.0207393 0.0310715 0.0414786 0.00678666
18 0.531046 0.700832 0.202628 0.430661 0.00674315
18 0.771803 0.0176845 0.0495797 0.035369 0.00667412
10 0.919404 0.220731 0.0514327 0.0613352 0.00665533
18 0.791883 0.0187484 0.0357302 0.0374967 0.00637824
18 0.723745 0.466695 0.192095 0.331167 0.00621489
44 0.798751 0.279922 0.0759421 0.0234852 0.00621436
46 0.00552051 0.241273 0.0107479 0.0275654 0.0061403
19 0.947235 0.24287 0.102209 0.0735186 0.00608854
56 0.0269328 0.534218 0.0352951 0.121084 0.0060014
19 0.977088 0.261037 0.0428618 0.0291339 0.00573606
18 0.87846 0.384173 0.140964 0.211599 0.00572348
18 0.801219 0.302476 0.0807383 0.0381257 0.00568824
18 0.303584 0.177761 0.181378 0.355522 0.0056753
19 0.974118 0.336521 0.0501707 0.154324 0.00563116
18 0.953167 0.32699 0.0919973 0.152504 0.00535486
18 0.682002 0.0073766 0.0225609 0.0147532 0.00519629
18 0.584708 0.380964 0.191408 0.151544 0.00514816
36 0.918514 0.267998 0.0314985 0.040443 0.00511533
18 0.862993 0.246104 0.0216193 0.0242812 0.00506234
10 0.0317517 0.592114 0.0303338 0.0297563 0.00501
19 0.570543 0.372457 0.14014 0.157806 0.00468492
18 0.835438 0.178688 0.0582399 0.0945553 0.00457263
10 0.0124238 0.466142 0.0238879 0.0458905 0.00450308
18 0.866834 0.239131 0.0332158 0.0274716 0.00448816
18 0.560163 0.268177 0.13843 0.359049 0.00434426
10 0.0109878 0.484426 0.0219755 0.0800372 0.00433869
49 0.785753 0.437409 0.0923392 0.303009 0.00427719
31 0.943594 0.2754 0.032624 0.054827 0.00426966
49 0.821537 0.436469 0.0774552 0.290626 0.00426897
18 0.888309 0.336578 0.0793916 0.114514 0.00424904
18 0.802804 0.0248097 0.0640436 0.049455 0.00424765
49 0.763607 0.41944 0.110072 0.283298 0.00421033
10 0.0582746 0.703759 0.0296322 0.047136 0.00419666
56 0.0134236 0.521788 0.0268473 0.145096 0.00402427
18 0.741014 0.438384 0.0894279 0.290673 0.00401578
18 0.888498 0.250851 0.0107896 0.0170809 0.00396315
29 0.00552051 0.241273 0.0107479 0.0275654 0.00388601
44 0.871932 0.243358 0.0242778 0.0301366 0.00385976
18 0.760635 0.0171137 0.0428854 0.0338261 0.00381415
19 0.552512 0.359693 0.0948296 0.167704 0.00379948
44 0.0142013 0.591362 0.0265974 0.0332703 0.00377168
19 0.733713 0.310133 0.0513268 0.0649194 0.00376846
19 0.990694 0.253821 0.0149123 0.0129059 0.00373503
43 0.963849 0.0269226 0.0698132 0.0538451 0.00372721
49 0.896007 0.363795 0.0980819 0.174911 0.0036709
36 0.873676 0.243044 0.0237672 0.0324758 0.00362687
21 0.9607 0.0276523 0.0686151 0.0550886 0.00355046
18 0.467469 0.214175 0.124849 0.41979 0.00351748
18 0.95333 0.270957 0.0156838 0.0469316 0.00351708
19 0.78503 0.35939 0.380105 0.289569 0.00348201
18 0.887128 0.418928 0.0676818 0.207057 0.00342782
19 0.964545 0.349515 0.0702669 0.18423 0.00342173
19 0.819413 0.149571 0.151533 0.147353 0.00339288
44 0.00552051 0.241273 0.0107479 0.0275654 0.00331956
44 0.875998 0.276425 0.0656053 0.0292091 0.00328931
18 0.523224 0.367681 0.104271 0.152952 0.00324167
18 0.69806 0.00964713 0.0404454 0.0192943 0.00323684
0 0.759889 0.456651 0.141429 0.337467 0.00322581
19 0.913974 0.411904 0.0779056 0.20295 0.00320612
18 0.706701 0.0108588 0.0339465 0.0217177 0.00313955
10 0.862993 0.246104 0.0216193 0.0242812 0.00306669
18 0.923885 0.351696 0.14858 0.18134 0.00306018
49 0.925732 0.221511 0.0367072 0.0562657 0.00297085
18 0.956673 0.269891 0.0843856 0.0459918 0.00295571
18 0.661632 0.121663 0.16368 0.236732 0.00293269
21 0.931118 0.329861 0.0586317 0.165645 0.00291419
51 0.0128704 0.59143 0.0257408 0.0339355 0.00287965
34 0.871932 0.243358 0.0242778 0.0301366 0.00287594
18 0.781067 0.0685669 0.0907908 0.137134 0.00287479
18 0.465855 0.586487 0.130724 0.602952 0.00285067
51 0.872092 0.242234 0.0250638 0.0313146 0.00284115
9 0.871932 0.243358 0.0242778 0.0301366 0.00279967
18 0.451526 0.228833 0.0711287 0.1548 0.00273165
35 0.927756 0.234294 0.0358254 0.0399573 0.00269171
18 0.925732 0.221511 0.0367072 0.0562657 0.00268009
27 0.874344 0.268197 0.0705655 0.0258931 0.00264764
18 0.471967 0.454461 0.119306 0.329374 0.0026102
49 0.931118 0.329861 0.0586317 0.165645 0.00257503
11 0.564638 0.314009 0.0618668 0.0691891 0.00257057
18 0.990694 0.253821 0.0149123 0.0129059 0.00256704
18 0.533144 0.343804 0.229402 0.202401 0.00247213
18 0.736225 0.277735 0.0609473 0.0228217 0.0024668
18 0.816352 0.179488 0.0543625 0.0975555 0.00243857
18 0.861582 0.0250193 0.0281935 0.0500386 0.00242926
60 0.871932 0.243358 0.0242778 0.0301366 0.00241781
18 0.344899 0.693708 0.149072 0.457505 0.00239627
35 0.0100561 0.510623 0.0201122 0.129136 0.0023813
27 0.888498 0.250851 0.0107896 0.0170809 0.00237803
36 0.815632 0.413668 0.088505 0.24578 0.00235863
36 0.933959 0.275025 0.0526027 0.0562726 0.00234447
19 0.633853 0.406906 0.309618 0.216211 0.00233439
44 0.862993 0.246104 0.0216193 0.0242812 0.00230151
18 0.542998 0.587524 0.166456 0.179142 0.002289
44 0.0242318 0.59144 0.0336787 0.0275773 0.00223749
10 0.95333 0.270957 0.0156838 0.0469316 0.0022238
18 0.814435 0.0608782 0.0761456 0.121756 0.00221614
18 0.214748 0.0900377 0.0894596 0.180075 0.00219975
18 0.828216 0.316618 0.0859564 0.0665878 0.00219242
18 0.779202 0.532925 0.066636 0.251063 0.00214381
19 0.767646 0.320683 0.105278 0.089825 0.00213413
10 0.875636 0.270673 0.0541759 0.0257656 0.00210751
35 0.0146387 0.521597 0.0269954 0.144037 0.00210499
30 0.872092 0.242234 0.0250638 0.0313146 0.00210233
19 0.767183 0.140893 0.142789 0.181843 0.00205597
18 0.869432 0.371202 0.0710973 0.158006 0.00203108
17 0.565161 0.312575 0.0611659 0.065205 0.00201902
19 0.0277695 0.249428 0.0555389 0.0452326 0.00200191
18 0.498477 0.368917 0.0829204 0.145341 0.00196391
18 0.591992 0.368047 0.131496 0.118918 0.00193922
56 0.0323235 0.579781 0.0241417 0.0383933 0.00193766
36 0.945898 0.275044 0.0287603 0.0547302 0.00192025
42 0.565161 0.312575 0.0611659 0.065205 0.00191359
9 0.923077 0.266403 0.0419232 0.0496908 0.00190371
19 0.871162 0.395774 0.0877893 0.19549 0.00189178
10 0.00536824 0.238322 0.0106834 0.0249097 0.00188971
19 0.744983 0.430623 0.136843 0.22348 0.00183442
18 0.787511 0.514591 0.0570434 0.182868 0.0017942
18 0.670568 0.00686565 0.0279885 0.0137313 0.00177466
19 0.874344 0.268197 0.0705655 0.0258931 0.00177189
18 0.89805 0.317035 0.0860681 0.12162 0.0017707
18 0.800731 0.138447 0.091863 0.166697 0.00176567
46 0.872092 0.242234 0.0250638 0.0313146 0.00176165
18 0.919798 0.279798 0.0353693 0.0614939 0.00175008
18 0.62319 0.304979 0.085397 0.0648747 0.00173529
18 0.852413 0.236207 0.0661146 0.0359317 0.00172204
18 0.633853 0.406906 0.309618 0.216211 0.0017059
18 0.240818 0.174618 0.160673 0.349236 0.00170295
18 0.892156 0.248194 0.116427 0.0840434 0.00169507
27 0.00536824 0.238322 0.0106834 0.0249097 0.00166719
19 0.982964 0.257361 0.0316625 0.0203738 0.00165582
10 0.927756 0.234294 0.0358254 0.0399573 0.00165507
18 0.976695 0.273207 0.0445004 0.0531568 0.00160863
18 0.927756 0.234294 0.0358254 0.0399573 0.00160835
21 0.94017 0.280102 0.0408846 0.0646448 0.0016063
19 0.861639 0.308102 0.0777488 0.0412326 0.00158607
18 0.746402 0.273574 0.0435132 0.0164316 0.00154673
0 0.963209 0.027182 0.0701031 0.054364 0.00154622
18 0.69987 0.076917 0.0710273 0.128321 0.00154224
18 0.926725 0.0286575 0.0433196 0.0573149 0.00153861
35 0.873676 0.243044 0.0237672 0.0324758 0.00152299
19 0.733897 0.280942 0.203939 0.121739 0.00151945
55 0.00536824 0.238322 0.0106834 0.0249097 0.00149891
18 0.78451 0.0297571 0.0796761 0.0595143 0.00148481
0 0.896007 0.363795 0.0980819 0.174911 0.00145461
18 0.00536824 0.238322 0.0106834 0.0249097 0.00143752
44 0.0317517 0.592114 0.0303338 0.0297563 0.00143554
18 0.604698 0.331137 0.242314 0.25278 0.00143117
44 0.796757 0.272241 0.0724229 0.0184175 0.00140882
18 0.829855 0.0503286 0.0857888 0.100657 0.00139268
10 0.0345014 0.675731 0.0234436 0.0915523 0.00138973
56 0.0119613 0.594044 0.0238281 0.0331652 0.00137905
48 0.871932 0.243358 0.0242778 0.0301366 0.00137191
19 0.875776 0.265066 0.0514613 0.0160613 0.00136834
18 0.612833 0.332063 0.0502703 0.0601539 0.0013618
45 0.00552051 0.241273 0.0107479 0.0275654 0.00135211
45 0.947235 0.24287 0.102209 0.0735186 0.00134839
18 0.447454 0.602654 0.222907 0.579827 0.00125311
19 0.650168 0.465451 0.233721 0.298951 0.00124945
35 0.0287719 0.320466 0.0568775 0.189617 0.0012377
18 0.943353 0.149416 0.112256 0.178765 0.00122353
31 0.939381 0.324071 0.0430116 0.15283 0.00119578
8 0.969017 0.363307 0.060632 0.136616 0.00119038
18 0.977088 0.261037 0.0428618 0.0291339 0.0011885
