19 0.502416 0.811621 0.414927 0.373531 0.906142
10 0.700729 0.748669 0.039359 0.148104 0.738075
51 0.614559 0.660385 0.0523754 0.0590349 0.587147
10 0.266162 0.34082 0.0391053 0.0658821 0.533904
48 0.61077 0.744186 0.0247684 0.0393385 0.4577
10 0.247749 0.405628 0.0385826 0.0673723 0.410621
10 0.279044 0.395341 0.0338829 0.0602424 0.288277
10 0.653945 0.668688 0.0159593 0.0810241 0.246194
48 0.374115 0.853606 0.0266839 0.038916 0.232654
18 0.635581 0.877675 0.150931 0.242419 0.225281
48 0.560521 0.72338 0.0475891 0.0399019 0.117924
9 0.255099 0.791422 0.0884302 0.293586 0.116392
48 0.571754 0.763079 0.0465288 0.0373549 0.109403
53 0.681028 0.551065 0.185417 0.303861 0.101054
10 0.237014 0.518725 0.0244448 0.056979 0.0868672
50 0.559662 0.722627 0.0480499 0.0420858 0.085415
10 0.25517 0.439209 0.0497834 0.0419003 0.0842131
10 0.267655 0.441816 0.0372265 0.0401142 0.0736754
10 0.203768 0.5682 0.0224932 0.0928708 0.0618573
10 0.258713 0.516713 0.0338725 0.0577111 0.0618029
31 0.690652 0.344128 0.178901 0.217678 0.0518652
50 0.445348 0.718198 0.163925 0.0808248 0.0444932
10 0.654277 0.688528 0.0211024 0.0842529 0.0336275
10 0.610772 0.743763 0.022791 0.0371185 0.0326786
20 0.640186 0.724324 0.0509122 0.0550222 0.0316324
10 0.273047 0.40305 0.0428708 0.07075 0.0285852
51 0.351584 0.749784 0.0477604 0.10156 0.0274211
48 0.640186 0.724324 0.0509122 0.0550222 0.0261573
56 0.278821 0.398302 0.0333442 0.0619126 0.0250436
9 0.760479 0.381866 0.0378918 0.265708 0.0247399
10 0.267191 0.511979 0.0511703 0.0668734 0.0241491
54 0.44971 0.722557 0.120108 0.085105 0.0215158
10 0.212407 0.421405 0.017807 0.0370623 0.020833
51 0.610745 0.744403 0.0247186 0.0387317 0.0206243
18 0.598648 0.913627 0.222143 0.170091 0.0200958
34 0.560437 0.723429 0.0478401 0.0403366 0.0197554
10 0.202701 0.522141 0.0239099 0.0540039 0.0189784
10 0.292565 0.453576 0.0300466 0.0713298 0.0181853
56 0.223234 0.723691 0.0419932 0.0995897 0.0179572
10 0.254681 0.414941 0.0493274 0.0795305 0.0173057
10 0.276835 0.443438 0.0248955 0.0401109 0.0169973
56 0.244544 0.608985 0.0648806 0.0986418 0.0155887
51 0.56116 0.723492 0.0479266 0.040543 0.0144148
10 0.244544 0.608985 0.0648806 0.0986418 0.0139485
53 0.519365 0.425739 0.11614 0.392317 0.0137085
10 0.238006 0.353274 0.0166056 0.0487305 0.0130457
51 0.288103 0.929379 0.138121 0.135939 0.0129208
54 0.434361 0.633178 0.182642 0.187653 0.0128008
50 0.610772 0.743763 0.022791 0.0371185 0.0127987
56 0.276835 0.443438 0.0248955 0.0401109 0.012735
56 0.248651 0.403266 0.0375921 0.0640386 0.0118533
56 0.267655 0.441816 0.0372265 0.0401142 0.0117169
52 0.640186 0.724324 0.0509122 0.0550222 0.0113768
10 0.267383 0.496868 0.0433496 0.0508047 0.0108867
10 0.286115 0.425175 0.0310676 0.03307 0.010276
51 0.604371 0.688451 0.0323591 0.0232005 0.0102759
34 0.610745 0.744403 0.0247186 0.0387317 0.0100312
51 0.594411 0.617251 0.0301602 0.0332024 0.00962507
49 0.322802 0.147105 0.0520152 0.207712 0.00932672
20 0.56116 0.723492 0.0479266 0.040543 0.00913694
10 0.651936 0.714281 0.0259532 0.0424803 0.00902879
52 0.203601 0.573676 0.0201782 0.0933206 0.0086073
56 0.272668 0.493718 0.0583788 0.103906 0.00849259
52 0.544419 0.675719 0.0128611 0.051591 0.00841858
48 0.518202 0.685701 0.0279721 0.0401393 0.00778699
10 0.2367 0.335744 0.0177189 0.0686688 0.00778357
56 0.293153 0.459181 0.0288614 0.0823437 0.00773427
34 0.590053 0.191039 0.0408649 0.0604169 0.00767156
51 0.57023 0.662143 0.0463502 0.0608063 0.00761029
10 0.256569 0.605877 0.0406817 0.0923791 0.00726782
34 0.374193 0.853463 0.0271292 0.0377152 0.00723965
10 0.616529 0.659584 0.0527275 0.058786 0.00691349
56 0.700704 0.749565 0.0393704 0.150163 0.00684282
34 0.286494 0.155515 0.0235976 0.195404 0.00665973
49 0.786958 0.376213 0.0834116 0.25998 0.0066341
9 0.785236 0.380125 0.0866552 0.26722 0.00654984
10 0.210031 0.396736 0.0165833 0.0534453 0.00631542
47 0.642081 0.725362 0.0481943 0.0510078 0.00625133
10 0.21814 0.51935 0.0254672 0.0568091 0.00603416
34 0.571331 0.762585 0.047062 0.0364403 0.00591776
53 0.690652 0.344128 0.178901 0.217678 0.00590293
10 0.216289 0.389471 0.0294104 0.0592454 0.00587102
14 0.716689 0.87047 0.102301 0.256476 0.00585311
52 0.206197 0.605152 0.0240535 0.159667 0.00565988
18 0.322242 0.14787 0.0520951 0.209466 0.00564395
50 0.640611 0.723324 0.0515537 0.0560203 0.00555649
10 0.640611 0.723324 0.0515537 0.0560203 0.00551378
55 0.234269 0.153144 0.117713 0.258606 0.00541654
9 0.218554 0.798577 0.0335164 0.290424 0.00532997
18 0.234269 0.153144 0.117713 0.258606 0.00514071
10 0.274745 0.360562 0.0420355 0.0926726 0.00498438
30 0.322402 0.106019 0.0517761 0.125995 0.00493174
52 0.233018 0.681411 0.0186056 0.0609053 0.00490681
10 0.22752 0.593143 0.0337502 0.073664 0.00489441
52 0.204206 0.209446 0.0196114 0.0552963 0.00487147
49 0.79708 0.271456 0.0587634 0.046242 0.00472463
10 0.218094 0.35442 0.0346887 0.116773 0.00460364
51 0.674955 0.765488 0.0180529 0.0387356 0.00452509
31 0.817202 0.27303 0.0234432 0.0412212 0.00451611
10 0.234434 0.355959 0.0181279 0.0859507 0.00449176
34 0.639487 0.723693 0.0487028 0.0533366 0.00446862
49 0.323012 0.105784 0.0511902 0.12595 0.00443805
52 0.233067 0.319823 0.0186386 0.0759939 0.00418577
51 0.639487 0.723693 0.0487028 0.0533366 0.00408649
51 0.223234 0.723691 0.0419932 0.0995897 0.0040086
10 0.263783 0.455302 0.0577515 0.0517454 0.00399142
9 0.234233 0.327332 0.0192648 0.0850827 0.00396746
31 0.796516 0.273154 0.0629032 0.0459451 0.00395696
48 0.509845 0.686988 0.0207831 0.0312399 0.00389575
34 0.273179 0.158064 0.0472969 0.197142 0.00376509
7 0.817202 0.27303 0.0234432 0.0412212 0.00368597
18 0.600645 0.827577 0.24269 0.341735 0.00365499
47 0.233067 0.319823 0.0186386 0.0759939 0.00363383
0 0.0934871 0.840942 0.0525229 0.199625 0.00361209
14 0.722229 0.91999 0.0870406 0.151793 0.00360911
10 0.675234 0.76489 0.0177332 0.0394826 0.003496
52 0.563031 0.646527 0.042564 0.0286529 0.00345406
31 0.56116 0.723492 0.0479266 0.040543 0.00342241
10 0.223234 0.723691 0.0419932 0.0995897 0.00338525
26 0.286494 0.155515 0.0235976 0.195404 0.003329
52 0.61089 0.744024 0.0232164 0.0377719 0.00332724
52 0.560521 0.72338 0.0475891 0.0399019 0.00330142
49 0.210141 0.245932 0.0423133 0.194869 0.00326541
25 0.785236 0.380125 0.0866552 0.26722 0.00325836
10 0.224218 0.393851 0.0222575 0.0455785 0.00324371
7 0.796516 0.273154 0.0629032 0.0459451 0.00321666
10 0.242562 0.497427 0.029067 0.0458006 0.0031865
50 0.56705 0.716902 0.0373783 0.0424916 0.00312316
34 0.615374 0.659403 0.0535519 0.0573182 0.00311317
49 0.546093 0.194082 0.0266222 0.0543248 0.00304871
52 0.492344 0.692531 0.0234343 0.0321733 0.00304369
51 0.569958 0.762277 0.0483986 0.0369269 0.00301029
0 0.622279 0.449858 0.32078 0.436551 0.00298022
33 0.213536 0.683401 0.0227568 0.050395 0.00293114
54 0.544513 0.58425 0.064819 0.121833 0.0028742
52 0.509845 0.686988 0.0207831 0.0312399 0.00284889
19 0.72153 0.868809 0.0949535 0.260312 0.00280324
10 0.29757 0.465318 0.020945 0.0912612 0.00280169
52 0.566618 0.669576 0.0423627 0.0495865 0.00277914
33 0.228016 0.59366 0.0321199 0.0671685 0.00277748
34 0.223239 0.723525 0.0417162 0.0992307 0.00273359
9 0.673661 0.0452349 0.0381436 0.0904697 0.0026583
54 0.559662 0.722627 0.0480499 0.0420858 0.00265264
10 0.196821 0.389855 0.019395 0.0488898 0.00263204
30 0.589301 0.191801 0.0429583 0.0601701 0.00262829
17 0.94376 0.51013 0.106798 0.117349 0.00262174
34 0.635089 0.701778 0.0300598 0.0304312 0.00259522
52 0.214328 0.674668 0.0132646 0.031659 0.00258265
56 0.25517 0.439209 0.0497834 0.0419003 0.0025283
10 0.218504 0.805652 0.0303867 0.263517 0.00239878
10 0.288055 0.780123 0.026625 0.120155 0.00238291
56 0.276584 0.459877 0.0535087 0.0701865 0.00231665
30 0.79708 0.271456 0.0587634 0.046242 0.00231145
10 0.546093 0.194082 0.0266222 0.0543248 0.00229258
52 0.220179 0.206754 0.0150087 0.100415 0.00223227
17 0.784322 0.377504 0.0884017 0.261309 0.0022319
30 0.786958 0.376213 0.0834116 0.25998 0.00223152
50 0.545615 0.585296 0.0644547 0.119817 0.00219572
34 0.94376 0.51013 0.106798 0.117349 0.00216586
51 0.294269 0.466642 0.0277433 0.0939497 0.00215394
49 0.54625 0.177387 0.0264193 0.0745981 0.00214506
52 0.483774 0.697303 0.039492 0.0377027 0.00214166
34 0.233067 0.319823 0.0186386 0.0759939 0.00212186
52 0.50528 0.672937 0.0189001 0.0262163 0.00210363
10 0.213707 0.375689 0.0247561 0.0780606 0.00209676
9 0.231326 0.194043 0.104011 0.348717 0.00205268
52 0.499779 0.673987 0.0180319 0.0220647 0.00194224
33 0.244218 0.606589 0.0661944 0.095048 0.00192417
50 0.571525 0.762817 0.0478168 0.0373902 0.0019114
20 0.545615 0.585296 0.0644547 0.119817 0.00189954
52 0.510599 0.697232 0.015963 0.0290085 0.00189218
55 0.589301 0.191801 0.0429583 0.0601701 0.00189141
9 0.219644 0.346447 0.0384015 0.123886 0.00188192
9 0.222339 0.727515 0.043604 0.426278 0.00187922
52 0.518202 0.685701 0.0279721 0.0401393 0.00187771
48 0.50528 0.672937 0.0189001 0.0262163 0.00186592
56 0.614284 0.66047 0.0521318 0.0589102 0.00184798
53 0.252779 0.793004 0.095316 0.293898 0.0018426
52 0.548626 0.646962 0.0324578 0.0156898 0.00183424
55 0.322242 0.14787 0.0520951 0.209466 0.0018329
51 0.272668 0.493718 0.0583788 0.103906 0.00178976
44 0.571094 0.762645 0.0473994 0.0368283 0.00175139
52 0.515506 0.698816 0.0183355 0.0258637 0.00173199
33 0.233018 0.681411 0.0186056 0.0609053 0.00172466
10 0.193147 0.708583 0.00896855 0.0252387 0.00172344
52 0.56705 0.716902 0.0373783 0.0424916 0.00170986
34 0.56705 0.716902 0.0373783 0.0424916 0.00167035
56 0.267191 0.511979 0.0511703 0.0668734 0.00166275
55 0.945549 0.505351 0.0983151 0.102049 0.00166064
48 0.56705 0.716902 0.0373783 0.0424916 0.00165867
51 0.635089 0.701778 0.0300598 0.0304312 0.00165178
53 0.29861 0.686028 0.0529708 0.270007 0.00162845
52 0.227598 0.593717 0.0329429 0.0654853 0.0015894
36 0.466264 0.20529 0.0319443 0.0673767 0.00156889
56 0.265446 0.341262 0.038163 0.0658612 0.00156867
30 0.673866 0.0452819 0.0383286 0.0905638 0.00155568
10 0.272668 0.493718 0.0583788 0.103906 0.0015363
52 0.474529 0.699287 0.0387535 0.0379206 0.001533
10 0.195349 0.379751 0.0236938 0.0670858 0.00153251
47 0.569958 0.762277 0.0483986 0.0369269 0.00150885
49 0.466264 0.20529 0.0319443 0.0673767 0.00149572
10 0.245712 0.515784 0.0391474 0.067503 0.00148222
52 0.210238 0.210299 0.032025 0.0814564 0.00147292
10 0.544323 0.679352 0.0157808 0.048729 0.00146408
48 0.67473 0.761328 0.0188373 0.0369461 0.00145084
14 0.745887 0.922613 0.0397419 0.150359 0.00144951
25 0.765146 0.380477 0.0457652 0.267901 0.00144431
2 0.610772 0.743763 0.022791 0.0371185 0.0014261
53 0.524087 0.990759 0.0728804 0.0184812 0.00142195
51 0.611429 0.685267 0.0455148 0.0227354 0.00141435
49 0.290327 0.152976 0.0314819 0.209361 0.00141163
56 0.270291 0.455315 0.0439045 0.0514379 0.00140306
56 0.267383 0.496868 0.0433496 0.0508047 0.00137306
9 0.223027 0.721034 0.0412884 0.107935 0.00132351
10 0.236733 0.513458 0.0368375 0.0667437 0.00131887
52 0.213536 0.683401 0.0227568 0.050395 0.00131673
34 0.233018 0.681411 0.0186056 0.0609053 0.00128376
10 0.288578 0.758908 0.0234012 0.0817098 0.00126852
49 0.203039 0.213892 0.0480805 0.264315 0.00125817
56 0.286115 0.425175 0.0310676 0.03307 0.00125336
52 0.635089 0.701778 0.0300598 0.0304312 0.00122897
49 0.21227 0.247453 0.0378252 0.130396 0.00122164
19 0.266907 0.950554 0.093893 0.0967247 0.00121584
56 0.223456 0.791993 0.042953 0.234031 0.00119651
10 0.285372 0.447056 0.033094 0.0569715 0.00119513
60 0.290327 0.152976 0.0314819 0.209361 0.00119251
17 0.589301 0.191801 0.0429583 0.0601701 0.0011882
51 0.255099 0.791422 0.0884302 0.293586 0.00117252
51 0.318651 0.928898 0.0752406 0.132997 0.00116779
47 0.373401 0.853455 0.0282277 0.0381271 0.00115443
10 0.530462 0.683078 0.0206357 0.041385 0.00113636
10 0.43255 0.205724 0.0251802 0.069332 0.00113051
53 0.686482 0.460711 0.181364 0.487222 0.0011235
52 0.221949 0.622224 0.0454299 0.133076 0.00111163
31 0.51884 0.430992 0.114779 0.398257 0.0010995
0 0.700644 0.750536 0.0397705 0.152591 0.00108582
48 0.530462 0.683078 0.0206357 0.041385 0.00108527
4 0.613951 0.660128 0.0526354 0.057405 0.00105961
36 0.466065 0.21405 0.0237824 0.0507671 0.00105056
9 0.210724 0.184487 0.0754283 0.343295 0.00104705
52 0.217751 0.202587 0.0298418 0.114632 0.0010315
52 0.53507 0.691628 0.0159407 0.0483159 0.00103058
33 0.214328 0.674668 0.0132646 0.031659 0.00102969
53 0.567493 0.972335 0.15882 0.0553298 0.00102852
49 0.796905 0.300256 0.0646127 0.103327 0.0010242
52 0.530462 0.683078 0.0206357 0.041385 0.00102081
52 0.621026 0.836091 0.0157215 0.0453346 0.00101799
18 0.288041 0.148999 0.0356632 0.212325 0.00101094
9 0.687214 0.120691 0.107177 0.241381 0.00100536
49 0.817515 0.274685 0.0237194 0.0435901 0.00100446
10 0.680265 0.725873 0.0153718 0.0695534 0.00100365
34 0.21347 0.206227 0.0268708 0.0903157 0.00100001
