4 0.833321 0.540622 0.129876 0.0733882 0.833933
4 0.58698 0.507847 0.0781925 0.045758 0.809827
6 0.0732345 0.422518 0.146469 0.0826323 0.579877
4 0.710104 0.525552 0.0708967 0.0486984 0.453746
4 0.511904 0.493265 0.0328634 0.0330275 0.438544
4 0.970816 0.581784 0.0583679 0.0347129 0.393012
4 0.931124 0.531459 0.136778 0.0936004 0.387414
4 0.765536 0.515293 0.110432 0.0554446 0.177527
12 0.343962 0.508285 0.321929 0.246367 0.135086
4 0.795163 0.505168 0.0626806 0.0442269 0.123359
4 0.534809 0.494618 0.0778658 0.0354402 0.117106
4 0.67262 0.522967 0.14143 0.0539268 0.115267
4 0.777172 0.505428 0.0924916 0.0486532 0.0925979
4 0.884387 0.533782 0.231227 0.0927885 0.06866
0 0.328908 0.425491 0.0121202 0.0239566 0.0580733
4 0.552463 0.500192 0.111139 0.0422247 0.0463892
0 0.359574 0.426691 0.0138386 0.0263036 0.0462011
4 0.601965 0.471774 0.0445847 0.0413376 0.0411954
4 0.791136 0.527118 0.0615742 0.0583793 0.040337
0 0.178488 0.446751 0.00869348 0.0335086 0.0380701
4 0.642635 0.51083 0.18485 0.0515904 0.0321456
4 0.921365 0.527638 0.128921 0.0639356 0.0286835
4 0.880824 0.510853 0.0392147 0.0263187 0.0277859
4 0.133275 0.450569 0.0274307 0.0241208 0.0246724
24 0.0683915 0.418715 0.136644 0.0900814 0.02347
0 0.341905 0.426183 0.0133531 0.0239514 0.0189649
4 0.314733 0.45282 0.0253585 0.0406959 0.0179688
4 0.601599 0.497936 0.052269 0.0279859 0.0163959
4 0.604943 0.489479 0.040456 0.0325163 0.0141492
0 0.0146176 0.442557 0.0199254 0.0328206 0.0109721
14 0.171049 0.458116 0.0117725 0.0249902 0.010631
4 0.667485 0.507034 0.151412 0.0755253 0.0103397
4 0.74989 0.523523 0.113693 0.0566828 0.00997375
0 0.17783 0.430973 0.0106382 0.0300964 0.00983436
4 0.605956 0.482272 0.0434092 0.0509267 0.00967328
0 0.323787 0.427908 0.0160378 0.0286877 0.00879144
4 0.879237 0.522123 0.0417454 0.0384188 0.00771481
4 0.142058 0.430114 0.0128312 0.0212019 0.007432
6 0.0805715 0.436988 0.148518 0.0476705 0.00701349
14 0.157705 0.455835 0.00956412 0.0258926 0.00700229
8 0.178488 0.446751 0.00869348 0.0335086 0.00696772
4 0.807665 0.513496 0.0743474 0.0413232 0.00662651
22 0.178488 0.446751 0.00869348 0.0335086 0.0065825
0 0.342062 0.432339 0.0171893 0.0251526 0.00643654
0 0.328645 0.432251 0.0182927 0.0259154 0.00631224
4 0.319887 0.443746 0.0327957 0.0248236 0.00624381
8 0.176283 0.455781 0.0117269 0.0274099 0.00602755
0 0.176283 0.455781 0.0117269 0.0274099 0.0057653
22 0.157705 0.455835 0.00956412 0.0258926 0.0057315
4 0.633221 0.507026 0.0953484 0.0534606 0.00567872
4 0.0659822 0.423173 0.131964 0.0821942 0.00544831
4 0.516104 0.486113 0.040319 0.044458 0.00536988
4 0.732503 0.505339 0.0540505 0.0436745 0.00520241
4 0.801787 0.521696 0.0714091 0.0437577 0.00506549
4 0.308887 0.458407 0.047954 0.0392761 0.00474636
8 0.133275 0.450569 0.0274307 0.0241208 0.00471179
4 0.138984 0.446989 0.0191337 0.0302714 0.00456008
14 0.160836 0.449247 0.0112144 0.0347814 0.00428461
0 0.160836 0.449247 0.0112144 0.0347814 0.00417909
8 0.138984 0.446989 0.0191337 0.0302714 0.00411059
4 0.176283 0.455781 0.0117269 0.0274099 0.00406498
4 0.178488 0.446751 0.00869348 0.0335086 0.00399201
4 0.136255 0.427761 0.0233482 0.0268901 0.00391097
14 0.176283 0.455781 0.0117269 0.0274099 0.00389561
0 0.159817 0.428332 0.00925 0.0224512 0.00386468
4 0.539137 0.485086 0.0860777 0.0506992 0.00385898
2 0.689229 0.378763 0.0113475 0.0177075 0.00379717
0 0.160901 0.430421 0.0120928 0.0313271 0.00377873
4 0.489006 0.49136 0.0771267 0.0388729 0.0037364
4 0.993154 0.561811 0.0129554 0.0200187 0.0036406
0 0.138984 0.446989 0.0191337 0.0302714 0.00358843
4 0.816813 0.43058 0.150098 0.0864402 0.00355185
22 0.198773 0.495253 0.0127217 0.0470376 0.0035466
0 0.362359 0.430781 0.0135855 0.0279161 0.00352401
4 0.718292 0.491598 0.0235045 0.0197632 0.00330763
22 0.171049 0.458116 0.0117725 0.0249902 0.00308442
4 0.574811 0.502712 0.0543762 0.0375845 0.0030273
4 0.877918 0.500557 0.0391825 0.0281846 0.00301563
4 0.277755 0.443607 0.13101 0.0558156 0.00269857
4 0.0805715 0.436988 0.148518 0.0476705 0.00250086
4 0.977227 0.562824 0.0455451 0.0341898 0.00249814
4 0.159817 0.428332 0.00925 0.0224512 0.00246413
14 0.343684 0.508051 0.320266 0.241209 0.00243729
4 0.790518 0.529845 0.128338 0.0695107 0.0023249
4 0.0519922 0.457836 0.0258261 0.018989 0.00231692
0 0.182936 0.432435 0.0126465 0.0380556 0.00220051
14 0.138984 0.446989 0.0191337 0.0302714 0.0021939
4 0.748601 0.50569 0.144678 0.0845732 0.00218453
22 0.176283 0.455781 0.0117269 0.0274099 0.00212699
14 0.147958 0.455761 0.0117931 0.0230655 0.00210872
4 0.813362 0.497653 0.157856 0.0626253 0.00207601
8 0.511061 0.492746 0.0323561 0.0344138 0.00204632
22 0.0146176 0.442557 0.0199254 0.0328206 0.00196508
4 0.0180054 0.456861 0.0357542 0.0281569 0.00190354
4 0.328645 0.432251 0.0182927 0.0259154 0.00186791
4 0.277099 0.440028 0.168729 0.072582 0.00186002
14 0.133275 0.450569 0.0274307 0.0241208 0.00182652
18 0.176283 0.455781 0.0117269 0.0274099 0.0017914
4 0.82345 0.517675 0.105124 0.0328193 0.00174559
0 0.132368 0.449716 0.0319942 0.0263017 0.00174536
4 0.0285459 0.454753 0.0551522 0.0270259 0.0017403
14 0.132642 0.45497 0.0228756 0.0239549 0.00172187
4 0.590505 0.489927 0.0692396 0.0292605 0.00166706
0 0.173477 0.427681 0.013545 0.0295315 0.00163217
4 0.580395 0.497094 0.0874996 0.0452279 0.00161866
2 0.360545 0.425923 0.0116613 0.0303436 0.00161406
0 0.142058 0.430114 0.0128312 0.0212019 0.00161375
8 0.160836 0.449247 0.0112144 0.0347814 0.00160561
25 0.0173881 0.424501 0.0342553 0.0617459 0.00147557
0 0.319887 0.443746 0.0327957 0.0248236 0.00144916
0 0.187332 0.444336 0.0204935 0.040292 0.00142
2 0.00389339 0.195227 0.00727382 0.0134454 0.00137636
14 0.586936 0.508725 0.0785092 0.0462034 0.00136958
12 0.286021 0.422282 0.198 0.0689287 0.00135895
1 0.00367378 0.381414 0.00734755 0.022453 0.00135411
3 0.178488 0.446751 0.00869348 0.0335086 0.00134516
4 0.31358 0.468165 0.0377415 0.0724443 0.00132619
22 0.17783 0.430973 0.0106382 0.0300964 0.00124886
25 0.0651975 0.421357 0.129137 0.0865314 0.00124681
4 0.710498 0.509253 0.0637363 0.0507106 0.00120825
5 0.133275 0.450569 0.0274307 0.0241208 0.00119968
4 0.570759 0.477741 0.0332515 0.027069 0.00118102
22 0.147958 0.455761 0.0117931 0.0230655 0.00115932
4 0.0118285 0.4451 0.0202982 0.02688 0.00114911
8 0.360545 0.425923 0.0116613 0.0303436 0.00113609
2 0.586936 0.508725 0.0785092 0.0462034 0.00110798
0 0.240179 0.424969 0.0110312 0.0165353 0.00110307
4 0.321698 0.45475 0.0390703 0.0527176 0.00109646
8 0.534809 0.494618 0.0778658 0.0354402 0.00107871
22 0.160836 0.449247 0.0112144 0.0347814 0.00107867
2 0.51123 0.493361 0.0327206 0.0312502 0.00107821
0 0.0275702 0.436938 0.053432 0.0468786 0.00107612
4 0.187332 0.444336 0.0204935 0.040292 0.00104441
4 0.603077 0.460606 0.0419575 0.0335731 0.00103716
1 0.23513 0.383104 0.0111103 0.0180701 0.00100526
