1 0.793029 0.522585 0.103772 0.285398 0.969225
4 0.246867 0.792194 0.0768848 0.0834437 0.895272
1 0.0221278 0.579256 0.0435114 0.107567 0.881963
1 0.402109 0.687237 0.0235343 0.0413641 0.702248
1 0.213001 0.681187 0.0426418 0.0263582 0.557566
1 0.300766 0.71311 0.0295638 0.0284092 0.516683
1 0.429724 0.678558 0.0346791 0.0482272 0.494742
1 0.461168 0.683721 0.029655 0.0514725 0.323797
4 0.38267 0.762921 0.0130213 0.0190104 0.223996
4 0.39083 0.763247 0.022252 0.0228622 0.190839
1 0.221541 0.680529 0.0306914 0.0250305 0.187564
1 0.301254 0.706665 0.0283647 0.0233794 0.181217
1 0.201195 0.678182 0.0221957 0.0234184 0.144325
4 0.515005 0.749726 0.0275589 0.016106 0.131314
1 0.790057 0.72217 0.0192097 0.023065 0.121261
4 0.400452 0.764381 0.0226394 0.0211754 0.110535
6 0.160823 0.755837 0.0153042 0.019888 0.0921001
1 0.232936 0.730175 0.0218777 0.033575 0.081216
6 0.424845 0.728687 0.02222 0.057646 0.0759549
1 0.790127 0.753104 0.0182898 0.020367 0.0731571
4 0.0962154 0.761999 0.0207292 0.0208609 0.0557452
1 0.441074 0.686741 0.0108039 0.0306518 0.0535017
1 0.372125 0.700432 0.013922 0.0200508 0.0487795
6 0.402839 0.739271 0.0471924 0.07195 0.0458877
4 0.28255 0.768553 0.0124293 0.0174099 0.0448287
1 0.234155 0.708014 0.0201509 0.012146 0.0417597
1 0.790708 0.748093 0.0214197 0.0279798 0.0368255
6 0.395203 0.765867 0.0378104 0.0395966 0.0360756
6 0.43598 0.730626 0.0406812 0.0616576 0.0358461
4 0.392975 0.769637 0.0310897 0.0328001 0.0339109
4 0.28312 0.783648 0.0138297 0.0409348 0.0332129
1 0.227231 0.701695 0.0276637 0.0192912 0.0297031
6 0.232936 0.730175 0.0218777 0.033575 0.0269899
4 0.317898 0.754991 0.00789069 0.0119286 0.0256962
1 0.217141 0.691153 0.0348625 0.0358635 0.0249614
4 0.163677 0.755987 0.0112447 0.0173328 0.0244834
6 0.423117 0.752062 0.0169403 0.019133 0.0235473
4 0.505167 0.752315 0.0477037 0.023573 0.0220985
4 0.372508 0.761134 0.0115431 0.0172697 0.021753
1 0.20004 0.663354 0.0245096 0.0312755 0.0217227
7 0.284801 0.740137 0.00846176 0.016858 0.0204111
6 0.39083 0.763247 0.022252 0.0228622 0.019785
1 0.396271 0.69053 0.0332692 0.0449111 0.0196835
1 0.284858 0.744965 0.00805823 0.014368 0.0196307
6 0.163677 0.755987 0.0112447 0.0173328 0.0188082
1 0.29509 0.715822 0.0307737 0.025917 0.018556
1 0.0940644 0.620737 0.0601448 0.0533819 0.0185535
1 0.372878 0.709743 0.0131971 0.0166493 0.0181835
6 0.15355 0.758342 0.0290176 0.0270014 0.0179408
1 0.284801 0.740137 0.00846176 0.016858 0.0160542
1 0.379775 0.695901 0.0229742 0.0281788 0.0155649
1 0.373134 0.68386 0.0120567 0.017407 0.0154608
4 0.340978 0.756587 0.0128195 0.0167259 0.0148623
4 0.370757 0.764747 0.0143035 0.0225681 0.0146358
4 0.305361 0.756948 0.00781015 0.0130893 0.0144136
6 0.515005 0.749726 0.0275589 0.016106 0.0144025
4 0.344017 0.768243 0.0170175 0.0217179 0.0143277
1 0.627682 0.739641 0.00906714 0.0158283 0.0139416
4 0.330484 0.752318 0.00763623 0.0103874 0.0136589
6 0.0962154 0.761999 0.0207292 0.0208609 0.0136062
6 0.402658 0.763055 0.0159349 0.0186887 0.0134833
1 0.424668 0.728465 0.0200934 0.0566152 0.0133548
4 0.334182 0.768809 0.0163263 0.0190527 0.0120896
6 0.38267 0.762921 0.0130213 0.0190104 0.0119092
1 0.00474637 0.728211 0.00881096 0.0259831 0.0116151
1 0.375726 0.682613 0.0138039 0.0178137 0.0112796
7 0.278469 0.756441 0.00737473 0.0101069 0.0107978
6 0.50473 0.755873 0.0400149 0.0285063 0.0107083
7 0.372125 0.700432 0.013922 0.0200508 0.0103124
1 0.378828 0.710722 0.0168817 0.0182269 0.0100659
6 0.24904 0.732025 0.0212827 0.029535 0.0100277
1 0.471162 0.68069 0.0510721 0.0571426 0.00902013
15 0.515005 0.749726 0.0275589 0.016106 0.00900445
4 0.296023 0.766583 0.0151476 0.0187908 0.00890293
1 0.278469 0.756441 0.00737473 0.0101069 0.00874159
1 0.309768 0.728619 0.0102427 0.0154539 0.00859319
4 0.358969 0.765677 0.0139373 0.0237211 0.00846348
1 0.356089 0.701788 0.0102302 0.0164403 0.00835521
1 0.365299 0.703849 0.013118 0.0184144 0.00827019
1 0.219055 0.726718 0.0191266 0.0328672 0.00821268
1 0.288542 0.736582 0.0105724 0.0102106 0.0081254
4 0.154631 0.75869 0.0253395 0.0206968 0.00807167
6 0.238754 0.731746 0.0406471 0.0457292 0.00805312
1 0.238754 0.731746 0.0406471 0.0457292 0.00802704
1 0.24904 0.732025 0.0212827 0.029535 0.00766125
1 0.453842 0.715245 0.0158654 0.0216293 0.007633
1 0.302739 0.690447 0.030861 0.0300336 0.00757727
4 0.337141 0.750075 0.0103162 0.0135761 0.00741516
7 0.356089 0.701788 0.0102302 0.0164403 0.0071433
1 0.48247 0.620163 0.0144361 0.0170467 0.00689772
6 0.394604 0.753586 0.03175 0.0290979 0.00688792
6 0.444907 0.729231 0.0285542 0.0519545 0.00687557
1 0.310863 0.74842 0.00824677 0.01238 0.00684079
1 0.203871 0.669243 0.0287342 0.0292923 0.00673882
1 0.383653 0.748751 0.0165244 0.043427 0.00668368
4 0.319005 0.766203 0.0154832 0.0176928 0.006629
6 0.429856 0.678263 0.0340046 0.0475128 0.00641534
1 0.512578 0.625078 0.00895532 0.0508508 0.00627137
1 0.205326 0.687728 0.0279625 0.0330953 0.0062173
1 0.249199 0.725513 0.0186484 0.0290533 0.00620077
1 0.318566 0.738324 0.00561053 0.00998632 0.00608128
6 0.396271 0.69053 0.0332692 0.0449111 0.00604711
4 0.301577 0.764422 0.0119815 0.0204695 0.00572784
1 0.247176 0.704123 0.0101638 0.0163078 0.00572191
1 0.272182 0.742476 0.00980045 0.0191096 0.00530204
1 0.525196 0.625881 0.0300509 0.0455111 0.00522438
6 0.383653 0.748751 0.0165244 0.043427 0.00496836
4 0.310863 0.74842 0.00824677 0.01238 0.00490383
1 0.278835 0.704357 0.0114003 0.0164884 0.00486917
6 0.15979 0.760692 0.018551 0.0270813 0.00481548
1 0.190306 0.740077 0.0121076 0.0354818 0.00474171
4 0.160823 0.755837 0.0153042 0.019888 0.0047137
1 0.325868 0.713169 0.0111524 0.0107225 0.00465817
1 0.112493 0.715631 0.0200861 0.0330619 0.0046184
4 0.275756 0.767385 0.0163722 0.0278089 0.00461521
1 0.400946 0.720623 0.0278283 0.0370116 0.00445946
7 0.530242 0.626411 0.013429 0.0294781 0.00445448
4 0.354322 0.758439 0.00903009 0.0181742 0.00423219
1 0.229071 0.732543 0.0256557 0.0428404 0.004084
1 0.317722 0.715084 0.00574274 0.014593 0.00400275
1 0.389341 0.695448 0.0158038 0.0307454 0.00387964
1 0.0532195 0.712965 0.011974 0.0268677 0.00385082
7 0.274173 0.753303 0.011663 0.0118175 0.00382289
4 0.0943501 0.768954 0.0210603 0.0287166 0.00365098
7 0.284858 0.744965 0.00805823 0.014368 0.00359507
4 0.399496 0.777323 0.0290381 0.0490506 0.00358314
1 0.159078 0.74584 0.0164133 0.0213586 0.00356524
4 0.0879421 0.762134 0.0168329 0.0213812 0.00351657
1 0.16055 0.754675 0.0148443 0.0206779 0.00332643
1 0.200687 0.675154 0.0315034 0.027955 0.0032451
7 0.373134 0.68386 0.0120567 0.017407 0.00318446
4 0.284858 0.744965 0.00805823 0.014368 0.00316141
6 0.231972 0.74463 0.0504674 0.062418 0.00309887
1 0.430388 0.727629 0.0327513 0.0593563 0.00303572
1 0.444907 0.729231 0.0285542 0.0519545 0.00295739
7 0.334976 0.698302 0.0118041 0.016153 0.00291221
1 0.444825 0.724194 0.0178992 0.0420535 0.00283774
1 0.274173 0.753303 0.011663 0.0118175 0.00283041
6 0.248544 0.738042 0.0630311 0.0465134 0.00282214
22 0.021744 0.579728 0.0430958 0.106654 0.00280077
6 0.488512 0.754808 0.0203388 0.0187843 0.00278355
1 0.311967 0.705916 0.0195652 0.0180492 0.00271483
1 0.354932 0.710124 0.0142865 0.015434 0.00269594
6 0.444825 0.724194 0.0178992 0.0420535 0.00265617
7 0.372878 0.709743 0.0131971 0.0166493 0.00264963
6 0.451088 0.741282 0.0300927 0.0405043 0.00262121
12 0.232936 0.730175 0.0218777 0.033575 0.00254277
4 0.164267 0.762088 0.013101 0.0227372 0.00253158
6 0.50523 0.747459 0.0452729 0.0263435 0.00252429
15 0.505167 0.752315 0.0477037 0.023573 0.00242151
1 0.340601 0.71342 0.0190909 0.0173157 0.00236559
7 0.325868 0.713169 0.0111524 0.0107225 0.00224192
1 0.115839 0.740244 0.0202844 0.0381015 0.00221497
4 0.488512 0.754808 0.0203388 0.0187843 0.0022023
1 0.196522 0.716022 0.0173156 0.0320499 0.00219703
4 0.341571 0.773865 0.0235889 0.0291883 0.0021936
6 0.109951 0.760131 0.0275657 0.0254161 0.00218927
1 0.211256 0.673749 0.0402804 0.0303722 0.00218222
6 0.219641 0.736198 0.010948 0.0461389 0.00217804
6 0.449788 0.733696 0.0489045 0.0576937 0.00214871
1 0.0798973 0.616479 0.0887063 0.0628507 0.00213775
6 0.229071 0.732543 0.0256557 0.0428404 0.00213619
4 0.513858 0.745523 0.0277122 0.020613 0.00211648
1 0.327177 0.742757 0.0100374 0.0156439 0.00208707
7 0.296291 0.75718 0.00775864 0.0122302 0.0020712
8 0.283135 0.776579 0.0136282 0.0356525 0.00197438
7 0.513994 0.626268 0.0112571 0.050435 0.0019352
1 0.790796 0.727553 0.0201666 0.0452972 0.0019306
4 0.4081 0.766102 0.0255367 0.0211862 0.00189252
1 0.336406 0.705346 0.0130327 0.0130796 0.00187729
1 0.126547 0.742778 0.0181949 0.0360819 0.00187097
2 0.102537 0.582322 0.00883274 0.0143003 0.00186936
7 0.338006 0.693855 0.0130389 0.0161788 0.00185348
6 0.372508 0.761134 0.0115431 0.0172697 0.00182324
1 0.265077 0.715342 0.0189365 0.0217165 0.00180881
7 0.510895 0.625634 0.0105954 0.0502148 0.00177049
4 0.504817 0.760473 0.0455993 0.0264477 0.00172258
1 0.18562 0.743151 0.0130977 0.0295653 0.00170917
6 0.187514 0.751903 0.0126482 0.0270736 0.00168746
7 0.278835 0.704357 0.0114003 0.0164884 0.00164276
1 0.401271 0.740148 0.0430712 0.0710859 0.00164088
1 0.402406 0.669667 0.0223194 0.0195032 0.00160191
6 0.46554 0.741872 0.0292794 0.040418 0.00159839
1 0.198714 0.650899 0.0249139 0.0321268 0.00157969
4 0.296291 0.75718 0.00775864 0.0122302 0.00157517
4 0.345189 0.780365 0.017412 0.0268898 0.00157286
1 0.372866 0.73954 0.011469 0.0313907 0.00155471
6 0.400946 0.720623 0.0278283 0.0370116 0.00154554
4 0.15979 0.760692 0.018551 0.0270813 0.00152578
1 0.0344524 0.699794 0.0181545 0.020834 0.00152036
1 0.480369 0.638535 0.02029 0.04487 0.00151234
1 0.334976 0.698302 0.0118041 0.016153 0.0015074
6 0.463813 0.733842 0.0475368 0.0558054 0.00149213
1 0.628762 0.723914 0.0094585 0.0402662 0.00147109
1 0.0943968 0.761226 0.028007 0.0254534 0.00147103
1 0.0592855 0.707431 0.0196265 0.0305293 0.00146827
0 0.283135 0.776579 0.0136282 0.0356525 0.00142382
1 0.395203 0.765867 0.0378104 0.0395966 0.00136949
1 0.337141 0.750075 0.0103162 0.0135761 0.00136851
1 0.792608 0.599953 0.101655 0.125287 0.00136651
7 0.29509 0.715822 0.0307737 0.025917 0.00133796
4 0.290481 0.7799 0.0176821 0.0403884 0.00133485
4 0.0954702 0.757747 0.0235628 0.031003 0.00129513
7 0.305361 0.756948 0.00781015 0.0130893 0.00129374
4 0.278469 0.756441 0.00737473 0.0101069 0.00127634
4 0.423117 0.752062 0.0169403 0.019133 0.00126465
1 0.263785 0.709738 0.0197077 0.020569 0.00125362
1 0.251274 0.703355 0.0102849 0.014151 0.00124836
13 0.790057 0.72217 0.0192097 0.023065 0.00124005
4 0.336334 0.779042 0.0226529 0.0290547 0.00124002
6 0.351029 0.762598 0.016439 0.0205513 0.0012383
7 0.288542 0.736582 0.0105724 0.0102106 0.0012365
1 0.437313 0.649514 0.0183298 0.020127 0.00121831
1 0.193222 0.660477 0.0350078 0.0349161 0.00121191
6 0.18477 0.7542 0.0118474 0.0210078 0.00120378
5 0.28312 0.783648 0.0138297 0.0409348 0.00118997
6 0.513858 0.745523 0.0277122 0.020613 0.00117241
6 0.284858 0.744965 0.00805823 0.014368 0.00115884
1 0.00468451 0.673808 0.00936903 0.031812 0.00115616
6 0.127227 0.756146 0.0182287 0.0277398 0.0011498
4 0.366504 0.770711 0.0221273 0.0340859 0.00114817
1 0.792751 0.516529 0.0960582 0.0457909 0.00114484
15 0.284858 0.744965 0.00805823 0.014368 0.00113098
7 0.441074 0.686741 0.0108039 0.0306518 0.00112624
6 0.399496 0.777323 0.0290381 0.0490506 0.00112293
6 0.249336 0.763873 0.0615772 0.053094 0.00111912
15 0.160823 0.755837 0.0153042 0.019888 0.00110942
1 0.154631 0.75869 0.0253395 0.0206968 0.00109438
1 0.336334 0.688659 0.0126559 0.0201275 0.00109213
1 0.114659 0.702492 0.0196658 0.0482699 0.00108053
1 0.359994 0.687715 0.0127673 0.0184381 0.00107652
0 0.274173 0.753303 0.011663 0.0118175 0.00106804
7 0.178861 0.637595 0.0107426 0.0151674 0.0010593
1 0.0967397 0.749925 0.0219628 0.0322537 0.00105157
1 0.0400681 0.715553 0.0162991 0.0347394 0.00104694
1 0.533348 0.621517 0.0289778 0.0452824 0.00101164
1 0.244536 0.691073 0.0460759 0.0239727 0.00100564
