1 0.269408 0.72185 0.0158586 0.0220596 0.427051
4 0.371723 0.729399 0.00925079 0.0115061 0.393029
4 0.740559 0.730974 0.0289923 0.0175073 0.29197
4 0.382138 0.729178 0.0102433 0.0140106 0.254766
1 0.294374 0.713446 0.0159541 0.0183275 0.171016
4 0.393662 0.726199 0.0220823 0.0180595 0.170785
6 0.773294 0.691784 0.0488687 0.0269484 0.14502
4 0.114491 0.837248 0.0137064 0.0140625 0.128064
4 0.114696 0.831896 0.0129006 0.0194577 0.0984262
4 0.833634 0.686736 0.0171833 0.0140812 0.0895648
15 0.773398 0.690746 0.0477423 0.0248084 0.0700676
4 0.11206 0.842981 0.0165562 0.0143006 0.0646747
15 0.393662 0.726199 0.0220823 0.0180595 0.0635485
5 0.268318 0.821398 0.00987445 0.0223704 0.0608432
6 0.8786 0.687824 0.0345886 0.0284984 0.0554658
4 0.00586907 0.761926 0.0117381 0.0179253 0.0538781
8 0.268318 0.821398 0.00987445 0.0223704 0.0517295
6 0.393662 0.726199 0.0220823 0.0180595 0.047979
4 0.836976 0.683346 0.0182977 0.0143019 0.0376835
6 0.114995 0.836158 0.015533 0.017955 0.0375653
4 0.8786 0.687824 0.0345886 0.0284984 0.0374753
4 0.230396 0.762754 0.00939865 0.0145938 0.036061
0 0.268318 0.821398 0.00987445 0.0223704 0.0351721
4 0.99338 0.665816 0.0127567 0.0206626 0.0350665
4 0.0386169 0.826689 0.0129461 0.0138794 0.0336651
4 0.881069 0.682107 0.0305784 0.0220752 0.0335263
6 0.0672713 0.889009 0.0153471 0.0270643 0.0327922
1 0.268318 0.821398 0.00987445 0.0223704 0.0322138
4 0.567635 0.732535 0.0179782 0.0132947 0.0315205
4 0.00615283 0.769997 0.0119822 0.0161994 0.0290375
4 0.990811 0.740965 0.0133682 0.0144093 0.0283928
6 0.0837429 0.869046 0.0225341 0.0243696 0.0274572
6 0.157555 0.954274 0.039939 0.0451796 0.0264502
4 0.268318 0.821398 0.00987445 0.0223704 0.0262782
4 0.978758 0.740128 0.0149158 0.0147885 0.0259529
4 0.371378 0.721964 0.00726947 0.0217217 0.0255223
6 0.00586907 0.761926 0.0117381 0.0179253 0.0239
6 0.129364 0.743145 0.0372527 0.0244103 0.0231478
4 0.623368 0.731223 0.0154529 0.0139029 0.0230128
6 0.881069 0.682107 0.0305784 0.0220752 0.0227786
4 0.994011 0.651737 0.0119778 0.0169967 0.0226007
1 0.230396 0.762754 0.00939865 0.0145938 0.0224768
0 0.890762 0.73092 0.00781366 0.0212102 0.0223411
6 0.11206 0.842981 0.0165562 0.0143006 0.0222397
6 0.114696 0.831896 0.0129006 0.0194577 0.0218144
4 0.156952 0.956662 0.033488 0.038599 0.0214848
4 0.332914 0.741207 0.00757468 0.0158238 0.0194485
5 0.393662 0.726199 0.0220823 0.0180595 0.0194454
4 0.773294 0.691784 0.0488687 0.0269484 0.0190433
4 0.812374 0.686465 0.0599011 0.0187269 0.0189854
4 0.0670457 0.888176 0.0165096 0.0266776 0.0187454
5 0.548877 0.730191 0.0105966 0.017807 0.0182184
6 0.806995 0.687245 0.066392 0.0210503 0.0179301
4 0.0842849 0.870159 0.0166785 0.0210636 0.0176167
4 0.975073 0.74023 0.0164246 0.0156619 0.0173881
6 0.0875679 0.8646 0.0179544 0.0220741 0.0170589
8 0.331536 0.74846 0.00834055 0.0150639 0.0162014
4 0.89175 0.676658 0.0199197 0.020409 0.0160162
4 0.758876 0.67454 0.0146766 0.0161162 0.0156722
4 0.333947 0.742063 0.00920667 0.00830821 0.0154534
6 0.371723 0.729399 0.00925079 0.0115061 0.0151171
5 0.371723 0.729399 0.00925079 0.0115061 0.0151032
4 0.884452 0.677485 0.0235125 0.021757 0.0149846
6 0.758876 0.67454 0.0146766 0.0161162 0.0147577
1 0.268942 0.730172 0.0155338 0.0298808 0.0141645
0 0.371723 0.729399 0.00925079 0.0115061 0.0141567
4 0.124546 0.837512 0.0142603 0.0160079 0.013727
4 0.369447 0.837352 0.0110437 0.0161651 0.0133529
4 0.384622 0.722112 0.00960523 0.0220228 0.0132179
4 0.114735 0.784913 0.0148734 0.0151187 0.0130287
1 0.231437 0.767145 0.0108542 0.0218738 0.0128018
1 0.0672713 0.889009 0.0153471 0.0270643 0.0127335
4 0.343229 0.738831 0.00947394 0.0114612 0.0126539
4 0.992235 0.745377 0.0125578 0.0204814 0.0125121
6 0.269408 0.72185 0.0158586 0.0220596 0.012333
4 0.206931 0.879125 0.0233913 0.0271165 0.0123201
4 0.956457 0.73925 0.0162974 0.0151944 0.0122053
6 0.994011 0.651737 0.0119778 0.0169967 0.0119379
4 0.331536 0.74846 0.00834055 0.0150639 0.011658
6 0.0997816 0.851933 0.0197462 0.0171163 0.0116219
8 0.259858 0.819458 0.0140299 0.0221475 0.0115215
1 0.239492 0.737996 0.013045 0.010066 0.011306
4 0.664161 0.734191 0.0133745 0.0115292 0.0109712
5 0.259858 0.819458 0.0140299 0.0221475 0.0103507
4 0.240817 0.836664 0.015903 0.0173598 0.0102227
6 0.382138 0.729178 0.0102433 0.0140106 0.0100467
6 0.153294 0.740049 0.0102461 0.018849 0.0099964
1 0.293482 0.708588 0.0180251 0.0200697 0.00980861
1 0.299638 0.713817 0.0136923 0.0165307 0.0094586
4 0.0997816 0.851933 0.0197462 0.0171163 0.00943825
1 0.197027 0.785153 0.00971814 0.0167684 0.00941812
4 0.316148 0.757162 0.00809537 0.0114485 0.00935462
1 0.294043 0.698328 0.0212262 0.0230018 0.00927631
8 0.371723 0.729399 0.00925079 0.0115061 0.00926966
1 0.236293 0.742818 0.0104149 0.00959912 0.00922419
0 0.331536 0.74846 0.00834055 0.0150639 0.00917178
0 0.332914 0.741207 0.00757468 0.0158238 0.00875387
0 0.640911 0.600632 0.00627643 0.0151986 0.00870976
1 0.0842849 0.870159 0.0166785 0.0210636 0.00869321
1 0.128763 0.795335 0.00951976 0.017868 0.00861255
6 0.763931 0.676555 0.0241651 0.0201862 0.00858235
6 0.773258 0.679619 0.0450123 0.0267874 0.00847888
4 0.30778 0.761512 0.0069335 0.0132725 0.00825839
8 0.332914 0.741207 0.00757468 0.0158238 0.00819231
4 0.222385 0.763668 0.0131845 0.0163402 0.00810359
1 0.38175 0.662044 0.0133913 0.0095944 0.00793864
6 0.175673 0.727349 0.044076 0.0163191 0.00780018
6 0.771738 0.69889 0.053775 0.0409348 0.00779465
6 0.99338 0.665816 0.0127567 0.0206626 0.00777892
4 0.721721 0.62235 0.0173316 0.0153298 0.00766715
4 0.548877 0.730191 0.0105966 0.017807 0.00764017
1 0.297859 0.724016 0.0105446 0.0115297 0.00748273
4 0.259858 0.819458 0.0140299 0.0221475 0.00742913
5 0.382138 0.729178 0.0102433 0.0140106 0.00741823
1 0.127704 0.739146 0.0337581 0.0212343 0.00738611
1 0.114995 0.836158 0.015533 0.017955 0.00737789
4 0.0243671 0.758933 0.0254768 0.0144112 0.00737706
4 0.730391 0.622085 0.0205444 0.0148441 0.00734329
4 0.967531 0.739882 0.036425 0.0167464 0.00729354
0 0.548877 0.730191 0.0105966 0.017807 0.00723908
1 0.259858 0.819458 0.0140299 0.0221475 0.00709412
0 0.259858 0.819458 0.0140299 0.0221475 0.00703828
1 0.114696 0.831896 0.0129006 0.0194577 0.00699447
6 0.346837 0.81961 0.0284514 0.0251806 0.00690595
4 0.125105 0.831584 0.014424 0.0191504 0.00689912
4 0.231437 0.767145 0.0108542 0.0218738 0.00670266
4 0.361127 0.73692 0.0135725 0.00821973 0.00668618
5 0.567635 0.732535 0.0179782 0.0132947 0.00657518
4 0.0275558 0.772805 0.0167788 0.011779 0.00657136
4 0.662382 0.738407 0.012084 0.0131614 0.00652406
0 0.302719 0.923035 0.0128968 0.0252133 0.0065054
6 0.00615283 0.769997 0.0119822 0.0161994 0.00649153
1 0.355821 0.708504 0.00688925 0.0235962 0.00636262
4 0.396243 0.72636 0.0147711 0.0151388 0.00619718
1 0.371723 0.729399 0.00925079 0.0115061 0.00619244
1 0.27231 0.726311 0.0194431 0.0230764 0.00614054
4 0.878448 0.61995 0.0181549 0.0131744 0.00613684
5 0.157555 0.954274 0.039939 0.0451796 0.00606166
1 0.266756 0.746434 0.0106846 0.0206651 0.00594559
6 0.79247 0.690628 0.0914612 0.0245589 0.00592481
4 0.74205 0.722714 0.0241589 0.0235706 0.00579615
6 0.138873 0.826037 0.0131538 0.0182497 0.00577217
22 0.890762 0.73092 0.00781366 0.0212102 0.00574922
8 0.548877 0.730191 0.0105966 0.017807 0.00568745
1 0.249423 0.72362 0.0101555 0.0101617 0.00562396
1 0.242275 0.715381 0.0142488 0.0226281 0.00561179
6 0.980242 0.645627 0.012088 0.0361638 0.00560727
5 0.303428 0.8265 0.0105851 0.0162557 0.0055902
1 0.197254 0.793006 0.00843066 0.018434 0.00557079
1 0.268336 0.693451 0.0127083 0.022287 0.00555631
6 0.15205 0.747184 0.0142146 0.0186703 0.00542308
1 0.213473 0.770344 0.0121224 0.0178083 0.00541769
6 0.371378 0.721964 0.00726947 0.0217217 0.00539136
4 0.0199082 0.77331 0.0249217 0.0133804 0.00533548
4 0.863241 0.685761 0.0196913 0.0191098 0.00530477
6 0.84204 0.690536 0.0365335 0.0209961 0.00527113
4 0.387464 0.733203 0.0117185 0.0228417 0.00520888
1 0.351355 0.880454 0.0100558 0.020443 0.00519725
4 0.0359087 0.82581 0.0192375 0.0185794 0.00517815
1 0.550687 0.730115 0.0113691 0.017543 0.00517494
4 0.244287 0.823885 0.0138894 0.0169443 0.00516812
6 0.863241 0.685761 0.0196913 0.0191098 0.00514495
6 0.836976 0.683346 0.0182977 0.0143019 0.00504819
4 0.38175 0.662044 0.0133913 0.0095944 0.00503646
6 0.294374 0.713446 0.0159541 0.0183275 0.00500513
1 0.210317 0.773382 0.0168757 0.0174042 0.00496604
1 0.396243 0.72636 0.0147711 0.0151388 0.00496118
6 0.124546 0.837512 0.0142603 0.0160079 0.00493395
6 0.384622 0.722112 0.00960523 0.0220228 0.00491606
6 0.266712 0.821877 0.014912 0.0238142 0.00469107
4 0.401448 0.721143 0.0102133 0.0200996 0.00467254
4 0.993365 0.689048 0.0130129 0.0320874 0.00464846
4 0.659241 0.734526 0.0116438 0.0107749 0.00464356
4 0.0226798 0.821635 0.0139205 0.0166436 0.00459401
4 0.636483 0.738351 0.00785388 0.0130966 0.00454947
4 0.984562 0.744733 0.0216696 0.0216967 0.00454715
1 0.188793 0.727725 0.0203669 0.0137967 0.00450958
1 0.281615 0.718419 0.0121851 0.0185943 0.00437299
0 0.371378 0.721964 0.00726947 0.0217217 0.00435485
22 0.268318 0.821398 0.00987445 0.0223704 0.00434761
1 0.293754 0.725357 0.0107484 0.017178 0.00428702
6 0.550687 0.730115 0.0113691 0.017543 0.00417904
3 0.268318 0.821398 0.00987445 0.0223704 0.00417786
6 0.039311 0.830457 0.0217531 0.0184242 0.0041033
6 0.877365 0.695413 0.0340824 0.0378072 0.0040871
4 0.877803 0.678266 0.0333717 0.0235552 0.00406573
2 0.230396 0.762754 0.00939865 0.0145938 0.0040002
4 0.365568 0.737074 0.00879089 0.01549 0.00399982
6 0.90859 0.683437 0.0269089 0.0221593 0.00396216
8 0.316148 0.757162 0.00809537 0.0114485 0.00396202
4 0.982394 0.662985 0.0150307 0.0163174 0.00395415
4 0.213473 0.770344 0.0121224 0.0178083 0.00394092
6 0.567635 0.732535 0.0179782 0.0132947 0.0039339
6 0.749375 0.724621 0.051478 0.0334319 0.00391509
24 0.630629 0.598771 0.00925427 0.0160087 0.00391146
1 0.239344 0.748143 0.0186192 0.0215912 0.00390716
14 0.268318 0.821398 0.00987445 0.0223704 0.00389998
4 0.0875679 0.8646 0.0179544 0.0220741 0.00381202
4 0.312215 0.745032 0.00946503 0.00890571 0.00376358
8 0.623368 0.731223 0.0154529 0.0139029 0.00374451
4 0.00514726 0.74306 0.0102782 0.0220953 0.00367518
4 0.610499 0.662504 0.0106316 0.0171495 0.003668
1 0.346837 0.81961 0.0284514 0.0251806 0.00363854
4 0.00809188 0.778092 0.0129668 0.0244088 0.00363333
0 0.886342 0.72903 0.0118174 0.0183848 0.00362667
0 0.630629 0.598771 0.00925427 0.0160087 0.00361052
4 0.039311 0.830457 0.0217531 0.0184242 0.00360033
7 0.197027 0.785153 0.00971814 0.0167684 0.00358018
4 0.563284 0.736075 0.0123518 0.0172815 0.0035675
4 0.346837 0.81961 0.0284514 0.0251806 0.00356344
4 0.521576 0.754724 0.016606 0.0170385 0.00349022
6 0.0265165 0.742886 0.0257532 0.028134 0.00346263
4 0.610455 0.732715 0.0143844 0.0127472 0.00341892
1 0.235733 0.849505 0.0138315 0.0158765 0.00341158
1 0.0265165 0.742886 0.0257532 0.028134 0.0033981
6 0.139595 0.74541 0.0333171 0.0215951 0.00339268
6 0.0323836 0.916448 0.0227913 0.0215325 0.00336811
24 0.640911 0.600632 0.00627643 0.0151986 0.00336749
6 0.259858 0.819458 0.0140299 0.0221475 0.00333808
6 0.89175 0.676658 0.0199197 0.020409 0.00333724
4 0.0484393 0.83112 0.018973 0.0194921 0.00333317
1 0.302062 0.695036 0.0094408 0.0168233 0.00329181
4 0.840771 0.677158 0.0144133 0.021654 0.00327596
4 0.575558 0.734161 0.0131298 0.0115109 0.00327571
15 0.775185 0.697374 0.0465038 0.0348038 0.00326237
6 0.915413 0.68829 0.0311127 0.0254193 0.0032585
6 0.74696 0.67573 0.0152762 0.0191631 0.00325479
6 0.153577 0.957905 0.0286914 0.0369843 0.00323654
4 0.241058 0.671628 0.0115739 0.0118589 0.00323435
6 0.833634 0.686736 0.0171833 0.0140812 0.00319541
4 0.835709 0.677778 0.0187462 0.022533 0.00317573
1 0.23294 0.738948 0.0100099 0.0203987 0.00316405
6 0.0275558 0.772805 0.0167788 0.011779 0.00315286
6 0.188793 0.727725 0.0203669 0.0137967 0.00314751
5 0.331536 0.74846 0.00834055 0.0150639 0.00313789
4 0.239492 0.737996 0.013045 0.010066 0.0031184
6 0.740559 0.730974 0.0289923 0.0175073 0.00306961
4 0.84204 0.690536 0.0365335 0.0209961 0.00304312
1 0.613678 0.664793 0.0117533 0.0172182 0.00303458
4 0.90859 0.683437 0.0269089 0.0221593 0.00303222
4 0.138873 0.826037 0.0131538 0.0182497 0.00302871
6 0.0226798 0.821635 0.0139205 0.0166436 0.00302351
4 0.235733 0.849505 0.0138315 0.0158765 0.00299186
24 0.980242 0.645627 0.012088 0.0361638 0.00297302
4 0.00336032 0.760187 0.00672064 0.0149492 0.00295525
0 0.659241 0.734526 0.0116438 0.0107749 0.00290578
4 0.650567 0.727158 0.0177632 0.0190623 0.00289148
4 0.20714 0.764102 0.0109257 0.0177063 0.00288387
4 0.243046 0.843095 0.01296 0.0196788 0.00285948
4 0.511854 0.745583 0.0153179 0.0122684 0.00285045
1 0.349909 0.72469 0.00893954 0.0100627 0.00284476
4 0.795118 0.599295 0.0178282 0.016852 0.00279972
6 0.0414016 0.83541 0.0256856 0.0305237 0.00277708
6 0.79909 0.673658 0.0900551 0.0407651 0.00276475
6 0.104927 0.857417 0.0197985 0.0252859 0.00273591
24 0.655729 0.62565 0.0841174 0.0643811 0.00272368
4 0.61479 0.736591 0.0117549 0.0164219 0.00271489
6 0.197027 0.785153 0.00971814 0.0167684 0.00271343
6 0.230396 0.762754 0.00939865 0.0145938 0.00269924
24 0.665005 0.601559 0.0405823 0.0142912 0.00267782
6 0.0359087 0.82581 0.0192375 0.0185794 0.00267614
1 0.227586 0.865775 0.0100279 0.0242361 0.00266952
4 0.52707 0.759651 0.0116907 0.0129854 0.00266759
4 0.218625 0.870021 0.0139188 0.0178457 0.002666
0 0.257959 0.811248 0.0116419 0.0237909 0.00265799
6 0.116067 0.7884 0.0174886 0.0186013 0.00260493
6 0.114735 0.784913 0.0148734 0.0151187 0.00260106
0 0.268275 0.812871 0.0113533 0.0259962 0.00259827
6 0.257959 0.811248 0.0116419 0.0237909 0.00259476
1 0.211616 0.780521 0.0137201 0.0253593 0.00258673
4 0.294374 0.713446 0.0159541 0.0183275 0.00257796
4 0.0699761 0.87735 0.0128587 0.0218581 0.00255638
6 0.732615 0.69541 0.108416 0.0361232 0.00255207
1 0.15205 0.747184 0.0142146 0.0186703 0.00254985
7 0.640911 0.600632 0.00627643 0.0151986 0.00252237
8 0.333947 0.742063 0.00920667 0.00830821 0.00251431
1 0.222385 0.763668 0.0131845 0.0163402 0.0024999
4 0.210317 0.773382 0.0168757 0.0174042 0.00249689
6 0.884452 0.677485 0.0235125 0.021757 0.00248376
4 0.322351 0.741587 0.00905762 0.0174431 0.00246458
5 0.244287 0.823885 0.0138894 0.0169443 0.00246035
24 0.129364 0.743145 0.0372527 0.0244103 0.00245036
1 0.0875679 0.8646 0.0179544 0.0220741 0.0024478
4 0.201536 0.874766 0.0245731 0.0275979 0.00244602
6 0.0243671 0.758933 0.0254768 0.0144112 0.00243863
1 0.0386169 0.826689 0.0129461 0.0138794 0.00242137
6 0.923243 0.676371 0.0515158 0.0437509 0.00239774
22 0.548877 0.730191 0.0105966 0.017807 0.00237905
4 0.538825 0.740356 0.00998944 0.0105565 0.00237453
1 0.176771 0.726003 0.0427915 0.0159107 0.00236085
0 0.296088 0.763556 0.00751437 0.0180295 0.0023554
0 0.322351 0.741587 0.00905762 0.0174431 0.00234946
5 0.623368 0.731223 0.0154529 0.0139029 0.00234254
4 0.763931 0.676555 0.0241651 0.0201862 0.00234157
6 0.0874201 0.736318 0.0338132 0.0418338 0.00230809
4 0.0563489 0.837545 0.0179735 0.0157401 0.00230463
1 0.237236 0.826303 0.0141872 0.0232639 0.00228201
1 0.11206 0.842981 0.0165562 0.0143006 0.00227945
6 0.884327 0.667307 0.0459124 0.0451302 0.00227199
4 0.986997 0.656707 0.0206038 0.02378 0.00225482
