3 0.507611 0.748987 0.14966 0.364461 0.950161
14 0.744758 0.722198 0.207062 0.555603 0.821346
4 0.128127 0.454508 0.0538038 0.0301666 0.0189824
1 0.0525717 0.438698 0.00899974 0.0161469 0.0118438
1 0.241973 0.376592 0.0108349 0.0312387 0.00896412
4 0.188492 0.473614 0.0138595 0.022086 0.00740023
7 0.241298 0.377167 0.0107232 0.042992 0.00653668
1 0.184881 0.430356 0.0147333 0.0407228 0.00583444
15 0.129501 0.454923 0.0519122 0.0291348 0.0046852
7 0.243178 0.38369 0.0118173 0.0458978 0.00384087
1 0.240798 0.368716 0.0107202 0.0318203 0.00362416
38 0.745035 0.720925 0.206995 0.554183 0.00340694
4 0.186222 0.469154 0.0193299 0.0289624 0.00297575
18 0.50733 0.746634 0.151405 0.36027 0.00252234
2 0.165105 0.261522 0.00929375 0.0157652 0.00231541
4 0.165793 0.466796 0.0610327 0.0368774 0.00172912
4 0.205226 0.474226 0.0593869 0.0410622 0.00171771
7 0.184881 0.430356 0.0147333 0.0407228 0.00168403
15 0.150736 0.459139 0.0873669 0.0347231 0.00158635
32 0.88058 0.525204 0.0229309 0.0187783 0.00157222
15 0.202658 0.471196 0.0570927 0.0366282 0.00150068
15 0.0993429 0.447087 0.11386 0.0485572 0.00146635
8 0.50733 0.746634 0.151405 0.36027 0.00144382
1 0.243178 0.38369 0.0118173 0.0458978 0.0013018
2 0.521804 0.195738 0.0104487 0.020887 0.00119292
4 0.150736 0.459139 0.0873669 0.0347231 0.00118918
10 0.52209 0.686854 0.0200759 0.030776 0.00101122
