4 0.655973 0.749128 0.134417 0.145404 0.931664
4 0.438074 0.736169 0.118839 0.12798 0.923635
4 0.195133 0.732205 0.165407 0.129368 0.868507
4 0.346754 0.707648 0.0549142 0.0569068 0.771841
7 0.979299 0.0459486 0.0380139 0.0863601 0.474665
7 0.504528 0.488319 0.0268277 0.0492802 0.382247
4 0.243881 0.72845 0.0663791 0.0982858 0.367057
4 0.298115 0.688772 0.0307406 0.0496306 0.25863
2 0.664128 0.51129 0.00891626 0.0148337 0.196405
2 0.631837 0.517274 0.00737018 0.0146483 0.11355
2 0.661087 0.512108 0.0122369 0.015382 0.0664601
7 0.553163 0.458576 0.0352468 0.0549671 0.0621459
2 0.631423 0.520733 0.00893585 0.0187052 0.0522087
4 0.209109 0.718536 0.119498 0.0990966 0.0375877
7 0.621526 0.681923 0.011142 0.0213426 0.0324039
2 0.640494 0.515412 0.00921826 0.0125541 0.0304487
4 0.125659 0.741508 0.0466646 0.0914941 0.0302335
4 0.307017 0.687145 0.0143144 0.0332223 0.0278015
7 0.506183 0.454181 0.0305422 0.0459835 0.0222956
2 0.6277 0.357054 0.00899616 0.010628 0.0218035
7 0.979946 0.0830719 0.0379583 0.150904 0.0175423
4 0.0718594 0.696481 0.0268263 0.0546889 0.016131
4 0.0513764 0.704227 0.0679444 0.0639818 0.0159354
7 0.506342 0.475988 0.0279867 0.0566279 0.0156947
7 0.503062 0.425226 0.0385161 0.0801878 0.015433
1 0.662629 0.59766 0.0131014 0.0381474 0.0145193
8 0.124095 0.745492 0.0461247 0.0865264 0.0136899
4 0.256329 0.68355 0.0198131 0.0311432 0.0123678
7 0.503044 0.501816 0.0291314 0.0685428 0.0115772
1 0.643935 0.657323 0.0215996 0.0405102 0.0105209
1 0.663287 0.646201 0.0132217 0.0629028 0.0102298
1 0.25799 0.645031 0.00724631 0.0223606 0.00920251
1 0.651441 0.654252 0.0100295 0.0435165 0.00909421
2 0.671299 0.355087 0.00874524 0.0128713 0.00828385
2 0.637156 0.521243 0.0164885 0.0181392 0.00821384
7 0.556089 0.475748 0.0382977 0.0505547 0.00819602
4 0.495605 0.711375 0.0109608 0.0155321 0.00812591
7 0.530739 0.47166 0.0218472 0.0469364 0.00787388
7 0.504885 0.438135 0.0295095 0.0662965 0.00774384
2 0.6839 0.355764 0.0111124 0.0153543 0.00706011
7 0.622671 0.670464 0.0117812 0.0234112 0.00683295
2 0.640384 0.35321 0.0106149 0.0191255 0.00601206
4 0.00836614 0.706632 0.0164793 0.0540783 0.00574418
7 0.534857 0.458904 0.0260347 0.0543744 0.00540602
7 0.494421 0.487653 0.0339498 0.0513242 0.00510523
1 0.60941 0.565472 0.0230702 0.0307976 0.00502727
4 0.0854763 0.697348 0.0513276 0.064033 0.00465877
7 0.625093 0.677943 0.0114042 0.0190528 0.00461666
7 0.556194 0.447237 0.0389636 0.0629835 0.00449397
4 0.260219 0.689314 0.0249042 0.0414894 0.00441879
4 0.331349 0.701107 0.0339938 0.0469308 0.00410384
2 0.622641 0.533714 0.0108632 0.0156309 0.00406931
7 0.524999 0.470418 0.0543925 0.0675077 0.00406921
4 0.603992 0.750424 0.0315339 0.0966752 0.00403257
7 0.483284 0.651632 0.017805 0.0345638 0.00400282
1 0.257962 0.652665 0.00940645 0.0339856 0.00384577
7 0.563505 0.481871 0.0402169 0.0394001 0.00372888
1 0.504599 0.646896 0.0250063 0.0515585 0.00368337
4 0.104512 0.700869 0.0894443 0.0696573 0.00349953
4 0.262416 0.701272 0.0268181 0.0391586 0.00341215
4 0.244576 0.709407 0.0460029 0.0752007 0.00304032
8 0.243881 0.72845 0.0663791 0.0982858 0.00299871
1 0.489883 0.648728 0.0179297 0.047459 0.00294581
4 0.50083 0.711529 0.0142887 0.0155414 0.00266168
7 0.536638 0.444224 0.0419891 0.069466 0.00260839
1 0.610513 0.558332 0.0195615 0.0252824 0.00249493
1 0.396538 0.635294 0.0310425 0.0634551 0.00244041
1 0.636561 0.657229 0.0305271 0.0414133 0.00228735
7 0.616205 0.689686 0.012851 0.0229801 0.00224807
7 0.494813 0.419141 0.0619053 0.0922979 0.00219574
7 0.63334 0.516142 0.0099303 0.0136773 0.00217856
1 0.624385 0.60484 0.0262627 0.0437846 0.00207899
1 0.605138 0.454246 0.0688123 0.0790186 0.00205162
1 0.25723 0.609247 0.0360567 0.054104 0.0020509
4 0.0116185 0.700826 0.0212712 0.065402 0.00197282
7 0.398942 0.559131 0.0367966 0.0590494 0.00182939
1 0.385728 0.649344 0.0316455 0.0467138 0.00175827
0 0.307017 0.687145 0.0143144 0.0332223 0.00175379
2 0.664994 0.518086 0.00918518 0.0245942 0.00170563
1 0.617485 0.546504 0.0138271 0.0192053 0.00165734
2 0.655611 0.524023 0.00741956 0.0140196 0.00164831
4 0.0304968 0.708641 0.0581331 0.060743 0.00160479
4 0.249788 0.686962 0.0311392 0.0402688 0.00156226
4 0.123207 0.722818 0.0516852 0.082616 0.00153533
4 0.195058 0.708374 0.0833333 0.0797571 0.00151553
1 0.422011 0.429728 0.0929116 0.0887679 0.00148519
2 0.979932 0.0418597 0.0378923 0.0746826 0.00145766
4 0.263295 0.716018 0.0283788 0.0460788 0.0014245
4 0.311769 0.691054 0.0190852 0.0392063 0.00141282
2 0.681733 0.350579 0.0156605 0.0231451 0.00133117
8 0.980008 0.0350145 0.0376656 0.0685083 0.00131022
4 0.284558 0.684449 0.0358647 0.0562444 0.00130121
2 0.628933 0.349338 0.0110286 0.0194361 0.00127441
4 0.093633 0.706553 0.0617655 0.0590686 0.00126906
7 0.494495 0.435372 0.0458081 0.0690182 0.00126162
0 0.602077 0.754825 0.0273907 0.0841456 0.00125279
4 0.393584 0.733437 0.0324529 0.0939613 0.00123065
4 0.494622 0.706254 0.0112682 0.0172625 0.00120644
1 0.635257 0.662373 0.0209152 0.0394373 0.00120203
4 0.23007 0.714495 0.0803417 0.0900199 0.00113372
1 0.609317 0.641398 0.0167268 0.0476631 0.00112158
7 0.553686 0.434517 0.0512001 0.0809315 0.00106545
6 0.292517 0.688708 0.0342364 0.0502978 0.00104421
8 0.297789 0.692342 0.0323756 0.0439476 0.00102527
1 0.621526 0.681923 0.011142 0.0213426 0.00102493
