6 0.932521 0.723249 0.133452 0.422059 0.966579
4 0.162904 0.780826 0.155065 0.146629 0.952038
1 0.55893 0.566197 0.1053 0.0907678 0.93557
1 0.71094 0.564599 0.108794 0.0913915 0.912683
1 0.271725 0.601303 0.0486295 0.0547879 0.887201
4 0.484809 0.743719 0.0314815 0.0401058 0.881292
4 0.418589 0.753583 0.0544531 0.0620335 0.877936
4 0.368078 0.739029 0.0317074 0.0382992 0.863851
1 0.861275 0.677515 0.0252902 0.0667304 0.770302
1 0.668804 0.707575 0.0144956 0.0382344 0.765083
1 0.345644 0.602099 0.0474564 0.0514753 0.751618
1 0.281096 0.678217 0.0283233 0.019338 0.703666
6 0.461539 0.716169 0.013304 0.0254203 0.614764
1 0.596762 0.715312 0.0108716 0.0129021 0.59905
1 0.396129 0.681727 0.0209142 0.0171017 0.594676
1 0.364547 0.684012 0.015278 0.0170355 0.420487
4 0.392977 0.734961 0.012114 0.0222748 0.18246
4 0.427556 0.72036 0.00838416 0.0109432 0.159754
1 0.59716 0.707769 0.00930511 0.0199126 0.158312
4 0.443431 0.731016 0.0105373 0.0187945 0.132543
15 0.461539 0.716169 0.013304 0.0254203 0.126495
4 0.42294 0.717709 0.0100675 0.0114704 0.114427
4 0.468294 0.730207 0.00921024 0.0150407 0.107989
4 0.462271 0.727935 0.0134088 0.0157379 0.103582
4 0.383963 0.737763 0.0114391 0.0277197 0.103539
4 0.440914 0.724074 0.00916241 0.0152005 0.099246
1 0.242056 0.674699 0.0243166 0.0139844 0.0871649
1 0.261939 0.676993 0.0208718 0.0163154 0.0699506
1 0.361623 0.685946 0.0117355 0.0162067 0.0677922
1 0.395701 0.687067 0.0168949 0.0165707 0.0608075
1 0.374694 0.683948 0.0144283 0.01637 0.0579508
1 0.363122 0.694059 0.0119265 0.0110301 0.0552602
4 0.401984 0.716007 0.00881448 0.00986769 0.0542715
6 0.479606 0.720326 0.0178342 0.0198998 0.0511051
1 0.38409 0.699316 0.00855878 0.0100056 0.0497979
1 0.687833 0.703725 0.0312952 0.0351154 0.0453497
1 0.518998 0.703985 0.00654004 0.0122539 0.0452373
1 0.387297 0.701459 0.010556 0.0167405 0.0414521
4 0.396173 0.742998 0.0105996 0.0278912 0.0402767
1 0.319891 0.703188 0.0113303 0.0116081 0.040046
4 0.479606 0.720326 0.0178342 0.0198998 0.0385264
1 0.360351 0.693181 0.00989771 0.0108968 0.0366527
4 0.979236 0.62942 0.0400811 0.193513 0.0362289
1 0.51898 0.713685 0.00755316 0.0166946 0.0345461
6 0.440914 0.724074 0.00916241 0.0152005 0.0315543
1 0.274705 0.678595 0.0425301 0.0223505 0.0295137
1 0.390878 0.702823 0.00848038 0.019391 0.0287737
1 0.0580058 0.593817 0.0420903 0.104666 0.02746
4 0.495039 0.714761 0.0105206 0.013631 0.0272699
1 0.401984 0.716007 0.00881448 0.00986769 0.0262845
6 0.427556 0.72036 0.00838416 0.0109432 0.0250529
4 0.987329 0.638636 0.0250923 0.194323 0.0243252
4 0.442793 0.74836 0.0132594 0.0295013 0.0225896
1 0.333369 0.717713 0.00894073 0.0251458 0.0211408
1 0.384138 0.71691 0.00952817 0.00973348 0.0205691
4 0.461539 0.716169 0.013304 0.0254203 0.0200785
1 0.40217 0.704279 0.00852011 0.0174363 0.0197788
4 0.437604 0.713491 0.00934952 0.0171822 0.0191527
1 0.591038 0.717201 0.0240877 0.0129151 0.0182637
1 0.717903 0.688044 0.0112241 0.0202825 0.0177799
6 0.42294 0.717709 0.0100675 0.0114704 0.0176913
1 0.244903 0.675886 0.0324401 0.0196834 0.0173175
1 0.321746 0.716472 0.0118481 0.0321218 0.0170181
1 0.461959 0.716223 0.0148643 0.0286756 0.0169159
1 0.515418 0.706177 0.00925082 0.00950349 0.0166535
1 0.593878 0.713342 0.017261 0.0168452 0.0161769
1 0.600019 0.707169 0.0118446 0.0213023 0.0161741
1 0.308693 0.600787 0.0289745 0.0464243 0.0150514
1 0.463007 0.705563 0.0117611 0.0154149 0.0150118
1 0.119877 0.699583 0.0115656 0.022623 0.0149378
4 0.397434 0.718135 0.0108507 0.0101653 0.0148231
4 0.429419 0.753234 0.0305226 0.0617915 0.0146274
4 0.987323 0.586952 0.0228623 0.0818084 0.0145514
1 0.397434 0.718135 0.0108507 0.0101653 0.014494
1 0.42294 0.717709 0.0100675 0.0114704 0.0142726
4 0.506972 0.731174 0.00701675 0.014135 0.0141964
6 0.463007 0.705563 0.0117611 0.0154149 0.0140831
6 0.437604 0.713491 0.00934952 0.0171822 0.013561
1 0.428048 0.685465 0.00921616 0.0128114 0.0126253
6 0.401984 0.716007 0.00881448 0.00986769 0.0122231
1 0.495039 0.714761 0.0105206 0.013631 0.0121536
7 0.518998 0.703985 0.00654004 0.0122539 0.0119629
4 0.384138 0.71691 0.00952817 0.00973348 0.0116108
1 0.503005 0.721931 0.00939258 0.014882 0.0106592
1 0.352586 0.686984 0.0125938 0.0143045 0.0105198
6 0.495039 0.714761 0.0105206 0.013631 0.0104711
6 0.384138 0.71691 0.00952817 0.00973348 0.0103867
7 0.546747 0.697399 0.00730359 0.0139469 0.0101555
4 0.462817 0.737979 0.0135883 0.0239614 0.00907902
1 0.546747 0.697399 0.00730359 0.0139469 0.00882659
1 0.421395 0.685539 0.0110426 0.0133081 0.00853452
6 0.483206 0.712615 0.0171151 0.0151687 0.00846558
15 0.479606 0.720326 0.0178342 0.0198998 0.00803152
6 0.410308 0.703335 0.00962857 0.013428 0.00800308
6 0.396129 0.681727 0.0209142 0.0171017 0.00766806
6 0.364547 0.684012 0.015278 0.0170355 0.00766502
1 0.444183 0.694042 0.0100532 0.0156619 0.00722527
6 0.40217 0.704279 0.00852011 0.0174363 0.00719479
6 0.397434 0.718135 0.0108507 0.0101653 0.00701921
1 0.363732 0.702967 0.0178066 0.0185293 0.00688903
4 0.463007 0.705563 0.0117611 0.0154149 0.00686454
4 0.40217 0.704279 0.00852011 0.0174363 0.00663399
1 0.440854 0.68605 0.00796106 0.0138988 0.00660997
4 0.38409 0.699316 0.00855878 0.0100056 0.00650666
6 0.281096 0.678217 0.0283233 0.019338 0.00626414
1 0.318949 0.709207 0.0164597 0.0216434 0.00590988
4 0.508815 0.736658 0.0114805 0.0198609 0.00572393
4 0.395701 0.687067 0.0168949 0.0165707 0.00529781
6 0.462271 0.727935 0.0134088 0.0157379 0.00527268
6 0.390878 0.702823 0.00848038 0.019391 0.00515638
1 0.496639 0.707024 0.0109909 0.0183675 0.00504816
6 0.392977 0.734961 0.012114 0.0222748 0.00492688
4 0.483206 0.712615 0.0171151 0.0151687 0.00489942
1 0.264027 0.681726 0.0468877 0.0221793 0.0048861
1 0.53884 0.721887 0.00946857 0.0206656 0.00478847
1 0.987323 0.586952 0.0228623 0.0818084 0.0047339
6 0.361623 0.685946 0.0117355 0.0162067 0.00463534
1 0.410308 0.703335 0.00962857 0.013428 0.00460019
1 0.508468 0.703294 0.00959134 0.0109383 0.00458903
7 0.583812 0.685627 0.00724707 0.0140072 0.00453243
7 0.119877 0.699583 0.0115656 0.022623 0.00452839
1 0.346368 0.686285 0.0107398 0.0146038 0.0044315
1 0.565403 0.69369 0.00896765 0.0146461 0.00441861
1 0.437604 0.713491 0.00934952 0.0171822 0.00438097
6 0.387297 0.701459 0.010556 0.0167405 0.00436203
6 0.444183 0.694042 0.0100532 0.0156619 0.00431997
1 0.418674 0.696435 0.00612485 0.0083462 0.00425599
1 0.427556 0.72036 0.00838416 0.0109432 0.00423942
1 0.584162 0.698049 0.0098537 0.0122662 0.00420685
6 0.321746 0.716472 0.0118481 0.0321218 0.00412671
4 0.34677 0.721599 0.00991461 0.0118608 0.00408665
1 0.335786 0.712908 0.0116482 0.0192885 0.00404095
4 0.367387 0.726947 0.0263075 0.0233892 0.00402522
6 0.367387 0.726947 0.0263075 0.0233892 0.00396008
6 0.360351 0.693181 0.00989771 0.0108968 0.00392356
15 0.495039 0.714761 0.0105206 0.013631 0.00391598
6 0.34677 0.721599 0.00991461 0.0118608 0.00389012
1 0.347971 0.694203 0.0132094 0.0138954 0.00387638
6 0.987157 0.585764 0.0224405 0.0853484 0.0038609
6 0.333369 0.717713 0.00894073 0.0251458 0.00385782
4 0.418674 0.696435 0.00612485 0.0083462 0.00385253
4 0.496639 0.707024 0.0109909 0.0183675 0.00383839
6 0.319891 0.703188 0.0113303 0.0116081 0.00381909
4 0.360351 0.693181 0.00989771 0.0108968 0.00375623
4 0.390878 0.702823 0.00848038 0.019391 0.00363154
4 0.503005 0.721931 0.00939258 0.014882 0.00346918
6 0.428048 0.685465 0.00921616 0.0128114 0.0034042
4 0.348903 0.727807 0.0119858 0.0178071 0.00325355
6 0.274705 0.678595 0.0425301 0.0223505 0.00322306
15 0.387297 0.701459 0.010556 0.0167405 0.0032153
6 0.987332 0.618472 0.0227313 0.152814 0.00318968
1 0.563233 0.702967 0.00857043 0.0221556 0.00318921
6 0.443431 0.731016 0.0105373 0.0187945 0.00315823
6 0.668771 0.7075 0.0144676 0.038146 0.0030259
6 0.363122 0.694059 0.0119265 0.0110301 0.00300209
1 0.121535 0.692029 0.0120692 0.0268958 0.00299066
15 0.368078 0.739029 0.0317074 0.0382992 0.00298038
6 0.261939 0.676993 0.0208718 0.0163154 0.00297039
6 0.687833 0.703725 0.0312952 0.0351154 0.00295986
4 0.363122 0.694059 0.0119265 0.0110301 0.00294543
6 0.38409 0.699316 0.00855878 0.0100056 0.00293488
7 0.51898 0.713685 0.00755316 0.0166946 0.00291519
1 0.479606 0.720326 0.0178342 0.0198998 0.00284048
1 0.294405 0.682622 0.0206764 0.0179146 0.00279631
1 0.609063 0.711793 0.00889063 0.0143697 0.00278192
15 0.440914 0.724074 0.00916241 0.0152005 0.00273139
1 0.979236 0.62942 0.0400811 0.193513 0.00271636
6 0.367955 0.739787 0.0312088 0.0384681 0.00265514
1 0.536744 0.709897 0.00689331 0.0117942 0.00251483
1 0.712691 0.688447 0.0160655 0.0209617 0.00246718
4 0.453618 0.742655 0.0159755 0.033031 0.00232342
1 0.222104 0.666036 0.0109609 0.0117984 0.00229933
7 0.551128 0.695722 0.00966199 0.0145764 0.00225851
1 0.534728 0.722532 0.0085824 0.0194037 0.0022328
1 0.260494 0.685826 0.05369 0.032997 0.00219968
6 0.503005 0.721931 0.00939258 0.014882 0.00216966
7 0.364414 0.680457 0.0138867 0.0221885 0.00215794
7 0.565403 0.69369 0.00896765 0.0146461 0.0021417
6 0.374694 0.683948 0.0144283 0.01637 0.00213894
22 0.629358 0.761488 0.00980719 0.0318473 0.00212452
4 0.860672 0.67722 0.0250726 0.0666092 0.0021237
1 0.664383 0.707185 0.0191763 0.0388432 0.00207557
6 0.264027 0.681726 0.0468877 0.0221793 0.00203838
1 0.596291 0.729307 0.0125248 0.0187814 0.00202782
4 0.518998 0.703985 0.00654004 0.0122539 0.00201051
6 0.418674 0.696435 0.00612485 0.0083462 0.00199275
15 0.384138 0.71691 0.00952817 0.00973348 0.00198779
6 0.421395 0.685539 0.0110426 0.0133081 0.00197045
1 0.978089 0.532783 0.0407589 0.0360884 0.00190321
4 0.387297 0.701459 0.010556 0.0167405 0.00190111
1 0.451041 0.69279 0.0143173 0.0179311 0.00189942
1 0.432292 0.692653 0.00571539 0.0123162 0.0018974
6 0.242056 0.674699 0.0243166 0.0139844 0.00187115
1 0.710832 0.692846 0.0166564 0.0226036 0.00181821
6 0.432292 0.692653 0.00571539 0.0123162 0.00178717
7 0.361623 0.685946 0.0117355 0.0162067 0.00176548
15 0.364547 0.684012 0.015278 0.0170355 0.0016992
1 0.551128 0.695722 0.00966199 0.0145764 0.0016903
6 0.363732 0.702967 0.0178066 0.0185293 0.00166975
4 0.481966 0.707227 0.0122277 0.0188306 0.00166652
7 0.346084 0.602123 0.0466669 0.0520699 0.00163123
1 0.484728 0.745799 0.0345374 0.0424241 0.00159868
15 0.427556 0.72036 0.00838416 0.0109432 0.00156932
4 0.410308 0.703335 0.00962857 0.013428 0.00155419
1 0.483206 0.712615 0.0171151 0.0151687 0.00154059
1 0.239278 0.668999 0.0204486 0.0173173 0.00153816
6 0.395701 0.687067 0.0168949 0.0165707 0.00153184
15 0.40217 0.704279 0.00852011 0.0174363 0.00152669
1 0.231646 0.668303 0.0091385 0.0158451 0.00152145
1 0.281427 0.688999 0.0335912 0.0267434 0.0015164
7 0.593837 0.686559 0.00605817 0.0152215 0.00150241
1 0.440914 0.724074 0.00916241 0.0152005 0.00148879
4 0.319891 0.703188 0.0113303 0.0116081 0.00147788
1 0.97915 0.543322 0.0410963 0.0583117 0.00144967
5 0.461959 0.716223 0.0148643 0.0286756 0.00144708
7 0.515418 0.706177 0.00925082 0.00950349 0.00142198
1 0.627599 0.701641 0.0111084 0.026085 0.00141015
4 0.516418 0.729608 0.00741071 0.0141214 0.00140345
4 0.499937 0.741792 0.0131679 0.0297499 0.00136967
1 0.647081 0.680333 0.00984424 0.0171745 0.00136718
1 0.34677 0.721599 0.00991461 0.0118608 0.00136176
22 0.345848 0.602263 0.0475675 0.0520561 0.00134449
6 0.462817 0.737979 0.0135883 0.0239614 0.00134281
4 0.841522 0.759168 0.0124871 0.012765 0.00133562
15 0.390878 0.702823 0.00848038 0.019391 0.00133546
0 0.985905 0.636634 0.0270392 0.201522 0.00132105
6 0.468294 0.730207 0.00921024 0.0150407 0.00129862
6 0.518998 0.703985 0.00654004 0.0122539 0.00127056
22 0.27228 0.601286 0.049257 0.0549659 0.00126134
4 0.432292 0.692653 0.00571539 0.0123162 0.0012547
15 0.397434 0.718135 0.0108507 0.0101653 0.00125243
6 0.347971 0.694203 0.0132094 0.0138954 0.00125166
7 0.421395 0.685539 0.0110426 0.0133081 0.0012226
15 0.361623 0.685946 0.0117355 0.0162067 0.00118915
6 0.346123 0.602519 0.0469904 0.0514351 0.00117855
15 0.463007 0.705563 0.0117611 0.0154149 0.0011703
0 0.427556 0.72036 0.00838416 0.0109432 0.00116803
6 0.596762 0.715312 0.0108716 0.0129021 0.00114276
4 0.978404 0.57062 0.0416122 0.0774373 0.00113022
7 0.428048 0.685465 0.00921616 0.0128114 0.00110462
15 0.401984 0.716007 0.00881448 0.00986769 0.00109732
22 0.281096 0.678217 0.0283233 0.019338 0.00109683
15 0.42294 0.717709 0.0100675 0.0114704 0.00104343
7 0.603298 0.68587 0.00726233 0.0140648 0.0010328
4 0.989787 0.723716 0.0204261 0.377449 0.00103248
