1 0.448156 0.934476 0.0641963 0.128693 0.907207
7 0.49431 0.273501 0.0452034 0.227237 0.896362
1 0.515506 0.959108 0.0238298 0.0793674 0.829735
7 0.559863 0.372337 0.0427769 0.185961 0.817812
1 0.784907 0.962844 0.0188729 0.072796 0.728593
1 0.63953 0.946162 0.0751541 0.104653 0.490112
1 0.294381 0.940248 0.183056 0.119504 0.269101
7 0.639843 0.947332 0.0749346 0.103634 0.266808
2 0.6745 0.607349 0.0283168 0.0556285 0.225459
25 0.297277 0.941041 0.1754 0.117919 0.215123
2 0.612232 0.900171 0.0125475 0.0282325 0.209663
1 0.643346 0.907628 0.0371558 0.0273589 0.173057
7 0.526602 0.338646 0.0294953 0.120859 0.111728
7 0.616185 0.977074 0.027911 0.0430429 0.101828
7 0.645515 0.925813 0.041601 0.0632989 0.0851616
1 0.645515 0.925813 0.041601 0.0632989 0.051247
7 0.65389 0.947998 0.045912 0.0988704 0.0426513
7 0.62137 0.96159 0.0379652 0.0742003 0.0346189
7 0.643954 0.907981 0.0381249 0.0271681 0.0254854
2 0.66897 0.618185 0.027166 0.0537018 0.0249594
7 0.533515 0.347225 0.0218369 0.131178 0.0204817
1 0.655901 0.948206 0.0419099 0.0997983 0.0186172
7 0.612697 0.90061 0.0130316 0.0283413 0.0180563
2 0.672616 0.636059 0.0263647 0.024862 0.016117
1 0.612232 0.900171 0.0125475 0.0282325 0.0106143
2 0.462487 0.27417 0.0165003 0.0299762 0.00955006
7 0.603412 0.964251 0.0490522 0.0703387 0.00946683
2 0.643346 0.907628 0.0371558 0.0273589 0.00771184
1 0.643167 0.900979 0.0366274 0.0244766 0.00564243
7 0.521065 0.325837 0.0345746 0.10863 0.00534772
1 0.133267 0.959477 0.0106779 0.0189244 0.005345
7 0.601296 0.954299 0.0661455 0.0911876 0.00470555
1 0.780754 0.998576 0.028304 0.00284733 0.00451087
2 0.37619 0.897598 0.019521 0.022108 0.00434082
2 0.664032 0.634166 0.0163443 0.0284787 0.00424905
4 0.294466 0.943682 0.168789 0.112635 0.00419602
42 0.298306 0.940594 0.177076 0.118812 0.00413328
7 0.486736 0.269929 0.026997 0.232302 0.00321361
1 0.772345 0.963053 0.0295332 0.0702671 0.00302227
7 0.473033 0.272039 0.0285845 0.232787 0.00300782
7 0.533752 0.367157 0.0441595 0.203343 0.0028138
7 0.507623 0.315104 0.0326435 0.147689 0.00275709
12 0.298081 0.940455 0.177459 0.119089 0.00264659
1 0.157656 0.97852 0.011778 0.0274818 0.00259204
7 0.463215 0.275517 0.0178573 0.0397121 0.00256204
7 0.477198 0.253054 0.0207382 0.182854 0.0025124
1 0.52634 0.332212 0.0287254 0.110329 0.00243814
7 0.515481 0.335845 0.0400463 0.140434 0.00241581
1 0.157417 0.966077 0.00991568 0.0240451 0.00221369
2 0.716197 0.780395 0.0140708 0.0229002 0.00210382
7 0.550574 0.380657 0.029489 0.174494 0.00210362
7 0.621803 0.987802 0.0329462 0.0243965 0.0019534
1 0.624578 0.961185 0.0451947 0.0756414 0.00195278
7 0.133267 0.959477 0.0106779 0.0189244 0.00180876
7 0.393908 0.935882 0.0196615 0.102218 0.00169666
7 0.544764 0.353175 0.0318705 0.135758 0.00167362
8 0.494616 0.267414 0.0479591 0.233253 0.00157167
8 0.559253 0.373355 0.042436 0.187119 0.00152204
7 0.600277 0.926084 0.0405863 0.088306 0.00150239
2 0.640141 0.946185 0.0737343 0.107458 0.00148368
4 0.167736 0.992248 0.0131723 0.0155041 0.00140243
1 0.772359 0.973704 0.0443848 0.0504401 0.00136314
8 0.526602 0.338646 0.0294953 0.120859 0.00127859
7 0.200877 0.957912 0.011018 0.0224761 0.00127752
7 0.0850079 0.961053 0.00895589 0.0250929 0.00125316
7 0.105175 0.982488 0.00871098 0.0181567 0.00122024
12 0.447545 0.934715 0.0641897 0.127185 0.00121928
1 0.589189 0.941631 0.160641 0.113195 0.00113441
1 0.481189 0.971393 0.0324349 0.0553116 0.0011153
2 0.645515 0.925813 0.041601 0.0632989 0.00106278
1 0.417334 0.936793 0.07652 0.119879 0.00103799
