1 0.474706 0.683757 0.0353833 0.0284667 0.826409
8 0.632668 0.80213 0.021077 0.0643228 0.612878
0 0.632313 0.77751 0.0245486 0.0909734 0.581011
7 0.507877 0.704401 0.00887375 0.0193952 0.173759
0 0.633313 0.79542 0.0217203 0.0668383 0.0838304
4 0.500305 0.74677 0.0126814 0.0151586 0.0769536
1 0.508149 0.705544 0.0101853 0.0218738 0.0457076
1 0.631884 0.713608 0.0203005 0.0517015 0.0445577
1 0.597263 0.749099 0.00960217 0.0151542 0.0313414
1 0.536947 0.707559 0.0106597 0.0213232 0.0295528
4 0.520906 0.749175 0.010541 0.0152311 0.021953
8 0.630508 0.7909 0.0262081 0.0808815 0.0195374
1 0.498189 0.692232 0.0129573 0.0193091 0.0195188
1 0.499202 0.744086 0.0128716 0.0175813 0.0189404
4 0.509117 0.745833 0.0129432 0.0125387 0.0166959
1 0.631674 0.735325 0.0199229 0.0127115 0.0155765
1 0.476266 0.69911 0.0337416 0.0221645 0.0114893
4 0.519611 0.744458 0.0109036 0.0190038 0.00992496
1 0.538921 0.709089 0.00947644 0.016433 0.00988385
7 0.512183 0.705758 0.01229 0.0202359 0.00930625
22 0.28304 0.743024 0.0109396 0.0238217 0.00793864
1 0.635202 0.721155 0.0226879 0.0421952 0.0077267
1 0.597502 0.744811 0.0104553 0.0190964 0.00763387
7 0.508483 0.691343 0.0102329 0.0270929 0.00698281
1 0.485698 0.699714 0.0226698 0.0179569 0.00694614
1 0.472919 0.705178 0.032528 0.0296299 0.00558991
6 0.500305 0.74677 0.0126814 0.0151586 0.00556194
0 0.28304 0.743024 0.0109396 0.0238217 0.00534576
1 0.623007 0.711546 0.0179194 0.0555526 0.0052439
13 0.631674 0.735325 0.0199229 0.0127115 0.00488599
8 0.472744 0.765896 0.00943716 0.0172371 0.00448529
6 0.519611 0.744458 0.0109036 0.0190038 0.00435001
1 0.193776 0.628194 0.0374492 0.0699212 0.00421481
1 0.68107 0.789613 0.0102759 0.0289884 0.00366761
8 0.282722 0.744472 0.0117707 0.0232153 0.00364741
0 0.598973 0.763233 0.018302 0.0312883 0.00362392
22 0.472744 0.765896 0.00943716 0.0172371 0.00362283
5 0.632461 0.78874 0.022801 0.0818336 0.00356892
4 0.528469 0.753589 0.0171889 0.0234005 0.00303298
4 0.484508 0.753442 0.0217432 0.0231233 0.00273383
3 0.632924 0.80347 0.0202487 0.0629277 0.00272901
1 0.460771 0.713872 0.0168487 0.017089 0.00270849
4 0.494281 0.748317 0.023148 0.0173919 0.00262585
14 0.282722 0.744472 0.0117707 0.0232153 0.00238997
0 0.68107 0.789613 0.0102759 0.0289884 0.00232977
4 0.633181 0.777141 0.0244855 0.0918175 0.0022704
0 0.520906 0.749175 0.010541 0.0152311 0.00225011
0 0.599501 0.751329 0.013541 0.0221149 0.00222661
4 0.472481 0.76144 0.00964694 0.0202035 0.00194435
23 0.282672 0.745032 0.0117541 0.0230345 0.00193991
42 0.631674 0.735325 0.0199229 0.0127115 0.00183441
1 0.45208 0.688801 0.0179942 0.0135658 0.00182914
6 0.520906 0.749175 0.010541 0.0152311 0.00178738
1 0.632872 0.702428 0.0197904 0.0506384 0.00174532
7 0.485698 0.699714 0.0226698 0.0179569 0.00166112
1 0.632849 0.801618 0.0221185 0.0653379 0.00165321
0 0.472481 0.76144 0.00964694 0.0202035 0.00157221
4 0.631674 0.735325 0.0199229 0.0127115 0.00156775
4 0.472744 0.765896 0.00943716 0.0172371 0.00154162
8 0.60518 0.780972 0.0323433 0.0472498 0.00144024
0 0.743298 0.796106 0.0138137 0.0330322 0.00142296
0 0.631674 0.735325 0.0199229 0.0127115 0.00137341
15 0.499202 0.744086 0.0128716 0.0175813 0.00128396
1 0.509117 0.745833 0.0129432 0.0125387 0.00128042
7 0.597263 0.749099 0.00960217 0.0151542 0.00122512
4 0.625684 0.791541 0.0373481 0.0620797 0.00121203
1 0.282672 0.745032 0.0117541 0.0230345 0.00116262
13 0.597263 0.749099 0.00960217 0.0151542 0.00111145
0 0.528469 0.753589 0.0171889 0.0234005 0.00110228
4 0.518043 0.760973 0.018579 0.0258809 0.00107684
1 0.452625 0.714693 0.0229566 0.0186096 0.00103598
8 0.520906 0.749175 0.010541 0.0152311 0.00101157
14 0.785037 0.80957 0.0155538 0.047803 0.00100939
1 0.620093 0.701422 0.0172438 0.0523184 0.00100781
