1 0.927677 0.247575 0.142888 0.233366 0.959074
4 0.451403 0.660734 0.127369 0.157634 0.929808
4 0.934665 0.677777 0.0884666 0.0992456 0.9291
4 0.79846 0.702619 0.225759 0.251138 0.926978
4 0.262173 0.658783 0.10302 0.110151 0.916848
4 0.626433 0.65762 0.101949 0.123516 0.907452
1 0.904893 0.552737 0.0330573 0.0752564 0.879279
4 0.573184 0.65154 0.0425377 0.0999157 0.872861
1 0.659124 0.512299 0.0725742 0.0604552 0.867972
1 0.435263 0.563015 0.0422066 0.0401588 0.840487
4 0.354864 0.64956 0.0558285 0.0829561 0.835592
4 0.300242 0.6474 0.0730671 0.106231 0.791205
4 0.364751 0.639604 0.0550027 0.0781862 0.745382
1 0.256225 0.574369 0.0165939 0.0437627 0.732991
1 0.541066 0.584323 0.0293355 0.0225091 0.721375
4 0.563125 0.637864 0.0541049 0.0966202 0.716573
15 0.0880425 0.51389 0.175907 0.69055 0.675931
4 0.0884304 0.513537 0.176402 0.694611 0.612034
1 0.685054 0.599187 0.0131234 0.0376002 0.608174
2 0.458728 0.304654 0.0114211 0.0192853 0.473064
7 0.622455 0.486379 0.00892322 0.031597 0.403997
4 0.702017 0.643794 0.0285347 0.0568906 0.346681
2 0.696868 0.302075 0.00976965 0.0157163 0.297056
4 0.17638 0.619796 0.0218536 0.0135237 0.288995
2 0.720726 0.302452 0.0105109 0.0182013 0.284177
2 0.666158 0.303705 0.00913495 0.0152508 0.248954
2 0.421145 0.309494 0.0103777 0.0136334 0.222362
2 0.582943 0.305897 0.0122308 0.0156582 0.221223
2 0.684084 0.301588 0.0111634 0.0142522 0.219817
2 0.551503 0.305915 0.0102624 0.0143912 0.204675
2 0.357055 0.311424 0.0087742 0.0153151 0.203462
7 0.670714 0.482035 0.00779712 0.0205948 0.189441
2 0.447913 0.308758 0.0102406 0.0173803 0.173476
7 0.62509 0.486324 0.011307 0.0320352 0.17124
1 0.644115 0.507658 0.0240438 0.0548557 0.162613
4 0.676046 0.649909 0.0249423 0.0557332 0.151184
2 0.332836 0.316032 0.0101352 0.0162464 0.148362
2 0.343572 0.310775 0.0129206 0.0149877 0.135731
2 0.342071 0.313863 0.0125484 0.0192328 0.118502
1 0.327319 0.593697 0.0157213 0.0339307 0.117493
2 0.407437 0.309696 0.0128082 0.0144014 0.112592
4 0.553822 0.65013 0.0303766 0.0743389 0.0966324
2 0.596247 0.308668 0.00954236 0.013827 0.0887012
4 0.396696 0.636999 0.0153472 0.0424533 0.0877932
2 0.333982 0.312323 0.00892587 0.0159663 0.0779221
2 0.717128 0.304159 0.0135427 0.0222292 0.075796
2 0.48497 0.310599 0.009259 0.0131449 0.0741617
4 0.391599 0.641501 0.0131071 0.036736 0.0728992
4 0.549801 0.658993 0.0264763 0.0548925 0.0717247
2 0.699936 0.303048 0.0114975 0.0160154 0.0701289
2 0.536541 0.305153 0.0119918 0.0125961 0.0563935
4 0.574856 0.61613 0.038282 0.0442855 0.0534047
1 0.7035 0.604669 0.0100162 0.0220082 0.0496913
4 0.534957 0.63053 0.0103056 0.0318632 0.0483448
4 0.68183 0.655817 0.0254738 0.0659674 0.0422552
2 0.785461 0.446262 0.00773505 0.00908375 0.0418777
2 0.731823 0.467827 0.00720044 0.0118444 0.0413356
4 0.686655 0.646752 0.0157566 0.0531792 0.038386
1 0.256114 0.584829 0.0153977 0.0415548 0.0360986
2 0.421736 0.313495 0.0088486 0.0199029 0.0341324
1 0.702435 0.587615 0.0103799 0.0472354 0.0330687
2 0.74678 0.499172 0.00785083 0.0160962 0.0324384
2 0.746493 0.468517 0.00755859 0.0114262 0.0323046
4 0.585579 0.595344 0.0175532 0.0121261 0.0320872
4 0.543838 0.61064 0.0156522 0.0421384 0.03196
7 0.746188 0.512378 0.00700763 0.0287663 0.03056
7 0.745499 0.520773 0.00678961 0.0368883 0.0303612
2 0.424588 0.309767 0.0127998 0.0139261 0.030209
4 0.389475 0.640725 0.0133546 0.05014 0.0299499
4 0.399563 0.63673 0.0155108 0.0299547 0.0287058
4 0.671801 0.625681 0.0160576 0.0129945 0.0261363
2 0.59966 0.309856 0.0121602 0.0118935 0.0259152
2 0.745619 0.459314 0.00744074 0.0108383 0.0256203
0 0.534522 0.616581 0.00885217 0.0325547 0.025577
2 0.487725 0.311079 0.0111334 0.0134818 0.0255042
4 0.175172 0.614378 0.0235404 0.0206304 0.0253847
7 0.703009 0.572903 0.011571 0.0192392 0.0242847
4 0.534522 0.616581 0.00885217 0.0325547 0.0242531
2 0.7227 0.259984 0.0252024 0.0146205 0.0238155
4 0.50906 0.631445 0.0146216 0.0269371 0.0233834
7 0.133604 0.585984 0.0141102 0.0162974 0.0233252
2 0.462089 0.304588 0.0127665 0.0192947 0.0196233
4 0.585466 0.600013 0.017117 0.0158219 0.0195902
2 0.697005 0.295968 0.00920374 0.0205128 0.0187512
6 0.558707 0.637013 0.0464566 0.0980133 0.0186416
2 0.724281 0.305443 0.0133341 0.0174468 0.0185616
2 0.746188 0.512378 0.00700763 0.0287663 0.0181797
4 0.564556 0.672783 0.025043 0.0568939 0.0179767
2 0.719987 0.297353 0.0117268 0.0233183 0.0160747
4 0.233068 0.6142 0.0377101 0.0296402 0.0160456
1 0.708877 0.59524 0.0102883 0.0286745 0.0157665
4 0.33403 0.622205 0.0123485 0.0235716 0.0156767
4 0.376731 0.643353 0.0268003 0.0760703 0.015187
7 0.644115 0.507658 0.0240438 0.0548557 0.0150408
7 0.348125 0.509373 0.013765 0.0142526 0.0148962
7 0.702435 0.587615 0.0103799 0.0472354 0.0145942
2 0.733543 0.461833 0.00885376 0.0153045 0.0144963
1 0.703009 0.572903 0.011571 0.0192392 0.0143365
22 0.435071 0.56242 0.0421922 0.0392978 0.0142255
2 0.783288 0.449423 0.00669592 0.0112044 0.0141829
5 0.702017 0.643794 0.0285347 0.0568906 0.014006
4 0.301477 0.623451 0.0713501 0.0628425 0.01377
8 0.678773 0.650743 0.0247543 0.0537035 0.0135431
1 0.670113 0.484308 0.00744428 0.0207452 0.0131461
7 0.327319 0.593697 0.0157213 0.0339307 0.0127068
15 0.232566 0.612953 0.0325835 0.0244672 0.0127023
2 0.791532 0.448063 0.00879981 0.0135601 0.0126453
2 0.35484 0.509035 0.00806571 0.0162409 0.0123076
2 0.447811 0.313262 0.00970355 0.0201706 0.0122548
2 0.483783 0.305273 0.0100532 0.0210926 0.0121529
4 0.697161 0.624333 0.0225722 0.0219712 0.01206
2 0.45905 0.310338 0.011575 0.0264336 0.0115967
2 0.684541 0.296089 0.0109384 0.0207808 0.0115792
0 0.70111 0.61076 0.0218065 0.0293149 0.0108745
4 0.590598 0.622119 0.0278076 0.0558813 0.0108313
6 0.232804 0.613213 0.0346463 0.0273872 0.0108176
4 0.682531 0.615372 0.0131563 0.0351463 0.0106959
4 0.296324 0.617653 0.0657464 0.0433109 0.010609
4 0.541552 0.585478 0.0271458 0.0210169 0.0104631
7 0.645817 0.483974 0.00950159 0.0230173 0.00975691
6 0.366232 0.638752 0.0516671 0.0783671 0.00956401
7 0.865459 0.585249 0.0115188 0.0165568 0.00932384
0 0.798632 0.705898 0.226391 0.249188 0.00924951
7 0.852615 0.583238 0.00772443 0.0111997 0.00924443
1 0.532717 0.611976 0.00770703 0.0255599 0.00907254
0 0.70207 0.640596 0.0240701 0.0519722 0.0088659
1 0.714129 0.580654 0.00943774 0.03173 0.00881296
0 0.682531 0.615372 0.0131563 0.0351463 0.00878785
7 0.716529 0.572893 0.00634552 0.0337027 0.0086644
2 0.695296 0.476687 0.00903943 0.010729 0.00855937
7 0.708877 0.59524 0.0102883 0.0286745 0.00828365
4 0.713498 0.638081 0.0470635 0.0699526 0.00817945
4 0.532717 0.611976 0.00770703 0.0255599 0.00764597
2 0.348125 0.509373 0.013765 0.0142526 0.0076114
4 0.514339 0.636572 0.0121771 0.0191888 0.00716247
2 0.719563 0.470813 0.00664905 0.00904296 0.00712381
4 0.5083 0.645218 0.0155582 0.0485903 0.00709586
0 0.697161 0.624333 0.0225722 0.0219712 0.00703372
5 0.554453 0.640224 0.0374657 0.092497 0.00697383
1 0.542039 0.577326 0.0313958 0.0214575 0.00686333
4 0.70111 0.61076 0.0218065 0.0293149 0.00679285
7 0.733006 0.528917 0.00867523 0.0153561 0.00671665
7 0.35484 0.509035 0.00806571 0.0162409 0.00666266
7 0.641422 0.489212 0.0174674 0.0166539 0.00653005
1 0.629796 0.588183 0.00882037 0.0167722 0.00640012
1 0.879585 0.58984 0.0155712 0.0255879 0.00635382
4 0.691829 0.657078 0.0307578 0.0737858 0.00631414
2 0.79245 0.442013 0.00935925 0.0141383 0.00623676
5 0.678773 0.650743 0.0247543 0.0537035 0.00610348
4 0.606788 0.600216 0.0292875 0.0173143 0.00609259
12 0.256114 0.584829 0.0153977 0.0415548 0.00599562
7 0.714129 0.580654 0.00943774 0.03173 0.00561052
7 0.757274 0.534779 0.00587561 0.0207924 0.00560734
7 0.256903 0.576498 0.0167877 0.0437928 0.00550501
8 0.534957 0.63053 0.0103056 0.0318632 0.00549059
2 0.783538 0.442294 0.00691657 0.0145539 0.00548311
0 0.686655 0.646752 0.0157566 0.0531792 0.00537784
6 0.299417 0.630795 0.0676522 0.0756727 0.00533974
4 0.522802 0.624774 0.0144245 0.0253635 0.0052909
2 0.752167 0.458309 0.00949377 0.0106096 0.00527131
4 0.537752 0.646729 0.0162992 0.0416376 0.00515778
4 0.984196 0.652907 0.0282915 0.0363286 0.00515698
7 0.661141 0.486484 0.0137664 0.0272756 0.00492465
0 0.22992 0.612714 0.0270378 0.0241162 0.0048932
6 0.0884304 0.513537 0.176402 0.694611 0.00468809
0 0.585579 0.595344 0.0175532 0.0121261 0.00458028
4 0.181062 0.619805 0.0316835 0.0163057 0.00437536
7 0.74678 0.499172 0.00785083 0.0160962 0.00426245
4 0.226114 0.615041 0.0199509 0.0237002 0.00422492
0 0.585466 0.600013 0.017117 0.0158219 0.00418255
7 0.356331 0.52001 0.0074187 0.030526 0.00406494
7 0.346885 0.520695 0.0108083 0.0290741 0.00404795
7 0.677874 0.480562 0.0112791 0.0154256 0.00403458
0 0.534957 0.63053 0.0103056 0.0318632 0.00403287
1 0.981407 0.606224 0.014422 0.0236892 0.00403026
6 0.543838 0.61064 0.0156522 0.0421384 0.00402742
4 0.72544 0.621937 0.0832666 0.0987413 0.00399433
12 0.299355 0.591974 0.0673124 0.0362183 0.00395634
7 0.7035 0.604669 0.0100162 0.0220082 0.00392953
30 0.720726 0.302452 0.0105109 0.0182013 0.00392062
2 0.670714 0.482035 0.00779712 0.0205948 0.00388766
6 0.299355 0.591974 0.0673124 0.0362183 0.00385042
7 0.738553 0.518902 0.00803278 0.0185191 0.00363275
1 0.713883 0.602257 0.00989844 0.0225983 0.0036101
7 0.292351 0.551317 0.00759457 0.0147425 0.00356993
2 0.738553 0.518902 0.00803278 0.0185191 0.00355853
8 0.701205 0.64389 0.0282124 0.0533699 0.00351106
15 0.682531 0.615372 0.0131563 0.0351463 0.00350198
15 0.301477 0.623451 0.0713501 0.0628425 0.003476
30 0.696868 0.302075 0.00976965 0.0157163 0.00344456
0 0.558707 0.637013 0.0464566 0.0980133 0.00342181
0 0.588213 0.593652 0.0113184 0.0164303 0.00334651
4 0.132702 0.626248 0.021212 0.0941945 0.00333852
1 0.880426 0.595711 0.00959326 0.0273799 0.00318923
4 0.499903 0.639059 0.0184264 0.0273302 0.00318679
1 0.348125 0.509373 0.013765 0.0142526 0.00316288
7 0.685054 0.599187 0.0131234 0.0376002 0.00314926
7 0.846769 0.583188 0.0101309 0.0102493 0.00308294
1 0.700068 0.578478 0.0150547 0.0307994 0.00307849
2 0.661688 0.303157 0.0124046 0.0129089 0.00306492
1 0.682531 0.615372 0.0131563 0.0351463 0.00304829
0 0.677789 0.647983 0.0239189 0.0474919 0.00297648
2 0.346885 0.520695 0.0108083 0.0290741 0.00297612
2 0.733006 0.528917 0.00867523 0.0153561 0.0029583
2 0.356331 0.52001 0.0074187 0.030526 0.00290297
5 0.549801 0.658993 0.0264763 0.0548925 0.00290231
7 0.879585 0.58984 0.0155712 0.0255879 0.00289297
0 0.78486 0.628854 0.0251591 0.0345679 0.00288108
7 0.695296 0.476687 0.00903943 0.010729 0.00285735
8 0.549801 0.658993 0.0264763 0.0548925 0.00285395
1 0.865459 0.585249 0.0115188 0.0165568 0.00279752
30 0.724281 0.305443 0.0133341 0.0174468 0.00277558
4 0.590355 0.642063 0.0574524 0.0959155 0.00275305
15 0.366232 0.638752 0.0516671 0.0783671 0.00270198
1 0.625125 0.486779 0.0116767 0.0328447 0.00268361
2 0.168156 0.506857 0.0104754 0.0225153 0.00266577
1 0.35484 0.509035 0.00806571 0.0162409 0.00265883
2 0.703102 0.296689 0.0119139 0.0219762 0.00262148
8 0.691829 0.657078 0.0307578 0.0737858 0.00258361
2 0.425657 0.313531 0.0121936 0.0198397 0.00254337
12 0.325875 0.59387 0.0160634 0.0343656 0.00252034
2 0.735532 0.514169 0.0117011 0.0125514 0.00251455
1 0.621226 0.591875 0.0108521 0.0146167 0.00250834
4 0.666111 0.644735 0.024937 0.0476426 0.00250809
4 0.588213 0.593652 0.0113184 0.0164303 0.0024819
2 0.721188 0.462173 0.00799384 0.0157692 0.00246493
12 0.232804 0.613213 0.0346463 0.0273872 0.0024621
2 0.737081 0.495443 0.014895 0.0109037 0.00243826
4 0.244732 0.614725 0.0637647 0.0337929 0.00242829
1 0.356331 0.52001 0.0074187 0.030526 0.00240553
1 0.588213 0.593652 0.0113184 0.0164303 0.00240394
4 0.354239 0.608773 0.0317788 0.020858 0.00239986
0 0.17615 0.619362 0.0222735 0.0151808 0.00235184
2 0.737756 0.480222 0.00920319 0.0139379 0.00233365
15 0.541552 0.585478 0.0271458 0.0210169 0.00233134
7 0.709511 0.569344 0.0102664 0.0310623 0.00229263
2 0.791012 0.487658 0.0078056 0.0158688 0.00229016
15 0.697161 0.624333 0.0225722 0.0219712 0.00228396
7 0.340835 0.518481 0.0105977 0.0135493 0.0022823
30 0.666158 0.303705 0.00913495 0.0152508 0.00226936
1 0.133604 0.585984 0.0141102 0.0162974 0.00225183
6 0.542322 0.584433 0.029668 0.0228187 0.00225047
2 0.35777 0.304829 0.00988132 0.0202118 0.00223308
1 0.346885 0.520695 0.0108083 0.0290741 0.00219603
0 0.532717 0.611976 0.00770703 0.0255599 0.00219401
8 0.554453 0.640224 0.0374657 0.092497 0.00216689
4 0.597592 0.603136 0.0222446 0.0175818 0.00215556
30 0.723681 0.259524 0.026675 0.0157505 0.00214781
30 0.684084 0.301588 0.0111634 0.0142522 0.00213674
6 0.682531 0.615372 0.0131563 0.0351463 0.00213069
6 0.984983 0.648465 0.0270334 0.0386877 0.0021243
6 0.534957 0.63053 0.0103056 0.0318632 0.00208403
1 0.716529 0.572893 0.00634552 0.0337027 0.00207931
8 0.534522 0.616581 0.00885217 0.0325547 0.0020646
0 0.671801 0.625681 0.0160576 0.0129945 0.00206161
15 0.325875 0.59387 0.0160634 0.0343656 0.00202418
6 0.534522 0.616581 0.00885217 0.0325547 0.00200742
1 0.846769 0.583188 0.0101309 0.0102493 0.00200005
15 0.296324 0.617653 0.0657464 0.0433109 0.00198883
2 0.549488 0.305805 0.0096424 0.017707 0.00195138
0 0.194392 0.605176 0.00629186 0.0156627 0.00195089
6 0.325032 0.593992 0.0191099 0.0347632 0.00195065
4 0.394309 0.635402 0.0243019 0.0713248 0.00194603
2 0.459474 0.29631 0.0101681 0.0212349 0.0019455
1 0.90395 0.608945 0.0122828 0.0302343 0.00194216
1 0.852615 0.583238 0.00772443 0.0111997 0.00192987
2 0.667856 0.29623 0.0110457 0.021069 0.00192515
1 0.68536 0.587822 0.0127647 0.0429077 0.00190612
7 0.137196 0.587277 0.013817 0.0191722 0.0018836
1 0.293936 0.590728 0.0515755 0.0248166 0.00188323
2 0.70664 0.460128 0.0104985 0.011835 0.00187662
2 0.451215 0.304753 0.00932541 0.0203137 0.00186937
15 0.585579 0.595344 0.0175532 0.0121261 0.00184367
2 0.208186 0.527277 0.00624776 0.0122975 0.00183377
7 0.358566 0.520028 0.00838617 0.0144657 0.00181732
15 0.226114 0.615041 0.0199509 0.0237002 0.00181453
7 0.757276 0.540557 0.00566925 0.0154227 0.00180833
1 0.534522 0.616581 0.00885217 0.0325547 0.0017925
25 0.325875 0.59387 0.0160634 0.0343656 0.00176537
0 0.68183 0.655817 0.0254738 0.0659674 0.00175394
1 0.543838 0.61064 0.0156522 0.0421384 0.00175262
6 0.697161 0.624333 0.0225722 0.0219712 0.00175237
1 0.644126 0.585896 0.0139632 0.0216836 0.00173784
2 0.577585 0.45385 0.0118623 0.00854176 0.00173587
15 0.299355 0.591974 0.0673124 0.0362183 0.00172151
0 0.396696 0.636999 0.0153472 0.0424533 0.0017074
2 0.470513 0.313244 0.0169911 0.022058 0.00170167
0 0.79118 0.62749 0.0269338 0.0313729 0.00166081
2 0.699966 0.305522 0.00784235 0.0197505 0.00163812
14 0.927936 0.246864 0.14346 0.235458 0.00160265
4 0.202579 0.617618 0.0652325 0.0218697 0.0015944
5 0.364751 0.639604 0.0550027 0.0781862 0.00158488
1 0.585579 0.595344 0.0175532 0.0121261 0.00156546
15 0.684846 0.600092 0.0123751 0.0380481 0.00154169
0 0.366336 0.638057 0.0532513 0.0793998 0.00153896
2 0.16791 0.494453 0.0115181 0.0287127 0.00153761
4 0.513565 0.648454 0.0157848 0.0453845 0.00151255
7 0.735532 0.514169 0.0117011 0.0125514 0.0015075
7 0.657315 0.587924 0.00702136 0.0216991 0.00148404
7 0.617721 0.489051 0.0130191 0.0311407 0.00146018
