4 0.581313 0.79011 0.149099 0.0804441 0.888268
4 0.0442794 0.761138 0.0873084 0.0670666 0.811648
4 0.198664 0.778843 0.073366 0.0722919 0.80862
7 0.428987 0.256353 0.0409305 0.147537 0.744696
4 0.248894 0.773724 0.0489114 0.0540594 0.733783
4 0.912326 0.778053 0.0708073 0.0271628 0.567512
7 0.520182 0.266183 0.0346813 0.065541 0.546924
4 0.507097 0.779345 0.0679925 0.0650501 0.538893
4 0.297325 0.762015 0.0440234 0.046923 0.537356
4 0.427449 0.758576 0.0849497 0.105126 0.529848
4 0.626247 0.763342 0.0624205 0.0437881 0.420158
15 0.425376 0.75109 0.079262 0.0929667 0.377072
1 0.957706 0.746731 0.0457205 0.0662964 0.358622
4 0.103696 0.759125 0.0420448 0.0568142 0.356852
4 0.780401 0.771529 0.0740447 0.0325426 0.33008
4 0.274951 0.773737 0.0264016 0.0438201 0.318263
0 0.343135 0.759351 0.0108331 0.0230437 0.289357
4 0.315214 0.757377 0.0208758 0.0420191 0.236493
4 0.898217 0.78117 0.107325 0.0333117 0.224695
4 0.142905 0.765111 0.0375192 0.0515065 0.171966
6 0.957654 0.748646 0.0458161 0.0716491 0.166211
4 0.329674 0.758406 0.0117173 0.0215526 0.123734
2 0.42202 0.497226 0.0129556 0.020559 0.117699
4 0.989065 0.787934 0.0173958 0.0212176 0.116765
2 0.329551 0.489381 0.0103467 0.0163241 0.10027
7 0.527305 0.264234 0.0462035 0.0778201 0.0780174
4 0.130785 0.767361 0.0340265 0.0531769 0.0685195
4 0.344519 0.75696 0.0163457 0.0253297 0.0682262
8 0.343282 0.761384 0.0105026 0.0237694 0.0646813
4 0.796643 0.773653 0.0740364 0.0284952 0.0640531
4 0.149898 0.772971 0.0297313 0.0490034 0.0596588
4 0.343135 0.759351 0.0108331 0.0230437 0.052725
0 0.329674 0.758406 0.0117173 0.0215526 0.0504515
4 0.125993 0.76848 0.0589103 0.0547927 0.0457913
0 0.133561 0.782184 0.0205359 0.0607576 0.0455042
2 0.675878 0.269707 0.0191551 0.0253036 0.0453428
4 0.140526 0.76859 0.0195802 0.0520571 0.0402878
7 0.477552 0.247469 0.0362737 0.0432091 0.0365018
4 0.111493 0.750773 0.0537761 0.0439724 0.0360976
1 0.909465 0.738839 0.0120005 0.050112 0.0349707
0 0.141095 0.775009 0.0183584 0.0579773 0.034061
2 0.322903 0.489244 0.0104061 0.0143797 0.0317278
15 0.33426 0.745644 0.033362 0.0473677 0.0312102
4 0.495093 0.783757 0.0469555 0.0498205 0.0297612
7 0.701266 0.707365 0.0146993 0.0278034 0.0267976
4 0.134276 0.776881 0.0239974 0.0628436 0.0259816
4 0.792252 0.804402 0.0907015 0.0972452 0.0213932
4 0.0638625 0.761469 0.048648 0.0606911 0.0206838
4 0.506767 0.764919 0.0663511 0.0450314 0.020515
7 0.473095 0.233653 0.0371107 0.0688008 0.0199007
4 0.0956577 0.754509 0.0414364 0.0541378 0.0198385
4 0.830923 0.774944 0.0341927 0.0229666 0.0197191
4 0.339353 0.755647 0.016215 0.0256668 0.0195959
7 0.69827 0.724964 0.0175255 0.0770438 0.0190918
15 0.507822 0.75362 0.0668837 0.0645563 0.018575
7 0.691232 0.701887 0.00846667 0.0313788 0.0175984
6 0.33426 0.745644 0.033362 0.0473677 0.0171844
7 0.746921 0.735941 0.00849036 0.0530063 0.015661
7 0.480664 0.260968 0.0371904 0.0395944 0.0147619
4 0.33426 0.745644 0.033362 0.0473677 0.0145194
8 0.329883 0.762109 0.0115085 0.0220978 0.0143213
4 0.127152 0.745193 0.0348264 0.0284175 0.0142678
4 0.766089 0.768762 0.085622 0.0275516 0.0135269
4 0.816764 0.774752 0.0619921 0.025744 0.0130866
7 0.48857 0.253901 0.0446906 0.0448886 0.0128982
0 0.349613 0.758271 0.0127902 0.0186136 0.012709
12 0.337461 0.745389 0.0282502 0.0485506 0.0120938
7 0.500626 0.263688 0.0421235 0.0465062 0.0116079
0 0.339353 0.755647 0.016215 0.0256668 0.0110964
7 0.517009 0.27971 0.0387831 0.0757004 0.010847
4 0.608751 0.767712 0.0986232 0.0543133 0.0107506
4 0.395133 0.775533 0.0206369 0.0331243 0.0106677
0 0.385029 0.754796 0.00877573 0.0260788 0.0104276
14 0.343135 0.759351 0.0108331 0.0230437 0.010404
8 0.140845 0.778937 0.017224 0.0571099 0.00929618
4 0.635033 0.755526 0.0742193 0.0472006 0.00908991
4 0.349613 0.758271 0.0127902 0.0186136 0.00890235
4 0.958866 0.750758 0.0469554 0.073852 0.00874559
2 0.333334 0.489487 0.0101729 0.0191082 0.00847769
1 0.397142 0.692915 0.014148 0.0210815 0.00842853
2 0.265981 0.547879 0.0118353 0.0155185 0.0083841
4 0.893292 0.791319 0.121889 0.0524285 0.00830626
12 0.957654 0.748646 0.0458161 0.0716491 0.00816124
4 0.203013 0.76541 0.063042 0.0469031 0.00807631
1 0.63425 0.653423 0.019379 0.0569025 0.00784328
4 0.385582 0.766608 0.00989627 0.0221682 0.00763757
0 0.228631 0.217301 0.049706 0.133795 0.00720326
4 0.760083 0.776287 0.107792 0.0440522 0.00720108
3 0.343282 0.761384 0.0105026 0.0237694 0.00714582
4 0.385029 0.754796 0.00877573 0.0260788 0.00712976
4 0.00409725 0.7451 0.00819449 0.0266894 0.00703148
4 0.478782 0.756016 0.0282704 0.0364204 0.0068022
0 0.344519 0.75696 0.0163457 0.0253297 0.00659444
1 0.701266 0.707365 0.0146993 0.0278034 0.00648557
4 0.985395 0.779192 0.0202885 0.0283706 0.00643117
4 0.864705 0.80984 0.172186 0.0933412 0.0063276
7 0.487518 0.273257 0.0464907 0.0529028 0.00620371
4 0.989071 0.795841 0.0185718 0.0359193 0.00618015
4 0.140418 0.769638 0.0552966 0.0586369 0.00617842
4 0.539687 0.778347 0.108008 0.0774421 0.00602287
2 0.32902 0.483997 0.0120001 0.0221485 0.00601195
4 0.106852 0.769378 0.0363719 0.0479621 0.0059353
1 0.699027 0.731068 0.0169231 0.0771536 0.0058118
1 0.739166 0.657295 0.0432777 0.0691384 0.00579315
7 0.690049 0.719639 0.00990344 0.0695621 0.0057787
0 0.138728 0.78526 0.0209107 0.0615228 0.00577295
2 0.418393 0.527223 0.0119307 0.0169156 0.00573679
4 0.52572 0.767592 0.0436845 0.0537163 0.00555667
7 0.508444 0.271041 0.0467084 0.0539393 0.00542958
0 0.0766153 0.771193 0.0233178 0.0481487 0.00507512
8 0.989065 0.787934 0.0173958 0.0212176 0.00497473
4 0.523842 0.782175 0.0506553 0.0631118 0.00496407
4 0.618301 0.756294 0.0632151 0.02713 0.00485542
4 0.138774 0.744439 0.0149086 0.0202368 0.00484987
4 0.79969 0.767869 0.0852 0.0323851 0.00479827
8 0.0766153 0.771193 0.0233178 0.0481487 0.00466203
7 0.750347 0.735203 0.0112515 0.049555 0.00465959
8 0.133561 0.782184 0.0205359 0.0607576 0.00460691
6 0.426145 0.757686 0.0853071 0.103156 0.00453952
15 0.390728 0.758661 0.0164419 0.0534752 0.0045087
8 0.337669 0.768797 0.0104236 0.0286813 0.00442395
7 0.41865 0.284391 0.0479583 0.120122 0.00435061
4 0.470682 0.770643 0.0212453 0.0395374 0.00424615
8 0.149259 0.778263 0.0284517 0.0547684 0.00423375
4 0.809244 0.811018 0.0726102 0.0950659 0.00423225
4 0.164339 0.774535 0.0117083 0.0429305 0.00417375
1 0.709717 0.707713 0.0155659 0.0248012 0.00416394
15 0.504015 0.748061 0.0535978 0.0476735 0.00414745
0 0.142814 0.771938 0.0305193 0.0546718 0.0040916
7 0.746891 0.734355 0.0205272 0.0544202 0.0040829
4 0.157562 0.766233 0.0321907 0.0416453 0.00405564
4 0.402172 0.778989 0.0290884 0.0305594 0.00404814
4 0.89399 0.777709 0.0935944 0.0205796 0.00392908
4 0.390728 0.758661 0.0164419 0.0534752 0.00380795
3 0.140845 0.778937 0.017224 0.0571099 0.0037497
4 0.832915 0.783641 0.0434652 0.0377541 0.00347428
1 0.690049 0.719639 0.00990344 0.0695621 0.00341244
0 0.0715543 0.763455 0.0337272 0.056086 0.00334235
6 0.313796 0.754595 0.0213304 0.0423979 0.00328217
0 0.149259 0.778263 0.0284517 0.0547684 0.00324347
7 0.709717 0.707713 0.0155659 0.0248012 0.00318556
7 0.48775 0.238642 0.0512718 0.0642511 0.00317721
4 0.258728 0.760347 0.0583322 0.0645197 0.00311853
4 0.34988 0.763497 0.0125327 0.0194512 0.00308878
0 0.988325 0.78514 0.0182502 0.0207273 0.00304325
1 0.722454 0.656109 0.0104017 0.0660632 0.00303246
4 0.736335 0.768181 0.0458353 0.0313798 0.00303054
7 0.702654 0.571623 0.0257509 0.163922 0.00300255
1 0.967508 0.635609 0.0185524 0.0288352 0.00298499
8 0.106852 0.769378 0.0363719 0.0479621 0.00296402
8 0.385582 0.766608 0.00989627 0.0221682 0.00289203
6 0.297973 0.756381 0.0488531 0.0597484 0.00287761
3 0.133561 0.782184 0.0205359 0.0607576 0.00283655
4 0.00508185 0.761605 0.0101637 0.0557396 0.00282324
4 0.504015 0.748061 0.0535978 0.0476735 0.00278025
12 0.425376 0.75109 0.079262 0.0929667 0.00276249
0 0.385582 0.766608 0.00989627 0.0221682 0.00274024
1 0.342877 0.724372 0.0159216 0.0156423 0.00273951
8 0.349613 0.758271 0.0127902 0.0186136 0.00273802
7 0.433772 0.287813 0.0386481 0.138621 0.00270132
4 0.0957806 0.770538 0.0481052 0.046993 0.00269184
4 0.231397 0.782534 0.0218169 0.057964 0.00268208
5 0.343135 0.759351 0.0108331 0.0230437 0.00267626
4 0.366402 0.755634 0.0214739 0.017567 0.00263219
3 0.329883 0.762109 0.0115085 0.0220978 0.00262076
4 0.839095 0.808469 0.0836204 0.0903776 0.00248492
4 0.337669 0.768797 0.0104236 0.0286813 0.00247283
4 0.127451 0.775333 0.0251759 0.0519125 0.00247151
2 0.409303 0.550942 0.0117848 0.0187279 0.00245124
4 0.471621 0.758928 0.0258704 0.0362293 0.00244107
1 0.177494 0.684262 0.0100396 0.0386611 0.00235122
7 0.607736 0.611509 0.0114578 0.0656084 0.00228946
1 0.704674 0.568554 0.0307167 0.168976 0.0022462
4 0.288895 0.771309 0.0296304 0.0433021 0.0022306
1 0.691232 0.701887 0.00846667 0.0313788 0.00221972
4 0.432019 0.778741 0.0760166 0.0686962 0.00219046
0 0.314075 0.757846 0.0187854 0.044409 0.00218854
7 0.507457 0.246758 0.0327172 0.067392 0.00218302
8 0.34988 0.763497 0.0125327 0.0194512 0.00215796
0 0.337461 0.745389 0.0282502 0.0485506 0.00209216
15 0.339353 0.755647 0.016215 0.0256668 0.0020566
0 0.164339 0.774535 0.0117083 0.0429305 0.00204673
8 0.0676601 0.770593 0.03539 0.0510308 0.00201444
1 0.320839 0.701371 0.0187701 0.0304028 0.0019767
7 0.750634 0.756402 0.0130584 0.0152682 0.00197251
1 0.495049 0.681095 0.0168661 0.0806039 0.00195585
1 0.307663 0.705962 0.0188396 0.0270275 0.00190105
1 0.324621 0.704953 0.0162574 0.0313209 0.00189329
4 0.975039 0.78257 0.0246415 0.0205152 0.00187112
0 0.130785 0.767361 0.0340265 0.0531769 0.00185638
2 0.338397 0.489898 0.0117493 0.0181429 0.00177951
4 0.166663 0.779974 0.013046 0.0524379 0.00174248
4 0.892622 0.777326 0.0750976 0.0340138 0.0016954
15 0.958802 0.750042 0.0464708 0.0744209 0.00166415
4 0.989421 0.802352 0.0180098 0.05851 0.00165482
8 0.142814 0.771938 0.0305193 0.0546718 0.00164133
1 0.385905 0.747198 0.0105384 0.0343881 0.00163127
7 0.473456 0.275473 0.0407844 0.0556897 0.00162249
22 0.133561 0.782184 0.0205359 0.0607576 0.00162039
8 0.344519 0.75696 0.0163457 0.0253297 0.00161666
1 0.499127 0.685218 0.0156983 0.0704969 0.00158456
0 0.127451 0.775333 0.0251759 0.0519125 0.00157945
15 0.313796 0.754595 0.0213304 0.0423979 0.00157103
5 0.329674 0.758406 0.0117173 0.0215526 0.0015563
6 0.339353 0.755647 0.016215 0.0256668 0.00155538
4 0.372013 0.76547 0.0272423 0.0203893 0.00151429
8 0.164339 0.774535 0.0117083 0.0429305 0.00149114
7 0.909465 0.738839 0.0120005 0.050112 0.00148039
4 0.706338 0.761636 0.0437261 0.027231 0.00147068
4 0.873582 0.80065 0.118561 0.0666857 0.00146608
7 0.412609 0.239268 0.0672248 0.108537 0.00146386
7 0.401385 0.249368 0.0384785 0.127238 0.00144644
4 0.150272 0.747571 0.0243226 0.0262904 0.00143314
0 0.750634 0.756402 0.0130584 0.0152682 0.00142925
5 0.33426 0.745644 0.033362 0.0473677 0.00137799
7 0.747615 0.756387 0.0115019 0.0189426 0.00135176
7 0.432771 0.298289 0.0508541 0.192051 0.00134269
7 0.393486 0.233197 0.032019 0.0964031 0.00134167
4 0.858526 0.774483 0.0336828 0.0186184 0.00133803
5 0.958802 0.750042 0.0464708 0.0744209 0.00133213
1 0.686203 0.727937 0.0126389 0.0863057 0.00132604
1 0.489961 0.693093 0.0149277 0.065213 0.00131372
4 0.402081 0.782985 0.0215596 0.0282702 0.00130296
4 0.756238 0.79687 0.109581 0.0931654 0.00129458
6 0.654898 0.729669 0.121234 0.0909364 0.00129308
4 0.0766153 0.771193 0.0233178 0.0481487 0.00128241
8 0.127451 0.775333 0.0251759 0.0519125 0.00127189
1 0.470346 0.697626 0.0207162 0.0460518 0.00126392
1 0.334028 0.722173 0.0159257 0.0141876 0.00126342
4 0.698687 0.730669 0.0155087 0.0797713 0.00126174
1 0.398873 0.689615 0.0131231 0.0245555 0.00123202
3 0.0766153 0.771193 0.0233178 0.0481487 0.00122599
14 0.133561 0.782184 0.0205359 0.0607576 0.00119583
0 0.337669 0.768797 0.0104236 0.0286813 0.00118059
8 0.985395 0.779192 0.0202885 0.0283706 0.00117641
2 0.422222 0.488968 0.0155975 0.0364744 0.00117372
7 0.686203 0.727937 0.0126389 0.0863057 0.00116216
2 0.418606 0.523252 0.0152276 0.0200167 0.0011495
25 0.337461 0.745389 0.0282502 0.0485506 0.00114572
6 0.635033 0.755526 0.0742193 0.0472006 0.00114222
7 0.452134 0.694492 0.00841055 0.0356971 0.00114084
0 0.166663 0.779974 0.013046 0.0524379 0.00111134
0 0.138774 0.744439 0.0149086 0.0202368 0.0011113
2 0.322915 0.48364 0.0119383 0.0216995 0.00109685
1 0.452134 0.694492 0.00841055 0.0356971 0.00109163
7 0.0344221 0.689746 0.00787938 0.0177168 0.0010847
4 0.470915 0.787277 0.0137206 0.0417066 0.00106025
0 0.698687 0.730669 0.0155087 0.0797713 0.00104191
2 0.302505 0.566853 0.0101587 0.0119493 0.00101967
3 0.337669 0.768797 0.0104236 0.0286813 0.001009
1 0.746921 0.735941 0.00849036 0.0530063 0.001
