4 0.179651 0.775523 0.21687 0.236876 0.930115
1 0.462855 0.553578 0.0749599 0.0692604 0.890659
4 0.489072 0.738408 0.0801516 0.0999393 0.889185
1 0.353217 0.559314 0.0748512 0.0726934 0.874315
4 0.465449 0.674734 0.0181432 0.0222698 0.752125
4 0.513561 0.64948 0.0114885 0.015596 0.605539
4 0.497115 0.66989 0.0180171 0.0302343 0.603664
1 0.684585 0.677116 0.0273051 0.0208383 0.595303
1 0.898251 0.580527 0.0329338 0.105006 0.54324
4 0.805125 0.722199 0.0261483 0.0170811 0.53375
4 0.525057 0.709778 0.012507 0.0156851 0.419065
4 0.476797 0.662156 0.00908524 0.0167942 0.366239
4 0.950597 0.729004 0.0352388 0.0149054 0.299337
4 0.0802939 0.718989 0.0283772 0.021531 0.219306
1 0.773506 0.682322 0.0189439 0.0292689 0.19017
4 0.0721693 0.723186 0.0413807 0.0252233 0.163554
4 0.673531 0.695565 0.0205551 0.011316 0.159034
4 0.466521 0.669597 0.0168217 0.018816 0.154811
4 0.505487 0.703416 0.0300651 0.0349238 0.145
6 0.286437 0.698279 0.0521918 0.0282287 0.142262
4 0.49892 0.658908 0.0148696 0.0194343 0.128557
4 0.782291 0.720545 0.0189456 0.016199 0.109815
15 0.986013 0.663564 0.025805 0.144374 0.086136
4 0.0343294 0.756192 0.0674775 0.0795003 0.081849
4 0.453633 0.709372 0.00988236 0.0152845 0.0773024
4 0.512181 0.70009 0.0151255 0.0284103 0.0674824
4 0.492886 0.667393 0.0195712 0.0305496 0.0619103
4 0.504514 0.695311 0.0334852 0.0278262 0.0596315
4 0.455447 0.705739 0.00974261 0.0184005 0.0535999
4 0.477663 0.670979 0.00873694 0.01778 0.0459835
4 0.690696 0.696545 0.0131771 0.0112941 0.0410735
4 0.757402 0.717612 0.0212244 0.0139586 0.0402655
4 0.0145662 0.754791 0.0291324 0.0778743 0.0399268
12 0.985669 0.68649 0.0268286 0.0943523 0.0370185
1 0.966855 0.716561 0.013186 0.0312294 0.0366938
4 0.476898 0.65133 0.00934592 0.0194545 0.0360285
4 0.495308 0.650422 0.0097309 0.0174994 0.0350243
6 0.952689 0.708997 0.0375467 0.0513566 0.0324377
6 0.985585 0.663551 0.0260081 0.146003 0.0316874
6 0.960462 0.701687 0.0549036 0.0729037 0.0306922
4 0.782823 0.724888 0.0187253 0.0215041 0.03041
4 0.766769 0.719567 0.0273101 0.0166753 0.0298113
1 0.627408 0.681425 0.0115434 0.0101634 0.0296575
1 0.965699 0.695426 0.0219805 0.0627096 0.0293914
4 0.531029 0.649837 0.00727191 0.0164016 0.0280078
4 0.711729 0.70727 0.00799384 0.00563414 0.0276173
4 0.378246 0.684862 0.0176359 0.0207507 0.0265093
4 0.532072 0.653861 0.00775244 0.0137855 0.0263986
4 0.371461 0.686992 0.0182833 0.0188047 0.0243328
1 0.902135 0.705887 0.0275812 0.0261953 0.0239995
4 0.932452 0.73402 0.0380886 0.014131 0.023135
4 0.70716 0.710312 0.0091759 0.0131516 0.0229967
4 0.510857 0.660233 0.0112802 0.0225055 0.0218092
4 0.943062 0.735628 0.0527608 0.0239498 0.0209468
6 0.965699 0.695426 0.0219805 0.0627096 0.0206825
4 0.013296 0.731655 0.0265921 0.0332094 0.0198289
4 0.472387 0.650023 0.0104255 0.0173465 0.0182359
4 0.805483 0.71681 0.0246467 0.019582 0.0180932
4 0.0880939 0.724189 0.0238575 0.0338169 0.0180551
4 0.627408 0.681425 0.0115434 0.0101634 0.0173796
4 0.687651 0.699667 0.0130738 0.0165821 0.0169086
1 0.525057 0.709778 0.012507 0.0156851 0.016863
1 0.286437 0.698279 0.0521918 0.0282287 0.0168492
4 0.439818 0.647164 0.00916165 0.0111613 0.0154025
4 0.653924 0.693459 0.0073136 0.00978847 0.0139508
1 0.659896 0.682193 0.0176549 0.0128686 0.0135756
4 0.829108 0.720272 0.0215396 0.00911841 0.0134078
4 0.696298 0.706945 0.0132715 0.0199655 0.0130184
6 0.476797 0.662156 0.00908524 0.0167942 0.0129614
6 0.690696 0.696545 0.0131771 0.0112941 0.0126813
4 0.435666 0.646602 0.0118785 0.0104479 0.0111813
4 0.442998 0.652842 0.00658594 0.0160414 0.0111022
0 0.966855 0.716561 0.013186 0.0312294 0.0110925
4 0.458729 0.665845 0.00761408 0.0127379 0.0108993
4 0.452682 0.646594 0.00970813 0.0102765 0.0107597
4 0.512426 0.685153 0.0125352 0.0173405 0.0107534
4 0.941905 0.725787 0.0377578 0.019357 0.0106892
4 0.716581 0.710874 0.0109089 0.0126037 0.0106078
4 0.95188 0.709155 0.0368951 0.0514695 0.0105015
4 0.7063 0.703518 0.00973895 0.0114918 0.0104779
1 0.900256 0.644842 0.0304903 0.0252388 0.0102543
4 0.741698 0.715221 0.0156617 0.0120984 0.0101474
6 0.513561 0.64948 0.0114885 0.015596 0.0100983
4 0.0451558 0.734471 0.0638409 0.0397043 0.00980152
24 0.985563 0.68773 0.0253752 0.108273 0.00970186
1 0.901295 0.668975 0.0306135 0.0281395 0.00953053
4 0.826607 0.727007 0.0298924 0.0202811 0.0090848
4 0.514068 0.643413 0.010388 0.0226069 0.00873334
4 0.465957 0.687097 0.015732 0.0240407 0.00857935
1 0.89873 0.615058 0.0324723 0.174072 0.00852595
1 0.404891 0.623116 0.00953275 0.0162937 0.0085225
7 0.9379 0.519492 0.0109758 0.0311902 0.00840709
6 0.497087 0.665171 0.0170966 0.0296265 0.00835246
4 0.692333 0.69154 0.0184466 0.0114477 0.00826217
4 0.940188 0.741855 0.0662603 0.0321217 0.00811632
12 0.951385 0.708365 0.0357625 0.0502834 0.00797558
1 0.968154 0.705436 0.0185588 0.05552 0.00795246
4 0.766712 0.724155 0.0305515 0.0237314 0.00792736
1 0.774922 0.694066 0.0132584 0.0247424 0.00780971
4 0.0511809 0.724665 0.0406571 0.0210696 0.00778764
1 0.644713 0.68346 0.00776318 0.00940587 0.00771108
1 0.692333 0.69154 0.0184466 0.0114477 0.00761855
4 0.544959 0.653986 0.0129629 0.0132695 0.00761166
0 0.180044 0.775631 0.216254 0.238845 0.00695351
4 0.784306 0.714181 0.0120939 0.016149 0.00659973
4 0.367521 0.689279 0.0103531 0.0177985 0.00649797
1 0.110665 0.635465 0.0474486 0.0403081 0.00647533
4 0.872282 0.730566 0.0146246 0.017641 0.0064534
1 0.0780462 0.705815 0.0155567 0.0201919 0.0063797
4 0.488581 0.638878 0.0102701 0.0182517 0.00637591
1 0.952817 0.708441 0.0374063 0.048024 0.00631534
1 0.0765861 0.688543 0.0123219 0.0450557 0.00618652
2 0.181183 0.582669 0.00631863 0.00640027 0.00555262
4 0.420792 0.66621 0.0112841 0.0194105 0.00549615
1 0.420792 0.66621 0.0112841 0.0194105 0.00541551
15 0.952636 0.709774 0.041243 0.0519628 0.00518321
4 0.666707 0.698331 0.0163243 0.0194708 0.00509805
6 0.677373 0.695812 0.014825 0.0110175 0.00509201
4 0.644713 0.68346 0.00776318 0.00940587 0.0050782
4 0.540973 0.649111 0.00926117 0.0148994 0.00503161
8 0.909998 0.742587 0.010491 0.0187732 0.0049073
14 0.952817 0.708441 0.0374063 0.048024 0.00482526
1 0.9856 0.686879 0.0260866 0.0942946 0.00481542
1 0.465449 0.674734 0.0181432 0.0222698 0.00479238
1 0.488653 0.623544 0.00966516 0.00638369 0.00475636
1 0.684855 0.671493 0.0281189 0.022342 0.00474153
24 0.986421 0.634747 0.0236816 0.0834874 0.0047348
1 0.220999 0.654248 0.0226875 0.0176625 0.00464079
4 0.841472 0.720642 0.0102209 0.00910166 0.0044698
4 0.429752 0.659836 0.0071492 0.00992112 0.00439153
22 0.462855 0.553578 0.0749599 0.0692604 0.00436101
6 0.966855 0.716561 0.013186 0.0312294 0.00435513
4 0.416874 0.646128 0.00861597 0.010872 0.00429511
4 0.645944 0.691879 0.00907233 0.0135572 0.00428459
7 0.966315 0.532257 0.00674182 0.014763 0.0042416
4 0.452935 0.681084 0.0122791 0.0189326 0.00423395
0 0.909998 0.742587 0.010491 0.0187732 0.0042285
6 0.378246 0.684862 0.0176359 0.0207507 0.00420009
4 0.501925 0.6821 0.0209533 0.0237851 0.00419124
6 0.968154 0.705436 0.0185588 0.05552 0.00410063
4 0.0326733 0.725558 0.0342154 0.0207904 0.00377114
4 0.847613 0.729259 0.0114384 0.0174201 0.00377012
4 0.488653 0.623544 0.00966516 0.00638369 0.00363805
4 0.866234 0.721493 0.0132356 0.0143174 0.00356427
1 0.378246 0.684862 0.0176359 0.0207507 0.00354193
4 0.286434 0.698937 0.0525078 0.0287643 0.0035316
24 0.952636 0.709774 0.041243 0.0519628 0.00352142
4 0.0941728 0.716895 0.0335102 0.0508547 0.00348839
1 0.416874 0.646128 0.00861597 0.010872 0.00346478
2 0.868163 0.536 0.0121857 0.0205166 0.0033744
12 0.965699 0.695426 0.0219805 0.0627096 0.00335602
15 0.513561 0.64948 0.0114885 0.015596 0.00334475
4 0.684047 0.705137 0.0158928 0.0240327 0.00334
15 0.970272 0.699416 0.0297396 0.0696556 0.00330504
6 0.371461 0.686992 0.0182833 0.0188047 0.00328934
1 0.987452 0.61198 0.0222728 0.0361036 0.0032591
4 0.485453 0.693439 0.0356941 0.0220167 0.00325458
1 0.90177 0.686357 0.0306916 0.0308345 0.00322455
1 0.267953 0.650272 0.0354801 0.0566232 0.00318258
6 0.492886 0.667393 0.0195712 0.0305496 0.00317801
7 0.868449 0.543263 0.0118267 0.0317104 0.00316633
6 0.353221 0.55985 0.0748201 0.0734798 0.0031396
1 0.22359 0.651218 0.0197989 0.0207749 0.00311824
4 0.966855 0.716561 0.013186 0.0312294 0.00309266
6 0.659896 0.682193 0.0176549 0.0128686 0.00307932
1 0.690696 0.696545 0.0131771 0.0112941 0.00307345
6 0.476898 0.65133 0.00934592 0.0194545 0.00305347
24 0.960462 0.701687 0.0549036 0.0729037 0.00305086
1 0.513272 0.6529 0.0115847 0.0150892 0.00304621
4 0.421601 0.675809 0.0127554 0.018543 0.00300804
6 0.964748 0.659598 0.0636349 0.159539 0.00298369
4 0.909998 0.742587 0.010491 0.0187732 0.00295857
4 0.880494 0.733538 0.0136841 0.0197053 0.00293721
14 0.966855 0.716561 0.013186 0.0312294 0.00289042
4 0.557297 0.6548 0.00797376 0.0125718 0.0028745
7 0.935599 0.525366 0.0113058 0.0251355 0.00280222
1 0.497842 0.670097 0.0169974 0.0290639 0.00278823
6 0.983205 0.686556 0.0313851 0.0949171 0.00272566
2 0.99479 0.545379 0.0070141 0.0145372 0.00266151
6 0.465449 0.674734 0.0181432 0.0222698 0.00261985
4 0.854419 0.72179 0.0145667 0.0127694 0.00255586
1 0.677373 0.695812 0.014825 0.0110175 0.0025102
1 0.195589 0.633042 0.023577 0.0398372 0.00248867
1 0.453633 0.709372 0.00988236 0.0152845 0.00246818
19 0.484773 0.203673 0.969546 0.407347 0.0024335
4 0.0275753 0.765838 0.050584 0.0630738 0.0024264
15 0.960462 0.701687 0.0549036 0.0729037 0.00242116
0 0.0829311 0.722152 0.0265263 0.0301635 0.00238945
1 0.16661 0.649983 0.00788571 0.017005 0.00237788
6 0.684416 0.677543 0.0273566 0.0206076 0.00234855
4 0.761673 0.713527 0.0139662 0.0139975 0.00233449
4 0.0504774 0.740608 0.07305 0.0568322 0.0023144
6 0.627408 0.681425 0.0115434 0.0101634 0.00231024
2 0.9379 0.519492 0.0109758 0.0311902 0.00231012
7 0.993928 0.532356 0.00843134 0.0273014 0.0023056
1 0.435666 0.646602 0.0118785 0.0104479 0.00227752
4 0.485515 0.626222 0.0106181 0.00869259 0.00227212
5 0.953735 0.708698 0.040515 0.0510229 0.00225577
0 0.954702 0.728187 0.0342675 0.0183666 0.00221964
6 0.912558 0.710589 0.058174 0.041471 0.00220871
4 0.352773 0.691259 0.0239852 0.0159037 0.00219047
4 0.624329 0.682084 0.0129433 0.0112116 0.00215813
6 0.285374 0.689656 0.0543301 0.0319046 0.00210455
1 0.993928 0.532356 0.00843134 0.0273014 0.00210014
4 0.0830099 0.729808 0.0235132 0.0383565 0.00208253
6 0.687651 0.699667 0.0130738 0.0165821 0.00207124
12 0.968154 0.705436 0.0185588 0.05552 0.00206887
7 0.937734 0.528377 0.0116282 0.0264594 0.00206732
1 0.488581 0.638878 0.0102701 0.0182517 0.00205729
1 0.186276 0.641682 0.0440745 0.0332823 0.00203755
1 0.228423 0.655589 0.0306631 0.0230096 0.0020174
1 0.421601 0.675809 0.0127554 0.018543 0.0020051
5 0.513561 0.64948 0.0114885 0.015596 0.00199885
7 0.99479 0.545379 0.0070141 0.0145372 0.00199649
7 0.960834 0.5189 0.0083031 0.0109013 0.0019834
6 0.452682 0.646594 0.00970813 0.0102765 0.00196932
6 0.472387 0.650023 0.0104255 0.0173465 0.00194944
2 0.733143 0.592821 0.00713776 0.0151764 0.0018956
4 0.0627603 0.749377 0.0379624 0.071623 0.00188311
7 0.935556 0.516087 0.0126292 0.0200087 0.00186238
4 0.446549 0.679552 0.00783704 0.00952634 0.00185846
4 0.414658 0.675747 0.00919101 0.021631 0.00183786
8 0.0275753 0.765838 0.050584 0.0630738 0.00183554
1 0.485515 0.626222 0.0106181 0.00869259 0.00178132
1 0.439818 0.647164 0.00916165 0.0111613 0.00177105
2 0.805125 0.722199 0.0261483 0.0170811 0.00174473
4 0.853114 0.733327 0.0141791 0.0200244 0.00169434
2 0.960834 0.5189 0.0083031 0.0109013 0.0016934
22 0.353248 0.55905 0.0749924 0.0738827 0.00167814
1 0.371461 0.686992 0.0182833 0.0188047 0.00164939
6 0.986421 0.634747 0.0236816 0.0834874 0.00164348
22 0.684585 0.677116 0.0273051 0.0208383 0.00161791
4 0.0780462 0.705815 0.0155567 0.0201919 0.00160469
1 0.607986 0.630672 0.00655939 0.0280227 0.00160378
7 0.984949 0.546511 0.0218187 0.0221765 0.00159441
1 0.988564 0.524791 0.0137784 0.023094 0.00159257
1 0.986421 0.634747 0.0236816 0.0834874 0.00157509
4 0.990741 0.734289 0.0152559 0.0169047 0.00156183
4 0.907005 0.723532 0.0365437 0.0216628 0.00156048
4 0.951368 0.742077 0.0504664 0.0380808 0.00154941
4 0.64927 0.689298 0.0109062 0.00759721 0.00154281
4 0.0885317 0.706636 0.0174999 0.0182614 0.00152969
2 0.846063 0.663919 0.00951361 0.0106676 0.00152395
24 0.984657 0.668392 0.0306864 0.139521 0.00151444
6 0.421601 0.675809 0.0127554 0.018543 0.00150367
4 0.713759 0.703618 0.0109974 0.0116064 0.00146642
6 0.644713 0.68346 0.00776318 0.00940587 0.00146482
6 0.505487 0.703416 0.0300651 0.0349238 0.00144281
14 0.880986 0.746075 0.0126495 0.0302174 0.00143855
1 0.670713 0.677934 0.0321873 0.0222051 0.0014371
1 0.200605 0.645707 0.0150116 0.024544 0.00143691
4 0.902542 0.711101 0.0298636 0.0263018 0.00143621
7 0.870035 0.553546 0.0127471 0.0440132 0.00143289
4 0.425657 0.676605 0.0106707 0.0185785 0.00137344
15 0.690696 0.696545 0.0131771 0.0112941 0.00136516
0 0.880494 0.733538 0.0136841 0.0197053 0.00135223
2 0.935214 0.541509 0.0104295 0.021184 0.00133938
6 0.439818 0.647164 0.00916165 0.0111613 0.00133506
5 0.371461 0.686992 0.0182833 0.0188047 0.00132585
4 0.91726 0.739229 0.0223217 0.0223312 0.00132362
4 0.984293 0.731206 0.0223353 0.0200141 0.00131619
24 0.968154 0.705436 0.0185588 0.05552 0.00130663
4 0.632943 0.688671 0.0106345 0.0202683 0.00130002
2 0.845241 0.578013 0.00641699 0.0172322 0.00129968
8 0.880986 0.746075 0.0126495 0.0302174 0.00129512
1 0.429752 0.659836 0.0071492 0.00992112 0.00128611
8 0.880494 0.733538 0.0136841 0.0197053 0.00128148
2 0.840009 0.552688 0.00728503 0.018374 0.0012745
6 0.52375 0.709368 0.0138767 0.0206852 0.00126322
6 0.420792 0.66621 0.0112841 0.0194105 0.00124211
1 0.367521 0.689279 0.0103531 0.0177985 0.0012251
3 0.0298031 0.756854 0.0583641 0.0785264 0.00121881
4 0.72625 0.712336 0.0158073 0.0114849 0.00121666
6 0.945551 0.728948 0.0474554 0.0148252 0.00121602
1 0.407262 0.614467 0.00917383 0.0233619 0.00121221
1 0.414556 0.631739 0.00911478 0.0212542 0.00121204
4 0.805867 0.73036 0.0279381 0.0313907 0.00119039
7 0.977781 0.529443 0.0103876 0.0197484 0.00118373
7 0.844305 0.569194 0.0063335 0.0186824 0.00115732
4 0.739043 0.711107 0.010473 0.0117753 0.00113553
7 0.868163 0.536 0.0121857 0.0205166 0.00113378
3 0.0154601 0.755493 0.0309202 0.078275 0.00113114
1 0.156024 0.620234 0.0119469 0.00847345 0.00112561
4 0.355192 0.688257 0.0235398 0.0190338 0.00111565
4 0.325963 0.694106 0.0162038 0.0175949 0.00110897
4 0.83614 0.715857 0.00991754 0.0199758 0.00110489
8 0.513561 0.64948 0.0114885 0.015596 0.00109933
2 0.920742 0.514752 0.00956097 0.0112387 0.00109181
2 0.852119 0.569517 0.00978302 0.0145784 0.00108761
6 0.49892 0.658908 0.0148696 0.0194343 0.00108642
7 0.352852 0.55887 0.0750266 0.0733649 0.00107737
6 0.692333 0.69154 0.0184466 0.0114477 0.00106913
5 0.378246 0.684862 0.0176359 0.0207507 0.00105078
24 0.965699 0.695426 0.0219805 0.0627096 0.00104938
4 0.673485 0.704464 0.0202701 0.0263012 0.00104512
15 0.476898 0.65133 0.00934592 0.0194545 0.00104197
1 0.624329 0.682084 0.0129433 0.0112116 0.00103864
8 0.932452 0.73402 0.0380886 0.014131 0.00103861
14 0.880494 0.733538 0.0136841 0.0197053 0.00103015
3 0.0203408 0.766392 0.0397638 0.0624208 0.00101356
