31 0.46046 0.329467 0.155393 0.256109 0.959688
31 0.246659 0.397367 0.183533 0.288624 0.939719
53 0.590421 0.851325 0.13186 0.289678 0.923027
19 0.834855 0.756088 0.33029 0.487825 0.880026
31 0.626107 0.258388 0.0978414 0.0709399 0.868597
18 0.0411879 0.512041 0.0815821 0.356862 0.867537
19 0.434768 0.733438 0.632742 0.533125 0.820525
30 0.762751 0.0165258 0.0791294 0.0327752 0.621914
35 0.950388 0.248018 0.079427 0.127448 0.548118
35 0.877981 0.232829 0.102866 0.153702 0.50769
50 0.445014 0.508235 0.1311 0.0592428 0.473904
35 0.499777 0.2069 0.0806785 0.134391 0.427264
51 0.392174 0.539818 0.0648144 0.0534608 0.304663
36 0.893289 0.28344 0.0608778 0.0506418 0.266153
19 0.262087 0.673344 0.39338 0.647617 0.214024
18 0.303082 0.673822 0.312368 0.648191 0.172718
34 0.363529 0.51602 0.0572345 0.0375745 0.156042
10 0.705988 0.284026 0.00853442 0.0242081 0.151938
48 0.279116 0.519673 0.0206112 0.0177767 0.148323
31 0.568111 0.268486 0.0199227 0.0353753 0.129683
35 0.893014 0.280179 0.0635017 0.0600014 0.116522
0 0.75839 0.278836 0.0479366 0.045504 0.114507
18 0.307298 0.823155 0.306476 0.349411 0.0929309
34 0.391003 0.494392 0.0249617 0.042748 0.0924594
10 0.58414 0.97457 0.0295584 0.0473505 0.0902899
11 0.838034 0.289551 0.056847 0.031047 0.0899839
18 0.773522 0.326694 0.038036 0.138133 0.0762711
0 0.757014 0.326008 0.0505316 0.138953 0.0746363
31 0.756068 0.278373 0.045655 0.0453758 0.0726133
48 0.390013 0.501942 0.024788 0.0326463 0.0670052
10 0.990599 0.618776 0.0181038 0.131433 0.0660175
18 0.75512 0.324215 0.049931 0.139401 0.0658658
0 0.769347 0.278363 0.0261763 0.0424223 0.0648275
51 0.569243 0.521521 0.0463966 0.106677 0.0645125
34 0.392174 0.539818 0.0648144 0.0534608 0.0598649
10 0.719895 0.282001 0.00809448 0.0287458 0.0575395
10 0.72638 0.276894 0.0120529 0.0416541 0.0566842
51 0.546125 0.260922 0.0138992 0.0352093 0.0536882
10 0.546125 0.260922 0.0138992 0.0352093 0.0507978
9 0.391928 0.540419 0.0640508 0.0524676 0.0498095
31 0.805213 0.273508 0.036569 0.0255255 0.0454361
50 0.836841 0.289978 0.0554592 0.0308175 0.0433761
31 0.594811 0.230546 0.0516396 0.0212249 0.0416135
10 0.568111 0.268486 0.0199227 0.0353753 0.0402909
43 0.759213 0.321065 0.0537384 0.130664 0.0367757
18 0.0479585 0.455773 0.0572705 0.287159 0.0353792
43 0.760163 0.277099 0.0533544 0.0458828 0.0346038
47 0.391928 0.540419 0.0640508 0.0524676 0.0329254
48 0.885439 0.588247 0.0212128 0.0400592 0.031387
30 0.821886 0.0901428 0.0116684 0.029348 0.0313019
48 0.89172 0.582386 0.033009 0.049422 0.0310473
50 0.437915 0.487851 0.0300237 0.0257437 0.0306382
18 0.0494015 0.403953 0.0521409 0.181887 0.0281393
48 0.276936 0.523595 0.0234796 0.0235998 0.0280312
36 0.940384 0.292694 0.0232045 0.0359119 0.0271163
34 0.40611 0.518555 0.0346418 0.0197664 0.027089
51 0.363196 0.517107 0.0530276 0.0342679 0.0258917
53 0.630982 0.881222 0.045426 0.176272 0.0245628
10 0.99463 0.294569 0.0102764 0.037402 0.0245475
18 0.771193 0.276985 0.0289029 0.0396675 0.0240729
30 0.802628 0.124039 0.040033 0.0225356 0.0237913
34 0.34574 0.49844 0.02155 0.0430878 0.023722
18 0.616539 0.331839 0.0659605 0.118272 0.0235746
10 0.569566 0.521347 0.0456188 0.107772 0.0232099
10 0.644446 0.973293 0.152422 0.0506053 0.0217531
34 0.370536 0.511336 0.0425815 0.0258944 0.0216934
34 0.425057 0.490288 0.0939224 0.0394606 0.0212366
9 0.91358 0.676716 0.166235 0.280551 0.021135
19 0.766847 0.276527 0.0765368 0.0443284 0.0203591
10 0.649138 0.526859 0.128187 0.0735126 0.0202065
34 0.356628 0.502074 0.0437801 0.0533573 0.0200521
18 0.628106 0.296819 0.0476611 0.130493 0.0198935
51 0.913172 0.676848 0.167064 0.278893 0.0196757
9 0.844581 0.227315 0.0446025 0.102066 0.0195633
48 0.363196 0.517107 0.0530276 0.0342679 0.0190645
52 0.527799 0.573913 0.0490868 0.0197813 0.0189094
10 0.689647 0.284446 0.0151697 0.0190903 0.0188697
10 0.724044 0.278301 0.011146 0.0367316 0.0185516
19 0.759318 0.325916 0.0594095 0.139456 0.018482
10 0.705286 0.663389 0.0287607 0.026901 0.0183644
50 0.392424 0.54007 0.064526 0.053044 0.0181335
52 0.724044 0.278301 0.011146 0.0367316 0.0168357
31 0.689647 0.284446 0.0151697 0.0190903 0.0165708
48 0.40611 0.518555 0.0346418 0.0197664 0.0165351
9 0.628106 0.296819 0.0476611 0.130493 0.0162467
30 0.810178 0.0412361 0.0846491 0.0269903 0.0162387
31 0.719895 0.282001 0.00809448 0.0287458 0.0160931
30 0.835167 0.0404064 0.126642 0.0332741 0.0145806
30 0.822303 0.0991278 0.0092829 0.0273933 0.0145299
48 0.433477 0.488855 0.0240913 0.026697 0.0144413
48 0.370536 0.511336 0.0425815 0.0258944 0.0144368
31 0.72799 0.27872 0.00999298 0.0387886 0.0144197
48 0.325659 0.510675 0.031868 0.0296999 0.013554
19 0.773319 0.344777 0.0328771 0.109773 0.0134106
48 0.284765 0.520705 0.0282894 0.0202193 0.0132566
9 0.618573 0.325829 0.0629069 0.11182 0.0131819
19 0.784279 0.337761 0.0602869 0.118979 0.0129867
34 0.433477 0.488855 0.0240913 0.026697 0.0129611
18 0.038935 0.42364 0.0712655 0.200451 0.0127506
18 0.759541 0.277287 0.0539202 0.0457137 0.0127224
34 0.40862 0.492564 0.0599529 0.0420769 0.0123324
18 0.728549 0.328208 0.076873 0.147284 0.012244
31 0.801594 0.288589 0.0347314 0.0172829 0.0121599
31 0.765477 0.278033 0.0369096 0.0428624 0.0121372
56 0.569139 0.52232 0.0463934 0.106228 0.0118493
18 0.837334 0.289518 0.0544847 0.0320327 0.0114476
30 0.79601 0.0375812 0.0554903 0.0209554 0.0111746
48 0.390709 0.540063 0.0691872 0.0532582 0.0110742
52 0.705988 0.284026 0.00853442 0.0242081 0.0109484
36 0.719895 0.282001 0.00809448 0.0287458 0.0104987
31 0.705988 0.284026 0.00853442 0.0242081 0.0103894
48 0.298997 0.530249 0.0265557 0.0162456 0.0102095
18 0.892216 0.283604 0.0607083 0.0529822 0.0101377
31 0.107285 0.302599 0.10153 0.035086 0.00973063
31 0.837334 0.289518 0.0544847 0.0320327 0.00971994
9 0.892216 0.283604 0.0607083 0.0529822 0.00958194
10 0.100295 0.341279 0.0133254 0.0295531 0.00944651
10 0.940384 0.292694 0.0232045 0.0359119 0.00934437
49 0.35163 0.372811 0.0313893 0.0807082 0.00925951
31 0.546125 0.260922 0.0138992 0.0352093 0.00925573
31 0.724044 0.278301 0.011146 0.0367316 0.00905587
31 0.694075 0.279429 0.0223362 0.0265969 0.00895245
51 0.581809 0.535842 0.0245638 0.0774107 0.00873158
34 0.362109 0.52367 0.0532999 0.026849 0.00845416
48 0.390803 0.493298 0.024468 0.0433327 0.0082655
35 0.909254 0.240652 0.167506 0.132204 0.0082425
35 0.500859 0.179746 0.0710532 0.0525235 0.00822228
53 0.573853 0.883878 0.0925777 0.208037 0.00805486
21 0.715666 0.314181 0.0343962 0.0869267 0.00799322
9 0.990452 0.61548 0.0181387 0.134291 0.00781995
52 0.719895 0.282001 0.00809448 0.0287458 0.00776439
10 0.154731 0.391108 0.0127572 0.0407664 0.0077472
52 0.567996 0.271007 0.0177435 0.0368726 0.00771232
30 0.803419 0.109321 0.0430023 0.0363613 0.00765494
18 0.804819 0.27198 0.0372432 0.0256835 0.00763005
48 0.705286 0.663389 0.0287607 0.026901 0.00745369
54 0.626086 0.259492 0.0977902 0.0722266 0.00744047
31 0.759213 0.321065 0.0537384 0.130664 0.00736294
35 0.920137 0.276815 0.0252567 0.0619029 0.00733658
31 0.686543 0.287621 0.0184078 0.0162497 0.00728196
30 0.856811 0.0383956 0.0853512 0.0208636 0.00721477
31 0.500028 0.203942 0.0808002 0.130697 0.00715154
36 0.904303 0.287376 0.0528347 0.0490657 0.00714507
10 0.893415 0.283038 0.060738 0.0517322 0.00707557
49 0.893415 0.283038 0.060738 0.0517322 0.00707462
0 0.773319 0.344777 0.0328771 0.109773 0.00706118
51 0.331159 0.543426 0.037848 0.0481941 0.00702606
52 0.297445 0.546346 0.0321915 0.0216505 0.00698738
51 0.347677 0.407678 0.0206728 0.0369119 0.00696942
48 0.34574 0.49844 0.02155 0.0430878 0.00693169
36 0.950353 0.297771 0.053405 0.0317354 0.00685585
52 0.708686 0.280811 0.0108434 0.0297144 0.00664955
10 0.712627 0.652454 0.0206955 0.028153 0.00660649
10 0.566385 0.487984 0.0348957 0.0378804 0.00659547
35 0.52146 0.192571 0.0241888 0.0210238 0.00656962
56 0.581809 0.535842 0.0245638 0.0774107 0.00649819
0 0.72799 0.27872 0.00999298 0.0387886 0.00646392
51 0.387612 0.523717 0.0572727 0.0241866 0.00644769
10 0.729633 0.651158 0.0183815 0.02482 0.00628322
35 0.479206 0.215249 0.122616 0.148238 0.00628271
9 0.842102 0.240466 0.0377323 0.0722031 0.00617415
54 0.804819 0.27198 0.0372432 0.0256835 0.00616126
52 0.72638 0.276894 0.0120529 0.0416541 0.00602137
50 0.371592 0.514694 0.07189 0.0457338 0.00591425
21 0.75512 0.324215 0.049931 0.139401 0.00591076
34 0.769347 0.278363 0.0261763 0.0424223 0.00586738
19 0.0467748 0.434504 0.0595903 0.235398 0.00584476
36 0.568111 0.268486 0.0199227 0.0353753 0.00583942
31 0.677812 0.252127 0.00870752 0.0514866 0.00581397
51 0.370536 0.511336 0.0425815 0.0258944 0.00568196
10 0.717224 0.649336 0.0179384 0.0238429 0.00566208
49 0.352912 0.35651 0.0358166 0.11965 0.00564495
34 0.366845 0.491096 0.0167968 0.0369193 0.00558558
10 0.366845 0.491096 0.0167968 0.0369193 0.00557102
9 0.837334 0.289518 0.0544847 0.0320327 0.0055619
51 0.566722 0.49216 0.0348022 0.0443827 0.00553671
36 0.892865 0.300976 0.0584541 0.0224501 0.00551606
19 0.638716 0.756111 0.722569 0.487779 0.00546261
47 0.950353 0.297771 0.053405 0.0317354 0.00541511
10 0.709447 0.65687 0.0254211 0.0344267 0.00531213
10 0.953319 0.29358 0.0503304 0.0376 0.00530956
18 0.644222 0.287631 0.0599188 0.128469 0.00523848
36 0.89266 0.306016 0.0607982 0.0164948 0.00515788
44 0.953819 0.301782 0.0457214 0.0238385 0.0051287
19 0.736191 0.314407 0.0548122 0.111256 0.00506461
21 0.736191 0.314407 0.0548122 0.111256 0.00491386
0 0.913497 0.676403 0.166675 0.278835 0.00482004
19 0.715666 0.314181 0.0343962 0.0869267 0.00479827
31 0.616982 0.291617 0.0675596 0.0361047 0.004797
48 0.894944 0.568321 0.0364944 0.029562 0.00478406
34 0.331159 0.543426 0.037848 0.0481941 0.00476918
52 0.312188 0.554088 0.01961 0.0207443 0.00474536
36 0.500939 0.232397 0.0784531 0.0753088 0.00473837
31 0.578405 0.267317 0.0118147 0.0363239 0.00473469
51 0.686543 0.287621 0.0184078 0.0162497 0.00473395
31 0.708686 0.280811 0.0108434 0.0297144 0.00470087
10 0.587987 0.547409 0.028557 0.05237 0.0046916
2 0.839069 0.0374164 0.0094574 0.0144051 0.00466313
9 0.949256 0.247844 0.0808722 0.125859 0.00466217
49 0.757152 0.327006 0.0501071 0.142886 0.00461213
18 0.626868 0.258499 0.0980835 0.0711568 0.0045049
31 0.980096 0.289135 0.0306797 0.0414598 0.00449134
48 0.546125 0.260922 0.0138992 0.0352093 0.00448796
19 0.911573 0.269565 0.168432 0.071134 0.00444849
10 0.369182 0.365634 0.0180457 0.116982 0.00444453
51 0.990452 0.61548 0.0181387 0.134291 0.00442864
54 0.802433 0.284761 0.0365024 0.0262589 0.00439724
31 0.152925 0.271421 0.0178077 0.0319184 0.00439534
36 0.705988 0.284026 0.00853442 0.0242081 0.00431315
47 0.567996 0.271007 0.0177435 0.0368726 0.00424667
51 0.649138 0.526859 0.128187 0.0735126 0.00421106
19 0.796284 0.34523 0.0412365 0.106837 0.00419651
48 0.329543 0.54359 0.0415968 0.045117 0.00416847
22 0.644446 0.973293 0.152422 0.0506053 0.00415568
52 0.703514 0.305083 0.0080517 0.0625516 0.00415055
10 0.100298 0.345805 0.0172713 0.0367062 0.00408796
0 0.801594 0.288589 0.0347314 0.0172829 0.0040476
54 0.756068 0.278373 0.045655 0.0453758 0.00401807
1 0.546253 0.261017 0.0131937 0.0356759 0.00399119
31 0.99463 0.294569 0.0102764 0.037402 0.00389455
44 0.882698 0.233164 0.109317 0.151449 0.00388534
18 0.590146 0.852047 0.133797 0.294904 0.00382251
19 0.826465 0.28811 0.065736 0.0302599 0.003812
34 0.387612 0.523717 0.0572727 0.0241866 0.00380682
7 0.594811 0.230546 0.0516396 0.0212249 0.00380624
30 0.803349 0.0851459 0.043527 0.0192684 0.00372209
50 0.453189 0.525357 0.112001 0.0330547 0.00372111
43 0.772641 0.278118 0.0917006 0.0420256 0.00371616
21 0.616356 0.31316 0.069721 0.12536 0.00370423
48 0.266169 0.525273 0.0479608 0.0262478 0.00366294
34 0.419707 0.48518 0.0658998 0.0481468 0.0036332
11 0.771193 0.276985 0.0289029 0.0396675 0.00362197
48 0.301797 0.519584 0.0211368 0.017931 0.0036195
10 0.34574 0.49844 0.02155 0.0430878 0.00360434
9 0.843138 0.277426 0.0437435 0.0258859 0.00357407
36 0.969077 0.29036 0.0371212 0.0428419 0.00354353
17 0.836841 0.289978 0.0554592 0.0308175 0.00349827
10 0.980096 0.289135 0.0306797 0.0414598 0.00348204
50 0.451857 0.475535 0.0551931 0.027456 0.00346729
18 0.72799 0.27872 0.00999298 0.0387886 0.00346443
51 0.568111 0.268486 0.0199227 0.0353753 0.00341563
54 0.838034 0.289551 0.056847 0.031047 0.00336678
34 0.433847 0.477953 0.0453224 0.0267514 0.00336296
10 0.756068 0.278373 0.045655 0.0453758 0.00332957
34 0.325659 0.510675 0.031868 0.0296999 0.00332881
21 0.0502993 0.441333 0.0501842 0.249114 0.00331832
0 0.836841 0.289978 0.0554592 0.0308175 0.0032954
34 0.330053 0.504828 0.0381636 0.0403276 0.00326964
34 0.279116 0.519673 0.0206112 0.0177767 0.00326236
31 0.109424 0.293451 0.0956796 0.0285214 0.00323212
52 0.393772 0.541193 0.0680348 0.0510495 0.00322603
31 0.546587 0.263546 0.0239083 0.0346882 0.00317949
31 0.554003 0.264477 0.00716364 0.0326432 0.00316633
2 0.569566 0.521347 0.0456188 0.107772 0.00315826
31 0.616356 0.31316 0.069721 0.12536 0.00314963
42 0.838034 0.289551 0.056847 0.031047 0.0031325
10 0.950977 0.300813 0.0518944 0.0244869 0.00313094
54 0.771571 0.276578 0.0305477 0.0391978 0.00312793
19 0.804819 0.27198 0.0372432 0.0256835 0.00310611
14 0.570535 0.891896 0.081993 0.206972 0.00309367
42 0.91358 0.676716 0.166235 0.280551 0.00306489
10 0.708686 0.280811 0.0108434 0.0297144 0.00305659
49 0.958496 0.449972 0.0830077 0.19903 0.00305255
10 0.347677 0.407678 0.0206728 0.0369119 0.00305073
0 0.705988 0.284026 0.00853442 0.0242081 0.00304716
51 0.953819 0.301782 0.0457214 0.0238385 0.00301223
51 0.99463 0.294569 0.0102764 0.037402 0.00301132
48 0.968193 0.549933 0.0254412 0.0233983 0.00300343
48 0.709447 0.65687 0.0254211 0.0344267 0.00296061
18 0.736191 0.314407 0.0548122 0.111256 0.00295404
9 0.701719 0.330285 0.0102167 0.0370789 0.00295213
18 0.801594 0.288589 0.0347314 0.0172829 0.00294119
18 0.614123 0.30254 0.0694863 0.145471 0.0029091
49 0.838009 0.287831 0.0533226 0.0340347 0.0028898
50 0.194971 0.549762 0.0374619 0.0504512 0.00288092
52 0.546253 0.261017 0.0131937 0.0356759 0.0028791
30 0.782176 0.0371535 0.0312451 0.0195502 0.00286445
52 0.697495 0.319164 0.011196 0.0203844 0.00282369
50 0.380327 0.528324 0.093945 0.0541696 0.00281137
18 0.797389 0.395681 0.0797812 0.0230771 0.00279862
53 0.604633 0.87992 0.0969649 0.182342 0.00279094
36 0.852285 0.276011 0.0260353 0.0219115 0.00278624
52 0.677812 0.252127 0.00870752 0.0514866 0.0027651
10 0.390893 0.49572 0.0239512 0.0468185 0.00274103
52 0.689647 0.284446 0.0151697 0.0190903 0.00272702
9 0.644222 0.287631 0.0599188 0.128469 0.0027053
45 0.89369 0.281053 0.0629277 0.0550658 0.00270515
9 0.650703 0.530942 0.123495 0.0819385 0.00269246
52 0.329982 0.54386 0.0377556 0.0479842 0.00269234
30 0.812 0.0399082 0.0609429 0.0158603 0.00268352
48 0.153049 0.343405 0.0116447 0.0373686 0.00268247
9 0.756068 0.278373 0.045655 0.0453758 0.00267976
19 0.73536 0.755268 0.412092 0.485764 0.00267615
9 0.721582 0.316083 0.0650581 0.115066 0.00264984
10 0.581445 0.540989 0.0245007 0.0771788 0.00264803
50 0.425057 0.490288 0.0939224 0.0394606 0.00263622
35 0.904303 0.287376 0.0528347 0.0490657 0.00261504
36 0.500614 0.210826 0.0798033 0.13556 0.00261258
52 0.628106 0.296819 0.0476611 0.130493 0.00261031
18 0.784279 0.337761 0.0602869 0.118979 0.00257632
