4 0.368163 0.638534 0.0707274 0.0767562 0.926552
4 0.21599 0.630732 0.050456 0.108853 0.900123
6 0.474195 0.601315 0.0573926 0.114857 0.893331
4 0.261999 0.636799 0.0525298 0.0632601 0.88741
4 0.555938 0.645891 0.0548068 0.0558865 0.877467
7 0.444986 0.425983 0.0151541 0.054023 0.876031
4 0.30867 0.632251 0.0469814 0.0535354 0.8635
7 0.515251 0.429027 0.0134691 0.0539626 0.836291
1 0.280209 0.482038 0.0724983 0.0604844 0.832145
6 0.115811 0.411181 0.231621 0.822363 0.818152
1 0.365447 0.526072 0.0320944 0.0399919 0.812641
4 0.440324 0.619403 0.0172424 0.0335047 0.739176
7 0.248823 0.422986 0.0204745 0.0544346 0.572216
4 0.852504 0.625131 0.0444916 0.0226205 0.521378
6 0.747242 0.639223 0.0532116 0.0689434 0.486053
4 0.507138 0.622662 0.0115435 0.026517 0.446252
4 0.522465 0.625684 0.0186829 0.0215536 0.422777
7 0.585374 0.429295 0.0171639 0.0215514 0.393277
4 0.808314 0.626149 0.027846 0.0177145 0.341821
4 0.81609 0.627625 0.0423957 0.0181757 0.29164
7 0.54056 0.440412 0.0150227 0.0360413 0.245774
4 0.835628 0.625144 0.0615077 0.0212808 0.218137
4 0.511284 0.626605 0.0120948 0.0204078 0.216748
4 0.11586 0.411076 0.23172 0.822152 0.171241
4 0.800045 0.622659 0.03293 0.0202205 0.137772
24 0.74706 0.638496 0.0530732 0.0699749 0.116692
4 0.536746 0.627078 0.0141971 0.0189146 0.105839
6 0.507138 0.622662 0.0115435 0.026517 0.100739
4 0.443243 0.624001 0.0173415 0.0336471 0.0924303
4 0.397327 0.617026 0.0116552 0.0222811 0.0836126
1 0.585374 0.429295 0.0171639 0.0215514 0.0835703
7 0.546228 0.433688 0.0138584 0.0404652 0.0638983
4 0.796597 0.627726 0.0514244 0.0307602 0.0528221
4 0.748097 0.638697 0.0531569 0.0711123 0.0501377
7 0.55059 0.434271 0.0129106 0.0293352 0.0483385
6 0.440324 0.619403 0.0172424 0.0335047 0.0364134
14 0.622951 0.636837 0.0132947 0.024736 0.0362923
4 0.532495 0.630379 0.00959454 0.0240124 0.0336915
4 0.788487 0.623045 0.0467897 0.027276 0.0330838
4 0.810022 0.630554 0.0315924 0.0233466 0.0323093
0 0.524513 0.625193 0.016912 0.020294 0.0291629
6 0.522465 0.625684 0.0186829 0.0215536 0.0277384
7 0.565761 0.431541 0.0203573 0.0158402 0.0261306
4 0.504863 0.630441 0.00977597 0.0230326 0.0250067
7 0.534143 0.440697 0.0190497 0.0338642 0.0246108
7 0.663728 0.560098 0.0102788 0.0380313 0.0240905
4 0.577053 0.629393 0.0123585 0.0208127 0.023944
1 0.523272 0.590928 0.0108057 0.0168584 0.0237131
0 0.397327 0.617026 0.0116552 0.0222811 0.023582
6 0.796597 0.627726 0.0514244 0.0307602 0.0217432
5 0.747371 0.638924 0.0518564 0.0698589 0.0202392
2 0.67281 0.435985 0.0096795 0.0157759 0.0200534
1 0.248532 0.422858 0.0201188 0.0553074 0.01965
6 0.401122 0.606583 0.0212719 0.0305345 0.0187447
6 0.396351 0.61062 0.0172381 0.0284061 0.0185484
4 0.788091 0.632395 0.0413247 0.0368515 0.017976
4 0.521388 0.631328 0.0176503 0.0209421 0.0177043
6 0.730629 0.634132 0.0499824 0.0514819 0.0173188
4 0.238906 0.609158 0.010234 0.0133648 0.0170876
4 0.795834 0.615696 0.0262983 0.0235084 0.0167703
4 0.400282 0.616146 0.0117061 0.0172275 0.0166494
4 0.67246 0.622711 0.0316004 0.0180477 0.0146683
7 0.551854 0.427629 0.0125867 0.0257777 0.0146331
4 0.396351 0.61062 0.0172381 0.0284061 0.0143399
4 0.23661 0.601579 0.0126196 0.0332315 0.0142905
1 0.433052 0.593415 0.00915155 0.017837 0.014273
7 0.641694 0.592815 0.0114077 0.0208167 0.0140772
4 0.439491 0.607565 0.0165311 0.0264457 0.0122742
0 0.536746 0.627078 0.0141971 0.0189146 0.0120986
0 0.507138 0.622662 0.0115435 0.026517 0.0117717
4 0.545838 0.612417 0.0127263 0.0176687 0.01175
6 0.513561 0.61534 0.0143203 0.0232065 0.0114386
1 0.550573 0.611396 0.0114471 0.0159589 0.011364
4 0.640087 0.621611 0.029304 0.0166745 0.0113288
4 0.662187 0.627148 0.0206118 0.0246764 0.0107772
5 0.524513 0.625193 0.016912 0.020294 0.0107252
4 0.627355 0.623137 0.0132377 0.0164177 0.0106922
0 0.238906 0.609158 0.010234 0.0133648 0.0102351
7 0.642785 0.603217 0.0107495 0.0364887 0.00981425
7 0.483234 0.528451 0.00522678 0.0196949 0.00946952
4 0.675236 0.619396 0.0278207 0.0177156 0.00943573
0 0.622951 0.636837 0.0132947 0.024736 0.0093568
1 0.527069 0.591669 0.00964252 0.0154109 0.00927779
8 0.622951 0.636837 0.0132947 0.024736 0.00907192
1 0.54056 0.440412 0.0150227 0.0360413 0.00901029
4 0.632555 0.628891 0.0256883 0.0228699 0.00900521
4 0.806203 0.625675 0.0371066 0.0327011 0.00887711
6 0.788487 0.623045 0.0467897 0.027276 0.00874455
4 0.422239 0.611572 0.0105922 0.0170548 0.00865452
4 0.80447 0.616271 0.0325257 0.0247458 0.00832255
0 0.742297 0.652103 0.0416432 0.0407735 0.0078034
2 0.707388 0.401102 0.00774939 0.0155471 0.00761892
6 0.545838 0.612417 0.0127263 0.0176687 0.00759426
1 0.273674 0.468546 0.0616895 0.0363644 0.00756099
0 0.23661 0.601579 0.0126196 0.0332315 0.00745111
4 0.653849 0.620392 0.00903857 0.0142096 0.00741405
24 0.745008 0.648011 0.0466135 0.0472892 0.00731752
1 0.534143 0.440697 0.0190497 0.0338642 0.0072744
0 0.396351 0.61062 0.0172381 0.0284061 0.00705678
6 0.739092 0.629658 0.0692115 0.0839575 0.00701363
1 0.565761 0.431541 0.0203573 0.0158402 0.00690684
2 0.709626 0.401716 0.0105247 0.0147395 0.00680237
2 0.358889 0.47482 0.00746338 0.00982396 0.00661502
5 0.507138 0.622662 0.0115435 0.026517 0.00659426
4 0.624053 0.630164 0.014785 0.0251782 0.0065441
6 0.756273 0.624497 0.043489 0.0664657 0.00654022
4 0.338822 0.623694 0.0138323 0.0337109 0.00645751
5 0.742297 0.652103 0.0416432 0.0407735 0.00643156
0 0.624053 0.630164 0.014785 0.0251782 0.00634551
4 0.550573 0.611396 0.0114471 0.0159589 0.00620804
7 0.661188 0.569137 0.0120297 0.0560663 0.00594358
4 0.513561 0.61534 0.0143203 0.0232065 0.00565595
1 0.507778 0.595176 0.0108653 0.0204503 0.00554814
24 0.474302 0.602216 0.0572654 0.118669 0.00533609
6 0.184327 0.553204 0.09372 0.509015 0.00533038
12 0.401122 0.606583 0.0212719 0.0305345 0.00526655
6 0.742297 0.652103 0.0416432 0.0407735 0.00516474
7 0.750567 0.632907 0.0442526 0.0817652 0.00506425
7 0.220813 0.466983 0.0194592 0.103733 0.00502333
4 0.622951 0.636837 0.0132947 0.024736 0.00501635
7 0.758282 0.616919 0.0181891 0.0862662 0.00500558
0 0.627355 0.623137 0.0132377 0.0164177 0.00482686
2 0.770074 0.364731 0.0112805 0.018129 0.00464396
6 0.779043 0.617164 0.0421578 0.0372089 0.00461519
4 0.835345 0.6165 0.0578981 0.0251439 0.00458493
4 0.401122 0.606583 0.0212719 0.0305345 0.00458151
6 0.443243 0.624001 0.0173415 0.0336471 0.00450858
4 0.857794 0.615994 0.0354211 0.024088 0.00434232
8 0.504863 0.630441 0.00977597 0.0230326 0.00425658
0 0.511284 0.626605 0.0120948 0.0204078 0.00411927
1 0.545838 0.612417 0.0127263 0.0176687 0.00411115
15 0.522465 0.625684 0.0186829 0.0215536 0.00406743
1 0.641694 0.592815 0.0114077 0.0208167 0.00403286
6 0.511284 0.626605 0.0120948 0.0204078 0.00403265
7 0.21982 0.492105 0.0167201 0.048918 0.00402698
2 0.860803 0.104844 0.0189361 0.022021 0.00400397
0 0.577053 0.629393 0.0123585 0.0208127 0.00399027
4 0.815168 0.617127 0.0416208 0.026864 0.00397335
0 0.952072 0.606496 0.0130999 0.0136358 0.00391971
2 0.839236 0.10253 0.012308 0.0295902 0.00390759
1 0.22039 0.466399 0.0190307 0.104879 0.00382003
4 0.421292 0.615781 0.00973364 0.0163807 0.00379957
4 0.417476 0.621317 0.0232991 0.026885 0.0037762
25 0.748863 0.636426 0.0515159 0.0744309 0.00374844
1 0.379486 0.586114 0.013773 0.0278235 0.00369728
6 0.806203 0.625675 0.0371066 0.0327011 0.00361519
4 0.532283 0.614516 0.01103 0.0213228 0.00360411
0 0.43921 0.619403 0.0177126 0.033515 0.0035646
5 0.532495 0.630379 0.00959454 0.0240124 0.0034701
1 0.397217 0.598551 0.0186563 0.0273395 0.00345993
7 0.563469 0.425769 0.0222185 0.0211833 0.00345721
7 0.517135 0.473141 0.0127239 0.0240256 0.00343051
6 0.536746 0.627078 0.0141971 0.0189146 0.00334285
5 0.440324 0.619403 0.0172424 0.0335047 0.003326
7 0.657935 0.589573 0.011144 0.0677104 0.00330498
0 0.532495 0.630379 0.00959454 0.0240124 0.00320785
1 0.238906 0.609158 0.010234 0.0133648 0.00318727
6 0.450758 0.628594 0.0116689 0.0467021 0.00300167
4 0.745008 0.648011 0.0466135 0.0472892 0.00299039
2 0.825181 0.114442 0.0120567 0.0150556 0.00298265
6 0.650513 0.628995 0.038093 0.0432315 0.0029717
4 0.779043 0.617164 0.0421578 0.0372089 0.0029524
4 0.499181 0.620114 0.00916031 0.0243083 0.00287402
6 0.23661 0.601579 0.0126196 0.0332315 0.00285767
5 0.474318 0.601824 0.0574522 0.118322 0.00284662
0 0.400282 0.616146 0.0117061 0.0172275 0.00284131
1 0.546228 0.433688 0.0138584 0.0404652 0.00282827
2 0.790412 0.113604 0.0128861 0.0259532 0.0027485
15 0.440324 0.619403 0.0172424 0.0335047 0.00268367
8 0.400282 0.616146 0.0117061 0.0172275 0.00265022
7 0.600381 0.433762 0.0128116 0.0137972 0.0026439
6 0.397327 0.617026 0.0116552 0.0222811 0.00261396
1 0.513561 0.61534 0.0143203 0.0232065 0.00258391
2 0.503694 0.505096 0.00700592 0.0126754 0.00257559
7 0.653849 0.620392 0.00903857 0.0142096 0.00256129
0 0.653849 0.620392 0.00903857 0.0142096 0.00251772
1 0.55059 0.434271 0.0129106 0.0293352 0.00245188
22 0.445011 0.425839 0.0149131 0.0539063 0.00244782
6 0.550573 0.611396 0.0114471 0.0159589 0.00243274
6 0.532283 0.614516 0.01103 0.0213228 0.00242813
8 0.532495 0.630379 0.00959454 0.0240124 0.00242703
8 0.524513 0.625193 0.016912 0.020294 0.00242226
7 0.220611 0.421759 0.0142746 0.0295932 0.00240625
4 0.393312 0.604001 0.0202682 0.0231395 0.00240072
14 0.624053 0.630164 0.014785 0.0251782 0.00238331
1 0.589215 0.595539 0.0116661 0.0390422 0.00238306
4 0.620028 0.633979 0.0260809 0.0248306 0.00237947
8 0.624053 0.630164 0.014785 0.0251782 0.0023649
8 0.742297 0.652103 0.0416432 0.0407735 0.00235644
1 0.380861 0.572744 0.00998459 0.0146483 0.00229769
14 0.653483 0.632446 0.00955231 0.0322031 0.00229205
6 0.800045 0.622659 0.03293 0.0202205 0.00227409
7 0.653536 0.613368 0.00857062 0.019347 0.00227112
2 0.551854 0.427629 0.0125867 0.0257777 0.00227095
1 0.534792 0.598305 0.00942529 0.0130369 0.00223651
4 0.34036 0.637668 0.016682 0.0613965 0.00223442
6 0.439491 0.607565 0.0165311 0.0264457 0.00221606
5 0.511284 0.626605 0.0120948 0.0204078 0.00220375
1 0.663994 0.558349 0.00936231 0.0349712 0.00217873
2 0.664971 0.307243 0.0134133 0.0196147 0.00213772
1 0.532283 0.614516 0.01103 0.0213228 0.00211932
15 0.507138 0.622662 0.0115435 0.026517 0.0020858
14 0.747298 0.647243 0.0513812 0.0544994 0.00208487
6 0.422239 0.611572 0.0105922 0.0170548 0.00201228
2 0.675314 0.439363 0.0107056 0.0220061 0.00200855
6 0.696942 0.637505 0.0818503 0.0555623 0.00197984
2 0.826487 0.508719 0.00836841 0.0137069 0.00197148
42 0.545838 0.612417 0.0127263 0.0176687 0.00196674
25 0.438561 0.599331 0.0156046 0.0287486 0.00195092
7 0.380861 0.572744 0.00998459 0.0146483 0.00193295
4 0.291302 0.610469 0.0151908 0.0142451 0.00192651
2 0.792756 0.118071 0.0143589 0.01852 0.0018957
2 0.712576 0.401032 0.0130645 0.0170114 0.00188705
1 0.250398 0.449716 0.0192083 0.0177758 0.00185801
0 0.422239 0.611572 0.0105922 0.0170548 0.00184576
1 0.220611 0.421759 0.0142746 0.0295932 0.00182574
2 0.520209 0.482648 0.00771661 0.0213414 0.00182108
1 0.320494 0.574441 0.0113886 0.0195653 0.00179776
1 0.641782 0.603709 0.0164907 0.0369418 0.0017921
4 0.438185 0.625083 0.0151995 0.0333006 0.00178944
4 0.582329 0.634967 0.0136052 0.0245844 0.00178058
6 0.767674 0.645464 0.0936249 0.0643253 0.00173886
4 0.354707 0.608879 0.0372541 0.0204169 0.00173789
0 0.267522 0.632423 0.0400581 0.0521726 0.00171024
8 0.397327 0.617026 0.0116552 0.0222811 0.00169544
1 0.21982 0.492105 0.0167201 0.048918 0.00168906
1 0.515251 0.429027 0.0134691 0.0539626 0.00168782
4 0.438561 0.599331 0.0156046 0.0287486 0.0016702
6 0.349723 0.596851 0.0227423 0.0369428 0.00165238
42 0.238906 0.609158 0.010234 0.0133648 0.00163642
12 0.396351 0.61062 0.0172381 0.0284061 0.00163238
6 0.438561 0.599331 0.0156046 0.0287486 0.0016249
2 0.759617 0.0953702 0.0145442 0.022942 0.00155597
0 0.653483 0.632446 0.00955231 0.0322031 0.00155283
7 0.523272 0.590928 0.0108057 0.0168584 0.00154252
4 0.685387 0.61865 0.0232718 0.0197608 0.00154157
6 0.715473 0.632288 0.042128 0.0475591 0.00151651
1 0.600381 0.433762 0.0128116 0.0137972 0.00150625
2 0.517135 0.473141 0.0127239 0.0240256 0.00150362
14 0.639745 0.635635 0.0257449 0.03529 0.00149267
8 0.521388 0.631328 0.0176503 0.0209421 0.00147405
15 0.747343 0.630998 0.0537866 0.0863457 0.00147171
7 0.558799 0.434235 0.0161039 0.0235621 0.00146052
8 0.238906 0.609158 0.010234 0.0133648 0.00144492
4 0.284411 0.611735 0.0176754 0.0166407 0.00144201
0 0.550573 0.611396 0.0114471 0.0159589 0.00143916
4 0.669354 0.630692 0.030046 0.0300776 0.0014113
1 0.327327 0.574196 0.0186956 0.0204009 0.00141001
2 0.862347 0.10832 0.0151063 0.0194481 0.00140332
22 0.741159 0.679919 0.00977087 0.0154246 0.00136814
7 0.51616 0.525535 0.00847113 0.0164174 0.00134354
6 0.577053 0.629393 0.0123585 0.0208127 0.00133411
2 0.24492 0.537221 0.00943108 0.0174661 0.00133325
1 0.653536 0.613368 0.00857062 0.019347 0.00133095
4 0.678551 0.614545 0.0187377 0.0212951 0.00132411
1 0.590402 0.602374 0.0121987 0.0384227 0.00132308
12 0.730629 0.634132 0.0499824 0.0514819 0.00131636
15 0.513561 0.61534 0.0143203 0.0232065 0.00130331
1 0.320358 0.578799 0.0152203 0.0224009 0.00128625
4 0.304247 0.639479 0.0375436 0.0429126 0.00127716
6 0.51096 0.608589 0.0104735 0.0335772 0.00127546
14 0.60885 0.636486 0.0166951 0.0217648 0.00126805
2 0.362917 0.468343 0.0115804 0.0105379 0.00126093
1 0.34669 0.587407 0.0193725 0.0241953 0.00126064
1 0.423556 0.594293 0.0135181 0.0204024 0.00123998
7 0.264881 0.435523 0.00975644 0.0180223 0.00123779
22 0.515284 0.429107 0.0137773 0.0540269 0.00123608
8 0.438185 0.625083 0.0151995 0.0333006 0.00123283
0 0.421292 0.615781 0.00973364 0.0163807 0.00123157
24 0.733427 0.630875 0.0560754 0.0713254 0.00123
14 0.400282 0.616146 0.0117061 0.0172275 0.00122909
2 0.672265 0.423738 0.010302 0.0142335 0.00122834
7 0.223113 0.476904 0.0198603 0.0708303 0.00122658
2 0.804463 0.117665 0.0153943 0.0161413 0.00122341
42 0.550573 0.611396 0.0114471 0.0159589 0.00122286
8 0.511284 0.626605 0.0120948 0.0204078 0.00122139
6 0.850098 0.623518 0.041385 0.0254698 0.00121322
0 0.504863 0.630441 0.00977597 0.0230326 0.00119647
6 0.675236 0.619396 0.0278207 0.0177156 0.00119565
8 0.746065 0.643024 0.0507848 0.0611675 0.00117857
1 0.517135 0.473141 0.0127239 0.0240256 0.00115793
1 0.435548 0.575257 0.0118229 0.0187459 0.00114407
2 0.51616 0.525535 0.00847113 0.0164174 0.00113217
22 0.365397 0.526032 0.0320849 0.0400381 0.00112703
2 0.586014 0.428998 0.0189113 0.0229426 0.00112696
0 0.308344 0.63191 0.0465912 0.0535906 0.00112205
0 0.443243 0.624001 0.0173415 0.0336471 0.00111494
8 0.421292 0.615781 0.00973364 0.0163807 0.00110333
4 0.732389 0.636333 0.051316 0.0555857 0.00110227
2 0.54056 0.440412 0.0150227 0.0360413 0.00109373
0 0.291302 0.610469 0.0151908 0.0142451 0.00108657
3 0.400282 0.616146 0.0117061 0.0172275 0.00108648
4 0.952072 0.606496 0.0130999 0.0136358 0.00108257
8 0.627355 0.623137 0.0132377 0.0164177 0.00106719
25 0.545838 0.612417 0.0127263 0.0176687 0.00106507
8 0.548363 0.644024 0.0402021 0.052298 0.00105738
4 0.546292 0.620373 0.0193263 0.0247087 0.00104725
1 0.349723 0.596851 0.0227423 0.0369428 0.00104425
7 0.530861 0.542393 0.00925671 0.01586 0.00104213
0 0.906656 0.604514 0.0133226 0.0145776 0.00103899
