1 0.42708 0.419352 0.141377 0.120844 0.940078
4 0.178704 0.704817 0.146701 0.137345 0.935232
4 0.333223 0.704039 0.14215 0.126433 0.92947
4 0.525407 0.702565 0.124721 0.117368 0.908264
4 0.961099 0.696864 0.0707686 0.0742399 0.906385
4 0.620316 0.700222 0.0785422 0.0910805 0.888295
4 0.441402 0.702261 0.0830158 0.0994799 0.866183
4 0.679638 0.693933 0.0594266 0.0700612 0.761928
4 0.915501 0.678991 0.0330519 0.0389028 0.648406
1 0.84957 0.553248 0.0379377 0.0588526 0.543042
4 0.766543 0.685843 0.0589634 0.0572407 0.495284
1 0.329489 0.573687 0.0465183 0.124371 0.463405
4 0.873919 0.679543 0.0324982 0.0318087 0.455673
4 0.71916 0.685775 0.0328699 0.0630672 0.312359
2 0.151795 0.414116 0.0105544 0.0153386 0.247038
7 0.963442 0.0707461 0.0387311 0.0708033 0.243798
1 0.690665 0.603219 0.0184169 0.0748928 0.239509
4 0.783089 0.684894 0.0425157 0.0519553 0.202729
1 0.842286 0.605917 0.019204 0.0260551 0.14003
4 0.988383 0.679644 0.0198743 0.0412572 0.138921
4 0.752843 0.686472 0.0421654 0.0562215 0.108507
7 0.967485 0.0631383 0.0573055 0.0927859 0.102905
4 0.888694 0.67788 0.0229927 0.0280264 0.101888
4 0.903278 0.679324 0.0214327 0.0331328 0.0943042
1 0.838776 0.552971 0.0593195 0.0630803 0.0681762
4 0.869126 0.673991 0.024158 0.0323296 0.0673136
2 0.267441 0.401268 0.00917081 0.0178471 0.0600871
4 0.793929 0.683227 0.0336574 0.0472075 0.0533024
4 0.987466 0.668151 0.020565 0.0253232 0.0502187
7 0.78964 0.600752 0.0124839 0.0196535 0.0460445
1 0.490508 0.608823 0.0131121 0.0309853 0.038097
4 0.70029 0.691376 0.0277157 0.0658919 0.0355194
4 0.744069 0.683705 0.0322006 0.0589514 0.0270626
7 0.813442 0.645206 0.0100197 0.0192028 0.0262331
4 0.809579 0.677438 0.0248046 0.0468553 0.0178065
1 0.842385 0.64039 0.0184037 0.0343655 0.0163285
2 0.472416 0.56498 0.00844028 0.0120315 0.015942
7 0.810791 0.592518 0.00898468 0.0189159 0.0153651
1 0.844155 0.636257 0.0122444 0.0225423 0.0149734
7 0.795935 0.514091 0.00851178 0.0140009 0.0143609
7 0.956111 0.0699783 0.059033 0.0988967 0.0136064
4 0.848587 0.663021 0.0213521 0.0284094 0.0127949
7 0.813381 0.588708 0.00925098 0.014129 0.0126144
7 0.81965 0.474767 0.00985065 0.061688 0.012583
4 0.848648 0.669328 0.0251652 0.0332 0.012357
4 0.81314 0.673587 0.0231706 0.0317544 0.00930607
4 0.855708 0.665279 0.0212161 0.0256175 0.00857989
1 0.840895 0.624357 0.0156607 0.026059 0.00827164
7 0.946382 0.076586 0.0481462 0.0719707 0.00813787
1 0.789543 0.599626 0.0130425 0.0214601 0.00805956
1 0.89553 0.617684 0.0172128 0.0465268 0.00783381
1 0.845276 0.602083 0.0232996 0.0248821 0.00679169
7 0.844155 0.636257 0.0122444 0.0225423 0.00667468
4 0.851121 0.67835 0.0183141 0.0301662 0.00626336
2 0.154771 0.413146 0.016902 0.0146866 0.006131
1 0.812462 0.642082 0.0104178 0.0255159 0.0057718
4 0.880835 0.681883 0.0404162 0.0360004 0.00538876
4 0.935104 0.678035 0.0209581 0.0380351 0.00533182
4 0.800256 0.67278 0.0288502 0.0445006 0.00495293
2 0.516315 0.393864 0.0086951 0.010973 0.00494405
7 0.816808 0.477558 0.0128922 0.0664064 0.00490606
4 0.398598 0.676144 0.0177641 0.0349106 0.0048841
4 0.833968 0.671144 0.0296356 0.0312402 0.00470812
4 0.397512 0.662283 0.0172007 0.0261102 0.00466867
2 0.151984 0.407953 0.0119227 0.019719 0.00456493
7 0.810944 0.645722 0.0113782 0.0212357 0.00451689
2 0.321213 0.40107 0.00986591 0.0127821 0.00410608
4 0.402988 0.677412 0.015213 0.0295098 0.00379657
2 0.310365 0.411674 0.00977194 0.0131975 0.00376146
1 0.896085 0.636013 0.0147004 0.0348715 0.00373695
1 0.809018 0.514475 0.0147034 0.0133585 0.00357739
7 0.958521 0.0822615 0.0456016 0.0857723 0.00343278
7 0.814115 0.60104 0.011205 0.0353484 0.00330625
4 0.403472 0.66804 0.0204937 0.0193898 0.003222
2 0.310474 0.404102 0.0103053 0.012387 0.00321197
2 0.495706 0.553293 0.00652307 0.0117323 0.00319236
2 0.313742 0.412287 0.00821573 0.018161 0.00315822
4 0.784794 0.653302 0.025431 0.0257726 0.00290898
1 0.990184 0.649608 0.0157482 0.0386574 0.00289066
6 0.990184 0.649608 0.0157482 0.0386574 0.00286845
1 0.81671 0.521999 0.0312159 0.0246621 0.00285229
1 0.490596 0.594598 0.0151419 0.0572529 0.00277335
7 0.928375 0.0775145 0.0305589 0.0680836 0.00268123
1 0.795935 0.514091 0.00851178 0.0140009 0.00255576
1 0.845789 0.593474 0.028136 0.0211047 0.00252316
4 0.815737 0.660154 0.0172458 0.032718 0.00245531
2 0.36493 0.472751 0.0101038 0.0120269 0.00241884
2 0.341747 0.403014 0.0116398 0.0164785 0.00240329
4 0.634866 0.65949 0.0164536 0.0140284 0.00223308
1 0.787471 0.56216 0.0225309 0.0297663 0.0021606
4 0.47406 0.656968 0.0203846 0.0149043 0.00204862
4 0.83596 0.664367 0.0291615 0.0341135 0.00191439
7 0.810059 0.598007 0.0112303 0.0310951 0.00190135
4 0.259413 0.698246 0.0237088 0.0684206 0.00189951
7 0.790317 0.620646 0.0134421 0.0363938 0.00175696
2 0.262745 0.402336 0.0136717 0.016721 0.00170794
4 0.0215645 0.68584 0.0321159 0.0214293 0.00152377
1 0.810791 0.592518 0.00898468 0.0189159 0.0015204
7 0.948283 0.0601204 0.100243 0.112642 0.00149599
2 0.327603 0.401047 0.0150875 0.018415 0.00147968
1 0.791359 0.555588 0.0147322 0.019412 0.00147606
2 0.478821 0.565375 0.0176528 0.0143145 0.00145937
1 0.746541 0.57085 0.0190809 0.0220026 0.00145489
1 0.817975 0.548598 0.0373433 0.0672431 0.00145343
4 0.790592 0.650135 0.0146747 0.0192825 0.00144012
4 0.266046 0.698884 0.0275272 0.0673365 0.00135932
1 0.89938 0.618838 0.0147769 0.0457838 0.0013541
1 0.321467 0.617361 0.0281694 0.0528245 0.00134573
1 0.97897 0.579476 0.0391259 0.0272417 0.00128425
6 0.987742 0.676472 0.021394 0.0352989 0.00128168
7 0.785314 0.515359 0.0116071 0.0116158 0.00124854
12 0.840945 0.55301 0.0554878 0.0630515 0.00124054
7 0.79594 0.51966 0.0083902 0.0219312 0.00123288
4 0.994633 0.683388 0.0107349 0.0488016 0.00120482
4 0.398178 0.684848 0.0163556 0.0648274 0.0011682
4 0.413218 0.673305 0.0314524 0.0364058 0.00116178
4 0.41137 0.664319 0.0292478 0.0268629 0.00114319
2 0.36022 0.473986 0.00902914 0.00912931 0.0011378
4 0.383839 0.655081 0.0305049 0.0288556 0.00111875
1 0.777775 0.562062 0.0411138 0.0340115 0.00111684
2 0.518056 0.382348 0.0126729 0.0192466 0.00111378
4 0.0165841 0.689954 0.0331683 0.0252606 0.001068
4 0.577298 0.665408 0.0139125 0.0151499 0.00104354
6 0.915533 0.679425 0.033667 0.0399271 0.0010258
4 0.640609 0.662646 0.0156082 0.0189512 0.00101514
8 0.722208 0.689427 0.0313885 0.0641046 0.00100173
