1 0.727905 0.889156 0.0563784 0.131991 0.671161
2 0.466885 0.450268 0.0399554 0.0395448 0.394767
1 0.649958 0.893871 0.0480881 0.118906 0.116385
2 0.134712 0.0691396 0.0841182 0.112195 0.0865089
30 0.124279 0.738753 0.035427 0.0385396 0.0259932
2 0.110125 0.618912 0.0105872 0.0212268 0.017819
7 0.210175 0.809018 0.0196817 0.0398476 0.0177921
2 0.469147 0.382531 0.0158597 0.0412109 0.0166714
2 0.16216 0.692958 0.0211469 0.0380985 0.0146294
30 0.135601 0.0681311 0.0834371 0.113894 0.0135726
2 0.533238 0.417541 0.0397838 0.0236864 0.00952991
30 0.121033 0.745368 0.0283876 0.0305422 0.00939373
14 0.690525 0.824922 0.164838 0.350156 0.00906485
2 0.470433 0.417382 0.0211539 0.0316516 0.00868403
2 0.470212 0.39771 0.0184403 0.0466643 0.00764092
30 0.16188 0.69306 0.0204354 0.0389474 0.00565689
25 0.298368 0.795715 0.0916006 0.322371 0.00563314
30 0.209977 0.81291 0.0188476 0.0329184 0.00551829
8 0.435688 0.991823 0.0314285 0.0143354 0.00542678
30 0.0199627 0.774168 0.0343894 0.0382026 0.00521533
2 0.469754 0.366247 0.0151356 0.0224801 0.00520239
1 0.645327 0.871804 0.0321007 0.0638322 0.0051705
2 0.159728 0.67418 0.0212656 0.0294287 0.0048632
8 0.434647 0.987505 0.0332874 0.0229174 0.0047038
2 0.152664 0.669686 0.0284366 0.0243212 0.00428225
2 0.472689 0.423915 0.0218918 0.0249496 0.00408087
0 0.436257 0.992036 0.0289196 0.0128694 0.00325344
2 0.0545655 0.422001 0.0116651 0.0179274 0.00273232
2 0.838819 0.767187 0.0206459 0.0196945 0.0026517
1 0.458045 0.795279 0.0591126 0.101141 0.00258626
0 0.708649 0.992669 0.0253734 0.0119637 0.00252594
2 0.104183 0.610229 0.0117555 0.0250096 0.00250816
2 0.0561534 0.429049 0.0106586 0.0179019 0.00222579
2 0.240547 0.487408 0.00944942 0.0107942 0.00214682
30 0.0356356 0.772705 0.0143296 0.0326704 0.00196726
8 0.427583 0.991353 0.0200376 0.0149907 0.00191887
2 0.223314 0.535084 0.00985559 0.0254092 0.00157375
2 0.472339 0.388723 0.0217224 0.0471497 0.00155008
30 0.466622 0.44981 0.0417777 0.0399694 0.00141184
0 0.427583 0.991353 0.0200376 0.0149907 0.00134704
2 0.243713 0.480949 0.00817 0.0158703 0.00131777
30 0.149724 0.670089 0.022989 0.025842 0.00123593
1 0.210175 0.809018 0.0196817 0.0398476 0.00118077
2 0.436257 0.992036 0.0289196 0.0128694 0.00116723
10 0.468589 0.453018 0.0372398 0.0353264 0.00115759
2 0.464575 0.424261 0.0379568 0.040874 0.00113595
18 0.164629 0.990176 0.0713484 0.0178225 0.00113228
30 0.159728 0.67418 0.0212656 0.0294287 0.0011254
1 0.696895 0.911857 0.146131 0.17077 0.00112144
2 0.207276 0.134197 0.0246785 0.0249612 0.00107883
2 0.225987 0.532719 0.0106322 0.0221614 0.00104005
