4 0.594372 0.886392 0.138478 0.140266 0.947511
4 0.365455 0.8737 0.108683 0.128824 0.922432
4 0.324234 0.846935 0.0661459 0.0985385 0.918128
4 0.44446 0.825947 0.0204381 0.0267299 0.846706
4 0.414786 0.829788 0.019488 0.03029 0.573836
4 0.414684 0.823071 0.0165336 0.018896 0.508338
4 0.429144 0.821943 0.0105259 0.0150918 0.104003
6 0.310681 0.773423 0.0848754 0.0261007 0.0890694
4 0.427838 0.818561 0.013779 0.0165539 0.0803297
4 0.463953 0.817593 0.0108374 0.0147448 0.0749847
4 0.463435 0.820973 0.011797 0.0164428 0.069567
4 0.460286 0.819858 0.0106589 0.0135855 0.0674061
4 0.396549 0.811265 0.0103946 0.00871644 0.0587286
4 0.416407 0.819423 0.0125732 0.018253 0.0550767
4 0.699665 0.827752 0.0171147 0.0189475 0.054092
4 0.458001 0.817968 0.01172 0.0187879 0.0423703
4 0.410026 0.819209 0.00998401 0.0178914 0.0323251
1 0.518673 0.785033 0.0113351 0.01452 0.0232027
1 0.518863 0.776935 0.0108997 0.0225318 0.0220602
4 0.399776 0.823759 0.0153522 0.0259964 0.0186328
1 0.444993 0.793336 0.0143109 0.0115732 0.0178015
4 0.479621 0.822389 0.0172845 0.0139631 0.0157408
1 0.401345 0.776885 0.0103033 0.019244 0.0142571
4 0.554274 0.843087 0.0591021 0.0566178 0.0137221
1 0.393853 0.777242 0.00678879 0.0113438 0.0129004
6 0.396549 0.811265 0.0103946 0.00871644 0.0123244
1 0.45317 0.799795 0.0137529 0.0180226 0.0122048
1 0.408112 0.788975 0.0119447 0.011247 0.0108924
1 0.338108 0.774291 0.0291254 0.0265862 0.0100722
1 0.468095 0.792929 0.0139573 0.0160365 0.00987964
1 0.301794 0.768393 0.0669497 0.0219875 0.0093642
14 0.698804 0.827484 0.0160522 0.0183319 0.00887068
6 0.304544 0.768444 0.0733382 0.0219601 0.00866189
4 0.484854 0.821213 0.013155 0.0108268 0.00833778
4 0.376529 0.806576 0.0275674 0.00987973 0.00822243
6 0.364458 0.778855 0.023629 0.0178766 0.00782364
6 0.463953 0.817593 0.0108374 0.0147448 0.0077351
1 0.431255 0.789293 0.0166973 0.0111902 0.00757942
2 0.809908 0.662943 0.00985864 0.0110481 0.00745592
1 0.411172 0.786434 0.0101183 0.0141568 0.00723143
6 0.765 0.815412 0.0245208 0.0133145 0.00706827
1 0.76541 0.802238 0.0179326 0.0366933 0.00692303
1 0.761154 0.802622 0.0166839 0.0347105 0.00690251
1 0.415358 0.793864 0.00991983 0.0131809 0.00667481
15 0.458001 0.817968 0.01172 0.0187879 0.00659574
24 0.309574 0.770176 0.0842111 0.0223903 0.00651795
4 0.372186 0.808766 0.0350688 0.00955317 0.00650507
4 0.765 0.815412 0.0245208 0.0133145 0.00630428
6 0.368547 0.797038 0.0307171 0.019208 0.00626458
4 0.72309 0.830014 0.0146398 0.0162788 0.00614893
5 0.698804 0.827484 0.0160522 0.0183319 0.00594897
6 0.376394 0.798628 0.0188932 0.0166237 0.00591359
6 0.338108 0.774291 0.0291254 0.0265862 0.00586661
4 0.479858 0.817805 0.0123084 0.0153037 0.00565248
6 0.458001 0.817968 0.01172 0.0187879 0.00558577
1 0.357091 0.775131 0.0139316 0.0210161 0.00545291
1 0.518744 0.762984 0.0107402 0.0213495 0.00532422
2 0.7455 0.683522 0.00875372 0.0173093 0.0051855
4 0.731658 0.828185 0.0316373 0.0188697 0.0050524
1 0.401744 0.755533 0.00907056 0.0232561 0.00504676
4 0.406015 0.828491 0.0276343 0.0312086 0.00489667
2 0.739257 0.709164 0.00964215 0.0161693 0.00486796
1 0.364987 0.778202 0.0215194 0.0125471 0.0044643
4 0.498343 0.823671 0.0113123 0.0117303 0.00437098
6 0.376529 0.806576 0.0275674 0.00987973 0.00414888
1 0.527801 0.789497 0.00998212 0.0122685 0.00412714
2 0.745334 0.703409 0.00806433 0.0229847 0.00406974
4 0.501374 0.82284 0.0113056 0.0139306 0.00401854
2 0.812964 0.661571 0.010549 0.0116129 0.00399659
1 0.38687 0.783251 0.0116992 0.0144144 0.00399089
6 0.45317 0.799795 0.0137529 0.0180226 0.00388477
2 0.742405 0.709464 0.00903113 0.0182259 0.00386432
1 0.489593 0.78905 0.0126007 0.0122503 0.00384172
4 0.337423 0.805744 0.0422017 0.0126275 0.0037563
0 0.758837 0.810095 0.0123976 0.0205475 0.00346452
1 0.511553 0.790911 0.0221895 0.0107993 0.00346093
6 0.427838 0.818561 0.013779 0.0165539 0.00345544
6 0.808119 0.799257 0.114003 0.0465174 0.00315597
1 0.856147 0.807379 0.014514 0.0279893 0.00309802
1 0.758837 0.810095 0.0123976 0.0205475 0.00309518
1 0.475399 0.79307 0.0285813 0.0196616 0.00308763
4 0.29528 0.826533 0.0121684 0.0201733 0.00303642
4 0.304802 0.820061 0.0259528 0.0445131 0.00298593
4 0.402988 0.833323 0.0305466 0.0460428 0.00283447
1 0.397698 0.798502 0.0109026 0.0159339 0.00276953
1 0.414927 0.781305 0.013033 0.0175779 0.00272703
2 0.809867 0.6662 0.00921924 0.016936 0.00271841
4 0.743131 0.829965 0.0540675 0.0233753 0.00270512
1 0.220639 0.766962 0.016519 0.0164238 0.00268156
1 0.771358 0.801715 0.024956 0.0366333 0.0026619
6 0.397698 0.798502 0.0109026 0.0159339 0.00263325
6 0.444741 0.823305 0.0191354 0.0263229 0.00260078
4 0.298081 0.84014 0.015824 0.033983 0.00256007
1 0.380121 0.777729 0.00891245 0.0112476 0.00253933
0 0.698804 0.827484 0.0160522 0.0183319 0.0025264
2 0.751359 0.682676 0.00968897 0.0153774 0.00247734
6 0.699665 0.827752 0.0171147 0.0189475 0.00245848
2 0.752796 0.705805 0.00802863 0.0197851 0.00232622
1 0.274051 0.769492 0.0141594 0.0178612 0.00226323
1 0.529743 0.754693 0.0195453 0.0545086 0.00225079
6 0.552653 0.82489 0.0230165 0.0175638 0.00219812
2 0.741041 0.674657 0.0128453 0.0207302 0.00218957
6 0.444993 0.793336 0.0143109 0.0115732 0.00215996
6 0.372186 0.808766 0.0350688 0.00955317 0.00214555
0 0.444741 0.823305 0.0191354 0.0263229 0.00213197
2 0.784182 0.662567 0.00914319 0.0160144 0.00211472
6 0.463435 0.820973 0.011797 0.0164428 0.00210019
6 0.773904 0.799381 0.0428296 0.0415476 0.00204646
2 0.794563 0.663879 0.0102563 0.0111112 0.00202748
15 0.463953 0.817593 0.0108374 0.0147448 0.0020093
1 0.525129 0.765429 0.016108 0.042192 0.00199913
2 0.74288 0.666119 0.00933942 0.0187249 0.00196576
4 0.510986 0.821799 0.00903644 0.0120668 0.00193318
1 0.638326 0.7676 0.0126339 0.0295393 0.00192868
1 0.376394 0.798628 0.0188932 0.0166237 0.00192759
0 0.767004 0.813914 0.0196545 0.0149038 0.0019138
0 0.72309 0.830014 0.0146398 0.0162788 0.00190933
0 0.463953 0.817593 0.0108374 0.0147448 0.00189962
6 0.413771 0.833815 0.0177174 0.0367495 0.00189489
4 0.384958 0.82693 0.0500448 0.0366626 0.00184241
24 0.317149 0.772218 0.0766903 0.0329873 0.00179444
2 0.758824 0.705894 0.00934265 0.018277 0.00174808
0 0.777875 0.80851 0.0109144 0.0231939 0.00171917
4 0.554311 0.838905 0.0400597 0.044895 0.00171425
4 0.542457 0.830466 0.0261933 0.0322457 0.00168819
6 0.416407 0.819423 0.0125732 0.018253 0.00167117
46 0.871552 0.516871 0.256896 0.687503 0.00165303
6 0.408112 0.788975 0.0119447 0.011247 0.00160624
6 0.460286 0.819858 0.0106589 0.0135855 0.00157998
6 0.76541 0.802238 0.0179326 0.0366933 0.00156184
0 0.458001 0.817968 0.01172 0.0187879 0.00153727
4 0.550286 0.823632 0.0203337 0.0164558 0.00148576
5 0.765 0.815412 0.0245208 0.0133145 0.00146884
1 0.461001 0.785486 0.00995725 0.0129234 0.0014392
8 0.698804 0.827484 0.0160522 0.0183319 0.00143071
1 0.856044 0.803543 0.0193126 0.0356043 0.0014195
4 0.208756 0.83266 0.012647 0.00814291 0.00140696
4 0.698521 0.82135 0.0156868 0.0223261 0.00139319
6 0.479858 0.817805 0.0123084 0.0153037 0.00139185
1 0.439751 0.786134 0.012566 0.0120324 0.00135228
6 0.554274 0.843087 0.0591021 0.0566178 0.00134899
1 0.458001 0.817968 0.01172 0.0187879 0.00134496
0 0.856147 0.807379 0.014514 0.0279893 0.00134338
6 0.414684 0.823071 0.0165336 0.018896 0.0013334
4 0.355514 0.799975 0.0153626 0.0173355 0.00125579
2 0.752757 0.646459 0.00883167 0.0168637 0.00124467
4 0.21708 0.832383 0.0107177 0.00786543 0.00124263
2 0.754166 0.720491 0.00812457 0.0233683 0.00124104
2 0.809696 0.676062 0.0107332 0.0233672 0.00121988
6 0.410026 0.819209 0.00998401 0.0178914 0.00117067
4 0.397698 0.798502 0.0109026 0.0159339 0.00115655
4 0.285533 0.827512 0.0102692 0.0118071 0.00114015
0 0.463435 0.820973 0.011797 0.0164428 0.00112961
1 0.483361 0.786012 0.0182999 0.0124186 0.00109911
15 0.444993 0.793336 0.0143109 0.0115732 0.00108182
4 0.315979 0.828687 0.0663493 0.0367975 0.00108005
2 0.714047 0.467126 0.0084483 0.0129444 0.00107171
4 0.332974 0.856651 0.0453629 0.086866 0.00106246
6 0.38687 0.783251 0.0116992 0.0144144 0.00105742
4 0.376394 0.798628 0.0188932 0.0166237 0.00105027
7 0.754786 0.732967 0.00869617 0.0254884 0.0010471
6 0.554311 0.838905 0.0400597 0.044895 0.0010394
