4 0.0942419 0.601538 0.187091 0.130377 0.920844
14 0.770781 0.722115 0.128387 0.185996 0.906489
4 0.986754 0.615171 0.0261989 0.0404305 0.849361
4 0.955149 0.614673 0.0322975 0.0298861 0.779131
4 0.849595 0.615203 0.0333538 0.042642 0.68991
0 0.891844 0.616806 0.0131588 0.05143 0.652757
4 0.177544 0.556882 0.0990865 0.0516167 0.508437
4 0.923529 0.609735 0.0199822 0.0308336 0.477881
14 0.820762 0.661962 0.0267185 0.0522382 0.414397
4 0.930608 0.608873 0.0321669 0.0331794 0.37016
1 0.940478 0.577888 0.0127796 0.0283589 0.356992
4 0.940814 0.610794 0.0192606 0.0323978 0.315154
8 0.81451 0.617973 0.0192892 0.0278479 0.214832
4 0.815337 0.618765 0.0191315 0.0273019 0.125556
4 0.833334 0.61769 0.0120056 0.0346681 0.118396
4 0.170121 0.522624 0.0687419 0.0390447 0.111188
5 0.770222 0.722541 0.128034 0.185836 0.110617
0 0.878109 0.6073 0.00887988 0.0234588 0.0953199
0 0.780795 0.617934 0.00835553 0.0264184 0.0922706
0 0.787037 0.61697 0.0121597 0.0285877 0.0858246
3 0.892421 0.626967 0.0139126 0.0436914 0.0851571
0 0.807042 0.607305 0.00778619 0.0202031 0.0809476
8 0.787037 0.61697 0.0121597 0.0285877 0.0804489
4 0.918527 0.61232 0.014254 0.024739 0.0802294
4 0.193787 0.521975 0.0222336 0.035517 0.0756543
2 0.239893 0.426433 0.0849806 0.0739134 0.0696872
8 0.892421 0.626967 0.0139126 0.0436914 0.0668894
0 0.815337 0.618765 0.0191315 0.0273019 0.0663278
0 0.522318 0.592846 0.0110905 0.0267646 0.0660746
1 0.845154 0.538437 0.00946466 0.0301881 0.0543701
0 0.503256 0.592619 0.00942239 0.0205424 0.0521168
4 0.0130746 0.620954 0.0254663 0.100422 0.0511378
4 0.253753 0.558374 0.0461447 0.044083 0.0498093
4 0.878109 0.6073 0.00887988 0.0234588 0.0480843
1 0.846279 0.559387 0.0104279 0.0667676 0.0480278
8 0.835899 0.635058 0.0117498 0.0306436 0.0468896
8 0.79375 0.619242 0.014616 0.0260215 0.0467039
0 0.831839 0.614475 0.0123209 0.0363188 0.0463942
4 0.20966 0.559078 0.0457572 0.0394842 0.0456118
1 0.857157 0.555953 0.0120113 0.0209694 0.0450181
6 0.930608 0.608873 0.0321669 0.0331794 0.0414891
4 0.227807 0.558948 0.0733924 0.0433177 0.0414642
4 0.171899 0.53837 0.0780254 0.0664935 0.0389809
0 0.679376 0.629278 0.0139462 0.0167043 0.0386831
2 0.950484 0.31902 0.0121094 0.0202684 0.0378044
2 0.948102 0.325532 0.011588 0.021805 0.0373967
0 0.793615 0.611574 0.0132305 0.0301526 0.0370761
8 0.0138543 0.64731 0.0250417 0.0513084 0.0370304
14 0.780795 0.617934 0.00835553 0.0264184 0.0361732
8 0.833334 0.61769 0.0120056 0.0346681 0.0358057
14 0.79375 0.619242 0.014616 0.0260215 0.0351983
4 0.815506 0.611116 0.0123871 0.0226974 0.0339076
0 0.895642 0.617095 0.0116343 0.0379705 0.0336605
4 0.196596 0.557422 0.0607935 0.0404196 0.0327464
8 0.780795 0.617934 0.00835553 0.0264184 0.031993
4 0.908515 0.605089 0.010191 0.0195705 0.0302924
8 0.806311 0.630607 0.0156742 0.0320584 0.0300606
0 0.815506 0.611116 0.0123871 0.0226974 0.0294712
0 0.770026 0.60745 0.00543097 0.0175977 0.0277996
8 0.747067 0.604679 0.00840625 0.0183165 0.0272772
14 0.81451 0.617973 0.0192892 0.0278479 0.0265494
0 0.692962 0.619543 0.0102502 0.0231816 0.0262022
4 0.251632 0.548677 0.0315139 0.0249519 0.0255504
1 0.956199 0.582566 0.00699329 0.0236376 0.0255175
3 0.81451 0.617973 0.0192892 0.0278479 0.0252566
4 0.968872 0.607599 0.00987738 0.0214273 0.0249939
14 0.787037 0.61697 0.0121597 0.0285877 0.023785
0 0.867653 0.603321 0.00693036 0.0201163 0.0234678
0 0.79375 0.619242 0.014616 0.0260215 0.0232196
14 0.817423 0.644433 0.0212009 0.0442942 0.0221491
1 0.189734 0.45787 0.0122236 0.0326095 0.0217924
8 0.895642 0.617095 0.0116343 0.0379705 0.0217251
0 0.526203 0.592055 0.0114125 0.0282802 0.0213507
0 0.747067 0.604679 0.00840625 0.0183165 0.0209774
2 0.945324 0.311498 0.0128 0.0267714 0.0209448
8 0.817423 0.644433 0.0212009 0.0442942 0.0208811
12 0.702877 0.585173 0.0876454 0.0891385 0.0205272
0 0.497538 0.595879 0.00952017 0.0185762 0.020366
1 0.642884 0.459223 0.0141157 0.122243 0.0199948
4 0.867653 0.603321 0.00693036 0.0201163 0.0198357
0 0.835899 0.635058 0.0117498 0.0306436 0.0197903
14 0.679376 0.629278 0.0139462 0.0167043 0.019762
8 0.77323 0.617861 0.0102707 0.0222604 0.0194908
8 0.758325 0.61594 0.0121769 0.0223193 0.0192405
1 0.907583 0.584079 0.00713196 0.0145528 0.0191325
3 0.79375 0.619242 0.014616 0.0260215 0.0189129
8 0.679376 0.629278 0.0139462 0.0167043 0.0187339
0 0.918527 0.61232 0.014254 0.024739 0.0187108
8 0.763441 0.612903 0.012856 0.0214684 0.0187051
3 0.780795 0.617934 0.00835553 0.0264184 0.0186651
3 0.77323 0.617861 0.0102707 0.0222604 0.0185715
0 0.886892 0.61273 0.0116869 0.028019 0.0183536
5 0.820762 0.661962 0.0267185 0.0522382 0.0183078
14 0.835899 0.635058 0.0117498 0.0306436 0.0181184
4 0.800949 0.618332 0.0117297 0.0339129 0.0180662
3 0.0138543 0.64731 0.0250417 0.0513084 0.0178086
4 0.193577 0.493583 0.0189366 0.0337878 0.0177266
4 0.747067 0.604679 0.00840625 0.0183165 0.0176911
4 0.895642 0.617095 0.0116343 0.0379705 0.0176266
0 0.504121 0.58844 0.0094061 0.0215698 0.0174337
4 0.734533 0.59926 0.0207714 0.0236103 0.0172569
1 0.859652 0.563137 0.00924414 0.016999 0.0170445
6 0.923529 0.609735 0.0199822 0.0308336 0.0165135
5 0.923529 0.609735 0.0199822 0.0308336 0.016127
3 0.787037 0.61697 0.0121597 0.0285877 0.0153037
8 0.815506 0.611116 0.0123871 0.0226974 0.0146929
3 0.888904 0.632305 0.017701 0.0297899 0.0146502
4 0.197884 0.525665 0.0238913 0.035781 0.0143588
3 0.763441 0.612903 0.012856 0.0214684 0.0143535
4 0.793615 0.611574 0.0132305 0.0301526 0.0143153
6 0.940814 0.610794 0.0192606 0.0323978 0.0135615
8 0.0133718 0.621434 0.0258189 0.100744 0.0135361
5 0.815337 0.618765 0.0191315 0.0273019 0.0133233
8 0.918527 0.61232 0.014254 0.024739 0.0129252
8 0.745287 0.614907 0.0174412 0.0231997 0.0127421
4 0.259932 0.548586 0.0507256 0.0261767 0.0127075
22 0.841779 0.661407 0.0127911 0.0524604 0.0124186
42 0.895208 0.588596 0.00922772 0.0218385 0.0120745
2 0.903661 0.400067 0.00775281 0.0181362 0.0119946
8 0.820762 0.661962 0.0267185 0.0522382 0.0118939
14 0.841779 0.661407 0.0127911 0.0524604 0.0117905
0 0.77323 0.617861 0.0102707 0.0222604 0.0116105
8 0.851472 0.61523 0.02686 0.0417796 0.0112908
1 0.966445 0.586634 0.00584869 0.0254497 0.0112337
8 0.800949 0.618332 0.0117297 0.0339129 0.0112321
8 0.755267 0.608644 0.0174807 0.020332 0.0110498
5 0.930608 0.608873 0.0321669 0.0331794 0.01098
0 0.806311 0.630607 0.0156742 0.0320584 0.0109485
2 0.952269 0.353968 0.0112728 0.0187321 0.0103692
4 0.77035 0.722125 0.128737 0.186764 0.0102636
3 0.747067 0.604679 0.00840625 0.0183165 0.00988048
4 0.679376 0.629278 0.0139462 0.0167043 0.00977473
0 0.908515 0.605089 0.010191 0.0195705 0.00976298
3 0.833334 0.61769 0.0120056 0.0346681 0.00934819
4 0.79375 0.619242 0.014616 0.0260215 0.00932097
3 0.758325 0.61594 0.0121769 0.0223193 0.00932039
2 0.229709 0.333316 0.0107012 0.020054 0.00903212
3 0.815506 0.611116 0.0123871 0.0226974 0.00900932
8 0.838891 0.659233 0.0144959 0.0487359 0.00884362
0 0.838891 0.659233 0.0144959 0.0487359 0.00868771
2 0.96526 0.334084 0.0136024 0.0222342 0.00861904
0 0.539497 0.591463 0.0100283 0.0192234 0.00860604
4 0.169166 0.510057 0.0743364 0.0613189 0.00859216
0 0.763441 0.612903 0.012856 0.0214684 0.00858807
2 0.256516 0.431146 0.0525416 0.075754 0.00856248
8 0.675264 0.629938 0.0187997 0.0182363 0.00845183
5 0.938277 0.610219 0.0218141 0.0307363 0.00816545
4 0.907934 0.612724 0.0104618 0.0209813 0.00814363
4 0.268925 0.551301 0.0405355 0.0302522 0.00812432
4 0.257013 0.544652 0.0209453 0.0242026 0.00806001
0 0.651809 0.624925 0.0112426 0.0304828 0.00787291
4 0.248386 0.547452 0.0361441 0.03508 0.00785864
4 0.675264 0.629938 0.0187997 0.0182363 0.0076575
3 0.835899 0.635058 0.0117498 0.0306436 0.00762228
2 0.903716 0.359073 0.0161644 0.0247784 0.00756619
0 0.652165 0.601816 0.0128353 0.0204504 0.00752037
8 0.807042 0.607305 0.00778619 0.0202031 0.00745923
0 0.758325 0.61594 0.0121769 0.0223193 0.00739744
4 0.891844 0.616806 0.0131588 0.05143 0.00730885
8 0.886892 0.61273 0.0116869 0.028019 0.00724143
1 0.934359 0.580545 0.0113029 0.0220741 0.00695818
4 0.755267 0.608644 0.0174807 0.020332 0.00690667
1 0.865896 0.587114 0.00846137 0.02721 0.00668379
8 0.793615 0.611574 0.0132305 0.0301526 0.00665293
1 0.828734 0.563765 0.0157314 0.0453919 0.00657457
8 0.522318 0.592846 0.0110905 0.0267646 0.00649891
0 0.490424 0.608368 0.00932895 0.0152905 0.0064844
2 0.961696 0.335337 0.00978815 0.0225594 0.00647211
4 0.705623 0.606685 0.0156786 0.0158158 0.00640074
18 0.522318 0.592846 0.0110905 0.0267646 0.00636095
4 0.0131828 0.645193 0.0249304 0.0545446 0.00635968
2 0.857157 0.555953 0.0120113 0.0209694 0.00627409
2 0.871746 0.537098 0.0107731 0.0225577 0.00623041
4 0.358198 0.557627 0.0209364 0.0209798 0.00622109
8 0.692962 0.619543 0.0102502 0.0231816 0.00617932
0 0.796474 0.587363 0.00830078 0.021068 0.00612218
5 0.918527 0.61232 0.014254 0.024739 0.00605629
0 0.817423 0.644433 0.0212009 0.0442942 0.0060091
8 0.888904 0.632305 0.017701 0.0297899 0.00563871
3 0.739521 0.614744 0.0176634 0.0180708 0.00562165
4 0.218402 0.518834 0.0557488 0.127034 0.00559127
14 0.763441 0.612903 0.012856 0.0214684 0.00556401
0 0.800949 0.618332 0.0117297 0.0339129 0.00538752
5 0.79375 0.619242 0.014616 0.0260215 0.0051758
1 0.823798 0.560085 0.0134918 0.0272707 0.00516715
8 0.503256 0.592619 0.00942239 0.0205424 0.00515305
14 0.806311 0.630607 0.0156742 0.0320584 0.00514528
8 0.770026 0.60745 0.00543097 0.0175977 0.00510826
3 0.807042 0.607305 0.00778619 0.0202031 0.00509766
3 0.745287 0.614907 0.0174412 0.0231997 0.00506037
0 0.755267 0.608644 0.0174807 0.020332 0.00501958
1 0.819366 0.586607 0.00916827 0.0263371 0.00499095
13 0.895208 0.588596 0.00922772 0.0218385 0.00493519
2 0.895031 0.401043 0.00635547 0.0135459 0.00478207
0 0.862094 0.61814 0.0134952 0.0331363 0.00465275
2 0.94578 0.351455 0.0103111 0.0184959 0.00464141
22 0.4946 0.62303 0.010941 0.0236669 0.00464125
14 0.649423 0.615896 0.0132433 0.0261699 0.00463756
0 0.907934 0.612724 0.0104618 0.0209813 0.00461089
2 0.909419 0.349346 0.0102955 0.0153425 0.00458471
8 0.878109 0.6073 0.00887988 0.0234588 0.00450143
0 0.820762 0.661962 0.0267185 0.0522382 0.00441914
8 0.404232 0.582706 0.0159744 0.0197626 0.00440039
8 0.739521 0.614744 0.0176634 0.0180708 0.00438676
18 0.526203 0.592055 0.0114125 0.0282802 0.00433896
0 0.808483 0.590056 0.00931799 0.0261137 0.004333
4 0.807042 0.607305 0.00778619 0.0202031 0.00429001
14 0.77323 0.617861 0.0102707 0.0222604 0.00428579
22 0.780795 0.617934 0.00835553 0.0264184 0.00427721
2 0.930613 0.353859 0.0106026 0.0170564 0.00426975
2 0.859249 0.450247 0.017454 0.0133488 0.00425809
3 0.838891 0.659233 0.0144959 0.0487359 0.00425409
4 0.208246 0.539065 0.0477101 0.0438343 0.00422085
5 0.815506 0.611116 0.0123871 0.0226974 0.00417825
4 0.895208 0.588596 0.00922772 0.0218385 0.00416045
8 0.907934 0.612724 0.0104618 0.0209813 0.00415991
3 0.526203 0.592055 0.0114125 0.0282802 0.00413365
1 0.796474 0.587363 0.00830078 0.021068 0.00407797
5 0.793615 0.611574 0.0132305 0.0301526 0.00405549
0 0.404232 0.582706 0.0159744 0.0197626 0.00404073
8 0.497538 0.595879 0.00952017 0.0185762 0.0039953
0 0.51232 0.603468 0.00775778 0.0195939 0.00395417
8 0.770222 0.722541 0.128034 0.185836 0.00392751
19 0.770781 0.722115 0.128387 0.185996 0.00386328
14 0.739521 0.614744 0.0176634 0.0180708 0.00380397
18 0.539497 0.591463 0.0100283 0.0192234 0.00379851
1 0.935906 0.571149 0.014534 0.0329979 0.00378623
1 0.880891 0.551911 0.0106712 0.0248074 0.00376502
1 0.240381 0.425321 0.0861552 0.0725408 0.00373445
4 0.857157 0.555953 0.0120113 0.0209694 0.00372323
4 0.705005 0.61743 0.0290861 0.0241425 0.0036855
1 0.852677 0.475223 0.0186222 0.038366 0.00368002
12 0.718321 0.562072 0.0532839 0.0519609 0.00365994
3 0.755267 0.608644 0.0174807 0.020332 0.00362824
0 0.4837 0.592191 0.0100853 0.0205561 0.00360772
8 0.862094 0.61814 0.0134952 0.0331363 0.00360598
0 0.495054 0.589086 0.00798761 0.0232398 0.00360491
12 0.241607 0.487036 0.0893028 0.201935 0.00358356
2 0.936267 0.327533 0.0149772 0.0211519 0.0035556
4 0.359943 0.564771 0.0289916 0.0209831 0.00351547
3 0.539497 0.591463 0.0100283 0.0192234 0.00346551
18 0.780795 0.617934 0.00835553 0.0264184 0.00344632
3 0.89837 0.635408 0.0173745 0.0311056 0.00343759
8 0.921427 0.610457 0.016227 0.0291287 0.00343515
18 0.4946 0.62303 0.010941 0.0236669 0.00340241
1 0.844673 0.58125 0.0140203 0.0659598 0.0033883
8 0.797601 0.629587 0.0167343 0.0315487 0.0033826
4 0.404232 0.582706 0.0159744 0.0197626 0.00335536
3 0.793615 0.611574 0.0132305 0.0301526 0.00334805
0 0.935482 0.609787 0.0243693 0.0317724 0.0033465
2 0.476826 0.0226301 0.0114243 0.0196054 0.00333961
0 0.895208 0.588596 0.00922772 0.0218385 0.00323924
4 0.522541 0.589575 0.0119524 0.0273154 0.00316179
42 0.796474 0.587363 0.00830078 0.021068 0.00313121
1 0.948194 0.536688 0.0114729 0.0177855 0.00313014
14 0.758325 0.61594 0.0121769 0.0223193 0.00312385
2 0.904173 0.367586 0.0137421 0.0217405 0.00312341
14 0.692962 0.619543 0.0102502 0.0231816 0.00312175
4 0.787037 0.61697 0.0121597 0.0285877 0.00307911
1 0.187172 0.466456 0.0120997 0.0390703 0.00306899
0 0.590001 0.58679 0.0123146 0.0180995 0.00301973
1 0.912075 0.57383 0.0085705 0.0182611 0.0030014
3 0.522318 0.592846 0.0110905 0.0267646 0.00299211
0 0.649423 0.615896 0.0132433 0.0261699 0.00297087
0 0.675264 0.629938 0.0187997 0.0182363 0.00296978
2 0.894378 0.331079 0.0152073 0.0168232 0.0029439
3 0.77035 0.722125 0.128737 0.186764 0.00289599
1 0.859249 0.450247 0.017454 0.0133488 0.00289515
3 0.907934 0.612724 0.0104618 0.0209813 0.00285987
4 0.739521 0.614744 0.0176634 0.0180708 0.00285228
3 0.0133718 0.621434 0.0258189 0.100744 0.00283736
6 0.920221 0.589363 0.0115112 0.0238892 0.00282439
14 0.651809 0.624925 0.0112426 0.0304828 0.00281798
3 0.895642 0.617095 0.0116343 0.0379705 0.00280327
2 0.883539 0.403696 0.00761621 0.0111505 0.00278983
23 0.841779 0.661407 0.0127911 0.0524604 0.0027788
0 0.589762 0.591118 0.0124594 0.0179277 0.0027561
4 0.343481 0.558468 0.0455267 0.0238477 0.00272287
4 0.781499 0.613672 0.00802039 0.0324906 0.00269324
2 0.914595 0.354561 0.011224 0.0175334 0.00268591
1 0.960923 0.572176 0.00814209 0.0167178 0.00266988
17 0.895208 0.588596 0.00922772 0.0218385 0.00266658
8 0.956818 0.61683 0.0287544 0.0353423 0.00266229
3 0.770026 0.60745 0.00543097 0.0175977 0.00266103
5 0.833334 0.61769 0.0120056 0.0346681 0.00265689
4 0.280304 0.539449 0.0561205 0.0386653 0.00265282
4 0.69401 0.610123 0.00929211 0.0208946 0.00263018
4 0.998116 0.616403 0.00376819 0.0312215 0.00262814
3 0.731311 0.619506 0.0139143 0.0217051 0.00262798
1 0.954542 0.563831 0.00643353 0.0199634 0.00260572
8 0.731311 0.619506 0.0139143 0.0217051 0.00259542
4 0.282718 0.552592 0.0542533 0.03305 0.00259374
8 0.989168 0.617257 0.0216649 0.0383641 0.00259234
4 0.197303 0.498933 0.0197616 0.0246319 0.00258979
4 0.318123 0.550353 0.0231281 0.0240151 0.00254296
6 0.908515 0.605089 0.010191 0.0195705 0.0025244
8 0.490424 0.608368 0.00932895 0.0152905 0.0025126
0 0.849595 0.615203 0.0333538 0.042642 0.00249546
3 0.800949 0.618332 0.0117297 0.0339129 0.00249534
2 0.255944 0.274908 0.0120993 0.0194922 0.00249369
