30 0.605945 0.335754 0.259749 0.488411 0.953125
30 0.425898 0.445287 0.140313 0.286459 0.951678
30 0.627999 0.72351 0.257795 0.316777 0.933313
30 0.264419 0.333485 0.253369 0.430215 0.921706
30 0.312211 0.721732 0.237449 0.349547 0.88651
30 0.431381 0.738473 0.11113 0.321728 0.8632
30 0.0294629 0.598992 0.0573466 0.09478 0.8201
30 0.535556 0.783168 0.0860885 0.202517 0.800838
30 0.952226 0.439948 0.0929467 0.0873601 0.629268
0 0.444911 0.946218 0.0756852 0.106338 0.52593
30 0.0265107 0.732481 0.0524618 0.0709898 0.366189
30 0.930945 0.586422 0.0606205 0.0408278 0.355662
30 0.868466 0.583587 0.0504446 0.0470766 0.303628
30 0.849866 0.817642 0.0254186 0.0243494 0.247973
49 0.935766 0.851819 0.0484863 0.123558 0.23195
30 0.947588 0.499257 0.101158 0.217438 0.132289
30 0.917553 0.505435 0.1037 0.197412 0.122783
0 0.184956 0.988792 0.0368446 0.0203114 0.118164
49 0.937391 0.829869 0.0426711 0.0793317 0.101666
30 0.877364 0.857158 0.056657 0.123451 0.0986967
30 0.936059 0.85408 0.0496387 0.124091 0.0901244
30 0.843724 0.838005 0.0372259 0.0638819 0.0787471
30 0.9135 0.816647 0.0257676 0.0327888 0.0712169
30 0.912942 0.828276 0.0251772 0.0263115 0.0656905
30 0.883152 0.836841 0.0407672 0.0883881 0.0655797
49 0.950265 0.853429 0.0557352 0.1247 0.0634556
30 0.913344 0.579946 0.100234 0.0496201 0.0587421
30 0.991136 0.791228 0.0145201 0.0291829 0.0528301
30 0.930498 0.474047 0.135759 0.159299 0.0511204
49 0.927976 0.845794 0.0577255 0.0796873 0.0505318
30 0.493731 0.787365 0.0679317 0.204259 0.0488744
49 0.911952 0.841141 0.028064 0.0687233 0.0485783
49 0.98992 0.839434 0.0182591 0.124229 0.0448416
30 0.87744 0.886383 0.0575302 0.0648184 0.0413881
2 0.0266194 0.736477 0.0515112 0.0781504 0.039527
30 0.851945 0.860205 0.0562027 0.11192 0.0392298
30 0.840114 0.849902 0.0308114 0.0333729 0.0359607
30 0.880929 0.806409 0.0255607 0.0253209 0.035273
30 0.922035 0.813083 0.0410218 0.0346257 0.0348158
30 0.235646 0.0348082 0.0317754 0.062213 0.0321461
49 0.878806 0.854772 0.0535378 0.125159 0.0306987
30 0.913446 0.821685 0.0244813 0.0194087 0.0300356
49 0.938026 0.812115 0.03376 0.0464743 0.0298799
0 0.102578 0.990284 0.0424766 0.0155747 0.0255642
30 0.304998 0.571047 0.166927 0.0917657 0.0234091
30 0.918275 0.826576 0.0311408 0.0519662 0.0229501
30 0.500916 0.909301 0.0787217 0.0604997 0.0209746
30 0.849942 0.856063 0.0349609 0.106263 0.0194144
49 0.913446 0.821685 0.0244813 0.0194087 0.0171483
30 0.841741 0.854713 0.0340416 0.0550511 0.0157818
30 0.867802 0.838122 0.0632764 0.0847905 0.0153941
30 0.508185 0.917391 0.0395078 0.0447177 0.0149447
30 0.901696 0.447965 0.0834883 0.121425 0.0148722
49 0.884468 0.835243 0.0541007 0.0865793 0.0141578
49 0.912942 0.828276 0.0251772 0.0263115 0.0139808
60 0.00626275 0.868036 0.0117649 0.183904 0.0138351
30 0.938298 0.803552 0.0296968 0.0309658 0.0128723
49 0.914589 0.858317 0.0356512 0.0862471 0.0125722
30 0.00682883 0.868725 0.0130422 0.188598 0.0120853
30 0.497322 0.923222 0.0178788 0.0293746 0.0114211
49 0.963122 0.845848 0.0432501 0.0830758 0.011324
30 0.908519 0.847734 0.095237 0.104781 0.0112545
49 0.980506 0.847099 0.0361353 0.139551 0.0108278
49 0.918275 0.826576 0.0311408 0.0519662 0.0106575
30 0.538846 0.821996 0.092319 0.123636 0.0101156
49 0.991136 0.791228 0.0145201 0.0291829 0.00994046
49 0.87744 0.886383 0.0575302 0.0648184 0.00953885
30 0.0268982 0.830329 0.0522182 0.268856 0.0095327
17 0.445485 0.947615 0.0741987 0.103572 0.00944166
30 0.503063 0.922614 0.0283929 0.0398058 0.00938138
49 0.953249 0.438654 0.0923502 0.0897012 0.00934809
49 0.937079 0.880099 0.0505121 0.075155 0.00916931
30 0.938026 0.812115 0.03376 0.0464743 0.00914643
30 0.98992 0.839434 0.0182591 0.124229 0.00908943
30 0.721274 0.727602 0.0721251 0.295668 0.00883295
30 0.950265 0.853429 0.0557352 0.1247 0.00871145
60 0.379713 0.966387 0.0305054 0.0638042 0.00791228
49 0.94991 0.879173 0.0292705 0.0742769 0.00778735
30 0.88131 0.850732 0.12111 0.108622 0.0077843
30 0.911952 0.841141 0.028064 0.0687233 0.0077576
49 0.986288 0.826627 0.0257534 0.10307 0.00739823
17 0.102578 0.990284 0.0424766 0.0155747 0.0071517
30 0.988648 0.793871 0.0199009 0.0370994 0.00686345
30 0.499802 0.885988 0.0789847 0.0698056 0.00642892
17 0.184867 0.98836 0.0366387 0.0211031 0.00628495
30 0.942363 0.494974 0.105761 0.0345534 0.00622101
49 0.922035 0.813083 0.0410218 0.0346257 0.00586112
30 0.881619 0.801468 0.0185725 0.0209555 0.00582493
30 0.958336 0.837704 0.0477397 0.0854697 0.00575833
30 0.946417 0.473632 0.104706 0.0750978 0.00567477
30 0.102496 0.990211 0.0426186 0.0164037 0.00553906
49 0.999986 0.840703 2.83813e-05 0.147899 0.00536933
30 0.530109 0.911893 0.0720901 0.0555109 0.00525371
30 0.850182 0.807558 0.028559 0.0423579 0.00469911
30 0.943977 0.83019 0.0483491 0.0807258 0.00469063
30 0.928438 0.881224 0.0376252 0.0713834 0.00455355
60 0.363474 0.963883 0.0649494 0.069847 0.00454903
30 0.853366 0.578338 0.0819133 0.0600793 0.00442502
49 0.846681 0.839383 0.0431472 0.0686573 0.00437572
49 0.955505 0.826084 0.0584274 0.089834 0.00435633
30 0.880751 0.577925 0.0756118 0.0521174 0.00425192
7 0.0290376 0.599072 0.0580753 0.0948884 0.00398803
60 0.00702879 0.845182 0.0136208 0.266614 0.00396718
30 0.927976 0.845794 0.0577255 0.0796873 0.00386755
30 0.874213 0.49398 0.130425 0.221141 0.0038349
49 0.627274 0.724496 0.257424 0.315164 0.0038243
30 0.498248 0.851827 0.0761761 0.137867 0.00379989
30 0.867288 0.565958 0.0652952 0.0811678 0.00354385
30 0.491145 0.898546 0.0619042 0.0491497 0.00344838
49 0.867802 0.838122 0.0632764 0.0847905 0.00338345
30 0.462126 0.897073 0.0854256 0.0438482 0.00336577
30 0.928876 0.805485 0.0507411 0.0473484 0.0031014
17 0.462126 0.897073 0.0854256 0.0438482 0.00304091
46 0.1029 0.990413 0.0409016 0.0156657 0.0028662
49 0.910674 0.876421 0.0554912 0.0796013 0.00286131
30 0.910674 0.876421 0.0554912 0.0796013 0.00284743
30 0.953076 0.457299 0.0920035 0.0543468 0.0028428
30 0.711236 0.448934 0.0550864 0.253198 0.00283479
30 0.921989 0.479595 0.108438 0.0631062 0.00279557
30 0.88266 0.896454 0.0596419 0.0438656 0.00272656
17 0.443986 0.905484 0.0479214 0.0270477 0.00271946
30 0.00865272 0.745859 0.0164737 0.078312 0.00266351
30 0.886136 0.813423 0.0350493 0.074172 0.00256657
30 0.430704 0.906476 0.0236314 0.014808 0.0025638
30 0.980506 0.847099 0.0361353 0.139551 0.00252197
30 0.912402 0.554856 0.107824 0.101588 0.00249412
46 0.150559 0.98874 0.0199134 0.019281 0.00249352
30 0.90144 0.806446 0.053168 0.0743099 0.00247681
49 0.975938 0.851674 0.0347515 0.104822 0.00246796
49 0.988648 0.793871 0.0199009 0.0370994 0.00245302
30 0.290394 0.502136 0.200947 0.22831 0.00245059
30 0.914589 0.858317 0.0356512 0.0862471 0.00242095
0 0.876581 0.897909 0.0576514 0.0431481 0.00219763
60 0.0272486 0.829491 0.0524041 0.272831 0.00219096
49 0.863597 0.856805 0.0751594 0.101731 0.00215318
30 0.00878086 0.842747 0.0174863 0.281677 0.00210922
2 0.0290376 0.599072 0.0580753 0.0948884 0.00210309
30 0.445485 0.947615 0.0741987 0.103572 0.00209319
49 0.846239 0.820413 0.0322278 0.0294289 0.00208803
49 0.9135 0.816647 0.0257676 0.0327888 0.00204583
49 0.963953 0.872853 0.0535596 0.089856 0.00203818
49 0.996072 0.841171 0.00785626 0.14025 0.00202255
60 0.0266312 0.734264 0.0525787 0.075219 0.00198181
30 0.967324 0.814527 0.0594213 0.091956 0.00196557
8 0.445255 0.947532 0.0750113 0.103195 0.00193255
30 0.00943319 0.668577 0.0188664 0.0835047 0.00190937
19 0.626865 0.723574 0.25889 0.315646 0.00190569
17 0.938226 0.802944 0.0293631 0.0297703 0.00190365
30 0.91504 0.862583 0.133346 0.11792 0.00190029
30 0.943071 0.817592 0.0386434 0.0712233 0.00189098
30 0.150559 0.98874 0.0199134 0.019281 0.00187048
46 0.426341 0.445321 0.139115 0.287375 0.00184281
10 0.150559 0.98874 0.0199134 0.019281 0.00184108
49 0.931593 0.58501 0.0624059 0.0459084 0.00182089
30 0.875624 0.810195 0.0375656 0.0654075 0.0018148
30 0.986288 0.826627 0.0257534 0.10307 0.00181275
30 0.84096 0.862531 0.0380452 0.0964888 0.00181093
33 0.00626275 0.868036 0.0117649 0.183904 0.00179358
44 0.0207838 0.840459 0.0393807 0.251181 0.00175952
49 0.999633 0.883766 0.000734802 0.232468 0.00174854
46 0.184494 0.988208 0.038136 0.0212599 0.00171388
9 0.445485 0.947615 0.0741987 0.103572 0.00169991
30 0.508531 0.761219 0.132758 0.261138 0.00159178
30 0.955101 0.411941 0.0871697 0.0460554 0.00157921
30 0.0696278 0.532259 0.0174172 0.0180698 0.00155013
44 0.00682883 0.868725 0.0130422 0.188598 0.00153456
46 0.0954492 0.987655 0.0580133 0.0207367 0.00152633
30 0.99968 0.462519 0.000639832 0.213474 0.00147565
17 0.446194 0.913276 0.0591097 0.0419179 0.00145381
0 0.150149 0.989756 0.0200143 0.017474 0.00138794
60 0.0262549 0.879903 0.0459632 0.169349 0.00130292
10 0.933109 0.872523 0.0454647 0.0886399 0.00129699
44 0.626865 0.723574 0.25889 0.315646 0.00123343
30 0.280169 0.939821 0.101204 0.112586 0.00122532
0 0.877164 0.882138 0.0588417 0.0723752 0.00121193
30 0.599025 0.161946 0.17864 0.135923 0.00121143
49 0.880929 0.806409 0.0255607 0.0253209 0.00119298
30 0.42325 0.904257 0.0377824 0.021768 0.00118348
49 0.849942 0.856063 0.0349609 0.106263 0.00117068
49 0.943071 0.817592 0.0386434 0.0712233 0.00114877
49 0.967324 0.814527 0.0594213 0.091956 0.00114416
30 0.999601 0.521368 0.000798706 0.408513 0.00113407
55 0.00682883 0.868725 0.0130422 0.188598 0.00110321
51 0.184125 0.989135 0.0375138 0.0202197 0.00109829
30 0.694081 0.463158 0.0882509 0.222237 0.00109055
30 0.893577 0.820606 0.179063 0.194618 0.00108732
49 0.938226 0.802944 0.0293631 0.0297703 0.00105938
2 0.0267029 0.831774 0.0520757 0.27075 0.00105779
