4 0.142892 0.721337 0.219423 0.148919 0.934429
1 0.678413 0.664387 0.0264158 0.0733451 0.839089
35 0.0218208 0.39978 0.0434755 0.123415 0.690341
36 0.0142698 0.432432 0.0278128 0.0485268 0.593988
4 0.971587 0.837194 0.0528298 0.209983 0.278875
8 0.598203 0.718479 0.0492347 0.0505128 0.277588
2 0.431389 0.685375 0.0196068 0.0392142 0.241861
14 0.971129 0.838052 0.0526983 0.208513 0.230691
4 0.986119 0.754598 0.0254991 0.0639945 0.171115
4 0.976346 0.743326 0.0438602 0.0987829 0.158042
14 0.602294 0.720487 0.040739 0.0449085 0.109576
8 0.602231 0.722542 0.0362781 0.0392755 0.0735002
0 0.107937 0.777834 0.0312235 0.09603 0.0511261
4 0.986133 0.782387 0.024322 0.106808 0.0476306
1 0.107682 0.778039 0.0279193 0.098475 0.046067
2 0.882102 0.751931 0.0164147 0.0163208 0.0395015
8 0.609667 0.717643 0.0254504 0.0482221 0.0385252
2 0.430414 0.670403 0.0181508 0.0202125 0.0380559
8 0.67381 0.808603 0.027957 0.0673529 0.0366373
7 0.431484 0.691166 0.0184148 0.0485951 0.0352489
2 0.976299 0.725948 0.043804 0.0646015 0.0344978
22 0.00544409 0.835292 0.0104253 0.0520606 0.0344895
14 0.670897 0.806537 0.028873 0.0714618 0.0327281
8 0.971129 0.838052 0.0526983 0.208513 0.0317661
5 0.971161 0.839679 0.0529407 0.207008 0.0305587
5 0.599338 0.71858 0.0463864 0.0479896 0.0293894
8 0.587761 0.718807 0.0275155 0.0475278 0.0261119
22 0.88319 0.806888 0.0155151 0.053634 0.0248346
22 0.107937 0.777834 0.0312235 0.09603 0.0245646
22 0.0470878 0.83756 0.0107913 0.0400757 0.0244076
8 0.43072 0.693188 0.0218639 0.0562956 0.0230898
2 0.401964 0.508596 0.0100794 0.0127882 0.0203949
0 0.431259 0.693884 0.0202835 0.0586219 0.0185131
2 0.397221 0.513854 0.00910013 0.0198566 0.0171494
22 0.668005 0.806184 0.0155054 0.0656079 0.0155172
8 0.660857 0.80535 0.0359449 0.0724323 0.0155086
36 0.0208797 0.398946 0.0407973 0.119882 0.015347
4 0.602294 0.720487 0.040739 0.0449085 0.0147536
14 0.677262 0.817463 0.0285939 0.0507379 0.0146547
8 0.396473 0.708561 0.0190731 0.0769263 0.0145976
22 0.406645 0.737622 0.0111526 0.0300647 0.0145707
0 0.587761 0.718807 0.0275155 0.0475278 0.0138743
2 0.378146 0.564091 0.0139287 0.0160608 0.013686
2 0.391161 0.564448 0.0144409 0.017715 0.013393
4 0.978269 0.726696 0.0396813 0.0629487 0.0128689
0 0.601425 0.71724 0.0412048 0.0511829 0.0125097
14 0.587761 0.718807 0.0275155 0.0475278 0.0123724
0 0.605712 0.685144 0.0108418 0.0279161 0.0111734
2 0.401641 0.495637 0.0121676 0.00893503 0.0107175
0 0.143538 0.721454 0.218944 0.149865 0.0101777
7 0.88319 0.806888 0.0155151 0.053634 0.0097619
0 0.406965 0.739038 0.0118854 0.028627 0.0096379
3 0.609667 0.717643 0.0254504 0.0482221 0.00921846
8 0.406965 0.739038 0.0118854 0.028627 0.00906808
14 0.668005 0.806184 0.0155054 0.0656079 0.0086365
3 0.598203 0.718479 0.0492347 0.0505128 0.00854542
22 0.00898647 0.832965 0.0150422 0.0556114 0.00820388
2 0.428273 0.692355 0.0265944 0.0551226 0.00800355
7 0.406965 0.739038 0.0118854 0.028627 0.00698896
8 0.677262 0.817463 0.0285939 0.0507379 0.00690221
23 0.88319 0.806888 0.0155151 0.053634 0.00614432
3 0.0522167 0.55759 0.0172934 0.0285529 0.00613803
4 0.43072 0.693188 0.0218639 0.0562956 0.0055868
0 0.656156 0.695035 0.0122274 0.0253873 0.00553482
3 0.971559 0.837958 0.0525189 0.208789 0.00550089
2 0.396508 0.581912 0.00805884 0.0221736 0.00538183
14 0.406965 0.739038 0.0118854 0.028627 0.00521314
2 0.802246 0.715151 0.0117265 0.0316042 0.00519767
1 0.00544409 0.835292 0.0104253 0.0520606 0.00511255
8 0.668005 0.806184 0.0155054 0.0656079 0.00494105
18 0.0508915 0.557814 0.0198635 0.0281589 0.00481662
2 0.986119 0.754598 0.0254991 0.0639945 0.00465549
8 0.433446 0.683905 0.0205101 0.0347263 0.0044144
2 0.656156 0.695035 0.0122274 0.0253873 0.00421601
0 0.609667 0.717643 0.0254504 0.0482221 0.00390618
22 0.878328 0.803889 0.0250261 0.0590326 0.00375812
8 0.422715 0.704335 0.0354799 0.0792719 0.00373474
4 0.609667 0.717643 0.0254504 0.0482221 0.00368398
4 0.88235 0.752004 0.0171973 0.0166743 0.00364894
2 0.406645 0.737622 0.0111526 0.0300647 0.00356529
22 0.971664 0.858446 0.0520981 0.168208 0.00347592
2 0.96109 0.704181 0.0164115 0.0207231 0.00346342
1 0.971129 0.838052 0.0526983 0.208513 0.00332155
0 0.970752 0.841351 0.0527031 0.204691 0.0032337
14 0.662593 0.805332 0.0315108 0.0702079 0.00315984
22 0.676543 0.813637 0.0290798 0.0573004 0.00280332
8 0.0156237 0.555817 0.0165968 0.0248887 0.00273968
2 0.373804 0.561689 0.0128981 0.0255636 0.00256896
4 0.954702 0.744603 0.0883332 0.10384 0.0025666
35 0.0222831 0.374631 0.042479 0.072383 0.00256446
3 0.602231 0.722542 0.0362781 0.0392755 0.00253889
0 0.396473 0.708561 0.0190731 0.0769263 0.00244634
14 0.431484 0.691166 0.0184148 0.0485951 0.00243198
35 0.0182895 0.432288 0.0357253 0.0504851 0.0023636
5 0.609667 0.717643 0.0254504 0.0482221 0.00227264
7 0.397148 0.708927 0.0228513 0.0795607 0.00227074
5 0.587761 0.718807 0.0275155 0.0475278 0.00226908
2 0.401627 0.563584 0.0200502 0.023404 0.00226283
8 0.656156 0.695035 0.0122274 0.0253873 0.00219811
0 0.655134 0.705824 0.0221175 0.044423 0.00217026
23 0.668005 0.806184 0.0155054 0.0656079 0.00215641
4 0.587761 0.718807 0.0275155 0.0475278 0.00202827
23 0.107682 0.778039 0.0279193 0.098475 0.00202821
1 0.431259 0.693884 0.0202835 0.0586219 0.00202438
14 0.685389 0.817764 0.0329185 0.0480895 0.00201983
4 0.96109 0.704181 0.0164115 0.0207231 0.00201789
6 0.971161 0.839679 0.0529407 0.207008 0.00196995
0 0.67381 0.808603 0.027957 0.0673529 0.00193137
0 0.668005 0.806184 0.0155054 0.0656079 0.00193079
18 0.406645 0.737622 0.0111526 0.0300647 0.00184764
8 0.6259 0.786906 0.0224955 0.0275404 0.00181239
8 0.596266 0.691404 0.0306168 0.0362471 0.00172568
2 0.396568 0.494325 0.0107079 0.0103411 0.00168698
8 0.976404 0.739952 0.045204 0.0916166 0.0016387
8 0.603409 0.693417 0.0623757 0.0954524 0.00163397
8 0.604962 0.736089 0.0383508 0.0640811 0.00162157
8 0.430414 0.670403 0.0181508 0.0202125 0.00155499
4 0.430414 0.670403 0.0181508 0.0202125 0.001524
1 0.602231 0.722542 0.0362781 0.0392755 0.00151389
2 0.541579 0.531144 0.00751654 0.0129139 0.00144671
25 0.43072 0.693188 0.0218639 0.0562956 0.0014395
8 0.685389 0.817764 0.0329185 0.0480895 0.00142805
14 0.601934 0.736842 0.0427809 0.0690616 0.00142727
23 0.406965 0.739038 0.0118854 0.028627 0.001426
2 0.583075 0.716903 0.0220675 0.0450931 0.00142388
14 0.100297 0.492428 0.0289732 0.073428 0.00142053
0 0.433446 0.683905 0.0205101 0.0347263 0.00138137
1 0.668005 0.806184 0.0155054 0.0656079 0.0013764
7 0.433446 0.683905 0.0205101 0.0347263 0.00136155
2 0.701583 0.560122 0.0146636 0.0140194 0.00131835
14 0.609667 0.717643 0.0254504 0.0482221 0.00130768
1 0.656156 0.695035 0.0122274 0.0253873 0.00129536
3 0.67381 0.808603 0.027957 0.0673529 0.00128441
3 0.587761 0.718807 0.0275155 0.0475278 0.001275
23 0.00513189 0.835054 0.00989804 0.0509894 0.00127155
8 0.984256 0.744651 0.028193 0.0880064 0.00126341
7 0.67381 0.808603 0.027957 0.0673529 0.00125004
8 0.626044 0.714289 0.0457412 0.0479365 0.00123967
8 0.609223 0.69633 0.0271499 0.0431467 0.00122885
3 0.984256 0.744651 0.028193 0.0880064 0.00122628
2 0.605712 0.685144 0.0108418 0.0279161 0.00122326
42 0.431389 0.685375 0.0196068 0.0392142 0.00121887
2 0.597599 0.71806 0.0485769 0.0497022 0.0012188
5 0.43072 0.693188 0.0218639 0.0562956 0.00121871
0 0.645985 0.69722 0.0169648 0.040675 0.00121127
18 0.970752 0.841351 0.0527031 0.204691 0.00120279
3 0.660857 0.80535 0.0359449 0.0724323 0.00120054
3 0.0156237 0.555817 0.0165968 0.0248887 0.00117215
8 0.0111429 0.553324 0.0196526 0.027251 0.00117055
0 0.430414 0.670403 0.0181508 0.0202125 0.00115901
22 0.662593 0.805332 0.0315108 0.0702079 0.00113683
0 0.981268 0.745875 0.0339021 0.104147 0.00109839
8 0.630792 0.786119 0.0333793 0.0327017 0.00107387
2 0.583556 0.685412 0.0132906 0.0264998 0.00107012
1 0.677262 0.817463 0.0285939 0.0507379 0.00106834
4 0.433446 0.683905 0.0205101 0.0347263 0.0010641
42 0.971664 0.858446 0.0520981 0.168208 0.00105508
9 0.971664 0.858446 0.0520981 0.168208 0.00105467
9 0.00513189 0.835054 0.00989804 0.0509894 0.00103961
22 0.00600202 0.852082 0.012004 0.0843572 0.00100785
0 0.596266 0.691404 0.0306168 0.0362471 0.00100072
