18 0.467964 0.720257 0.157992 0.479618 0.930962
14 0.888277 0.955793 0.0843242 0.0836027 0.912037
18 0.356562 0.595724 0.0923532 0.326706 0.899285
18 0.0571074 0.824295 0.113924 0.345443 0.88399
18 0.637296 0.765585 0.164529 0.461696 0.800817
18 0.924852 0.692246 0.150295 0.361232 0.742835
19 0.711969 0.686824 0.537472 0.495025 0.741668
0 0.876862 0.577682 0.11011 0.174627 0.712415
0 0.189894 0.43343 0.101551 0.184607 0.668219
35 0.540112 0.369098 0.0692307 0.151155 0.637715
19 0.153814 0.511998 0.115373 0.123125 0.571756
0 0.163309 0.407263 0.0554839 0.131103 0.51233
43 0.280077 0.439173 0.342834 0.153686 0.492322
9 0.738578 0.55772 0.0661083 0.0845071 0.48743
43 0.202997 0.447438 0.145707 0.153838 0.484862
0 0.869762 0.675295 0.127781 0.378245 0.46719
10 0.503937 0.472759 0.0156464 0.0867716 0.443352
0 0.778678 0.493193 0.0635485 0.136433 0.428052
18 0.749459 0.475183 0.0393286 0.0754266 0.388739
10 0.171378 0.467557 0.0100664 0.0422227 0.374178
0 0.297882 0.420609 0.0421556 0.182691 0.352676
18 0.696034 0.477117 0.0479974 0.11273 0.342352
43 0.0666045 0.486083 0.132795 0.228382 0.299157
43 0.599997 0.454219 0.152064 0.113272 0.248124
10 0.668864 0.509707 0.010679 0.0293067 0.228715
0 0.45028 0.40991 0.0287277 0.121583 0.220211
46 0.646141 0.477604 0.0653248 0.0856043 0.219005
30 0.957314 0.0804699 0.017807 0.0178738 0.188055
10 0.168909 0.478436 0.012953 0.036984 0.184705
18 0.968473 0.586374 0.0618084 0.190644 0.181296
10 0.531731 0.436631 0.0202635 0.0363273 0.180799
0 0.968304 0.586672 0.062373 0.193005 0.167709
10 0.509436 0.503007 0.0267757 0.028501 0.15937
0 0.813212 0.371655 0.0260716 0.0304411 0.148612
30 0.727127 0.0648488 0.0168174 0.0127937 0.145183
18 0.449392 0.408604 0.0305254 0.118269 0.138692
30 0.485124 0.283388 0.05319 0.0159114 0.136445
10 0.480472 0.448549 0.00967731 0.031837 0.134863
19 0.167273 0.508695 0.0959163 0.0902062 0.127122
10 0.844422 0.428487 0.00923273 0.0299608 0.12395
10 0.151592 0.464951 0.0100411 0.0423553 0.1238
10 0.367599 0.4847 0.0113185 0.0628778 0.121561
43 0.748945 0.474936 0.039835 0.0753796 0.121456
54 0.738245 0.558162 0.0654777 0.0867321 0.119074
30 0.956937 0.0757331 0.016466 0.0182139 0.117229
10 0.48139 0.435603 0.0101664 0.0534747 0.104734
0 0.441006 0.414811 0.0443195 0.13163 0.104514
43 0.780895 0.402406 0.106144 0.108068 0.104373
30 0.543203 0.266264 0.0113823 0.0104756 0.102568
0 0.804639 0.51575 0.111847 0.170415 0.0946265
10 0.146763 0.452522 0.0146445 0.0295135 0.0915157
0 0.817642 0.404302 0.0288761 0.0888543 0.088429
11 0.767499 0.381387 0.0288132 0.0228854 0.0875272
10 0.170771 0.459534 0.0146162 0.0359593 0.0859329
0 0.539441 0.370701 0.0665411 0.151953 0.0776689
54 0.831087 0.643105 0.0448293 0.0376007 0.0730753
43 0.694659 0.478387 0.0508299 0.114383 0.0712493
11 0.750623 0.361724 0.0147841 0.0396814 0.0705076
10 0.484781 0.442707 0.0135374 0.0406019 0.0696737
10 0.175389 0.467928 0.011842 0.0381408 0.0689448
30 0.48341 0.271571 0.0582413 0.0158579 0.0670281
30 0.907331 0.151243 0.0131992 0.00958625 0.0652195
10 0.148806 0.466281 0.0136792 0.0493656 0.0650529
51 0.513799 0.502567 0.0356014 0.0294019 0.0591584
19 0.112409 0.490784 0.0539209 0.0855877 0.0587615
10 0.151773 0.455688 0.0100547 0.0342005 0.0577797
10 0.103714 0.4411 0.01097 0.0328222 0.0552526
18 0.280429 0.444119 0.0333568 0.148517 0.0552491
18 0.109852 0.404054 0.0458495 0.110571 0.0540592
18 0.292784 0.443386 0.0413015 0.147511 0.0532381
0 0.749418 0.3613 0.0170215 0.0389867 0.0525204
46 0.694767 0.477228 0.0509457 0.112228 0.0517531
10 0.129562 0.4306 0.0092213 0.0343168 0.0512373
11 0.816078 0.373746 0.0285328 0.0329795 0.0501434
10 0.51029 0.448409 0.0220627 0.0440692 0.0486868
10 0.539554 0.47544 0.0269797 0.0332831 0.0476699
11 0.968847 0.58398 0.061739 0.190242 0.0445884
35 0.53417 0.427804 0.0334496 0.0515045 0.0442411
30 0.957831 0.0792623 0.0188954 0.0111334 0.0409342
10 0.536075 0.433653 0.0242289 0.037259 0.0404662
11 0.751527 0.368048 0.0258465 0.0537575 0.0401449
30 0.243431 0.252985 0.0384317 0.017241 0.0396204
18 0.921362 0.593766 0.0475037 0.120836 0.0388896
30 0.251076 0.25101 0.0525501 0.015796 0.0382065
11 0.301377 0.34887 0.0197328 0.0358626 0.0364448
36 0.529018 0.40937 0.0139567 0.0262961 0.0362242
43 0.645571 0.474652 0.0644707 0.0907545 0.0356857
18 0.32337 0.474811 0.0208381 0.0888143 0.0355336
30 0.482208 0.300164 0.0622253 0.0356824 0.0344622
18 0.84576 0.716316 0.173453 0.376662 0.0342014
10 0.766182 0.668586 0.0214547 0.0562868 0.033757
0 0.427365 0.422465 0.0379267 0.124177 0.0337298
36 0.532731 0.435799 0.0216968 0.0368581 0.0337168
18 0.441006 0.414811 0.0443195 0.13163 0.0333604
9 0.301377 0.34887 0.0197328 0.0358626 0.0328272
10 0.534008 0.48018 0.03646 0.035647 0.0325376
10 0.147051 0.475253 0.0161844 0.0431623 0.0325323
9 0.766146 0.669188 0.0228558 0.0578879 0.0318142
30 0.833613 0.286702 0.0181919 0.011119 0.0308758
18 0.879823 0.723579 0.107158 0.352768 0.030317
11 0.28392 0.411329 0.0328155 0.0966074 0.0301343
18 0.753186 0.387679 0.0399586 0.0939585 0.0301099
10 0.788231 0.555299 0.0276607 0.0264448 0.0298748
20 0.853653 0.647064 0.0233013 0.0280038 0.029344
43 0.760763 0.399342 0.0431828 0.0566018 0.0292472
18 0.761353 0.403048 0.0451851 0.0723806 0.0291327
30 0.485414 0.198364 0.0689221 0.0373959 0.0290451
11 0.439142 0.419206 0.0436584 0.121444 0.0288429
35 0.599947 0.453051 0.162741 0.0984772 0.0287555
43 0.706087 0.693133 0.587826 0.559707 0.0286834
51 0.765194 0.668508 0.0231005 0.058522 0.0286189
30 0.471981 0.266767 0.0539717 0.0198539 0.0285666
18 0.762212 0.46678 0.0629025 0.0806137 0.0281046
30 0.776555 0.119077 0.0135485 0.0159615 0.0280863
10 0.53417 0.427804 0.0334496 0.0515045 0.0271988
10 0.842398 0.441251 0.0114243 0.0209696 0.0262592
30 0.477162 0.210023 0.0834454 0.0422668 0.0258949
20 0.803694 0.607306 0.0312451 0.0246765 0.0255729
30 0.777475 0.123701 0.0136539 0.0196479 0.0252738
10 0.118439 0.438788 0.0116905 0.0340573 0.0250632
43 0.292493 0.431154 0.0461711 0.166111 0.024909
0 0.193141 0.469822 0.103097 0.104421 0.0247458
19 0.78193 0.408542 0.10171 0.0876211 0.0243997
46 0.573269 0.463113 0.0523049 0.0490072 0.0239995
53 0.739726 0.55701 0.066968 0.0878223 0.023952
18 0.750623 0.361724 0.0147841 0.0396814 0.0233068
46 0.582501 0.475355 0.036644 0.0345181 0.0230897
10 0.157046 0.477644 0.0130537 0.0385611 0.0229754
18 0.593777 0.453744 0.181518 0.109661 0.0227737
19 0.308538 0.448198 0.0423123 0.137684 0.0223858
0 0.290948 0.442515 0.0479397 0.151095 0.0222841
10 0.131016 0.442791 0.0106564 0.0192686 0.0222515
30 0.478531 0.0522678 0.0177935 0.0156579 0.0221729
30 0.227086 0.254147 0.0274338 0.0196358 0.0220019
11 0.198444 0.373865 0.0103171 0.0212191 0.0218209
0 0.825914 0.565272 0.106561 0.19252 0.0216605
30 0.523667 0.225452 0.0163397 0.0145177 0.0213177
11 0.45028 0.40991 0.0287277 0.121583 0.0210651
30 0.26419 0.247226 0.0821742 0.015495 0.0209977
30 0.824408 0.288307 0.0363146 0.0105801 0.0208619
43 0.640851 0.387886 0.123178 0.0760821 0.0208004
11 0.20127 0.375577 0.0128669 0.0215815 0.0200756
20 0.831087 0.643105 0.0448293 0.0376007 0.0199896
51 0.788231 0.555299 0.0276607 0.0264448 0.0199548
30 0.40836 0.2431 0.0580592 0.0353149 0.0198087
30 0.602502 0.161656 0.00985059 0.0124791 0.019399
30 0.550959 0.268918 0.0289482 0.0129832 0.0193057
43 0.608092 0.382087 0.0476605 0.0534119 0.0192929
20 0.0979277 0.441407 0.0138075 0.0281569 0.0192744
18 0.160219 0.405511 0.0548273 0.127231 0.0191771
0 0.0682202 0.481431 0.135969 0.243905 0.0189142
0 0.195831 0.447084 0.170576 0.151726 0.0187783
30 0.474385 0.251708 0.0832675 0.0317048 0.0187608
31 0.78193 0.408542 0.10171 0.0876211 0.0185869
43 0.317991 0.404607 0.380857 0.119035 0.0180969
20 0.80271 0.60155 0.0298882 0.0149976 0.0179246
18 0.301039 0.424577 0.0430227 0.181958 0.0177426
10 0.0979277 0.441407 0.0138075 0.0281569 0.0176391
10 0.0457935 0.169136 0.0130011 0.0447689 0.0176011
10 0.517714 0.442791 0.00795953 0.0306096 0.017315
54 0.8227 0.627927 0.0307045 0.0358804 0.0170574
18 0.53904 0.363786 0.0671705 0.142921 0.0169024
36 0.539175 0.41639 0.0170787 0.0381643 0.016857
18 0.308538 0.448198 0.0423123 0.137684 0.0168333
0 0.809696 0.367581 0.0181896 0.0261744 0.0166106
19 0.32337 0.474811 0.0208381 0.0888143 0.0164587
19 0.593777 0.453744 0.181518 0.109661 0.0162424
30 0.478606 0.0570531 0.0188556 0.0192893 0.0158714
20 0.788231 0.555299 0.0276607 0.0264448 0.0157747
10 0.529018 0.40937 0.0139567 0.0262961 0.0154629
11 0.291981 0.441207 0.0488584 0.154109 0.0154452
34 0.766146 0.669188 0.0228558 0.0578879 0.0154361
43 0.661754 0.397651 0.0383583 0.041776 0.0151217
52 0.829506 0.642283 0.0384949 0.037006 0.0149802
9 0.750623 0.361724 0.0147841 0.0396814 0.0148516
0 0.604695 0.382764 0.0402901 0.0489631 0.014843
30 0.484094 0.213747 0.0781397 0.0286112 0.0148122
52 0.853653 0.647064 0.0233013 0.0280038 0.0146846
0 0.301242 0.366003 0.0185357 0.0714774 0.0146472
54 0.646847 0.668467 0.154102 0.0578474 0.0144771
19 0.377294 0.45034 0.155321 0.15364 0.0141321
11 0.817642 0.404302 0.0288761 0.0888543 0.014067
18 0.771418 0.787376 0.136794 0.335276 0.0139371
20 0.146763 0.452522 0.0146445 0.0295135 0.0139022
30 0.837404 0.0287817 0.0185513 0.0139968 0.0137883
52 0.766182 0.668586 0.0214547 0.0562868 0.0136168
30 0.403909 0.198993 0.0763026 0.0336436 0.0135441
31 0.92957 0.352568 0.130616 0.0529553 0.0133198
34 0.78822 0.445027 0.0399696 0.0437094 0.013175
11 0.301242 0.366003 0.0185357 0.0714774 0.0131035
18 0.0996393 0.384163 0.0343792 0.14911 0.012948
30 0.482324 0.290155 0.0580179 0.0274324 0.0129284
46 0.968896 0.583489 0.0622076 0.184885 0.0128805
18 0.891192 0.715217 0.090627 0.167124 0.0126133
10 0.102084 0.418149 0.0166764 0.0787122 0.0124879
34 0.787863 0.555239 0.0274513 0.026912 0.0124696
46 0.65256 0.476981 0.0370446 0.0850123 0.0124342
19 0.293172 0.437162 0.0452275 0.159286 0.0123971
9 0.802503 0.61475 0.0314058 0.0353306 0.012122
54 0.803694 0.607306 0.0312451 0.0246765 0.0120904
30 0.839066 0.287738 0.0139199 0.0111174 0.0120749
36 0.53417 0.427804 0.0334496 0.0515045 0.0120596
0 0.790338 0.420268 0.0903776 0.0828469 0.0120493
20 0.8227 0.627927 0.0307045 0.0358804 0.0118988
31 0.816471 0.406094 0.0312122 0.0934696 0.0118143
54 0.680479 0.665555 0.0845184 0.049755 0.0117381
11 0.82155 0.380711 0.0249468 0.0423982 0.0115323
11 0.788231 0.555299 0.0276607 0.0264448 0.0114217
20 0.103714 0.4411 0.01097 0.0328222 0.0113707
34 0.513799 0.502567 0.0356014 0.0294019 0.011359
9 0.802356 0.630953 0.0317291 0.0630289 0.0113133
30 0.679537 0.287323 0.05159 0.0110324 0.0112829
30 0.408234 0.216076 0.0623101 0.0158234 0.0112159
27 0.534754 0.434516 0.0247938 0.037055 0.0112073
10 0.172773 0.482129 0.0186488 0.0347303 0.0111499
46 0.067771 0.438357 0.0529296 0.0793335 0.011125
19 0.816471 0.406094 0.0312122 0.0934696 0.0106786
18 0.123177 0.403781 0.0467849 0.106459 0.0105137
18 0.0672383 0.465152 0.134477 0.264278 0.0104356
52 0.804437 0.634427 0.0249453 0.0503442 0.0104253
30 0.211288 0.252665 0.0202071 0.0171411 0.0103579
43 0.76312 0.413352 0.0467064 0.0723029 0.0103144
19 0.922805 0.505606 0.109621 0.0861279 0.0102815
54 0.80271 0.60155 0.0298882 0.0149976 0.0102499
30 0.467623 0.258856 0.0633606 0.0279977 0.0102463
18 0.364983 0.561765 0.0680678 0.177997 0.0102337
11 0.0718283 0.444602 0.0427189 0.0740274 0.0101635
54 0.694084 0.478738 0.0522026 0.114793 0.0101595
18 0.767499 0.381387 0.0288132 0.0228854 0.0101525
10 0.550655 0.477767 0.0195802 0.027388 0.0100333
20 0.803813 0.587892 0.027285 0.0214727 0.0100188
52 0.832095 0.649891 0.0408467 0.0396303 0.0100035
54 0.802356 0.630953 0.0317291 0.0630289 0.00992191
9 0.767499 0.381387 0.0288132 0.0228854 0.00991833
45 0.534754 0.434516 0.0247938 0.037055 0.00991719
31 0.92983 0.339295 0.129453 0.0347886 0.00991592
43 0.920731 0.554203 0.109101 0.181911 0.00983585
34 0.779702 0.477984 0.0634712 0.104924 0.00979767
18 0.318018 0.451529 0.0365487 0.128794 0.00975879
51 0.534008 0.48018 0.03646 0.035647 0.00974844
11 0.809696 0.367581 0.0181896 0.0261744 0.00964459
31 0.681659 0.295183 0.0493846 0.0217586 0.00961417
34 0.692517 0.530646 0.0159256 0.0212441 0.00958
31 0.482324 0.290155 0.0580179 0.0274324 0.00957794
43 0.753186 0.387679 0.0399586 0.0939585 0.00956971
43 0.478687 0.389477 0.0914601 0.100356 0.00945416
0 0.764113 0.325677 0.00998822 0.0177827 0.00943273
0 0.794169 0.420796 0.0481628 0.0789222 0.0094317
18 0.452082 0.601546 0.108392 0.24562 0.00937848
0 0.74737 0.37084 0.0252858 0.0602671 0.00930597
54 0.748743 0.474144 0.0402764 0.0747972 0.00929371
11 0.0979277 0.441407 0.0138075 0.0281569 0.0092707
18 0.608092 0.382087 0.0476605 0.0534119 0.00925076
2 0.776555 0.119077 0.0135485 0.0159615 0.00920221
34 0.880187 0.512949 0.036689 0.0451858 0.00919692
43 0.816471 0.406094 0.0312122 0.0934696 0.00911976
20 0.824654 0.640709 0.025774 0.0400654 0.00894583
19 0.110359 0.514455 0.0563426 0.120353 0.0087788
10 0.659971 0.513513 0.0120956 0.0148542 0.008638
30 0.242291 0.257247 0.037301 0.0189484 0.00856604
10 0.496471 0.448706 0.00685034 0.0303037 0.00855799
27 0.539554 0.47544 0.0269797 0.0332831 0.0085575
30 0.444944 0.201623 0.163553 0.0440142 0.00851439
52 0.668864 0.509707 0.010679 0.0293067 0.00850704
10 0.480738 0.458376 0.0104111 0.0180856 0.00848279
34 0.0979277 0.441407 0.0138075 0.0281569 0.00847492
18 0.813212 0.371655 0.0260716 0.0304411 0.00843399
31 0.767499 0.381387 0.0288132 0.0228854 0.00831155
54 0.853653 0.647064 0.0233013 0.0280038 0.00830985
52 0.171378 0.467557 0.0100664 0.0422227 0.00820229
54 0.817317 0.619553 0.0397103 0.0368111 0.00817612
18 0.909803 0.525776 0.0535972 0.0721447 0.00810638
9 0.764518 0.551848 0.0185297 0.0568112 0.00807685
18 0.974881 0.702927 0.0502382 0.296322 0.00801606
9 0.831087 0.643105 0.0448293 0.0376007 0.00799555
43 0.922805 0.505606 0.109621 0.0861279 0.00798289
52 0.802844 0.613871 0.0311014 0.0307169 0.0079795
54 0.788231 0.555299 0.0276607 0.0264448 0.00794126
10 0.503061 0.506714 0.0199997 0.0231703 0.00792301
30 0.0719643 0.179903 0.0209264 0.0279795 0.00788551
34 0.0737277 0.442389 0.0433454 0.0729834 0.00784368
52 0.168909 0.478436 0.012953 0.036984 0.00782705
11 0.0960006 0.329705 0.0313356 0.0895622 0.00781368
0 0.206112 0.309111 0.0124975 0.0137376 0.00780642
11 0.763113 0.366757 0.038176 0.0399287 0.00776252
48 0.80271 0.60155 0.0298882 0.0149976 0.00774239
0 0.593987 0.414096 0.0460949 0.0810936 0.00773167
43 0.92836 0.513463 0.0580345 0.0717748 0.00765429
36 0.509127 0.383624 0.0117953 0.0241579 0.00763679
0 0.300688 0.348539 0.0151661 0.036089 0.00757831
20 0.802844 0.613871 0.0311014 0.0307169 0.00756511
11 0.168985 0.407626 0.0529667 0.132066 0.00756134
9 0.104166 0.521405 0.0561595 0.125823 0.00754986
30 0.521364 0.207523 0.0190859 0.030262 0.00751301
10 0.826095 0.6112 0.0447136 0.0467211 0.00746731
35 0.497282 0.358091 0.0439381 0.0766315 0.00744646
34 0.803813 0.587892 0.027285 0.0214727 0.00729921
18 0.532731 0.435799 0.0216968 0.0368581 0.00729268
11 0.760763 0.399342 0.0431828 0.0566018 0.00727569
0 0.82155 0.380711 0.0249468 0.0423982 0.0072619
