14 0.177631 0.268193 0.0910603 0.189572 0.946367
0 0.48379 0.516798 0.227868 0.542382 0.941381
0 0.0493738 0.604012 0.0987397 0.791976 0.91345
14 0.229936 0.295107 0.0886633 0.207098 0.908219
0 0.634093 0.209533 0.0390392 0.199005 0.882624
0 0.0707558 0.169822 0.0703696 0.163135 0.873986
0 0.747491 0.181781 0.0542169 0.232389 0.870456
0 0.558213 0.142385 0.0411824 0.159002 0.869574
0 0.783269 0.182105 0.0548411 0.226412 0.851724
0 0.304761 0.157251 0.0410002 0.174325 0.837061
0 0.227965 0.124565 0.0423504 0.136095 0.832222
0 0.457363 0.145769 0.0395317 0.184856 0.829154
0 0.171071 0.131108 0.0554395 0.0932132 0.822869
0 0.666941 0.190876 0.0487761 0.222226 0.809933
0 0.427857 0.172565 0.0389144 0.186125 0.786146
0 0.590117 0.107179 0.0259201 0.106046 0.746119
0 0.346948 0.153005 0.0327728 0.175564 0.728206
0 0.37609 0.161009 0.0519817 0.193087 0.711166
0 0.123055 0.155823 0.0419972 0.129955 0.699521
0 0.693234 0.170114 0.0298057 0.212345 0.679208
0 0.0492224 0.0870615 0.0286125 0.0814733 0.654461
0 0.411019 0.139395 0.0252209 0.17731 0.531328
18 0.555562 0.59129 0.341639 0.427875 0.46177
0 0.539283 0.10649 0.0202295 0.0955637 0.444444
0 0.152917 0.0829584 0.0188066 0.0626149 0.442325
0 0.327188 0.135159 0.0205549 0.125003 0.416855
0 0.518871 0.172455 0.0185329 0.0977054 0.412238
0 0.0151708 0.142439 0.027939 0.164438 0.406952
0 0.632357 0.110581 0.0345179 0.0524436 0.357966
10 0.47074 0.477638 0.0280572 0.0362465 0.333658
0 0.127405 0.0775303 0.0141091 0.0326049 0.304927
0 0.389682 0.0791747 0.0198391 0.0363458 0.303047
0 0.242048 0.106641 0.0191765 0.105093 0.28969
0 0.659068 0.0949854 0.0169655 0.0434396 0.286604
0 0.16552 0.0807188 0.0179722 0.044744 0.269425
0 0.390221 0.0914536 0.0211726 0.0615619 0.259313
0 0.109977 0.0928405 0.0148855 0.0573757 0.253989
0 0.0101148 0.125461 0.019732 0.135915 0.253114
0 0.115515 0.078496 0.0130245 0.0317986 0.25022
0 0.332133 0.139421 0.0206007 0.121004 0.245712
32 0.561396 0.605072 0.331726 0.404477 0.244226
0 0.162572 0.0867909 0.0158246 0.0633208 0.240099
0 0.362101 0.156387 0.0502477 0.188042 0.224251
11 0.620767 0.51084 0.0589373 0.171358 0.22236
0 0.497614 0.151318 0.0463159 0.161176 0.221029
9 0.428675 0.132651 0.0263487 0.04967 0.219685
0 0.37177 0.078818 0.0208225 0.0339682 0.217041
0 0.165661 0.0674426 0.0140672 0.0196846 0.20765
0 0.23521 0.114364 0.0270663 0.11877 0.197201
0 0.696236 0.201454 0.0246182 0.10256 0.196108
10 0.443976 0.480339 0.0213142 0.0405852 0.19591
0 0.784837 0.0954752 0.0267064 0.0588875 0.188578
0 0.181758 0.068326 0.0127041 0.0209792 0.17949
0 0.573921 0.0888895 0.0169036 0.0448358 0.166427
0 0.121074 0.0929956 0.0258085 0.0548037 0.163641
0 0.134108 0.0726608 0.0137588 0.0278863 0.162709
0 0.14874 0.0968494 0.0186646 0.071714 0.150577
0 0.130237 0.0900727 0.0243557 0.0542841 0.149942
0 0.572794 0.079428 0.0172164 0.0391898 0.147418
0 0.577427 0.105905 0.017013 0.0985394 0.145911
0 0.311747 0.147072 0.0277251 0.145078 0.145388
0 0.0271561 0.090135 0.0196147 0.0833658 0.145377
0 0.00899619 0.0989271 0.0170667 0.105005 0.144741
0 0.137673 0.0812829 0.0113888 0.0457709 0.133741
0 0.18378 0.0775068 0.016556 0.0402439 0.131833
0 0.218945 0.0708672 0.0259971 0.035124 0.131729
0 0.16486 0.0970616 0.0192915 0.0318448 0.128389
0 0.807283 0.0884894 0.0132653 0.0416393 0.128011
0 0.631892 0.125164 0.0346698 0.0858196 0.123354
10 0.462959 0.479059 0.0256705 0.0354969 0.119161
0 0.656123 0.10296 0.0242973 0.0529733 0.111534
0 0.329169 0.0860962 0.0144883 0.0253811 0.108363
0 0.0964047 0.0930851 0.0165215 0.0549587 0.108318
11 0.119815 0.157438 0.0424065 0.126827 0.0942749
0 0.389219 0.128591 0.0216897 0.140639 0.0939119
11 0.428675 0.132651 0.0263487 0.04967 0.0912423
0 0.248463 0.0889194 0.0157587 0.0659378 0.0909277
0 0.579343 0.0812382 0.0151386 0.0489271 0.0843837
17 0.455985 0.0621622 0.018933 0.017928 0.0806668
0 0.0870862 0.0811673 0.0127973 0.0363835 0.0757193
0 0.283153 0.151671 0.0134786 0.160363 0.0710941
0 0.668503 0.0929224 0.0232657 0.039225 0.0709125
0 0.52331 0.14707 0.0229665 0.14823 0.0683787
10 0.470189 0.467451 0.0235149 0.0300656 0.0651097
0 0.150555 0.0847681 0.0109254 0.0482429 0.0646936
0 0.0635915 0.14424 0.0530174 0.111695 0.0642869
9 0.619582 0.513311 0.059996 0.175352 0.0618586
14 0.112091 0.251622 0.0595747 0.0854937 0.0582057
0 0.116544 0.106761 0.0255737 0.0407076 0.0573898
0 0.645225 0.18431 0.0228854 0.140109 0.0567758
0 0.317865 0.137122 0.025616 0.127454 0.055462
0 0.0212586 0.0867354 0.0271397 0.0883249 0.0545255
0 0.109869 0.0759868 0.0135251 0.0342617 0.0540736
0 0.771576 0.0912307 0.0169948 0.0477968 0.0539426
0 0.723048 0.231316 0.024501 0.133366 0.0534588
17 0.16486 0.0970616 0.0192915 0.0318448 0.0530366
17 0.508816 0.298986 0.0892535 0.105212 0.0513639
0 0.707806 0.176008 0.0443513 0.225448 0.0512739
0 0.513224 0.14441 0.0261271 0.154583 0.0502651
0 0.602669 0.105817 0.0174851 0.0930064 0.0478146
0 0.482258 0.0789394 0.0134914 0.0337861 0.0473612
0 0.282309 0.129683 0.0107473 0.113519 0.0467697
51 0.47074 0.477638 0.0280572 0.0362465 0.0452949
10 0.423051 0.460628 0.0744382 0.0820563 0.0451375
0 0.152994 0.101919 0.0211958 0.0564987 0.0451052
10 0.430519 0.477307 0.045655 0.0497654 0.0446662
0 0.0075085 0.0673706 0.0148052 0.0485095 0.0434727
0 0.346947 0.0812101 0.0259032 0.0371424 0.0434123
0 0.208236 0.0914529 0.0369569 0.0716619 0.0382104
0 0.365184 0.0779625 0.0220383 0.0315883 0.0379321
32 0.705688 0.598541 0.200768 0.401272 0.0369919
0 0.204099 0.153716 0.0215455 0.0556468 0.0366228
11 0.662172 0.168209 0.0303412 0.0651954 0.0361661
0 0.676551 0.0873697 0.0125867 0.0426223 0.0361512
9 0.654463 0.182157 0.0250627 0.0348767 0.0356832
0 0.282194 0.10055 0.00936585 0.0624856 0.0346634
20 0.380493 0.501701 0.0108367 0.0215871 0.0343186
0 0.148499 0.119007 0.0194495 0.0534958 0.0332923
0 0.102066 0.0829458 0.0170498 0.0423481 0.0331682
9 0.645009 0.184894 0.0234258 0.125957 0.0319369
0 0.406983 0.182175 0.0247211 0.112567 0.0313211
9 0.427845 0.461126 0.0819982 0.0832328 0.0310347
14 0.498095 0.155027 0.0495542 0.174746 0.0305157
0 0.346796 0.182152 0.0263232 0.122374 0.0304131
11 0.427752 0.460824 0.0831416 0.0831987 0.030149
0 0.536967 0.086165 0.021363 0.0692225 0.0285464
0 0.480265 0.0877395 0.0186237 0.0386365 0.028539
0 0.397101 0.121765 0.0129063 0.117875 0.0277463
9 0.646869 0.217882 0.0249386 0.0690954 0.0274713
0 0.0707076 0.112837 0.0292479 0.0469317 0.0265552
0 0.134707 0.112575 0.0231184 0.0474479 0.0259225
0 0.244148 0.0845541 0.0189599 0.0532321 0.0256488
0 0.0156491 0.198371 0.0283833 0.0541095 0.0255874
20 0.405962 0.5136 0.0593773 0.0450169 0.0254554
17 0.219005 0.0673844 0.0240455 0.027465 0.0254055
0 0.175658 0.10404 0.0266949 0.0435033 0.0242325
0 0.214222 0.0665858 0.0179516 0.0229428 0.0241309
0 0.483683 0.0698773 0.0106031 0.0195385 0.0236543
0 0.607396 0.0999555 0.0213409 0.055685 0.0230664
0 0.627534 0.139122 0.028044 0.0815434 0.0230079
18 0.620261 0.509471 0.070145 0.16703 0.0228681
32 0.623198 0.613983 0.203134 0.386467 0.0215534
9 0.659978 0.171531 0.0311992 0.0530024 0.0214916
20 0.47074 0.477638 0.0280572 0.0362465 0.0210288
0 0.195373 0.0944777 0.0451287 0.0803222 0.020775
0 0.727945 0.185586 0.0199366 0.233619 0.0201486
42 0.61937 0.510156 0.05758 0.167107 0.0195824
0 0.195725 0.11802 0.0434627 0.0824433 0.0188418
0 0.0728192 0.105226 0.0226167 0.0333088 0.0187656
0 0.77517 0.189986 0.0263773 0.204044 0.0176328
0 0.774757 0.125664 0.0227668 0.101213 0.0176041
0 0.0665626 0.0798052 0.0185528 0.0459558 0.0174328
0 0.208372 0.107114 0.0459379 0.0995805 0.0171295
0 0.274391 0.140753 0.0210121 0.155221 0.0167328
9 0.469539 0.478108 0.0279758 0.0361931 0.0163485
0 0.571959 0.121945 0.0166083 0.112489 0.0162425
22 0.0130495 0.953328 0.0245356 0.0887416 0.015996
0 0.188491 0.0672609 0.0192288 0.0212489 0.0156971
0 0.325303 0.0943936 0.0159618 0.0439074 0.0155967
17 0.130237 0.0900727 0.0243557 0.0542841 0.0155022
18 0.674045 0.478666 0.241455 0.282482 0.0150903
17 0.175658 0.10404 0.0266949 0.0435033 0.015083
0 0.0954618 0.0728898 0.0141005 0.0279143 0.0149631
0 0.629521 0.157424 0.0285116 0.0516718 0.0148071
0 0.105045 0.122504 0.0216345 0.0388808 0.0143537
0 0.685124 0.184646 0.0240621 0.229598 0.0141434
0 0.421769 0.131428 0.0212347 0.0848899 0.0137169
0 0.533083 0.0602204 0.0213693 0.050646 0.0137159
0 0.100173 0.106769 0.023912 0.0603814 0.0136944
0 0.454948 0.0764441 0.0288391 0.0466884 0.0134373
11 0.105045 0.122504 0.0216345 0.0388808 0.0128614
17 0.454948 0.0764441 0.0288391 0.0466884 0.0127436
17 0.483683 0.0698773 0.0106031 0.0195385 0.0126731
0 0.445312 0.0853422 0.0143256 0.0332698 0.0123718
34 0.427845 0.461126 0.0819982 0.0832328 0.0123117
0 0.207755 0.143052 0.0292259 0.0809587 0.011779
0 0.595637 0.0981765 0.0153073 0.0519691 0.0115252
0 0.488383 0.144384 0.0286378 0.167728 0.0111186
0 0.411023 0.0640435 0.0192707 0.02791 0.0110328
0 0.146469 0.133096 0.0229242 0.0842749 0.0109981
9 0.421769 0.131428 0.0212347 0.0848899 0.010974
0 0.368891 0.0926031 0.0318476 0.0556642 0.0109676
17 0.390053 0.0749656 0.0175693 0.0334575 0.010461
9 0.446653 0.140601 0.0249417 0.131146 0.0099524
9 0.0930832 0.14638 0.0313155 0.0471859 0.00989808
0 0.00764867 0.0896076 0.0152973 0.0592483 0.00989277
0 0.30979 0.136099 0.02266 0.0740249 0.0098868
11 0.365189 0.125063 0.0394195 0.090687 0.00980545
10 0.47268 0.425055 0.0288004 0.0824831 0.00977184
10 0.471347 0.398488 0.0272112 0.0535027 0.00976104
0 0.203891 0.082675 0.0267071 0.0502535 0.00973453
17 0.131603 0.109606 0.0266755 0.0433337 0.00966804
0 0.272596 0.109473 0.0151942 0.116056 0.00947988
17 0.0735284 0.105803 0.0211213 0.0335839 0.00945849
9 0.0992747 0.132016 0.0230046 0.0284247 0.00931574
20 0.423149 0.477207 0.0474502 0.0517895 0.00919673
20 0.470189 0.467451 0.0235149 0.0300656 0.00914316
0 0.0163785 0.0770384 0.0263571 0.074343 0.00905124
0 0.275321 0.137856 0.0436614 0.146994 0.00891686
20 0.443976 0.480339 0.0213142 0.0405852 0.00891263
0 0.555663 0.0763854 0.022417 0.0252033 0.00884772
11 0.421769 0.131428 0.0212347 0.0848899 0.00863024
0 0.627044 0.0895854 0.0186047 0.0219598 0.00861553
0 0.0853873 0.073195 0.0108762 0.0329113 0.00855627
17 0.411023 0.0640435 0.0192707 0.02791 0.00844842
0 0.00600572 0.0500071 0.0120114 0.0185152 0.00831362
11 0.0930832 0.14638 0.0313155 0.0471859 0.00826366
17 0.30297 0.0817752 0.0144896 0.0241847 0.00819884
0 0.550689 0.0948329 0.0217335 0.0541334 0.00815849
17 0.181758 0.068326 0.0127041 0.0209792 0.00803315
0 0.0608959 0.115319 0.0477125 0.0502523 0.00801908
9 0.170351 0.131487 0.0554402 0.0908211 0.0079989
0 0.537274 0.0481281 0.0164408 0.0246599 0.00799496
11 0.384134 0.130085 0.0251236 0.0638899 0.00796859
0 0.398707 0.0893475 0.0189313 0.0412377 0.00795138
19 0.673338 0.541633 0.245708 0.413585 0.00786912
17 0.152975 0.0834399 0.0194489 0.0641422 0.00782632
18 0.324893 0.144633 0.0207973 0.108982 0.00750987
10 0.0130495 0.953328 0.0245356 0.0887416 0.00750945
0 0.215731 0.130974 0.04616 0.107486 0.00749224
17 0.16552 0.0807188 0.0179722 0.044744 0.00747635
0 0.268007 0.116655 0.0241239 0.109889 0.00745855
0 0.554015 0.594832 0.342997 0.420884 0.00745204
0 0.480621 0.134141 0.0247413 0.13449 0.00734248
0 0.00767795 0.141935 0.0153559 0.169051 0.00720296
0 0.0632977 0.0733771 0.0128016 0.0370476 0.00720021
9 0.665729 0.143441 0.041398 0.117887 0.00717279
17 0.37177 0.078818 0.0208225 0.0339682 0.00715762
0 0.242965 0.047363 0.0165352 0.0379182 0.00685948
0 0.530152 0.0749623 0.0282524 0.0650498 0.00664589
0 0.661064 0.111737 0.0324271 0.0719197 0.00654236
17 0.116544 0.106761 0.0255737 0.0407076 0.00653188
34 0.47074 0.477638 0.0280572 0.0362465 0.00649971
0 0.267908 0.0745532 0.0109048 0.0519635 0.00648738
11 0.244148 0.0845541 0.0189599 0.0532321 0.00647438
39 0.380063 0.500189 0.010532 0.0223212 0.00639899
0 0.648165 0.0989505 0.0172355 0.0409856 0.00637224
0 0.657623 0.170105 0.028069 0.174661 0.00631149
9 0.119815 0.157438 0.0424065 0.126827 0.00616201
0 0.29411 0.134326 0.0293326 0.0741689 0.00615476
20 0.471347 0.398488 0.0272112 0.0535027 0.00612572
0 0.536404 0.146115 0.0295639 0.144687 0.00611323
19 0.425261 0.571012 0.0935985 0.165239 0.00600371
9 0.0473702 0.779291 0.0935401 0.438305 0.00591204
37 0.518659 0.173287 0.0174424 0.0927904 0.00586153
0 0.782761 0.166059 0.0291905 0.192693 0.00577923
0 0.195598 0.159793 0.0151205 0.0367301 0.00563424
0 0.621939 0.0848666 0.0239409 0.0283834 0.00555042
11 0.64523 0.191345 0.0223662 0.0875722 0.00541845
11 0.595637 0.0981765 0.0153073 0.0519691 0.00540911
20 0.399632 0.497482 0.0454458 0.0322474 0.00539787
0 0.522855 0.0866378 0.0220237 0.0430171 0.00539266
0 0.732975 0.174163 0.0219144 0.214277 0.00537444
17 0.499379 0.0841606 0.0315527 0.0260544 0.00535927
0 0.694585 0.117199 0.0264519 0.105204 0.00533723
17 0.170763 0.130911 0.0554267 0.0911034 0.0052766
11 0.347169 0.0902433 0.0268713 0.0458413 0.00527438
20 0.384623 0.656809 0.0349603 0.0473021 0.00518651
17 0.121074 0.0929956 0.0258085 0.0548037 0.00518359
17 0.165661 0.0674426 0.0140672 0.0196846 0.00517859
9 0.105045 0.122504 0.0216345 0.0388808 0.00512419
10 0.621092 0.509165 0.0602069 0.167661 0.0050436
9 0.454389 0.143291 0.0354342 0.183809 0.00500735
0 0.640705 0.170093 0.0319864 0.102924 0.00498204
14 0.101125 0.246499 0.0402194 0.0684117 0.00486475
18 0.40209 0.575128 0.0542094 0.168448 0.00485536
17 0.0494964 0.087499 0.0299528 0.0824443 0.00482057
11 0.665729 0.143441 0.041398 0.117887 0.00481908
0 0.0915766 0.166111 0.033861 0.0850424 0.00479143
18 0.427792 0.461524 0.0818339 0.0847564 0.00474791
11 0.376862 0.127437 0.0375093 0.0904229 0.00474158
9 0.629864 0.183134 0.0247956 0.0645272 0.00469656
11 0.441149 0.102005 0.0145867 0.0438004 0.00467545
17 0.589804 0.109535 0.0212759 0.107423 0.00463724
46 0.621341 0.509262 0.0709022 0.16879 0.00463705
32 0.667152 0.482878 0.257162 0.295847 0.00463672
0 0.491891 0.0684723 0.0230916 0.0188234 0.00460981
9 0.430519 0.477307 0.045655 0.0497654 0.00458866
0 0.536768 0.0872635 0.0204655 0.117304 0.00454745
11 0.654463 0.182157 0.0250627 0.0348767 0.00454171
11 0.550689 0.0948329 0.0217335 0.0541334 0.00450545
18 0.0675276 0.225116 0.0481163 0.0557511 0.00440248
0 0.609453 0.0866067 0.0237654 0.0486878 0.00431572
0 0.281566 0.0732449 0.00833148 0.0286015 0.00430362
8 0.646869 0.217882 0.0249386 0.0690954 0.00430176
9 0.718823 0.199156 0.018647 0.0364601 0.00427667
0 0.611176 0.122803 0.0309072 0.087057 0.00426448
17 0.579248 0.0522562 0.0162966 0.0236477 0.00425452
0 0.646869 0.217882 0.0249386 0.0690954 0.00423718
17 0.659068 0.0949854 0.0169655 0.0434396 0.00422519
0 0.441149 0.102005 0.0145867 0.0438004 0.00417954
9 0.347169 0.0902433 0.0268713 0.0458413 0.00417289
0 0.0180037 0.297965 0.0360073 0.568285 0.00406149
11 0.693649 0.106943 0.0269644 0.0708795 0.00404551
10 0.384623 0.656809 0.0349603 0.0473021 0.00402122
9 0.416599 0.507376 0.0694535 0.0550787 0.00402105
0 0.632468 0.184093 0.033796 0.127276 0.00396715
0 0.620767 0.51084 0.0589373 0.171358 0.00395433
0 0.522648 0.107488 0.0174821 0.0642087 0.00394217
9 0.365189 0.125063 0.0394195 0.090687 0.00389051
