4 0.307572 0.922114 0.139801 0.153364 0.947634
4 0.532968 0.911359 0.130065 0.172145 0.940626
1 0.890909 0.623876 0.092128 0.301291 0.929477
4 0.149737 0.915577 0.0794375 0.110354 0.916739
4 0.423417 0.898828 0.0524113 0.0960107 0.889887
4 0.336974 0.886883 0.0972116 0.154012 0.878186
1 0.621909 0.734613 0.0435093 0.144347 0.872611
4 0.602552 0.889847 0.0479241 0.0708157 0.868814
1 0.504676 0.776177 0.0228799 0.0889728 0.866904
4 0.459834 0.905433 0.0586507 0.111277 0.846853
4 0.236801 0.905753 0.0502247 0.0811307 0.804855
2 0.402605 0.313482 0.0117653 0.0380371 0.65463
7 0.398753 0.663058 0.0102914 0.0509864 0.64497
0 0.0968056 0.89345 0.0117977 0.0523519 0.640958
7 0.427207 0.663527 0.0172714 0.020734 0.635535
7 0.0665904 0.464733 0.0332192 0.0406846 0.629767
7 0.124848 0.447738 0.0185136 0.0625654 0.525952
8 0.0794653 0.901928 0.018147 0.0327273 0.456613
6 0.0359918 0.87282 0.0680811 0.103891 0.430242
4 0.18545 0.880629 0.0179791 0.0378566 0.430121
2 0.723494 0.446958 0.0112305 0.0193827 0.414488
1 0.0665713 0.464503 0.0335686 0.0412806 0.410686
4 0.204739 0.882272 0.0202414 0.0383501 0.404873
4 0.214364 0.874342 0.0145547 0.0274577 0.399164
4 0.230658 0.879071 0.0235342 0.0331577 0.355099
2 0.322975 0.313585 0.00936169 0.0283628 0.340712
4 0.210546 0.880785 0.0194672 0.0401785 0.30463
4 0.39335 0.879031 0.0167971 0.0255446 0.278106
2 0.589043 0.612124 0.0102625 0.0227657 0.272409
4 0.393947 0.874089 0.0204006 0.0257473 0.259156
4 0.401318 0.871273 0.0119509 0.0231988 0.237837
14 0.00406203 0.907458 0.00812407 0.0423937 0.221904
4 0.225896 0.884025 0.0302528 0.0390533 0.216516
2 0.486352 0.318503 0.0104813 0.0297428 0.212559
1 0.811928 0.621936 0.0216808 0.0334829 0.178115
4 0.401484 0.882677 0.0118021 0.0409607 0.176918
7 0.455934 0.819888 0.00700491 0.0178646 0.173787
4 0.386515 0.87601 0.0142463 0.0286313 0.171179
4 0.116964 0.87553 0.0188504 0.0314223 0.168941
8 0.0966924 0.899128 0.0126822 0.0433058 0.150657
7 0.482322 0.691698 0.0125423 0.0288764 0.150428
4 0.330588 0.858169 0.0859668 0.0966858 0.133562
8 0.0930004 0.896023 0.0213743 0.0396651 0.131881
2 0.753957 0.630604 0.0110353 0.0172104 0.127616
2 0.660926 0.606881 0.0112224 0.0222141 0.127132
4 0.2375 0.869451 0.0154798 0.0139588 0.118724
2 0.586717 0.546719 0.0109572 0.019998 0.114341
2 0.635978 0.607282 0.00906793 0.0263913 0.106949
7 0.401501 0.799839 0.010148 0.0497491 0.104913
1 0.487383 0.829872 0.0122301 0.0238943 0.0995262
14 0.0235582 0.910703 0.0158798 0.0352247 0.0918001
1 0.00670729 0.837314 0.0130957 0.0219167 0.0882831
2 0.32189 0.318867 0.00915772 0.0309489 0.0865243
2 0.722684 0.425938 0.0151735 0.0596514 0.0849393
7 0.106816 0.464637 0.0159 0.0559824 0.0825702
1 0.489362 0.827846 0.00941373 0.0151681 0.0816151
4 0.253027 0.865871 0.0205205 0.0126904 0.0756613
2 0.616785 0.439083 0.0129723 0.0155174 0.07528
1 0.436782 0.785083 0.025063 0.0179487 0.0741332
2 0.633711 0.490494 0.00847479 0.0192894 0.0697135
1 0.388457 0.829504 0.0138496 0.0254991 0.0696088
4 0.376785 0.917576 0.023254 0.0873929 0.0671283
8 0.0852818 0.904375 0.0250765 0.0380168 0.0624561
4 0.122933 0.875571 0.0241845 0.0344478 0.0615628
4 0.795957 0.835447 0.0447231 0.0369721 0.0599698
1 0.690012 0.700369 0.026398 0.0504593 0.0588897
2 0.58735 0.617502 0.0122515 0.0175444 0.0577606
4 0.378701 0.882444 0.0149082 0.0231808 0.0567688
5 0.079772 0.90224 0.0191613 0.0324599 0.0528609
4 0.176696 0.880255 0.0227448 0.038009 0.0528405
7 0.00448987 0.471995 0.00897973 0.0632821 0.0527218
7 0.493584 0.687308 0.00687772 0.0267577 0.052267
0 0.0930004 0.896023 0.0213743 0.0396651 0.0520594
8 0.116867 0.879962 0.0204839 0.0344496 0.0511269
2 0.588841 0.541977 0.0111162 0.0245099 0.0508336
2 0.588665 0.634213 0.0103947 0.0227565 0.0499489
2 0.752947 0.634456 0.0104597 0.0207476 0.0494849
4 0.200692 0.885208 0.0208826 0.0343082 0.0484147
7 0.402269 0.787567 0.00888852 0.0373962 0.047836
4 0.37937 0.866466 0.0118277 0.0253706 0.0461605
2 0.194509 0.731423 0.00869951 0.0137017 0.0430289
1 0.444767 0.840066 0.00958194 0.0138623 0.0429366
2 0.726167 0.59239 0.0133406 0.0197965 0.0428013
0 0.378701 0.882444 0.0149082 0.0231808 0.0389185
8 0.113353 0.883716 0.0201081 0.0340468 0.0386223
2 0.510405 0.648599 0.00874988 0.0256739 0.0362732
1 0.316919 0.791759 0.00744403 0.0243344 0.0337682
2 0.685409 0.332337 0.0091889 0.016307 0.033199
0 0.00827262 0.90012 0.0144731 0.0532264 0.0331609
2 0.616436 0.432226 0.0106002 0.0214203 0.0315441
4 0.6967 0.887449 0.0172464 0.0307956 0.0307778
5 0.0371113 0.874169 0.0710175 0.103891 0.0306084
2 0.738887 0.645159 0.0111534 0.0111248 0.0298015
2 0.493584 0.687308 0.00687772 0.0267577 0.0295673
2 0.605608 0.494863 0.00934937 0.019103 0.0288547
7 0.0980322 0.467378 0.0202054 0.0551644 0.0281467
2 0.587058 0.641047 0.0117145 0.0138641 0.0276802
6 0.393947 0.874089 0.0204006 0.0257473 0.0275979
1 0.390273 0.835546 0.0166429 0.0217238 0.0267086
2 0.664404 0.492785 0.00949786 0.0185687 0.026653
2 0.71541 0.403842 0.0128941 0.0175955 0.0265796
4 0.113353 0.883716 0.0201081 0.0340468 0.0252274
1 0.482322 0.691698 0.0125423 0.0288764 0.0250313
1 0.315357 0.775818 0.0127337 0.0247718 0.024887
0 0.37937 0.866466 0.0118277 0.0253706 0.0245736
1 0.42335 0.822348 0.0101883 0.0244978 0.0243374
8 0.100494 0.899331 0.019162 0.0409007 0.0241048
5 0.116867 0.879962 0.0204839 0.0344496 0.0236063
0 0.214364 0.874342 0.0145547 0.0274577 0.0233284
14 0.0471334 0.906656 0.0319663 0.03351 0.0229814
4 0.401728 0.852859 0.0132044 0.0214947 0.0228881
8 0.6967 0.887449 0.0172464 0.0307956 0.0226895
7 0.120878 0.462386 0.0218906 0.0729176 0.0222566
4 0.0794653 0.901928 0.018147 0.0327273 0.0220073
2 0.271029 0.714478 0.00805035 0.00881483 0.0217168
2 0.769252 0.639497 0.0115905 0.0147263 0.0214084
2 0.738401 0.659721 0.0111086 0.0194256 0.0213466
0 0.00561287 0.906243 0.0112257 0.0453196 0.0207878
0 0.11782 0.875848 0.0185579 0.0303764 0.0207214
1 0.384814 0.826294 0.0188986 0.0326314 0.0206511
0 0.956752 0.886478 0.0155079 0.0260847 0.0201829
2 0.469626 0.739659 0.00579511 0.0133591 0.0201265
1 0.0113828 0.833095 0.0224071 0.0260715 0.0198677
2 0.498048 0.679851 0.0100086 0.0307555 0.0192013
1 0.32919 0.780423 0.0143192 0.0226583 0.018979
7 0.485484 0.827974 0.0119012 0.0221388 0.0188128
1 0.480486 0.700048 0.0116215 0.0329051 0.0186212
4 0.473637 0.846179 0.0133842 0.0129863 0.0185215
1 0.376318 0.853052 0.0118818 0.020752 0.0184695
2 0.729464 0.646169 0.0159298 0.0181689 0.0181684
1 0.422407 0.806349 0.0105926 0.0262299 0.0180622
1 0.427207 0.663527 0.0172714 0.020734 0.0180485
2 0.615207 0.602771 0.0105071 0.0155403 0.0180259
4 0.183846 0.891945 0.0129392 0.0431824 0.0178581
2 0.726563 0.58664 0.0145682 0.0269285 0.0177405
1 0.519914 0.779502 0.0132523 0.0911474 0.0176268
2 0.688526 0.332142 0.0121011 0.0158556 0.016646
1 0.455934 0.819888 0.00700491 0.0178646 0.0162885
8 0.695998 0.897463 0.0200016 0.0478793 0.0161808
2 0.545895 0.643403 0.00958557 0.0187217 0.0156984
2 0.63516 0.481782 0.0105146 0.0128952 0.015501
7 0.489999 0.709415 0.00962448 0.0207753 0.0153595
4 0.47001 0.864755 0.0384883 0.0325182 0.0153111
4 0.243975 0.888001 0.0307753 0.056702 0.0152757
2 0.203396 0.715665 0.00933485 0.0102163 0.0152738
7 0.480486 0.700048 0.0116215 0.0329051 0.0152559
22 0.0235582 0.910703 0.0158798 0.0352247 0.0148029
1 0.0939701 0.465772 0.0263499 0.0539971 0.0145274
4 0.477577 0.847068 0.012375 0.0117123 0.0140351
4 0.0930004 0.896023 0.0213743 0.0396651 0.0137639
7 0.81398 0.79012 0.0126266 0.0884938 0.0135873
22 0.00406203 0.907458 0.00812407 0.0423937 0.0134878
2 0.196428 0.717983 0.0111708 0.0143726 0.0133279
0 0.0201562 0.904701 0.0191161 0.045679 0.0133275
1 0.400967 0.817478 0.0113589 0.0305622 0.0131434
2 0.726685 0.624188 0.0130098 0.0316232 0.0125657
6 0.39335 0.879031 0.0167971 0.0255446 0.0125374
0 0.0257878 0.905027 0.0134954 0.0437931 0.0123947
2 0.272787 0.728157 0.0103407 0.0140935 0.0123455
4 0.37563 0.871041 0.0141911 0.0560298 0.0123403
1 0.439912 0.839331 0.0125381 0.0168491 0.0122244
8 0.115916 0.899497 0.0137389 0.0425593 0.0119641
2 0.482827 0.696357 0.0130421 0.0316237 0.0114827
2 0.736197 0.654797 0.0116563 0.0181903 0.0112882
2 0.65109 0.491777 0.0105506 0.0181711 0.0112345
32 0.0471334 0.906656 0.0319663 0.03351 0.0111832
1 0.481721 0.811254 0.00962753 0.0242686 0.011158
7 0.513281 0.657954 0.0112169 0.0384714 0.0111569
2 0.201288 0.728843 0.0113053 0.0114144 0.0110142
1 0.500179 0.807379 0.0153862 0.0366869 0.0109123
0 0.113353 0.883716 0.0201081 0.0340468 0.010828
2 0.428767 0.664171 0.0188381 0.0207857 0.0106528
4 0.395616 0.895034 0.015407 0.0419323 0.0105521
4 0.422847 0.847157 0.0133623 0.0142981 0.0104543
6 0.37937 0.866466 0.0118277 0.0253706 0.0104306
2 0.576487 0.495665 0.0106666 0.0179612 0.0102572
1 0.425924 0.815514 0.0107941 0.0277641 0.0101865
1 0.146654 0.851084 0.00789279 0.0219011 0.010177
0 0.122933 0.875571 0.0241845 0.0344478 0.0101725
4 0.133386 0.874433 0.025176 0.0336222 0.010063
8 0.733221 0.909798 0.00979602 0.0210307 0.0100232
1 0.327863 0.791245 0.0107386 0.0238778 0.00997235
7 0.481721 0.811254 0.00962753 0.0242686 0.00988954
7 0.425924 0.815514 0.0107941 0.0277641 0.00977272
4 0.826331 0.838884 0.0173145 0.0249686 0.00968006
3 0.0761839 0.901274 0.0257152 0.0337943 0.00959333
1 0.309326 0.775121 0.00691214 0.0207662 0.00943739
2 0.509897 0.629084 0.00792874 0.0180536 0.00943627
2 0.633287 0.426633 0.00996283 0.0205264 0.00937712
2 0.257708 0.709485 0.0102803 0.00985379 0.0092853
1 0.478167 0.728706 0.00848511 0.0242984 0.00926879
5 0.113952 0.874105 0.0181506 0.0269843 0.00921262
3 0.100494 0.899331 0.019162 0.0409007 0.00919833
1 0.00500042 0.47212 0.00981151 0.0644945 0.00912171
1 0.442437 0.830386 0.00473538 0.0163574 0.00905156
4 0.0201562 0.904701 0.0191161 0.045679 0.00902769
4 0.249653 0.917533 0.0305202 0.109642 0.00896667
7 0.510452 0.660829 0.0109394 0.0258409 0.00896099
2 0.512118 0.653234 0.00830554 0.0409755 0.0089049
22 0.733221 0.909798 0.00979602 0.0210307 0.00887691
0 0.113952 0.874105 0.0181506 0.0269843 0.00884195
4 0.244669 0.85492 0.0134756 0.0217936 0.00881924
2 0.510452 0.660829 0.0109394 0.0258409 0.00877668
2 0.402988 0.301554 0.0114958 0.0253418 0.00844167
2 0.29113 0.715065 0.00713043 0.0118391 0.00839005
8 0.204739 0.882272 0.0202414 0.0383501 0.00838682
8 0.113952 0.874105 0.0181506 0.0269843 0.00837711
2 0.00500042 0.47212 0.00981151 0.0644945 0.00825444
2 0.26168 0.705739 0.00824094 0.0173472 0.00821763
1 0.222145 0.81468 0.0277228 0.0396776 0.0081877
3 0.0930004 0.896023 0.0213743 0.0396651 0.00810349
18 0.00406203 0.907458 0.00812407 0.0423937 0.00798743
2 0.207646 0.604598 0.0119728 0.0346114 0.00793371
0 0.204039 0.881862 0.0178839 0.0391493 0.00790424
7 0.42335 0.822348 0.0101883 0.0244978 0.00787188
4 0.431683 0.844407 0.0184471 0.0144641 0.00785397
4 0.489544 0.845274 0.0113546 0.0205417 0.00776097
7 0.702585 0.77333 0.0079986 0.0270418 0.00774661
5 0.113353 0.883716 0.0201081 0.0340468 0.00765534
3 0.0852818 0.904375 0.0250765 0.0380168 0.00765382
5 0.185562 0.881527 0.0164645 0.0383638 0.00761833
0 0.6967 0.887449 0.0172464 0.0307956 0.0075808
4 0.164544 0.875022 0.0283411 0.0304399 0.00754953
1 0.309151 0.788706 0.0130679 0.0445043 0.00750027
2 0.764387 0.628782 0.0121655 0.0166012 0.00747977
0 0.695998 0.897463 0.0200016 0.0478793 0.00739818
6 0.401318 0.871273 0.0119509 0.0231988 0.00735582
2 0.725033 0.619826 0.0128862 0.0239 0.00729015
1 0.814252 0.784347 0.0145466 0.0760525 0.00727036
2 0.614316 0.605824 0.0139664 0.022432 0.00725834
1 0.426241 0.809247 0.0104717 0.0264224 0.00720668
2 0.46119 0.73955 0.0102463 0.0126053 0.00719831
0 0.0761839 0.901274 0.0257152 0.0337943 0.00716384
6 0.487383 0.829872 0.0122301 0.0238943 0.0071213
4 0.69805 0.877969 0.0137169 0.0229167 0.00704116
7 0.472001 0.832112 0.00718747 0.0208971 0.00702056
1 0.431683 0.844407 0.0184471 0.0144641 0.00694217
4 0.354705 0.894877 0.0657035 0.135666 0.00691447
2 0.658081 0.664141 0.0073559 0.0166811 0.00682146
1 0.401728 0.852859 0.0132044 0.0214947 0.00681223
23 0.0263463 0.910183 0.0129497 0.0357059 0.00666214
8 0.956752 0.886478 0.0155079 0.0260847 0.00664142
14 0.0257878 0.905027 0.0134954 0.0437931 0.00662507
7 0.464643 0.741486 0.00891989 0.00978765 0.00660295
7 0.442437 0.830386 0.00473538 0.0163574 0.00660117
1 0.489544 0.845274 0.0113546 0.0205417 0.00651979
7 0.400967 0.817478 0.0113589 0.0305622 0.00649759
7 0.422407 0.806349 0.0105926 0.0262299 0.0063954
3 0.0966924 0.899128 0.0126822 0.0433058 0.00638787
2 0.540163 0.650721 0.00927069 0.0177056 0.00637411
0 0.173259 0.879544 0.0206602 0.0392495 0.00636342
6 0.18545 0.880629 0.0179791 0.0378566 0.00627492
8 0.0201562 0.904701 0.0191161 0.045679 0.00624086
1 0.473637 0.846179 0.0133842 0.0129863 0.00611543
19 0.0471334 0.906656 0.0319663 0.03351 0.00608367
1 0.472001 0.832112 0.00718747 0.0208971 0.0059977
7 0.0814075 0.464288 0.0272318 0.0419423 0.00594437
2 0.594689 0.492826 0.00745074 0.0158673 0.00589568
2 0.811928 0.621936 0.0216808 0.0334829 0.00589512
8 0.185562 0.881527 0.0164645 0.0383638 0.00588834
2 0.747194 0.631267 0.0176113 0.0198834 0.00587205
2 0.718939 0.427434 0.0210851 0.0512689 0.00584978
2 0.63652 0.539126 0.0107404 0.0268354 0.00583744
2 0.587991 0.556473 0.00787622 0.0234169 0.00583509
1 0.449572 0.815338 0.011117 0.0165334 0.00580704
2 0.480486 0.700048 0.0116215 0.0329051 0.00579436
1 0.411604 0.836345 0.0101116 0.0198829 0.00568641
2 0.782535 0.640015 0.0150145 0.015449 0.00568149
7 0.753957 0.630604 0.0110353 0.0172104 0.00562206
0 0.121726 0.8557 0.0140701 0.023565 0.00559581
22 0.0233016 0.920625 0.012942 0.0261227 0.00558536
2 0.24922 0.713956 0.0116781 0.00852186 0.00556212
2 0.634747 0.437242 0.013088 0.0237723 0.00546974
0 0.444767 0.840066 0.00958194 0.0138623 0.00544786
7 0.489362 0.827846 0.00941373 0.0151681 0.00544754
23 0.733221 0.909798 0.00979602 0.0210307 0.0054278
1 0.518682 0.7858 0.00954126 0.0750634 0.00540566
2 0.251834 0.696981 0.0101437 0.0169949 0.00540218
4 0.121726 0.8557 0.0140701 0.023565 0.00539378
7 0.309151 0.788706 0.0130679 0.0445043 0.00538481
1 0.477577 0.847068 0.012375 0.0117123 0.00537143
2 0.247499 0.606337 0.0136824 0.0148403 0.00531851
4 0.00561287 0.906243 0.0112257 0.0453196 0.00530912
1 0.376938 0.802927 0.0132736 0.0466324 0.00528973
2 0.735596 0.66147 0.0115885 0.0220175 0.00528337
4 0.828599 0.830311 0.0154406 0.0272624 0.0052752
1 0.401501 0.799839 0.010148 0.0497491 0.00527223
7 0.309326 0.775121 0.00691214 0.0207662 0.00527082
6 0.401728 0.852859 0.0132044 0.0214947 0.00524356
0 0.0235582 0.910703 0.0158798 0.0352247 0.00523943
2 0.713533 0.386346 0.0151242 0.0330773 0.00523417
2 0.665746 0.488094 0.0118437 0.0217056 0.0051743
1 0.422847 0.847157 0.0133623 0.0142981 0.0050484
4 0.231175 0.854868 0.00959062 0.0239295 0.00495941
8 0.00406203 0.907458 0.00812407 0.0423937 0.0049184
1 0.602388 0.805592 0.0103333 0.0298587 0.00490623
8 0.200692 0.885208 0.0208826 0.0343082 0.00485393
4 0.453541 0.847048 0.00750772 0.0110297 0.00479478
0 0.185562 0.881527 0.0164645 0.0383638 0.00478631
2 0.251258 0.602474 0.0111605 0.0135291 0.00477298
