46 0.45931 0.839873 0.204924 0.258475 0.930913
30 0.530699 0.28642 0.0833268 0.142384 0.590645
17 0.530782 0.286034 0.0839174 0.141857 0.256123
18 0.478937 0.742972 0.420697 0.508013 0.139322
46 0.32552 0.623125 0.041444 0.208574 0.0679361
10 0.580393 0.0356956 0.0230488 0.0710833 0.0429942
10 0.531327 0.286211 0.0827186 0.140601 0.0359303
30 0.569022 0.326816 0.159716 0.219835 0.016028
43 0.478851 0.743189 0.418885 0.513621 0.0117867
55 0.638235 0.0415663 0.0955327 0.0821755 0.0115353
2 0.531283 0.287676 0.0830759 0.138071 0.0113108
55 0.531327 0.286211 0.0827186 0.140601 0.0108362
10 0.593262 0.0391199 0.0478865 0.0772769 0.00888385
46 0.424243 0.774912 0.145018 0.114612 0.00571058
19 0.669398 0.622982 0.112521 0.466997 0.00494575
46 0.537489 0.626137 0.12986 0.267739 0.00400073
49 0.530859 0.286532 0.0833314 0.140943 0.00374071
30 0.669398 0.622982 0.112521 0.466997 0.00333845
46 0.649123 0.922098 0.0713502 0.153326 0.00311247
10 0.989409 0.281274 0.0195801 0.0979443 0.00292146
36 0.531327 0.286211 0.0827186 0.140601 0.00166019
60 0.325266 0.623461 0.0423748 0.209218 0.00160096
46 0.429452 0.910522 0.307029 0.175016 0.00152435
2 0.994234 0.391929 0.0084527 0.0257087 0.00134878
30 0.586965 0.512981 0.274969 0.843506 0.00124177
10 0.994234 0.391929 0.0084527 0.0257087 0.00122285
30 0.601768 0.25594 0.263346 0.20445 0.00118785
45 0.669398 0.622982 0.112521 0.466997 0.00114637
