4 0.66312 0.654244 0.111496 0.122019 0.90751
6 0.896695 0.58287 0.196183 0.207901 0.892066
4 0.961511 0.725628 0.0742117 0.262258 0.885274
4 0.524879 0.649625 0.0657136 0.0742891 0.879267
1 0.678022 0.502346 0.0421863 0.11717 0.853022
1 0.236682 0.603916 0.012666 0.0330605 0.542072
4 0.957652 0.624438 0.0805093 0.16154 0.141601
1 0.679033 0.39741 0.0498957 0.312931 0.0984026
4 0.370602 0.639493 0.0363508 0.0371874 0.0947192
7 0.0391399 0.579505 0.0110303 0.0524401 0.0532709
4 0.605766 0.662022 0.0216253 0.0446772 0.0350101
4 0.598219 0.66168 0.0198036 0.0370939 0.0309636
1 0.567315 0.360868 0.0194323 0.0331475 0.023671
6 0.957652 0.624438 0.0805093 0.16154 0.0189659
4 0.249369 0.645981 0.0205227 0.0243063 0.0182769
1 0.317556 0.571468 0.0199305 0.0672133 0.0126988
1 0.768019 0.537497 0.0205219 0.0573012 0.0107426
7 0.0359091 0.574307 0.0107186 0.0656056 0.010331
7 0.0567387 0.583198 0.0121498 0.0347967 0.0100704
1 0.021675 0.57347 0.0272628 0.0680472 0.00655099
4 0.613175 0.658363 0.0163338 0.0519615 0.00541332
1 0.569954 0.354403 0.0165799 0.0308663 0.00537596
1 0.679543 0.403747 0.0461401 0.0879046 0.00497777
2 0.688656 0.253655 0.0149259 0.0187752 0.00462136
4 0.563357 0.66107 0.0149303 0.0275066 0.00443604
4 0.593021 0.66128 0.0219915 0.0328788 0.00404562
2 0.694938 0.261385 0.0215904 0.031998 0.00353353
4 0.409543 0.652934 0.0179261 0.0231931 0.0032983
2 0.696313 0.300466 0.0197899 0.0233968 0.00308649
1 0.279026 0.582839 0.0215108 0.0594705 0.00307753
12 0.236682 0.603916 0.012666 0.0330605 0.00303942
4 0.559452 0.659323 0.012299 0.0342299 0.00283541
1 0.0511357 0.575314 0.0388362 0.0570241 0.00271232
4 0.578792 0.660539 0.0216133 0.0290562 0.00250376
4 0.897128 0.58361 0.195865 0.210854 0.00250243
1 0.210735 0.625512 0.0113031 0.0249395 0.00240226
1 0.0375691 0.574486 0.0114288 0.0628406 0.00239673
7 0.0526559 0.57959 0.0254398 0.0507228 0.00237984
1 0.163058 0.515673 0.0316489 0.0151015 0.00237074
1 0.589105 0.351542 0.0282457 0.0575611 0.00223362
1 0.0315255 0.573662 0.0134368 0.0674031 0.00210758
4 0.344099 0.634394 0.0229852 0.0321719 0.00209448
14 0.409543 0.652934 0.0179261 0.0231931 0.00188243
4 0.347552 0.613958 0.013291 0.0213878 0.00185604
4 0.212103 0.625859 0.0153875 0.0275053 0.00183474
1 0.223814 0.605206 0.0141481 0.025816 0.00182791
4 0.358343 0.630164 0.0194471 0.0365295 0.00173853
1 0.255264 0.546929 0.0724047 0.0857933 0.00163779
4 0.863649 0.663041 0.119446 0.0672804 0.00160528
1 0.76585 0.328457 0.0190435 0.0547069 0.00154198
14 0.183385 0.638785 0.012718 0.0245656 0.0015309
8 0.563357 0.66107 0.0149303 0.0275066 0.00152794
7 0.0433121 0.571361 0.0200377 0.0700425 0.00152653
4 0.0624285 0.636388 0.0655023 0.0676032 0.00150261
1 0.393075 0.555812 0.0225039 0.0809669 0.00147938
4 0.894044 0.664944 0.0560878 0.062008 0.00134406
4 0.381236 0.641698 0.0438931 0.0339081 0.00124634
1 0.346711 0.616183 0.0140473 0.018914 0.00122343
4 0.562756 0.653164 0.0181943 0.0428561 0.00120461
4 0.0530596 0.636776 0.0441061 0.057331 0.00118734
4 0.211757 0.633835 0.0183507 0.0353828 0.00107977
2 0.687316 0.260313 0.0189465 0.0312635 0.00101849
0 0.210735 0.625512 0.0113031 0.0249395 0.00101774
22 0.733708 0.666681 0.0162649 0.0753916 0.00100589
