48 0.699518 0.770146 0.0749691 0.0613256 0.958822
50 0.47589 0.754432 0.328079 0.133234 0.924808
31 0.388013 0.39429 0.38449 0.469122 0.78044
30 0.395342 0.109354 0.0588611 0.119814 0.0669903
48 0.477846 0.586727 0.0679923 0.064164 0.0525675
19 0.509115 0.728535 0.649799 0.542109 0.0473625
31 0.0677406 0.716719 0.135209 0.379518 0.0420638
49 0.395342 0.109354 0.0588611 0.119814 0.0405362
51 0.474969 0.662529 0.100597 0.0796948 0.0303754
50 0.375851 0.655545 0.135347 0.146703 0.0219753
55 0.553414 0.0196703 0.0494448 0.0393406 0.0206037
30 0.11341 0.135202 0.0306458 0.0160913 0.0183201
10 0.123589 0.0262017 0.0258422 0.0342558 0.013191
18 0.463201 0.121262 0.0475536 0.0985795 0.0124806
36 0.226014 0.122218 0.0387656 0.0720475 0.0101056
48 0.410469 0.70169 0.0354371 0.0184069 0.00976933
50 0.373727 0.673089 0.126092 0.0878212 0.00920797
30 0.55411 0.0192272 0.049179 0.0370616 0.00750669
55 0.588706 0.0190824 0.0225139 0.0381649 0.00749421
30 0.533327 0.0549652 0.0141376 0.0361725 0.00717585
50 0.413074 0.672304 0.205147 0.121319 0.00715201
30 0.123649 0.0272024 0.0255501 0.0325374 0.00705554
19 0.473201 0.574672 0.946403 0.850656 0.00686383
30 0.114406 0.126672 0.0328363 0.0269417 0.00644536
48 0.451661 0.593327 0.0704746 0.0474676 0.0064383
50 0.360832 0.627942 0.15365 0.194843 0.00597189
44 0.396011 0.110137 0.0575056 0.118407 0.00461797
30 0.197268 0.0947357 0.116229 0.119766 0.00448305
33 0.698713 0.769591 0.0739346 0.063735 0.00444652
7 0.0638005 0.71387 0.12715 0.380907 0.00444007
55 0.0303848 0.0684025 0.059721 0.135195 0.00443723
34 0.410469 0.70169 0.0354371 0.0184069 0.0043043
27 0.123649 0.0272024 0.0255501 0.0325374 0.00428534
50 0.371796 0.640277 0.120076 0.0973561 0.00387412
19 0.472815 0.139947 0.0611615 0.0679529 0.00318813
30 0.54596 0.0566745 0.0144421 0.0286221 0.00307966
49 0.210241 0.0959012 0.0877841 0.0964888 0.00299648
8 0.699038 0.769607 0.0735538 0.0631145 0.0029697
55 0.395342 0.109354 0.0588611 0.119814 0.00289308
55 0.0607882 0.0477725 0.0625336 0.0932146 0.00285861
48 0.464371 0.625191 0.0658563 0.0260221 0.00284431
34 0.376177 0.596275 0.0944424 0.131544 0.00275938
18 0.385071 0.109451 0.0810812 0.12279 0.00274977
19 0.625198 0.470767 0.102922 0.163673 0.00268543
49 0.23209 0.123134 0.0306943 0.0714302 0.00258082
18 0.301959 0.11288 0.0506703 0.101849 0.00247175
31 0.624813 0.471936 0.102173 0.162877 0.00237433
54 0.374634 0.678939 0.134767 0.102859 0.00235157
2 0.533327 0.0549652 0.0141376 0.0361725 0.00218656
18 0.471867 0.134826 0.0614336 0.0821584 0.00216417
56 0.123589 0.0262017 0.0258422 0.0342558 0.00209706
30 0.551453 0.0576367 0.0127369 0.0288438 0.00205705
49 0.301722 0.116853 0.0499561 0.0934198 0.00203524
31 0.00986095 0.63343 0.0197219 0.090031 0.00198694
48 0.485842 0.594882 0.0555433 0.052865 0.00195744
19 0.662364 0.452159 0.178232 0.218777 0.00188527
49 0.198514 0.09549 0.114388 0.124679 0.00186015
60 0.0662349 0.717152 0.131993 0.373739 0.00181908
48 0.46016 0.576816 0.0891672 0.0576771 0.00171744
49 0.234341 0.105898 0.039166 0.106496 0.00171385
30 0.23209 0.123134 0.0306943 0.0714302 0.00167495
34 0.38911 0.635752 0.0930725 0.121236 0.00163483
30 0.140369 0.121898 0.0204014 0.0326673 0.00158876
2 0.698713 0.769591 0.0739346 0.063735 0.00157849
52 0.641907 0.534336 0.0301426 0.0479201 0.00155796
60 0.698713 0.769591 0.0739346 0.063735 0.00152773
24 0.775632 0.612422 0.420908 0.737446 0.00149043
19 0.382153 0.0892897 0.184014 0.156728 0.00148844
52 0.538352 0.714002 0.0275076 0.0419725 0.00143166
10 0.641701 0.534688 0.0312592 0.0501838 0.00140339
52 0.479414 0.592669 0.0663803 0.0559029 0.00134219
50 0.414185 0.633095 0.223145 0.178592 0.00126151
34 0.42434 0.613616 0.020259 0.0640914 0.00122231
45 0.123589 0.0262017 0.0258422 0.0342558 0.00122108
56 0.11341 0.135202 0.0306458 0.0160913 0.00117745
48 0.473592 0.565093 0.060324 0.0741308 0.00117571
27 0.11341 0.135202 0.0306458 0.0160913 0.00114603
10 0.112908 0.13839 0.0299766 0.0230942 0.00114317
46 0.0677406 0.716719 0.135209 0.379518 0.00113722
10 0.385071 0.109451 0.0810812 0.12279 0.00111694
52 0.56691 0.71272 0.0495594 0.0415268 0.0011147
34 0.698637 0.770794 0.0744133 0.0616523 0.00110667
30 0.234341 0.105898 0.039166 0.106496 0.00106786
30 0.54695 0.0425881 0.0280786 0.0165988 0.00104269
52 0.526447 0.716294 0.0392802 0.0468942 0.00101972
52 0.410469 0.70169 0.0354371 0.0184069 0.00101929
49 0.462553 0.122193 0.0488254 0.0981562 0.00100589
