6 0.325261 0.677151 0.161562 0.107739 0.926334
4 0.958615 0.694081 0.0606221 0.0391308 0.731371
4 0.804904 0.669336 0.0287671 0.0153571 0.528866
7 0.888653 0.591589 0.00586267 0.0205425 0.265161
7 0.890678 0.597216 0.00599963 0.0216592 0.162219
7 0.890141 0.591831 0.00590588 0.0190863 0.139626
1 0.888653 0.591589 0.00586267 0.0205425 0.058289
1 0.890141 0.591831 0.00590588 0.0190863 0.0454375
4 0.971553 0.687326 0.0504521 0.0251794 0.0274374
4 0.987916 0.661752 0.0200904 0.0142971 0.0232534
1 0.590209 0.563303 0.00709106 0.011985 0.0164596
4 0.98319 0.667984 0.0282263 0.0178872 0.0157704
6 0.959296 0.693557 0.0629478 0.0404224 0.0151265
1 0.476459 0.697347 0.0168203 0.0322875 0.0140661
1 0.885937 0.658617 0.0115405 0.0176445 0.0116775
7 0.885556 0.589745 0.0104602 0.016656 0.0108935
1 0.890678 0.597216 0.00599963 0.0216592 0.010814
0 0.885937 0.658617 0.0115405 0.0176445 0.0107891
0 0.890141 0.591831 0.00590588 0.0190863 0.0107383
5 0.896594 0.654552 0.0305475 0.0307683 0.0105205
4 0.896594 0.654552 0.0305475 0.0307683 0.010043
4 0.885937 0.658617 0.0115405 0.0176445 0.00894445
7 0.885937 0.658617 0.0115405 0.0176445 0.0082283
22 0.890141 0.591831 0.00590588 0.0190863 0.0080942
1 0.851137 0.627637 0.00886194 0.0162636 0.00796442
4 0.90268 0.644278 0.0182038 0.0303575 0.00755216
4 0.891447 0.65694 0.0202554 0.0243023 0.00733536
6 0.896594 0.654552 0.0305475 0.0307683 0.00673363
5 0.90268 0.644278 0.0182038 0.0303575 0.00671855
8 0.885937 0.658617 0.0115405 0.0176445 0.00631714
5 0.891447 0.65694 0.0202554 0.0243023 0.00625158
1 0.850666 0.63333 0.00991064 0.0211925 0.00609319
14 0.579419 0.609062 0.0112598 0.0336049 0.00582277
1 0.0568724 0.692627 0.00813308 0.011956 0.00529142
4 0.895015 0.660244 0.0278662 0.025143 0.00516883
5 0.885937 0.658617 0.0115405 0.0176445 0.00512971
7 0.890966 0.546337 0.00761542 0.0177882 0.00508444
4 0.824516 0.663626 0.0133943 0.0157837 0.00487348
1 0.675573 0.624461 0.0109776 0.0165805 0.00475592
0 0.890678 0.597216 0.00599963 0.0216592 0.00463508
7 0.885386 0.597364 0.0101556 0.0188091 0.00443179
22 0.890678 0.597216 0.00599963 0.0216592 0.00429154
8 0.890678 0.597216 0.00599963 0.0216592 0.00414135
5 0.890678 0.597216 0.00599963 0.0216592 0.00385689
1 0.885556 0.589745 0.0104602 0.016656 0.00365978
0 0.351636 0.639113 0.00865939 0.0180795 0.00360092
4 0.907512 0.631651 0.0103699 0.0189399 0.00359285
6 0.903986 0.666521 0.0487679 0.0253589 0.00353184
4 0.814051 0.671391 0.0350269 0.0174852 0.00347882
0 0.348406 0.639109 0.0125259 0.0176433 0.00332317
1 0.847523 0.633866 0.00977008 0.0183437 0.00318217
4 0.984055 0.675637 0.0226664 0.0197837 0.00296233
4 0.903986 0.666521 0.0487679 0.0253589 0.00295853
0 0.885556 0.589745 0.0104602 0.016656 0.00295051
1 0.890966 0.546337 0.00761542 0.0177882 0.00277543
14 0.752854 0.644568 0.00919116 0.0137325 0.0027286
8 0.90268 0.644278 0.0182038 0.0303575 0.00267548
4 0.987979 0.650292 0.019064 0.0212631 0.00259254
1 0.820222 0.570119 0.00614069 0.0165145 0.00244004
8 0.891447 0.65694 0.0202554 0.0243023 0.0024335
6 0.891447 0.65694 0.0202554 0.0243023 0.00239881
4 0.740549 0.645359 0.0309657 0.0117245 0.00239699
0 0.475555 0.697267 0.0169144 0.0322965 0.00239321
6 0.987916 0.661752 0.0200904 0.0142971 0.00235551
5 0.907512 0.631651 0.0103699 0.0189399 0.00234407
5 0.957983 0.694022 0.0599796 0.0402928 0.00232866
6 0.90268 0.644278 0.0182038 0.0303575 0.00222774
4 0.804457 0.682674 0.0312304 0.0319135 0.00212067
0 0.90268 0.644278 0.0182038 0.0303575 0.0021178
7 0.891447 0.65694 0.0202554 0.0243023 0.00204339
23 0.579419 0.609062 0.0112598 0.0336049 0.00203719
7 0.851137 0.627637 0.00886194 0.0162636 0.00197235
7 0.847636 0.630788 0.00985925 0.0170215 0.00196891
0 0.579419 0.609062 0.0112598 0.0336049 0.00196414
8 0.890141 0.591831 0.00590588 0.0190863 0.0018714
4 0.889679 0.62148 0.00798663 0.00883796 0.00184625
1 0.752854 0.644568 0.00919116 0.0137325 0.001793
8 0.896594 0.654552 0.0305475 0.0307683 0.00176483
2 0.888653 0.591589 0.00586267 0.0205425 0.00174801
7 0.868813 0.679911 0.0178854 0.0205959 0.00167609
1 0.891447 0.65694 0.0202554 0.0243023 0.00162694
0 0.907512 0.631651 0.0103699 0.0189399 0.00160625
4 0.977458 0.642277 0.0325417 0.0224055 0.00157027
4 0.913612 0.626517 0.0108035 0.017356 0.00153679
4 0.87001 0.674622 0.024533 0.0186703 0.00150839
14 0.895015 0.660244 0.0278662 0.025143 0.0014907
4 0.961618 0.666313 0.0239202 0.0215802 0.00144127
0 0.89746 0.651148 0.0263248 0.0296502 0.00143171
1 0.885875 0.651138 0.0118057 0.0216103 0.00137004
4 0.868813 0.679911 0.0178854 0.0205959 0.00136132
7 0.90268 0.644278 0.0182038 0.0303575 0.00135002
22 0.139667 0.723282 0.00931247 0.0160295 0.00134401
5 0.890141 0.591831 0.00590588 0.0190863 0.00129111
1 0.90268 0.644278 0.0182038 0.0303575 0.00116666
0 0.891447 0.65694 0.0202554 0.0243023 0.00116581
1 0.987916 0.661752 0.0200904 0.0142971 0.00116033
7 0.889679 0.62148 0.00798663 0.00883796 0.00113206
1 0.588503 0.561681 0.00644556 0.0135391 0.00112794
4 0.900169 0.671095 0.0459061 0.0227162 0.00110255
1 0.868813 0.679911 0.0178854 0.0205959 0.00105681
1 0.95651 0.695161 0.056974 0.036202 0.00102657
2 0.351636 0.639113 0.00865939 0.0180795 0.00102622
4 0.890678 0.597216 0.00599963 0.0216592 0.00101692
4 0.944416 0.648684 0.0375643 0.0248729 0.00101513
1 0.579421 0.611342 0.0103542 0.0299349 0.00101489
