4 0.317421 0.896552 0.0562045 0.0613677 0.879666
4 0.534329 0.888904 0.0382179 0.0416514 0.863938
1 0.462502 0.782467 0.0489202 0.0433373 0.858059
1 0.391245 0.837873 0.0248359 0.0284886 0.653547
4 0.0382374 0.890471 0.0298773 0.028975 0.296868
4 0.447453 0.878691 0.0164924 0.0205754 0.287871
4 0.356702 0.876614 0.0142569 0.0191823 0.164124
4 0.359759 0.872935 0.01324 0.0202019 0.13216
1 0.548222 0.831764 0.0208538 0.0524588 0.118656
1 0.447648 0.837109 0.0100325 0.0273861 0.109073
8 0.448627 0.878289 0.0160289 0.0216434 0.101166
1 0.530997 0.851549 0.00899829 0.0228909 0.0775148
7 0.34566 0.807761 0.00734915 0.0186838 0.0708668
4 0.343974 0.879256 0.0106917 0.0185016 0.070849
4 0.427247 0.873981 0.0129816 0.0159981 0.064815
4 0.0643977 0.891258 0.0275845 0.0291717 0.0638431
4 0.34471 0.874357 0.0130225 0.0197045 0.0626848
4 0.362604 0.872772 0.0124703 0.0180099 0.0617117
4 0.365251 0.876541 0.0137558 0.0181114 0.0574892
1 0.450282 0.845452 0.0112717 0.021555 0.0568591
4 0.38976 0.87678 0.0139836 0.017631 0.0542792
1 0.502045 0.813582 0.0133015 0.0323289 0.0520531
2 0.792319 0.523999 0.00982452 0.0157641 0.0494246
4 0.422889 0.874213 0.0121476 0.0185876 0.0441059
4 0.449926 0.875766 0.012805 0.0236928 0.0382397
4 0.385113 0.877532 0.0160185 0.0169366 0.0361949
0 0.449926 0.875766 0.012805 0.0236928 0.0349971
4 0.428656 0.877353 0.0131852 0.0165158 0.0320553
7 0.370808 0.812088 0.00713727 0.0161857 0.0253348
4 0.407527 0.866673 0.0207089 0.0224229 0.0230547
7 0.165496 0.858776 0.00838233 0.0180717 0.0215003
1 0.394183 0.841461 0.0213303 0.024183 0.0212705
2 0.821862 0.531051 0.0179502 0.0106825 0.0210292
7 0.695493 0.800901 0.0202771 0.0412738 0.0175518
8 0.872661 0.911762 0.029095 0.0383625 0.0169578
1 0.410679 0.848509 0.0108702 0.014625 0.016852
1 0.388252 0.819028 0.0258818 0.0334139 0.0165796
1 0.0189265 0.80667 0.0188401 0.0432868 0.0152916
1 0.450086 0.837865 0.0139865 0.022595 0.0147785
0 0.447453 0.878691 0.0164924 0.0205754 0.0143576
1 0.435763 0.83569 0.0169046 0.0212108 0.0131063
1 0.412893 0.846581 0.0117859 0.0141262 0.0123267
6 0.359759 0.872935 0.01324 0.0202019 0.00984772
1 0.354375 0.833622 0.0113449 0.0223966 0.00900359
2 0.704777 0.60341 0.00930566 0.0173038 0.00752437
1 0.391001 0.847783 0.0217426 0.0227436 0.00749028
1 0.450207 0.837956 0.0115811 0.033352 0.00741859
2 0.684288 0.505287 0.00928149 0.0162246 0.00716935
7 0.354375 0.833622 0.0113449 0.0223966 0.00713211
1 0.354476 0.840991 0.00941727 0.0156699 0.0070944
1 0.408809 0.85353 0.0145501 0.0133952 0.00692384
7 0.353852 0.810647 0.0116088 0.0173603 0.00679897
4 0.407224 0.875985 0.0229744 0.0195361 0.00668388
1 0.342322 0.845354 0.00746295 0.00963357 0.00621209
1 0.347886 0.834165 0.0113451 0.0207698 0.00531938
7 0.347886 0.834165 0.0113451 0.0207698 0.00503917
7 0.528048 0.810815 0.00656348 0.0150101 0.00502815
8 0.496269 0.88028 0.00854239 0.0196444 0.00495115
7 0.69387 0.790296 0.0177599 0.0507918 0.00494639
7 0.371201 0.828433 0.011767 0.0191562 0.004784
1 0.500968 0.852921 0.0105816 0.0191304 0.00476291
0 0.880215 0.886005 0.0171746 0.0835073 0.00474827
7 0.346197 0.802216 0.00847601 0.0216931 0.00468749
2 0.793023 0.519176 0.0101991 0.0173594 0.00451688
4 0.339835 0.862167 0.0112904 0.0158569 0.00445616
14 0.448627 0.878289 0.0160289 0.0216434 0.00439422
1 0.47228 0.852753 0.0108211 0.0258629 0.00438996
0 0.496269 0.88028 0.00854239 0.0196444 0.00417575
1 0.40508 0.837898 0.0170604 0.0272999 0.00399143
1 0.350041 0.840325 0.0109858 0.017268 0.00394307
6 0.362604 0.872772 0.0124703 0.0180099 0.00387191
1 0.298152 0.853042 0.0113388 0.0166635 0.00381731
3 0.496269 0.88028 0.00854239 0.0196444 0.00364308
4 0.358841 0.868104 0.0125543 0.0256477 0.00350693
7 0.447648 0.837109 0.0100325 0.0273861 0.0034946
1 0.358841 0.868104 0.0125543 0.0256477 0.0033985
14 0.496269 0.88028 0.00854239 0.0196444 0.00332897
7 0.360163 0.820067 0.00878659 0.0177853 0.00332317
6 0.34471 0.874357 0.0130225 0.0197045 0.00331445
7 0.0189265 0.80667 0.0188401 0.0432868 0.00309237
1 0.332818 0.853572 0.00705707 0.0135297 0.00301293
6 0.391001 0.847783 0.0217426 0.0227436 0.00282597
1 0.694573 0.795805 0.0207359 0.0572878 0.00273418
4 0.0245962 0.89321 0.0395745 0.0325484 0.00252672
1 0.530635 0.831378 0.00944305 0.0467045 0.00247981
8 0.427247 0.873981 0.0129816 0.0159981 0.00245837
1 0.302672 0.848895 0.0084678 0.0141087 0.00243415
1 0.368643 0.843625 0.0101548 0.0153011 0.00238251
6 0.391699 0.840588 0.024439 0.026262 0.002381
6 0.356702 0.876614 0.0142569 0.0191823 0.00235307
4 0.294189 0.871156 0.00944962 0.0108468 0.00229956
4 0.445261 0.8825 0.0207984 0.0251439 0.00223627
7 0.502045 0.813582 0.0133015 0.0323289 0.00219491
2 0.68471 0.512037 0.00809314 0.0190853 0.00211082
6 0.390319 0.874086 0.0144426 0.018179 0.00202833
4 0.0136338 0.893092 0.0243407 0.0292582 0.0019813
12 0.465738 0.870611 0.01075 0.0189375 0.0019506
8 0.428656 0.877353 0.0131852 0.0165158 0.00192767
4 0.010878 0.900616 0.0214794 0.0244627 0.00191535
3 0.872661 0.911762 0.029095 0.0383625 0.00191322
1 0.339835 0.862167 0.0112904 0.0158569 0.00182114
1 0.412864 0.837799 0.0155096 0.0225562 0.00179943
43 0.490077 0.108644 0.968412 0.217287 0.00176698
1 0.165496 0.858776 0.00838233 0.0180717 0.00174509
1 0.359759 0.872935 0.01324 0.0202019 0.00169679
2 0.730717 0.602812 0.00681213 0.0134818 0.00169463
6 0.358841 0.868104 0.0125543 0.0256477 0.00163178
14 0.608765 0.887127 0.0130662 0.0291015 0.00160033
0 0.497367 0.87296 0.00998163 0.0270209 0.0014623
1 0.34566 0.807761 0.00734915 0.0186838 0.00145505
15 0.359759 0.872935 0.01324 0.0202019 0.00145326
0 0.427247 0.873981 0.0129816 0.0159981 0.00136014
4 0.0624719 0.884506 0.0300935 0.0411677 0.00132365
4 0.336244 0.873722 0.0155795 0.0234437 0.00130852
6 0.408809 0.85353 0.0145501 0.0133952 0.00130212
1 0.360163 0.820067 0.00878659 0.0177853 0.00129104
5 0.447453 0.878691 0.0164924 0.0205754 0.00127495
4 0.359547 0.880667 0.0130478 0.0299811 0.00126921
6 0.407527 0.866673 0.0207089 0.0224229 0.00124095
7 0.0147935 0.686598 0.00950489 0.0284152 0.00123122
7 0.354476 0.840991 0.00941727 0.0156699 0.00121774
4 0.509847 0.880943 0.0179877 0.0200315 0.00119899
0 0.140544 0.886755 0.0116436 0.0164043 0.00116484
1 0.294189 0.871156 0.00944962 0.0108468 0.00116428
0 0.608765 0.887127 0.0130662 0.0291015 0.00111512
57 0.490077 0.108644 0.968412 0.217287 0.00108983
1 0.442072 0.828922 0.0143978 0.0238207 0.00107195
2 0.683116 0.501839 0.0100976 0.0207771 0.00105338
1 0.470683 0.833133 0.00993372 0.0346588 0.0010498
4 0.137481 0.886359 0.0143928 0.0189032 0.00104754
1 0.465738 0.870611 0.01075 0.0189375 0.00104652
7 0.530997 0.851549 0.00899829 0.0228909 0.00102217
