10 0.569309 0.457627 0.0221423 0.0920508 0.878823
0 0.0446047 0.534208 0.0623673 0.255055 0.872599
18 0.0829868 0.68636 0.105534 0.37388 0.838193
19 0.178819 0.71321 0.13159 0.356702 0.815664
0 0.142069 0.633667 0.0982352 0.3924 0.811007
17 0.366846 0.593549 0.0893669 0.122483 0.785288
0 0.0896662 0.501654 0.051768 0.165505 0.784016
18 0.0493986 0.61847 0.098768 0.0992837 0.678617
0 0.195182 0.468064 0.0335271 0.0817907 0.666681
9 0.561703 0.578272 0.0750609 0.105408 0.546924
9 0.560601 0.631823 0.0776459 0.212239 0.466303
0 0.192314 0.484385 0.040811 0.110117 0.44299
55 0.446233 0.44512 0.0431276 0.0828179 0.42074
11 0.394654 0.359068 0.139861 0.064644 0.323906
51 0.610618 0.482452 0.040356 0.0275832 0.228143
46 0.396425 0.356802 0.137046 0.0708078 0.205306
0 0.190662 0.516752 0.0402227 0.0467493 0.187006
11 0.0864754 0.689286 0.0704212 0.0831549 0.179935
10 0.462712 0.609873 0.0238316 0.0372338 0.15364
54 0.222734 0.516973 0.0350604 0.0387698 0.108978
9 0.0864361 0.684908 0.0713552 0.0689849 0.101079
18 0.00932249 0.534932 0.018645 0.077887 0.0952678
18 0.0521126 0.654963 0.103253 0.176723 0.078187
18 0.550903 0.832978 0.117931 0.129572 0.0781592
18 0.348406 0.673955 0.0604337 0.271719 0.0751849
0 0.206996 0.464814 0.0642775 0.0761125 0.0721351
11 0.174148 0.555213 0.0733844 0.0370578 0.0714612
42 0.367855 0.59328 0.0880797 0.123727 0.0690661
31 0.394446 0.356847 0.142344 0.0679588 0.067338
55 0.743305 0.0640651 0.0243541 0.12813 0.0646667
11 0.088041 0.659591 0.0768047 0.145772 0.0633773
18 0.218355 0.482311 0.0427111 0.0398882 0.0579024
0 0.0840199 0.527914 0.064427 0.228655 0.0565868
10 0.562939 0.723979 0.0551303 0.0345815 0.0517815
10 0.475694 0.479962 0.0261084 0.0464512 0.0499174
43 0.00932249 0.534932 0.018645 0.077887 0.0452928
11 0.36757 0.593999 0.0891307 0.124626 0.042871
18 0.222734 0.516973 0.0350604 0.0387698 0.0389842
55 0.776614 0.0652515 0.0515288 0.130503 0.0371977
0 0.224408 0.514406 0.0311824 0.0315722 0.0333996
9 0.0585205 0.552766 0.0177488 0.0377841 0.0332736
9 0.392057 0.357565 0.141518 0.0692514 0.0331335
55 0.340369 0.454903 0.042145 0.0952956 0.0311493
20 0.0585205 0.552766 0.0177488 0.0377841 0.0295451
18 0.209448 0.477548 0.0603314 0.0478851 0.0281999
18 0.0335003 0.579236 0.0670007 0.170019 0.0273598
0 0.229081 0.525251 0.0203193 0.0267004 0.0270284
0 0.0909187 0.469239 0.0500598 0.0982612 0.0268722
18 0.0298529 0.615464 0.0597058 0.0958177 0.0266127
51 0.462712 0.609873 0.0238316 0.0372338 0.0263879
0 0.0997695 0.439321 0.0278884 0.0388244 0.0237802
10 0.610426 0.483009 0.040338 0.0299455 0.0235675
19 0.0485672 0.617012 0.0968862 0.0990938 0.0235641
17 0.446203 0.444549 0.0428589 0.0825858 0.0231663
18 0.0114728 0.576294 0.0229457 0.153 0.022397
19 0.206802 0.470832 0.0657258 0.0598767 0.0220796
0 0.190962 0.526892 0.0419465 0.0292145 0.0208264
43 0.0114706 0.478407 0.0229411 0.0422856 0.0201502
19 0.00932249 0.534932 0.018645 0.077887 0.0201317
19 0.550975 0.833336 0.118926 0.13043 0.0191367
55 0.827998 0.0665612 0.049169 0.133122 0.0190503
17 0.394834 0.357661 0.139994 0.0664869 0.0186701
10 0.544365 0.489519 0.02461 0.0290835 0.017471
18 0.0120639 0.478035 0.0241278 0.042572 0.0170631
54 0.213396 0.482869 0.0525305 0.0402271 0.0164325
43 0.122435 0.676798 0.24487 0.339056 0.0163734
31 0.175968 0.550809 0.0713166 0.0319097 0.015431
54 0.201917 0.514897 0.0432827 0.0422653 0.0153956
19 0.122426 0.557758 0.244852 0.118236 0.0149809
50 0.175968 0.550809 0.0713166 0.0319097 0.0147574
54 0.201291 0.52538 0.0242013 0.0263188 0.0147021
0 0.170504 0.531209 0.017344 0.0269382 0.0146745
10 0.216233 0.514227 0.0464667 0.0420292 0.0144973
43 0.122426 0.557758 0.244852 0.118236 0.0143408
17 0.19517 0.468482 0.0324523 0.0796842 0.0139793
18 0.201917 0.514897 0.0432827 0.0422653 0.0138645
11 0.0592766 0.546727 0.0193245 0.0404743 0.0137793
0 0.216233 0.514227 0.0464667 0.0420292 0.0135041
0 0.178548 0.517321 0.0386239 0.0505566 0.0135029
18 0.141373 0.681363 0.0619283 0.380042 0.0134602
17 0.333071 0.569653 0.0256511 0.0597726 0.0133615
43 0.209448 0.477548 0.0603314 0.0478851 0.0131951
51 0.56291 0.723675 0.0548317 0.034935 0.0129465
13 0.367346 0.593927 0.0887699 0.122265 0.0127884
42 0.394834 0.357661 0.139994 0.0664869 0.0126174
17 0.551224 0.833801 0.119312 0.130198 0.0124004
55 0.739465 0.0538401 0.0184069 0.10768 0.0122682
19 0.0114706 0.478407 0.0229411 0.0422856 0.0118265
17 0.761087 0.826383 0.0340098 0.051674 0.0116405
18 0.0165098 0.529974 0.0330196 0.0863892 0.0115221
18 0.140584 0.620958 0.0998514 0.367817 0.011377
18 0.090611 0.528395 0.0538029 0.104994 0.0112761
30 0.524626 0.224349 0.0492061 0.0738033 0.0110594
9 0.173504 0.55894 0.0754241 0.0455318 0.0109454
0 0.223998 0.521715 0.0284717 0.0320541 0.0109029
43 0.207354 0.47674 0.071496 0.0787537 0.0106365
0 0.213396 0.482869 0.0525305 0.0402271 0.0104715
0 0.201917 0.514897 0.0432827 0.0422653 0.0103271
0 0.201291 0.52538 0.0242013 0.0263188 0.0100659
0 0.224437 0.548059 0.0269281 0.0276962 0.00990735
43 0.0119526 0.581805 0.0239053 0.161673 0.0098896
19 0.0119526 0.581805 0.0239053 0.161673 0.00954573
9 0.088041 0.659591 0.0768047 0.145772 0.00942443
54 0.18062 0.548832 0.0596966 0.0263185 0.00940661
18 0.0832872 0.621009 0.033971 0.0807757 0.00933338
19 0.122689 0.69691 0.245378 0.368116 0.00920708
19 0.185819 0.573994 0.105214 0.0618031 0.00906457
18 0.0843692 0.594969 0.0533997 0.137488 0.00903837
18 0.190662 0.516752 0.0402227 0.0467493 0.00887499
51 0.496185 0.720459 0.0584759 0.0321123 0.0088234
10 0.170504 0.531209 0.017344 0.0269382 0.00872783
0 0.175968 0.550809 0.0713166 0.0319097 0.00858041
0 0.0368646 0.572442 0.0737292 0.186868 0.0083108
18 0.012726 0.616874 0.0254519 0.0925105 0.00828307
11 0.0981418 0.606447 0.0568962 0.292738 0.00827422
47 0.562891 0.724135 0.0553709 0.0342454 0.00826838
19 0.206175 0.500448 0.0677952 0.0690098 0.0079326
18 0.201291 0.52538 0.0242013 0.0263188 0.00783776
10 0.0585205 0.552766 0.0177488 0.0377841 0.0078068
36 0.525025 0.224255 0.0495993 0.0735096 0.00767434
19 0.0293462 0.60208 0.0586924 0.12259 0.00744009
4 0.206802 0.470832 0.0657258 0.0598767 0.00742429
18 0.347992 0.645034 0.0585025 0.156435 0.00729116
10 0.224437 0.548059 0.0269281 0.0276962 0.00725812
10 0.760634 0.826167 0.0368732 0.052259 0.00688406
10 0.551395 0.489291 0.0124506 0.0294536 0.00686985
0 0.206175 0.500448 0.0677952 0.0690098 0.00678798
0 0.220441 0.406232 0.0131571 0.0256973 0.00672658
19 0.0404315 0.581382 0.0808631 0.16149 0.00671065
60 0.446207 0.44513 0.0429083 0.0839001 0.0066678
31 0.222734 0.516973 0.0350604 0.0387698 0.00665256
0 0.19744 0.442612 0.0356276 0.0458745 0.00643947
9 0.0617472 0.545707 0.0221138 0.0517507 0.00635972
30 0.446203 0.444549 0.0428589 0.0825858 0.00635665
19 0.175968 0.550809 0.0713166 0.0319097 0.00628708
17 0.347832 0.629846 0.0576287 0.192065 0.00615514
56 0.610618 0.482452 0.040356 0.0275832 0.00606183
18 0.206175 0.500448 0.0677952 0.0690098 0.00604882
29 0.107552 0.354318 0.0893742 0.0211675 0.00604737
18 0.175968 0.550809 0.0713166 0.0319097 0.00597058
11 0.0648421 0.553857 0.0227423 0.0396721 0.0058886
9 0.186715 0.519923 0.0306922 0.0435245 0.00585154
11 0.222734 0.516973 0.0350604 0.0387698 0.00583073
0 0.0710821 0.491752 0.0179912 0.0521623 0.00574917
44 0.562891 0.724135 0.0553709 0.0342454 0.00568242
2 0.754343 0.206138 0.0209705 0.0195877 0.00565885
34 0.224408 0.514406 0.0311824 0.0315722 0.00546598
31 0.395731 0.407497 0.138909 0.170109 0.00539288
46 0.36757 0.593999 0.0891307 0.124626 0.00534483
43 0.222734 0.516973 0.0350604 0.0387698 0.00530929
17 0.557739 0.723001 0.0445765 0.034573 0.00528249
43 0.179831 0.713092 0.13099 0.358279 0.00526793
19 0.217085 0.47857 0.0447938 0.042884 0.00523634
34 0.229081 0.525251 0.0203193 0.0267004 0.00517145
18 0.101438 0.577041 0.0559971 0.191832 0.005011
18 0.110407 0.601022 0.0427505 0.240814 0.00499369
10 0.220441 0.406232 0.0131571 0.0256973 0.0049583
18 0.210759 0.453859 0.0560502 0.0417103 0.00493444
10 0.778429 0.0652179 0.047904 0.130436 0.00486607
34 0.394113 0.35794 0.139385 0.066749 0.0047284
2 0.462951 0.609437 0.0251003 0.0350873 0.00467802
18 0.195456 0.469734 0.0322643 0.0863663 0.0045898
42 0.0870373 0.684484 0.071838 0.0672102 0.0044376
17 0.099271 0.439961 0.0285327 0.0381163 0.00432085
46 0.0870373 0.684484 0.071838 0.0672102 0.00428281
10 0.238209 0.530598 0.0112901 0.0202211 0.00416275
53 0.561703 0.578272 0.0750609 0.105408 0.00413437
18 0.207936 0.459373 0.0650465 0.0811751 0.00411751
30 0.367772 0.593702 0.087899 0.12368 0.00410262
17 0.195105 0.439651 0.0315973 0.0371155 0.00409341
34 0.238209 0.530598 0.0112901 0.0202211 0.00408957
51 0.544365 0.489519 0.02461 0.0290835 0.00408532
43 0.0165098 0.529974 0.0330196 0.0863892 0.00408154
51 0.505438 0.479948 0.0457804 0.0411131 0.00396995
10 0.206802 0.470832 0.0657258 0.0598767 0.00395896
10 0.159179 0.532956 0.00983699 0.0264986 0.00393638
10 0.488887 0.485101 0.010267 0.0377516 0.00393419
4 0.216233 0.514227 0.0464667 0.0420292 0.00385752
54 0.190962 0.526892 0.0419465 0.0292145 0.00384291
44 0.610806 0.482079 0.0407705 0.0275604 0.00381884
17 0.550476 0.806925 0.114522 0.0730503 0.0038053
10 0.229081 0.525251 0.0203193 0.0267004 0.00370068
19 0.216233 0.514227 0.0464667 0.0420292 0.00368594
55 0.75543 0.0652788 0.0464941 0.130558 0.00368394
19 0.180608 0.605047 0.116065 0.125947 0.00366213
0 0.204465 0.44106 0.0497238 0.0308551 0.00361736
10 0.224408 0.514406 0.0311824 0.0315722 0.00361533
11 0.190962 0.526892 0.0419465 0.0292145 0.00354304
18 0.0915379 0.635409 0.0509191 0.113466 0.00349642
11 0.18062 0.548832 0.0596966 0.0263185 0.00347182
4 0.206175 0.500448 0.0677952 0.0690098 0.00341136
13 0.761087 0.826383 0.0340098 0.051674 0.003409
43 0.175968 0.550809 0.0713166 0.0319097 0.00340458
18 0.190962 0.526892 0.0419465 0.0292145 0.00333331
13 0.56291 0.723675 0.0548317 0.034935 0.00331508
0 0.21503 0.421437 0.0241414 0.0536681 0.00314354
10 0.190662 0.516752 0.0402227 0.0467493 0.00312807
2 0.367772 0.593702 0.087899 0.12368 0.0031265
9 0.585617 0.577881 0.0288612 0.101084 0.00312373
19 0.348679 0.632375 0.0590042 0.173643 0.00311553
0 0.484547 0.621173 0.336835 0.408306 0.00306221
2 0.569558 0.456533 0.0225077 0.0941478 0.00303434
48 0.609923 0.47984 0.0389019 0.0272956 0.00302229
48 0.557739 0.723001 0.0445765 0.034573 0.00296683
54 0.229081 0.525251 0.0203193 0.0267004 0.0029529
9 0.0648421 0.553857 0.0227423 0.0396721 0.00289535
11 0.109187 0.702043 0.0437438 0.132343 0.00288431
18 0.229081 0.525251 0.0203193 0.0267004 0.00283799
19 0.185403 0.545757 0.112127 0.0853447 0.0028343
54 0.221822 0.549746 0.028892 0.0251627 0.00282883
36 0.557739 0.723001 0.0445765 0.034573 0.00282517
0 0.124472 0.642581 0.0443174 0.318997 0.0027918
9 0.36662 0.592842 0.0899732 0.122311 0.00277973
19 0.0521126 0.654963 0.103253 0.176723 0.00275832
30 0.34754 0.626073 0.0594545 0.188715 0.00275499
11 0.0963534 0.663485 0.0746364 0.267309 0.00273214
50 0.610618 0.482452 0.040356 0.0275832 0.00269043
18 0.224437 0.548059 0.0269281 0.0276962 0.00267463
0 0.56291 0.723675 0.0548317 0.034935 0.00267178
9 0.170504 0.531209 0.017344 0.0269382 0.00266773
9 0.071703 0.501864 0.017322 0.0452035 0.00262619
0 0.219888 0.421726 0.014682 0.056212 0.0025932
17 0.341303 0.575079 0.03987 0.0871677 0.00257984
34 0.0580652 0.421787 0.0285195 0.0300162 0.00257123
43 0.207936 0.459373 0.0650465 0.0811751 0.00239237
10 0.175646 0.563475 0.0725656 0.0467659 0.00237584
20 0.56291 0.723675 0.0548317 0.034935 0.00237244
34 0.462753 0.609941 0.0246328 0.036708 0.00235592
10 0.238416 0.514097 0.0110298 0.0255552 0.00231972
30 0.47514 0.481309 0.024724 0.0453826 0.0023173
17 0.524626 0.224349 0.0492061 0.0738033 0.00226965
18 0.170504 0.531209 0.017344 0.0269382 0.00225341
18 0.204465 0.44106 0.0497238 0.0308551 0.00223983
0 0.178794 0.71203 0.131303 0.358429 0.00220085
11 0.550903 0.832978 0.117931 0.129572 0.00219768
0 0.0592766 0.546727 0.0193245 0.0404743 0.00215263
18 0.0981418 0.606447 0.0568962 0.292738 0.00213032
11 0.186715 0.519923 0.0306922 0.0435245 0.00203314
43 0.218355 0.482311 0.0427111 0.0398882 0.00199749
54 0.173504 0.55894 0.0754241 0.0455318 0.00198936
34 0.224437 0.548059 0.0269281 0.0276962 0.00197996
11 0.20749 0.467552 0.0647901 0.0710456 0.00196473
17 0.553729 0.578526 0.0576767 0.101542 0.00196165
46 0.173504 0.55894 0.0754241 0.0455318 0.00194693
17 0.220441 0.406232 0.0131571 0.0256973 0.00192677
30 0.761087 0.826383 0.0340098 0.051674 0.00191939
11 0.111666 0.621831 0.0359035 0.270409 0.00185377
9 0.135104 0.585663 0.0489593 0.0789615 0.0018512
10 0.525484 0.555186 0.0144479 0.0419027 0.00184866
10 0.751311 0.822596 0.0498524 0.0550267 0.00181141
36 0.761547 0.826373 0.0336132 0.0525451 0.00179848
31 0.174105 0.568206 0.0743695 0.0625238 0.00177735
31 0.218355 0.482311 0.0427111 0.0398882 0.00177023
14 0.760634 0.826167 0.0368732 0.052259 0.00176913
11 0.229081 0.525251 0.0203193 0.0267004 0.0017464
17 0.0600511 0.431265 0.0336696 0.0488448 0.00173581
18 0.116372 0.618519 0.0508693 0.325889 0.00172115
10 0.0617472 0.545707 0.0221138 0.0517507 0.00170744
11 0.426105 0.356349 0.0765122 0.0642772 0.00170576
31 0.38913 0.326218 0.157774 0.125117 0.00169934
0 0.135755 0.654395 0.0541732 0.325565 0.00168309
34 0.238416 0.514097 0.0110298 0.0255552 0.00167075
44 0.366276 0.592676 0.0904876 0.123245 0.00165974
34 0.099271 0.439961 0.0285327 0.0381163 0.00165466
11 0.090611 0.528395 0.0538029 0.104994 0.00165318
18 0.129022 0.459289 0.044521 0.05231 0.00163365
19 0.0165098 0.529974 0.0330196 0.0863892 0.00161504
31 0.201291 0.52538 0.0242013 0.0263188 0.00161131
19 0.012726 0.616874 0.0254519 0.0925105 0.00161127
18 0.0891857 0.667761 0.0741831 0.149092 0.00160648
60 0.82794 0.0662625 0.0486206 0.132525 0.00160286
11 0.206175 0.500448 0.0677952 0.0690098 0.00160029
20 0.159179 0.532956 0.00983699 0.0264986 0.00159719
11 0.170504 0.531209 0.017344 0.0269382 0.00158325
0 0.396024 0.357755 0.137249 0.0657267 0.00158254
50 0.396593 0.356718 0.136153 0.0708611 0.00156711
0 0.0673583 0.467068 0.0300337 0.0838218 0.00154976
18 0.192314 0.484385 0.040811 0.110117 0.00154904
30 0.754343 0.206138 0.0209705 0.0195877 0.00154665
55 0.397847 0.432695 0.14247 0.108998 0.00153013
0 0.140328 0.534148 0.0982717 0.207162 0.00151661
51 0.36662 0.592842 0.0899732 0.122311 0.0015166
43 0.201917 0.514897 0.0432827 0.0422653 0.00149681
18 0.0617472 0.545707 0.0221138 0.0517507 0.00148884
9 0.190962 0.526892 0.0419465 0.0292145 0.00148701
54 0.0585205 0.552766 0.0177488 0.0377841 0.00148228
55 0.224408 0.514406 0.0311824 0.0315722 0.00147263
11 0.201291 0.52538 0.0242013 0.0263188 0.00147216
34 0.561596 0.72303 0.0514216 0.0336653 0.00146031
10 0.18062 0.548832 0.0596966 0.0263185 0.0014475
11 0.071703 0.501864 0.017322 0.0452035 0.00143093
18 0.396425 0.356802 0.137046 0.0708078 0.00140608
50 0.222734 0.516973 0.0350604 0.0387698 0.00139729
60 0.743305 0.0640651 0.0243541 0.12813 0.00139309
9 0.122714 0.579136 0.0608422 0.189631 0.00138571
44 0.494295 0.734697 0.0602105 0.0200429 0.00138549
17 0.340369 0.454903 0.042145 0.0952956 0.0013767
0 0.175192 0.488381 0.0659849 0.106903 0.00136368
1 0.5247 0.224662 0.0494633 0.0746412 0.00135012
44 0.174148 0.555213 0.0733844 0.0370578 0.00134459
