19 0.586713 0.640321 0.131874 0.177584 0.82625
55 0.935063 0.361785 0.128367 0.624322 0.530608
14 0.265344 0.66531 0.0577031 0.107679 0.252613
18 0.556955 0.49195 0.0436522 0.124396 0.194706
18 0.586049 0.616025 0.132542 0.226161 0.123428
19 0.400184 0.599644 0.180716 0.292197 0.109115
19 0.452658 0.579049 0.399977 0.22729 0.0803566
19 0.509439 0.574919 0.130529 0.249882 0.0643371
18 0.401555 0.600881 0.180916 0.293278 0.0617379
18 0.565864 0.492801 0.025418 0.122188 0.0565724
19 0.539336 0.585112 0.223148 0.233252 0.0548775
11 0.91593 0.516379 0.100635 0.308315 0.0245795
18 0.595775 0.559043 0.11085 0.238925 0.0195782
18 0.509875 0.571474 0.130486 0.257528 0.0191447
18 0.931008 0.378887 0.133871 0.58862 0.0189672
19 0.441087 0.533132 0.43111 0.1753 0.0184437
18 0.592419 0.514359 0.119171 0.14732 0.017147
19 0.587007 0.58224 0.128635 0.285382 0.0168643
44 0.548329 0.462818 0.0226124 0.0686252 0.0163371
49 0.565864 0.492801 0.025418 0.122188 0.0156668
18 0.533588 0.530155 0.0857224 0.19815 0.0150896
49 0.557072 0.491899 0.0390664 0.12448 0.014566
36 0.265547 0.666125 0.0583095 0.104581 0.0134455
50 0.979534 0.495995 0.0381081 0.0353535 0.0120812
44 0.568928 0.49281 0.0203529 0.119561 0.0115789
18 0.417014 0.512499 0.133308 0.166053 0.0104215
44 0.548481 0.487623 0.0229448 0.117804 0.00954788
49 0.386587 0.423795 0.0512534 0.0371672 0.00854043
18 0.550504 0.567877 0.0708605 0.279938 0.00818021
55 0.944309 0.259899 0.110475 0.429006 0.00796331
49 0.373862 0.415216 0.0725087 0.0512026 0.00706625
18 0.945381 0.301463 0.10824 0.384479 0.0069422
9 0.913921 0.515555 0.0963221 0.309129 0.00654117
17 0.915598 0.516989 0.0992651 0.308163 0.00632147
18 0.632107 0.501444 0.03942 0.119339 0.00556574
19 0.532819 0.544567 0.0865231 0.181594 0.00517722
43 0.931008 0.378887 0.133871 0.58862 0.00444338
19 0.593204 0.497003 0.114875 0.126126 0.00426652
18 0.570401 0.55026 0.116274 0.224608 0.00417021
44 0.562751 0.491628 0.0351078 0.12284 0.0041391
18 0.429704 0.451041 0.0786502 0.0392245 0.00365643
18 0.53757 0.491738 0.0716758 0.126571 0.00363051
10 0.208824 0.524648 0.0117966 0.0358296 0.00352418
49 0.933064 0.3661 0.131096 0.612392 0.003489
18 0.929727 0.697513 0.135191 0.426778 0.00348166
19 0.970487 0.575757 0.056024 0.209533 0.0034348
49 0.385495 0.39255 0.0459311 0.0460607 0.00337254
19 0.494361 0.5604 0.136439 0.167158 0.00330542
34 0.548481 0.487623 0.0229448 0.117804 0.00311746
10 0.56236 0.489673 0.0311437 0.127383 0.00302146
49 0.362984 0.422801 0.0714318 0.0336862 0.00293467
19 0.523548 0.527516 0.259837 0.174577 0.00286135
19 0.554277 0.489704 0.0449333 0.132427 0.00265623
18 0.431808 0.567452 0.146374 0.265967 0.00256851
18 0.980441 0.19318 0.0374663 0.165336 0.00250869
19 0.578126 0.561557 0.118479 0.195944 0.0025017
11 0.549989 0.491679 0.0257448 0.121893 0.00245734
49 0.632107 0.501444 0.03942 0.119339 0.00244048
19 0.530792 0.499825 0.0894495 0.140206 0.0023432
18 0.548329 0.462818 0.0226124 0.0686252 0.0023311
18 0.60698 0.627561 0.0890009 0.18236 0.0023149
19 0.495477 0.523073 0.125351 0.109521 0.00231003
19 0.28004 0.540553 0.122843 0.1429 0.00228223
49 0.369067 0.433533 0.0686577 0.0294628 0.00223885
18 0.990275 0.207011 0.0170856 0.134634 0.00222876
18 0.937401 0.487298 0.12319 0.372238 0.00218164
55 0.841575 0.321636 0.314724 0.609132 0.0021674
11 0.569843 0.487101 0.0183252 0.107983 0.00199214
50 0.350754 0.447204 0.0714542 0.0298886 0.00190001
35 0.385495 0.39255 0.0459311 0.0460607 0.00180305
50 0.42975 0.450737 0.0825951 0.0406443 0.00175325
11 0.549204 0.467542 0.0235614 0.0742568 0.00174756
10 0.600512 0.506928 0.0657058 0.095465 0.00169694
49 0.99403 0.420498 0.00911365 0.0726398 0.00167256
18 0.446237 0.508848 0.0962983 0.156894 0.001654
0 0.39988 0.59845 0.193274 0.293128 0.0016503
4 0.432144 0.450963 0.0848385 0.0380531 0.00162448
34 0.557291 0.492824 0.038009 0.125864 0.00159475
19 0.550504 0.567877 0.0708605 0.279938 0.0015914
19 0.93702 0.526116 0.123292 0.301051 0.00158266
44 0.512203 0.454228 0.0634468 0.0495849 0.00157255
27 0.512203 0.454228 0.0634468 0.0495849 0.00146183
9 0.548481 0.487623 0.0229448 0.117804 0.00146052
18 0.657878 0.505352 0.028435 0.108989 0.00141896
49 0.395269 0.425055 0.0379024 0.0305787 0.00139103
9 0.932433 0.364545 0.132132 0.615347 0.00135338
2 0.369067 0.433533 0.0686577 0.0294628 0.00133557
18 0.548481 0.487623 0.0229448 0.117804 0.00128086
34 0.565864 0.492801 0.025418 0.122188 0.00125914
31 0.424792 0.451233 0.0760174 0.03298 0.00125345
10 0.608368 0.486688 0.0180344 0.0469435 0.00122289
49 0.992845 0.400412 0.0114883 0.111299 0.00115084
18 0.975354 0.426968 0.0464092 0.221716 0.00113611
50 0.374841 0.442686 0.101385 0.0370473 0.00110836
44 0.570362 0.474599 0.0187591 0.0818907 0.00110597
10 0.264938 0.665815 0.0585424 0.106344 0.00107658
10 0.429704 0.451041 0.0786502 0.0392245 0.00105389
31 0.990275 0.207011 0.0170856 0.134634 0.0010402
2 0.385522 0.388055 0.0455282 0.0369007 0.00103122
18 0.532276 0.569602 0.0986296 0.192592 0.00102721
2 0.39956 0.432878 0.0294373 0.0312667 0.00102457
19 0.245801 0.624438 0.0870237 0.192055 0.00100909
19 0.431808 0.567452 0.146374 0.265967 0.00100787
50 0.36439 0.412783 0.0841323 0.0608398 0.00100686
