35 0.628672 0.186479 0.120779 0.294308 0.975535
10 0.338433 0.740826 0.103574 0.207086 0.903577
10 0.657565 0.264373 0.0508148 0.137383 0.780929
10 0.230391 0.741608 0.106522 0.192786 0.728337
10 0.700278 0.317177 0.0359925 0.0624385 0.416705
56 0.230716 0.741303 0.105353 0.194047 0.226007
27 0.456572 0.770541 0.0632225 0.0281866 0.204315
27 0.459599 0.760821 0.0659559 0.0353767 0.180947
10 0.594661 0.794103 0.0685884 0.039033 0.16378
10 0.301457 0.599964 0.0582755 0.0771438 0.135938
27 0.595341 0.795809 0.0679422 0.0368626 0.126908
10 0.598241 0.767475 0.0666905 0.0332932 0.115948
44 0.522162 0.775627 0.0691048 0.0334301 0.0893048
27 0.464947 0.738764 0.0623484 0.0272366 0.0765313
36 0.700556 0.317072 0.0376429 0.0619708 0.0715073
44 0.45893 0.761921 0.0665991 0.0346525 0.0675458
44 0.523896 0.756584 0.0647177 0.031312 0.0635228
27 0.450787 0.789652 0.0570805 0.0247479 0.0548269
44 0.456572 0.770541 0.0632225 0.0281866 0.0537792
44 0.510334 0.835166 0.0737949 0.0542087 0.0528047
10 0.394293 0.614302 0.0664953 0.101332 0.0483124
27 0.593322 0.841327 0.0738005 0.0595163 0.0435141
27 0.596814 0.768165 0.0654792 0.0346919 0.0422879
44 0.464947 0.738764 0.0623484 0.0272366 0.0416427
44 0.522074 0.791161 0.0673705 0.0324751 0.035201
10 0.382043 0.720528 0.0778222 0.168622 0.0340642
56 0.658137 0.26645 0.0513024 0.135574 0.0300488
44 0.433094 0.825919 0.0687661 0.057239 0.0289769
27 0.509987 0.835031 0.0728944 0.0552615 0.0286592
27 0.522364 0.774278 0.0691298 0.0314485 0.0285804
27 0.523896 0.756584 0.0647177 0.031312 0.0237812
27 0.459813 0.743815 0.0636976 0.0225148 0.0216442
10 0.473142 0.712266 0.066049 0.0584199 0.0215087
10 0.460735 0.754209 0.0670146 0.0430122 0.0210459
44 0.45653 0.778941 0.0623861 0.0238334 0.0196223
44 0.444492 0.795977 0.0714757 0.0359799 0.0193256
44 0.53135 0.739115 0.0591374 0.0303015 0.0188054
56 0.700996 0.317086 0.0371281 0.0625793 0.0185156
44 0.450787 0.789652 0.0570805 0.0247479 0.0182461
27 0.444492 0.795977 0.0714757 0.0359799 0.0178133
10 0.469311 0.722404 0.0673733 0.0396664 0.0176418
27 0.45653 0.778941 0.0623861 0.0238334 0.0171551
10 0.455891 0.769434 0.0634289 0.0365611 0.0167028
27 0.458718 0.745735 0.0711996 0.0435468 0.0165438
27 0.522627 0.791664 0.0682097 0.0308686 0.0159345
44 0.465126 0.721 0.0702976 0.0428133 0.0153329
44 0.521852 0.749337 0.0675188 0.0253623 0.0152435
10 0.463408 0.734624 0.0648724 0.0361528 0.0150675
10 0.262772 0.67575 0.0666923 0.143608 0.0149336
27 0.53135 0.739115 0.0591374 0.0303015 0.0127798
44 0.594472 0.795819 0.0713017 0.0377054 0.0121881
19 0.654707 0.486903 0.317568 0.350689 0.0116378
44 0.592338 0.841638 0.0759335 0.0570242 0.0115926
21 0.18047 0.309477 0.358219 0.618953 0.00993103
44 0.444264 0.819826 0.0574898 0.0416068 0.00916799
44 0.459813 0.743815 0.0636976 0.0225148 0.00909044
36 0.658569 0.266452 0.0511476 0.1354 0.00905216
44 0.463 0.712984 0.070229 0.0687893 0.00847931
27 0.58682 0.805768 0.0879266 0.051534 0.00819332
10 0.598964 0.740333 0.0677783 0.0390388 0.00769627
44 0.59641 0.779628 0.0659764 0.0212649 0.00655459
44 0.519907 0.80359 0.0696686 0.0273123 0.00648324
27 0.443212 0.826405 0.0607047 0.0571928 0.00633761
27 0.465923 0.724257 0.0680578 0.0371177 0.00597572
10 0.442604 0.828587 0.0524387 0.0521572 0.00589963
10 0.450503 0.787041 0.0543802 0.0251262 0.00587068
10 0.636388 0.250906 0.096807 0.158306 0.00579604
44 0.435193 0.814747 0.0897321 0.0794406 0.00562903
44 0.458718 0.745735 0.0711996 0.0435468 0.00545213
44 0.58682 0.805768 0.0879266 0.051534 0.00542809
27 0.515322 0.810903 0.0740618 0.0325923 0.00533395
44 0.51614 0.821005 0.0768511 0.0303807 0.00521642
59 0.339047 0.742779 0.103203 0.208456 0.00512028
44 0.515322 0.810903 0.0740618 0.0325923 0.00502108
10 0.52359 0.75278 0.0659497 0.037987 0.00498643
10 0.676024 0.277098 0.0451894 0.0945494 0.00485193
44 0.552953 0.809911 0.0924714 0.0440683 0.00471446
44 0.596571 0.767926 0.067829 0.0364799 0.004594
49 0.700996 0.317086 0.0371281 0.0625793 0.00449846
27 0.446045 0.813979 0.0510045 0.0360462 0.004138
10 0.596448 0.757352 0.0729017 0.0379113 0.00397818
10 0.522133 0.773544 0.0696837 0.0364641 0.0039487
36 0.798811 0.801227 0.120159 0.172349 0.00387141
35 0.700588 0.315458 0.0389672 0.063558 0.00358231
49 0.657565 0.264373 0.0508148 0.137383 0.00355049
10 0.633118 0.263381 0.0197985 0.126415 0.00337292
35 0.689451 0.289501 0.0255526 0.0664285 0.00329616
19 0.544133 0.405825 0.542558 0.184443 0.00328798
10 0.630862 0.28923 0.0183797 0.072879 0.0032645
27 0.520146 0.782195 0.0723354 0.0320782 0.00325678
10 0.377227 0.686232 0.115712 0.166629 0.00321307
35 0.73598 0.736096 0.272037 0.492107 0.00317998
10 0.689451 0.289501 0.0255526 0.0664285 0.00314786
33 0.390097 0.61024 0.0573382 0.0923292 0.00312681
10 0.484474 0.703919 0.0845849 0.0600133 0.00312429
27 0.700278 0.317177 0.0359925 0.0624385 0.00311669
27 0.59641 0.779628 0.0659764 0.0212649 0.00306258
10 0.394513 0.637788 0.0853436 0.148573 0.00286066
56 0.270826 0.678041 0.0693823 0.148506 0.00279885
44 0.537149 0.722167 0.0679056 0.036513 0.00279022
51 0.230414 0.741305 0.104881 0.193896 0.00263603
45 0.700665 0.317319 0.0371866 0.0619944 0.0026276
44 0.452445 0.783271 0.0709678 0.0410775 0.0026247
44 0.444273 0.80664 0.0587274 0.0378372 0.002616
10 0.592956 0.841222 0.0738408 0.0591424 0.00236923
14 0.301252 0.599536 0.0583764 0.0759153 0.00229412
27 0.301252 0.599536 0.0583764 0.0759153 0.00217274
14 0.700556 0.317072 0.0376429 0.0619708 0.00212195
35 0.751611 0.76955 0.214642 0.294969 0.00211616
56 0.30287 0.691379 0.050702 0.133048 0.00199168
30 0.595926 0.77846 0.0666301 0.0211336 0.00195408
10 0.446045 0.813979 0.0510045 0.0360462 0.00194915
10 0.459813 0.743815 0.0636976 0.0225148 0.00191027
35 0.662461 0.268805 0.0612574 0.142362 0.00169366
44 0.588007 0.82864 0.0859838 0.0615831 0.00165186
19 0.647491 0.364372 0.301877 0.0979707 0.00162623
10 0.45653 0.778941 0.0623861 0.0238334 0.00158325
10 0.510844 0.696293 0.134646 0.068858 0.00156493
36 0.621476 0.198291 0.0482592 0.0886071 0.00154515
10 0.624866 0.305316 0.0194831 0.0409577 0.00146225
10 0.628542 0.186783 0.120957 0.293694 0.00145036
27 0.466811 0.70458 0.0704817 0.0537326 0.00141481
36 0.301097 0.599015 0.0555041 0.0759817 0.00141245
19 0.737876 0.739761 0.263883 0.499968 0.00136592
27 0.444273 0.80664 0.0587274 0.0378372 0.0013105
10 0.452445 0.783271 0.0709678 0.0410775 0.00130865
27 0.600301 0.740788 0.071957 0.040211 0.00129563
10 0.734048 0.745738 0.2783 0.48727 0.00127236
56 0.395522 0.614746 0.070062 0.104524 0.00126065
33 0.442604 0.828587 0.0524387 0.0521572 0.00125678
27 0.432927 0.819359 0.0763396 0.0721703 0.00120978
0 0.628542 0.186783 0.120957 0.293694 0.0012001
27 0.519907 0.80359 0.0696686 0.0273123 0.00118651
10 0.522056 0.791489 0.0708094 0.0331075 0.00118104
44 0.390392 0.608304 0.0571006 0.0881268 0.00115098
10 0.708369 0.315295 0.023777 0.0599456 0.00111437
60 0.700996 0.317086 0.0371281 0.0625793 0.00111299
35 0.836487 0.836253 0.124009 0.327493 0.00109385
56 0.68654 0.288151 0.0252371 0.0657893 0.00107492
56 0.380476 0.733365 0.0808948 0.143397 0.00106885
44 0.497647 0.831832 0.0575786 0.048729 0.00105165
36 0.628588 0.186977 0.12103 0.29472 0.00104181
27 0.452445 0.783271 0.0709678 0.0410775 0.0010408
56 0.379429 0.683837 0.117836 0.159491 0.00103891
10 0.59478 0.721071 0.0928864 0.0629958 0.00102412
27 0.521852 0.749337 0.0675188 0.0253623 0.0010173
