35 0.271153 0.205579 0.391161 0.410473 0.951823
36 0.258202 0.305671 0.155369 0.211009 0.938554
35 0.612147 0.796758 0.182994 0.406483 0.925805
35 0.399329 0.785627 0.226216 0.421616 0.920734
36 0.604416 0.883972 0.15578 0.227269 0.705122
36 0.25726 0.356844 0.142601 0.10761 0.684122
35 0.573304 0.319667 0.452182 0.639335 0.647877
36 0.407919 0.880946 0.170368 0.232174 0.309826
36 0.575082 0.30863 0.0906624 0.202097 0.245566
60 0.00694702 0.0273116 0.013894 0.0546233 0.100335
30 0.127493 0.744554 0.026388 0.0380958 0.0648276
27 0.257847 0.357261 0.145039 0.103572 0.0111447
36 0.377007 0.861516 0.108739 0.191244 0.011044
19 0.377039 0.957876 0.754079 0.084248 0.0109749
44 0.382938 0.955545 0.737624 0.0889102 0.00786917
36 0.4349 0.834671 0.124388 0.175868 0.00782877
36 0.43346 0.779475 0.0948515 0.0618762 0.00763007
10 0.604317 0.880587 0.156806 0.234053 0.00737738
36 0.438369 0.791125 0.111823 0.0912783 0.00591033
36 0.371996 0.288722 0.093359 0.217292 0.00571109
36 0.260333 0.251526 0.157929 0.101889 0.00536985
36 0.22954 0.259013 0.0992279 0.116299 0.00440991
55 0.00741821 0.0285137 0.0148364 0.0570274 0.00391905
19 0.386319 0.925391 0.7336 0.147289 0.0031736
36 0.557404 0.415672 0.174391 0.418248 0.00308997
36 0.662688 0.342113 0.0687348 0.154629 0.00291893
35 0.644782 0.496384 0.300726 0.32596 0.00264102
2 0.127359 0.742919 0.0263083 0.0383338 0.00261274
36 0.333941 0.297288 0.148009 0.225481 0.00231402
36 0.643329 0.324635 0.32758 0.238307 0.00214261
36 0.451623 0.816613 0.0911352 0.142574 0.00198047
36 0.41672 0.77636 0.0585528 0.0511732 0.00188673
10 0.258875 0.304772 0.156713 0.210743 0.00185621
35 0.420272 0.214779 0.19207 0.429558 0.00182859
44 0.071249 0.93986 0.142318 0.0409295 0.00182469
36 0.681876 0.348968 0.0721479 0.13541 0.00168719
19 0.517231 0.959849 0.466901 0.0803019 0.0014534
19 0.548868 0.874851 0.412728 0.248417 0.00130127
36 0.45843 0.772984 0.0770308 0.0837569 0.00128162
30 0.119846 0.74299 0.0432718 0.0398839 0.00117196
44 0.143749 0.407773 0.287301 0.0230504 0.00111398
44 0.386319 0.925391 0.7336 0.147289 0.00108567
36 0.605732 0.771872 0.130904 0.0312034 0.00106763
