4 0.0297556 0.723506 0.0588073 0.198707 0.92725
4 0.188499 0.721859 0.241031 0.180395 0.894445
4 0.584104 0.690153 0.0960167 0.0905529 0.892401
4 0.835086 0.663449 0.0403263 0.0435411 0.776467
4 0.75449 0.668049 0.0442545 0.0556615 0.768351
4 0.731422 0.672175 0.0415964 0.0520797 0.702936
4 0.905136 0.659174 0.0271227 0.0366668 0.66153
1 0.848732 0.474936 0.0241812 0.0360929 0.656733
4 0.865711 0.662916 0.0304789 0.0436715 0.627753
1 0.848885 0.513602 0.0239286 0.0357809 0.623436
1 0.849411 0.546312 0.0237331 0.0320522 0.555155
4 0.705529 0.6729 0.0310985 0.0528546 0.551378
4 0.518427 0.696364 0.0447822 0.0938276 0.547188
4 0.989472 0.650898 0.0182296 0.0259009 0.520348
4 0.970013 0.653569 0.019828 0.0263469 0.4837
4 0.803828 0.659992 0.0309395 0.0528613 0.442703
1 0.849165 0.528434 0.0242739 0.0603772 0.428423
4 0.891791 0.660981 0.0184514 0.0376309 0.413493
4 0.950264 0.654393 0.0257679 0.029027 0.387699
4 0.795066 0.658959 0.0469825 0.0582621 0.375402
4 0.667337 0.674515 0.0451251 0.0651933 0.371192
4 0.636939 0.678516 0.0492513 0.0678109 0.363765
1 0.850017 0.581157 0.0239854 0.0373529 0.341793
4 0.88195 0.661816 0.0235589 0.0399053 0.334425
4 0.67845 0.673345 0.0478284 0.0623599 0.296077
4 0.926479 0.656133 0.0253568 0.030746 0.292854
4 0.978958 0.652928 0.0154763 0.0247061 0.269516
4 0.983731 0.652163 0.0174135 0.0248522 0.268573
4 0.406234 0.70295 0.114615 0.127294 0.226763
4 0.825314 0.662927 0.029187 0.0469242 0.20667
4 0.431354 0.703893 0.0620584 0.110902 0.20493
0 0.478814 0.699569 0.0354944 0.153943 0.204221
4 0.655459 0.676688 0.0482331 0.0693162 0.169002
4 0.91863 0.657159 0.02121 0.0331499 0.148593
4 0.937078 0.655806 0.0268685 0.0302484 0.105493
4 0.621642 0.687638 0.0279932 0.060291 0.102768
1 0.850868 0.607937 0.0231746 0.0214641 0.098909
4 0.457312 0.694796 0.0980347 0.149333 0.0917017
4 0.33088 0.716213 0.0675498 0.123846 0.0864429
4 0.598606 0.678334 0.0747466 0.0825006 0.0802239
1 0.793936 0.598998 0.0240741 0.0580409 0.0715667
4 0.545069 0.656527 0.0347871 0.0357614 0.0439976
4 0.618462 0.676196 0.0583936 0.0819462 0.0382463
4 0.436433 0.680336 0.15554 0.187791 0.0336329
4 0.0973393 0.722729 0.0825885 0.129691 0.0320437
4 0.378934 0.710995 0.123194 0.123698 0.0284553
4 0.550384 0.651463 0.0428412 0.0301974 0.0274607
4 0.582755 0.652585 0.0650976 0.0374376 0.0248883
0 0.439776 0.689872 0.0573658 0.148581 0.0235422
4 0.614801 0.683347 0.0397026 0.074612 0.0198901
4 0.796384 0.66667 0.0368094 0.0505723 0.0194198
1 0.950237 0.533358 0.0345172 0.0489447 0.0179759
6 0.424388 0.677487 0.12093 0.183674 0.0171972
4 0.961645 0.655303 0.0200718 0.0299132 0.0164999
4 0.412474 0.702873 0.067075 0.109732 0.0144757
4 0.538904 0.670988 0.0206143 0.0468598 0.0135563
4 0.539712 0.662255 0.0258444 0.037519 0.0121707
4 0.439776 0.689872 0.0573658 0.148581 0.0116486
4 0.694584 0.671242 0.0382012 0.0601186 0.0098024
5 0.46166 0.692321 0.085625 0.160268 0.00918916
4 0.998692 0.652699 0.00261627 0.0179705 0.00867556
4 0.866006 0.641134 0.0271605 0.019818 0.00851187
6 0.41805 0.623228 0.0802267 0.0790767 0.00827327
1 0.850857 0.592098 0.0241321 0.0386494 0.00790144
4 0.330617 0.690445 0.0625284 0.0785648 0.00776911
4 0.488721 0.681328 0.0641809 0.174943 0.00740096
4 0.592846 0.664059 0.0890601 0.0684334 0.00707204
1 0.271683 0.6223 0.0104515 0.0350883 0.00673487
4 0.527199 0.692589 0.0368776 0.0822305 0.00646335
4 0.483109 0.696408 0.0403263 0.139379 0.00629213
7 0.271683 0.6223 0.0104515 0.0350883 0.00621125
8 0.437347 0.71146 0.04929 0.122277 0.00577346
1 0.851497 0.625832 0.0234063 0.0310805 0.00570822
4 0.395828 0.69527 0.0804958 0.099288 0.00570608
8 0.465628 0.696637 0.0752832 0.163969 0.00541366
4 0.964318 0.646029 0.0140023 0.0278835 0.00524096
0 0.445546 0.712509 0.0477859 0.128188 0.00515909
6 0.418444 0.660794 0.0880723 0.155327 0.00463957
4 0.415333 0.689826 0.0457748 0.0876802 0.00453284
4 0.537656 0.684498 0.0203803 0.0725621 0.00452328
4 0.939266 0.646271 0.0136224 0.028705 0.00449221
4 0.41899 0.666155 0.0328757 0.0403913 0.00445536
8 0.449001 0.704184 0.0596139 0.126628 0.00431673
8 0.475382 0.698498 0.0346736 0.133918 0.00416572
6 0.989472 0.650898 0.0182296 0.0259009 0.00397132
4 0.506845 0.699317 0.064038 0.105059 0.00370822
4 0.429067 0.67825 0.0532961 0.0697672 0.00347788
4 0.317437 0.721612 0.0421764 0.124575 0.00319861
4 0.887533 0.64133 0.0165178 0.0203058 0.00296592
15 0.486519 0.678678 0.0628459 0.185405 0.00294162
0 0.469227 0.703989 0.0284935 0.108562 0.0027662
8 0.469227 0.703989 0.0284935 0.108562 0.0025695
1 0.768266 0.592234 0.021415 0.0552587 0.00250004
0 0.465628 0.696637 0.0752832 0.163969 0.00239625
4 0.0779048 0.745282 0.0422462 0.076027 0.0023302
0 0.433256 0.705474 0.0489436 0.0968468 0.00225536
6 0.465086 0.681985 0.100005 0.181681 0.00222991
4 0.0301061 0.76254 0.0598915 0.119776 0.00220105
4 0.614469 0.670841 0.0966718 0.0858678 0.00204328
0 0.449772 0.716435 0.0304156 0.122692 0.00188746
4 0.908195 0.645687 0.0212974 0.0278946 0.00181083
4 0.0257629 0.658402 0.0508001 0.0690406 0.00175116
4 0.418444 0.660794 0.0880723 0.155327 0.00174613
6 0.0302265 0.723124 0.0593056 0.199913 0.00168485
6 0.593663 0.675581 0.0819037 0.0877966 0.00162032
6 0.447395 0.681192 0.0399655 0.135432 0.00157278
1 0.274178 0.619521 0.0145927 0.037511 0.0015042
15 0.577768 0.65259 0.0724598 0.0343984 0.00144366
4 0.837742 0.652615 0.0403317 0.0449007 0.00144064
5 0.423679 0.677557 0.10651 0.188769 0.00135597
0 0.488721 0.681328 0.0641809 0.174943 0.00131108
4 0.349224 0.707374 0.0576557 0.114927 0.00125017
4 0.0951379 0.686511 0.0821282 0.0576392 0.00117741
4 0.346023 0.685444 0.0431964 0.0772911 0.00114952
6 0.429992 0.634326 0.0675525 0.0889701 0.00112867
6 0.587704 0.654191 0.0725314 0.043897 0.0011144
4 0.116799 0.678574 0.034883 0.0296085 0.00109915
4 0.0798501 0.727342 0.0536941 0.101163 0.0010837
6 0.488358 0.677189 0.0602687 0.185665 0.00107761
5 0.488721 0.681328 0.0641809 0.174943 0.00106558
8 0.449772 0.716435 0.0304156 0.122692 0.00104994
0 0.317437 0.721612 0.0421764 0.124575 0.00104159
4 0.89876 0.66706 0.0282084 0.0461 0.00104005
15 0.465086 0.681985 0.100005 0.181681 0.00102022
4 0.34463 0.675826 0.0325288 0.0628905 0.00100141
