18 0.396147 0.547072 0.179129 0.459831 0.941924
35 0.450309 0.252663 0.0850054 0.166145 0.941083
19 0.364377 0.484415 0.333717 0.316222 0.939051
55 0.331521 0.179104 0.158028 0.292009 0.888038
10 0.441213 0.294722 0.0334349 0.080043 0.752431
19 0.443493 0.481284 0.180474 0.318027 0.702922
10 0.469787 0.313795 0.0187701 0.0428748 0.700236
46 0.903626 0.341582 0.151922 0.150558 0.471483
46 0.794355 0.328165 0.094035 0.112362 0.441201
18 0.897036 0.538075 0.199453 0.554407 0.347061
46 0.880654 0.401027 0.132134 0.13478 0.234361
30 0.30296 0.0607298 0.0174146 0.0170186 0.147017
18 0.789484 0.0810963 0.0441484 0.0798625 0.101678
46 0.88174 0.368175 0.194867 0.205533 0.0769467
18 0.960252 0.646023 0.0779831 0.351781 0.0648113
46 0.884662 0.373986 0.157364 0.106373 0.0634325
46 0.961331 0.549455 0.0756669 0.142185 0.0633779
46 0.960354 0.64639 0.0780437 0.354861 0.0599428
10 0.469346 0.299827 0.0208239 0.0713478 0.0478123
10 0.241004 0.306511 0.0357739 0.0591727 0.0466081
30 0.0671524 0.184312 0.0111643 0.0292566 0.0428498
46 0.976759 0.372467 0.0364675 0.0683269 0.0335097
19 0.960715 0.647671 0.0761197 0.345604 0.0320863
44 0.946075 0.0399675 0.063342 0.0234641 0.0317962
55 0.712221 0.103001 0.0302408 0.0661415 0.0294943
17 0.792293 0.330686 0.0910605 0.115858 0.025951
30 0.219583 0.0162945 0.0163346 0.032589 0.0257341
55 0.334883 0.0339154 0.0779852 0.052668 0.0252795
55 0.241004 0.306511 0.0357739 0.0591727 0.0241816
30 0.71206 0.10298 0.0297133 0.0662945 0.0238534
55 0.044717 0.201417 0.0849791 0.402835 0.0224626
30 0.977617 0.0133359 0.0290875 0.0266718 0.0202573
46 0.934609 0.315451 0.12741 0.0985161 0.0200407
55 0.0884591 0.269965 0.0283812 0.0772306 0.020037
55 0.0663106 0.148568 0.0125474 0.106867 0.019566
44 0.94711 0.0512161 0.0702945 0.0283887 0.0181841
10 0.89155 0.232651 0.0221973 0.0374601 0.0146383
49 0.239985 0.306996 0.0366966 0.0596351 0.0144717
10 0.987721 0.0545346 0.0212507 0.0329205 0.0141666
18 0.876643 0.476539 0.162502 0.331854 0.0131909
46 0.974496 0.389496 0.0474841 0.173107 0.0119715
10 0.0924959 0.270404 0.01659 0.0476791 0.0118192
44 0.97982 0.0190797 0.0333275 0.0213899 0.0116752
9 0.0170004 0.294502 0.0319357 0.239438 0.0111521
56 0.441436 0.294109 0.0337889 0.0797095 0.0106553
56 0.985112 0.0444371 0.0249099 0.020751 0.0105941
55 0.0831455 0.120069 0.0378149 0.230955 0.0105555
55 0.559891 0.0440874 0.0617043 0.0850609 0.0104485
31 0.330991 0.177224 0.158594 0.292422 0.00969727
18 0.90418 0.0404233 0.0259412 0.0275183 0.00943995
19 0.0407111 0.664235 0.0814223 0.668897 0.00938232
35 0.976019 0.368002 0.0429677 0.0805883 0.00936779
30 0.0661233 0.162583 0.0133019 0.0660436 0.00928191
30 0.925211 0.0120064 0.0217058 0.0240127 0.00914753
27 0.97982 0.0190797 0.0333275 0.0213899 0.00876281
55 0.925211 0.0120064 0.0217058 0.0240127 0.00837126
46 0.942851 0.37618 0.108883 0.20329 0.00763553
10 0.0728239 0.247212 0.00947205 0.0195347 0.00759233
30 0.89155 0.232651 0.0221973 0.0374601 0.00705865
46 0.982171 0.402039 0.0314579 0.134623 0.00666147
46 0.967875 0.375365 0.0384567 0.0700877 0.00648211
46 0.887583 0.409071 0.146889 0.223097 0.00639992
56 0.239355 0.347912 0.038376 0.0218891 0.00598957
55 0.0801991 0.270452 0.0228423 0.0562999 0.00593381
44 0.986558 0.0447516 0.0236545 0.0285266 0.00588654
18 0.97982 0.0190797 0.0333275 0.0213899 0.00571924
44 0.90418 0.0404233 0.0259412 0.0275183 0.00568421
18 0.856314 0.551371 0.133693 0.199724 0.00562467
44 0.245447 0.351711 0.028567 0.0195619 0.00532286
30 0.0642783 0.134073 0.010115 0.0219898 0.00520694
51 0.441949 0.294101 0.0344225 0.0796425 0.0050333
36 0.469549 0.314006 0.0196648 0.0441959 0.00498949
44 0.925215 0.0200415 0.0227381 0.0182067 0.00468525
36 0.240358 0.306689 0.03585 0.0591164 0.00456224
46 0.860096 0.333547 0.222264 0.129577 0.00453193
27 0.977617 0.0133359 0.0290875 0.0266718 0.00446197
49 0.792385 0.328534 0.0877962 0.110114 0.00440993
30 0.334671 0.0400362 0.076681 0.0433955 0.00429863
46 0.927984 0.292466 0.138145 0.0651966 0.00426176
55 0.164377 0.0416157 0.0448431 0.0832315 0.00423526
30 0.792385 0.328534 0.0877962 0.110114 0.00413991
42 0.962374 0.548257 0.0729415 0.143644 0.00412533
55 0.0858772 0.173094 0.044084 0.336282 0.00412069
46 0.949477 0.334938 0.0980081 0.130755 0.00409607
10 0.0672212 0.18431 0.0106157 0.0289517 0.00400437
55 0.951845 0.0132306 0.039905 0.0264611 0.00382701
36 0.441199 0.294191 0.0336245 0.0800895 0.00381458
44 0.974538 0.0419678 0.0209913 0.0246898 0.00378308
29 0.0810987 0.271311 0.0231276 0.0553043 0.00368317
10 0.97982 0.0190797 0.0333275 0.0213899 0.00358376
10 0.903934 0.0409031 0.0265188 0.0285128 0.00356886
10 0.985112 0.0444371 0.0249099 0.020751 0.00353011
10 0.133408 0.14281 0.015725 0.019959 0.00351857
18 0.980754 0.0305939 0.0321589 0.019788 0.00338068
55 0.0713457 0.113464 0.0266988 0.213647 0.00332648
60 0.441949 0.294101 0.0344225 0.0796425 0.00331866
44 0.949099 0.034043 0.0661675 0.0214567 0.00328967
55 0.0707412 0.208781 0.0491457 0.387035 0.00327423
49 0.789361 0.0810366 0.0443616 0.0799033 0.0032475
56 0.239764 0.307048 0.0360531 0.0601376 0.00322847
55 0.0748275 0.270806 0.0133775 0.0539949 0.00309755
30 0.97982 0.0190797 0.0333275 0.0213899 0.00306855
18 0.942637 0.0369083 0.0589276 0.0234241 0.00302593
30 0.326097 0.0471692 0.0627688 0.0456078 0.00300366
43 0.960354 0.64639 0.0780437 0.354861 0.00299705
55 0.0231779 0.239947 0.0426448 0.185263 0.00297838
57 0.973674 0.409193 0.0493654 0.132762 0.0029707
29 0.0919382 0.270182 0.0195679 0.0489651 0.00291226
10 0.0717539 0.224898 0.0096227 0.0200055 0.00289668
27 0.925215 0.0200415 0.0227381 0.0182067 0.00286703
55 0.575973 0.161083 0.0994429 0.322167 0.00280949
10 0.0748275 0.270806 0.0133775 0.0539949 0.00279537
30 0.307444 0.984542 0.0668145 0.0309151 0.00271728
44 0.980754 0.0305939 0.0321589 0.019788 0.00267619
55 0.925094 0.0192638 0.0218167 0.0188222 0.00256504
30 0.241004 0.306511 0.0357739 0.0591727 0.0025197
46 0.937079 0.235844 0.0756363 0.0261195 0.00246397
30 0.961815 0.548118 0.0743339 0.143263 0.00246253
57 0.976725 0.374875 0.0389354 0.0686459 0.00244498
1 0.219583 0.0162945 0.0163346 0.032589 0.00242379
35 0.471407 0.292496 0.0302798 0.0832063 0.0023854
10 0.0801991 0.270452 0.0228423 0.0562999 0.00233073
55 0.0728239 0.247212 0.00947205 0.0195347 0.00228256
10 0.160548 0.130831 0.0158625 0.0404622 0.00220952
49 0.901826 0.333348 0.138869 0.135037 0.00218497
30 0.951125 0.0135526 0.0365085 0.0271052 0.00218259
55 0.171454 0.182176 0.064502 0.246472 0.00196685
19 0.210804 0.475604 0.0933349 0.314719 0.00195755
46 0.882531 0.471138 0.143569 0.287521 0.00193396
18 0.205302 0.475194 0.0963037 0.314987 0.00187634
10 0.982245 0.0141954 0.0323969 0.0283908 0.00180971
17 0.961815 0.548118 0.0743339 0.143263 0.00180034
18 0.884749 0.389425 0.159562 0.164191 0.00179001
18 0.795583 0.415241 0.117719 0.437546 0.00178133
10 0.0891981 0.266374 0.0250335 0.0541059 0.00176154
10 0.219413 0.017303 0.0172949 0.0324472 0.00174809
9 0.00899575 0.26354 0.0170966 0.0686003 0.00174645
18 0.938427 0.208468 0.119268 0.199074 0.00173399
45 0.334671 0.0400362 0.076681 0.0433955 0.00168911
44 0.972306 0.0540055 0.0172007 0.0211135 0.00166368
55 0.164724 0.116898 0.0325052 0.0708447 0.00166223
60 0.241004 0.306511 0.0357739 0.0591727 0.00166099
55 0.0924959 0.270404 0.01659 0.0476791 0.00165117
30 0.0634383 0.183151 0.0151256 0.0327551 0.00162012
56 0.469549 0.314006 0.0196648 0.0441959 0.00161256
55 0.160977 0.124562 0.0133984 0.0511424 0.0015919
55 0.979172 0.0128595 0.0312874 0.0257189 0.00156244
46 0.960922 0.308202 0.0742692 0.0669284 0.00153789
55 0.903934 0.0409031 0.0265188 0.0285128 0.00152646
10 0.441493 0.278923 0.0302401 0.0668517 0.00150819
55 0.0991613 0.11832 0.0645497 0.233406 0.00147588
18 0.958816 0.454394 0.0774504 0.336801 0.00146786
46 0.9612 0.509567 0.0753341 0.3346 0.00146345
36 0.97982 0.0190797 0.0333275 0.0213899 0.00145446
55 0.607198 0.245087 0.0335808 0.114854 0.00145199
36 0.466815 0.295065 0.0258322 0.0777504 0.0013694
46 0.860684 0.356293 0.144765 0.103095 0.00136605
56 0.986052 0.0526325 0.0240508 0.0298284 0.00136314
46 0.973068 0.341491 0.0511938 0.120486 0.00134987
36 0.219532 0.016418 0.0164491 0.03185 0.00133943
46 0.441595 0.29391 0.0341458 0.0806421 0.00132713
55 0.0702991 0.0407581 0.0167582 0.0381806 0.00132417
18 0.943645 0.182633 0.101919 0.133716 0.00132204
30 0.0663106 0.148568 0.0125474 0.106867 0.00132123
19 0.330728 0.175963 0.159283 0.293402 0.0013033
46 0.905373 0.305674 0.131894 0.0910614 0.00129206
10 0.895824 0.0425192 0.011985 0.0262014 0.00127956
18 0.985045 0.0557209 0.0246814 0.0374489 0.00127495
21 0.0407111 0.664235 0.0814223 0.668897 0.00127062
56 0.245447 0.351711 0.028567 0.0195619 0.00126661
46 0.913662 0.276004 0.087408 0.0368554 0.00126525
18 0.873471 0.450363 0.227112 0.4978 0.00125074
60 0.987721 0.0545346 0.0212507 0.0329205 0.00124988
56 0.239068 0.338404 0.037799 0.0359676 0.00121801
46 0.987721 0.0545346 0.0212507 0.0329205 0.00120517
30 0.925215 0.0200415 0.0227381 0.0182067 0.00120399
30 0.0622457 0.140392 0.0126931 0.0339872 0.00118367
35 0.971727 0.39317 0.053085 0.161288 0.00116953
35 0.982171 0.402039 0.0314579 0.134623 0.00116614
35 0.240197 0.3067 0.0355693 0.0593993 0.00110825
17 0.334517 0.0365178 0.0780812 0.0501457 0.00110812
57 0.960799 0.648392 0.0763685 0.357356 0.00110573
55 0.979534 0.0193914 0.0326866 0.0207782 0.00110102
60 0.977617 0.0133359 0.0290875 0.0266718 0.00107308
30 0.0625277 0.159759 0.0163176 0.0764912 0.00107293
55 0.066323 0.178942 0.108375 0.357883 0.00107292
36 0.450245 0.252919 0.0857115 0.166005 0.00106842
10 0.170032 0.129918 0.0177053 0.0409661 0.00106489
55 0.0159765 0.260168 0.0285291 0.170146 0.00105551
55 0.0259571 0.144701 0.0428 0.289402 0.00104017
10 0.972306 0.0540055 0.0172007 0.0211135 0.00103625
10 0.471407 0.292496 0.0302798 0.0832063 0.00103467
59 0.241004 0.306511 0.0357739 0.0591727 0.00103145
49 0.980943 0.0148764 0.0346665 0.0297528 0.00101348
46 0.943577 0.395397 0.0242668 0.0539129 0.00100943
