18 0.411382 0.797592 0.168771 0.308791 0.593723
8 0.411403 0.79769 0.170099 0.309363 0.533125
18 0.032272 0.698118 0.0644224 0.207289 0.105739
18 0.502019 0.742854 0.0365923 0.187939 0.0477754
2 0.183025 0.383907 0.0108748 0.0122395 0.0280042
22 0.500867 0.782898 0.0340038 0.0995487 0.0180842
3 0.318567 0.789242 0.0875727 0.220134 0.0142291
18 0.300695 0.776847 0.145838 0.231048 0.0124803
30 0.250413 0.138011 0.0140351 0.0137566 0.0123862
18 0.312655 0.829331 0.0749395 0.136869 0.0116679
2 0.184177 0.388953 0.00859842 0.0185504 0.0107644
3 0.292893 0.782668 0.128201 0.234064 0.00878674
30 0.225923 0.178387 0.0124031 0.0116975 0.00796701
3 0.412657 0.797493 0.170439 0.309849 0.0063055
3 0.0318196 0.693297 0.062606 0.208798 0.00574203
4 0.720613 0.989858 0.159179 0.0184975 0.00541112
22 0.508131 0.790381 0.017787 0.0928766 0.00405681
18 0.318567 0.789242 0.0875727 0.220134 0.00345384
7 0.183025 0.383907 0.0108748 0.0122395 0.00334298
30 0.119724 0.168165 0.023221 0.0166858 0.00320477
4 0.886362 0.991454 0.160147 0.0158658 0.00306251
1 0.183025 0.383907 0.0108748 0.0122395 0.00294604
10 0.508131 0.790381 0.017787 0.0928766 0.00280667
18 0.509283 0.747567 0.0217377 0.193921 0.00269906
18 0.377535 0.876406 0.0848274 0.15002 0.00209654
43 0.411573 0.797353 0.171349 0.307094 0.00193157
18 0.607403 0.781933 0.131141 0.248721 0.0018406
3 0.500873 0.743268 0.0365919 0.18469 0.00153872
8 0.0301685 0.694538 0.0595134 0.202677 0.00152778
2 0.0463387 0.593546 0.0140842 0.0171544 0.00148712
26 0.505271 0.785924 0.0247557 0.0991972 0.00147751
18 0.346284 0.794391 0.143657 0.215406 0.00142691
10 0.5129 0.800741 0.0178091 0.0784868 0.00139954
5 0.411001 0.797088 0.169106 0.307171 0.00133559
36 0.508131 0.790381 0.017787 0.0928766 0.00121761
18 0.456046 0.918946 0.103916 0.158597 0.00113138
30 0.180391 0.231997 0.156317 0.0458483 0.00112892
36 0.720747 0.987081 0.156722 0.0194007 0.00111658
2 0.24992 0.138048 0.0136216 0.0153294 0.00110943
19 0.346284 0.794391 0.143657 0.215406 0.00101083
