14 0.207094 0.378709 0.298059 0.664982 0.973814
18 0.777007 0.39825 0.128145 0.251483 0.948354
18 0.377401 0.203121 0.069906 0.146893 0.857704
18 0.413838 0.104279 0.112543 0.200869 0.812714
18 0.506315 0.0838192 0.0704173 0.16421 0.588965
18 0.557465 0.0568921 0.0684543 0.113261 0.425972
14 0.200868 0.200609 0.151916 0.336246 0.283278
18 0.540921 0.0892298 0.05939 0.0857893 0.269836
18 0.465389 0.0869757 0.0713126 0.166789 0.268792
18 0.264505 0.0274321 0.109411 0.0523144 0.223364
18 0.410268 0.152063 0.0733785 0.109272 0.0743932
18 0.543631 0.0819884 0.0661881 0.129161 0.0372972
26 0.760412 0.0346748 0.0521848 0.0685378 0.0285274
18 0.760496 0.0343588 0.052656 0.0687176 0.0281357
18 0.402563 0.0636007 0.0940929 0.118377 0.0278529
18 0.450241 0.0816692 0.0520796 0.156327 0.0251575
14 0.262511 0.0290486 0.104694 0.0533355 0.0206128
19 0.504485 0.0805954 0.0688013 0.161191 0.0205161
14 0.205269 0.0556378 0.145053 0.0473301 0.0151277
18 0.364497 0.0711576 0.0383614 0.128836 0.0150102
18 0.365268 0.0979729 0.0322065 0.0716162 0.0145768
18 0.381145 0.113205 0.0602278 0.107598 0.00999851
14 0.0774556 0.295097 0.154911 0.590195 0.00987647
18 0.518587 0.0582468 0.0500857 0.112985 0.00921376
18 0.476888 0.114125 0.0468279 0.109611 0.00859458
18 0.338437 0.0393254 0.0870309 0.0774027 0.00780826
11 0.259896 0.0277241 0.106205 0.053994 0.00667409
14 0.798024 0.0294707 0.0354592 0.0566876 0.00637294
19 0.486841 0.0898111 0.123272 0.162521 0.00636997
19 0.558321 0.0546034 0.0680588 0.109207 0.00595304
4 0.0185927 0.468018 0.035898 0.244421 0.00590869
18 0.359725 0.122047 0.0432835 0.126155 0.00575368
14 0.208007 0.0693248 0.154 0.0752545 0.00550241
9 0.0846102 0.0620707 0.12051 0.122422 0.00460733
18 0.0891417 0.325904 0.0419089 0.12564 0.00457412
0 0.259896 0.0277241 0.106205 0.053994 0.00399513
10 0.364497 0.0711576 0.0383614 0.128836 0.00378791
0 0.0839832 0.0602508 0.115549 0.119821 0.00359954
18 0.372212 0.0818594 0.0433367 0.100954 0.00355696
11 0.0841474 0.0475074 0.115315 0.0947016 0.00355139
18 0.0839832 0.0602508 0.115549 0.119821 0.00348386
19 0.450728 0.0921584 0.178054 0.167022 0.00342827
42 0.259896 0.0277241 0.106205 0.053994 0.00323758
19 0.465389 0.0869757 0.0713126 0.166789 0.00322377
18 0.372017 0.152957 0.0793478 0.193711 0.00321366
10 0.365268 0.0979729 0.0322065 0.0716162 0.00321173
18 0.449767 0.150056 0.0377234 0.0906118 0.00300743
14 0.0831232 0.0612062 0.122872 0.121999 0.00292246
42 0.0839832 0.0602508 0.115549 0.119821 0.00277792
14 0.229885 0.163034 0.206986 0.259668 0.00264837
18 0.348938 0.108947 0.0778873 0.205628 0.00250612
0 0.4049 0.093938 0.249169 0.183721 0.00241199
18 0.507098 0.0409706 0.0513777 0.0792924 0.00236969
19 0.542178 0.0916342 0.0613074 0.0906718 0.00224203
0 0.410283 0.104455 0.118561 0.205511 0.00223139
14 0.0749934 0.128344 0.140942 0.25277 0.00198045
18 0.0280287 0.0738755 0.0493036 0.101345 0.00197065
14 0.176089 0.0207905 0.0745622 0.0415151 0.00195184
18 0.0731818 0.148351 0.145081 0.295231 0.0018772
18 0.482359 0.135718 0.0315242 0.0722236 0.00187551
18 0.399093 0.13618 0.0859215 0.0819816 0.00184576
17 0.0841474 0.0475074 0.115315 0.0947016 0.00182695
18 0.36336 0.0379229 0.0381179 0.0721824 0.00182021
18 0.376181 0.162237 0.0561748 0.0667162 0.00181773
18 0.432338 0.0994892 0.0783135 0.173088 0.00175051
14 0.0185927 0.468018 0.035898 0.244421 0.0016379
18 0.340056 0.0688585 0.0839166 0.136896 0.00162534
14 0.760496 0.0343588 0.052656 0.0687176 0.001476
43 0.292815 0.0350387 0.164271 0.0656666 0.00147383
14 0.207971 0.0397402 0.162135 0.0298196 0.00145763
8 0.262511 0.0290486 0.104694 0.0533355 0.00144843
18 0.236426 0.0318982 0.153124 0.0505046 0.00144805
18 0.226147 0.0200282 0.0336042 0.037362 0.00144593
18 0.46634 0.0611296 0.0519065 0.118743 0.00144135
18 0.0346543 0.134543 0.0693085 0.154333 0.00140065
46 0.0839832 0.0602508 0.115549 0.119821 0.00138606
19 0.365268 0.0979729 0.0322065 0.0716162 0.00134775
18 0.042454 0.210889 0.0729387 0.105147 0.00127644
26 0.557465 0.0568921 0.0684543 0.113261 0.00125719
18 0.0436089 0.180154 0.0872177 0.11823 0.00125052
18 0.177802 0.0209927 0.0737542 0.0419362 0.00124412
18 0.0570166 0.209842 0.0791793 0.121428 0.00123633
18 0.0726576 0.244181 0.143634 0.488361 0.00122756
14 0.908392 0.205314 0.174998 0.307976 0.00122488
19 0.359725 0.122047 0.0432835 0.126155 0.0012119
32 0.760412 0.0346748 0.0521848 0.0685378 0.00118868
18 0.468966 0.137284 0.0597376 0.0757233 0.00115209
10 0.176089 0.0207905 0.0745622 0.0415151 0.00115014
14 0.202158 0.103312 0.146513 0.143252 0.00114299
18 0.439619 0.146683 0.0585587 0.0989395 0.00110321
9 0.760679 0.0344647 0.0522021 0.0689205 0.00108229
18 0.520563 0.0282588 0.0423993 0.0565176 0.00106679
