45 0.577763 0.554344 0.243824 0.272438 0.870375
45 0.306202 0.602378 0.33361 0.235732 0.668112
45 0.867409 0.511834 0.172422 0.159453 0.517057
9 0.76371 0.0648082 0.239969 0.129616 0.42204
10 0.446278 0.0540614 0.149731 0.107056 0.195071
10 0.993845 0.553603 0.0112282 0.0985541 0.134922
18 0.76618 0.0663984 0.246752 0.131628 0.103864
36 0.445703 0.0541118 0.149224 0.106788 0.0946107
10 0.250341 0.0438915 0.152477 0.0850798 0.0903276
27 0.304166 0.601932 0.322684 0.237669 0.0893817
27 0.57892 0.550699 0.24694 0.269693 0.066605
9 0.708649 0.0647348 0.129118 0.127594 0.0462201
36 0.5783 0.551089 0.244389 0.269501 0.0434304
10 0.583063 0.0608058 0.127839 0.117802 0.0429186
18 0.883649 0.0647912 0.188451 0.129582 0.0360438
29 0.683452 0.953811 0.312923 0.0771907 0.0323363
9 0.637656 0.0605029 0.245077 0.121006 0.0214078
45 0.842176 0.601574 0.228402 0.0772601 0.0157135
46 0.354488 0.983347 0.169777 0.033171 0.0119468
49 0.992298 0.552583 0.0127348 0.101341 0.0109933
36 0.250341 0.0438915 0.152477 0.0850798 0.0102169
29 0.75553 0.949426 0.474796 0.0898715 0.00855152
45 0.863099 0.618596 0.273802 0.107896 0.00814622
9 0.447857 0.0547315 0.148172 0.108768 0.00814244
60 0.126058 0.984443 0.0510681 0.0290296 0.00809913
35 0.447857 0.0547315 0.148172 0.108768 0.00741152
45 0.647898 0.951767 0.273986 0.0818349 0.00713936
49 0.766583 0.0661004 0.246924 0.132201 0.00655856
9 0.582758 0.060396 0.12873 0.11867 0.00564529
36 0.583063 0.0608058 0.127839 0.117802 0.00535317
10 0.635725 0.0601291 0.239891 0.120258 0.00444705
0 0.766238 0.0669737 0.246377 0.133947 0.00413284
46 0.764571 0.0664977 0.247998 0.132995 0.00387492
49 0.994603 0.554549 0.00986688 0.0896591 0.00385421
46 0.39016 0.983291 0.101523 0.0327546 0.00379681
10 0.632273 0.838815 0.0343763 0.0641627 0.0037761
19 0.887258 0.0648348 0.212551 0.12967 0.00340957
46 0.840628 0.0328284 0.0944337 0.0622356 0.00314937
46 0.699717 0.0232258 0.11674 0.045591 0.00306653
45 0.638242 0.0610203 0.243901 0.122041 0.00294283
10 0.865614 0.408274 0.0254327 0.0468947 0.002923
10 0.867593 0.512315 0.170844 0.156375 0.00263788
10 0.396256 0.983193 0.083344 0.0325866 0.00253727
36 0.994603 0.554549 0.00986688 0.0896591 0.00249216
60 0.394897 0.983273 0.0882068 0.0325245 0.0023643
46 0.268482 0.970758 0.353817 0.0571406 0.00221701
44 0.268482 0.970758 0.353817 0.0571406 0.00212873
10 0.247998 0 0.130657 0 0.00204482
7 0.993486 0.0766284 0.0100985 0.0470898 0.00199482
45 0.25158 0.0443965 0.156352 0.0865454 0.001952
29 0.919639 0.968413 0.160722 0.0623609 0.00195021
44 0.816325 0.586627 0.179531 0.0415796 0.00189403
49 0.839434 0.0516566 0.100896 0.103313 0.00188769
35 0.585677 0.059675 0.129425 0.116639 0.00172281
60 0.994603 0.554549 0.00986688 0.0896591 0.00171187
29 0.853904 0.597337 0.285209 0.0293417 0.00169292
35 0.994603 0.554549 0.00986688 0.0896591 0.0013677
60 0.683452 0.953811 0.312923 0.0771907 0.00134803
18 0.842964 0.0706182 0.0895953 0.128621 0.00134205
30 0.992298 0.552583 0.0127348 0.101341 0.00133485
45 0.992298 0.552583 0.0127348 0.101341 0.00129976
10 0.670131 0.817711 0.0566451 0.125349 0.0012963
35 0.5783 0.551089 0.244389 0.269501 0.00126412
14 0.577763 0.554344 0.243824 0.272438 0.00126063
46 0.253957 0.0425196 0.157298 0.0850391 0.00122929
8 0.764571 0.0664977 0.247998 0.132995 0.00118473
9 0.839994 0.0391775 0.0984439 0.0783549 0.00117264
22 0.993845 0.553603 0.0112282 0.0985541 0.00116235
2 0.987317 0.0768367 0.0172786 0.0513913 0.0011449
36 0.635767 0.060235 0.236272 0.12047 0.00108358
46 0.638655 0.0616903 0.511998 0.123381 0.00108014
46 0.451293 0.0528794 0.158207 0.105759 0.00107699
35 0.638242 0.0610203 0.243901 0.122041 0.00107325
33 0.641091 0.0611307 0.253457 0.122261 0.00106173
29 0.65723 0.960507 0.230823 0.0532469 0.00102979
