4 0.411062 0.694314 0.249359 0.314143 0.961899
4 0.0890262 0.671984 0.17768 0.247281 0.954997
4 0.946454 0.640073 0.105535 0.140038 0.952533
1 0.664624 0.482843 0.043148 0.13161 0.919794
4 0.16762 0.617422 0.0754258 0.090049 0.894683
4 0.259826 0.611087 0.0657821 0.077113 0.886432
7 0.433872 0.336282 0.0160919 0.0667352 0.880342
1 0.135892 0.50245 0.0359959 0.0870546 0.879554
4 0.521034 0.63692 0.0496794 0.149625 0.852053
7 0.568561 0.330573 0.0248837 0.0264046 0.840074
7 0.476572 0.334568 0.0233853 0.0262648 0.83706
1 0.491373 0.438935 0.0539776 0.0513566 0.833943
4 0.30043 0.618335 0.0463661 0.0736011 0.830349
7 0.519368 0.333498 0.0171669 0.0673962 0.779266
4 0.541606 0.598212 0.024713 0.0330668 0.715067
1 0.463767 0.525356 0.0205978 0.0315819 0.580709
2 0.958397 0.403786 0.00975482 0.0199236 0.337876
7 0.335675 0.411758 0.0173448 0.0150918 0.224999
2 0.963514 0.403923 0.0149005 0.0172119 0.22415
1 0.824793 0.562388 0.0113746 0.0136307 0.216433
1 0.82288 0.566583 0.0100909 0.0224787 0.16306
2 0.943248 0.367305 0.00793939 0.0134931 0.154485
2 0.957035 0.407789 0.0082099 0.0193479 0.136554
0 0.824681 0.592624 0.0119018 0.027262 0.13068
1 0.365918 0.418117 0.0455693 0.0201336 0.11349
2 0.943015 0.371952 0.00866223 0.0168344 0.107035
0 0.824015 0.603379 0.0164833 0.0315116 0.076671
8 0.847763 0.5976 0.00993701 0.0257474 0.072981
0 0.82563 0.609152 0.0137828 0.0301734 0.0711261
5 0.825691 0.612623 0.0156554 0.029063 0.0692357
1 0.906846 0.580459 0.0124086 0.0554857 0.068611
2 0.940925 0.372799 0.010874 0.0162478 0.0673048
0 0.814313 0.594652 0.00811084 0.0197187 0.0661038
2 0.256726 0.416147 0.0106333 0.0157958 0.0658351
1 0.825512 0.554098 0.0143386 0.0166367 0.0646171
4 0.876326 0.599362 0.0147504 0.0227072 0.0598565
0 0.847763 0.5976 0.00993701 0.0257474 0.0566919
4 0.796349 0.595598 0.0288273 0.0167086 0.0561373
7 0.614593 0.509286 0.0073783 0.0212203 0.0491808
0 0.743144 0.590315 0.00833411 0.0170823 0.0485317
0 0.745332 0.595544 0.00853131 0.0231558 0.0467896
8 0.876326 0.599362 0.0147504 0.0227072 0.0415947
1 0.556483 0.536206 0.0128431 0.0357106 0.0412234
1 0.778825 0.532546 0.011757 0.0231732 0.0410913
4 0.534421 0.595958 0.0331348 0.0525004 0.0403062
0 0.818147 0.589574 0.00784106 0.0180567 0.0399106
4 0.860223 0.599403 0.0204047 0.0246034 0.0371088
2 0.965644 0.407236 0.0162402 0.0200774 0.0367607
7 0.613276 0.512021 0.0064339 0.024248 0.0349483
4 0.7982 0.591173 0.0209832 0.0151259 0.033743
4 0.800829 0.597351 0.0275612 0.0241795 0.0327116
8 0.824743 0.61193 0.0160159 0.0315316 0.0322108
4 0.818147 0.589574 0.00784106 0.0180567 0.0314445
4 0.810157 0.590553 0.0123484 0.0171896 0.0305245
7 0.365664 0.418143 0.0452944 0.0196643 0.029101
0 0.876326 0.599362 0.0147504 0.0227072 0.0276408
0 0.754803 0.601788 0.0102717 0.0329084 0.02733
4 0.722334 0.591701 0.0134247 0.0189232 0.0267556
12 0.164719 0.558613 0.0441678 0.034715 0.0256384
7 0.391279 0.408646 0.00817371 0.0178945 0.0245049
8 0.824015 0.603379 0.0164833 0.0315116 0.0229543
4 0.87229 0.596997 0.0154319 0.0261719 0.0217002
2 0.39083 0.405718 0.00754703 0.0153616 0.0216111
4 0.847693 0.596966 0.00978796 0.0288032 0.0209797
1 0.825691 0.612623 0.0156554 0.029063 0.0208564
7 0.389053 0.40901 0.00652899 0.0133359 0.0204728
5 0.847763 0.5976 0.00993701 0.0257474 0.0203868
4 0.814313 0.594652 0.00811084 0.0197187 0.0200436
0 0.831256 0.599977 0.0141629 0.0225767 0.0200141
1 0.743144 0.590315 0.00833411 0.0170823 0.0199369
0 0.907321 0.604622 0.0137266 0.0285544 0.019298
7 0.767224 0.545203 0.00744568 0.0228471 0.0187813
4 0.741257 0.592174 0.0118962 0.016525 0.0183023
7 0.61081 0.509781 0.0104655 0.0127819 0.0169986
22 0.847763 0.5976 0.00993701 0.0257474 0.0168105
4 0.913074 0.60443 0.0173735 0.033579 0.0167454
2 0.255382 0.403765 0.0119297 0.0121134 0.0162976
7 0.614643 0.517096 0.00835339 0.0372587 0.0154279
4 0.907321 0.604622 0.0137266 0.0285544 0.0152104
7 0.82288 0.566583 0.0100909 0.0224787 0.0141962
2 0.268345 0.408661 0.00955481 0.0174864 0.0139169
2 0.268829 0.404246 0.00937943 0.013034 0.0138439
14 0.907321 0.604622 0.0137266 0.0285544 0.01349
4 0.518319 0.588013 0.041287 0.0501303 0.013178
14 0.847763 0.5976 0.00993701 0.0257474 0.0131428
8 0.814313 0.594652 0.00811084 0.0197187 0.0130185
4 0.922342 0.599488 0.0262364 0.0466366 0.0126539
4 0.824681 0.592624 0.0119018 0.027262 0.0125984
3 0.893735 0.604289 0.0116384 0.0247102 0.0125428
8 0.745332 0.595544 0.00853131 0.0231558 0.0124577
0 0.883028 0.602132 0.0129745 0.0245179 0.0123733
2 0.259433 0.407264 0.0104562 0.00875967 0.0120225
0 0.757828 0.594066 0.0128644 0.0228352 0.0115774
3 0.876326 0.599362 0.0147504 0.0227072 0.0115759
8 0.907321 0.604622 0.0137266 0.0285544 0.0115044
4 0.726546 0.594936 0.0205104 0.0197237 0.0114828
0 0.741257 0.592174 0.0118962 0.016525 0.0111667
8 0.883028 0.602132 0.0129745 0.0245179 0.0102161
8 0.848935 0.603244 0.00897473 0.0234065 0.0102062
4 0.745332 0.595544 0.00853131 0.0231558 0.010131
3 0.825691 0.612623 0.0156554 0.029063 0.0100938
8 0.893735 0.604289 0.0116384 0.0247102 0.0100184
14 0.876326 0.599362 0.0147504 0.0227072 0.00989874
4 0.850056 0.598595 0.0119734 0.0269095 0.00966052
1 0.530646 0.537008 0.0158362 0.019403 0.00957939
1 0.7155 0.575462 0.0069419 0.0181293 0.00927462
1 0.535195 0.559721 0.00973761 0.0161938 0.00889808
4 0.520507 0.601251 0.0459402 0.075927 0.00875962
3 0.907321 0.604622 0.0137266 0.0285544 0.00867574
4 0.951641 0.594403 0.08551 0.0496328 0.00864389
2 0.384747 0.405922 0.00858841 0.0158367 0.0085501
8 0.860223 0.599403 0.0204047 0.0246034 0.00848014
8 0.754803 0.601788 0.0102717 0.0329084 0.00790521
4 0.911098 0.608478 0.0282122 0.0464931 0.00788713
4 0.743144 0.590315 0.00833411 0.0170823 0.00779243
4 0.883028 0.602132 0.0129745 0.0245179 0.00772477
7 0.439737 0.450277 0.0122095 0.0183307 0.00768855
4 0.27616 0.59085 0.0352027 0.0368988 0.00725486
1 0.759611 0.576423 0.0100987 0.0210862 0.00720195
2 0.954605 0.380615 0.00965802 0.00915754 0.00719132
5 0.824015 0.603379 0.0164833 0.0315116 0.00703744
2 0.277998 0.450335 0.00769638 0.0228288 0.00701769
1 0.532412 0.547119 0.0133588 0.0390696 0.00696723
2 0.614593 0.509286 0.0073783 0.0212203 0.00689701
1 0.757971 0.587752 0.00852545 0.0175976 0.00687257
4 0.916702 0.595518 0.0188204 0.0346747 0.00682086
0 0.747763 0.601636 0.00877673 0.0262303 0.00681845
7 0.773491 0.539249 0.0122784 0.0331497 0.00658695
1 0.167256 0.555306 0.0380509 0.0363532 0.00656913
5 0.876326 0.599362 0.0147504 0.0227072 0.0065254
0 0.810157 0.590553 0.0123484 0.0171896 0.00650789
7 0.778825 0.532546 0.011757 0.0231732 0.00641071
8 0.831256 0.599977 0.0141629 0.0225767 0.00633348
0 0.757971 0.587752 0.00852545 0.0175976 0.00626819
2 0.305279 0.413744 0.00732755 0.0115229 0.00622768
12 0.463767 0.525356 0.0205978 0.0315819 0.00601027
4 0.714626 0.595287 0.0101251 0.0163936 0.0059924
4 0.534237 0.571771 0.0144634 0.0186807 0.00595196
1 0.804121 0.512017 0.0108925 0.0225843 0.00591317
2 0.335321 0.412525 0.0171879 0.0150945 0.00584718
0 0.913074 0.60443 0.0173735 0.033579 0.00580082
8 0.747763 0.601636 0.00877673 0.0262303 0.0056987
0 0.722334 0.591701 0.0134247 0.0189232 0.00562728
0 0.848935 0.603244 0.00897473 0.0234065 0.00559543
4 0.893735 0.604289 0.0116384 0.0247102 0.0054288
1 0.978132 0.465583 0.0134202 0.0413974 0.00542635
14 0.82563 0.609152 0.0137828 0.0301734 0.00527471
1 0.54029 0.543622 0.00821472 0.0380681 0.00522921
4 0.824015 0.603379 0.0164833 0.0315116 0.00520976
0 0.302197 0.574363 0.0112743 0.0163782 0.00519453
2 0.995079 0.386988 0.00768427 0.0438398 0.00516849
8 0.824681 0.592624 0.0119018 0.027262 0.00514589
2 0.993932 0.366423 0.0101119 0.0293403 0.00495703
8 0.87229 0.596997 0.0154319 0.0261719 0.00495584
0 0.714626 0.595287 0.0101251 0.0163936 0.00490913
4 0.831256 0.599977 0.0141629 0.0225767 0.00482191
7 0.563307 0.477984 0.0108961 0.0200253 0.00481962
4 0.302197 0.574363 0.0112743 0.0163782 0.00474281
4 0.299233 0.575085 0.0160117 0.0184111 0.00471054
1 0.61081 0.509781 0.0104655 0.0127819 0.00465408
4 0.77972 0.592274 0.0084195 0.0152279 0.00449272
1 0.847763 0.5976 0.00993701 0.0257474 0.00445598
0 0.893735 0.604289 0.0116384 0.0247102 0.00442673
12 0.906846 0.580459 0.0124086 0.0554857 0.00433723
0 0.87229 0.596997 0.0154319 0.0261719 0.00432599
6 0.849786 0.597735 0.0115565 0.0288718 0.00424828
2 0.441607 0.450885 0.0100752 0.0177237 0.00424077
8 0.799791 0.602403 0.0144005 0.0241727 0.00421106
1 0.569614 0.568986 0.00672888 0.0156772 0.00407492
15 0.722334 0.591701 0.0134247 0.0189232 0.00395342
22 0.519368 0.333498 0.0171669 0.0673962 0.00394718
8 0.818147 0.589574 0.00784106 0.0180567 0.00393677
2 0.994863 0.376349 0.00835053 0.028546 0.00390981
0 0.922342 0.599488 0.0262364 0.0466366 0.0038976
7 0.760573 0.545732 0.0115039 0.0194988 0.00389384
14 0.883028 0.602132 0.0129745 0.0245179 0.00387661
1 0.761585 0.554907 0.00890747 0.0158658 0.00384102
4 0.757828 0.594066 0.0128644 0.0228352 0.00382202
0 0.925272 0.594653 0.0164473 0.0430207 0.00380641
6 0.723932 0.592496 0.0142245 0.0174852 0.00379013
1 0.545943 0.541448 0.0137636 0.0355103 0.00376869
7 0.579427 0.47726 0.00802026 0.0135436 0.00376287
8 0.905034 0.612742 0.0188841 0.0309851 0.00375187
7 0.824793 0.562388 0.0113746 0.0136307 0.00374547
8 0.743144 0.590315 0.00833411 0.0170823 0.00373904
1 0.862728 0.571146 0.0141928 0.0191169 0.00372469
7 0.535195 0.559721 0.00973761 0.0161938 0.00364867
4 0.981538 0.561871 0.020835 0.0132046 0.00361863
4 0.925272 0.594653 0.0164473 0.0430207 0.00360881
1 0.818147 0.589574 0.00784106 0.0180567 0.0036079
1 0.594292 0.511128 0.038678 0.0168314 0.003593
0 0.906852 0.582393 0.0127081 0.0616915 0.00358148
4 0.754803 0.601788 0.0102717 0.0329084 0.00357425
3 0.848935 0.603244 0.00897473 0.0234065 0.00355397
4 0.757971 0.587752 0.00852545 0.0175976 0.00353474
2 0.61081 0.509781 0.0104655 0.0127819 0.00346361
2 0.296907 0.41832 0.010547 0.0119639 0.00342021
14 0.905667 0.580926 0.0140568 0.0568557 0.00341878
1 0.760573 0.545732 0.0115039 0.0194988 0.00339266
0 0.916702 0.595518 0.0188204 0.0346747 0.00334843
1 0.336064 0.411305 0.0181363 0.014578 0.00333692
7 0.532412 0.547119 0.0133588 0.0390696 0.00332529
2 0.614727 0.501978 0.00891785 0.0224658 0.00331937
4 0.496705 0.632668 0.0967323 0.158182 0.003273
3 0.899704 0.617228 0.0164627 0.0303673 0.00326933
7 0.52007 0.466895 0.00843744 0.0170457 0.00322619
4 0.530542 0.646746 0.032181 0.126184 0.00320274
5 0.814313 0.594652 0.00811084 0.0197187 0.00319731
2 0.595464 0.475287 0.00965729 0.0146124 0.00318471
7 0.743144 0.590315 0.00833411 0.0170823 0.00317603
1 0.83008 0.553334 0.0157779 0.0151313 0.00317119
1 0.824681 0.592624 0.0119018 0.027262 0.00315022
23 0.82563 0.609152 0.0137828 0.0301734 0.00312433
4 0.910344 0.615558 0.0349138 0.0674716 0.00311761
6 0.810157 0.590553 0.0123484 0.0171896 0.00311078
0 0.7982 0.591173 0.0209832 0.0151259 0.00310956
0 0.899385 0.603433 0.0115275 0.0270713 0.00309296
0 0.860223 0.599403 0.0204047 0.0246034 0.0030777
4 0.961854 0.5623 0.0616516 0.0157389 0.00307526
2 0.579427 0.47726 0.00802026 0.0135436 0.00303759
14 0.860223 0.599403 0.0204047 0.0246034 0.0030275
2 0.93583 0.366852 0.0116697 0.0132546 0.00302398
1 0.898403 0.578242 0.0185779 0.051272 0.00297068
2 0.970109 0.37409 0.0149445 0.0194299 0.002948
5 0.860223 0.599403 0.0204047 0.0246034 0.00294769
6 0.818147 0.589574 0.00784106 0.0180567 0.00292414
4 0.905317 0.621335 0.0254011 0.050974 0.0028913
4 0.915749 0.602598 0.0392086 0.0560027 0.00287764
3 0.883028 0.602132 0.0129745 0.0245179 0.00284248
4 0.905034 0.612742 0.0188841 0.0309851 0.00283331
3 0.905034 0.612742 0.0188841 0.0309851 0.00282295
4 0.767778 0.587458 0.00952106 0.0154723 0.00281659
8 0.899385 0.603433 0.0115275 0.0270713 0.00279213
1 0.825171 0.540671 0.0231595 0.0255986 0.00275901
9 0.82563 0.609152 0.0137828 0.0301734 0.00271192
1 0.767224 0.545203 0.00744568 0.0228471 0.0026457
0 0.897009 0.596291 0.0128158 0.0322903 0.00264193
0 0.77972 0.592274 0.0084195 0.0152279 0.0026031
2 0.406259 0.694558 0.240041 0.320648 0.00257286
7 0.759611 0.576423 0.0100987 0.0210862 0.00257055
2 0.248504 0.413093 0.0107757 0.0147586 0.0025576
22 0.47667 0.334657 0.0236352 0.0262077 0.00255406
0 0.167382 0.617376 0.075318 0.0902711 0.00254751
1 0.614593 0.509286 0.0073783 0.0212203 0.0025397
2 0.610009 0.497807 0.0091264 0.0145592 0.00251252
3 0.847763 0.5976 0.00993701 0.0257474 0.00249676
8 0.795038 0.596847 0.0364305 0.0195827 0.0024939
8 0.75263 0.613689 0.0108308 0.0203457 0.0024673
8 0.913074 0.60443 0.0173735 0.033579 0.00245676
0 0.456297 0.595426 0.0325359 0.042709 0.0024535
4 0.899385 0.603433 0.0115275 0.0270713 0.00245273
2 0.389053 0.40901 0.00652899 0.0133359 0.00244885
8 0.884352 0.615688 0.012114 0.0332625 0.00244697
2 0.365307 0.414765 0.0462967 0.0169166 0.0024434
0 0.614593 0.509286 0.0073783 0.0212203 0.00243835
7 0.323249 0.412745 0.0136786 0.0141783 0.00243823
7 0.906846 0.580459 0.0124086 0.0554857 0.00243778
2 0.936601 0.372226 0.0132112 0.0189557 0.00242357
1 0.613276 0.512021 0.0064339 0.024248 0.00241507
7 0.804121 0.512017 0.0108925 0.0225843 0.00233577
2 0.945385 0.400248 0.0105509 0.0178985 0.00232831
12 0.898403 0.578242 0.0185779 0.051272 0.00232742
7 0.595464 0.475287 0.00965729 0.0146124 0.00232132
3 0.799791 0.602403 0.0144005 0.0241727 0.00228451
15 0.818147 0.589574 0.00784106 0.0180567 0.00227893
22 0.43418 0.336268 0.0168959 0.0675205 0.00224225
14 0.754803 0.601788 0.0102717 0.0329084 0.00223962
6 0.824681 0.592624 0.0119018 0.027262 0.00223844
1 0.614643 0.517096 0.00835339 0.0372587 0.00223819
0 0.696385 0.598884 0.00764569 0.0191447 0.00218009
5 0.831256 0.599977 0.0141629 0.0225767 0.00217804
2 0.311892 0.412531 0.00997461 0.0147076 0.00216433
22 0.824743 0.61193 0.0160159 0.0315316 0.00215601
3 0.824015 0.603379 0.0164833 0.0315116 0.00215464
8 0.757828 0.594066 0.0128644 0.0228352 0.00214735
2 0.318764 0.406043 0.00721817 0.0160965 0.00213663
1 0.799282 0.516741 0.0204113 0.0301475 0.00212793
25 0.818147 0.589574 0.00784106 0.0180567 0.00212456
7 0.441312 0.44475 0.0111166 0.0246794 0.00211674
6 0.743144 0.590315 0.00833411 0.0170823 0.00208757
13 0.824681 0.592624 0.0119018 0.027262 0.0020655
8 0.899704 0.617228 0.0164627 0.0303673 0.00205181
14 0.905034 0.612742 0.0188841 0.0309851 0.00204065
1 0.766456 0.572814 0.00769794 0.0195396 0.00203652
7 0.311892 0.412531 0.00997461 0.0147076 0.00203497
4 0.848935 0.603244 0.00897473 0.0234065 0.00203222
1 0.773491 0.539249 0.0122784 0.0331497 0.00202716
4 0.82563 0.609152 0.0137828 0.0301734 0.00202665
7 0.614727 0.501978 0.00891785 0.0224658 0.0020254
8 0.741257 0.592174 0.0118962 0.016525 0.00200638
1 0.651687 0.474244 0.0180765 0.112536 0.00200123
7 0.435072 0.448448 0.00963486 0.0187316 0.00195706
4 0.764215 0.602153 0.0186564 0.0230613 0.00193911
1 0.79791 0.575788 0.0135031 0.0227158 0.00190572
8 0.519276 0.333618 0.0164983 0.0692264 0.00187201
15 0.741257 0.592174 0.0118962 0.016525 0.00186717
2 0.256876 0.425469 0.00897473 0.021161 0.00186094
1 0.723932 0.592496 0.0142245 0.0174852 0.00185693
1 0.441607 0.450885 0.0100752 0.0177237 0.0018504
7 0.610578 0.519162 0.0124553 0.0277138 0.00184149
