6 0.147051 0.666093 0.243445 0.259864 0.822417
7 0.658139 0.493135 0.0229384 0.0977731 0.777411
14 0.241996 0.678594 0.0517382 0.0727795 0.590346
1 0.97014 0.539275 0.0562763 0.0401667 0.478949
7 0.233223 0.222624 0.115653 0.0712325 0.0983778
7 0.233632 0.171798 0.116471 0.168307 0.0537435
14 0.905897 0.706971 0.0293098 0.0546429 0.0337307
1 0.233363 0.169217 0.117022 0.168426 0.0255346
14 0.248684 0.683956 0.0350923 0.0685928 0.0190086
1 0.230414 0.223296 0.0997318 0.0746621 0.0167443
4 0.407121 0.611352 0.0164619 0.0143048 0.0125697
14 0.224549 0.679843 0.0211741 0.0721878 0.0112662
2 0.991577 0.583254 0.0136865 0.0430323 0.0101444
7 0.181124 0.548327 0.0158514 0.0877859 0.00875506
2 0.75861 0.281905 0.0164875 0.0162316 0.00812053
7 0.65815 0.575432 0.0150209 0.063773 0.0072542
7 0.658059 0.549732 0.0227101 0.205655 0.00703538
4 0.416096 0.61111 0.0332338 0.0141762 0.00702559
4 0.40568 0.616451 0.013889 0.0130438 0.00697839
2 0.272462 0.0966323 0.0301096 0.0240955 0.00646805
3 0.854998 0.699231 0.018821 0.0693803 0.00507515
24 0.144462 0.660383 0.244953 0.245614 0.00495554
7 0.656737 0.563056 0.0180842 0.087522 0.0047906
2 0.763887 0.286774 0.0141549 0.0203165 0.00474284
2 0.230414 0.223296 0.0997318 0.0746621 0.0037176
2 0.971929 0.572808 0.0319872 0.0238465 0.00369978
4 0.536201 0.616059 0.0208458 0.0141379 0.00355087
7 0.102214 0.612657 0.0150854 0.0442086 0.00345985
4 0.415926 0.615057 0.0335711 0.0161339 0.00327561
7 0.752756 0.505087 0.0147971 0.029959 0.00320843
1 0.658227 0.495062 0.0222423 0.103346 0.00316297
7 0.633525 0.502638 0.0230999 0.0682855 0.00313559
2 0.278605 0.0441308 0.0403108 0.0271272 0.00310045
2 0.741357 0.285827 0.0101487 0.0188779 0.00296162
2 0.149203 0.166753 0.0155647 0.0275945 0.00292433
7 0.631722 0.523589 0.023694 0.107561 0.00258228
2 0.972669 0.382596 0.0181461 0.0240747 0.00220262
2 0.991531 0.383585 0.0131769 0.0265848 0.00215046
7 0.187438 0.560342 0.0179355 0.12295 0.0020613
7 0.185544 0.583585 0.0238641 0.255428 0.00200733
1 0.990911 0.583543 0.0141223 0.0459011 0.00197974
4 0.53365 0.612112 0.0262284 0.0162375 0.00188528
7 0.102693 0.602858 0.0180259 0.0651384 0.00172108
14 0.205743 0.679194 0.0415798 0.0723391 0.00170719
2 0.969911 0.538219 0.0564087 0.0380923 0.00166752
8 0.658284 0.493139 0.0235176 0.0974562 0.0016523
1 0.315221 0.679412 0.0174534 0.0744048 0.00164351
2 0.119772 0.453126 0.02016 0.0230483 0.00157402
7 0.621304 0.501891 0.0235323 0.06675 0.00151824
7 0.220544 0.205211 0.0908754 0.0386498 0.00145738
8 0.231236 0.223442 0.103803 0.0743914 0.00139541
2 0.415827 0.318764 0.0102728 0.0125788 0.00139101
2 0.978768 0.573853 0.0373513 0.0321954 0.00138329
8 0.904369 0.706401 0.0326213 0.0554642 0.00129743
1 0.630387 0.49308 0.018248 0.0547588 0.00126943
2 0.714948 0.463775 0.0124834 0.021682 0.0012603
7 0.712663 0.486394 0.0161371 0.0622114 0.00121029
7 0.643564 0.664892 0.0421323 0.143665 0.00119332
11 0.905704 0.705383 0.0297062 0.058853 0.00114322
14 0.23878 0.632732 0.0105396 0.0252591 0.0011214
7 0.655071 0.683167 0.0193114 0.1092 0.00111018
4 0.248884 0.574414 0.0214904 0.0325672 0.00104677
7 0.195586 0.49163 0.0215571 0.0747879 0.00104049
2 0.703371 0.608763 0.0107502 0.0144163 0.0010252
14 0.658363 0.690227 0.0193076 0.097766 0.00101724
