4 0.129595 0.788287 0.258794 0.381419 0.954148
4 0.509414 0.716001 0.140121 0.154024 0.947597
4 0.681446 0.715756 0.0838306 0.0940406 0.924733
4 0.618576 0.693971 0.0647324 0.0919275 0.913241
4 0.930835 0.715921 0.0373674 0.0437423 0.877848
4 0.757505 0.703461 0.0442769 0.0597264 0.875917
4 0.792848 0.69883 0.0315311 0.0525257 0.838834
1 0.899267 0.639362 0.030295 0.0244017 0.819787
7 0.112039 0.0481402 0.0478981 0.0962805 0.817575
4 0.184137 0.65398 0.117056 0.101387 0.788729
1 0.440867 0.60657 0.0236229 0.0604768 0.78827
1 0.778327 0.597767 0.0354854 0.0328772 0.732981
4 0.882365 0.693032 0.0143876 0.0145875 0.728832
1 0.383593 0.65546 0.0251827 0.0436688 0.607902
7 0.0297923 0.0251745 0.0595461 0.0503491 0.603109
7 0.312909 0.592925 0.0130332 0.0458461 0.588983
4 0.990005 0.70816 0.0166423 0.0223 0.565933
4 0.847359 0.690932 0.0130298 0.0140189 0.487939
7 0.154136 0.434313 0.0189351 0.0580136 0.426526
4 0.863862 0.692241 0.0108588 0.0116563 0.377546
7 0.16773 0.437796 0.0185098 0.0248313 0.303431
1 0.51658 0.625733 0.0108654 0.0275516 0.210593
4 0.906995 0.697602 0.00817334 0.0140781 0.192593
1 0.903932 0.670949 0.00920642 0.0166844 0.155194
1 0.817233 0.641179 0.0191295 0.0281664 0.150326
6 0.882365 0.693032 0.0143876 0.0145875 0.149685
1 0.813355 0.634031 0.028921 0.0220599 0.139789
1 0.904487 0.668188 0.0150399 0.0176022 0.139248
4 0.850177 0.688049 0.0136726 0.0177871 0.110392
1 0.902274 0.665828 0.0228428 0.0209395 0.109085
4 0.895304 0.693427 0.011047 0.0134621 0.103345
4 0.179521 0.637756 0.101352 0.0685932 0.0995236
2 0.240707 0.449474 0.0205038 0.0191175 0.0939637
7 0.413889 0.607361 0.0122545 0.054381 0.0932849
1 0.817716 0.65835 0.0124315 0.0163034 0.092519
4 0.883267 0.689037 0.0151712 0.0198036 0.0916167
1 0.749862 0.593376 0.0230206 0.0212348 0.0911594
4 0.866241 0.68815 0.00985022 0.0179951 0.0909813
6 0.59256 0.665225 0.0334041 0.0542124 0.082308
4 0.91417 0.701096 0.00987695 0.0152648 0.0760841
1 0.952232 0.628294 0.0127288 0.0178813 0.0607761
1 0.970105 0.658632 0.010823 0.0176449 0.060064
4 0.89888 0.692437 0.00920361 0.013113 0.0498587
1 0.951924 0.647535 0.0136029 0.0174126 0.0386985
6 0.883267 0.689037 0.0151712 0.0198036 0.0297291
1 0.810759 0.602271 0.0287672 0.0360997 0.0285437
1 0.98404 0.603441 0.0291447 0.0338066 0.0266449
4 0.728384 0.69307 0.017988 0.0232402 0.0245225
6 0.895304 0.693427 0.011047 0.0134621 0.0244959
1 0.809106 0.643557 0.0260371 0.0400957 0.0239133
1 0.415054 0.609006 0.0119654 0.05697 0.0227106
1 0.805223 0.663789 0.0160586 0.00917725 0.0224079
4 0.892217 0.686187 0.00850677 0.0151121 0.021314
4 0.903932 0.670949 0.00920642 0.0166844 0.0209621
1 0.898864 0.662624 0.0157907 0.0135361 0.0195142
2 0.238259 0.446462 0.0272173 0.0179912 0.0194493
4 0.967253 0.699916 0.031296 0.0300776 0.0187447
2 0.59134 0.561093 0.0196007 0.0259691 0.0186238
2 0.217323 0.447407 0.00960956 0.0153224 0.0180843
4 0.862537 0.697223 0.00826135 0.0202584 0.016554
5 0.882365 0.693032 0.0143876 0.0145875 0.0161536
2 0.238607 0.428983 0.0272603 0.0175321 0.0160214
4 0.243669 0.643173 0.0144067 0.0195207 0.0152809
4 0.834215 0.687569 0.0181878 0.0176519 0.014595
2 0.23234 0.422739 0.0141724 0.0180525 0.0138721
6 0.903932 0.670949 0.00920642 0.0166844 0.0134494
7 0.970105 0.658632 0.010823 0.0176449 0.0132833
42 0.59256 0.665225 0.0334041 0.0542124 0.0127152
6 0.963274 0.673043 0.0331843 0.0450978 0.0122438
7 0.162563 0.431513 0.018343 0.0442602 0.0114725
2 0.0294136 0.0247911 0.0588271 0.0495822 0.0113067
0 0.792215 0.699467 0.0338145 0.0539579 0.0112271
4 0.713407 0.690162 0.0178401 0.0336545 0.0112191
4 0.793081 0.682593 0.0289263 0.0277626 0.0111088
4 0.910673 0.70519 0.0126984 0.0247766 0.0107706
1 0.883617 0.66311 0.0127516 0.0163571 0.0106642
4 0.719315 0.693759 0.0112223 0.0277706 0.010429
1 0.885982 0.675587 0.0100925 0.0189192 0.0102199
6 0.960306 0.674596 0.0296578 0.0311211 0.0097021
2 0.241843 0.424107 0.018972 0.0188374 0.00966689
4 0.826961 0.689962 0.0122901 0.0160289 0.00958671
4 0.914185 0.69043 0.0117505 0.0283462 0.00947053
0 0.769846 0.669355 0.0167112 0.0231027 0.00943107
1 0.830941 0.661431 0.0115668 0.0136959 0.0094033
0 0.65569 0.680963 0.0163109 0.0278166 0.00934204
2 0.070134 0.338807 0.0287568 0.0151477 0.00895556
1 0.515572 0.625538 0.0171577 0.0306867 0.00883663
0 0.657103 0.675377 0.0194695 0.0362677 0.00880757
1 0.974667 0.660763 0.0126331 0.0189615 0.00862661
1 0.857631 0.660237 0.00879181 0.011964 0.00834003
2 0.729452 0.567153 0.00637769 0.0105806 0.00828968
4 0.904487 0.668188 0.0150399 0.0176022 0.00776594
1 0.960628 0.631138 0.0307274 0.0276358 0.00775967
15 0.882365 0.693032 0.0143876 0.0145875 0.00759332
6 0.906995 0.697602 0.00817334 0.0140781 0.00705674
4 0.65569 0.680963 0.0163109 0.0278166 0.00680286
4 0.236691 0.641251 0.0231852 0.0255953 0.00670896
2 0.627921 0.564299 0.00793445 0.0110664 0.00668374
2 0.0835707 0.341132 0.0123056 0.0124825 0.00605857
4 0.732267 0.690107 0.02065 0.027416 0.00594481
4 0.959329 0.69662 0.0298844 0.0318003 0.00590198
6 0.902274 0.665828 0.0228428 0.0209395 0.00584204
1 0.910132 0.662269 0.0166183 0.0179043 0.00582873
1 0.960306 0.674596 0.0296578 0.0311211 0.00578146
7 0.970206 0.651016 0.0108788 0.0189937 0.00561793
5 0.592089 0.672249 0.0352774 0.0715109 0.00556069
0 0.848816 0.690748 0.0113588 0.0131884 0.00549285
6 0.892217 0.686187 0.00850677 0.0151121 0.0053408
2 0.0859088 0.320768 0.0198618 0.015868 0.00529665
1 0.970206 0.651016 0.0108788 0.0189937 0.00515546
6 0.863862 0.692241 0.0108588 0.0116563 0.00512554
25 0.592231 0.671108 0.0353011 0.069024 0.00495569
6 0.866241 0.68815 0.00985022 0.0179951 0.00494171
1 0.749026 0.595988 0.0314991 0.0295469 0.00492041
6 0.618064 0.694783 0.0655968 0.0932695 0.00487116
6 0.847528 0.687968 0.0133958 0.0176284 0.00483911
1 0.963274 0.673043 0.0331843 0.0450978 0.00473929
12 0.805223 0.663789 0.0160586 0.00917725 0.00468665
12 0.962913 0.675508 0.0284462 0.0362113 0.00466038
2 0.657588 0.565535 0.00713281 0.00987927 0.00464607
6 0.89888 0.692437 0.00920361 0.013113 0.00461913
1 0.958196 0.633296 0.0237914 0.0195575 0.00456376
4 0.968771 0.706183 0.0324757 0.0287614 0.00455973
4 0.843094 0.696003 0.014681 0.0238603 0.0045476
2 0.202552 0.443946 0.0444951 0.0144211 0.00432197
1 0.9564 0.655362 0.0160917 0.0283848 0.00428129
4 0.81499 0.684664 0.0127485 0.0187691 0.00411033
4 0.812621 0.68987 0.0126487 0.018571 0.00410867
2 0.993016 0.6204 0.00962213 0.00909895 0.0040347
2 0.202876 0.447448 0.0305212 0.0183283 0.00395815
2 0.641143 0.564222 0.00726831 0.00920711 0.00393368
12 0.817716 0.65835 0.0124315 0.0163034 0.00387853
0 0.719315 0.693759 0.0112223 0.0277706 0.00385284
8 0.882365 0.693032 0.0143876 0.0145875 0.00381896
4 0.989797 0.69763 0.0176808 0.039408 0.00376655
2 0.621349 0.562506 0.00788886 0.0167895 0.00373725
4 0.951654 0.695482 0.0237318 0.0214871 0.00371819
0 0.895304 0.693427 0.011047 0.0134621 0.00368345
1 0.845106 0.663424 0.0120142 0.0133104 0.00360689
4 0.7665 0.676854 0.0231375 0.0166739 0.00360399
4 0.458604 0.681272 0.0190739 0.0231864 0.00350602
1 0.382892 0.630737 0.0205012 0.0226886 0.00339276
1 0.928051 0.648267 0.0129997 0.0188346 0.00332873
0 0.882365 0.693032 0.0143876 0.0145875 0.00331069
0 0.906995 0.697602 0.00817334 0.0140781 0.00324132
1 0.871234 0.659878 0.0111495 0.012738 0.0032255
1 0.15448 0.434479 0.0175287 0.0567906 0.00317152
8 0.863862 0.692241 0.0108588 0.0116563 0.00300937
15 0.903932 0.670949 0.00920642 0.0166844 0.00296732
4 0.769846 0.669355 0.0167112 0.0231027 0.00295772
4 0.993776 0.698822 0.0124486 0.0346848 0.00292838
1 0.861002 0.678115 0.00804187 0.0224322 0.00292717
8 0.906995 0.697602 0.00817334 0.0140781 0.00292489
1 0.823901 0.646039 0.0183896 0.0277334 0.00283705
2 0.0283361 0.498382 0.0118766 0.015789 0.00282554
4 0.744618 0.680777 0.0225773 0.0316049 0.00280331
12 0.903932 0.670949 0.00920642 0.0166844 0.0027809
12 0.769846 0.669355 0.0167112 0.0231027 0.00278021
4 0.657103 0.675377 0.0194695 0.0362677 0.00269547
6 0.989797 0.69763 0.0176808 0.039408 0.0026693
6 0.848816 0.690748 0.0113588 0.0131884 0.00266458
15 0.902274 0.665828 0.0228428 0.0209395 0.00259365
42 0.882365 0.693032 0.0143876 0.0145875 0.00258677
1 0.405458 0.607369 0.0243865 0.0466503 0.00257634
0 0.863862 0.692241 0.0108588 0.0116563 0.0025416
8 0.728384 0.69307 0.017988 0.0232402 0.00252823
4 0.775531 0.670155 0.0219247 0.0263921 0.00252502
1 0.978141 0.606273 0.0344646 0.0341237 0.00252112
2 0.241021 0.462408 0.0135833 0.0231902 0.00249671
2 0.621158 0.552543 0.00968878 0.0168861 0.00243423
1 0.779435 0.610279 0.0342155 0.0560004 0.00242041
2 0.715897 0.532873 0.00697559 0.0110539 0.00237828
7 0.951924 0.647535 0.0136029 0.0174126 0.00235618
6 0.914185 0.69043 0.0117505 0.0283462 0.00234356
8 0.862537 0.697223 0.00826135 0.0202584 0.0023217
22 0.899267 0.639362 0.030295 0.0244017 0.00227831
7 0.417468 0.616928 0.0180172 0.0723908 0.00225092
4 0.48651 0.659472 0.0524034 0.0455561 0.00224342
7 0.167407 0.444849 0.018594 0.0298161 0.00223209
1 0.892217 0.686187 0.00850677 0.0151121 0.00221388
8 0.719315 0.693759 0.0112223 0.0277706 0.00219438
2 0.0895415 0.342729 0.0115522 0.0155065 0.00219231
4 0.475591 0.665914 0.0543452 0.053586 0.00215516
6 0.982987 0.687311 0.0260851 0.0613545 0.00209915
6 0.972506 0.687428 0.0188434 0.0256192 0.00209721
4 0.896115 0.706176 0.0159438 0.0272473 0.00207205
4 0.791407 0.668915 0.0129688 0.0185147 0.00206649
1 0.90341 0.630419 0.0349548 0.0273615 0.00201017
4 0.686669 0.6832 0.0679341 0.0297138 0.0019916
6 0.959329 0.69662 0.0298844 0.0318003 0.00196327
1 0.770742 0.647383 0.00968658 0.0130698 0.00193789
24 0.592231 0.671108 0.0353011 0.069024 0.00192836
15 0.895304 0.693427 0.011047 0.0134621 0.00192603
1 0.914185 0.69043 0.0117505 0.0283462 0.00190503
0 0.89888 0.692437 0.00920361 0.013113 0.00190468
6 0.811386 0.671137 0.022038 0.016807 0.00189331
1 0.411636 0.607735 0.0135551 0.0545866 0.00188471
15 0.904487 0.668188 0.0150399 0.0176022 0.00187911
1 0.769846 0.669355 0.0167112 0.0231027 0.00187038
1 0.984564 0.619876 0.0257726 0.0132087 0.00186165
8 0.849795 0.691363 0.0141445 0.013101 0.00185741
0 0.347058 0.675633 0.010961 0.0439467 0.00185497
0 0.883267 0.689037 0.0151712 0.0198036 0.00184352
6 0.841029 0.677881 0.0146562 0.0216791 0.00182811
1 0.775531 0.670155 0.0219247 0.0263921 0.00181068
6 0.834215 0.687569 0.0181878 0.0176519 0.0018061
1 0.947748 0.657376 0.0229216 0.0245167 0.00179519
4 0.811386 0.671137 0.022038 0.016807 0.00178658
6 0.944564 0.686153 0.013311 0.0273862 0.00175166
4 0.243187 0.649729 0.0153074 0.0263975 0.00174563
8 0.91417 0.701096 0.00987695 0.0152648 0.001725
2 0.970105 0.658632 0.010823 0.0176449 0.00172037
1 0.796793 0.649377 0.00964655 0.0203612 0.00171431
12 0.512819 0.626875 0.0188949 0.0318229 0.00168339
4 0.861002 0.678115 0.00804187 0.0224322 0.00165656
1 0.818212 0.60204 0.0403606 0.0444411 0.00164646
6 0.885982 0.675587 0.0100925 0.0189192 0.001627
8 0.458604 0.681272 0.0190739 0.0231864 0.00162273
6 0.9564 0.655362 0.0160917 0.0283848 0.00162111
14 0.347263 0.679515 0.0104931 0.0366511 0.00161769
2 0.180634 0.448258 0.0184468 0.0216319 0.00160908
0 0.713407 0.690162 0.0178401 0.0336545 0.00160875
14 0.458604 0.681272 0.0190739 0.0231864 0.00160053
6 0.904487 0.668188 0.0150399 0.0176022 0.00160001
2 0.0687359 0.326095 0.0250995 0.013124 0.0015844
6 0.792215 0.699467 0.0338145 0.0539579 0.00156024
4 0.440763 0.606672 0.0235387 0.0617325 0.00155416
6 0.861002 0.678115 0.00804187 0.0224322 0.00155322
1 0.0561915 0.564203 0.0121743 0.026368 0.00155255
1 0.16773 0.437796 0.0185098 0.0248313 0.00153696
6 0.775531 0.670155 0.0219247 0.0263921 0.00152757
2 0.0645529 0.341153 0.0300032 0.0154779 0.00152238
1 0.791407 0.668915 0.0129688 0.0185147 0.00149588
5 0.792859 0.69875 0.0324232 0.0524721 0.00149151
4 0.954482 0.706417 0.0163859 0.0249521 0.00147456
6 0.993776 0.698822 0.0124486 0.0346848 0.00147401
4 0.719286 0.704369 0.0101568 0.0397532 0.00147356
12 0.791407 0.668915 0.0129688 0.0185147 0.00147225
6 0.970105 0.658632 0.010823 0.0176449 0.00146007
7 0.293257 0.58516 0.00894617 0.0318412 0.00145966
2 0.111639 0.0480568 0.0461148 0.0961119 0.00145586
2 0.16773 0.437796 0.0185098 0.0248313 0.00145132
7 0.205327 0.416517 0.0185334 0.0219021 0.0014505
4 0.594528 0.678078 0.0317435 0.0799171 0.00144846
6 0.967253 0.699916 0.031296 0.0300776 0.00144368
6 0.769846 0.669355 0.0167112 0.0231027 0.00144333
6 0.951654 0.695482 0.0237318 0.0214871 0.00143779
15 0.960306 0.674596 0.0296578 0.0311211 0.0014268
0 0.91417 0.701096 0.00987695 0.0152648 0.00141637
6 0.951924 0.647535 0.0136029 0.0174126 0.00141188
1 0.776484 0.646875 0.0173264 0.0214408 0.00140594
0 0.592288 0.671998 0.0359512 0.0699722 0.00140107
2 0.203056 0.430716 0.0481041 0.0283527 0.00139768
4 0.193644 0.637744 0.0990243 0.0520412 0.00139638
4 0.841029 0.677881 0.0146562 0.0216791 0.00139401
0 0.914185 0.69043 0.0117505 0.0283462 0.00133044
1 0.947689 0.632441 0.0141153 0.025485 0.00132817
0 0.775531 0.670155 0.0219247 0.0263921 0.00132547
4 0.910132 0.662269 0.0166183 0.0179043 0.00131898
2 0.201987 0.420458 0.0337773 0.0307018 0.00131422
5 0.863862 0.692241 0.0108588 0.0116563 0.00130826
4 0.462597 0.671994 0.0320455 0.0438617 0.00130539
2 0.0275972 0.435111 0.00848236 0.0170059 0.00129661
12 0.817233 0.641179 0.0191295 0.0281664 0.00128917
15 0.769846 0.669355 0.0167112 0.0231027 0.00128691
4 0.99068 0.72064 0.0159974 0.0441799 0.00126799
12 0.775531 0.670155 0.0219247 0.0263921 0.001258
2 0.351503 0.456109 0.0183844 0.0212168 0.00125129
2 0.167407 0.444849 0.018594 0.0298161 0.00124966
1 0.882365 0.693032 0.0143876 0.0145875 0.00124242
8 0.111639 0.0480568 0.0461148 0.0961119 0.00124081
6 0.81499 0.684664 0.0127485 0.0187691 0.00123738
1 0.493517 0.607901 0.0176109 0.0586921 0.00123596
7 0.394224 0.609549 0.0137515 0.0425845 0.00122612
1 0.993016 0.6204 0.00962213 0.00909895 0.0012178
0 0.793081 0.682593 0.0289263 0.0277626 0.00121365
2 0.66524 0.567541 0.00853748 0.0121783 0.00121114
15 0.885982 0.675587 0.0100925 0.0189192 0.00119406
5 0.895304 0.693427 0.011047 0.0134621 0.0011735
5 0.593152 0.659181 0.0320184 0.0421024 0.00117182
0 0.866241 0.68815 0.00985022 0.0179951 0.00116904
8 0.335058 0.681328 0.0105696 0.0269215 0.00114081
4 0.492957 0.645317 0.0323509 0.0170832 0.00113153
2 0.172438 0.436978 0.0222158 0.0186096 0.00111239
14 0.352742 0.679267 0.0186637 0.0367855 0.00110488
25 0.593152 0.659181 0.0320184 0.0421024 0.00110247
0 0.757411 0.701297 0.0446336 0.0567175 0.00109996
6 0.932794 0.673952 0.0224599 0.0258826 0.00108463
1 0.844155 0.650285 0.00987958 0.0186801 0.0010763
6 0.974667 0.660763 0.0126331 0.0189615 0.00104724
5 0.848816 0.690748 0.0113588 0.0131884 0.00104239
2 0.15563 0.432882 0.0185378 0.0537659 0.0010345
4 0.251511 0.643069 0.0115699 0.0177451 0.00102542
1 0.705697 0.561788 0.0396224 0.0239241 0.00101726
0 0.653903 0.687622 0.013179 0.022637 0.00101146
7 0.952232 0.628294 0.0127288 0.0178813 0.00100777
6 0.791407 0.668915 0.0129688 0.0185147 0.00100612
