6 0.476214 0.750659 0.0724166 0.104653 0.92761
1 0.490744 0.587551 0.0849658 0.11207 0.922666
4 0.386677 0.749173 0.100509 0.166994 0.90784
1 0.50455 0.693838 0.0518722 0.0323313 0.817746
1 0.512271 0.520674 0.0394098 0.02548 0.351853
1 0.468513 0.568135 0.0386284 0.0556568 0.0847738
2 0.556856 0.615392 0.00829114 0.0155793 0.0550823
6 0.336575 0.742647 0.0126617 0.0293459 0.0442164
1 0.500626 0.519508 0.0204608 0.0232916 0.0366229
4 0.432945 0.755246 0.00993848 0.0550185 0.0361867
4 0.336458 0.746882 0.0118477 0.0255653 0.025868
4 0.339049 0.742543 0.0119622 0.0349018 0.023862
2 0.55658 0.611529 0.00933417 0.0147821 0.023132
6 0.344493 0.743067 0.0129018 0.0312694 0.0215143
1 0.242852 0.735298 0.0118146 0.018017 0.0170856
2 0.554345 0.561117 0.00773779 0.0145085 0.015753
2 0.539671 0.616535 0.0106544 0.0145009 0.0150711
4 0.343338 0.752163 0.0148873 0.047595 0.0142979
6 0.432925 0.754665 0.0099346 0.0553812 0.014055
6 0.343338 0.752163 0.0148873 0.047595 0.0112039
4 0.434088 0.784411 0.00986044 0.0291291 0.00836836
2 0.55349 0.554867 0.00698816 0.013839 0.00819695
4 0.344493 0.743067 0.0129018 0.0312694 0.00655581
6 0.503442 0.694645 0.04865 0.0316774 0.0063957
1 0.497232 0.699241 0.0384676 0.0370533 0.00623695
1 0.456551 0.721081 0.0275621 0.0445325 0.00546556
2 0.544452 0.610778 0.0136537 0.0134146 0.00541142
2 0.540661 0.563584 0.0100063 0.0092132 0.00498113
1 0.506983 0.542957 0.0359798 0.0271076 0.00382667
22 0.432945 0.755246 0.00993848 0.0550185 0.00327718
1 0.344493 0.743067 0.0129018 0.0312694 0.0029566
1 0.336575 0.742647 0.0126617 0.0293459 0.00272176
6 0.434637 0.753498 0.0096741 0.0815463 0.00259753
4 0.434637 0.753498 0.0096741 0.0815463 0.00256461
4 0.337059 0.762614 0.0128128 0.026366 0.0025247
4 0.342259 0.77265 0.0152554 0.0710055 0.00228962
1 0.509983 0.537193 0.0443633 0.0383471 0.0020187
1 0.47593 0.74948 0.0724171 0.107627 0.00191849
19 0.489276 0.153414 0.956064 0.306828 0.0019137
4 0.439507 0.757568 0.0122911 0.0571092 0.00191129
1 0.432945 0.755246 0.00993848 0.0550185 0.00182315
6 0.339049 0.742543 0.0119622 0.0349018 0.00168058
5 0.475846 0.750039 0.0725383 0.106983 0.00164066
6 0.439507 0.757568 0.0122911 0.0571092 0.00158653
0 0.43235 0.754569 0.00958667 0.053797 0.00144683
1 0.238366 0.666207 0.0130604 0.0343592 0.00140679
1 0.479886 0.629776 0.0597339 0.0318578 0.00131161
6 0.335902 0.733525 0.0139197 0.0368924 0.00119849
15 0.38621 0.749368 0.100736 0.16742 0.00117174
1 0.238712 0.645037 0.0126393 0.0164026 0.00109626
4 0.475772 0.750349 0.0719528 0.104883 0.00106008
