4 0.119204 0.642461 0.237428 0.414762 0.946596
4 0.327548 0.616353 0.253856 0.279108 0.931659
4 0.895821 0.550584 0.078489 0.111502 0.92466
4 0.9459 0.546764 0.0585902 0.0963037 0.920481
1 0.682057 0.257213 0.0352873 0.0789403 0.90505
0 0.471534 0.569138 0.0741015 0.3022 0.903367
0 0.813766 0.578407 0.0632952 0.227526 0.895876
4 0.980908 0.540488 0.0381817 0.0815221 0.858025
8 0.811771 0.632973 0.0665947 0.200824 0.818575
3 0.468377 0.653572 0.0793749 0.202806 0.803363
0 0.852528 0.558371 0.0276382 0.147329 0.645205
1 0.0841189 0.381513 0.0643595 0.0637424 0.494384
0 0.353215 0.561983 0.029616 0.0305494 0.474935
0 0.95664 0.488327 0.0100103 0.0264327 0.444362
8 0.853728 0.588795 0.0294519 0.117907 0.380959
11 0.495287 0.521039 0.0281552 0.115959 0.197454
4 0.206041 0.51946 0.0831893 0.0774028 0.147821
0 0.17897 0.520953 0.023916 0.0655656 0.137257
4 0.990342 0.50874 0.0180714 0.0268531 0.134628
0 0.975869 0.492492 0.0118059 0.022031 0.114039
8 0.176509 0.523252 0.0255674 0.0559767 0.102181
0 0.850203 0.522852 0.0220026 0.073801 0.0947715
11 0.482764 0.524775 0.0479494 0.129099 0.0897655
8 0.469367 0.655724 0.0788187 0.201075 0.0833432
11 0.502361 0.551411 0.0182573 0.0626044 0.0806724
4 0.993707 0.495941 0.0120063 0.01524 0.0695503
0 0.354511 0.550884 0.028526 0.0513417 0.0612529
9 0.501587 0.558811 0.0187899 0.0489981 0.0520712
8 0.181734 0.533169 0.0269561 0.0513907 0.0486785
0 0.959572 0.486907 0.0106602 0.0233079 0.0420175
0 0.806521 0.511425 0.029324 0.0874676 0.0353727
4 0.975869 0.492492 0.0118059 0.022031 0.034982
8 0.170455 0.519115 0.0183795 0.053202 0.0335298
0 0.186544 0.520785 0.0423379 0.0716614 0.0325898
8 0.184865 0.527527 0.0186214 0.0563816 0.0319013
3 0.204789 0.538909 0.0275297 0.0344799 0.0275198
0 0.836233 0.523501 0.0240509 0.070098 0.0270916
0 0.85752 0.540134 0.0251129 0.0984007 0.0252237
0 0.170455 0.519115 0.0183795 0.053202 0.0251842
0 0.993707 0.495941 0.0120063 0.01524 0.0247097
9 0.497435 0.524307 0.025907 0.116071 0.0242389
5 0.467227 0.652618 0.0792242 0.20487 0.0236274
0 0.853082 0.49787 0.0184814 0.0256297 0.0224577
17 0.853082 0.49787 0.0184814 0.0256297 0.0221836
4 0.853702 0.557884 0.0272053 0.140104 0.0211255
3 0.449632 0.645972 0.0506764 0.191713 0.0207265
8 0.204789 0.538909 0.0275297 0.0344799 0.0204331
3 0.206137 0.519322 0.0824384 0.0792725 0.0203282
0 0.184865 0.527527 0.0186214 0.0563816 0.0196317
11 0.481574 0.508146 0.0270552 0.0897466 0.0191477
4 0.0846297 0.382461 0.0644395 0.062385 0.0188865
9 0.483568 0.517114 0.0398135 0.110103 0.0178992
13 0.853082 0.49787 0.0184814 0.0256297 0.0176222
3 0.85336 0.588713 0.0297924 0.12098 0.0166746
0 0.799209 0.516728 0.0339035 0.0892748 0.0156389
12 0.93828 0.474664 0.0445057 0.0430834 0.0134396
3 0.186544 0.520785 0.0423379 0.0716614 0.0133396
8 0.186544 0.520785 0.0423379 0.0716614 0.0127166
0 0.452728 0.512044 0.0252917 0.0961168 0.0118626
0 0.83557 0.506724 0.0210869 0.0723514 0.0106974
3 0.186945 0.536354 0.0267724 0.0449882 0.0102221
3 0.184865 0.527527 0.0186214 0.0563816 0.00950007
0 0.797429 0.536255 0.026379 0.0625687 0.00921473
0 0.862154 0.513401 0.0147026 0.0447856 0.00916748
8 0.16045 0.506235 0.020985 0.0473819 0.00888732
8 0.206612 0.518955 0.0834771 0.0785214 0.00838423
8 0.973699 0.492581 0.0153286 0.0216758 0.00806014
9 0.83533 0.533587 0.0251757 0.0745634 0.00781105
1 0.95664 0.488327 0.0100103 0.0264327 0.00763425
11 0.510819 0.556871 0.0178181 0.0498026 0.00746445
4 0.987998 0.486343 0.015054 0.0214065 0.00678649
14 0.973699 0.492581 0.0153286 0.0216758 0.00678284
0 0.16045 0.506235 0.020985 0.0473819 0.0066484
0 0.49539 0.51205 0.0231858 0.114131 0.00647572
5 0.973699 0.492581 0.0153286 0.0216758 0.00635753
0 0.164397 0.510559 0.0162898 0.0503774 0.00631628
4 0.467227 0.652618 0.0792242 0.20487 0.00627601
2 0.0845126 0.381852 0.0642174 0.0639316 0.00626092
9 0.481574 0.508146 0.0270552 0.0897466 0.00622355
8 0.164397 0.510559 0.0162898 0.0503774 0.00593298
3 0.179183 0.523019 0.0253466 0.0641775 0.00569398
3 0.171441 0.519579 0.026991 0.0597489 0.00568525
0 0.35591 0.577794 0.0292758 0.0692629 0.00497344
4 0.856005 0.551803 0.0347933 0.0928529 0.00483612
0 0.496306 0.463737 0.0151639 0.0254684 0.00473697
0 0.486567 0.568442 0.0470775 0.26243 0.00456965
8 0.95664 0.488327 0.0100103 0.0264327 0.0045468
0 0.961236 0.508031 0.0262316 0.0202842 0.00442664
14 0.143643 0.5026 0.0281973 0.0433574 0.00439372
9 0.471844 0.562004 0.0629298 0.217995 0.00435856
8 0.143643 0.5026 0.0281973 0.0433574 0.00424678
5 0.947075 0.547972 0.0569512 0.0999162 0.00422717
9 0.467435 0.490832 0.0208986 0.051204 0.00420251
8 0.160802 0.517529 0.0275604 0.0567986 0.00413721
11 0.496306 0.463737 0.0151639 0.0254684 0.0040147
9 0.850203 0.522852 0.0220026 0.073801 0.00392078
4 0.593444 0.507054 0.012034 0.0162929 0.00365829
9 0.486567 0.568442 0.0470775 0.26243 0.00362278
9 0.85184 0.561383 0.0262974 0.153681 0.00359331
0 0.181734 0.533169 0.0269561 0.0513907 0.00356435
7 0.95664 0.488327 0.0100103 0.0264327 0.00353704
0 0.802258 0.579692 0.0389278 0.143483 0.00347342
9 0.447635 0.543328 0.029232 0.0628842 0.00344273
8 0.993707 0.495941 0.0120063 0.01524 0.00332118
0 0.955541 0.482681 0.00994434 0.0364083 0.00324796
1 0.811733 0.632928 0.0671986 0.200249 0.00317873
2 0.828104 0.182102 0.0112991 0.0179146 0.00313179
0 0.458309 0.569704 0.0478646 0.221205 0.00312255
2 0.121799 0.26116 0.00729315 0.0155674 0.00308216
8 0.841082 0.619783 0.0318502 0.156615 0.0030628
0 0.863814 0.496297 0.015017 0.0192624 0.00288051
9 0.453338 0.525205 0.0377243 0.133552 0.00283106
8 0.853702 0.557884 0.0272053 0.140104 0.00281235
0 0.852917 0.592118 0.0303436 0.108732 0.00280065
11 0.471844 0.562004 0.0629298 0.217995 0.00274047
0 0.980755 0.540928 0.0377089 0.082594 0.00272358
10 0.502361 0.551411 0.0182573 0.0626044 0.0026831
17 0.817982 0.474936 0.0157537 0.0220563 0.00262636
0 0.954732 0.486958 0.0257507 0.0307553 0.00260829
0 0.814241 0.500814 0.0329048 0.068964 0.0025752
0 0.319216 0.471884 0.0122131 0.0123955 0.0025361
0 0.455087 0.520394 0.0398575 0.110741 0.00249708
11 0.467435 0.490832 0.0208986 0.051204 0.00248596
0 0.337398 0.560474 0.0225576 0.0410191 0.00247241
0 0.816029 0.51872 0.0375597 0.0677777 0.0024426
9 0.853197 0.593963 0.029813 0.111357 0.00235844
1 0.697607 0.363351 0.0323543 0.138257 0.00235015
14 0.206965 0.518662 0.0823618 0.0775658 0.00229471
3 0.480927 0.642394 0.0498774 0.16844 0.00221278
4 0.852917 0.592118 0.0303436 0.108732 0.00216544
14 0.95664 0.488327 0.0100103 0.0264327 0.00214959
8 0.856005 0.551803 0.0347933 0.0928529 0.00214396
4 0.993463 0.53944 0.0130741 0.0591353 0.00205782
14 0.937863 0.477436 0.0456516 0.046965 0.00202444
8 0.212623 0.535842 0.0555132 0.0530166 0.00201547
10 0.95664 0.488327 0.0100103 0.0264327 0.00201091
4 0.186544 0.520785 0.0423379 0.0716614 0.00199784
4 0.544999 0.512147 0.0130064 0.0174767 0.00196403
12 0.468481 0.653845 0.0802038 0.200802 0.00194472
0 0.160802 0.517529 0.0275604 0.0567986 0.00194312
9 0.816029 0.51872 0.0375597 0.0677777 0.00189048
4 0.640337 0.500199 0.0230137 0.0324011 0.00186791
4 0.959572 0.486907 0.0106602 0.0233079 0.00185749
4 0.917712 0.544474 0.0338864 0.0971808 0.00183791
0 0.637093 0.499717 0.0171038 0.0315559 0.00182949
2 0.0550074 0.338002 0.0111511 0.0130098 0.00179918
2 0.910697 0.430765 0.0147286 0.0260886 0.00177727
4 0.815266 0.578829 0.0622717 0.225733 0.00170857
9 0.510819 0.556871 0.0178181 0.0498026 0.00170662
9 0.797429 0.536255 0.026379 0.0625687 0.00165739
0 0.947067 0.547588 0.0576752 0.0989393 0.00162574
0 0.78969 0.521144 0.0250811 0.0671617 0.00161835
9 0.81671 0.575413 0.0586201 0.180509 0.00161687
5 0.853301 0.582709 0.0299469 0.124663 0.00158738
1 0.959572 0.486907 0.0106602 0.0233079 0.00154309
6 0.973699 0.492581 0.0153286 0.0216758 0.00154294
4 0.922818 0.558014 0.0254013 0.0929369 0.00151202
20 0.496306 0.463737 0.0151639 0.0254684 0.00150005
4 0.578591 0.508522 0.043532 0.0240473 0.00141549
4 0.0600238 0.459844 0.120048 0.051082 0.00139705
8 0.797429 0.536255 0.026379 0.0625687 0.00137658
0 0.995883 0.478138 0.00743427 0.0301617 0.0013705
3 0.164397 0.510559 0.0162898 0.0503774 0.00136303
17 0.814249 0.577944 0.0634424 0.228559 0.00134188
8 0.813045 0.582134 0.0642684 0.228204 0.00133999
1 0.975869 0.492492 0.0118059 0.022031 0.00128276
5 0.993707 0.495941 0.0120063 0.01524 0.00127889
11 0.83533 0.533587 0.0251757 0.0745634 0.00125243
0 0.206137 0.519322 0.0824384 0.0792725 0.00124466
12 0.938647 0.413324 0.0421976 0.0890706 0.00123422
11 0.850203 0.522852 0.0220026 0.073801 0.00121962
11 0.85184 0.561383 0.0262974 0.153681 0.00121261
6 0.993707 0.495941 0.0120063 0.01524 0.00120819
0 0.831195 0.500801 0.0229572 0.0767036 0.00120127
0 0.327671 0.616455 0.253311 0.278688 0.00119123
2 0.117768 0.640703 0.235536 0.419313 0.00118893
4 0.961236 0.508031 0.0262316 0.0202842 0.00117979
9 0.450853 0.584896 0.028792 0.0561468 0.00117949
0 0.845601 0.489465 0.0223118 0.0541146 0.00116693
7 0.959572 0.486907 0.0106602 0.0233079 0.00116096
4 0.171441 0.519579 0.026991 0.0597489 0.00116075
2 0.753196 0.372512 0.00945416 0.0140372 0.00115281
8 0.793926 0.593741 0.0309061 0.119967 0.00114244
17 0.850207 0.518227 0.0198781 0.0674808 0.00113291
0 0.145099 0.50298 0.0272196 0.0440707 0.00112179
4 0.62435 0.504265 0.0297775 0.0214089 0.0011129
5 0.449632 0.645972 0.0506764 0.191713 0.00110539
9 0.806161 0.521008 0.0321056 0.0851076 0.00110115
0 0.856005 0.551803 0.0347933 0.0928529 0.00108543
12 0.954732 0.486958 0.0257507 0.0307553 0.00107354
11 0.482735 0.467639 0.0205252 0.0264939 0.00106388
4 0.816029 0.51872 0.0375597 0.0677777 0.00105797
8 0.959572 0.486907 0.0106602 0.0233079 0.00105314
3 0.16045 0.506235 0.020985 0.0473819 0.00104336
9 0.452728 0.512044 0.0252917 0.0961168 0.00103897
4 0.787428 0.500696 0.0216274 0.0399428 0.00103006
4 0.602083 0.507215 0.0214062 0.0177498 0.00102297
0 0.990342 0.50874 0.0180714 0.0268531 0.00102164
4 0.179183 0.523019 0.0253466 0.0641775 0.001017
8 0.864524 0.580519 0.0460369 0.145726 0.0010156
18 0.973699 0.492581 0.0153286 0.0216758 0.00101533
4 0.910066 0.532098 0.0445133 0.0734857 0.00101513
