10 0.743351 0.486202 0.0732772 0.206621 0.938551
10 0.682165 0.478714 0.0353293 0.194105 0.883754
10 0.545689 0.483469 0.0515194 0.198998 0.841579
10 0.631818 0.537287 0.0472486 0.0652788 0.566186
29 0.597157 0.777245 0.467841 0.18241 0.426848
10 0.359822 0.48686 0.0636017 0.152549 0.245261
29 0.599577 0.717848 0.49376 0.332809 0.0328049
10 0.576812 0.542497 0.0395944 0.061586 0.022768
29 0.559285 0.770331 0.721711 0.417258 0.00853414
0 0.493335 0.0192843 0.246241 0.0385686 0.00551245
10 0.59319 0.533946 0.0505134 0.057617 0.00464578
35 0.494998 0.0196634 0.25265 0.0393268 0.00270963
29 0.542849 0.700182 0.349105 0.236636 0.00205297
10 0.421626 0.53858 0.0593906 0.0483424 0.00189588
10 0.584104 0.0192138 0.0542337 0.0384276 0.00139647
10 0.683837 0 0.102656 0 0.00136574
10 0.598135 0.538299 0.0816842 0.0652749 0.00135923
58 0.598182 0.731065 0.713958 0.533317 0.00121401
10 0.660159 0.537603 0.0185826 0.0554063 0.00107572
35 0.567872 0.0196054 0.102285 0.0392107 0.00104783
9 0.493335 0.0192843 0.246241 0.0385686 0.00103813
