18 0.241632 0.458977 0.226804 0.453282 0.941313
18 0.486927 0.453936 0.181703 0.413979 0.875902
18 0.712105 0.455361 0.176449 0.428821 0.618578
18 0.248981 0.923494 0.125971 0.152125 0.341897
17 0.494133 0.454902 0.168812 0.418922 0.0831153
18 0.478208 0.611087 0.223149 0.770511 0.0569931
19 0.829159 0.462116 0.02928 0.627594 0.0397119
34 0.951811 0.125792 0.0932954 0.242496 0.0306344
31 0.951331 0.130451 0.0943885 0.253999 0.0277477
53 0.53431 0.916275 0.0829931 0.165862 0.0160075
34 0.767936 0.89001 0.130587 0.216988 0.0105925
18 0.477565 0.762816 0.228458 0.466394 0.00720796
18 0.768827 0.892107 0.132832 0.213168 0.00679338
30 0.924247 0.204025 0.0359799 0.0732197 0.00466302
17 0.951654 0.124736 0.0935444 0.240067 0.00449931
49 0.769096 0.890649 0.132783 0.215012 0.00383814
44 0.494133 0.454902 0.168812 0.418922 0.00378856
53 0.249355 0.92287 0.123407 0.150889 0.00370449
2 0.00423354 0.466923 0.00846708 0.0336246 0.00364939
49 0.951857 0.130462 0.0942091 0.249217 0.00359455
9 0.951054 0.126162 0.0945114 0.245514 0.00339604
55 0.493265 0.453463 0.16856 0.416479 0.00328372
13 0.482252 0.372944 0.141137 0.272874 0.00282697
31 0.924179 0.204268 0.0364898 0.0707028 0.00263436
30 0.951857 0.130462 0.0942091 0.249217 0.00259457
11 0.951331 0.130451 0.0943885 0.253999 0.00256898
4 0.951857 0.130462 0.0942091 0.249217 0.00248304
49 0.927846 0.202315 0.0422614 0.083239 0.00241984
18 0.771948 0.937448 0.137227 0.122072 0.00239982
18 0.719287 0.615038 0.190295 0.765657 0.00203749
34 0.493265 0.453463 0.16856 0.416479 0.00185037
8 0.665682 0.895404 0.35056 0.205925 0.0017226
9 0.768827 0.892107 0.132832 0.213168 0.00153733
60 0.850312 0.294314 0.0194666 0.222513 0.00151772
2 0.951054 0.126162 0.0945114 0.245514 0.00108053
7 0.924247 0.204025 0.0359799 0.0732197 0.00104326
53 0.768827 0.892107 0.132832 0.213168 0.00101485
