34 0.325501 0.511087 0.122619 0.123915 0.842218
13 0.324212 0.511197 0.125205 0.124991 0.142691
2 0.325682 0.510966 0.122846 0.12481 0.0629707
60 0.325673 0.510725 0.122884 0.125147 0.00745037
33 0.325112 0.510327 0.122722 0.12438 0.00371301
57 0.487256 0.106449 0.974513 0.212898 0.0029245
10 0.325673 0.510725 0.122884 0.125147 0.00256773
43 0.487256 0.106449 0.974513 0.212898 0.0020846
45 0.325673 0.510725 0.122884 0.125147 0.00172216
2 0.758377 0.397753 0.0117595 0.0183551 0.00145477
19 0.526567 0.5 0.946865 1 0.00134352
