8 0.543187 0.790872 0.0499137 0.138282 0.763884
23 0.542511 0.793 0.0451868 0.133859 0.193951
22 0.416593 0.812132 0.0114258 0.0325548 0.110563
2 0.353277 0.350194 0.0120169 0.0167935 0.0895776
18 0.404614 0.804352 0.0196796 0.0446945 0.0674042
5 0.543068 0.791519 0.0466727 0.136539 0.0573871
2 0.34142 0.485311 0.00866281 0.0193905 0.0498449
2 0.420143 0.354799 0.0165923 0.014975 0.0406898
2 0.417419 0.338636 0.0169884 0.0149082 0.0391617
19 0.0460074 0.962049 0.0920149 0.0724195 0.0326641
18 0.396601 0.805105 0.0175435 0.0479097 0.0318936
2 0.425523 0.34705 0.0158619 0.017175 0.0306875
2 0.471352 0.352197 0.00868472 0.0193107 0.0297511
2 0.425771 0.352624 0.0129772 0.0164802 0.0286491
2 0.365879 0.360254 0.0108597 0.0114199 0.028622
2 0.438786 0.353013 0.0121632 0.0167304 0.0225103
2 0.412303 0.355798 0.0160837 0.0148068 0.020843
2 0.668369 0.233504 0.0233773 0.0167096 0.0196864
2 0.630064 0.345208 0.018148 0.01536 0.0173377
18 0.416593 0.812132 0.0114258 0.0325548 0.0167486
14 0.541469 0.794054 0.04346 0.131428 0.0155708
2 0.353539 0.244376 0.010521 0.0206052 0.0155085
2 0.619693 0.346052 0.0193586 0.0137203 0.0152418
2 0.552237 0.625534 0.011415 0.0161323 0.0132696
2 0.636677 0.256202 0.00994824 0.0133071 0.0127709
2 0.413311 0.344278 0.0159123 0.017085 0.0125357
16 0.338115 0.895019 0.0158829 0.0316751 0.0124125
32 0.391439 0.805365 0.0190571 0.0524311 0.0118019
2 0.639973 0.241879 0.0140355 0.0173923 0.0112641
2 0.627584 0.226179 0.0196647 0.0212678 0.0110906
2 0.588289 0.353073 0.0124039 0.0216185 0.0109262
18 0.391439 0.805365 0.0190571 0.0524311 0.0108499
2 0.340486 0.481192 0.00872446 0.0193936 0.0108426
19 0.404604 0.80286 0.0213493 0.0481403 0.0106902
18 0.412808 0.80798 0.00991144 0.0419773 0.0106338
2 0.638953 0.236944 0.0184818 0.0201212 0.0103789
19 0.397765 0.802199 0.0242773 0.0522241 0.0097815
2 0.534838 0.367331 0.00762939 0.0117914 0.00951558
2 0.989031 0.16942 0.014668 0.0128996 0.00940601
2 0.533705 0.359617 0.00914001 0.0125479 0.00935866
22 0.586918 0.844434 0.0163661 0.0226125 0.00905821
2 0.589911 0.349173 0.0113603 0.0166209 0.00896796
2 0.659945 0.235571 0.0191238 0.0208001 0.00883522
2 0.520103 0.358663 0.0088783 0.0128246 0.00835207
2 0.344921 0.253846 0.0129663 0.0150053 0.00820296
2 0.34207 0.260167 0.0113868 0.0195918 0.00795143
2 0.668756 0.241466 0.034838 0.0299591 0.00794231
2 0.623914 0.225777 0.0125451 0.0170609 0.00793343
2 0.418727 0.339542 0.0190904 0.0237943 0.00792885
2 0.505803 0.360338 0.00838138 0.0103342 0.0079157
2 0.605312 0.360078 0.0136849 0.0162569 0.00779576
32 0.404604 0.80286 0.0213493 0.0481403 0.00774272
8 0.563615 0.72364 0.0220292 0.0218852 0.0077165
2 0.622175 0.35471 0.0203463 0.0217714 0.00769061
32 0.412808 0.80798 0.00991144 0.0419773 0.00714624
2 0.415744 0.362085 0.0124189 0.0177724 0.00703278
2 0.632117 0.228711 0.015045 0.0255067 0.00698232
14 0.404604 0.80286 0.0213493 0.0481403 0.00675677
2 0.533871 0.376385 0.00795459 0.0153883 0.00639967
2 0.584211 0.361189 0.0159783 0.0172227 0.00637119
2 0.551959 0.634351 0.0100267 0.0259695 0.00633028
2 0.640191 0.260007 0.0118989 0.0195781 0.00611458
2 0.637371 0.344886 0.0138068 0.0166545 0.00586076
2 0.354608 0.236437 0.0161766 0.0209814 0.00572079
22 0.413825 0.806281 0.0159676 0.0437459 0.00550809
2 0.660194 0.24104 0.0215615 0.0288486 0.00545393
2 0.377829 0.478548 0.0201792 0.0772391 0.00533403
0 0.542792 0.789832 0.04641 0.139644 0.00507067
2 0.369246 0.375076 0.00878449 0.0162815 0.00487979
2 0.339325 0.258555 0.0118589 0.0178956 0.0048569
22 0.422985 0.809952 0.0171728 0.0330894 0.00481456
18 0.413825 0.806281 0.0159676 0.0437459 0.00456738
2 0.390618 0.456706 0.0152227 0.0174172 0.00441845
4 0.563615 0.72364 0.0220292 0.0218852 0.00429226
32 0.396601 0.805105 0.0175435 0.0479097 0.00424654
2 0.607695 0.344067 0.0118077 0.013835 0.0041698
16 0.543068 0.791519 0.0466727 0.136539 0.00394073
3 0.416593 0.812132 0.0114258 0.0325548 0.00393522
2 0.342372 0.395731 0.0123862 0.0195477 0.00375188
2 0.422279 0.324695 0.0199448 0.0268036 0.00365217
2 0.62878 0.22029 0.017036 0.0211621 0.00362748
2 0.634629 0.259516 0.010427 0.0180563 0.00353436
32 0.383371 0.809484 0.0236014 0.043708 0.00350749
1 0.552237 0.625534 0.011415 0.0161323 0.00340746
2 0.353919 0.260517 0.0128234 0.0229961 0.00322165
18 0.338115 0.895019 0.0158829 0.0316751 0.0031822
18 0.385379 0.80239 0.0229374 0.0537032 0.00302183
2 0.510969 0.365348 0.00799878 0.0124234 0.00294264
2 0.661415 0.25051 0.0182972 0.0202316 0.00280699
2 0.357929 0.654462 0.00706165 0.0136304 0.00274961
2 0.600967 0.300033 0.0097392 0.0162122 0.0026372
8 0.338275 0.893912 0.0147424 0.0330832 0.00263448
2 0.362433 0.362831 0.00830591 0.0182358 0.00261177
3 0.397765 0.802199 0.0242773 0.0522241 0.00260649
2 0.652591 0.132386 0.0132769 0.0189247 0.00257505
22 0.404614 0.804352 0.0196796 0.0446945 0.00253787
13 0.561442 0.724658 0.0205844 0.0191603 0.00246833
2 0.349966 0.351533 0.0171577 0.0202465 0.00238365
2 0.339249 0.658008 0.01016 0.0182745 0.00238035
2 0.272373 0.396515 0.00971298 0.0185932 0.00237818
4 0.552237 0.625534 0.011415 0.0161323 0.00232665
18 0.402569 0.797769 0.0286528 0.0568279 0.00221812
2 0.438563 0.359262 0.0128983 0.0228404 0.00218711
1 0.551959 0.634351 0.0100267 0.0259695 0.00218355
30 0.438786 0.353013 0.0121632 0.0167304 0.00209681
32 0.378488 0.830036 0.03407 0.0667987 0.0020824
2 0.407224 0.207438 0.00810599 0.0170517 0.00204575
8 0.569911 0.739517 0.0262173 0.0477075 0.00202467
2 0.634753 0.246963 0.0148317 0.0217387 0.00200087
22 0.59295 0.818133 0.0298181 0.0760271 0.00199115
35 0.404614 0.804352 0.0196796 0.0446945 0.00194966
35 0.402569 0.797769 0.0286528 0.0568279 0.0019338
32 0.370047 0.823453 0.0216422 0.0510436 0.00192002
2 0.336783 0.485713 0.0126893 0.019104 0.00191262
22 0.396601 0.805105 0.0175435 0.0479097 0.00187151
14 0.412808 0.80798 0.00991144 0.0419773 0.00186898
2 0.37032 0.435478 0.0348669 0.0292666 0.00186703
2 0.648517 0.124407 0.0213192 0.0291145 0.00185684
22 0.593971 0.844559 0.0289662 0.0210781 0.00178849
3 0.385379 0.80239 0.0229374 0.0537032 0.00175002
3 0.404614 0.804352 0.0196796 0.0446945 0.00169026
36 0.404604 0.80286 0.0213493 0.0481403 0.00162431
2 0.406346 0.199078 0.00851172 0.0149273 0.00159765
3 0.542792 0.789832 0.04641 0.139644 0.00158237
2 0.538643 0.354452 0.0107596 0.0146816 0.00157814
2 0.609626 0.364667 0.00961658 0.0160929 0.0015659
32 0.416593 0.812132 0.0114258 0.0325548 0.00155286
22 0.412808 0.80798 0.00991144 0.0419773 0.00154039
2 0.474743 0.350704 0.0124645 0.0179511 0.00152391
2 0.49606 0.363151 0.0069859 0.00933982 0.00152079
2 0.329496 0.653358 0.0110031 0.0251862 0.00150031
2 0.336117 0.478316 0.0111032 0.0164556 0.00139607
2 0.648034 0.130484 0.0185519 0.0208813 0.00136948
32 0.338115 0.895019 0.0158829 0.0316751 0.00128971
3 0.392344 0.801834 0.0247831 0.0575237 0.00124591
3 0.563615 0.72364 0.0220292 0.0218852 0.00117851
8 0.569452 0.701681 0.0112684 0.02661 0.00117821
35 0.416593 0.812132 0.0114258 0.0325548 0.00117005
19 0.385379 0.80239 0.0229374 0.0537032 0.00115442
4 0.569795 0.727829 0.0254727 0.0373235 0.00114833
8 0.562519 0.710448 0.0203198 0.0365356 0.00114712
18 0.422985 0.809952 0.0171728 0.0330894 0.00114256
8 0.569795 0.727829 0.0254727 0.0373235 0.00111595
2 0.652177 0.258745 0.0174379 0.0203478 0.00111369
16 0.338697 0.885167 0.0159145 0.0512664 0.00110485
4 0.551959 0.634351 0.0100267 0.0259695 0.00105029
3 0.412808 0.80798 0.00991144 0.0419773 0.00101835
