31 0.663592 0.537631 0.283121 0.373464 0.94256
30 0.172243 0.101708 0.0292993 0.0388044 0.450862
10 0.509654 0.276756 0.0144737 0.0423802 0.157526
30 0.0208395 0.0534905 0.0405774 0.087623 0.0558661
10 0.470512 0.283027 0.0205976 0.0223164 0.0405665
30 0.0682048 0.0554602 0.108947 0.0958148 0.0336598
19 0.951442 0.841505 0.0937662 0.31699 0.0324691
30 0.175848 0.0670129 0.0687864 0.108289 0.026385
60 0.0935633 0.228645 0.0118259 0.0222508 0.0171184
2 0.0214137 0.0424429 0.0392341 0.0678496 0.0122442
60 0.103543 0.409173 0.0193728 0.021422 0.0109075
30 0.0914026 0.056976 0.0611391 0.0948347 0.0108198
10 0.488176 0.28779 0.0117693 0.0167751 0.0107624
60 0.114157 0.411889 0.0248014 0.0216762 0.00996164
60 0.0938254 0.237245 0.0115629 0.0375689 0.0097432
60 0.124251 0.241354 0.0752664 0.0457788 0.0085255
49 0.17233 0.101805 0.0288279 0.0374661 0.00804681
10 0.597907 0.286207 0.0166202 0.0354883 0.00645805
60 0.107841 0.273108 0.0220574 0.017142 0.00624425
60 0.115165 0.27389 0.0210147 0.0173344 0.00546316
60 0.150965 0.248707 0.0190111 0.0314342 0.00524289
60 0.174212 0.236407 0.0286156 0.0406993 0.00497707
30 0.124337 0.239938 0.0722104 0.0442091 0.00449253
60 0.0968751 0.271402 0.0136168 0.0168247 0.00402107
10 0.587946 0.286902 0.0326912 0.0342682 0.00393307
60 0.109859 0.405284 0.0347661 0.0226197 0.00382895
60 0.154058 0.241769 0.0237436 0.0437474 0.00371324
30 0.0935633 0.228645 0.0118259 0.0222508 0.00342793
60 0.100885 0.237497 0.0242947 0.0377139 0.00335583
30 0.115165 0.27389 0.0210147 0.0173344 0.00298251
10 0.477916 0.285437 0.0319093 0.0208949 0.00280945
10 0.55486 0.277303 0.0146202 0.0353385 0.00272544
30 0.178819 0.0714844 0.0412883 0.0981803 0.00270421
29 0.58035 0.288142 0.0475446 0.034121 0.00259527
4 0.580896 0.287152 0.046929 0.0364744 0.00243286
30 0.0938254 0.237245 0.0115629 0.0375689 0.00228373
2 0.29377 0.289673 0.0101498 0.0164337 0.00223675
2 0.171931 0.102209 0.0304332 0.0392147 0.00219577
21 0.951836 0.841456 0.0937329 0.317089 0.00207818
60 0.123852 0.53395 0.0609652 0.0349332 0.00202961
1 0.171931 0.102209 0.0304332 0.0392147 0.001903
2 0.21843 0.429003 0.00926274 0.0149918 0.00190256
10 0.499176 0.278394 0.025725 0.0356867 0.00181405
60 0.132456 0.411834 0.0556457 0.020861 0.00166496
10 0.559762 0.28204 0.0247311 0.0374906 0.00162051
30 0.176702 0.0952187 0.0376832 0.0504789 0.00157045
60 0.100259 0.406304 0.0166682 0.0212988 0.00144869
60 0.587946 0.286902 0.0326912 0.0342682 0.00138684
60 0.171931 0.102209 0.0304332 0.0392147 0.00134889
60 0.108196 0.247627 0.0379532 0.0311473 0.00133588
19 0.58035 0.288142 0.0475446 0.034121 0.00133384
2 0.272252 0.434491 0.0102406 0.0176398 0.00128209
2 0.0935633 0.228645 0.0118259 0.0222508 0.00124229
2 0.109994 0.133949 0.0131854 0.0167947 0.00122621
2 0.271087 0.288949 0.0110429 0.0137684 0.00121744
35 0.581749 0.283507 0.0417466 0.0352666 0.00121597
60 0.115729 0.244816 0.0522653 0.0383179 0.00115782
56 0.509852 0.276409 0.014435 0.0427916 0.00115466
2 0.107841 0.273108 0.0220574 0.017142 0.0011289
49 0.0204391 0.0537655 0.0392866 0.0913433 0.00110569
56 0.471191 0.283019 0.021576 0.0241447 0.00109997
30 0.107841 0.273108 0.0220574 0.017142 0.00109823
30 0.115729 0.244816 0.0522653 0.0383179 0.00100788
