4 0.382596 0.832892 0.0509471 0.113717 0.905
1 0.281579 0.469174 0.0912241 0.102708 0.832326
5 0.417485 0.452023 0.0193037 0.0293448 0.760299
8 0.280784 0.65568 0.0137843 0.0328664 0.434135
0 0.280441 0.642995 0.0151026 0.0385511 0.43131
0 0.280026 0.634246 0.0142631 0.0242537 0.404584
4 0.480002 0.323533 0.00835559 0.013341 0.356082
4 0.290399 0.959207 0.0875449 0.079129 0.323515
4 0.417485 0.452023 0.0193037 0.0293448 0.204838
8 0.280441 0.642995 0.0151026 0.0385511 0.169987
4 0.444635 0.347161 0.0134682 0.0133313 0.135653
6 0.483872 0.296565 0.0109921 0.0171253 0.119051
8 0.417485 0.452023 0.0193037 0.0293448 0.108593
4 0.488619 0.323107 0.0101307 0.0150702 0.108589
4 0.452356 0.348583 0.00784866 0.0139278 0.0858142
0 0.280784 0.65568 0.0137843 0.0328664 0.0814009
4 0.31405 0.983035 0.0278752 0.0327025 0.0773268
4 0.482993 0.325721 0.0102512 0.015697 0.0760868
4 0.483872 0.296565 0.0109921 0.0171253 0.0742207
14 0.658742 0.439396 0.00945221 0.0275551 0.0695498
1 0.483617 0.297157 0.0108137 0.0148836 0.0681638
5 0.489274 0.450217 0.0172498 0.0280111 0.0646816
14 0.417682 0.452884 0.0203045 0.0320623 0.0556688
8 0.444251 0.476206 0.00682336 0.0173396 0.0527477
8 0.444492 0.48765 0.00835223 0.029185 0.0503279
14 0.670244 0.447259 0.0084964 0.0239745 0.0438718
8 0.280718 0.665928 0.0131536 0.0301754 0.0424962
1 0.58312 0.360183 0.00787476 0.0125818 0.0416039
4 0.490402 0.451612 0.0173272 0.0291967 0.0412428
4 0.454117 0.352973 0.0067319 0.0155863 0.0379562
14 0.982573 0.61799 0.0130056 0.0296894 0.0374127
5 0.444635 0.347161 0.0134682 0.0133313 0.0372643
4 0.473328 0.325457 0.0109125 0.00775275 0.0340715
8 0.280026 0.634246 0.0142631 0.0242537 0.0332098
4 0.486638 0.445571 0.0138376 0.0206228 0.0323768
5 0.452356 0.348583 0.00784866 0.0139278 0.032178
0 0.418779 0.44727 0.0164355 0.0241559 0.0304032
4 0.480236 0.333916 0.00534003 0.0164085 0.0295666
6 0.444635 0.347161 0.0134682 0.0133313 0.025675
8 0.3034 0.656837 0.0161476 0.0270275 0.0253027
8 0.276607 0.655037 0.0187022 0.028613 0.0252138
14 0.658678 0.446649 0.00924591 0.0161716 0.0233044
8 0.452356 0.348583 0.00784866 0.0139278 0.0227147
0 0.444251 0.476206 0.00682336 0.0173396 0.0223153
0 0.658742 0.439396 0.00945221 0.0275551 0.021949
4 0.296067 0.93814 0.0280917 0.0327263 0.0212669
1 0.743855 0.489876 0.0102597 0.0112516 0.0201905
8 0.210635 0.667999 0.0104071 0.0180535 0.0198899
8 0.217159 0.665008 0.0141799 0.0228569 0.019811
2 0.239028 0.357172 0.0134563 0.0102803 0.0193298
1 0.487235 0.3014 0.0122022 0.0126357 0.019292
6 0.487235 0.3014 0.0122022 0.0126357 0.0191551
8 0.306928 0.648179 0.0141015 0.0220713 0.0191152
2 0.21449 0.436938 0.00964285 0.00742202 0.0190679
14 0.670105 0.440313 0.0085661 0.0340641 0.018336
5 0.280784 0.65568 0.0137843 0.0328664 0.0179163
1 0.658742 0.439396 0.00945221 0.0275551 0.0174757
0 0.658678 0.446649 0.00924591 0.0161716 0.0171275
2 0.904639 0.353048 0.0099234 0.0162382 0.0168833
4 0.487235 0.3014 0.0122022 0.0126357 0.0166526
8 0.539113 0.366673 0.00682202 0.0110492 0.0166033
2 0.602774 0.890432 0.0128463 0.0177774 0.0165853
7 0.957363 0.432512 0.0112471 0.0217741 0.0165806
3 0.444251 0.476206 0.00682336 0.0173396 0.016564
4 0.28736 0.957989 0.0482714 0.0758375 0.0155894
1 0.683143 0.419202 0.00752588 0.0137993 0.0155575
8 0.454117 0.352973 0.0067319 0.0155863 0.0155405
4 0.505825 0.348648 0.00624625 0.0148303 0.0154507
3 0.444492 0.48765 0.00835223 0.029185 0.0153805
4 0.743855 0.489876 0.0102597 0.0112516 0.014837
4 0.493483 0.34244 0.00476862 0.00885896 0.0143489
14 0.210635 0.667999 0.0104071 0.0180535 0.0134989
0 0.452356 0.348583 0.00784866 0.0139278 0.0129896
4 0.419489 0.329674 0.0154925 0.0165899 0.0129415
6 0.480002 0.323533 0.00835559 0.013341 0.0124828
14 0.217159 0.665008 0.0141799 0.0228569 0.0122033
14 0.98735 0.620977 0.0212157 0.0341007 0.0119173
8 0.544001 0.373517 0.00583545 0.0132176 0.0119102
6 0.417682 0.452884 0.0203045 0.0320623 0.0114306
0 0.276347 0.632825 0.0170506 0.0223947 0.0105374
4 0.47046 0.338395 0.00651605 0.00902105 0.0104591
14 0.2411 0.641455 0.00944089 0.0204002 0.010337
5 0.3034 0.656837 0.0161476 0.0270275 0.00977593
4 0.58312 0.360183 0.00787476 0.0125818 0.00962998
22 0.572644 0.55421 0.0119261 0.0229562 0.00928807
14 0.490402 0.451612 0.0173272 0.0291967 0.0091856
4 0.446434 0.351442 0.00847876 0.0185851 0.00899184
7 0.213564 0.445864 0.0101355 0.0286149 0.00893703
4 0.426935 0.325407 0.00890402 0.0110755 0.00884383
8 0.489274 0.450217 0.0172498 0.0280111 0.00870856
14 0.418779 0.44727 0.0164355 0.0241559 0.00850878
5 0.454117 0.352973 0.0067319 0.0155863 0.00841153
4 0.540391 0.366535 0.00660553 0.0127349 0.00820826
0 0.454117 0.352973 0.0067319 0.0155863 0.00814894
0 0.670105 0.440313 0.0085661 0.0340641 0.00813633
8 0.21349 0.669412 0.0158562 0.0200877 0.00789764
8 0.316016 0.647334 0.0125183 0.0218147 0.00787128
6 0.488619 0.323107 0.0101307 0.0150702 0.00778007
5 0.486638 0.445571 0.0138376 0.0206228 0.00776896
6 0.452356 0.348583 0.00784866 0.0139278 0.00763146
1 0.435343 0.290902 0.00606924 0.0113338 0.00755105
0 0.539113 0.366673 0.00682202 0.0110492 0.00738341
8 0.658678 0.446649 0.00924591 0.0161716 0.00722922
1 0.65925 0.432026 0.011032 0.0374489 0.00718349
7 0.959599 0.424167 0.0170284 0.0362401 0.00694817
5 0.483617 0.297157 0.0108137 0.0148836 0.00682138
4 0.43583 0.368909 0.00440344 0.00831765 0.00671371
22 0.982573 0.61799 0.0130056 0.0296894 0.00666272
32 0.534818 0.66051 0.0551685 0.0593054 0.00665734
4 0.437351 0.411044 0.00433182 0.0126153 0.00649868
22 0.444251 0.476206 0.00682336 0.0173396 0.00648969
4 0.431983 0.291463 0.00679269 0.0125342 0.00642575
4 0.461842 0.335856 0.00426654 0.0115745 0.00642109
4 0.39315 0.385257 0.00819553 0.0125963 0.00638383
1 0.64586 0.42022 0.00665369 0.0114683 0.00626433
8 0.658742 0.439396 0.00945221 0.0275551 0.00622094
1 0.444635 0.347161 0.0134682 0.0133313 0.00609998
5 0.280441 0.642995 0.0151026 0.0385511 0.00601722
8 0.482993 0.325721 0.0102512 0.015697 0.00589405
4 0.283723 0.847348 0.014497 0.0331126 0.00585181
1 0.658678 0.446649 0.00924591 0.0161716 0.00582338
7 0.246077 0.535817 0.00887842 0.0290639 0.00578381
1 0.408035 0.414791 0.00785095 0.0208879 0.00572196
2 0.368347 0.29933 0.00680917 0.0137939 0.00570636
8 0.743855 0.489876 0.0102597 0.0112516 0.00569863
0 0.3034 0.656837 0.0161476 0.0270275 0.00569717
1 0.480002 0.323533 0.00835559 0.013341 0.00566688
4 0.168447 0.896653 0.0268646 0.0333181 0.00565076
2 0.904095 0.3474 0.0104337 0.0123078 0.00555685
23 0.982573 0.61799 0.0130056 0.0296894 0.00555206
7 0.435343 0.290902 0.00606924 0.0113338 0.0055139
2 0.743855 0.489876 0.0102597 0.0112516 0.0055136
5 0.658782 0.441877 0.00902734 0.0274291 0.00550304
8 0.422474 0.44991 0.0168481 0.0246041 0.0054895
0 0.417682 0.452884 0.0203045 0.0320623 0.00535809
4 0.43888 0.339398 0.00850409 0.0165798 0.00534622
8 0.641318 0.467499 0.00974738 0.0143571 0.00533764
13 0.280026 0.634246 0.0142631 0.0242537 0.00530253
1 0.539113 0.366673 0.00682202 0.0110492 0.0051605
1 0.452356 0.348583 0.00784866 0.0139278 0.00508285
2 0.916694 0.353688 0.00577179 0.0150433 0.00502644
5 0.422474 0.44991 0.0168481 0.0246041 0.00499638
4 0.588846 0.36319 0.0126937 0.0129054 0.0049531
2 0.386887 0.295425 0.00525226 0.00734595 0.00479146
14 0.676443 0.451291 0.0093396 0.0184596 0.00476914
2 0.972075 0.401935 0.0119978 0.00921205 0.00474728
4 0.408689 0.397826 0.00759201 0.0121521 0.00467309
15 0.483872 0.296565 0.0109921 0.0171253 0.00466085
0 0.306928 0.648179 0.0141015 0.0220713 0.00465725
8 0.506815 0.376768 0.00437961 0.00747653 0.00461862
4 0.507107 0.355287 0.00438962 0.0108929 0.00460225
32 0.388375 0.505438 0.0206096 0.0200445 0.00459597
1 0.419489 0.329674 0.0154925 0.0165899 0.00458241
4 0.506815 0.376768 0.00437961 0.00747653 0.0045637
8 0.283723 0.847348 0.014497 0.0331126 0.00455719
14 0.539113 0.366673 0.00682202 0.0110492 0.00443378
2 0.245779 0.538368 0.00875256 0.032644 0.00442259
4 0.493845 0.353413 0.00354172 0.0146261 0.00442136
8 0.507107 0.355287 0.00438962 0.0108929 0.00435688
2 0.584129 0.846975 0.00800323 0.0184566 0.00433219
2 0.20643 0.381198 0.00528963 0.0148972 0.00427806
4 0.406145 0.452826 0.0173095 0.0284087 0.00425895
5 0.294226 0.691692 0.0343701 0.0706543 0.00425852
7 0.963465 0.42065 0.0129277 0.0451903 0.00425404
8 0.287518 0.657855 0.021061 0.0288665 0.00425308
8 0.224946 0.662475 0.0137095 0.0246491 0.00425051
2 0.170979 0.456798 0.00686537 0.0164207 0.00415965
3 0.210635 0.667999 0.0104071 0.0180535 0.00407982
8 0.628512 0.451907 0.0086897 0.00978522 0.00407337
22 0.658782 0.441877 0.00902734 0.0274291 0.00405764
4 0.535771 0.364448 0.0108752 0.0107057 0.00400675
14 0.689579 0.43079 0.00791895 0.0140801 0.00399232
1 0.982573 0.61799 0.0130056 0.0296894 0.00396321
2 0.211866 0.437914 0.012118 0.00823045 0.00396211
8 0.410877 0.448256 0.0128098 0.0286118 0.00392474
22 0.444492 0.48765 0.00835223 0.029185 0.00389348
8 0.570938 0.399019 0.00708124 0.00867084 0.00387791
0 0.444492 0.48765 0.00835223 0.029185 0.00386782
4 0.421617 0.290848 0.00798032 0.0116532 0.00385203
3 0.489274 0.450217 0.0172498 0.0280111 0.00382848
0 0.21079 0.667699 0.0113522 0.0193143 0.00382661
7 0.943413 0.427472 0.00705847 0.0247956 0.0038253
1 0.408689 0.397826 0.00759201 0.0121521 0.00379244
1 0.426935 0.325407 0.00890402 0.0110755 0.00377226
8 0.437351 0.411044 0.00433182 0.0126153 0.00371014
8 0.222083 0.669417 0.0211299 0.0229516 0.00370668
1 0.670105 0.440313 0.0085661 0.0340641 0.00370288
14 0.682101 0.430034 0.006883 0.0167364 0.00368531
0 0.670244 0.447259 0.0084964 0.0239745 0.00368326
4 0.394165 0.38946 0.00727524 0.0175477 0.003555
3 0.280619 0.659644 0.0143737 0.0259715 0.0035549
4 0.544001 0.373517 0.00583545 0.0132176 0.00354534
8 0.281455 0.683129 0.0132029 0.0571152 0.00348929
1 0.488619 0.323107 0.0101307 0.0150702 0.00348027
4 0.410877 0.448256 0.0128098 0.0286118 0.00344647
0 0.437351 0.411044 0.00433182 0.0126153 0.00343774
8 0.43583 0.368909 0.00440344 0.00831765 0.00333904
1 0.4392 0.284674 0.011173 0.0132283 0.00333564
0 0.280718 0.665928 0.0131536 0.0301754 0.00333242
6 0.482993 0.325721 0.0102512 0.015697 0.00332979
14 0.544001 0.373517 0.00583545 0.0132176 0.00332724
5 0.539113 0.366673 0.00682202 0.0110492 0.00330473
0 0.410877 0.448256 0.0128098 0.0286118 0.00329925
8 0.505825 0.348648 0.00624625 0.0148303 0.00321695
4 0.570938 0.399019 0.00708124 0.00867084 0.00321582
14 0.224946 0.662475 0.0137095 0.0246491 0.00318632
0 0.544001 0.373517 0.00583545 0.0132176 0.00315741
4 0.263917 0.958163 0.143201 0.0836733 0.00314133
1 0.670244 0.447259 0.0084964 0.0239745 0.00311257
4 0.583429 0.401489 0.00818359 0.011099 0.00309689
8 0.583429 0.401489 0.00818359 0.011099 0.00308261
4 0.311668 0.970297 0.0456221 0.0578122 0.00308013
4 0.628512 0.451907 0.0086897 0.00978522 0.00305911
8 0.640594 0.461403 0.00787695 0.016561 0.00305721
5 0.480002 0.323533 0.00835559 0.013341 0.00303595
4 0.278242 0.844234 0.0235019 0.0371662 0.00299432
5 0.410877 0.448256 0.0128098 0.0286118 0.00297048
8 0.276347 0.632825 0.0170506 0.0223947 0.00292715
5 0.482993 0.325721 0.0102512 0.015697 0.00292578
4 0.409914 0.3816 0.00900198 0.018566 0.00292554
4 0.453035 0.443109 0.00643057 0.0158671 0.00291681
4 0.320553 0.980657 0.0414307 0.038401 0.00288359
2 0.975125 0.402351 0.0111917 0.00959021 0.00287342
3 0.641318 0.467499 0.00974738 0.0143571 0.00286667
8 0.483617 0.297157 0.0108137 0.0148836 0.00286399
4 0.461212 0.408486 0.00593698 0.0138454 0.00285285
3 0.417485 0.452023 0.0193037 0.0293448 0.00284311
2 0.943488 0.424365 0.00799731 0.0207286 0.00282737
14 0.3034 0.656837 0.0161476 0.0270275 0.00279334
1 0.073118 0.700447 0.0300716 0.152259 0.00269251
4 0.457527 0.365967 0.0107179 0.0113744 0.00268956
14 0.21349 0.669412 0.0158562 0.0200877 0.00268283
8 0.440934 0.461104 0.00795242 0.0167765 0.00268156
1 0.418779 0.44727 0.0164355 0.0241559 0.00267599
1 0.485881 0.295651 0.0149522 0.0206736 0.00266539
5 0.441932 0.481166 0.0116953 0.025721 0.00265706
4 0.28085 0.836866 0.0208682 0.0529767 0.00265397
14 0.641318 0.467499 0.00974738 0.0143571 0.00262207
14 0.444251 0.476206 0.00682336 0.0173396 0.00261679
6 0.431983 0.291463 0.00679269 0.0125342 0.00261523
8 0.39137 0.49803 0.0174398 0.0174418 0.00260855
4 0.392155 0.28359 0.00351483 0.00649232 0.00259999
7 0.58312 0.360183 0.00787476 0.0125818 0.00259547
14 0.743855 0.489876 0.0102597 0.0112516 0.00259474
0 0.743855 0.489876 0.0102597 0.0112516 0.002589
8 0.402101 0.492619 0.0082663 0.0198417 0.00258141
5 0.281455 0.683129 0.0132029 0.0571152 0.00257742
8 0.742342 0.486505 0.0123945 0.0146044 0.00255899
4 0.424367 0.445801 0.0136478 0.0215677 0.00255645
14 0.452356 0.348583 0.00784866 0.0139278 0.00255228
4 0.742342 0.486505 0.0123945 0.0146044 0.00253239
1 0.39315 0.385257 0.00819553 0.0125963 0.00251394
8 0.581034 0.408663 0.00693024 0.0167481 0.00250856
4 0.4392 0.284674 0.011173 0.0132283 0.00247177
8 0.486638 0.445571 0.0138376 0.0206228 0.00247032
7 0.214261 0.45278 0.0112339 0.0379185 0.00246948
1 0.412124 0.370964 0.00555515 0.0127213 0.00246825
4 0.422474 0.44991 0.0168481 0.0246041 0.00243523
2 0.154859 0.439623 0.00492575 0.00932016 0.00241802
5 0.295274 0.661133 0.0408235 0.0315559 0.00240673
4 0.42683 0.2973 0.00928714 0.0153189 0.00238755
1 0.682101 0.430034 0.006883 0.0167364 0.00237383
4 0.458628 0.373469 0.00717947 0.0131586 0.00235973
4 0.412979 0.328184 0.015926 0.0151227 0.00235257
1 0.421663 0.299727 0.00809848 0.0122366 0.00235127
0 0.742342 0.486505 0.0123945 0.0146044 0.00235093
4 0.518849 0.358853 0.00481433 0.00547723 0.00232896
8 0.670105 0.440313 0.0085661 0.0340641 0.00232747
4 0.683143 0.419202 0.00752588 0.0137993 0.00232625
0 0.422474 0.44991 0.0168481 0.0246041 0.0022959
8 0.557694 0.392926 0.00545606 0.0114243 0.00229549
8 0.403761 0.46352 0.0056207 0.0195943 0.0022859
8 0.670244 0.447259 0.0084964 0.0239745 0.00227285
2 0.193909 0.32384 0.00777763 0.0115513 0.0022709
2 0.208181 0.392901 0.00724922 0.0108374 0.00225608
4 0.413415 0.372417 0.0100622 0.0154612 0.00223897
5 0.280718 0.665928 0.0131536 0.0301754 0.00220463
32 0.39137 0.49803 0.0174398 0.0174418 0.00220442
0 0.505825 0.348648 0.00624625 0.0148303 0.00219079
8 0.285544 0.646405 0.0175212 0.0279241 0.00218535
4 0.450035 0.281027 0.0190857 0.0123966 0.00218207
1 0.743971 0.500123 0.0103306 0.0218832 0.00217866
14 0.583429 0.401489 0.00818359 0.011099 0.00216547
6 0.426935 0.325407 0.00890402 0.0110755 0.00216171
4 0.306208 0.957232 0.0542933 0.069694 0.00216092
14 0.280619 0.659644 0.0143737 0.0259715 0.00215159
7 0.962468 0.431286 0.0105192 0.0302168 0.00213818
8 0.493845 0.353413 0.00354172 0.0146261 0.00212659
6 0.473328 0.325457 0.0109125 0.00775275 0.00212055
2 0.219568 0.360751 0.00734798 0.00893442 0.00211754
6 0.4392 0.284674 0.011173 0.0132283 0.00210451
1 0.689579 0.43079 0.00791895 0.0140801 0.00210416
22 0.639511 0.53692 0.0140537 0.0233076 0.00210197
22 0.452356 0.348583 0.00784866 0.0139278 0.00210016
5 0.658678 0.446649 0.00924591 0.0161716 0.00209653
8 0.2411 0.641455 0.00944089 0.0204002 0.00209557
6 0.073118 0.700447 0.0300716 0.152259 0.00209334
7 0.368347 0.29933 0.00680917 0.0137939 0.00208695
8 0.424367 0.445801 0.0136478 0.0215677 0.00207954
22 0.539113 0.366673 0.00682202 0.0110492 0.00205965
