4 0.0077359 0.958814 0.0151513 0.0513345 0.82669
4 0.870379 0.993272 0.0123301 0.0122254 0.0277161
4 0.608736 0.981446 0.0690324 0.0358918 0.0246423
1 0.336624 0.911145 0.0456456 0.0258947 0.0090403
1 0.904395 0.980913 0.0127623 0.0174431 0.00791498
4 0.901752 0.985392 0.0194972 0.0230668 0.00732096
4 0.483896 0.972906 0.0200061 0.0184898 0.00656547
1 0.870379 0.993272 0.0123301 0.0122254 0.00651031
4 0.880789 0.993155 0.0320169 0.0131282 0.00627713
4 0.904395 0.980913 0.0127623 0.0174431 0.00611452
4 0.0310834 0.93879 0.0170077 0.0098931 0.00555677
1 0.771003 0.983617 0.00962048 0.0145657 0.00547024
4 0.627723 0.966237 0.00864374 0.0129862 0.00513338
1 0.272001 0.934705 0.0364477 0.0165287 0.0046082
4 0.887108 0.990297 0.0475172 0.0188477 0.00428282
1 0.189989 0.925519 0.00927741 0.0269905 0.00398038
4 0.85715 0.992823 0.0305467 0.0129288 0.0039426
7 0.870379 0.993272 0.0123301 0.0122254 0.00332496
1 0.130674 0.93498 0.0111285 0.0131167 0.00320193
4 0.638793 0.98934 0.0158307 0.0205211 0.00277795
7 0.771003 0.983617 0.00962048 0.0145657 0.00273578
6 0.608586 0.981504 0.0661255 0.0363792 0.00268083
1 0.134091 0.931078 0.0152518 0.0169772 0.00255146
1 0.547453 0.962574 0.0111022 0.0155939 0.00237502
0 0.870379 0.993272 0.0123301 0.0122254 0.00234371
4 0.453594 0.972397 0.0139718 0.0156207 0.00232911
2 0.363365 0.967367 0.00620456 0.009105 0.00215582
4 0.62785 0.97281 0.0224898 0.0179986 0.00204467
4 0.602289 0.975434 0.061077 0.0327674 0.00189669
4 0.0323706 0.936584 0.0175289 0.0122047 0.00188183
4 0.0454399 0.939268 0.0101484 0.00777074 0.0018545
0 0.00799801 0.958035 0.0150524 0.0502791 0.00185177
4 0.623114 0.964686 0.0126177 0.0109267 0.0017911
0 0.901752 0.985392 0.0194972 0.0230668 0.00179062
2 0.901752 0.985392 0.0194972 0.0230668 0.00175882
1 0.133405 0.933255 0.0161633 0.0099779 0.00165238
1 0.305608 0.955695 0.00767572 0.0137016 0.00161372
4 0.130674 0.93498 0.0111285 0.0131167 0.00159852
1 0.170653 0.936221 0.00788991 0.0124834 0.00159383
0 0.905235 0.980614 0.0140827 0.0238478 0.00146092
22 0.870379 0.993272 0.0123301 0.0122254 0.00144259
1 0.551686 0.977806 0.0108574 0.0328315 0.00144001
1 0.627723 0.966237 0.00864374 0.0129862 0.0014359
4 0.00729885 0.958307 0.0145977 0.0537123 0.00137086
4 0.593396 0.984923 0.0337882 0.029107 0.0013707
4 0.114856 0.93805 0.010326 0.00796919 0.00136284
15 0.608586 0.981504 0.0661255 0.0363792 0.00134791
1 0.168246 0.930561 0.0107305 0.016165 0.0013156
8 0.870379 0.993272 0.0123301 0.0122254 0.00127736
4 0.547453 0.962574 0.0111022 0.0155939 0.00127418
4 0.469707 0.972402 0.0105909 0.0170963 0.00126869
4 0.580583 0.962382 0.00949756 0.00649601 0.00125186
4 0.771003 0.983617 0.00962048 0.0145657 0.00124571
1 0.364998 0.965733 0.00750821 0.013298 0.00118844
1 0.193966 0.913738 0.00775848 0.0242042 0.00117043
7 0.48969 0.964607 0.00886005 0.0168501 0.00116907
4 0.561336 0.971164 0.0315093 0.02554 0.00112591
4 0.701825 0.992747 0.0157274 0.014505 0.00111039
4 0.849339 0.992465 0.0357019 0.0148494 0.00109804
1 0.408499 0.968869 0.00957172 0.020252 0.00108896
4 0.48969 0.964607 0.00886005 0.0168501 0.00104966
10 0.216762 0.448165 0.342762 0.896331 0.00104366
1 0.483896 0.972906 0.0200061 0.0184898 0.00102513
