18 0.662015 0.676291 0.14732 0.303483 0.92507
18 0.456197 0.67169 0.143547 0.307923 0.918247
18 0.197047 0.669252 0.144252 0.316156 0.899332
18 0.31995 0.217959 0.117246 0.167766 0.72084
19 0.454865 0.666484 0.144296 0.297844 0.602813
18 0.0649773 0.272246 0.124937 0.061511 0.216073
10 0.320065 0.218215 0.118374 0.167936 0.145252
10 0.414068 0.292281 0.0468503 0.0206866 0.117052
19 0.198449 0.66652 0.148592 0.312554 0.112721
18 0.0764169 0.689069 0.0192619 0.109469 0.0457544
10 0.417288 0.253753 0.0554238 0.0590714 0.0277375
49 0.320176 0.218594 0.118747 0.168367 0.026348
18 0.200378 0.273051 0.148894 0.057532 0.0211977
10 0.201171 0.273977 0.150121 0.057229 0.0181942
44 0.20175 0.274386 0.152267 0.0572128 0.0128376
18 0.416162 0.246276 0.0539474 0.0447806 0.0112819
18 0.0262162 0.283095 0.0490398 0.025032 0.00839498
18 0.16172 0.272897 0.0718973 0.0571956 0.00692413
18 0.0773906 0.668505 0.0161696 0.0625521 0.00460094
14 0.320071 0.218544 0.118602 0.167956 0.00424552
18 0.0598754 0.282347 0.116917 0.0386677 0.00376877
10 0.355219 0.27789 0.106809 0.0430888 0.0037623
18 0.0645218 0.298437 0.120458 0.0203353 0.00292806
18 0.0284646 0.320761 0.0554816 0.0946044 0.00283585
44 0.457762 0.803028 0.138434 0.056365 0.00213993
27 0.222902 0.289887 0.116407 0.0259341 0.0019106
0 0.454865 0.666484 0.144296 0.297844 0.00187366
18 0.0629607 0.302075 0.123262 0.0332432 0.00185404
27 0.198455 0.27247 0.159661 0.058275 0.00183679
43 0.552013 0.27092 0.330539 0.0748501 0.00179225
18 0.552013 0.27092 0.330539 0.0748501 0.00176714
31 0.547847 0.270533 0.320914 0.0752084 0.00174883
11 0.662499 0.676201 0.147778 0.303723 0.00170301
10 0.167249 0.273205 0.083932 0.0577169 0.00170125
10 0.0675307 0.272558 0.129739 0.0599783 0.00158891
18 0.43227 0.267777 0.0878422 0.0641596 0.00144257
18 0.0896411 0.272793 0.0940949 0.0570854 0.00132703
10 0.389197 0.258565 0.114468 0.0698812 0.00130913
14 0.00495986 0.321774 0.0091886 0.102529 0.00124829
18 0.0829845 0.689147 0.0331372 0.10935 0.00123106
27 0.206872 0.283554 0.15704 0.0368546 0.00120306
19 0.201852 0.273088 0.152256 0.0579003 0.00116805
10 0.119451 0.275272 0.0164834 0.0545884 0.00110382
0 0.0777961 0.667564 0.0156126 0.0606524 0.00106244
19 0.31995 0.217959 0.117246 0.167766 0.00102736
10 0.423897 0.269236 0.068304 0.0683218 0.00101402
