4 0.150649 0.855506 0.109192 0.126252 0.914157
1 0.105323 0.754607 0.0209785 0.0568856 0.814832
4 0.0344771 0.873483 0.068374 0.160356 0.758017
2 0.61784 0.467167 0.0132557 0.0260554 0.453148
2 0.816311 0.554221 0.0243588 0.0299398 0.445462
2 0.695525 0.475492 0.0192849 0.0331078 0.43016
7 0.317607 0.774251 0.0110474 0.0703805 0.248158
2 0.674228 0.488139 0.0231682 0.0409133 0.122936
7 0.930229 0.764005 0.0208824 0.157342 0.102247
0 0.0946543 0.827254 0.00976937 0.0170924 0.052716
1 0.316574 0.779258 0.0105246 0.0821438 0.0500946
4 0.290756 0.844797 0.0283898 0.0178092 0.0325529
2 0.626562 0.424221 0.0123193 0.0167538 0.0281934
2 0.68077 0.482533 0.0176573 0.0422045 0.0253853
1 0.319009 0.774103 0.0106382 0.073201 0.0211938
8 0.909548 0.81408 0.0248877 0.0620136 0.0191519
2 0.69677 0.467862 0.019691 0.0421698 0.0165044
7 0.922683 0.733147 0.0120603 0.0332689 0.0161476
2 0.683433 0.468198 0.0247866 0.0367784 0.0143724
2 0.624965 0.468816 0.0194364 0.0310758 0.0135854
7 0.320043 0.772428 0.0101192 0.0767334 0.011986
1 0.287441 0.809238 0.0152144 0.0289393 0.0115158
0 0.0947436 0.837223 0.0132494 0.0302166 0.0113635
0 0.909578 0.813464 0.0246783 0.0643073 0.0112902
14 0.909548 0.81408 0.0248877 0.0620136 0.0111657
7 0.920111 0.76777 0.0246233 0.15611 0.0110405
2 0.656885 0.486703 0.0234041 0.0373029 0.010753
4 0.0947436 0.837223 0.0132494 0.0302166 0.00899002
2 0.0705772 0.655211 0.00712936 0.0162221 0.00871992
8 0.0947436 0.837223 0.0132494 0.0302166 0.00854684
2 0.627029 0.430393 0.0124517 0.0281032 0.00778178
7 0.880116 0.0446684 0.0521673 0.0880736 0.00750231
7 0.913459 0.799311 0.0309888 0.09236 0.00747066
2 0.651484 0.491203 0.0263244 0.0431949 0.00732202
0 0.0961501 0.820419 0.00993066 0.0209182 0.00658636
2 0.702061 0.427923 0.0273484 0.0336474 0.00633931
2 0.675218 0.497929 0.0201583 0.0490877 0.00630479
0 0.694599 0.475734 0.0207459 0.0363443 0.00601698
2 0.647448 0.470925 0.0309357 0.0318388 0.00599532
4 0.0946543 0.827254 0.00976937 0.0170924 0.00562759
7 0.923716 0.750872 0.0137325 0.113494 0.00560475
4 0.2955 0.840654 0.0302475 0.0184929 0.00527594
14 0.597481 0.8132 0.0581027 0.0507548 0.00513794
4 0.283677 0.830835 0.0144897 0.0214336 0.0043939
4 0.28814 0.83494 0.0209584 0.0193036 0.00435142
2 0.6446 0.476726 0.0193616 0.020623 0.00424588
4 0.0993492 0.83541 0.0152761 0.0215355 0.00412631
4 0.596842 0.814524 0.0559952 0.0509191 0.00398832
4 0.145412 0.793356 0.0337973 0.0127379 0.00387933
5 0.909137 0.816323 0.0239814 0.0567487 0.00379411
8 0.0946543 0.827254 0.00976937 0.0170924 0.00351744
6 0.373213 0.804842 0.0997087 0.078811 0.00348756
2 0.670084 0.497804 0.0201885 0.0542095 0.00336159
4 0.311245 0.842602 0.0186371 0.0170621 0.0033467
0 0.0993492 0.83541 0.0152761 0.0215355 0.00334071
2 0.618367 0.475637 0.0138011 0.0452522 0.00297321
7 0.312234 0.775811 0.013323 0.069864 0.00291359
4 0.0336655 0.908425 0.0663828 0.117458 0.00289421
0 0.913459 0.799311 0.0309888 0.09236 0.00281696
2 0.64579 0.478951 0.023818 0.0386113 0.00276883
7 0.937415 0.766302 0.0164288 0.168144 0.00269345
4 0.100961 0.8439 0.0157431 0.0308897 0.00263105
1 0.0931572 0.826195 0.0133588 0.01735 0.00262795
6 0.67976 0.7858 0.0390222 0.0744283 0.00257685
2 0.815813 0.540046 0.0273903 0.0555763 0.00249523
22 0.195554 0.959377 0.0178825 0.0639626 0.00246521
22 0.521725 0.871547 0.014103 0.0754907 0.00245977
7 0.324517 0.773688 0.0137626 0.072928 0.00225711
2 0.834925 0.556484 0.013356 0.0230231 0.00222361
2 0.0276031 0.615425 0.00904525 0.0239435 0.00216327
2 0.834249 0.5607 0.0112886 0.0367672 0.00209509
4 0.0872698 0.828651 0.0186137 0.0213417 0.0020914
1 0.0982169 0.754515 0.0291517 0.0569556 0.00199221
1 0.314372 0.790624 0.0158355 0.106249 0.00181952
4 0.909137 0.816323 0.0239814 0.0567487 0.00172687
1 0.28173 0.803456 0.0245295 0.0250058 0.00164833
4 0.057396 0.84765 0.0205877 0.0268212 0.00161407
8 0.929933 0.829127 0.0183621 0.0406545 0.00158899
12 0.362745 0.813048 0.0815322 0.0612317 0.00158673
2 0.0289955 0.611408 0.00993943 0.0210395 0.00158381
1 0.310335 0.816072 0.0189036 0.0584394 0.00156365
6 0.355768 0.813491 0.069831 0.0586824 0.00155245
4 0.052828 0.867197 0.0303997 0.0718767 0.00143146
4 0.0961501 0.820419 0.00993066 0.0209182 0.00142855
0 0.283677 0.830835 0.0144897 0.0214336 0.00142359
8 0.921973 0.822884 0.0309539 0.0501158 0.00142327
2 0.0946543 0.827254 0.00976937 0.0170924 0.00140753
4 0.0956009 0.85798 0.0256558 0.05865 0.00137364
4 0.694599 0.475734 0.0207459 0.0363443 0.00136301
7 0.005006 0.559376 0.00954045 0.0538095 0.00136156
1 0.102172 0.804624 0.0187647 0.108412 0.00133714
1 0.106178 0.73691 0.0206662 0.094656 0.00133686
8 0.913459 0.799311 0.0309888 0.09236 0.00131786
2 0.614057 0.46545 0.0190359 0.02644 0.00129518
2 0.626194 0.458961 0.0155213 0.0358309 0.00128554
4 0.00713074 0.795684 0.0110145 0.0237071 0.00127432
4 0.0860227 0.841184 0.0263788 0.0250195 0.00124728
4 0.0548102 0.842886 0.0253539 0.0396256 0.001206
1 0.316218 0.834761 0.0121829 0.0228254 0.00120579
6 0.957575 0.765244 0.0749771 0.171812 0.00120301
1 0.596996 0.814414 0.0561634 0.0515569 0.00119483
6 0.28814 0.83494 0.0209584 0.0193036 0.00118155
6 0.283677 0.830835 0.0144897 0.0214336 0.00117413
11 0.694599 0.475734 0.0207459 0.0363443 0.00116978
1 0.0327438 0.712904 0.0161291 0.0324702 0.00116094
4 0.0644912 0.845168 0.0112254 0.0199712 0.00113499
2 0.704049 0.473313 0.0245136 0.034926 0.0011131
22 0.124152 0.978611 0.0265072 0.0412818 0.00108852
4 0.0723657 0.834704 0.016265 0.030509 0.00107553
7 0.00406569 0.615005 0.00813138 0.0564362 0.00107535
13 0.0961501 0.820419 0.00993066 0.0209182 0.00107109
4 0.309894 0.830896 0.0183649 0.0317996 0.00106864
4 0.273192 0.84182 0.0116146 0.015302 0.0010623
6 0.26795 0.810638 0.0557284 0.0395197 0.00104116
4 0.00692549 0.803197 0.0106167 0.0176882 0.00103875
1 0.325798 0.795321 0.0130186 0.019725 0.00102712
0 0.0872698 0.828651 0.0186137 0.0213417 0.0010249
1 0.0387847 0.756837 0.0198186 0.0495919 0.00102069
