4 0.697552 0.828492 0.261094 0.273649 0.94755
1 0.522509 0.672327 0.0242377 0.0692782 0.870068
1 0.368785 0.704794 0.0151804 0.0268258 0.678391
4 0.337075 0.73031 0.0150644 0.020345 0.63362
6 0.337941 0.720873 0.0131393 0.0251155 0.140681
4 0.337941 0.720873 0.0131393 0.0251155 0.100988
1 0.310842 0.710403 0.0185382 0.0182356 0.0964698
6 0.310842 0.710403 0.0185382 0.0182356 0.0878272
1 0.339058 0.714808 0.0123108 0.01723 0.0501643
6 0.337431 0.730038 0.0150294 0.0207511 0.0439451
7 0.570052 0.696067 0.0072373 0.0237661 0.0421492
4 0.297372 0.735102 0.00983368 0.0111469 0.0365031
1 0.907292 0.66858 0.0193932 0.0629471 0.036126
15 0.310532 0.710766 0.0185016 0.0197022 0.0311145
1 0.570052 0.696067 0.0072373 0.0237661 0.0287688
4 0.321397 0.729893 0.00921896 0.0151525 0.0247958
6 0.339058 0.714808 0.0123108 0.01723 0.0241303
4 0.310607 0.712063 0.0174973 0.0197142 0.023631
1 0.281444 0.683121 0.0266827 0.0181513 0.0227566
6 0.368584 0.705387 0.0143488 0.0260673 0.0226687
4 0.30501 0.72965 0.010585 0.0166141 0.0177399
1 0.559417 0.727702 0.0421696 0.0352378 0.0174383
15 0.337941 0.720873 0.0131393 0.0251155 0.0165451
1 0.283284 0.691563 0.0185697 0.0235869 0.0146056
4 0.339058 0.714808 0.0123108 0.01723 0.0145278
1 0.367529 0.687233 0.0154877 0.0190236 0.0111412
6 0.560932 0.729944 0.0456237 0.0379073 0.0106123
1 0.295602 0.694813 0.0100362 0.0293826 0.0104219
15 0.337431 0.730038 0.0150294 0.0207511 0.00880275
1 0.270684 0.678751 0.0151097 0.0174166 0.00605878
1 0.338925 0.707582 0.0106901 0.020159 0.00530719
1 0.337941 0.720873 0.0131393 0.0251155 0.00466033
12 0.562324 0.729772 0.0484541 0.0376418 0.00458198
5 0.337431 0.730038 0.0150294 0.0207511 0.00455917
1 0.297372 0.735102 0.00983368 0.0111469 0.00418161
5 0.337941 0.720873 0.0131393 0.0251155 0.0041248
4 0.310471 0.706666 0.0178956 0.0190245 0.00392818
15 0.562324 0.729772 0.0484541 0.0376418 0.00372236
6 0.289812 0.701648 0.0231659 0.0388705 0.00348027
1 0.373206 0.704951 0.0156948 0.0242088 0.00320082
4 0.351485 0.729618 0.0117321 0.0133721 0.00313383
1 0.330117 0.705647 0.0102077 0.0179915 0.00291887
1 0.944068 0.675105 0.0943622 0.0414559 0.00278708
1 0.56872 0.730814 0.0586061 0.0408366 0.00256929
6 0.297372 0.735102 0.00983368 0.0111469 0.00223902
15 0.339058 0.714808 0.0123108 0.01723 0.00223877
1 0.363267 0.705551 0.016653 0.0240332 0.00213146
1 0.232825 0.662865 0.0126846 0.0141996 0.00179383
1 0.896587 0.674722 0.0376978 0.0436909 0.00176632
4 0.338925 0.707582 0.0106901 0.020159 0.0017649
4 0.562324 0.729772 0.0484541 0.0376418 0.00174926
6 0.295582 0.717302 0.00796149 0.0110798 0.00163985
4 0.311085 0.737916 0.0127134 0.0184057 0.00155444
12 0.310842 0.710403 0.0185382 0.0182356 0.00151198
1 0.358567 0.68503 0.00834311 0.0142895 0.00150506
1 0.295582 0.717302 0.00796149 0.0110798 0.00148238
2 0.697275 0.828152 0.261213 0.273456 0.00146564
1 0.702248 0.683475 0.014387 0.0216971 0.00145568
1 0.483761 0.732494 0.00995828 0.0101547 0.00145352
4 0.556478 0.726182 0.0372066 0.0271302 0.00131133
12 0.369232 0.70583 0.0146512 0.0267746 0.00128616
0 0.337431 0.730038 0.0150294 0.0207511 0.00125139
2 0.757506 0.659111 0.00838049 0.0143843 0.00123881
4 0.415702 0.735103 0.00847934 0.00575017 0.00123558
1 0.282537 0.710022 0.0177491 0.0262871 0.00120787
1 0.841764 0.688996 0.0140537 0.0229505 0.00119128
1 0.894199 0.778893 0.0113989 0.0124439 0.00115984
1 0.289812 0.701648 0.0231659 0.0388705 0.0011581
6 0.30501 0.72965 0.010585 0.0166141 0.00114842
1 0.668752 0.675358 0.0101066 0.0355808 0.00112006
6 0.338925 0.707582 0.0106901 0.020159 0.00109483
2 0.570052 0.696067 0.0072373 0.0237661 0.00107149
1 0.910558 0.685776 0.0167064 0.0305307 0.00105993
1 0.685924 0.675566 0.0347397 0.0383827 0.00105108
1 0.369364 0.725124 0.0129337 0.0218754 0.00102659
