14 0.555712 0.566359 0.128997 0.332739 0.942809
2 0.321567 0.0154091 0.0127401 0.022796 0.0601135
17 0.700731 0.60298 0.210975 0.247433 0.0308763
22 0.700717 0.604004 0.209271 0.247952 0.0284438
14 0.700717 0.604004 0.209271 0.247952 0.00386921
28 0.701466 0.60354 0.210128 0.247417 0.00316354
2 0.700731 0.60298 0.210975 0.247433 0.00308478
11 0.700731 0.60298 0.210975 0.247433 0.00279295
8 0.700717 0.604004 0.209271 0.247952 0.00230623
9 0.700731 0.60298 0.210975 0.247433 0.00214775
30 0.321521 0.014993 0.013338 0.0238264 0.00205573
2 0.726569 0.747407 0.0121196 0.0142048 0.00138704
48 0.448752 0.685882 0.0128738 0.0140098 0.00135584
10 0.448752 0.685882 0.0128738 0.0140098 0.00128776
2 0.479359 0.312508 0.00841074 0.0182517 0.00112703
