14 0.512267 0.54152 0.145688 0.212633 0.94366
1 0.461164 0.216884 0.0754454 0.115716 0.926239
7 0.150444 0.135326 0.0492514 0.179415 0.818623
1 0.23868 0.338913 0.0293632 0.0759628 0.807017
7 0.238932 0.0523146 0.0278171 0.0904805 0.805642
7 0.0895006 0.228264 0.0351042 0.118097 0.738831
7 0.274834 0.0391839 0.0330643 0.0502939 0.703537
7 0.197902 0.149294 0.0315497 0.107382 0.609909
7 0.216369 0.117588 0.0195467 0.0415398 0.406243
1 0.700331 0.132416 0.0452148 0.264455 0.234272
2 0.352112 0.214259 0.0136542 0.0230474 0.0957811
2 0.0226618 0.268704 0.024345 0.0259096 0.0678273
7 0.168831 0.108605 0.0258909 0.122829 0.0674311
7 0.169177 0.088702 0.0231707 0.0820384 0.0595967
2 0.35175 0.229681 0.0132741 0.0175399 0.0551657
2 0.0235885 0.277469 0.0249671 0.0221921 0.0452168
1 0.198588 0.149293 0.031917 0.106131 0.0450072
1 0.215451 0.117439 0.0213888 0.0431426 0.0397449
7 0.207378 0.148192 0.0285375 0.10669 0.0391963
1 0.274397 0.0390475 0.0344315 0.0514778 0.0370658
4 0.356507 0.410222 0.0170023 0.0157091 0.0339403
22 0.302425 0.448777 0.0144463 0.0139465 0.0333507
8 0.359334 0.410462 0.0193087 0.0164414 0.0266609
2 0.351081 0.238569 0.0154669 0.0237235 0.0256011
2 0.370048 0.25255 0.00999374 0.0188427 0.022606
1 0.788795 0.359465 0.0129482 0.0269535 0.0180797
4 0.499957 0.40375 0.0292792 0.0148273 0.0152923
2 0.328142 0.230371 0.009504 0.0194301 0.0147371
7 0.161492 0.123177 0.0323308 0.153329 0.0137714
2 0.336048 0.00863692 0.0197176 0.0164266 0.012409
1 0.315679 0.372249 0.0184313 0.0215318 0.0122248
2 0.355298 0.245814 0.0123712 0.0163207 0.0120931
2 0.00799423 0.277118 0.0142245 0.0433791 0.0115119
4 0.356466 0.404197 0.0153762 0.0167414 0.010878
23 0.302425 0.448777 0.0144463 0.0139465 0.0101622
2 0.34878 0.216224 0.0190084 0.023987 0.00988716
4 0.364226 0.410311 0.0161129 0.0159098 0.00933741
7 0.148668 0.0622381 0.0312412 0.0908371 0.00915576
2 0.349626 0.227171 0.0139115 0.0212254 0.00902632
4 0.461451 0.217264 0.075151 0.1155 0.00893287
22 0.302144 0.443817 0.0141346 0.0206844 0.0089085
1 0.354408 0.37494 0.0101495 0.0192417 0.00776004
4 0.376784 0.409313 0.0327942 0.0174497 0.00738437
2 0.169177 0.088702 0.0231707 0.0820384 0.00719288
2 0.385441 0.246652 0.0169631 0.0274851 0.00704718
4 0.345305 0.410853 0.0332603 0.0194834 0.00674031
7 0.20999 0.129874 0.0287931 0.066655 0.00662499
2 0.0157287 0.246341 0.0134403 0.0251968 0.00651411
4 0.316135 0.373042 0.0154776 0.017354 0.00601188
7 0.147168 0.106737 0.0419392 0.133665 0.00549956
2 0.308616 0.303262 0.00916538 0.0142361 0.00533185
8 0.274397 0.0390475 0.0344315 0.0514778 0.00513798
7 0.0905732 0.221538 0.0233219 0.104376 0.00513263
2 0.188544 0.270549 0.0120655 0.0165638 0.00512374
1 0.440327 0.340851 0.00931046 0.0159889 0.00509915
2 0.216369 0.117588 0.0195467 0.0415398 0.00494852
18 0.302425 0.448777 0.0144463 0.0139465 0.00488893
2 0.0171341 0.267296 0.0286579 0.0275568 0.00480818
7 0.779032 0.145186 0.0388951 0.0740875 0.00479441
3 0.356507 0.410222 0.0170023 0.0157091 0.00479361
4 0.354563 0.3673 0.00937238 0.0139728 0.00473836
4 0.363761 0.40521 0.021423 0.0178487 0.0047107
2 0.367095 0.251254 0.0148457 0.0197969 0.00460095
2 0.0154726 0.237168 0.0129217 0.0189849 0.00459154
8 0.364226 0.410311 0.0161129 0.0159098 0.00420634
1 0.205775 0.340215 0.0144632 0.0232833 0.00418471
4 0.265305 0.402914 0.0125183 0.0130585 0.00406771
0 0.359334 0.410462 0.0193087 0.0164414 0.00396606
7 0.788795 0.359465 0.0129482 0.0269535 0.00395042
1 0.71142 0.136542 0.0274791 0.25724 0.00382145
4 0.337724 0.377191 0.0427893 0.0221278 0.00380585
8 0.195708 0.148195 0.0288229 0.107812 0.00368386
4 0.390438 0.403989 0.0447354 0.0199512 0.00367064
4 0.354408 0.37494 0.0101495 0.0192417 0.00361451
3 0.364226 0.410311 0.0161129 0.0159098 0.00352859
1 0.370048 0.25255 0.00999374 0.0188427 0.00351811
7 0.180977 0.135438 0.02029 0.100187 0.00350116
14 0.359334 0.410462 0.0193087 0.0164414 0.00332491
2 0.0236756 0.292101 0.0230895 0.03602 0.00324373
2 0.0341777 0.329971 0.0146037 0.021811 0.00314897
4 0.769868 0.311426 0.0170613 0.0145493 0.00304497
4 0.353455 0.388574 0.028568 0.03381 0.00295923
7 0.79063 0.364625 0.0125258 0.0337848 0.00295059
2 0.337359 0.223718 0.0197507 0.0232686 0.00274047
2 0.335329 0.260562 0.0193372 0.0226703 0.00269517
2 0.3054 0.283678 0.00799622 0.0113934 0.00264163
1 0.728887 0.132466 0.164668 0.264932 0.00264055
4 0.328376 0.400247 0.0101161 0.0157518 0.0026211
2 0.383832 0.264081 0.0156975 0.0171704 0.00249578
4 0.343209 0.400942 0.0340073 0.0214168 0.00244207
2 0.345333 0.265557 0.0325199 0.0270817 0.00241639
1 0.691997 0.138636 0.0279508 0.260985 0.00238734
4 0.238304 0.337754 0.0298201 0.0743045 0.00235041
1 0.354563 0.3673 0.00937238 0.0139728 0.0023378
15 0.337724 0.377191 0.0427893 0.0221278 0.00233111
22 0.238301 0.0515655 0.0279003 0.0913183 0.00230255
2 0.328906 0.248011 0.00977615 0.0192574 0.0023022
2 0.0903306 0.227282 0.0226557 0.116219 0.00226925
2 0.355096 0.220782 0.0177062 0.0252564 0.00210716
4 0.328983 0.375309 0.0102587 0.0135911 0.00207156
2 0.337689 0.0167555 0.0217684 0.0295684 0.00207146
4 0.328743 0.411322 0.00823007 0.0201842 0.00203394
2 0.340342 0.256918 0.0262886 0.0192797 0.00203267
6 0.337724 0.377191 0.0427893 0.0221278 0.00202831
4 0.768273 0.317267 0.023356 0.0129386 0.00202797
4 0.477079 0.404393 0.018981 0.0153947 0.00202463
2 0.82776 0.320998 0.00828461 0.0105639 0.00202456
2 0.553386 0.261891 0.00652252 0.0125155 0.00202124
2 0.323889 0.231236 0.0133602 0.0188887 0.00200167
2 0.012595 0.281692 0.0220357 0.0391414 0.00199507
4 0.543756 0.402714 0.0171971 0.0154357 0.0019804
4 0.417695 0.360257 0.0160478 0.0108976 0.00197983
2 0.185689 0.270105 0.0120752 0.0178338 0.00197409
4 0.470946 0.404374 0.0228162 0.014639 0.00191905
8 0.214864 0.117093 0.021607 0.0419383 0.0018963
7 0.370048 0.25255 0.00999374 0.0188427 0.00186491
4 0.653678 0.400738 0.0116158 0.0176557 0.00185886
6 0.353314 0.38395 0.0636727 0.0415069 0.00185441
2 0.168831 0.108605 0.0258909 0.122829 0.00184909
2 0.575473 0.322248 0.0125175 0.0126501 0.0018357
2 0.788896 0.360679 0.0144478 0.0267786 0.00182487
1 0.385441 0.246652 0.0169631 0.0274851 0.00173957
22 0.299491 0.437865 0.0144221 0.0275689 0.00173252
2 0.0200207 0.284145 0.0229173 0.0503858 0.00171356
2 0.354164 0.283277 0.0167471 0.0172871 0.00169693
2 0.198588 0.149293 0.031917 0.106131 0.00169361
0 0.354408 0.37494 0.0101495 0.0192417 0.00168395
4 0.382149 0.406854 0.0476406 0.0193926 0.00166402
4 0.507624 0.404797 0.0255875 0.0160457 0.00165513
4 0.379419 0.402462 0.0171494 0.0156211 0.00159358
31 0.699916 0.131017 0.0435104 0.262034 0.00158562
2 0.0123663 0.259755 0.0209965 0.0483689 0.00155578
7 0.238226 0.337601 0.0304718 0.0730599 0.00155001
2 0.386465 0.267929 0.0173689 0.0179404 0.00147093
1 0.0930925 0.228804 0.0375248 0.117963 0.0014667
8 0.356466 0.404197 0.0153762 0.0167414 0.00146303
4 0.477732 0.412402 0.0207077 0.0107332 0.00144323
22 0.274397 0.0390475 0.0344315 0.0514778 0.00139522
2 0.0190031 0.260083 0.0287787 0.0444439 0.00139437
12 0.154805 0.546826 0.307732 0.499202 0.00137803
1 0.370615 0.256448 0.0126299 0.0247343 0.00136474
2 0.386604 0.241143 0.0158137 0.0253265 0.00133442
6 0.390438 0.403989 0.0447354 0.0199512 0.0013283
1 0.373313 0.289184 0.0156198 0.0436201 0.00129462
7 0.141419 0.175329 0.0306552 0.0603263 0.00128762
2 0.681265 0.288915 0.0115939 0.0187725 0.00128191
1 0.653678 0.400738 0.0116158 0.0176557 0.00127638
1 0.169177 0.088702 0.0231707 0.0820384 0.00126685
4 0.323365 0.397268 0.016315 0.0121579 0.0012543
4 0.353314 0.38395 0.0636727 0.0415069 0.00124068
5 0.359334 0.410462 0.0193087 0.0164414 0.00120722
1 0.207776 0.14774 0.0282925 0.10424 0.00118099
2 0.205775 0.340215 0.0144632 0.0232833 0.00117701
23 0.302144 0.443817 0.0141346 0.0206844 0.0011562
2 0.238107 0.0546793 0.0282275 0.0895566 0.00114606
1 0.170374 0.110591 0.0241827 0.124892 0.00114538
2 0.776847 0.31786 0.00958789 0.0111097 0.0011226
2 0.353783 0.266656 0.02067 0.0262424 0.00103999
32 0.356507 0.410222 0.0170023 0.0157091 0.00103989
10 0.981879 0.120953 0.0362427 0.241906 0.00103455
4 0.154805 0.546826 0.307732 0.499202 0.00103407
0 0.356466 0.404197 0.0153762 0.0167414 0.00101755
14 0.302425 0.448777 0.0144463 0.0139465 0.00101599
