19 0.727431 0.672342 0.543486 0.646195 0.95039
10 0.617651 0.582664 0.0554998 0.274087 0.910411
19 0.859509 0.206887 0.278619 0.335388 0.907532
18 0.953166 0.346751 0.0907443 0.132724 0.870387
18 0.795048 0.477062 0.170371 0.119041 0.867005
18 0.439896 0.113786 0.0900349 0.0882076 0.850942
19 0.362816 0.446581 0.721047 0.656516 0.785046
18 0.308669 0.502106 0.414559 0.53299 0.752677
18 0.309695 0.135666 0.106602 0.0967405 0.732949
18 0.799051 0.175969 0.156945 0.30112 0.67631
27 0.629424 0.129422 0.0381043 0.0251162 0.543864
18 0.785196 0.223847 0.127917 0.205896 0.483402
18 0.747554 0.0999559 0.0515835 0.115598 0.411873
27 0.671915 0.141196 0.0387759 0.0254214 0.373697
19 0.925452 0.216501 0.146431 0.312453 0.336054
18 0.707805 0.346268 0.101015 0.393176 0.327491
18 0.830902 0.162781 0.0846085 0.307059 0.318697
18 0.821648 0.0350292 0.0583154 0.0656873 0.310123
18 0.928872 0.213035 0.139533 0.31521 0.291198
10 0.672185 0.140657 0.0379524 0.0254751 0.278671
0 0.705697 0.089695 0.0601643 0.135696 0.241799
10 0.629393 0.134785 0.0364048 0.0323095 0.213314
0 0.823552 0.0335687 0.07194 0.0667184 0.193807
44 0.663262 0.163789 0.0591378 0.0299937 0.157244
18 0.824623 0.0493152 0.0454388 0.0374748 0.15628
27 0.62687 0.147867 0.0376549 0.0228994 0.121882
27 0.66213 0.163191 0.0588144 0.0273266 0.0992545
27 0.66963 0.154621 0.0440592 0.0251188 0.0871648
44 0.618595 0.148088 0.0484847 0.0226737 0.0806161
18 0.136576 0.373276 0.16509 0.497545 0.0724427
18 0.705319 0.0856981 0.05734 0.140795 0.0720905
27 0.625648 0.141487 0.0457271 0.0295396 0.0601392
18 0.30809 0.233284 0.111741 0.292502 0.055475
10 0.671385 0.148775 0.0407119 0.0344989 0.0478215
10 0.62687 0.147867 0.0376549 0.0228994 0.0366003
18 0.747935 0.0613561 0.0454318 0.0401463 0.0356278
18 0.197621 0.417818 0.203169 0.512461 0.0352838
44 0.625648 0.141487 0.0457271 0.0295396 0.0346051
18 0.281803 0.282514 0.170808 0.390959 0.0318351
18 0.718277 0.273922 0.0793582 0.287962 0.0297304
18 0.724783 0.235397 0.0707844 0.181325 0.0276829
0 0.70946 0.0612414 0.066239 0.121941 0.0240162
18 0.78676 0.112169 0.127998 0.123788 0.0191983
19 0.756969 0.101712 0.0706995 0.115769 0.0171511
44 0.629936 0.13572 0.038939 0.0333408 0.0152478
0 0.719618 0.0470325 0.0467244 0.0934851 0.014247
19 0.942547 0.135574 0.114906 0.148837 0.0130454
19 0.789525 0.106761 0.128163 0.142228 0.0121538
18 0.387026 0.0819741 0.0824396 0.161587 0.0113054
18 0.512289 0.391987 0.178227 0.509551 0.0112552
44 0.67131 0.146023 0.0409524 0.0323449 0.0102657
10 0.661623 0.165266 0.0600312 0.0244373 0.00992396
18 0.835882 0.0716375 0.0717807 0.0839283 0.00960801
18 0.820298 0.0605419 0.0541738 0.0591274 0.00785557
0 0.721717 0.0277275 0.0419711 0.0538746 0.00763465
18 0.885273 0.194876 0.229423 0.321753 0.00709789
18 0.688712 0.330043 0.0629852 0.423919 0.00633699
0 0.989502 0.260045 0.0172661 0.0509947 0.00621963
18 0.441348 0.44142 0.149197 0.44882 0.00572558
18 0.221759 0.324963 0.287246 0.466261 0.00547565
18 0.842117 0.0330459 0.0901166 0.0582721 0.00537251
44 0.628757 0.146853 0.0353584 0.0256069 0.00536641
45 0.629424 0.129422 0.0381043 0.0251162 0.00523796
18 0.324644 0.0942214 0.139864 0.17711 0.00506985
27 0.671927 0.131583 0.0391879 0.0340244 0.00423927
18 0.134701 0.172003 0.161548 0.0977236 0.00416685
18 0.989502 0.260045 0.0172661 0.0509947 0.00347774
59 0.629596 0.133171 0.0378901 0.0294853 0.00342568
18 0.846754 0.0542611 0.0926245 0.0653431 0.00329436
18 0.366641 0.121553 0.0936519 0.0870218 0.0032891
18 0.738707 0.219975 0.0479088 0.136459 0.0031842
18 0.186637 0.468285 0.368417 0.607352 0.00283382
53 0.747554 0.0999559 0.0515835 0.115598 0.00277386
0 0.751188 0.0986921 0.0547475 0.115238 0.00270873
49 0.134867 0.169184 0.159334 0.0983593 0.002683
14 0.902461 0.0235617 0.0469822 0.0455834 0.0024656
44 0.66963 0.154621 0.0440592 0.0251188 0.00244919
10 0.672213 0.131965 0.0381953 0.0353702 0.00242049
18 0.84897 0.173658 0.133838 0.304403 0.00237042
35 0.703962 0.0875553 0.0553594 0.138032 0.0023397
59 0.671385 0.148775 0.0407119 0.0344989 0.00233879
19 0.783295 0.181655 0.175896 0.296607 0.00231561
10 0.62206 0.144417 0.0532337 0.0268947 0.00227421
0 0.828386 0.0223618 0.0702789 0.0424362 0.00227313
18 0.210473 0.962179 0.0956627 0.0745072 0.00227245
60 0.209591 0.962043 0.096172 0.0753133 0.00223926
0 0.896622 0.0243229 0.0335058 0.0468132 0.00221008
18 0.73446 0.202198 0.0728537 0.242338 0.00220796
18 0.880946 0.188507 0.141096 0.360722 0.00217472
19 0.724137 0.235773 0.0724495 0.171624 0.0021661
14 0.896871 0.0240736 0.0280179 0.0436094 0.00215218
18 0.415847 0.084917 0.137508 0.147939 0.00213942
18 0.653101 0.304909 0.194806 0.335806 0.00213536
18 0.582071 0.314728 0.215911 0.432767 0.00212493
59 0.672185 0.140657 0.0379524 0.0254751 0.00206689
19 0.708391 0.343063 0.100891 0.3841 0.00198263
18 0.837825 0.0722238 0.104998 0.13758 0.00192212
18 0.765261 0.0992629 0.081597 0.117266 0.00191348
19 0.836923 0.188409 0.084301 0.269678 0.00189815
53 0.821648 0.0350292 0.0583154 0.0656873 0.00189648
19 0.134763 0.36608 0.165216 0.489258 0.00188789
18 0.257766 0.35149 0.127515 0.53181 0.00187768
33 0.629393 0.134785 0.0364048 0.0323095 0.00186911
18 0.627238 0.36419 0.266134 0.433987 0.00182452
19 0.711288 0.0901297 0.0702028 0.136174 0.00176789
44 0.635552 0.158993 0.0761904 0.0335401 0.00176669
33 0.672096 0.143982 0.0400319 0.0315773 0.0017631
19 0.134867 0.169184 0.159334 0.0983593 0.00171027
18 0.85198 0.224359 0.0565176 0.284952 0.00169305
10 0.703962 0.0875553 0.0553594 0.138032 0.00168769
18 0.954664 0.382503 0.0887127 0.0703532 0.00168041
59 0.628757 0.146853 0.0353584 0.0256069 0.00165726
44 0.653118 0.163988 0.0844412 0.0404986 0.00165583
33 0.618595 0.148088 0.0484847 0.0226737 0.00163401
31 0.439585 0.113217 0.0896857 0.0888308 0.0016269
49 0.743691 0.0971844 0.0557222 0.116079 0.00158734
43 0.952814 0.34738 0.0909632 0.133471 0.00157999
49 0.134763 0.36608 0.165216 0.489258 0.00155792
20 0.671915 0.141196 0.0387759 0.0254214 0.00154895
19 0.953236 0.345433 0.0931323 0.133904 0.00149113
18 0.767646 0.19247 0.19741 0.236999 0.00145479
18 0.404093 0.119033 0.118643 0.0903391 0.00145144
18 0.816126 0.0964298 0.0771741 0.137575 0.00144049
18 0.808597 0.171329 0.110284 0.238729 0.00141316
18 0.850439 0.180451 0.0729205 0.3383 0.00138473
25 0.706266 0.0822566 0.0594826 0.14324 0.00136628
18 0.762127 0.0681664 0.0707965 0.117557 0.00136023
18 0.776847 0.204093 0.102453 0.130514 0.00128481
49 0.704418 0.08786 0.0583968 0.132023 0.00128216
18 0.886665 0.217406 0.0928747 0.293712 0.00127358
19 0.82531 0.0336948 0.0731025 0.0659769 0.00124519
0 0.877645 0.0184721 0.0348475 0.0359737 0.00124008
18 0.449121 0.157764 0.105704 0.162166 0.00123408
19 0.308925 0.134796 0.107551 0.0922967 0.00116118
0 0.707185 0.017655 0.026195 0.0348899 0.00113424
43 0.789525 0.106761 0.128163 0.142228 0.00112323
19 0.391822 0.0816388 0.0911769 0.15749 0.00111444
18 0.751742 0.194929 0.0727483 0.189463 0.0011143
18 0.752403 0.242549 0.074912 0.17337 0.00110051
44 0.696544 0.172308 0.0403563 0.0337804 0.00109471
19 0.439585 0.113217 0.0896857 0.0888308 0.00108673
49 0.439585 0.113217 0.0896857 0.0888308 0.00106417
18 0.71354 0.115137 0.0458052 0.0808575 0.00105452
18 0.896016 0.0241628 0.0247314 0.0452854 0.00101768
