46 0.580634 0.413476 0.22251 0.540066 0.908259
46 0.912416 0.625561 0.171387 0.338611 0.822231
46 0.232047 0.528518 0.252947 0.721476 0.622341
46 0.598148 0.955667 0.237783 0.085194 0.258601
46 0.646258 0.675596 0.322236 0.154307 0.196481
46 0.846919 0.790728 0.144457 0.136117 0.13144
46 0.0609729 0.871246 0.121326 0.21627 0.110846
46 0.917785 0.487182 0.161513 0.100289 0.0651424
46 0.780543 0.969927 0.117805 0.0583552 0.0547917
46 0.599589 0.169281 0.161511 0.0772578 0.0417241
46 0.963345 0.484735 0.0713672 0.0969414 0.0201993
46 0.975534 0.851602 0.0452736 0.215257 0.0180193
46 0.601367 0.218978 0.155938 0.175222 0.0136927
46 0.886595 0.826846 0.219059 0.2924 0.012848
46 0.664007 0.546738 0.364782 0.269446 0.0111292
46 0.695101 0.706844 0.257943 0.21265 0.0109784
46 0.764168 0.513632 0.155683 0.202926 0.0108115
46 0.581786 0.282185 0.200272 0.306178 0.0100343
46 0.917675 0.454168 0.161061 0.168564 0.00927836
46 0.304255 0.502911 0.342771 0.670542 0.00918933
46 0.936789 0.505785 0.123328 0.139002 0.00858725
46 0.769225 0.790326 0.303308 0.143241 0.00798356
46 0.164081 0.563137 0.326422 0.735339 0.006781
46 0.14114 0.859148 0.139243 0.173688 0.00590914
57 0.928417 0.254279 0.139963 0.164808 0.0056114
18 0.234761 0.0720036 0.120473 0.144007 0.00476898
46 0.972181 0.797439 0.0536354 0.240413 0.00451697
46 0.69146 0.754567 0.253844 0.134379 0.00395196
46 0.763118 0.589858 0.167472 0.355736 0.00374046
43 0.92784 0.254319 0.139257 0.160915 0.00348426
57 0.283888 0.365616 0.459105 0.390357 0.00331966
57 0.741938 0.312336 0.504145 0.350827 0.00289668
46 0.770113 0.716172 0.309391 0.280483 0.0023589
46 0.944702 0.828523 0.107659 0.305808 0.00235343
46 0.215931 0.275934 0.228523 0.206998 0.00227842
46 0.999376 0.835918 0.00124878 0.324005 0.00202035
43 0.157531 0.301334 0.180515 0.252294 0.00201325
43 0.0485417 0.234274 0.0952407 0.225086 0.00200438
46 0.415847 0.849984 0.191201 0.288012 0.00198825
46 0.644093 0.597047 0.333717 0.180812 0.00180212
43 0.82521 0.331809 0.345471 0.258053 0.00179887
0 0.963701 0.484926 0.0704352 0.100474 0.00172485
46 0.963575 0.576004 0.0702808 0.284931 0.00166004
46 0.804257 0.971122 0.073353 0.0577386 0.00150055
46 0.9054 0.260302 0.0949301 0.135074 0.00147854
43 0.73726 0.39061 0.517527 0.515283 0.00142217
51 0.590951 0.955787 0.228667 0.0884263 0.00141247
11 0.234816 0.515009 0.249871 0.702114 0.00138206
46 0.0675245 0.720906 0.134515 0.421491 0.00133685
46 0.787113 0.950664 0.134974 0.0958764 0.00127722
46 0.855811 0.5368 0.283553 0.211581 0.00124625
46 0.749118 0.462645 0.134974 0.0973191 0.00123319
43 0.212137 0.312036 0.289175 0.253369 0.00117698
46 0.92908 0.724792 0.141841 0.50107 0.00111695
43 0.896483 0.334181 0.204683 0.316789 0.0010972
43 0.0645499 0.274001 0.127462 0.284192 0.0010948
46 0.983731 0.859383 0.0286383 0.212728 0.00108641
46 0.915088 0.404416 0.167094 0.251841 0.00105886
60 0.77882 0.970405 0.123705 0.0591894 0.00104997
57 0.258073 0.541188 0.496649 0.740571 0.0010494
46 0.63372 0.635891 0.312581 0.115018 0.00101246
