18 0.621746 0.212039 0.15563 0.402976 0.934069
0 0.40543 0.128587 0.0948723 0.253705 0.825958
16 0.452661 0.253242 0.09549 0.12507 0.774695
18 0.199585 0.567532 0.15499 0.424847 0.722903
18 0.147847 0.392796 0.250292 0.754835 0.548356
18 0.086058 0.468783 0.144091 0.484919 0.264567
18 0.134387 0.0918009 0.176442 0.1824 0.192031
43 0.945731 0.327645 0.107822 0.235344 0.0903589
26 0.225359 0.0284228 0.0175862 0.0566017 0.032072
3 0.453325 0.250869 0.0928186 0.132043 0.0296512
28 0.456011 0.24684 0.0982775 0.136711 0.0220473
22 0.225359 0.0284228 0.0175862 0.0566017 0.021416
18 0.224691 0.0281786 0.0179544 0.056278 0.00777402
53 0.945872 0.325373 0.107557 0.233986 0.00574305
18 0.574454 0.0854225 0.1065 0.165704 0.00352553
18 0.669935 0.254023 0.0593832 0.21891 0.00348307
9 0.225323 0.0284465 0.0173938 0.0568121 0.0029246
14 0.945872 0.325373 0.107557 0.233986 0.00291751
18 0.58845 0.0276347 0.0803268 0.0517924 0.00288216
1 0.945397 0.326982 0.106962 0.236907 0.00284227
18 0.591486 0.0196334 0.0695548 0.0357625 0.00269074
0 0.571936 0.0858173 0.108916 0.164769 0.0022708
18 0.681126 0.246577 0.0399045 0.201722 0.00220986
0 0.381503 0.1284 0.0486421 0.250554 0.00193275
0 0.455607 0.255134 0.0909688 0.122109 0.00174069
18 0.595285 0.0769175 0.0686657 0.153039 0.00157097
18 0.12781 0.00402157 0.220146 0.00804315 0.0014955
18 0.453171 0.250904 0.0929977 0.126409 0.00146082
10 0.453128 0.251416 0.0937245 0.125784 0.00136586
19 0.612975 0.00129885 0.231631 0.00259771 0.00133138
18 0.638339 0.0290668 0.200476 0.053763 0.00131085
10 0.224691 0.0281786 0.0179544 0.056278 0.00128216
19 0.567761 0.0936845 0.122723 0.177789 0.00125414
0 0.571841 0.167686 0.120332 0.326975 0.00111724
21 0.945727 0.326847 0.107826 0.235957 0.00102441
18 0.66093 0.180216 0.184927 0.354568 0.00102152
