11 0.848384 0.668463 0.0398533 0.0702325 0.908271
0 0.105906 0.757469 0.167241 0.384372 0.885716
0 0.507427 0.637309 0.0659182 0.241743 0.840309
19 0.134236 0.774619 0.229811 0.413356 0.807938
0 0.674648 0.570904 0.0612939 0.101497 0.758201
0 0.745065 0.651262 0.0810892 0.250261 0.708561
19 0.956329 0.947133 0.0860121 0.103377 0.705164
19 0.612438 0.696248 0.366821 0.180057 0.694369
0 0.748427 0.576122 0.0745428 0.0971753 0.63355
19 0.963646 0.771639 0.0719215 0.245724 0.572757
2 0.553479 0.075359 0.0193637 0.0257064 0.418257
18 0.503164 0.694796 0.139899 0.166742 0.357146
11 0.603123 0.61379 0.0282007 0.028485 0.337094
0 0.710338 0.699654 0.133852 0.164873 0.309101
9 0.163557 0.667723 0.0408535 0.0609816 0.297736
11 0.163557 0.667723 0.0408535 0.0609816 0.296774
19 0.943553 0.855653 0.11238 0.285058 0.292164
11 0.0519673 0.828846 0.05719 0.0613497 0.221039
0 0.505597 0.683309 0.0686916 0.143913 0.185345
9 0.499756 0.671962 0.0554052 0.109974 0.158276
18 0.943475 0.856527 0.113049 0.284022 0.154623
10 0.639409 0.599086 0.0109738 0.0381239 0.139599
11 0.602481 0.636325 0.0304326 0.0762824 0.139454
0 0.986356 0.64775 0.0264826 0.0340361 0.135029
19 0.906034 0.759542 0.186456 0.121496 0.134083
0 0.739932 0.69117 0.0854967 0.145182 0.129593
9 0.848637 0.667392 0.0387115 0.0700988 0.1142
11 0.575238 0.609121 0.0351318 0.0232676 0.114105
0 0.0389506 0.615694 0.0345689 0.0910397 0.101214
42 0.848637 0.667392 0.0387115 0.0700988 0.100779
20 0.102713 0.692433 0.0337278 0.0303341 0.0987959
19 0.744838 0.690849 0.0875609 0.147289 0.0966525
17 0.985354 0.650537 0.0285441 0.0312238 0.0911876
0 0.848075 0.668366 0.0412289 0.0713142 0.0888553
11 0.0380942 0.619621 0.0325731 0.0862481 0.0849231
9 0.519432 0.60151 0.0350722 0.0366674 0.0845449
11 0.519432 0.60151 0.0350722 0.0366674 0.0828676
19 0.705651 0.696703 0.134763 0.153009 0.0821297
0 0.500368 0.562098 0.0464475 0.0945234 0.0820524
0 0.675986 0.602385 0.0609058 0.162965 0.0752883
19 0.148961 0.736866 0.201093 0.21134 0.0697074
18 0.746426 0.692734 0.0881404 0.151331 0.0689618
31 0.519432 0.60151 0.0350722 0.0366674 0.0590326
0 0.987098 0.631072 0.0253628 0.0440193 0.0588369
19 0.964179 0.69351 0.0712557 0.085044 0.0554199
9 0.497011 0.619888 0.0447914 0.0158798 0.0543315
0 0.662487 0.697809 0.0927677 0.168791 0.0516974
11 0.0499394 0.81024 0.0516406 0.095264 0.0516253
18 0.716558 0.709404 0.144146 0.173121 0.0509702
9 0.576732 0.609935 0.0352809 0.0261556 0.0485741
10 0.555464 0.595277 0.0092207 0.0496948 0.0474778
19 0.157904 0.81665 0.166132 0.28475 0.046209
9 0.518949 0.665967 0.0411457 0.0832988 0.0457949
9 0.775523 0.635516 0.0285782 0.0374956 0.044387
11 0.123516 0.693389 0.0618741 0.0464868 0.042093
18 0.0387179 0.620787 0.0319059 0.0828622 0.0419952
0 0.67687 0.677572 0.0740484 0.209644 0.0409827
10 0.26416 0.538517 0.0100122 0.0205158 0.0404012
11 0.619525 0.676279 0.0641063 0.154031 0.0394988
19 0.521072 0.695126 0.148072 0.153165 0.0383901
11 0.0427687 0.79494 0.0374997 0.0657149 0.0368568
10 0.523448 0.732303 0.0133633 0.0429122 0.0359375
11 0.499447 0.566912 0.0436011 0.102475 0.0358149
1 0.0587461 0.195013 0.0121505 0.0193764 0.0353922
19 0.116526 0.814012 0.118223 0.228715 0.0329519
0 0.98664 0.629233 0.0267193 0.0938931 0.0323486
0 0.838863 0.554997 0.0177441 0.0316206 0.0323284
54 0.519305 0.601423 0.0354696 0.0389608 0.0323247
10 0.261192 0.541618 0.0107316 0.027222 0.0307462
42 0.163557 0.667723 0.0408535 0.0609816 0.0289978
9 0.770884 0.594598 0.0311519 0.0541086 0.028891
19 0.0661408 0.92133 0.0929682 0.15734 0.0285747
0 0.987043 0.665558 0.0235748 0.0528739 0.0283731
31 0.163289 0.667508 0.0407606 0.0636078 0.0267777
11 0.0402191 0.717091 0.0378479 0.120179 0.0265338
43 0.612095 0.692102 0.36765 0.17797 0.0260211
9 0.05171 0.827122 0.0560705 0.063096 0.0249749
11 0.519277 0.58918 0.0374496 0.0612531 0.0242636
19 0.654469 0.68819 0.107254 0.18051 0.0222153
0 0.163895 0.666732 0.040079 0.060887 0.0221256
10 0.991283 0.700239 0.0160804 0.0826348 0.0219405
9 0.505978 0.677163 0.0693949 0.153222 0.0217318
18 0.141706 0.787592 0.161302 0.310145 0.0213915
18 0.964211 0.760452 0.0715792 0.226781 0.021334
9 0.749108 0.575799 0.0739414 0.0962867 0.0207987
9 0.503514 0.642023 0.0587845 0.20041 0.0196243
54 0.519277 0.58918 0.0374496 0.0612531 0.0192637
11 0.040696 0.781882 0.0348827 0.0562408 0.0192346
18 0.494282 0.667165 0.092904 0.212013 0.0192065
0 0.853392 0.548509 0.0156073 0.0403842 0.0191777
17 0.987358 0.632805 0.0252836 0.0368812 0.0185937
10 0.990074 0.727788 0.0183239 0.0336534 0.0179633
0 0.983577 0.573794 0.032847 0.0858887 0.0177914
0 0.519277 0.58918 0.0374496 0.0612531 0.0172007
18 0.0646931 0.921885 0.0950849 0.150592 0.017017
46 0.163381 0.667471 0.0408882 0.0614497 0.0169586
30 0.576084 0.293711 0.0270311 0.0154756 0.0168687
0 0.512419 0.552339 0.0241591 0.0557145 0.0167909
21 0.0657618 0.922039 0.0928665 0.155922 0.0162996
18 0.986356 0.64775 0.0264826 0.0340361 0.0161761
11 0.639409 0.599086 0.0109738 0.0381239 0.0161594
19 0.905611 0.838938 0.187894 0.30395 0.016115
19 0.986356 0.64775 0.0264826 0.0340361 0.0160713
11 0.0437723 0.748997 0.0448936 0.146648 0.0157448
4 0.0587461 0.195013 0.0121505 0.0193764 0.0152944
9 0.501347 0.568996 0.0429316 0.100386 0.0148008
9 0.517597 0.703281 0.0410234 0.107567 0.0147496
9 0.639409 0.599086 0.0109738 0.0381239 0.0146014
18 0.519305 0.601423 0.0354696 0.0389608 0.0140763
54 0.639409 0.599086 0.0109738 0.0381239 0.0138737
9 0.555147 0.595122 0.010134 0.0510245 0.0137743
18 0.169432 0.741023 0.149793 0.212172 0.013733
9 0.512419 0.552339 0.0241591 0.0557145 0.013355
54 0.720871 0.619539 0.0330574 0.0176701 0.0132352
11 0.507772 0.572597 0.0379933 0.0749832 0.0128407
19 0.203331 0.681 0.0860384 0.0953359 0.0122984
19 0.705109 0.647269 0.142401 0.0386648 0.0122748
51 0.713084 0.618371 0.0217254 0.0209601 0.0122061
43 0.494521 0.693645 0.123331 0.164157 0.0119016
18 0.163556 0.667937 0.0401486 0.0615913 0.0113854
9 0.12445 0.684275 0.0608553 0.0447249 0.0113125
11 0.123824 0.68226 0.0609848 0.0365248 0.01122
54 0.163533 0.667544 0.0404167 0.0618846 0.0111492
9 0.491816 0.586331 0.0292382 0.0669538 0.0111178
17 0.98767 0.655682 0.0228363 0.0281816 0.0102571
30 0.58881 0.296224 0.0234848 0.0161756 0.0102483
9 0.750845 0.59824 0.0719108 0.0730517 0.0100059
0 0.856522 0.550347 0.0241596 0.0408093 0.00987275
10 0.98767 0.655682 0.0228363 0.0281816 0.00968567
43 0.749225 0.694673 0.0826738 0.153162 0.00962713
9 0.619525 0.676279 0.0641063 0.154031 0.00959059
34 0.575098 0.607692 0.0346527 0.023494 0.00937817
19 0.987043 0.665558 0.0235748 0.0528739 0.00930708
20 0.117083 0.692473 0.0588416 0.0339254 0.00906469
9 0.605792 0.650209 0.038026 0.105832 0.00897083
9 0.519277 0.58918 0.0374496 0.0612531 0.00895873
0 0.991554 0.556595 0.0164774 0.0523841 0.00895642
19 0.56639 0.683045 0.193308 0.179477 0.00890095
0 0.626556 0.683032 0.0796341 0.169313 0.00876039
9 0.179305 0.702149 0.0700572 0.0269307 0.00872683
34 0.60282 0.612013 0.0270077 0.0254016 0.0086926
8 0.856522 0.550347 0.0241596 0.0408093 0.00858454
11 0.490561 0.582056 0.0286556 0.0668403 0.00854328
20 0.639409 0.599086 0.0109738 0.0381239 0.00846773
42 0.985354 0.650537 0.0285441 0.0312238 0.00814819
19 0.18784 0.726556 0.115472 0.18086 0.0078911
2 0.659188 0.239586 0.00661774 0.0109685 0.00786491
11 0.605792 0.650209 0.038026 0.105832 0.00780454
18 0.502246 0.709352 0.0782486 0.205953 0.00772423
9 0.0447069 0.791187 0.0419583 0.0714518 0.00752559
54 0.713084 0.618371 0.0217254 0.0209601 0.00752089
11 0.120666 0.710939 0.0862175 0.0838135 0.00745093
34 0.163533 0.667544 0.0404167 0.0618846 0.00741125
0 0.494282 0.667165 0.092904 0.212013 0.00736683
9 0.0541639 0.807619 0.0572413 0.0987581 0.0073469
9 0.602481 0.636325 0.0304326 0.0762824 0.00721357
31 0.124811 0.690197 0.057635 0.0391553 0.00716404
18 0.987043 0.665558 0.0235748 0.0528739 0.0071265
10 0.554898 0.560544 0.0111055 0.0153357 0.0069431
54 0.740508 0.693151 0.0852261 0.141691 0.00692997
11 0.53154 0.627558 0.128484 0.065282 0.00653756
11 0.506238 0.667403 0.0670409 0.0858876 0.0065327
9 0.603123 0.61379 0.0282007 0.028485 0.00647757
51 0.720871 0.619539 0.0330574 0.0176701 0.00646037
8 0.838361 0.556141 0.0142395 0.0283436 0.00644195
43 0.964124 0.75414 0.071752 0.213862 0.00635713
0 0.750845 0.59824 0.0719108 0.0730517 0.0062548
9 0.719479 0.605699 0.0196596 0.0331181 0.00604638
18 0.16757 0.823317 0.145215 0.284602 0.00599468
18 0.13435 0.766914 0.22912 0.395898 0.00596925
0 0.98767 0.655682 0.0228363 0.0281816 0.00593128
0 0.667066 0.606819 0.0431795 0.0397507 0.00584363
10 0.965876 0.571353 0.0118572 0.0170277 0.00579695
9 0.550375 0.591882 0.0627514 0.0528133 0.00573206
10 0.836607 0.555793 0.0124252 0.0280885 0.0057127
30 0.567632 0.292969 0.0462687 0.0194908 0.00566317
9 0.720871 0.619539 0.0330574 0.0176701 0.00562135
10 0.486031 0.734583 0.014272 0.0446679 0.00549395
34 0.0382281 0.619909 0.0318454 0.0840066 0.00533796
2 0.0587461 0.195013 0.0121505 0.0193764 0.00530324
11 0.555464 0.595277 0.0092207 0.0496948 0.00525479
9 0.507772 0.572597 0.0379933 0.0749832 0.00523137
9 0.128201 0.693967 0.0606109 0.043492 0.00522907
0 0.639409 0.599086 0.0109738 0.0381239 0.005204
54 0.64568 0.608401 0.0221144 0.0295737 0.00515615
20 0.720871 0.619539 0.0330574 0.0176701 0.00508198
11 0.620481 0.60978 0.0587201 0.0283931 0.00506963
0 0.686478 0.568056 0.0376274 0.0907893 0.00493508
0 0.994675 0.553137 0.010454 0.0553366 0.00485606
11 0.674685 0.57124 0.0618342 0.0999268 0.00483748
18 0.964503 0.687987 0.0709932 0.0735246 0.00472518
34 0.12888 0.689908 0.0530756 0.036192 0.00462091
30 0.656139 0.184529 0.0386498 0.0183811 0.00455043
11 0.770884 0.594598 0.0311519 0.0541086 0.00450999
9 0.523448 0.732303 0.0133633 0.0429122 0.00446994
31 0.519277 0.58918 0.0374496 0.0612531 0.00444498
10 0.261928 0.552903 0.0131949 0.0339189 0.00440287
42 0.124811 0.690197 0.057635 0.0391553 0.00436249
20 0.713084 0.618371 0.0217254 0.0209601 0.00432669
19 0.129454 0.693468 0.237399 0.246753 0.00429523
54 0.0380942 0.619621 0.0325731 0.0862481 0.00427778
31 0.848637 0.667392 0.0387115 0.0700988 0.00418759
0 0.943235 0.855678 0.112931 0.284524 0.0041607
14 0.0660161 0.920764 0.0923436 0.157186 0.00411937
14 0.943475 0.856527 0.113049 0.284022 0.00410746
9 0.752295 0.695349 0.0763967 0.152833 0.00410626
8 0.86626 0.559039 0.0182354 0.0252386 0.00408042
10 0.983312 0.647547 0.031789 0.0315397 0.00403968
18 0.519277 0.58918 0.0374496 0.0612531 0.00401937
54 0.12888 0.689908 0.0530756 0.036192 0.00398063
18 0.960541 0.775495 0.0770741 0.141354 0.00397881
18 0.0519673 0.828846 0.05719 0.0613497 0.00397262
11 0.550375 0.591882 0.0627514 0.0528133 0.00396547
51 0.162714 0.667377 0.0412207 0.0609055 0.00396076
20 0.672111 0.618522 0.036592 0.0181022 0.003904
11 0.512419 0.552339 0.0241591 0.0557145 0.00390304
43 0.986356 0.64775 0.0264826 0.0340361 0.00389449
11 0.549611 0.607924 0.0284884 0.0268829 0.003892
9 0.111562 0.695711 0.0526066 0.0412894 0.00383528
9 0.53154 0.627558 0.128484 0.065282 0.00382624
54 0.695582 0.624146 0.0350513 0.0184238 0.00380843
0 0.537173 0.679322 0.12542 0.170313 0.00379776
43 0.718702 0.695149 0.115234 0.13876 0.00375834
53 0.619525 0.676279 0.0641063 0.154031 0.00375671
0 0.555464 0.595277 0.0092207 0.0496948 0.00375664
9 0.838361 0.556141 0.0142395 0.0283436 0.00370999
9 0.120666 0.710939 0.0862175 0.0838135 0.0037087
43 0.905294 0.76021 0.182306 0.124801 0.00366443
19 0.988664 0.692586 0.0201038 0.0721944 0.00365622
9 0.555184 0.608417 0.0313285 0.0288032 0.00365249
0 0.99022 0.840418 0.0175787 0.111996 0.00362316
20 0.519305 0.601423 0.0354696 0.0389608 0.00358698
51 0.639409 0.599086 0.0109738 0.0381239 0.00355328
43 0.0660372 0.922166 0.0949413 0.154738 0.00350121
9 0.525303 0.706525 0.0247694 0.103124 0.00348896
32 0.740508 0.693151 0.0852261 0.141691 0.0034204
9 0.184813 0.716979 0.094386 0.0650801 0.00340594
17 0.987043 0.665558 0.0235748 0.0528739 0.00334265
18 0.98767 0.655682 0.0228363 0.0281816 0.00328973
0 0.60282 0.612013 0.0270077 0.0254016 0.00326975
30 0.590915 0.305116 0.0260383 0.0140937 0.00323314
0 0.602481 0.636325 0.0304326 0.0762824 0.00322974
0 0.988664 0.692586 0.0201038 0.0721944 0.00319482
11 0.497011 0.619888 0.0447914 0.0158798 0.00318727
18 0.639409 0.599086 0.0109738 0.0381239 0.0031675
10 0.265121 0.550323 0.0134512 0.0387678 0.00312674
18 0.988664 0.692586 0.0201038 0.0721944 0.00312236
18 0.735548 0.723995 0.0583394 0.109044 0.00310814
17 0.748957 0.575638 0.0717524 0.0969127 0.00309129
9 0.487737 0.734127 0.0158878 0.0439592 0.00307099
10 0.64568 0.608401 0.0221144 0.0295737 0.00306353
18 0.987098 0.631072 0.0253628 0.0440193 0.00306195
0 0.737119 0.575293 0.0423823 0.0935671 0.00300076
18 0.674961 0.57047 0.0617174 0.0996725 0.00298236
11 0.179305 0.702149 0.0700572 0.0269307 0.0029525
18 0.466329 0.696997 0.0649144 0.164085 0.00292393
18 0.645906 0.68555 0.122286 0.178266 0.00290957
18 0.575098 0.607692 0.0346527 0.023494 0.00289899
10 0.0706482 0.396601 0.0227456 0.0510015 0.00289605
42 0.987358 0.632805 0.0252836 0.0368812 0.00284737
0 0.836474 0.548416 0.0132443 0.0319975 0.00281532
10 0.525394 0.754775 0.0184918 0.0993211 0.00281496
1 0.40254 0.328444 0.011363 0.0161197 0.00281477
0 0.519432 0.60151 0.0350722 0.0366674 0.00280919
18 0.555464 0.595277 0.0092207 0.0496948 0.00280917
4 0.858395 0.552924 0.0303452 0.0369288 0.0027959
11 0.775523 0.635516 0.0285782 0.0374956 0.00278458
11 0.719479 0.605699 0.0196596 0.0331181 0.00276935
9 0.965876 0.571353 0.0118572 0.0170277 0.00276375
43 0.133876 0.782949 0.232059 0.420099 0.00275637
34 0.985354 0.650537 0.0285441 0.0312238 0.00274872
27 0.713084 0.618371 0.0217254 0.0209601 0.00274545
11 0.750845 0.59824 0.0719108 0.0730517 0.00273393
9 0.99022 0.840418 0.0175787 0.111996 0.0027338
34 0.555464 0.595277 0.0092207 0.0496948 0.00262805
19 0.965176 0.67297 0.069121 0.176689 0.00262662
11 0.749108 0.575799 0.0739414 0.0962867 0.00262537
21 0.90436 0.760659 0.179954 0.124195 0.00261749
10 0.570446 0.553727 0.00880414 0.0136777 0.00260225
18 0.615866 0.684199 0.362012 0.162708 0.00259262
0 0.163376 0.587816 0.0604858 0.0675388 0.00257356
17 0.50001 0.554124 0.0461465 0.0790359 0.00256875
0 0.86626 0.559039 0.0182354 0.0252386 0.00254724
0 0.141706 0.787592 0.161302 0.310145 0.00253819
32 0.715405 0.710753 0.143936 0.169356 0.00253714
42 0.575238 0.609121 0.0351318 0.0232676 0.00251708
54 0.719758 0.642957 0.11066 0.0312147 0.00250724
19 0.530892 0.649978 0.134936 0.069367 0.00250143
0 0.84589 0.549212 0.0307156 0.0372716 0.00248771
0 0.986129 0.563927 0.0277412 0.0403697 0.00248242
42 0.519432 0.60151 0.0350722 0.0366674 0.00247361
11 0.505597 0.683309 0.0686916 0.143913 0.0024733
42 0.60282 0.612013 0.0270077 0.0254016 0.0024631
4 0.15724 0.568298 0.0626907 0.0194708 0.00245833
14 0.519432 0.60151 0.0350722 0.0366674 0.00244095
14 0.964345 0.754195 0.0713099 0.21158 0.00242445
18 0.506863 0.754333 0.0573278 0.114926 0.00240213
18 0.505966 0.678663 0.0670336 0.13531 0.00239761
9 0.161503 0.713595 0.089311 0.0616341 0.0023709
11 0.567079 0.62475 0.0786507 0.0637185 0.00235963
