1 0.71841 0.363764 0.0606564 0.106788 0.918499
4 0.0864519 0.956626 0.172231 0.0828982 0.90506
1 0.285354 0.319566 0.047232 0.0942063 0.878416
1 0.215451 0.327883 0.045117 0.0904984 0.865703
1 0.477088 0.715441 0.0311296 0.213419 0.849683
4 0.28688 0.948657 0.303334 0.0933983 0.838396
1 0.301595 0.770648 0.0811392 0.098409 0.812112
1 0.672718 0.767799 0.0187132 0.0527164 0.798073
4 0.482067 0.965645 0.0674066 0.0634706 0.78108
4 0.866402 0.968923 0.0558918 0.0453051 0.673871
4 0.430787 0.963518 0.0613926 0.065012 0.622154
0 0.976809 0.964188 0.0272224 0.0680247 0.6011
4 0.537177 0.970244 0.0451473 0.0506131 0.567699
4 0.574975 0.96635 0.0561958 0.0568262 0.431965
4 0.611098 0.960506 0.0314108 0.0341589 0.418848
4 0.435606 0.975491 0.0575348 0.042948 0.408895
4 0.827032 0.95898 0.0364559 0.0344493 0.386926
0 0.894669 0.965956 0.0198452 0.0489836 0.373061
0 0.936095 0.962996 0.0143883 0.0654809 0.370236
4 0.71045 0.967324 0.0473162 0.0562822 0.341517
4 0.665498 0.967705 0.0516851 0.0573839 0.339955
7 0.0121781 0.46962 0.0104841 0.0600326 0.304956
8 0.632997 0.975244 0.0178738 0.0473813 0.304787
4 0.430072 0.946451 0.0458073 0.0291496 0.263656
1 0.663257 0.765148 0.0261896 0.0544905 0.24566
4 0.585637 0.968528 0.0342526 0.0475007 0.244243
4 0.759764 0.955196 0.0357598 0.038283 0.238223
4 0.72659 0.964238 0.0349901 0.0453704 0.204293
1 0.673377 0.78337 0.0178502 0.0861765 0.203943
8 0.897582 0.98857 0.0138779 0.0228597 0.202043
4 0.549725 0.967792 0.0499551 0.0547631 0.198843
4 0.65085 0.963509 0.0512394 0.059086 0.190399
0 0.898621 0.973182 0.0193541 0.0503415 0.189662
4 0.740857 0.955879 0.0293356 0.0348541 0.188292
8 0.900682 0.978624 0.0182534 0.0394107 0.174158
4 0.975322 0.959546 0.037043 0.0738589 0.155628
0 0.632997 0.975244 0.0178738 0.0473813 0.154957
8 0.902964 0.98802 0.0133852 0.02396 0.144422
4 0.495135 0.972034 0.0412787 0.0504243 0.136753
8 0.762999 0.977758 0.0399293 0.0376061 0.131193
4 0.645713 0.940847 0.041941 0.0346003 0.125244
0 0.934377 0.943222 0.010928 0.0257127 0.118865
4 0.614213 0.96664 0.0412319 0.0492021 0.114944
8 0.74914 0.976285 0.0141278 0.0371592 0.108469
8 0.72268 0.970333 0.0248121 0.0451938 0.107876
1 0.656383 0.83071 0.019927 0.153952 0.105383
0 0.63062 0.967417 0.0162556 0.0431088 0.104795
0 0.939298 0.969533 0.018042 0.0557065 0.101984
1 0.659926 0.847958 0.0208892 0.123683 0.100577
8 0.939298 0.969533 0.018042 0.0557065 0.0984166
8 0.955422 0.976357 0.0119488 0.0414532 0.0920809
8 0.710696 0.970357 0.0448103 0.0482466 0.0912371
4 0.540683 0.956113 0.0371616 0.0489187 0.0898331
4 0.994066 0.966738 0.0108397 0.049437 0.0877647
4 0.75581 0.948565 0.0283362 0.0315662 0.0876504
1 0.673051 0.826515 0.0174395 0.0777666 0.0866074
8 0.689581 0.977677 0.0206694 0.0412627 0.086109
8 0.776212 0.977177 0.0186632 0.035367 0.0833455
4 0.497008 0.941732 0.0170885 0.0202701 0.0825026
4 0.747515 0.944249 0.0149929 0.0222564 0.0820391
4 0.250942 0.902264 0.0282722 0.018605 0.0774772
0 0.99433 0.971828 0.0108978 0.0523498 0.0746949
4 0.648994 0.936155 0.0363364 0.0233788 0.0740299
4 0.776895 0.954644 0.017869 0.0357988 0.0733123
4 0.168769 0.940813 0.028187 0.0251997 0.0726562
4 0.543748 0.940323 0.0322599 0.0193685 0.0707717
0 0.893879 0.94558 0.0132389 0.0248372 0.0674965
4 0.482982 0.94492 0.066675 0.0266618 0.0648628
8 0.99433 0.971828 0.0108978 0.0523498 0.0618997
8 0.803954 0.97952 0.0359892 0.0293457 0.0603339
4 0.501613 0.941513 0.0193205 0.0198455 0.0599478
4 0.552597 0.938138 0.0250013 0.0158325 0.0595642
4 0.978579 0.932269 0.0383431 0.0446495 0.0593661
4 0.645397 0.931029 0.0351267 0.0228928 0.0580447
8 0.79662 0.980871 0.0310827 0.0280846 0.0579744
1 0.674367 0.813485 0.0167913 0.0505154 0.0574197
4 0.616811 0.941832 0.0277855 0.0245587 0.0560793
4 0.737978 0.965411 0.0322643 0.0496117 0.0531055
4 0.608732 0.942401 0.0323574 0.0261933 0.0529689
7 0.221941 0.864134 0.00813655 0.0306369 0.0528495
0 0.868513 0.9702 0.0607735 0.0493038 0.0514128
5 0.975322 0.959546 0.037043 0.0738589 0.0513305
0 0.903952 0.947973 0.0104942 0.0312141 0.0512497
8 0.975506 0.964181 0.028051 0.0680915 0.0497303
1 0.77311 0.807464 0.0217457 0.104838 0.0493719
4 0.466497 0.941077 0.0351082 0.0203121 0.0493033
0 0.382974 0.912928 0.00837668 0.0190824 0.0484518
4 0.689892 0.966114 0.0194166 0.0508443 0.0480885
1 0.385177 0.881164 0.0186837 0.0192376 0.0462466
1 0.471701 0.914198 0.00692862 0.0198765 0.0457551
4 0.0747591 0.901729 0.0565354 0.0237552 0.0453137
1 0.504753 0.912494 0.0131882 0.0308936 0.0448874
1 0.50409 0.900701 0.0126758 0.0278966 0.0441813
1 0.766627 0.804303 0.0315692 0.0943571 0.0435358
0 0.96171 0.944735 0.0135908 0.0351977 0.042293
0 0.957704 0.966922 0.0123569 0.0386163 0.0421853
0 0.782691 0.941356 0.00816309 0.0173309 0.0415495
8 0.68593 0.98519 0.014815 0.0296209 0.041329
4 0.706375 0.954377 0.0395156 0.0426986 0.0409663
4 0.72268 0.970333 0.0248121 0.0451938 0.0396974
2 0.0115247 0.470235 0.0116047 0.0602086 0.0375745
4 0.957704 0.966922 0.0123569 0.0386163 0.0375106
0 0.88287 0.943571 0.0132255 0.0207351 0.0372696
1 0.684462 0.90337 0.00805603 0.0169898 0.0369326
0 0.81149 0.958547 0.012088 0.0329858 0.0367416
4 0.649486 0.972051 0.0401915 0.046087 0.0366996
0 0.955422 0.976357 0.0119488 0.0414532 0.0363161
4 0.63062 0.967417 0.0162556 0.0431088 0.0359149
1 0.415072 0.892314 0.00830765 0.017355 0.0358458
4 0.341913 0.887344 0.0281566 0.0300401 0.0356694
4 0.340141 0.897323 0.0222324 0.0248657 0.0356556
8 0.920945 0.978758 0.041111 0.0379029 0.0347749
4 0.76339 0.965587 0.0404104 0.0450649 0.0347314
0 0.687082 0.976407 0.0169536 0.0435618 0.0340699
4 0.782691 0.941356 0.00816309 0.0173309 0.0336704
7 0.404729 0.870797 0.00884686 0.0415483 0.0325533
1 0.664409 0.85833 0.0236056 0.137685 0.0324391
4 0.660169 0.918564 0.0105976 0.0152303 0.0324086
4 0.771066 0.94642 0.0207327 0.0272986 0.0321838
0 0.826511 0.963558 0.0388515 0.0426935 0.0320537
8 0.765443 0.985682 0.0367323 0.0286367 0.0316779
0 0.94871 0.977494 0.0134434 0.0342258 0.0316365
8 0.756339 0.988291 0.0258301 0.0234183 0.0312366
8 0.994534 0.98884 0.010388 0.0223197 0.0312043
4 0.653731 0.945413 0.0389353 0.0574173 0.031179
8 0.82588 0.966077 0.0371902 0.0411431 0.0309222
8 0.94871 0.977494 0.0134434 0.0342258 0.0297033
8 0.750319 0.974865 0.0257761 0.038768 0.0296006
4 0.595571 0.935934 0.0156387 0.0153666 0.0291893
0 0.689892 0.966114 0.0194166 0.0508443 0.0283887
5 0.826587 0.958406 0.0375327 0.0330377 0.0283246
0 0.401885 0.924541 0.0113402 0.0333384 0.0273682
4 0.164397 0.931567 0.023125 0.0278469 0.0268815
8 0.63062 0.967417 0.0162556 0.0431088 0.0264868
8 0.957704 0.966922 0.0123569 0.0386163 0.0262022
0 0.906081 0.973702 0.015046 0.043304 0.0261377
8 0.76339 0.965587 0.0404104 0.0450649 0.0260191
4 0.688989 0.941429 0.0133972 0.0190653 0.0256584
1 0.384661 0.892746 0.0151474 0.0347038 0.025551
4 0.88287 0.943571 0.0132255 0.0207351 0.0253764
1 0.660709 0.875623 0.0224843 0.242193 0.0248228
2 0.409515 0.606122 0.00918866 0.0147276 0.0246868
0 0.264816 0.903197 0.0118186 0.0161225 0.0245205
0 0.19179 0.911193 0.00790729 0.040369 0.0236277
7 0.223043 0.84931 0.00953236 0.0289832 0.0233393
0 0.107321 0.908782 0.00901036 0.0155215 0.0231397
1 0.620965 0.91903 0.00729431 0.0179399 0.0230659
4 0.792356 0.960066 0.0336857 0.0457514 0.0224105
4 0.685126 0.940054 0.0147139 0.0189128 0.0220866
0 0.144826 0.915295 0.00799484 0.025563 0.0218268
7 0.0833369 0.738207 0.0153399 0.091056 0.0218088
0 0.250975 0.89963 0.0285328 0.0226091 0.021247
8 0.686653 0.970022 0.0180405 0.0534479 0.0208701
0 0.263372 0.899108 0.0144725 0.022623 0.020752
0 0.897582 0.98857 0.0138779 0.0228597 0.0207388
4 0.716604 0.94114 0.0153822 0.0160633 0.0204607
4 0.17588 0.941187 0.0171896 0.0228977 0.020065
4 0.750319 0.974865 0.0257761 0.038768 0.0199701
7 0.096466 0.736698 0.0156075 0.0842473 0.0197481
8 0.71381 0.981819 0.0396761 0.0363627 0.0197441
7 0.403213 0.894112 0.00956802 0.0299899 0.0195421
0 0.776895 0.954644 0.017869 0.0357988 0.0191285
8 0.906081 0.973702 0.015046 0.043304 0.0188854
8 0.649486 0.972051 0.0401915 0.046087 0.0187983
8 0.74923 0.987018 0.0143962 0.0259645 0.0186024
4 0.388317 0.920687 0.0191362 0.0267901 0.018519
1 0.0798052 0.73673 0.0390144 0.090985 0.0184685
1 0.386143 0.875722 0.0202284 0.0250443 0.0184299
4 0.734696 0.944881 0.0225032 0.023565 0.0183923
0 0.153996 0.915117 0.00805435 0.0341398 0.0181567
0 0.917 0.950833 0.0115841 0.0233707 0.0180267
4 0.416865 0.963883 0.0502692 0.0668168 0.0179435
0 0.340141 0.897323 0.0222324 0.0248657 0.01782
0 0.371042 0.909112 0.0107022 0.0134421 0.0177611
0 0.688989 0.941429 0.0133972 0.0190653 0.0177595
0 0.351075 0.897545 0.0246678 0.0261746 0.0177099
4 0.519368 0.942114 0.0324774 0.0261104 0.0176767
8 0.614213 0.96664 0.0412319 0.0492021 0.017666
4 0.794939 0.980728 0.0269878 0.0275153 0.0175898
0 0.670185 0.968912 0.0453583 0.0529379 0.016792
2 0.033562 0.778392 0.0108959 0.0162764 0.0167558
8 0.81149 0.958547 0.012088 0.0329858 0.0164987
4 0.207736 0.905138 0.0295628 0.0314599 0.0163599
8 0.976915 0.982153 0.0282025 0.0356934 0.0161916
0 0.506843 0.926622 0.0177819 0.0160231 0.0159628
1 0.617064 0.900761 0.0118644 0.0281226 0.0158792
4 0.348737 0.905147 0.0298846 0.0140945 0.0157049
7 0.0688723 0.736609 0.0176015 0.091156 0.0156441
1 0.67836 0.846405 0.0106533 0.028634 0.015302
4 0.397771 0.923648 0.0139934 0.0266631 0.0151395
6 0.0764904 0.903078 0.0572324 0.0242995 0.014819
0 0.345983 0.902253 0.0261703 0.0181942 0.0147838
7 0.215552 0.32619 0.0459965 0.0910264 0.0147066
7 0.225409 0.845248 0.0119361 0.0297235 0.0145493
4 0.345983 0.902253 0.0261703 0.0181942 0.0145398
1 0.68483 0.899282 0.0100759 0.020955 0.0145243
4 0.541844 0.928791 0.0206761 0.0152247 0.0145113
1 0.923036 0.905484 0.011718 0.0185306 0.0143032
1 0.925043 0.892192 0.0163693 0.0283642 0.0142734
8 0.944111 0.986173 0.0135212 0.0276539 0.0140006
0 0.497008 0.941732 0.0170885 0.0202701 0.0136979
0 0.314534 0.898694 0.0183855 0.0209761 0.0135104
4 0.894669 0.965956 0.0198452 0.0489836 0.0133955
8 0.724965 0.983742 0.0243885 0.0325163 0.0131756
13 0.934377 0.943222 0.010928 0.0257127 0.0129501
7 0.502318 0.870431 0.0103206 0.031351 0.0127936
4 0.74914 0.976285 0.0141278 0.0371592 0.0127887
4 0.613349 0.930122 0.0170696 0.0181472 0.0127567
8 0.786251 0.96715 0.0256434 0.0444792 0.0127441
8 0.17588 0.941187 0.0171896 0.0228977 0.0127393
1 0.23092 0.732343 0.0389782 0.0969754 0.0127309
8 0.638537 0.9859 0.0122108 0.0282 0.0127101
4 0.893879 0.94558 0.0132389 0.0248372 0.0124788
8 0.958262 0.983183 0.017664 0.0336334 0.0124201
8 0.737978 0.965411 0.0322643 0.0496117 0.0123816
4 0.96171 0.944735 0.0135908 0.0351977 0.0120774
1 0.370874 0.882633 0.0100091 0.0405831 0.0120113
0 0.921473 0.942294 0.010022 0.0216194 0.0119853
1 0.682357 0.863543 0.0130679 0.0584025 0.0119475
8 0.777157 0.987857 0.0152891 0.0242864 0.0118105
4 0.94871 0.977494 0.0134434 0.0342258 0.0117017
4 0.561438 0.930163 0.0289419 0.0177294 0.0116412
42 0.934377 0.943222 0.010928 0.0257127 0.0116323
4 0.584141 0.944387 0.02616 0.027323 0.0116273
4 0.765829 0.975389 0.0365442 0.0375238 0.0114834
3 0.762999 0.977758 0.0399293 0.0376061 0.0114135
4 0.791447 0.950458 0.0263416 0.0363829 0.0113929
7 0.498042 0.854096 0.0168067 0.0421285 0.0113857
2 0.431599 0.586365 0.0103275 0.0190372 0.011168
4 0.776212 0.977177 0.0186632 0.035367 0.0111533
4 0.342728 0.902614 0.0450863 0.0175615 0.0110004
4 0.934377 0.943222 0.010928 0.0257127 0.010974
42 0.782691 0.941356 0.00816309 0.0173309 0.0109653
1 0.481642 0.861635 0.0133005 0.0722569 0.010949
7 0.459474 0.709347 0.00740891 0.0240065 0.0109232
2 0.420007 0.695301 0.0118803 0.0181776 0.0108607
4 0.401885 0.924541 0.0113402 0.0333384 0.0108467
4 0.371042 0.909112 0.0107022 0.0134421 0.0107526
4 0.938895 0.963754 0.0178139 0.0655656 0.0107208
1 0.502023 0.848078 0.00914114 0.0162774 0.0107093
7 0.816353 0.862988 0.00643695 0.0227962 0.0106603
0 0.764163 0.95804 0.0359981 0.0352305 0.0105927
1 0.776006 0.818693 0.01293 0.117384 0.010586
8 0.898493 0.967854 0.0211483 0.0499716 0.0104991
0 0.902964 0.98802 0.0133852 0.02396 0.0104921
0 0.685126 0.940054 0.0147139 0.0189128 0.0104211
8 0.671577 0.97112 0.0429339 0.0521164 0.0103902
8 0.580345 0.969508 0.0451824 0.048406 0.0101917
4 0.632997 0.975244 0.0178738 0.0473813 0.0101677
4 0.232219 0.903338 0.0184352 0.0184301 0.0101366
4 0.351075 0.897545 0.0246678 0.0261746 0.0100997
4 0.314534 0.898694 0.0183855 0.0209761 0.00992456
0 0.189025 0.917908 0.00916814 0.0329298 0.00988905
4 0.689581 0.977677 0.0206694 0.0412627 0.00972369
7 0.382974 0.912928 0.00837668 0.0190824 0.00972203
7 0.85638 0.892069 0.00457916 0.0221449 0.0096826
7 0.50409 0.900701 0.0126758 0.0278966 0.00968095
0 0.979782 0.953296 0.0381227 0.0701331 0.00968019
1 0.370679 0.893422 0.0102584 0.0354187 0.00960103
0 0.994534 0.98884 0.010388 0.0223197 0.00956283
4 0.173415 0.943727 0.0248197 0.0269284 0.00951144
0 0.397771 0.923648 0.0139934 0.0266631 0.00950315
0 0.190261 0.923961 0.00912799 0.0269714 0.00941803
1 0.402048 0.920975 0.0107714 0.0256392 0.00940726
7 0.370679 0.893422 0.0102584 0.0354187 0.00939674
0 0.27956 0.898179 0.015825 0.0217868 0.00926375
3 0.776212 0.977177 0.0186632 0.035367 0.00922933
15 0.645713 0.940847 0.041941 0.0346003 0.00922802
0 0.977901 0.979091 0.0255485 0.0418171 0.00915239
4 0.921473 0.942294 0.010022 0.0216194 0.0091256
4 0.81149 0.958547 0.012088 0.0329858 0.00906319
0 0.710696 0.970357 0.0448103 0.0482466 0.00904372
4 0.822607 0.945408 0.0219788 0.0257169 0.00903808
0 0.481771 0.965347 0.0676546 0.0638176 0.00897537
8 0.984839 0.976278 0.0303221 0.045421 0.00890672
4 0.447755 0.98404 0.0297876 0.0319194 0.00889465
4 0.994534 0.98884 0.010388 0.0223197 0.00887649
4 0.00460282 0.912616 0.00823066 0.0207109 0.00882211
8 0.796819 0.988413 0.0317547 0.0231744 0.00876944
5 0.666766 0.967791 0.0521545 0.0562607 0.0085934
1 0.221941 0.864134 0.00813655 0.0306369 0.00858278
8 0.776895 0.954644 0.017869 0.0357988 0.00854801
0 0.68593 0.98519 0.014815 0.0296209 0.00851319
0 0.370679 0.893422 0.0102584 0.0354187 0.00833414
7 0.813273 0.871665 0.00527728 0.0171865 0.00829531
4 0.644292 0.920667 0.0170231 0.0196823 0.0082926
7 0.384661 0.892746 0.0151474 0.0347038 0.00826516
4 0.898621 0.973182 0.0193541 0.0503415 0.00824671
4 0.828585 0.947244 0.0328679 0.0284588 0.00823367
0 0.935781 0.945426 0.0142187 0.0493972 0.00816009
1 0.660169 0.918564 0.0105976 0.0152303 0.00812624
4 0.803954 0.97952 0.0359892 0.0293457 0.00809067
5 0.759764 0.955196 0.0357598 0.038283 0.00808946
8 0.885901 0.980332 0.0394074 0.039335 0.00802668
4 0.396494 0.919504 0.00932523 0.0225833 0.00797426
8 0.168769 0.940813 0.028187 0.0251997 0.00785125
7 0.49104 0.898283 0.00700034 0.027733 0.00783197
4 0.382974 0.912928 0.00837668 0.0190824 0.0077169
8 0.810569 0.988339 0.0499225 0.0233223 0.00770313
5 0.614213 0.96664 0.0412319 0.0492021 0.00765792
