5 0.353954 0.734733 0.307462 0.257133 0.920388
2 0.790464 0.180718 0.0228002 0.0414095 0.876255
6 0.633154 0.60952 0.299195 0.251086 0.863869
0 0.130703 0.656399 0.0505087 0.227256 0.842856
4 0.962249 0.652551 0.0729146 0.278799 0.839642
3 0.258396 0.665148 0.0598429 0.115627 0.488238
2 0.712452 0.169751 0.022196 0.040719 0.416063
2 0.680408 0.2192 0.0182573 0.0360221 0.364088
6 0.905722 0.603274 0.183673 0.286478 0.337497
4 0.907192 0.575483 0.181745 0.231256 0.289342
5 0.318571 0.64592 0.151675 0.154504 0.207826
5 0.87449 0.647451 0.196245 0.267567 0.181373
5 0.287961 0.658574 0.113878 0.129262 0.175724
2 0.710277 0.158998 0.0240654 0.0374606 0.159279
8 0.763539 0.666699 0.0372626 0.120482 0.156832
5 0.763466 0.66592 0.0377685 0.122563 0.155948
17 0.123476 0.556269 0.0165216 0.0295162 0.117314
6 0.962295 0.652302 0.0721511 0.280689 0.112596
9 0.138716 0.631318 0.0316918 0.0762908 0.096547
2 0.652835 0.114803 0.0126931 0.0201636 0.0816478
2 0.704252 0.142984 0.0273489 0.0328493 0.0795831
0 0.420264 0.599979 0.0166361 0.0507472 0.0718291
9 0.16094 0.669542 0.0193828 0.0561138 0.0640461
2 0.198917 0.461356 0.0323646 0.0210692 0.0508278
2 0.185288 0.453047 0.0125148 0.0185205 0.0419477
4 0.633177 0.609161 0.298655 0.250766 0.0409913
2 0.206761 0.464832 0.0177088 0.0181159 0.0406243
2 0.697406 0.105668 0.0122585 0.0172255 0.0351815
2 0.710564 0.136597 0.0175748 0.0229581 0.034343
2 0.185458 0.449211 0.0101232 0.0130924 0.0339393
3 0.763384 0.668328 0.0376794 0.121019 0.0338996
6 0.87449 0.647451 0.196245 0.267567 0.0336464
5 0.63362 0.607916 0.297933 0.25031 0.02983
0 0.419894 0.636076 0.01953 0.125633 0.0288853
2 0.189016 0.457718 0.0143314 0.0200142 0.0286094
5 0.260313 0.66541 0.062719 0.116857 0.0240917
7 0.789753 0.181506 0.0252065 0.0459978 0.0239449
24 0.633837 0.607719 0.297824 0.251289 0.0236148
5 0.905048 0.609461 0.185556 0.297504 0.0231575
2 0.503284 0.438596 0.0090582 0.0159349 0.0180134
2 0.697408 0.112249 0.013669 0.0305535 0.0160092
12 0.907198 0.605992 0.183354 0.293331 0.0144956
9 0.125354 0.631278 0.0212403 0.0855053 0.0143073
4 0.948928 0.455174 0.0900229 0.0178124 0.0139245
2 0.180867 0.439719 0.0138268 0.0154243 0.0136349
27 0.16094 0.669542 0.0193828 0.0561138 0.0136268
0 0.42879 0.640622 0.0385487 0.141789 0.0121927
4 0.922946 0.457566 0.038093 0.0126517 0.0101999
0 0.880046 0.628925 0.0232443 0.04019 0.00983485
13 0.467692 0.678316 0.0160058 0.0170878 0.00960134
9 0.132972 0.621891 0.0286368 0.0753982 0.00887653
0 0.620217 0.576456 0.0243991 0.0383375 0.00847421
39 0.163407 0.667324 0.0144418 0.0489637 0.007541
11 0.138716 0.631318 0.0316918 0.0762908 0.00740722
3 0.285216 0.661937 0.110898 0.121584 0.00725351
2 0.438465 0.326708 0.0131993 0.0155669 0.00712139
2 0.681779 0.206676 0.0175596 0.0300133 0.00673045
2 0.212817 0.466822 0.0116917 0.0143558 0.00671263
5 0.373619 0.670482 0.136084 0.106906 0.00662692
9 0.129071 0.604951 0.0232008 0.0529855 0.00613645
2 0.172547 0.449627 0.0123804 0.0186964 0.00604017
39 0.163834 0.648451 0.0115641 0.014384 0.00566497
2 0.432814 0.326716 0.0132651 0.0172855 0.00536176
2 0.172622 0.432245 0.0140079 0.0232072 0.00511168
8 0.316174 0.650086 0.165311 0.148278 0.0048905
15 0.962237 0.653648 0.0726667 0.278926 0.00478447
8 0.285216 0.661937 0.110898 0.121584 0.00467648
2 0.497501 0.438888 0.010477 0.014153 0.00465266
2 0.706583 0.162137 0.0317164 0.0505537 0.00444311
2 0.505989 0.445111 0.00710422 0.0185339 0.0044085
9 0.151463 0.650458 0.0360428 0.0485857 0.00426085
8 0.748928 0.678146 0.0603187 0.100205 0.00421458
11 0.12466 0.622593 0.0186085 0.0801739 0.00390071
24 0.887638 0.633903 0.221221 0.298102 0.00379885
3 0.78424 0.690799 0.0262034 0.112147 0.00367582
0 0.117119 0.658172 0.0268622 0.219366 0.00348575
9 0.123367 0.6025 0.0146632 0.0463201 0.00346495
15 0.907192 0.575483 0.181745 0.231256 0.00334801
9 0.135012 0.673099 0.0407463 0.175383 0.0033446
2 0.718208 0.173479 0.0317042 0.0508076 0.00307851
27 0.163834 0.648451 0.0115641 0.014384 0.00305935
2 0.698834 0.123037 0.0149359 0.0318704 0.00294777
5 0.962199 0.652875 0.0725322 0.279314 0.00288013
2 0.782883 0.441442 0.0214493 0.0139599 0.00283602
8 0.132552 0.653854 0.0464257 0.219169 0.0027265
9 0.163834 0.648451 0.0115641 0.014384 0.00271941
2 0.15764 0.432476 0.0142865 0.0191194 0.00267375
18 0.0885056 0.751691 0.0487108 0.0354973 0.00264713
0 0.626478 0.574947 0.03179 0.0370601 0.00260594
4 0.763384 0.668328 0.0376794 0.121019 0.00256431
2 0.792985 0.19866 0.0265168 0.0698329 0.00252758
11 0.129071 0.604951 0.0232008 0.0529855 0.00236771
22 0.0900917 0.751198 0.049028 0.0359683 0.00231118
10 0.163407 0.667324 0.0144418 0.0489637 0.00224909
11 0.132972 0.621891 0.0286368 0.0753982 0.0021907
2 0.140368 0.456514 0.0481899 0.0631066 0.00218468
8 0.258408 0.664302 0.0596306 0.117652 0.00216231
0 0.123367 0.6025 0.0146632 0.0463201 0.00214509
13 0.123699 0.55639 0.0172659 0.0289917 0.00212793
2 0.209236 0.460947 0.0193543 0.0212243 0.00210153
10 0.139377 0.640886 0.0294686 0.063242 0.00193586
2 0.184565 0.460685 0.019115 0.0282414 0.00188674
8 0.793354 0.672723 0.0805122 0.152857 0.00185925
2 0.187073 0.44136 0.014531 0.017917 0.00184756
6 0.0603523 0.52618 0.116586 0.512711 0.00184207
4 0.87449 0.647451 0.196245 0.267567 0.00181214
0 0.629674 0.579795 0.0189762 0.0289689 0.00180359
11 0.123367 0.6025 0.0146632 0.0463201 0.00175112
0 0.125083 0.64498 0.0229439 0.159536 0.00172969
45 0.163407 0.667324 0.0144418 0.0489637 0.0016996
13 0.467013 0.690709 0.0203545 0.0400548 0.00159045
6 0.353954 0.734733 0.307462 0.257133 0.00153669
22 0.0110846 0.817962 0.0195587 0.0660426 0.00147454
2 0.652177 0.135638 0.0132122 0.0626811 0.00146657
2 0.719642 0.160085 0.0301292 0.0353571 0.00144181
0 0.422904 0.592032 0.0194612 0.0685207 0.0013984
2 0.151581 0.403808 0.0156421 0.0193749 0.00132934
8 0.781055 0.661028 0.0471079 0.143861 0.0013106
0 0.123699 0.55639 0.0172659 0.0289917 0.00130678
1 0.783298 0.441893 0.0242557 0.0156646 0.00127541
2 0.713285 0.202723 0.0187337 0.0371416 0.0012723
14 0.154048 0.685038 0.0352544 0.081437 0.00125987
2 0.730617 0.156893 0.0405355 0.0238765 0.00122292
1 0.701035 0.452785 0.0169857 0.0610931 0.00121974
2 0.715287 0.383265 0.01452 0.018788 0.00121064
22 0.0188387 0.817377 0.0353409 0.0648102 0.00120543
1 0.669555 0.4367 0.0473455 0.0155728 0.00120321
14 0.162192 0.669925 0.018667 0.0533019 0.00120001
0 0.13543 0.628033 0.0344248 0.0801001 0.00119399
2 0.494786 0.444994 0.00868835 0.0191157 0.00119181
8 0.768055 0.667955 0.0217431 0.1242 0.00116756
2 0.122344 0.401176 0.0152184 0.0243041 0.00114861
10 0.163834 0.648451 0.0115641 0.014384 0.00113655
2 0.712608 0.393313 0.0143474 0.0214894 0.0011245
8 0.738442 0.667755 0.0862014 0.122307 0.00112063
2 0.154242 0.420246 0.0193959 0.0138765 0.00111489
2 0.454267 0.365123 0.0218534 0.0763846 0.00110559
13 0.455202 0.678154 0.0122133 0.0206776 0.00110225
0 0.636954 0.573498 0.031829 0.0379531 0.00108787
0 0.12466 0.622593 0.0186085 0.0801739 0.00108313
2 0.199231 0.449435 0.0335971 0.0295105 0.00106888
8 0.735361 0.6933 0.0206387 0.0527278 0.00106356
15 0.633177 0.609161 0.298655 0.250766 0.00106335
4 0.316174 0.650086 0.165311 0.148278 0.00105263
3 0.768055 0.667955 0.0217431 0.1242 0.00104972
2 0.705616 0.515927 0.00822681 0.0180035 0.0010347
2 0.70651 0.388321 0.0141768 0.0212434 0.00102564
14 0.763384 0.668328 0.0376794 0.121019 0.00102332
2 0.431878 0.334456 0.0131119 0.0277335 0.00101668
2 0.781473 0.18133 0.0324624 0.0415591 0.00100201
