1 0.734249 0.461258 0.0434501 0.0629853 0.773711
2 0.430269 0.555588 0.0201879 0.0367836 0.729127
2 0.246196 0.298283 0.0202721 0.0133757 0.117317
2 0.251219 0.298493 0.0316263 0.0151308 0.105287
30 0.414813 0.453283 0.0389729 0.0591657 0.102938
40 0.717696 0.721004 0.260487 0.171731 0.0495031
2 0.444513 0.567762 0.0183762 0.0185108 0.0427775
2 0.947355 0.497775 0.0122141 0.0245882 0.0305798
7 0.943039 0.535279 0.0410115 0.118863 0.0303181
2 0.0727672 0.296778 0.0136508 0.0163493 0.0253119
2 0.0762363 0.297645 0.0115213 0.0145059 0.0224378
4 0.30968 0.622094 0.016779 0.0155596 0.0208614
2 0.878395 0.300206 0.00701508 0.0166421 0.0203416
4 0.315168 0.619789 0.0132734 0.0131241 0.0187015
4 0.25214 0.30006 0.0295634 0.0189083 0.0185317
0 0.968357 0.583917 0.0166386 0.0741982 0.0162128
2 0.83388 0.448873 0.0129307 0.0149608 0.0147603
4 0.834286 0.448845 0.0105419 0.0152358 0.0132394
2 0.262417 0.298838 0.0128652 0.0153527 0.0127833
2 0.0726756 0.293095 0.0150124 0.0156094 0.0112915
2 0.437039 0.555496 0.0176698 0.036183 0.0110198
2 0.810285 0.477181 0.00772748 0.0127494 0.0102586
2 0.554848 0.627992 0.011145 0.0133667 0.0100726
2 0.24245 0.293556 0.0107547 0.0157975 0.00937173
7 0.950455 0.521994 0.0340161 0.0914408 0.0092425
4 0.24789 0.298229 0.0227022 0.0143573 0.00915238
2 0.734136 0.460819 0.0427443 0.0620865 0.00829987
1 0.414944 0.453452 0.0380477 0.0587423 0.00773542
2 0.894698 0.492817 0.00800147 0.0163533 0.00746686
2 0.0571911 0.325524 0.0100493 0.0164022 0.00629934
2 0.252879 0.295097 0.0257909 0.0190497 0.00579571
0 0.251252 0.30434 0.0288294 0.022853 0.00571458
7 0.935081 0.539899 0.0478019 0.0901563 0.00527579
14 0.968702 0.577168 0.0153444 0.062999 0.00522363
4 0.292301 0.620739 0.0140827 0.012336 0.00514134
4 0.458844 0.30012 0.0353632 0.0171345 0.00511187
0 0.965752 0.575114 0.0150322 0.0524183 0.00488998
2 0.668363 0.3031 0.0144491 0.0140954 0.00468813
2 0.458844 0.30012 0.0353632 0.0171345 0.00424555
2 0.900014 0.274563 0.011515 0.0166492 0.00420781
2 0.448197 0.299455 0.014838 0.0129077 0.00405079
8 0.246196 0.298283 0.0202721 0.0133757 0.00404524
7 0.948643 0.514318 0.0173721 0.0638461 0.00396225
7 0.958594 0.510812 0.033028 0.0903846 0.00389479
0 0.941324 0.542085 0.0458309 0.110647 0.00387405
2 0.884718 0.498481 0.0117105 0.0178556 0.00381651
8 0.251219 0.298493 0.0316263 0.0151308 0.00371343
4 0.448197 0.299455 0.014838 0.0129077 0.00338603
4 0.326059 0.617236 0.0144483 0.0121925 0.00337435
2 0.311367 0.623659 0.0155284 0.0192002 0.0032353
2 0.68245 0.306521 0.0142952 0.0146996 0.00323154
2 0.936092 0.527404 0.0336689 0.0657617 0.00321325
4 0.834403 0.445467 0.0125089 0.0215687 0.00318239
7 0.947355 0.497775 0.0122141 0.0245882 0.00286753
2 0.948643 0.514318 0.0173721 0.0638461 0.00283901
2 0.415136 0.454122 0.0383651 0.0596466 0.00269923
2 0.903094 0.494724 0.0117255 0.0156039 0.0026626
4 0.823928 0.447384 0.0322107 0.0201905 0.00257301
2 0.950951 0.478449 0.0134459 0.0248816 0.0024825
0 0.246196 0.298283 0.0202721 0.0133757 0.00223447
4 0.309476 0.612112 0.0128964 0.0164051 0.00220879
2 0.934781 0.49368 0.0156802 0.0185162 0.00219814
2 0.315168 0.619789 0.0132734 0.0131241 0.00215923
4 0.236552 0.61785 0.120799 0.0221816 0.00205091
0 0.992879 0.56657 0.0111391 0.0202655 0.00193893
25 0.415011 0.453816 0.038229 0.0579555 0.00191307
2 0.68788 0.303028 0.0106 0.015862 0.00188685
4 0.262417 0.298838 0.0128652 0.0153527 0.00187472
4 0.719104 0.721315 0.249951 0.169773 0.00187451
2 0.890251 0.64289 0.0103771 0.0250949 0.00176924
0 0.947355 0.497775 0.0122141 0.0245882 0.00172483
10 0.202466 0.672758 0.00828389 0.0269411 0.00170777
0 0.430269 0.555588 0.0201879 0.0367836 0.00167488
4 0.319835 0.611474 0.0104352 0.0154377 0.00166022
2 0.974895 0.453931 0.0144712 0.0249915 0.00165553
7 0.936092 0.527404 0.0336689 0.0657617 0.00164577
2 0.823928 0.447384 0.0322107 0.0201905 0.00163975
0 0.974735 0.57815 0.0133262 0.0554706 0.00162751
0 0.251219 0.298493 0.0316263 0.0151308 0.00160838
2 0.441647 0.57432 0.0189519 0.0268852 0.00157833
60 0.415136 0.454122 0.0383651 0.0596466 0.00156929
0 0.822965 0.607082 0.0119144 0.0532092 0.00152751
0 0.962215 0.556848 0.0293433 0.0952583 0.00142647
2 0.261236 0.294564 0.0156741 0.0181964 0.00142182
4 0.262176 0.304661 0.0469816 0.0212697 0.00128719
2 0.891421 0.605351 0.0112095 0.0265993 0.00121624
2 0.891152 0.619966 0.0116617 0.0220836 0.00120662
2 0.430077 0.57185 0.0198084 0.0683509 0.00116184
0 0.958521 0.578618 0.0128133 0.0397962 0.00114196
2 0.975734 0.467688 0.012082 0.0223054 0.00113746
2 0.883178 0.503842 0.0108458 0.023444 0.00111453
2 0.896792 0.276755 0.00958215 0.0183313 0.00107425
2 0.694984 0.359074 0.0150567 0.01904 0.00104906
0 0.980956 0.562856 0.00972736 0.0230942 0.00104166
2 0.82585 0.668706 0.0118187 0.0173964 0.00103721
22 0.916133 0.818706 0.0786051 0.164509 0.00102039
2 0.96566 0.441063 0.00802734 0.0152898 0.00100279
