35 0.870219 0.569771 0.256604 0.860458 0.939685
0 0.359411 0.887244 0.0590916 0.216592 0.887195
29 0.601284 0.782585 0.075128 0.0436316 0.866873
10 0.471412 0.744617 0.0150124 0.0560277 0.660264
29 0.50593 0.785111 0.0737756 0.0443789 0.645834
29 0.407983 0.787492 0.0741656 0.0445984 0.638651
44 0.407768 0.787616 0.0746917 0.0443956 0.240043
10 0.568231 0.745889 0.0106033 0.0511273 0.220983
11 0.36091 0.910501 0.0537475 0.14282 0.0835215
19 0.400895 0.858592 0.0905405 0.186035 0.0761134
10 0.307773 0.650989 0.0419383 0.122852 0.0656836
19 0.537132 0.888612 0.126597 0.133479 0.0637108
19 0.505708 0.784904 0.0753872 0.0426812 0.0636788
19 0.522317 0.871504 0.29669 0.220242 0.0480764
44 0.505605 0.785486 0.0743574 0.0443281 0.0478658
55 0.304447 0.720582 0.0645494 0.515121 0.0435353
19 0.617108 0.859183 0.10481 0.223479 0.0387294
19 0.407561 0.786724 0.0750662 0.0436965 0.0347614
4 0.407877 0.786186 0.0749574 0.0430162 0.0274899
10 0.597448 0.747361 0.00926819 0.0321859 0.0259947
4 0.505708 0.784904 0.0753872 0.0426812 0.0225426
44 0.601083 0.78253 0.0737236 0.0433378 0.0219474
19 0.389775 0.868803 0.0555069 0.175635 0.0210272
55 0.307233 0.591823 0.0560758 0.250964 0.019499
10 0.503658 0.749493 0.00888977 0.0333927 0.0187676
9 0.307731 0.65211 0.0449838 0.131344 0.0158601
26 0.403857 0.906094 0.0203207 0.095325 0.0144266
17 0.307341 0.651889 0.0440502 0.131014 0.0142925
26 0.407932 0.90663 0.0128599 0.0942603 0.0132158
11 0.359405 0.911489 0.0237797 0.115738 0.0112604
19 0.397925 0.892215 0.0446854 0.125194 0.0106886
0 0.307337 0.653174 0.0433613 0.127711 0.0101279
18 0.397925 0.892215 0.0446854 0.125194 0.00983917
10 0.355257 0.948177 0.0224422 0.0394378 0.00919473
4 0.600755 0.782712 0.0750149 0.0439572 0.0085884
14 0.299072 0.905232 0.0229311 0.133515 0.0078978
19 0.572718 0.852088 0.192789 0.21399 0.00664507
8 0.360116 0.94108 0.0482215 0.111284 0.00657679
11 0.355257 0.948177 0.0224422 0.0394378 0.00657551
11 0.360116 0.94108 0.0482215 0.111284 0.00624752
55 0.307244 0.647789 0.0476696 0.135434 0.00605593
1 0.506061 0.784228 0.0739382 0.043358 0.00600861
11 0.36066 0.963748 0.0489713 0.068671 0.00588739
1 0.600755 0.782712 0.0750149 0.0439572 0.0054285
18 0.398686 0.903504 0.0304442 0.100192 0.00542722
9 0.355257 0.948177 0.0224422 0.0394378 0.00540759
10 0.407932 0.90663 0.0128599 0.0942603 0.0044201
19 0.397631 0.904694 0.0286543 0.0996727 0.00428232
8 0.36066 0.963748 0.0489713 0.068671 0.00416264
10 0.359405 0.911489 0.0237797 0.115738 0.00376258
10 0.411282 0.747372 0.0128687 0.0288995 0.00370969
19 0.615412 0.777974 0.103107 0.0509664 0.0034355
18 0.306887 0.652524 0.0418315 0.124575 0.00338295
18 0.36066 0.963748 0.0489713 0.068671 0.00304567
1 0.407877 0.786186 0.0749574 0.0430162 0.00291006
26 0.672059 0.915376 0.0138931 0.057885 0.00289712
19 0.362893 0.937495 0.048638 0.117716 0.00278426
29 0.603084 0.758154 0.0316158 0.0446313 0.00262745
50 0.601629 0.782002 0.07386 0.0436961 0.00254561
35 0.972692 0.592966 0.0546163 0.705856 0.0022376
14 0.397373 0.906035 0.0284853 0.0965274 0.00213659
18 0.360116 0.94108 0.0482215 0.111284 0.00210176
14 0.672059 0.915376 0.0138931 0.057885 0.00208889
50 0.505391 0.785384 0.0749925 0.0441555 0.00204347
19 0.600526 0.782539 0.0742334 0.0433869 0.00203979
19 0.361822 0.967431 0.0487357 0.0626646 0.00198309
10 0.327026 0.695356 0.0109695 0.0389028 0.00197519
19 0.525793 0.856437 0.11291 0.193989 0.00184064
17 0.35991 0.88732 0.0585013 0.217801 0.00183798
34 0.307773 0.650989 0.0419383 0.122852 0.00179567
9 0.36066 0.963748 0.0489713 0.068671 0.00179124
17 0.307319 0.697795 0.0420203 0.0432132 0.00178461
45 0.505391 0.785384 0.0749925 0.0441555 0.00171294
44 0.307319 0.697795 0.0420203 0.0432132 0.00167353
17 0.317547 0.702309 0.0229512 0.0326514 0.00162801
0 0.370361 0.868925 0.0597503 0.183996 0.00160453
26 0.397373 0.906035 0.0284853 0.0965274 0.0015597
27 0.600755 0.782712 0.0750149 0.0439572 0.0015337
9 0.360116 0.94108 0.0482215 0.111284 0.00153308
55 0.299346 0.90747 0.0237379 0.136805 0.0015174
30 0.307293 0.651676 0.0417452 0.126519 0.00144
49 0.306887 0.652524 0.0418315 0.124575 0.00142923
36 0.934927 0.93366 0.081292 0.128938 0.00138378
18 0.358921 0.887877 0.0554074 0.219156 0.00136401
10 0.567748 0.73488 0.00944366 0.0482863 0.00131522
27 0.505695 0.786182 0.0746637 0.0441362 0.00131026
14 0.361822 0.967431 0.0487357 0.0626646 0.00128439
14 0.669574 0.939032 0.0194943 0.107274 0.00127236
18 0.355257 0.948177 0.0224422 0.0394378 0.00120839
44 0.307293 0.651676 0.0417452 0.126519 0.00119089
29 0.409986 0.765167 0.0707648 0.0395793 0.00118393
9 0.36091 0.910501 0.0537475 0.14282 0.00115914
4 0.522317 0.871504 0.29669 0.220242 0.00111866
43 0.432154 0.481843 0.864307 0.963686 0.0010827
19 0.448918 0.866633 0.132003 0.176197 0.00108236
0 0.364696 0.913235 0.0462791 0.115918 0.0010701
18 0.407932 0.90663 0.0128599 0.0942603 0.00106858
2 0.307773 0.650989 0.0419383 0.122852 0.00105383
9 0.306195 0.591161 0.0502628 0.252867 0.00103833
11 0.365659 0.908376 0.0422993 0.100172 0.00102209
10 0.30711 0.595086 0.0245705 0.0316991 0.00100067
