38 0.288103 0.575337 0.165143 0.508104 0.943447
35 0.58394 0.547202 0.0331251 0.0872073 0.867261
35 0.521782 0.548133 0.0471847 0.0884237 0.626996
35 0.656654 0.539917 0.0278044 0.0672444 0.587533
36 0.655883 0.559148 0.0192297 0.0318236 0.421011
19 0.622849 0.764185 0.18893 0.296368 0.342209
35 0.520877 0.571899 0.0498444 0.139497 0.218644
35 0.6352 0.539026 0.0281492 0.0623427 0.209448
36 0.661247 0.561412 0.0197887 0.0254203 0.183244
35 0.605665 0.547431 0.0134777 0.0448792 0.173503
36 0.583883 0.546785 0.0324066 0.0860437 0.13733
36 0.650094 0.558734 0.0171346 0.0307625 0.134231
36 0.658698 0.568954 0.0170517 0.0226986 0.106211
36 0.632956 0.547103 0.0255578 0.050621 0.0922578
36 0.664253 0.570867 0.0191074 0.0214384 0.0688549
36 0.521349 0.549795 0.0429261 0.0910087 0.0603537
36 0.648717 0.567676 0.012757 0.021167 0.046635
35 0.65705 0.519576 0.0352446 0.109652 0.0431323
18 0.614606 0.555396 0.0219027 0.0328174 0.0407204
35 0.650094 0.558734 0.0171346 0.0307625 0.0385172
35 0.614057 0.544762 0.0275593 0.0576207 0.0367309
2 0.696725 0.275794 0.0143062 0.0425146 0.0364063
35 0.655883 0.559148 0.0192297 0.0318236 0.0316303
35 0.638073 0.515983 0.0340708 0.114205 0.0261166
35 0.657269 0.580533 0.0268732 0.0825043 0.0249724
35 0.614606 0.555396 0.0219027 0.0328174 0.0245351
18 0.00764141 0.793874 0.0152828 0.157063 0.0233504
35 0.0320055 0.59572 0.0640109 0.534477 0.0232735
18 0.632956 0.547103 0.0255578 0.050621 0.0213689
18 0.614057 0.544762 0.0275593 0.0576207 0.0210946
35 0.661247 0.561412 0.0197887 0.0254203 0.021068
36 0.591701 0.603509 0.0159613 0.0329278 0.0184419
36 0.65596 0.603439 0.0227988 0.0341124 0.0175726
36 0.580693 0.558782 0.0267087 0.0607288 0.014486
36 0.604708 0.574384 0.0126404 0.0226822 0.0131039
10 0.680455 0.572233 0.0108322 0.0235669 0.0118096
18 0.521782 0.548133 0.0471847 0.0884237 0.0113329
8 0.974375 0.593875 0.0466014 0.0572478 0.0111902
18 0.613533 0.594202 0.0299218 0.0428651 0.0102301
19 0.00746434 0.791317 0.0149287 0.154231 0.010091
36 0.512088 0.555248 0.0289205 0.0785553 0.0100535
55 0.287996 0.574698 0.1646 0.511334 0.0100491
35 0.606439 0.559058 0.0354994 0.108332 0.00998376
3 0.583608 0.548552 0.0354868 0.0904958 0.00852936
36 0.605665 0.547431 0.0134777 0.0448792 0.00841676
36 0.521346 0.607394 0.014429 0.027536 0.00776229
18 0.680455 0.572233 0.0108322 0.0235669 0.0075652
36 0.632102 0.566968 0.020923 0.0224491 0.0073523
10 0.655464 0.539654 0.0271069 0.0654758 0.00728807
18 0.605665 0.547431 0.0134777 0.0448792 0.00715358
18 0.583839 0.547498 0.033151 0.0874902 0.0069287
18 0.614576 0.570501 0.0229407 0.0186208 0.00619304
18 0.627277 0.537678 0.0359052 0.0708609 0.00575895
36 0.614606 0.555396 0.0219027 0.0328174 0.0056361
10 0.583883 0.546785 0.0324066 0.0860437 0.00560752
14 0.680455 0.572233 0.0108322 0.0235669 0.00470998
2 0.214098 0.304033 0.00978355 0.0182262 0.00451331
35 0.65596 0.603439 0.0227988 0.0341124 0.00438489
8 0.968896 0.597702 0.0347506 0.0458495 0.0042434
35 0.613323 0.472621 0.0180748 0.0280002 0.00418587
35 0.60488 0.561741 0.0600149 0.122728 0.00409144
36 0.614576 0.570501 0.0229407 0.0186208 0.00403349
36 0.612478 0.594017 0.0290575 0.0472926 0.00402583
36 0.680455 0.572233 0.0108322 0.0235669 0.00400377
14 0.00617327 0.789484 0.0123465 0.147061 0.00387544
35 0.627277 0.537678 0.0359052 0.0708609 0.00355114
18 0.591701 0.603509 0.0159613 0.0329278 0.00352362
30 0.644085 0.325722 0.0174816 0.0173531 0.00338086
19 0.614606 0.555396 0.0219027 0.0328174 0.00337624
30 0.643372 0.320838 0.0152006 0.0201306 0.00323153
21 0.287996 0.574698 0.1646 0.511334 0.00311553
10 0.650094 0.558734 0.0171346 0.0307625 0.00308466
19 0.621495 0.709248 0.180399 0.186088 0.00306086
10 0.591701 0.603509 0.0159613 0.0329278 0.00305173
10 0.655883 0.559148 0.0192297 0.0318236 0.00304678
35 0.577387 0.559462 0.0428268 0.109453 0.00297652
2 0.618355 0.326374 0.0129097 0.0148521 0.00288394
35 0.679286 0.568979 0.0181595 0.0260548 0.00282259
18 0.631383 0.514612 0.0287888 0.113012 0.00277335
35 0.648717 0.567676 0.012757 0.021167 0.00269762
2 0.979125 0.396907 0.0171108 0.0214247 0.00265026
0 0.655464 0.539654 0.0271069 0.0654758 0.00264834
10 0.644085 0.325722 0.0174816 0.0173531 0.00260746
18 0.632102 0.566968 0.020923 0.0224491 0.00254427
36 0.52757 0.606313 0.0233995 0.0296755 0.002504
35 0.0308516 0.482489 0.0617033 0.299947 0.00245948
0 0.583608 0.548552 0.0354868 0.0904958 0.00244547
2 0.792473 0.777565 0.00747852 0.0123382 0.00240448
18 0.65596 0.603439 0.0227988 0.0341124 0.00232283
10 0.605665 0.547431 0.0134777 0.0448792 0.00232092
18 0.973623 0.594468 0.0440235 0.0540144 0.00232048
32 0.974375 0.593875 0.0466014 0.0572478 0.00228182
3 0.521721 0.549728 0.0470821 0.088915 0.00221266
2 0.93097 0.503773 0.0100361 0.0167918 0.00218584
35 0.606808 0.543176 0.0872112 0.0786986 0.00215804
2 0.609003 0.356291 0.00810547 0.0166451 0.00211301
35 0.665598 0.547439 0.0345728 0.0610438 0.00210797
10 0.752207 0.472428 0.010684 0.0271573 0.00210712
10 0.661247 0.561412 0.0197887 0.0254203 0.00207702
35 0.580693 0.558782 0.0267087 0.0607288 0.00204625
2 0.975926 0.382297 0.0124165 0.024536 0.00190346
0 0.620386 0.464059 0.00869403 0.0112075 0.00186221
44 0.582936 0.626707 0.0324438 0.0181324 0.00183351
35 0.664253 0.570867 0.0191074 0.0214384 0.00181403
0 0.608838 0.463404 0.00932184 0.00915527 0.00177963
35 0.674916 0.568764 0.0191166 0.0278296 0.0017485
14 0.974375 0.593875 0.0466014 0.0572478 0.00171151
2 0.960646 0.814062 0.0171895 0.0171997 0.00165979
18 0.654878 0.540375 0.0299305 0.0705001 0.00165718
22 0.00789264 0.913263 0.0157853 0.173473 0.00165356
2 0.966527 0.325995 0.0204607 0.0305305 0.00164251
18 0.687367 0.57313 0.0172313 0.0213441 0.00161784
19 0.627277 0.537678 0.0359052 0.0708609 0.00160977
19 0.632956 0.547103 0.0255578 0.050621 0.0016026
35 0.597098 0.545266 0.0253281 0.0789966 0.00158851
44 0.590532 0.615825 0.0169748 0.0180442 0.00157867
36 0.654725 0.539876 0.0294346 0.0668108 0.00157565
10 0.747846 0.474119 0.0112238 0.0252325 0.00154565
35 0.658698 0.568954 0.0170517 0.0226986 0.00152562
2 0.982769 0.390211 0.0118317 0.0172072 0.00150102
2 0.802529 0.532954 0.0101613 0.0194332 0.00149831
2 0.965831 0.358038 0.013063 0.021423 0.00146928
2 0.973214 0.378867 0.0137573 0.0301751 0.00141968
10 0.614606 0.555396 0.0219027 0.0328174 0.0014122
18 0.650094 0.558734 0.0171346 0.0307625 0.0013908
0 0.630593 0.474661 0.0173557 0.0348777 0.00137402
2 0.614947 0.346785 0.0128572 0.0146398 0.00134364
10 0.75239 0.460755 0.0116165 0.0384276 0.00130736
18 0.631629 0.596336 0.0202919 0.0360687 0.00129095
35 0.512088 0.555248 0.0289205 0.0785553 0.00127268
8 0.583608 0.548552 0.0354868 0.0904958 0.0012487
36 0.5219 0.630841 0.0160202 0.0756676 0.0012388
10 0.73145 0.543131 0.00983087 0.039849 0.00119656
10 0.620386 0.464059 0.00869403 0.0112075 0.00118922
2 0.971841 0.329959 0.0220007 0.0285255 0.00116748
18 0.648717 0.567676 0.012757 0.021167 0.00116602
18 0.604708 0.574384 0.0126404 0.0226822 0.00113944
35 0.501882 0.551902 0.0175077 0.0736974 0.00112858
14 0.661247 0.561412 0.0197887 0.0254203 0.00112446
2 0.964083 0.331286 0.020876 0.0313461 0.00111316
3 0.614606 0.555396 0.0219027 0.0328174 0.00110282
35 0.604708 0.574384 0.0126404 0.0226822 0.00109336
0 0.650094 0.558734 0.0171346 0.0307625 0.00108231
35 0.657331 0.493481 0.0366701 0.0681749 0.00107757
2 0.643372 0.320838 0.0152006 0.0201306 0.00107221
2 0.295186 0.891108 0.0127659 0.0239142 0.00104922
17 0.620386 0.464059 0.00869403 0.0112075 0.00103684
2 0.752578 0.357242 0.0086496 0.0170427 0.00103042
18 0.630593 0.474661 0.0173557 0.0348777 0.0010271
35 0.973282 0.589354 0.045739 0.0665958 0.00102076
2 0.618772 0.321073 0.0117136 0.0202912 0.00101927
