1 0.474882 0.586313 0.0689218 0.0654498 0.911179
4 0.503279 0.749656 0.042581 0.055301 0.899175
4 0.59481 0.747249 0.0354347 0.0459018 0.876343
2 0.533451 0.415254 0.00907257 0.014263 0.436733
6 0.933938 0.738125 0.128654 0.0804544 0.392695
6 0.526394 0.741832 0.0150489 0.0380008 0.374083
6 0.788043 0.740412 0.172934 0.124545 0.336257
2 0.351195 0.403219 0.00957987 0.0233087 0.321375
2 0.513137 0.41418 0.0104714 0.0190496 0.296669
2 0.382502 0.406301 0.00861917 0.0232392 0.295201
2 0.492718 0.414621 0.00760791 0.0134371 0.229061
2 0.368452 0.405531 0.0104012 0.0162648 0.218344
4 0.743887 0.769204 0.0852609 0.0546971 0.171186
4 0.471778 0.728261 0.0198444 0.0233029 0.117356
5 0.526491 0.742551 0.0158785 0.0396417 0.102939
4 0.526491 0.742551 0.0158785 0.0396417 0.0875544
2 0.786042 0.407386 0.0143699 0.0143871 0.0854906
2 0.348613 0.402635 0.0108618 0.0244176 0.0853263
2 0.446133 0.409081 0.0087768 0.0177862 0.0805994
4 0.477333 0.72705 0.0171098 0.0235816 0.0781956
4 0.925695 0.738085 0.118034 0.0812644 0.0719661
4 0.724878 0.767634 0.0624183 0.0518579 0.0564081
2 0.40127 0.412084 0.00928723 0.0113042 0.0484201
2 0.365999 0.405033 0.010149 0.0166687 0.0475285
4 0.522237 0.747956 0.0161378 0.0519265 0.0465129
6 0.74052 0.755697 0.0892861 0.0747215 0.0438591
6 0.73921 0.731577 0.0777659 0.109436 0.0369929
25 0.726201 0.69675 0.0476485 0.0514161 0.0338246
25 0.730786 0.731114 0.0665328 0.117218 0.0228877
4 0.57248 0.743213 0.0127294 0.0384087 0.0226427
2 0.349662 0.397 0.00832736 0.0261968 0.0182772
4 0.554534 0.753344 0.021144 0.0311713 0.0170169
6 0.841506 0.731052 0.15189 0.144741 0.0143846
0 0.526491 0.742551 0.0158785 0.0396417 0.0130093
6 0.696285 0.727171 0.109467 0.10435 0.0123191
4 0.457603 0.726477 0.0236142 0.0224644 0.0118409
6 0.57059 0.741534 0.0113937 0.037258 0.0105397
4 0.441435 0.721786 0.0200176 0.0225884 0.0101676
2 0.442049 0.409749 0.0116192 0.0142478 0.0100212
24 0.785031 0.739324 0.173222 0.130806 0.010008
0 0.57059 0.741534 0.0113937 0.037258 0.00861971
6 0.522237 0.747956 0.0161378 0.0519265 0.00851348
4 0.670245 0.737671 0.0723173 0.0758514 0.00809707
5 0.739265 0.767603 0.0969753 0.0553193 0.00766531
6 0.662727 0.743033 0.0633297 0.0793388 0.00736986
6 0.679022 0.729878 0.0853568 0.0887045 0.00697035
6 0.476846 0.725725 0.0162657 0.0246332 0.00679244
1 0.48481 0.688874 0.0134282 0.0205504 0.00645475
4 0.564687 0.74441 0.0098009 0.0388549 0.00626123
2 0.511097 0.40923 0.0112206 0.0225021 0.00603836
4 0.558019 0.740295 0.0136075 0.0213439 0.00561933
2 0.310761 0.55295 0.0218087 0.0274527 0.00560329
4 0.44756 0.72544 0.0148053 0.0221353 0.00560228
6 0.88771 0.694787 0.220665 0.219688 0.00547589
5 0.503366 0.749641 0.0423424 0.0555048 0.00487414
1 0.449365 0.601398 0.0204529 0.0339454 0.00475314
6 0.934115 0.676726 0.117485 0.0606226 0.00459948
2 0.398213 0.411011 0.0108666 0.0121798 0.00417034
6 0.734123 0.769114 0.0760387 0.053359 0.00403752
2 0.536287 0.415543 0.014141 0.0131341 0.00391784
6 0.594507 0.74692 0.0355627 0.0460216 0.00333717
1 0.912966 0.677234 0.0782987 0.0512309 0.00326913
15 0.526394 0.741832 0.0150489 0.0380008 0.00326635
2 0.533487 0.407674 0.00940234 0.0192762 0.0032035
14 0.526491 0.742551 0.0158785 0.0396417 0.00319921
4 0.654056 0.741746 0.0399912 0.0715466 0.00316843
1 0.424346 0.681207 0.0181244 0.0241822 0.00305677
15 0.938357 0.737599 0.122962 0.0794742 0.00298654
5 0.522237 0.747956 0.0161378 0.0519265 0.00297863
6 0.654449 0.736762 0.0423204 0.0687856 0.0028066
4 0.547389 0.747951 0.020216 0.0252746 0.00279451
8 0.247052 0.776057 0.0170447 0.0315465 0.00275821
2 0.547536 0.440863 0.0230469 0.0148901 0.00270211
6 0.574786 0.737071 0.0206055 0.0443467 0.00257081
6 0.759801 0.73584 0.112485 0.0948673 0.00249677
6 0.52325 0.735702 0.0193848 0.0440647 0.00248712
6 0.723338 0.722519 0.0777575 0.104333 0.00237179
6 0.912966 0.677234 0.0782987 0.0512309 0.00233771
4 0.676283 0.758701 0.0729944 0.0530204 0.00232779
6 0.636437 0.735917 0.0486732 0.0718484 0.0022696
2 0.448868 0.410156 0.0141427 0.0163844 0.00225278
4 0.490891 0.728263 0.0193508 0.0252855 0.00220699
2 0.400578 0.407619 0.0108737 0.0193585 0.00220053
1 0.57059 0.741534 0.0113937 0.037258 0.00207495
25 0.938357 0.737599 0.122962 0.0794742 0.00200248
30 0.382502 0.406301 0.00861917 0.0232392 0.00191836
1 0.4071 0.649404 0.0221093 0.024617 0.00184949
2 0.493067 0.408793 0.0082243 0.0215433 0.00184804
6 0.908482 0.730953 0.0883164 0.0794561 0.00183397
6 0.708897 0.76465 0.134794 0.0666035 0.00181695
40 0.785945 0.738921 0.173886 0.13118 0.0017685
6 0.703914 0.709615 0.0839984 0.100768 0.0017609
6 0.929584 0.713375 0.139327 0.135006 0.00160364
6 0.817168 0.747504 0.11753 0.112191 0.00157232
6 0.503366 0.749641 0.0423424 0.0555048 0.00150333
0 0.522237 0.747956 0.0161378 0.0519265 0.00147987
4 0.613884 0.749493 0.0105819 0.0382523 0.00147764
4 0.712093 0.762624 0.0559413 0.0478311 0.0014756
1 0.526394 0.741832 0.0150489 0.0380008 0.0014579
14 0.57059 0.741534 0.0113937 0.037258 0.00145046
4 0.539149 0.737448 0.0139322 0.019894 0.0013819
4 0.590793 0.726284 0.0236707 0.0222105 0.00137444
1 0.929675 0.673138 0.117934 0.0553765 0.00135634
4 0.432395 0.725744 0.0307967 0.0234737 0.00134403
25 0.705649 0.715946 0.0900698 0.10159 0.00130583
4 0.723153 0.750358 0.048203 0.0597282 0.0012973
42 0.724634 0.697375 0.0424297 0.0537541 0.00129294
1 0.437057 0.674567 0.0322385 0.0273826 0.00128388
6 0.633203 0.738295 0.0335313 0.0608189 0.00124698
6 0.228331 0.759933 0.0606871 0.0697273 0.00124135
6 0.785952 0.68542 0.185099 0.243703 0.00122674
1 0.448737 0.613703 0.0211818 0.031713 0.0012169
2 0.797644 0.424004 0.0115181 0.0354945 0.00112152
0 0.594507 0.74692 0.0355627 0.0460216 0.00110527
6 0.934699 0.771584 0.126824 0.148531 0.00109942
6 0.896693 0.67552 0.0532692 0.0562583 0.00109487
25 0.737564 0.704647 0.0674214 0.0801853 0.00107205
5 0.57059 0.741534 0.0113937 0.037258 0.00103782
4 0.642647 0.743387 0.0514126 0.0654194 0.00103132
24 0.738897 0.733894 0.078958 0.11692 0.00102171
