4 0.26669 0.759732 0.416065 0.47132 0.917298
6 0.0514661 0.570833 0.0979917 0.10972 0.89699
7 0.407267 0.0995796 0.0443624 0.0531474 0.879439
7 0.913931 0.428502 0.0244968 0.109595 0.850655
7 0.325347 0.102684 0.0283114 0.113614 0.830554
1 0.987931 0.479597 0.0210967 0.054966 0.772886
14 0.449886 0.611992 0.0200711 0.0538923 0.687639
2 0.604079 0.371717 0.0301354 0.0214912 0.592766
7 0.929506 0.533129 0.016868 0.0863696 0.463448
2 0.540523 0.3571 0.0142915 0.016265 0.381696
1 0.277285 0.511848 0.0111824 0.0277085 0.132936
2 0.571835 0.364821 0.0113765 0.0174579 0.125717
7 0.288208 0.114518 0.0255482 0.0425842 0.121024
2 0.540339 0.36736 0.0151394 0.0267024 0.121003
2 0.540028 0.392274 0.0137639 0.0127972 0.107834
2 0.510806 0.420746 0.0174099 0.0111407 0.0956622
1 0.366473 0.501076 0.0173018 0.061415 0.0749269
2 0.540173 0.37992 0.0143862 0.0194149 0.0721418
2 0.0602027 0.311256 0.00979641 0.0184758 0.0700313
1 0.28626 0.115543 0.0215125 0.0403553 0.061242
2 0.0837416 0.30918 0.00998152 0.0111371 0.0552718
2 0.613252 0.39992 0.0122249 0.0196284 0.051392
2 0.0652169 0.310057 0.0127695 0.0145642 0.0459411
6 0.00834972 0.576091 0.0150761 0.105909 0.0422271
2 0.572407 0.372088 0.0122167 0.0300235 0.0414203
14 0.440712 0.60285 0.0388142 0.0769915 0.0413531
7 0.558885 0.48247 0.0127206 0.0340201 0.0410599
7 0.514087 0.45066 0.0164986 0.0631002 0.0396156
7 0.532996 0.459933 0.0104008 0.0796809 0.0388162
2 0.0698342 0.31651 0.0114401 0.0162798 0.0342283
4 0.00794831 0.602135 0.0146758 0.0523494 0.0318267
2 0.509703 0.443371 0.0175044 0.0451101 0.0303286
7 0.517145 0.483077 0.0137887 0.0370145 0.0295866
2 0.61331 0.426707 0.0133245 0.0324809 0.0231565
6 0.0136093 0.571809 0.0257012 0.112521 0.0216444
2 0.259399 0.0840881 0.014275 0.0186034 0.0211687
2 0.533948 0.393012 0.00875092 0.0136978 0.0193057
2 0.613589 0.406841 0.0132263 0.0303929 0.019305
14 0.434765 0.606224 0.0239388 0.0573419 0.0181168
2 0.513147 0.444571 0.0171698 0.0578263 0.0168944
1 0.276418 0.468514 0.0104494 0.01663 0.0157205
14 0.432759 0.596165 0.0197152 0.0551683 0.0154691
2 0.08479 0.317836 0.0109903 0.02162 0.0148666
7 0.510466 0.450824 0.0173196 0.0453345 0.0146333
1 0.276402 0.50194 0.0114485 0.0346399 0.01249
2 0.607283 0.394101 0.0197784 0.0236501 0.012359
7 0.538264 0.460224 0.0181956 0.0760913 0.012104
2 0.0854931 0.327984 0.00952084 0.0157887 0.0118539
2 0.744358 0.0907933 0.0163764 0.0215194 0.0118293
7 0.941574 0.527055 0.0220708 0.080672 0.0113658
14 0.60418 0.627456 0.0132485 0.0708601 0.0112108
6 0.00550151 0.593273 0.00964363 0.0694612 0.0105827
2 0.540158 0.402182 0.0132032 0.0165054 0.0103485
1 0.226747 0.522278 0.0104232 0.0147619 0.0100259
23 0.804679 0.632009 0.0124658 0.0310928 0.00964879
2 0.576318 0.381214 0.0140551 0.0151164 0.00961369
7 0.921339 0.529989 0.0198703 0.0889745 0.00907665
1 0.929312 0.532296 0.0174125 0.0886037 0.00905661
2 0.54005 0.350327 0.0149125 0.0173249 0.00875345
7 0.821285 0.550796 0.00859576 0.018805 0.00857289
7 0.966144 0.496227 0.0220552 0.0511881 0.00767236
1 0.281473 0.122966 0.0116048 0.0263834 0.00750128
2 0.599106 0.389183 0.0163764 0.0186509 0.00719614
2 0.102801 0.414721 0.00867855 0.010412 0.00694868
2 0.265938 0.760021 0.415981 0.472104 0.00692144
7 0.935327 0.5313 0.0267196 0.0867009 0.00685501
2 0.573636 0.369369 0.0155309 0.0214599 0.00638665
7 0.917466 0.504448 0.0177761 0.0848751 0.00621581
7 0.276418 0.468514 0.0104494 0.01663 0.00607437
2 0.534908 0.384887 0.00962659 0.0151993 0.00600267
0 0.00626123 0.596625 0.0111251 0.0632832 0.00574717
2 0.324801 0.103724 0.0302196 0.114953 0.00569941
1 0.222613 0.522785 0.0101953 0.0142629 0.00560822
2 0.662697 0.363818 0.01178 0.0108104 0.00551909
1 0.221382 0.514539 0.00793201 0.0251028 0.00548418
1 0.276457 0.463928 0.0106152 0.0199417 0.00538005
2 0.988086 0.478822 0.0211158 0.0548384 0.00527654
2 0.0884535 0.310308 0.0105145 0.012588 0.00526084
4 0.0119749 0.6054 0.0185178 0.0442263 0.00522507
1 0.821285 0.550796 0.00859576 0.018805 0.00507836
2 0.0606172 0.289686 0.0119919 0.0209435 0.00503428
7 0.611405 0.425515 0.0135671 0.0351631 0.00494649
4 0.00550151 0.593273 0.00964363 0.0694612 0.00491865
7 0.813427 0.422391 0.0193458 0.0702778 0.00472242
2 0.0610056 0.301112 0.0101426 0.0200328 0.00457712
2 0.0471874 0.311523 0.0146123 0.020224 0.00457394
7 0.516397 0.463581 0.0169309 0.0788539 0.00450321
1 0.935327 0.5313 0.0267196 0.0867009 0.00446693
2 0.544454 0.38786 0.0156285 0.0145598 0.004384
2 0.00747174 0.320506 0.0132837 0.0130381 0.00433811
6 0.116129 0.568225 0.0426095 0.0710946 0.00419609
1 0.227257 0.518583 0.0088988 0.0189653 0.0041902
6 0.119995 0.578522 0.0284751 0.0520741 0.00416933
7 0.959638 0.504417 0.0144455 0.0308398 0.00404514
2 0.512159 0.424351 0.0185116 0.0365881 0.00387369
6 0.0257734 0.572554 0.0479288 0.11622 0.00374035
1 0.325695 0.103023 0.027143 0.112586 0.00366662
7 0.988052 0.479384 0.0213317 0.0559455 0.00364568
2 0.611412 0.421752 0.0146622 0.0447444 0.00359062
1 0.731412 0.45614 0.0167386 0.0992025 0.00356896
24 0.746346 0.532617 0.0434255 0.280816 0.00352202
7 0.969113 0.491214 0.0161744 0.0385848 0.00348007
7 0.91752 0.532289 0.0198263 0.104419 0.00345059
2 0.0852352 0.333784 0.0115963 0.0188701 0.0033544
7 0.537057 0.480261 0.0192717 0.127568 0.0033267
6 0.106865 0.556646 0.0614729 0.0947264 0.00323536
1 0.320588 0.510445 0.0116203 0.0296624 0.00311019
2 0.0918626 0.337518 0.00879754 0.0155598 0.00303823
7 0.51117 0.486551 0.0142328 0.0305208 0.0030258
7 0.281473 0.122966 0.0116048 0.0263834 0.00296622
7 0.532453 0.512391 0.0111326 0.0487987 0.00294559
1 0.219875 0.499849 0.00895731 0.0344584 0.00290349
26 0.804679 0.632009 0.0124658 0.0310928 0.00286277
8 0.00794831 0.602135 0.0146758 0.0523494 0.00286071
2 0.610765 0.081923 0.026879 0.020206 0.00279754
0 0.821003 0.557753 0.0111113 0.0316762 0.00279421
7 0.310006 0.0933127 0.0195527 0.0647012 0.00276768
2 0.311178 0.0751838 0.0183107 0.039071 0.00272105
1 0.284258 0.472601 0.0231147 0.0241839 0.00266909
7 0.557781 0.525465 0.0107227 0.0407993 0.00263346
22 0.990654 0.663786 0.0144771 0.0374796 0.00260554
1 0.276667 0.518964 0.0126981 0.0209454 0.00255611
7 0.969626 0.50768 0.0166675 0.0600655 0.00255595
7 0.557837 0.503777 0.0126132 0.0389924 0.00254566
2 0.088178 0.32395 0.0112599 0.0143314 0.00254414
2 0.768721 0.379481 0.0113595 0.0183063 0.00253164
1 0.28813 0.122605 0.0196242 0.0271403 0.00252532
2 0.567496 0.371561 0.0174628 0.0294464 0.00249278
2 0.0306385 0.346003 0.00800018 0.0120897 0.00246659
7 0.85833 0.464079 0.0199578 0.0669421 0.00239414
2 0.281473 0.122966 0.0116048 0.0263834 0.00235495
2 0.300632 0.0881944 0.0173954 0.0347076 0.00234239
7 0.533154 0.522778 0.0100833 0.0384779 0.00232422
7 0.941246 0.502271 0.0310867 0.0344564 0.00229997
6 0.109876 0.580457 0.0170005 0.0424156 0.00229709
2 0.0517687 0.313807 0.0119719 0.0158072 0.00226934
2 0.581136 0.471666 0.00902161 0.0197682 0.00218663
1 0.362003 0.482864 0.0137326 0.0269185 0.00217479
7 0.910849 0.520026 0.0184828 0.0771242 0.00211814
7 0.258015 0.0752886 0.0166819 0.0309872 0.00211442
7 0.0345688 0.517311 0.00999028 0.0138444 0.00205815
0 0.10936 0.583062 0.0135122 0.0411507 0.00201152
22 0.913944 0.427874 0.0247303 0.109308 0.00198521
2 0.0813422 0.302353 0.0155642 0.0171449 0.001958
2 0.28626 0.115543 0.0215125 0.0403553 0.00193321
22 0.988052 0.479384 0.0213317 0.0559455 0.00193127
10 0.804598 0.632186 0.0120432 0.0307239 0.00192583
7 0.209801 0.468913 0.00841673 0.0197631 0.00190536
7 0.276457 0.463928 0.0106152 0.0199417 0.0018981
7 0.539454 0.499106 0.0191047 0.0872951 0.00189091
7 0.860573 0.481748 0.0232533 0.0988552 0.00187291
2 0.114639 0.414153 0.00971632 0.0111235 0.00186199
15 0.00834972 0.576091 0.0150761 0.105909 0.00184437
6 0.0853246 0.561339 0.0445475 0.105266 0.0017558
7 0.613689 0.430207 0.0120194 0.0242446 0.00174021
2 0.558635 0.481333 0.0129105 0.0362347 0.00173762
2 0.663036 0.371758 0.0114415 0.0188239 0.00172328
2 0.00791463 0.337922 0.0142321 0.0263832 0.00171356
7 0.869142 0.452263 0.0124759 0.0306623 0.0017041
2 0.534842 0.458918 0.0142279 0.0768001 0.00170066
7 0.557464 0.474325 0.012499 0.0447598 0.00169577
14 0.603844 0.59859 0.0107451 0.0143022 0.00165801
7 0.0337381 0.525053 0.011314 0.0192642 0.00164468
1 0.274273 0.496614 0.0161248 0.04289 0.00163009
7 0.29983 0.097147 0.0248694 0.0727825 0.00162622
6 0.366639 0.500901 0.0208104 0.0615763 0.00157018
6 0.0377643 0.525324 0.0185443 0.020563 0.00156902
8 0.913972 0.427557 0.0247421 0.109628 0.00156308
2 0.661582 0.366889 0.0118456 0.0142905 0.00155371
1 0.492241 0.541897 0.00788019 0.0174056 0.00155072
7 0.366488 0.500751 0.0166113 0.0620106 0.0015477
2 0.0325371 0.307221 0.0127367 0.0144519 0.00153984
7 0.911256 0.488418 0.0179518 0.107104 0.00151537
2 0.628931 0.36537 0.0200201 0.0191568 0.00150127
1 0.557781 0.525465 0.0107227 0.0407993 0.00149729
0 0.714027 0.579252 0.00842102 0.0152979 0.00149278
2 0.359388 0.0221004 0.0107693 0.013683 0.00147825
2 0.91413 0.412065 0.0236465 0.0789091 0.00146733
7 0.885978 0.415088 0.0272661 0.0597582 0.00144414
2 0.583032 0.0938034 0.012877 0.0145294 0.00143834
4 0.277285 0.511848 0.0111824 0.0277085 0.00140267
14 0.684448 0.606417 0.0100503 0.0310104 0.00139915
2 0.497541 0.4395 0.011942 0.019421 0.0013837
7 0.542224 0.509891 0.0145775 0.0661142 0.0013804
6 0.0337381 0.525053 0.011314 0.0192642 0.00136614
1 0.134715 0.51262 0.0112641 0.029845 0.00136326
2 0.254093 0.0641649 0.0121864 0.0354157 0.00135527
6 0.277285 0.511848 0.0111824 0.0277085 0.00133806
2 0.0342059 0.288968 0.0096883 0.012673 0.00131742
1 0.0117923 0.408821 0.0187077 0.0390786 0.00131299
0 0.603707 0.376333 0.0298817 0.0294936 0.00130044
7 0.28813 0.122605 0.0196242 0.0271403 0.001283
7 0.300632 0.0881944 0.0173954 0.0347076 0.00127321
2 0.579898 0.462518 0.00828064 0.0222993 0.0012636
2 0.549747 0.395052 0.0166477 0.0119882 0.00125418
7 0.954165 0.516941 0.0116472 0.053127 0.00124711
1 0.217641 0.472302 0.00892673 0.0201106 0.00123975
2 0.0389428 0.288198 0.0125161 0.0146089 0.00123053
2 0.833085 0.393836 0.0133129 0.0188383 0.00122522
0 0.821285 0.550796 0.00859576 0.018805 0.00122023
4 0.988133 0.47939 0.0217362 0.0565786 0.00121958
14 0.445673 0.622969 0.0290184 0.0688173 0.00121828
2 0.0931694 0.428236 0.0050608 0.0162149 0.00121331
1 0.282975 0.513604 0.0272335 0.0279084 0.00120783
24 0.0530167 0.570818 0.0942917 0.109115 0.00120384
7 0.985351 0.496784 0.0174335 0.0794293 0.00118632
7 0.603707 0.376333 0.0298817 0.0294936 0.00118498
1 0.250453 0.49258 0.049388 0.0609689 0.00117618
2 0.29983 0.097147 0.0248694 0.0727825 0.00116146
8 0.407115 0.0989539 0.0431449 0.0531745 0.00111381
1 0.25247 0.507151 0.0201248 0.032234 0.00111062
1 0.198195 0.511627 0.0172953 0.030675 0.00110404
2 0.0956436 0.42334 0.00659734 0.0167508 0.00109475
2 0.111405 0.410273 0.0098697 0.00998802 0.00108574
22 0.325304 0.102426 0.0281828 0.114252 0.00107616
7 0.846278 0.450901 0.00861536 0.024849 0.00107458
0 0.117181 0.584067 0.0134762 0.0389327 0.00106495
7 0.492241 0.541897 0.00788019 0.0174056 0.00106287
1 0.558885 0.48247 0.0127206 0.0340201 0.00104435
1 0.344287 0.507337 0.0687198 0.0484442 0.00103812
7 0.557493 0.502088 0.0138558 0.067815 0.00103379
1 0.91413 0.412065 0.0236465 0.0789091 0.00102584
7 0.824841 0.552216 0.011498 0.0154985 0.00101169
2 0.259526 0.0895964 0.011621 0.0176285 0.00101144
1 0.209973 0.514523 0.0334936 0.0295339 0.00100752
7 0.821003 0.557753 0.0111113 0.0316762 0.00100357
