8 0.986812 0.547571 0.0239686 0.0761243 0.39946
8 0.94202 0.541795 0.0420878 0.0818364 0.394003
2 0.777884 0.441126 0.027108 0.0283568 0.354406
8 0.960057 0.541645 0.0774679 0.0847555 0.299697
8 0.98083 0.542876 0.0362092 0.0859757 0.271574
2 0.782726 0.454091 0.0185745 0.0277212 0.154421
22 0.119794 0.65943 0.0361572 0.128471 0.129185
42 0.777884 0.441126 0.027108 0.0283568 0.0438402
2 0.786988 0.455826 0.0128827 0.0207138 0.0424042
2 0.88957 0.514612 0.015173 0.0144502 0.0247742
0 0.782726 0.454091 0.0185745 0.0277212 0.0136913
3 0.942929 0.541914 0.0425369 0.081091 0.013456
8 0.991458 0.538642 0.0149794 0.0854096 0.0129072
2 0.801317 0.458356 0.0123825 0.0187925 0.0120116
2 0.782772 0.461794 0.0173826 0.0273098 0.0113697
30 0.917783 0.204231 0.0668332 0.027595 0.0108762
8 0.903579 0.539521 0.119759 0.0791539 0.0104515
0 0.991458 0.538642 0.0149794 0.0854096 0.0103734
0 0.778271 0.445655 0.0253641 0.0359877 0.00843715
2 0.871491 0.530899 0.0518935 0.0477647 0.0079346
0 0.994718 0.494033 0.00772211 0.0395198 0.00634576
2 0.876058 0.280653 0.0186539 0.0374341 0.00634284
2 0.791566 0.468511 0.0123568 0.0295262 0.00613557
0 0.942586 0.542131 0.0409425 0.0805594 0.00536871
3 0.987396 0.548045 0.0225513 0.0741777 0.00464015
0 0.791566 0.468511 0.0123568 0.0295262 0.00435051
0 0.782772 0.461794 0.0173826 0.0273098 0.00414927
30 0.876058 0.280653 0.0186539 0.0374341 0.0040753
0 0.987715 0.544695 0.0218435 0.0773328 0.00403068
0 0.775636 0.459689 0.0194152 0.0307324 0.00337801
8 0.960379 0.510971 0.0756559 0.14358 0.00335017
0 0.991994 0.454422 0.0124883 0.0364385 0.00320819
2 0.155875 0.356204 0.0180134 0.0178948 0.00318852
0 0.786988 0.455826 0.0128827 0.0207138 0.00305363
42 0.782726 0.454091 0.0185745 0.0277212 0.00304914
2 0.780764 0.427729 0.0211556 0.0236054 0.00298558
0 0.792141 0.480346 0.0104472 0.0337258 0.00291133
8 0.929536 0.54131 0.0377495 0.0715381 0.00285715
25 0.778271 0.445655 0.0253641 0.0359877 0.00278176
2 0.786572 0.467497 0.0113314 0.036463 0.00270821
18 0.942486 0.540402 0.0401339 0.0811902 0.00266215
3 0.962104 0.54369 0.0686077 0.0834642 0.00256446
0 0.786572 0.467497 0.0113314 0.036463 0.00254217
2 0.800453 0.466383 0.0167857 0.0293584 0.00252895
2 0.882633 0.528136 0.0303996 0.0407674 0.00240923
30 0.978255 0.404489 0.0142065 0.0178746 0.00240054
2 0.1607 0.380706 0.0263084 0.0297168 0.00236335
30 0.859769 0.227726 0.0929133 0.109636 0.00198055
2 0.856031 0.540199 0.0159576 0.0306106 0.00195882
2 0.790392 0.422979 0.0113546 0.0149845 0.00193119
0 0.98257 0.514606 0.0310618 0.116104 0.00180696
17 0.777884 0.441126 0.027108 0.0283568 0.00178743
0 0.986673 0.468563 0.0208565 0.0779084 0.00178629
2 0.489068 0.638807 0.0115062 0.0199241 0.00175589
4 0.994718 0.494033 0.00772211 0.0395198 0.00173611
0 0.82936 0.507104 0.0188191 0.0550356 0.0016722
0 0.971868 0.534797 0.0529792 0.0922617 0.00162495
30 0.777773 0.445069 0.0281951 0.0320774 0.00160788
0 0.949172 0.502427 0.0241679 0.0258714 0.00157868
0 0.989691 0.506051 0.014881 0.150677 0.00155793
2 0.0332224 0.131628 0.0113987 0.01301 0.00154542
1 0.994718 0.494033 0.00772211 0.0395198 0.00152739
2 0.978255 0.404489 0.0142065 0.0178746 0.00149478
0 0.98574 0.498025 0.0235675 0.115715 0.00148518
1 0.777643 0.441001 0.0272897 0.0288109 0.0014837
25 0.119794 0.65943 0.0361572 0.128471 0.0014518
4 0.991458 0.538642 0.0149794 0.0854096 0.0014199
0 0.989368 0.440903 0.0112814 0.0272269 0.00139025
0 0.801317 0.458356 0.0123825 0.0187925 0.00132131
0 0.984255 0.426298 0.0179159 0.0536298 0.00120783
17 0.782726 0.454091 0.0185745 0.0277212 0.00120347
2 0.917319 0.203226 0.0669506 0.0249526 0.00117051
2 0.159039 0.390307 0.0244996 0.0305728 0.00116404
0 0.98083 0.542876 0.0362092 0.0859757 0.00116396
30 0.994849 0.385917 0.00691199 0.0455525 0.00114548
0 0.78324 0.474292 0.0162792 0.050396 0.0011306
2 0.796323 0.462684 0.016582 0.0282474 0.0011231
2 0.767295 0.204909 0.00864368 0.0155905 0.0011063
2 0.775636 0.459689 0.0194152 0.0307324 0.00105173
2 0.893801 0.212246 0.0166843 0.0157634 0.00105027
5 0.960057 0.541645 0.0774679 0.0847555 0.00102996
