14 0.555519 0.775778 0.131746 0.271683 0.937654
14 0.652423 0.779963 0.104023 0.235893 0.585912
2 0.24223 0.288679 0.01137 0.0185504 0.0684642
0 0.97149 0.615512 0.0256979 0.0801799 0.0518548
2 0.24324 0.301876 0.0140883 0.0327329 0.0407888
14 0.918963 0.631563 0.0395132 0.069693 0.0301695
0 0.962947 0.616176 0.042768 0.0812928 0.0272866
2 0.255621 0.309638 0.0147576 0.0218569 0.0248566
4 0.941433 0.616879 0.0850319 0.0856748 0.00961403
22 0.972003 0.614836 0.0232727 0.0809975 0.00632003
2 0.25637 0.305331 0.0204507 0.0267358 0.00583445
8 0.94128 0.617056 0.0860092 0.0882904 0.00581036
14 0.942739 0.618761 0.0865532 0.0909531 0.00580704
2 0.276244 0.308822 0.0161577 0.0244389 0.00532838
0 0.946257 0.617918 0.0748225 0.0807961 0.00470302
4 0.956758 0.615637 0.0530175 0.0792611 0.00442719
8 0.919817 0.630781 0.040936 0.0696094 0.00334666
2 0.200853 0.283754 0.0157948 0.027363 0.00233987
2 0.243349 0.315423 0.0142147 0.0171223 0.00229328
32 0.940139 0.621785 0.0805036 0.0706821 0.00222327
0 0.612498 0.585835 0.0277504 0.113978 0.00219143
0 0.919817 0.630781 0.040936 0.0696094 0.00216267
22 0.922172 0.634335 0.0362751 0.0696979 0.00155148
2 0.671131 0.519997 0.027431 0.0250786 0.00119794
2 0.238225 0.289865 0.0157012 0.0230934 0.00113686
2 0.831672 0.391062 0.00940576 0.0145429 0.00109342
2 0.241858 0.279646 0.0116337 0.027325 0.00106685
4 0.919817 0.630781 0.040936 0.0696094 0.0010002
