4 0.917549 0.86875 0.16295 0.239415 0.936585
4 0.964899 0.907621 0.0672733 0.182087 0.923631
4 0.29382 0.662671 0.134527 0.15963 0.910162
0 0.190549 0.805639 0.204422 0.386642 0.909352
1 0.413334 0.492862 0.0400068 0.116854 0.904494
4 0.379346 0.657005 0.0757174 0.114302 0.897164
4 0.184853 0.708867 0.210232 0.184478 0.896844
4 0.958845 0.646517 0.079424 0.239231 0.890806
4 0.853402 0.636333 0.29132 0.368123 0.889852
4 0.514817 0.616616 0.0778265 0.0976601 0.870249
0 0.609706 0.651365 0.0413488 0.132479 0.778607
0 0.650189 0.641208 0.0411348 0.156201 0.773797
8 0.439296 0.706322 0.0578997 0.133435 0.772841
4 0.565197 0.623626 0.0421606 0.068741 0.73416
0 0.679276 0.641509 0.0272771 0.133687 0.703031
0 0.440324 0.6655 0.0491834 0.140062 0.675521
4 0.74466 0.600112 0.0645286 0.0544433 0.653342
4 0.450224 0.641315 0.105284 0.0910537 0.648456
4 0.585944 0.621474 0.0345829 0.0630273 0.592854
4 0.476094 0.641877 0.0553239 0.0875108 0.591393
4 0.789974 0.555227 0.0563829 0.0452748 0.572921
4 0.735258 0.638751 0.0878904 0.122806 0.46884
8 0.204791 0.900697 0.186923 0.197143 0.440893
0 0.686407 0.63975 0.0265379 0.127936 0.415874
2 0.500674 0.447223 0.0108923 0.0158919 0.365309
0 0.438679 0.63732 0.0456658 0.0799195 0.357633
13 0.437417 0.597977 0.0183933 0.0183879 0.296533
0 0.692454 0.642832 0.0247346 0.125921 0.294436
4 0.573767 0.623901 0.025398 0.0640803 0.273676
2 0.496752 0.441224 0.0193723 0.0118107 0.256967
1 0.86858 0.465716 0.0301262 0.0752579 0.250925
13 0.437767 0.594035 0.0160508 0.0177839 0.247294
0 0.441524 0.643117 0.0712063 0.098182 0.245701
1 0.868572 0.483832 0.0302891 0.0364923 0.225998
4 0.624011 0.598466 0.0253094 0.0296704 0.219697
6 0.257095 0.574201 0.0907571 0.0870907 0.203209
3 0.204732 0.899284 0.185723 0.197784 0.180032
4 0.704992 0.610586 0.0215413 0.0492002 0.170533
4 0.555934 0.628622 0.0252856 0.066162 0.167183
4 0.704964 0.609622 0.0368932 0.0578528 0.15061
4 0.762661 0.623743 0.138694 0.148844 0.148564
1 0.472422 0.554263 0.0128926 0.0183526 0.144387
0 0.700769 0.63733 0.0360386 0.114743 0.136494
12 0.363892 0.577481 0.0644897 0.0517977 0.130423
4 0.715898 0.608287 0.0198406 0.051268 0.121486
2 0.482518 0.437648 0.01087 0.00894644 0.111212
4 0.702702 0.636322 0.0325563 0.10702 0.11047
0 0.691742 0.620342 0.0212726 0.0777025 0.108875
4 0.781122 0.549755 0.0735781 0.0608212 0.0897153
2 0.488119 0.440694 0.0110394 0.0113659 0.0865711
0 0.711239 0.6094 0.0258273 0.0526672 0.0865612
4 0.537933 0.632665 0.0318212 0.0628566 0.0846741
2 0.229711 0.335626 0.020061 0.021253 0.0787186
6 0.789958 0.554847 0.0538268 0.0462162 0.0755981
2 0.229314 0.325315 0.024841 0.0208044 0.0734101
2 0.497282 0.445894 0.0174495 0.0176968 0.0719803
4 0.776935 0.665425 0.15325 0.297258 0.0710247
4 0.789226 0.569612 0.0509378 0.0479538 0.0691305
4 0.606155 0.592665 0.0158295 0.0186319 0.0686129
4 0.691742 0.620342 0.0212726 0.0777025 0.0597677
1 0.645721 0.553548 0.00822095 0.0124645 0.0568116
0 0.627284 0.616413 0.0192455 0.063948 0.0558477
4 0.610326 0.652293 0.0419531 0.134761 0.0556843
4 0.434462 0.621774 0.0698908 0.0470048 0.05555
2 0.243198 0.354579 0.0254077 0.0170572 0.0553944
4 0.690174 0.593481 0.0187245 0.0255274 0.0540895
0 0.590051 0.621092 0.0235436 0.0642051 0.0538927
4 0.652772 0.614516 0.0448154 0.0674308 0.0444876
4 0.990585 0.71357 0.0156561 0.0794888 0.044405
0 0.675148 0.597044 0.0170955 0.0559552 0.0417655
0 0.704763 0.60635 0.0197825 0.0495297 0.0410766
3 0.245726 0.899443 0.101035 0.197009 0.0389273
4 0.606355 0.610558 0.0292507 0.0484448 0.0379679
0 0.427345 0.600571 0.0441552 0.0245016 0.0371931
0 0.624011 0.598466 0.0253094 0.0296704 0.0365232
4 0.776965 0.559304 0.0278409 0.0394883 0.0364395
0 0.672698 0.604442 0.0149471 0.0572419 0.0346877
0 0.673284 0.585718 0.0153972 0.0311738 0.0345046
20 0.284712 0.810702 0.0218305 0.0188963 0.0335708
2 0.243981 0.374 0.0229187 0.0281166 0.0321924
6 0.854353 0.636261 0.289248 0.368333 0.0299339
6 0.366445 0.578523 0.0689488 0.0544585 0.029332
2 0.470751 0.430771 0.00678165 0.013808 0.0283145
13 0.675884 0.575666 0.0126832 0.0181095 0.0273824
4 0.673284 0.585718 0.0153972 0.0311738 0.0262207
4 0.427345 0.600571 0.0441552 0.0245016 0.0249178
1 0.469473 0.525277 0.0163916 0.0316696 0.0247728
0 0.609234 0.625135 0.0372307 0.0708549 0.0245531
0 0.437379 0.594289 0.0163718 0.0180884 0.0244352
0 0.99247 0.713639 0.0118873 0.0792279 0.0240232
6 0.958906 0.646504 0.079163 0.238342 0.0236954
4 0.771402 0.710385 0.129131 0.182674 0.0235496
0 0.643285 0.589265 0.0182993 0.0311335 0.0235212
4 0.777012 0.586224 0.0741184 0.0824689 0.0216532
14 0.99247 0.713639 0.0118873 0.0792279 0.0212192
0 0.429861 0.62898 0.0627588 0.0609379 0.0206224
4 0.692454 0.642832 0.0247346 0.125921 0.0197972
4 0.675884 0.575666 0.0126832 0.0181095 0.0195517
1 0.47218 0.558789 0.0110565 0.0159446 0.0193045
0 0.606355 0.610558 0.0292507 0.0484448 0.0188999
4 0.653818 0.578054 0.0203585 0.0176565 0.0187815
4 0.456649 0.614882 0.022327 0.0397526 0.0181111
0 0.690174 0.593481 0.0187245 0.0255274 0.0176926
0 0.718742 0.604571 0.0187931 0.0502361 0.0175709
7 0.645721 0.553548 0.00822095 0.0124645 0.0173696
4 0.682102 0.643085 0.0311751 0.131327 0.0170983
4 0.959603 0.713429 0.0779916 0.0985585 0.0164999
4 0.675148 0.597044 0.0170955 0.0559552 0.016467
2 0.240832 0.350059 0.0281133 0.0177035 0.0164209
8 0.990585 0.71357 0.0156561 0.0794888 0.016354
4 0.439904 0.650851 0.0520371 0.107547 0.0162689
13 0.656191 0.575609 0.0133609 0.0189681 0.0160322
17 0.437379 0.594289 0.0163718 0.0180884 0.0156716
17 0.675884 0.575666 0.0126832 0.0181095 0.0155863
17 0.175918 0.650674 0.0617703 0.0747262 0.015514
4 0.645538 0.601918 0.0273202 0.0382057 0.014773
1 0.867965 0.446911 0.028577 0.047541 0.0147142
4 0.687474 0.576496 0.0247035 0.0200467 0.0145843
2 0.242279 0.36463 0.0242232 0.0256762 0.0143497
5 0.958906 0.646504 0.079163 0.238342 0.014239
4 0.705195 0.574806 0.0097533 0.0165484 0.0141292
9 0.672698 0.604442 0.0149471 0.0572419 0.0136746
4 0.627284 0.616413 0.0192455 0.063948 0.0135592
1 0.468737 0.554365 0.0158463 0.0172394 0.013525
4 0.257095 0.574201 0.0907571 0.0870907 0.0128095
42 0.437767 0.594035 0.0160508 0.0177839 0.0126534
4 0.437867 0.603617 0.0825707 0.0280509 0.0125984
2 0.554228 0.433224 0.0115756 0.0108442 0.012549
2 0.485108 0.481941 0.00878857 0.010673 0.0125237
0 0.630857 0.628368 0.0196505 0.0600531 0.0124662
2 0.615747 0.380653 0.0201594 0.0210421 0.0118056
0 0.573767 0.623901 0.025398 0.0640803 0.0117019
15 0.789958 0.554847 0.0538268 0.0462162 0.0113545
13 0.673284 0.585718 0.0153972 0.0311738 0.0111552
4 0.643285 0.589265 0.0182993 0.0311335 0.0109579
20 0.273519 0.81099 0.0425568 0.0319407 0.0107157
4 0.58404 0.606584 0.0325234 0.0428155 0.010573
4 0.489251 0.644042 0.0287334 0.0782685 0.0101345
0 0.645538 0.601918 0.0273202 0.0382057 0.00986219
0 0.46653 0.64616 0.0326722 0.0889327 0.00980388
0 0.606155 0.592665 0.0158295 0.0186319 0.00952286
6 0.578826 0.583867 0.0595801 0.0488068 0.00930218
6 0.57164 0.578997 0.0497085 0.0321162 0.00923693
0 0.584561 0.619593 0.0389785 0.0632916 0.00906873
2 0.488549 0.484094 0.0138983 0.0179782 0.00895195
4 0.791423 0.586362 0.109847 0.102397 0.0089485
0 0.67304 0.576458 0.0154713 0.0197507 0.00880306
1 0.469141 0.5092 0.0160898 0.0404402 0.00853342
4 0.609234 0.625135 0.0372307 0.0708549 0.00821797
2 0.555172 0.364205 0.0117042 0.0162101 0.00809288
5 0.698812 0.638697 0.0321849 0.11471 0.00807979
12 0.255399 0.568503 0.0976781 0.0725447 0.0080493
2 0.459125 0.514389 0.00839359 0.0244608 0.00799283
10 0.228631 0.832073 0.016917 0.03141 0.00790514
4 0.375089 0.603133 0.0516767 0.0153875 0.0078905
8 0.590051 0.621092 0.0235436 0.0642051 0.00777998
1 0.363155 0.577126 0.0648945 0.0513323 0.0077708
1 0.403893 0.588947 0.0226948 0.0283885 0.00755101
4 0.699527 0.643026 0.070551 0.113251 0.00753702
2 0.24661 0.382716 0.0195425 0.0354235 0.00740513
4 0.738338 0.575104 0.0266923 0.01798 0.0073009
1 0.476214 0.558745 0.00960971 0.0160516 0.00704691
11 0.609234 0.625135 0.0372307 0.0708549 0.00700902
4 0.763582 0.596457 0.0936462 0.097467 0.0068565
2 0.941282 0.34802 0.00854511 0.0140355 0.00676625
4 0.745994 0.569249 0.0304892 0.018597 0.00663968
0 0.705195 0.574806 0.0097533 0.0165484 0.00658519
5 0.99247 0.713639 0.0118873 0.0792279 0.00645412
9 0.609234 0.625135 0.0372307 0.0708549 0.00645358
4 0.506636 0.639078 0.0336361 0.0613205 0.00621088
9 0.676187 0.643467 0.0263256 0.139247 0.00619737
2 0.546481 0.358348 0.00968585 0.0268616 0.00619387
4 0.46653 0.64616 0.0326722 0.0889327 0.00617452
12 0.57164 0.578997 0.0497085 0.0321162 0.00613077
4 0.651401 0.642009 0.0412835 0.15515 0.00612914
0 0.456649 0.614882 0.022327 0.0397526 0.00603947
4 0.509304 0.63333 0.0495647 0.0677011 0.00601052
17 0.171853 0.657377 0.122044 0.0938918 0.00596108
8 0.959242 0.698285 0.0793045 0.129699 0.00589179
14 0.256263 0.575925 0.0940705 0.0902706 0.00581523
11 0.672698 0.604442 0.0149471 0.0572419 0.00581407
2 0.616372 0.436976 0.0160096 0.0207465 0.00564502
4 0.758082 0.56741 0.0219079 0.0178713 0.00563373
1 0.646025 0.566703 0.00970471 0.0232026 0.00545842
4 0.38782 0.606879 0.0223414 0.0177142 0.00542088
2 0.471322 0.425915 0.0089429 0.0192854 0.00541447
17 0.656191 0.575609 0.0133609 0.0189681 0.00541322
2 0.940834 0.352465 0.00882593 0.0170133 0.00533899
2 0.249812 0.389282 0.0138418 0.0229771 0.00527598
0 0.652316 0.610184 0.0359198 0.0652021 0.00518891
0 0.776965 0.559304 0.0278409 0.0394883 0.00518314
7 0.469141 0.5092 0.0160898 0.0404402 0.00501373
3 0.990585 0.71357 0.0156561 0.0794888 0.00500065
2 0.469336 0.514171 0.0165681 0.0331636 0.00496448
1 0.437767 0.594035 0.0160508 0.0177839 0.00495777
0 0.475463 0.642742 0.0557223 0.0934688 0.00493241
4 0.672698 0.604442 0.0149471 0.0572419 0.00491224
4 0.437417 0.597977 0.0183933 0.0183879 0.00490911
11 0.676187 0.643467 0.0263256 0.139247 0.00489131
0 0.672509 0.643979 0.020034 0.129704 0.00480341
2 0.481345 0.451532 0.0124868 0.0125918 0.00476477
17 0.653818 0.578054 0.0203585 0.0176565 0.00474524
2 0.477611 0.425743 0.0121511 0.0185264 0.0047081
4 0.230918 0.67172 0.115281 0.172753 0.00469125
6 0.622931 0.595851 0.0256743 0.0235996 0.00467282
0 0.444033 0.593294 0.0356234 0.0178311 0.00459732
2 0.914163 0.393308 0.0196472 0.0286199 0.0045477
5 0.624541 0.600636 0.0239278 0.0319744 0.00452549
2 0.488643 0.480136 0.0155866 0.0168353 0.00450091
0 0.646025 0.566703 0.00970471 0.0232026 0.00440106
7 0.646025 0.566703 0.00970471 0.0232026 0.00439974
42 0.622931 0.595851 0.0256743 0.0235996 0.00438615
0 0.653818 0.578054 0.0203585 0.0176565 0.00433413
4 0.648433 0.645891 0.0581876 0.115362 0.00431186
0 0.176501 0.650268 0.0543524 0.0820448 0.00425726
12 0.789958 0.554847 0.0538268 0.0462162 0.00421747
2 0.567213 0.17096 0.0113443 0.0136453 0.00417976
1 0.414764 0.538927 0.0362545 0.0257297 0.00417801
6 0.409473 0.576471 0.121898 0.0561265 0.00415346
0 0.565087 0.62418 0.040879 0.0662329 0.00407418
4 0.438747 0.634548 0.0469079 0.0714923 0.00404007
2 0.484019 0.477776 0.0154648 0.0207163 0.00392611
14 0.986679 0.713148 0.0235063 0.0860401 0.00391325
5 0.789917 0.557507 0.0535621 0.0469179 0.0038935
1 0.47433 0.53403 0.0143336 0.0304317 0.00385432
8 0.698856 0.640237 0.0265437 0.110823 0.00384805
4 0.798558 0.568963 0.089166 0.0928429 0.0038414
9 0.694938 0.636879 0.0189604 0.121294 0.00378364
13 0.690174 0.593481 0.0187245 0.0255274 0.00376666
6 0.606155 0.592665 0.0158295 0.0186319 0.00372759
0 0.687474 0.576496 0.0247035 0.0200467 0.00368635
13 0.653818 0.578054 0.0203585 0.0176565 0.00368522
2 0.481036 0.497314 0.00938724 0.0232282 0.00362619
0 0.79041 0.571005 0.0427011 0.0436873 0.00361501
2 0.580377 0.438602 0.0103934 0.0171343 0.00353591
4 0.719078 0.575595 0.0195073 0.019375 0.00342098
2 0.876583 0.363259 0.0105303 0.0105152 0.00336306
2 0.240942 0.367807 0.0287394 0.0372714 0.00334069
13 0.439842 0.679128 0.050667 0.137285 0.00330396
2 0.557595 0.374656 0.0128508 0.014154 0.0032391
20 0.278862 0.818774 0.0369925 0.0268784 0.00320672
4 0.630857 0.628368 0.0196505 0.0600531 0.00315883
8 0.711239 0.6094 0.0258273 0.0526672 0.00310551
2 0.645721 0.553548 0.00822095 0.0124645 0.00302584
4 0.963095 0.602819 0.0717838 0.148959 0.00299855
0 0.543696 0.572649 0.00830426 0.0231805 0.00299554
17 0.673284 0.585718 0.0153972 0.0311738 0.00296761
12 0.578826 0.583867 0.0595801 0.0488068 0.00294619
3 0.686616 0.67024 0.0146019 0.0695774 0.00293715
4 0.804006 0.553106 0.0591079 0.0558944 0.00290272
0 0.427062 0.589351 0.0202794 0.0286002 0.00287286
12 0.569874 0.574754 0.0277475 0.0285556 0.00287236
6 0.776965 0.559304 0.0278409 0.0394883 0.00278677
14 0.964913 0.906435 0.067765 0.18713 0.00276161
4 0.536584 0.588297 0.0273657 0.0464831 0.00274937
13 0.606155 0.592665 0.0158295 0.0186319 0.00272587
5 0.585234 0.620337 0.0341229 0.0638586 0.00271721
1 0.638827 0.555686 0.00932153 0.0162775 0.00263539
5 0.959242 0.698285 0.0793045 0.129699 0.00259101
4 0.319274 0.588059 0.0282684 0.0124396 0.00257057
13 0.675148 0.597044 0.0170955 0.0559552 0.00252422
4 0.444033 0.593294 0.0356234 0.0178311 0.00250544
13 0.643285 0.589265 0.0182993 0.0311335 0.0024879
8 0.733024 0.688094 0.0415173 0.11583 0.00246459
1 0.656191 0.575609 0.0133609 0.0189681 0.002457
4 0.391566 0.620795 0.0500788 0.041527 0.00244466
2 0.506407 0.443353 0.01358 0.0120245 0.00243304
2 0.224133 0.311238 0.0277505 0.0217399 0.00241061
9 0.441292 0.664272 0.0460049 0.133527 0.00237522
13 0.175918 0.650674 0.0617703 0.0747262 0.00235752
4 0.570846 0.610446 0.0409738 0.052374 0.00235467
1 0.406589 0.567444 0.0224694 0.0334772 0.00234424
9 0.686616 0.67024 0.0146019 0.0695774 0.0023301
4 0.246183 0.608858 0.0411114 0.0407586 0.00232346
5 0.986679 0.713148 0.0235063 0.0860401 0.00228083
15 0.622931 0.595851 0.0256743 0.0235996 0.0022084
4 0.827402 0.544983 0.058815 0.0870517 0.00220277
15 0.366445 0.578523 0.0689488 0.0544585 0.00218928
0 0.555934 0.628622 0.0252856 0.066162 0.00218554
2 0.611394 0.378355 0.0242035 0.0203675 0.00216503
8 0.672698 0.604442 0.0149471 0.0572419 0.00213651
0 0.656191 0.575609 0.0133609 0.0189681 0.00213393
8 0.704992 0.610586 0.0215413 0.0492002 0.00213383
4 0.340043 0.603824 0.0131604 0.0177616 0.0021245
5 0.439992 0.705417 0.0580545 0.135554 0.00209971
2 0.460334 0.504 0.0146454 0.0407425 0.00209935
6 0.384205 0.584571 0.0956715 0.0468007 0.00208836
14 0.698856 0.640237 0.0265437 0.110823 0.00208026
4 0.815931 0.561109 0.0648848 0.0951747 0.00207174
0 0.738338 0.575104 0.0266923 0.01798 0.00206973
2 0.916465 0.390168 0.0266245 0.0371357 0.00206846
4 0.656191 0.575609 0.0133609 0.0189681 0.00206838
2 0.54644 0.351561 0.0120997 0.0272616 0.00204498
0 0.740128 0.639127 0.0973786 0.118353 0.00204292
14 0.590051 0.621092 0.0235436 0.0642051 0.00204109
0 0.744301 0.600622 0.0639907 0.0534701 0.00202536
1 0.636585 0.55298 0.0141376 0.0146315 0.00201731
6 0.569874 0.574754 0.0277475 0.0285556 0.00198993
2 0.499186 0.466241 0.0152832 0.0305582 0.00196405
9 0.630857 0.628368 0.0196505 0.0600531 0.00191251
