1 0.0919411 0.548311 0.101477 0.0824607 0.929512
1 0.7771 0.613636 0.0458413 0.137415 0.925109
4 0.633262 0.780603 0.16974 0.210702 0.918406
4 0.0298693 0.740179 0.0597386 0.0610123 0.884762
1 0.579542 0.586397 0.0282597 0.0257247 0.841634
1 0.509145 0.607345 0.0394041 0.0382832 0.752666
4 0.109771 0.738476 0.0589181 0.0576928 0.745477
4 0.457233 0.740691 0.0429673 0.0493304 0.73376
7 0.45805 0.487772 0.0223116 0.0299475 0.685759
4 0.409978 0.731543 0.0173255 0.0367062 0.666086
1 0.548663 0.667841 0.0193467 0.0599717 0.641311
1 0.578135 0.669799 0.0297493 0.0497901 0.598572
7 0.428139 0.494662 0.0168609 0.0431877 0.529314
4 0.151649 0.734462 0.0409466 0.0510194 0.513039
1 0.342407 0.659011 0.0147564 0.0227291 0.492991
4 0.351187 0.72127 0.0248321 0.0305748 0.476636
4 0.420346 0.731369 0.0346349 0.0386556 0.412392
1 0.578744 0.618227 0.0290588 0.0376691 0.357022
7 0.486067 0.505165 0.0189273 0.0308302 0.308571
4 0.170797 0.731124 0.0339194 0.0435075 0.306677
4 0.215948 0.737469 0.0332972 0.0450804 0.276074
1 0.0243371 0.648261 0.0317192 0.0870953 0.268836
4 0.252072 0.729061 0.0352005 0.0538539 0.254126
4 0.22892 0.734272 0.0491192 0.0517784 0.240551
7 0.487071 0.496806 0.0186122 0.0470242 0.23924
4 0.244013 0.73057 0.0307611 0.0551932 0.186298
4 0.328411 0.71791 0.0182598 0.0220742 0.174099
1 0.350655 0.609344 0.0328714 0.0478935 0.172481
4 0.263059 0.727378 0.0402403 0.0549687 0.162365
1 0.578261 0.64758 0.0299841 0.0370814 0.161799
4 0.182659 0.733213 0.0279293 0.0449479 0.161446
4 0.284414 0.708745 0.0118608 0.0191765 0.148787
4 0.197317 0.735154 0.0313169 0.044891 0.148651
4 0.234295 0.719752 0.0390925 0.0653739 0.145314
1 0.350523 0.619933 0.0311738 0.0278009 0.138095
1 0.344019 0.699489 0.00982343 0.0132613 0.134034
4 0.233618 0.709884 0.0313459 0.0511031 0.122077
4 0.429452 0.735601 0.0239052 0.0431186 0.104991
4 0.477254 0.726962 0.0156529 0.0234641 0.0992523
4 0.303168 0.711716 0.020856 0.0354919 0.0963933
1 0.470365 0.699335 0.00649451 0.0210667 0.0956534
1 0.579228 0.599254 0.0288961 0.0272769 0.0940818
1 0.342906 0.686094 0.0121054 0.022899 0.0882593
1 0.578419 0.640108 0.028882 0.0245527 0.0871589
4 0.284323 0.703637 0.0107864 0.0198757 0.0861036
1 0.297249 0.653181 0.00899216 0.014884 0.0540923
7 0.424853 0.487437 0.0195274 0.0577931 0.0533261
4 0.269673 0.706655 0.0291912 0.0368545 0.0517211
1 0.316025 0.695355 0.00778159 0.012605 0.0447507
4 0.205394 0.733562 0.0380415 0.0473467 0.0436041
1 0.256662 0.599683 0.0967154 0.0451706 0.0434194
1 0.573231 0.685773 0.0161533 0.0289587 0.0432454
2 0.364912 0.514696 0.0146956 0.0149862 0.0422375
1 0.284323 0.703637 0.0107864 0.0198757 0.0421796
4 0.0757767 0.733304 0.0389331 0.0470694 0.0409608
1 0.554684 0.668334 0.0220927 0.0585065 0.0405225
7 0.297249 0.653181 0.00899216 0.014884 0.0398928
4 0.324758 0.715715 0.0208751 0.0280347 0.0387414
30 0.857656 0.176757 0.137967 0.199564 0.034145
1 0.297405 0.649451 0.00915277 0.0156573 0.0294916
1 0.543553 0.6681 0.0142305 0.0582351 0.0274663
1 0.281494 0.6761 0.00886517 0.0230164 0.0272586
2 0.809329 0.535615 0.0178687 0.0210934 0.0238499
6 0.303168 0.711716 0.020856 0.0354919 0.0238281
4 0.344019 0.699489 0.00982343 0.0132613 0.0229181
7 0.315498 0.642938 0.00713336 0.0132759 0.0219461
2 0.365227 0.521026 0.0120786 0.0199945 0.0213497
2 0.775662 0.505296 0.00991296 0.0194641 0.0213217
4 0.0825998 0.742834 0.0391646 0.054219 0.0198086
1 0.315437 0.686305 0.00774393 0.0207718 0.0195354
1 0.328253 0.686023 0.00696686 0.0210013 0.0187133
7 0.297405 0.649451 0.00915277 0.0156573 0.0183754
2 0.255706 0.553155 0.00675166 0.0112053 0.0183747
4 0.00851269 0.710181 0.0161613 0.028224 0.0170992
7 0.4574 0.477252 0.0220445 0.0526793 0.0163071
4 0.177797 0.724181 0.0356496 0.0413338 0.015725
4 0.220949 0.723592 0.0425037 0.0632859 0.0137138
5 0.303168 0.711716 0.020856 0.0354919 0.0133417
1 0.291746 0.6717 0.0118101 0.0296091 0.0133141
1 0.544615 0.627055 0.0109865 0.0150787 0.0127572
4 0.190903 0.702434 0.0387201 0.0363844 0.0126313
7 0.301371 0.65403 0.009634 0.0140144 0.0123248
7 0.314582 0.661947 0.00871674 0.0182432 0.0108307
1 0.446739 0.666566 0.0175092 0.0496621 0.0108288
1 0.329376 0.696772 0.00877237 0.0134337 0.0106452
2 0.775577 0.499518 0.010017 0.0156014 0.010341
4 0.182965 0.707378 0.0363642 0.0352207 0.0102142
2 0.78248 0.530631 0.0191298 0.020761 0.0101866
2 0.23606 0.481196 0.0095412 0.0112066 0.0101591
4 0.352029 0.709564 0.0184133 0.0244327 0.0101398
7 0.544615 0.627055 0.0109865 0.0150787 0.00969455
7 0.509182 0.608746 0.0402542 0.0383244 0.00948747
6 0.00846977 0.709064 0.0164843 0.0266585 0.00939553
15 0.305511 0.71193 0.0178317 0.0364112 0.00938504
1 0.491058 0.671741 0.0383146 0.017873 0.00935266
1 0.575683 0.634205 0.0384506 0.0465368 0.00913449
4 0.17064 0.707857 0.0342167 0.0308446 0.0089018
2 0.773147 0.505105 0.0110658 0.0200568 0.00878267
0 0.409785 0.730219 0.0175919 0.0377446 0.00854674
4 0.269429 0.734029 0.0368849 0.0509958 0.00833336
7 0.383802 0.496638 0.0114296 0.0377229 0.008257
1 0.57683 0.691933 0.0236195 0.02074 0.00823055
4 0.163347 0.719167 0.0275376 0.0248595 0.00798926
1 0.00513055 0.674328 0.00871549 0.0353474 0.00759412
2 0.391114 0.523645 0.0128095 0.0245137 0.0075606
2 0.306521 0.57254 0.00811008 0.0137621 0.00740642
1 0.304179 0.710949 0.0177281 0.0356314 0.00736667
2 0.00555874 0.430986 0.0104796 0.0148928 0.00723718
2 0.383547 0.524262 0.0107057 0.0220789 0.00717236
7 0.313437 0.669543 0.00759668 0.0160501 0.00685096
1 0.469583 0.687479 0.00688443 0.0181773 0.00666001
7 0.300874 0.647924 0.0104704 0.0131264 0.00662358
2 0.360048 0.522738 0.010747 0.0206882 0.00655965
4 0.201617 0.696731 0.0188056 0.0249372 0.00648059
1 0.579751 0.682485 0.0280778 0.0214348 0.00631591
1 0.343065 0.648445 0.0145907 0.0182082 0.00581922
2 0.411006 0.597405 0.00621335 0.0113449 0.00558291
7 0.38141 0.508003 0.0108952 0.0221048 0.0055591
1 0.304144 0.679421 0.0104934 0.028021 0.00553965
4 0.149128 0.703383 0.0199869 0.020551 0.00547912
7 0.470365 0.699335 0.00649451 0.0210667 0.00544053
4 0.257466 0.704236 0.072562 0.0438775 0.00533654
1 0.267573 0.676519 0.0163344 0.0178063 0.00524097
7 0.442745 0.618177 0.00691989 0.0122922 0.005187
1 0.300078 0.708193 0.025019 0.0283691 0.00512814
7 0.388758 0.497779 0.0199633 0.040546 0.00512224
1 0.0923092 0.694626 0.00718073 0.0281313 0.00512098
4 0.151467 0.717511 0.0340617 0.0220874 0.00507703
4 0.154655 0.700955 0.0243207 0.023994 0.00507006
1 0.338427 0.658945 0.018386 0.0208909 0.0050601
7 0.390342 0.512417 0.01832 0.027993 0.00505385
1 0.0974446 0.636448 0.0208428 0.0116739 0.00498315
1 0.477645 0.724814 0.0149047 0.0186979 0.00495317
2 0.38141 0.508003 0.0108952 0.0221048 0.00490234
2 0.77253 0.498518 0.00994281 0.0138503 0.00488381
4 0.361316 0.721163 0.014811 0.0209281 0.00476064
4 0.203352 0.686269 0.0120727 0.0171891 0.00471835
0 0.303168 0.711716 0.020856 0.0354919 0.00463925
0 0.284414 0.708745 0.0118608 0.0191765 0.00463179
1 0.0287943 0.678473 0.0233882 0.0399208 0.00461273
2 0.788498 0.534067 0.024706 0.0227593 0.00450463
4 0.372758 0.722572 0.0179637 0.0177908 0.00449334
2 0.302379 0.609361 0.00876154 0.0123869 0.00427426
4 0.329376 0.696772 0.00877237 0.0134337 0.00422432
7 0.306521 0.57254 0.00811008 0.0137621 0.00414709
2 0.255474 0.560413 0.00683298 0.0195557 0.00406255
1 0.233176 0.593348 0.0439918 0.0324084 0.00404215
7 0.22858 0.590325 0.0356784 0.0359465 0.00403244
1 0.584759 0.69127 0.0862527 0.0546783 0.00399017
7 0.364397 0.517961 0.0125503 0.0168336 0.00396883
14 0.303168 0.711716 0.020856 0.0354919 0.00389574
1 0.0983194 0.640207 0.0226586 0.0213622 0.00389399
2 0.329934 0.573112 0.0130048 0.0131298 0.00385015
1 0.508897 0.573076 0.0358338 0.0315154 0.003742
4 0.316025 0.695355 0.00778159 0.012605 0.00371111
1 0.313437 0.669543 0.00759668 0.0160501 0.00370643
1 0.551172 0.628156 0.0212045 0.0172534 0.00369909
7 0.315437 0.686305 0.00774393 0.0207718 0.00364118
4 0.42447 0.72338 0.0341514 0.0334407 0.00346176
4 0.481365 0.734316 0.0166672 0.0302178 0.00344843
4 0.0753968 0.719875 0.0396981 0.0402066 0.00343897
7 0.316025 0.695355 0.00778159 0.012605 0.00343335
2 0.366278 0.584918 0.00649509 0.0140989 0.00334646
7 0.422559 0.471888 0.0180601 0.0430131 0.00324675
0 0.477254 0.726962 0.0156529 0.0234641 0.0031883
22 0.509182 0.608746 0.0402542 0.0383244 0.00310169
1 0.49031 0.66384 0.0389086 0.0144889 0.00294983
4 0.342993 0.724398 0.0283031 0.0221989 0.0029205
1 0.352029 0.709564 0.0184133 0.0244327 0.00288147
7 0.411006 0.597405 0.00621335 0.0113449 0.0028631
7 0.326901 0.530035 0.00836124 0.037211 0.00285577
7 0.222204 0.601618 0.0246153 0.0140515 0.00284883
4 0.228924 0.687579 0.0151271 0.0178578 0.0028383
4 0.198586 0.687883 0.0184085 0.0206164 0.00280713
6 0.284323 0.703637 0.0107864 0.0198757 0.00276454
2 0.242355 0.479596 0.0143717 0.0158497 0.0026894
7 0.350432 0.606394 0.0299825 0.0442103 0.00266669
2 0.582946 0.527883 0.00791437 0.0125693 0.00263042
2 0.239708 0.519955 0.00861877 0.0124659 0.00260528
4 0.473132 0.726019 0.0121817 0.0203317 0.00258147
1 0.0942583 0.635392 0.0166537 0.0144978 0.00257756
2 0.294726 0.545801 0.00981329 0.00886228 0.00248334
15 0.284323 0.703637 0.0107864 0.0198757 0.00245866
2 0.279026 0.581002 0.00547488 0.013938 0.00242904
6 0.344019 0.699489 0.00982343 0.0132613 0.00240654
0 0.570307 0.720357 0.0100261 0.0340499 0.00235336
7 0.20741 0.578586 0.00779507 0.0161194 0.00233963
7 0.579581 0.586957 0.0285723 0.0272728 0.00230978
7 0.551172 0.628156 0.0212045 0.0172534 0.00229271
15 0.344019 0.699489 0.00982343 0.0132613 0.00228889
7 0.391114 0.523645 0.0128095 0.0245137 0.00226266
2 0.385737 0.51776 0.013605 0.0207286 0.00226041
1 0.315498 0.642938 0.00713336 0.0132759 0.00225434
7 0.364912 0.514696 0.0146956 0.0149862 0.00225111
15 0.300078 0.708193 0.025019 0.0283691 0.00223372
7 0.322528 0.572743 0.0200493 0.0129714 0.00222956
0 0.316025 0.695355 0.00778159 0.012605 0.00221724
4 0.568392 0.72271 0.0303764 0.0408035 0.00216575
7 0.543553 0.6681 0.0142305 0.0582351 0.00216104
7 0.329934 0.573112 0.0130048 0.0131298 0.00212593
1 0.0275569 0.555772 0.016437 0.0320904 0.00209484
4 0.118988 0.713661 0.0460676 0.0159405 0.00206318
0 0.473132 0.726019 0.0121817 0.0203317 0.00203213
1 0.301371 0.65403 0.009634 0.0140144 0.00199484
7 0.385737 0.51776 0.013605 0.0207286 0.00196771
4 0.205277 0.703079 0.0305685 0.044124 0.00196311
2 0.376026 0.597847 0.00979062 0.0142108 0.00194511
2 0.0197321 0.510863 0.00889315 0.0161344 0.001938
7 0.326446 0.5431 0.010808 0.0625785 0.00193508
1 0.524695 0.669055 0.0988139 0.0494132 0.00192715
0 0.231756 0.732854 0.0477742 0.053855 0.00190309
4 0.290569 0.717649 0.0206566 0.040867 0.00185324
12 0.00846977 0.709064 0.0164843 0.0266585 0.00184322
7 0.491331 0.468046 0.0244032 0.108317 0.0018347
1 0.47465 0.707901 0.0141256 0.0262777 0.00180902
1 0.552218 0.630839 0.0333053 0.0165607 0.00180781
4 0.129831 0.703101 0.0129998 0.0171928 0.00180472
6 0.284414 0.708745 0.0118608 0.0191765 0.00180453
0 0.532286 0.721643 0.0115663 0.020113 0.00179869
4 0.561729 0.750263 0.0247903 0.0828612 0.00179276
4 0.0143666 0.710366 0.0248697 0.0306611 0.00177474
2 0.477645 0.724814 0.0149047 0.0186979 0.00174648
8 0.477254 0.726962 0.0156529 0.0234641 0.00174038
15 0.269673 0.706655 0.0291912 0.0368545 0.00172144
0 0.351155 0.720695 0.0251877 0.0270633 0.00168931
1 0.284414 0.708745 0.0118608 0.0191765 0.00167837
4 0.487026 0.729559 0.020404 0.0222279 0.00167784
2 0.322528 0.572743 0.0200493 0.0129714 0.00166886
6 0.352029 0.709564 0.0184133 0.0244327 0.00164971
1 0.0972821 0.691111 0.0133353 0.032986 0.00163423
7 0.484983 0.521596 0.0199887 0.0643233 0.00163136
2 0.3303 0.57778 0.0140673 0.0155535 0.00161709
7 0.344019 0.699489 0.00982343 0.0132613 0.00161093
1 0.351254 0.643475 0.0136637 0.013645 0.00157653
1 0.314582 0.661947 0.00871674 0.0182432 0.00157371
2 0.315498 0.642938 0.00713336 0.0132759 0.0015474
12 0.304179 0.710949 0.0177281 0.0356314 0.00152851
1 0.0304643 0.551002 0.0172611 0.0370399 0.00151748
8 0.178689 0.734708 0.0287389 0.0457052 0.00151409
2 0.558818 0.588834 0.00806879 0.0127264 0.00151255
22 0.573231 0.685773 0.0161533 0.0289587 0.00151171
4 0.532286 0.721643 0.0115663 0.020113 0.00150792
4 0.0258526 0.727058 0.0511944 0.0467515 0.00150091
8 0.198961 0.737462 0.0329237 0.0445306 0.00149436
7 0.499491 0.490575 0.0261882 0.0499916 0.00149322
1 0.103727 0.656145 0.0115592 0.0354663 0.00149288
6 0.350931 0.717825 0.0257317 0.0307803 0.00149124
1 0.462455 0.705249 0.0197684 0.0310239 0.00147733
1 0.522439 0.617607 0.0210008 0.0246655 0.00147575
1 0.284798 0.667959 0.0130904 0.0217997 0.0014495
1 0.269386 0.667323 0.0119153 0.0186567 0.00143963
6 0.234295 0.719752 0.0390925 0.0653739 0.00143529
7 0.435 0.493617 0.0269017 0.0387387 0.00143504
4 0.302513 0.721819 0.0226599 0.0278438 0.00142977
7 0.428995 0.511526 0.0167386 0.0433227 0.0014217
42 0.00846977 0.709064 0.0164843 0.0266585 0.00141779
7 0.376026 0.597847 0.00979062 0.0142108 0.00141605
15 0.233618 0.709884 0.0313459 0.0511031 0.00140088
7 0.326849 0.517016 0.00842789 0.0145551 0.00139618
1 0.354256 0.688463 0.0119444 0.0296225 0.0013649
0 0.457221 0.740585 0.0437043 0.0494344 0.00134346
0 0.00851269 0.710181 0.0161613 0.028224 0.00132501
7 0.606267 0.665484 0.00742889 0.0189538 0.00132407
7 0.366278 0.584918 0.00649509 0.0140989 0.00132397
2 0.359568 0.571643 0.0118867 0.0130316 0.00130223
8 0.565686 0.723037 0.017624 0.0377746 0.0012994
4 0.300587 0.700026 0.0166909 0.0306239 0.00129578
1 0.129831 0.703101 0.0129998 0.0171928 0.00128088
4 0.194358 0.753412 0.0359332 0.0502861 0.00127901
1 0.300587 0.700026 0.0166909 0.0306239 0.00126235
2 0.0155892 0.475811 0.00917433 0.0161573 0.0012401
7 0.383547 0.524262 0.0107057 0.0220789 0.00122764
7 0.510765 0.572416 0.034837 0.0310287 0.001224
2 0.0163712 0.457236 0.0100909 0.0157459 0.00122228
1 0.101039 0.630365 0.017081 0.0155818 0.00121424
2 0.544615 0.627055 0.0109865 0.0150787 0.00121202
1 0.272135 0.60402 0.0640823 0.0456505 0.00120508
2 0.326849 0.517016 0.00842789 0.0145551 0.00119881
1 0.329063 0.602024 0.0503265 0.0550398 0.00119345
7 0.0229299 0.559959 0.00999686 0.0219725 0.00118973
7 0.0923092 0.694626 0.00718073 0.0281313 0.00118397
5 0.409785 0.730219 0.0175919 0.0377446 0.00117362
7 0.305028 0.555438 0.0087786 0.0210545 0.00116275
4 0.206603 0.751984 0.0400823 0.0503823 0.00115936
1 0.105223 0.687738 0.021744 0.0376321 0.00115546
4 0.260169 0.683845 0.0218182 0.0168 0.00113834
2 0.410459 0.59854 0.00942746 0.0126124 0.00113403
0 0.234295 0.719752 0.0390925 0.0653739 0.00112615
2 0.390342 0.512417 0.01832 0.027993 0.001115
2 0.0138879 0.438716 0.0190557 0.0187837 0.00110144
4 0.576471 0.721944 0.0128392 0.0283332 0.00109771
8 0.570307 0.720357 0.0100261 0.0340499 0.00109714
14 0.00846977 0.709064 0.0164843 0.0266585 0.00109167
2 0.0229299 0.559959 0.00999686 0.0219725 0.00108666
4 0.239253 0.685349 0.0160539 0.0162427 0.00108424
4 0.350917 0.729288 0.0256425 0.0333513 0.001082
1 0.606267 0.665484 0.00742889 0.0189538 0.00107191
13 0.477645 0.724814 0.0149047 0.0186979 0.00106684
7 0.342407 0.659011 0.0147564 0.0227291 0.0010549
7 0.010301 0.563222 0.0182433 0.0418207 0.00102945
