2 0.584314 0.340201 0.0352821 0.0502742 0.483669
2 0.578786 0.345819 0.0247445 0.0398326 0.0629709
2 0.0562287 0.689166 0.0108936 0.0185052 0.0406351
30 0.210041 0.984829 0.0382011 0.0286545 0.0351822
2 0.976343 0.382455 0.0256785 0.0440318 0.0204742
2 0.0541946 0.687047 0.0152944 0.0216252 0.0158856
2 0.358495 0.86782 0.00941693 0.0299431 0.0157494
30 0.0204673 0.205554 0.0398601 0.139784 0.011693
2 0.357719 0.874261 0.00946274 0.0225336 0.00986628
10 0.913371 0.927898 0.0434892 0.110986 0.00925031
2 0.00749093 0.689516 0.0133873 0.0276803 0.00883599
14 0.786898 0.966963 0.0465365 0.062263 0.0067337
2 0.993882 0.36511 0.0109058 0.0235297 0.00573673
1 0.913729 0.931443 0.0424546 0.101432 0.00454912
2 0.0467559 0.686219 0.0120465 0.0206438 0.0043522
1 0.914074 0.95574 0.0410435 0.0509214 0.00432966
10 0.914763 0.947049 0.0398351 0.072088 0.00425793
2 0.35964 0.863667 0.00642184 0.0200389 0.00417544
10 0.917246 0.916494 0.021572 0.0626952 0.00400417
10 0.786898 0.966963 0.0465365 0.062263 0.00387843
2 0.206577 0.704771 0.010288 0.014342 0.00328379
2 0.993373 0.656448 0.0120534 0.0426869 0.00305592
26 0.844014 0.904075 0.038694 0.131362 0.0029921
10 0.413808 0.992483 0.0331958 0.0127699 0.00251721
10 0.59246 0.990514 0.0104019 0.0189716 0.00241389
0 0.0823383 0.98947 0.0159621 0.0188406 0.00214039
2 0.306863 0.851575 0.0128503 0.0131038 0.00212624
2 0.185184 0.715978 0.0151722 0.0118766 0.00209903
30 0.26602 0.615394 0.0160499 0.0323575 0.00205594
30 0.202411 0.982304 0.0518517 0.0340892 0.00195306
7 0.210955 0.731455 0.0200592 0.0636344 0.00192891
30 0.583568 0.342258 0.0341625 0.0487742 0.00189173
0 0.00741639 0.688505 0.0136713 0.0269588 0.00184019
2 0.306606 0.859672 0.0125564 0.0211284 0.0017826
4 0.0430671 0.987424 0.0858423 0.0221087 0.0016795
60 0.00741639 0.688505 0.0136713 0.0269588 0.00167413
0 0.113862 0.616013 0.0214429 0.0749603 0.00166482
2 0.196715 0.702609 0.0150006 0.0112191 0.00162086
2 0.651599 0.305316 0.0175573 0.0200384 0.00159508
1 0.912 0.966006 0.0341033 0.0385205 0.00149807
18 0.2098 0.633029 0.0115826 0.0358195 0.00132384
26 0.857949 0.907838 0.0678377 0.140812 0.00131157
30 0.0984837 0.550961 0.0232673 0.0419792 0.00130241
10 0.844014 0.904075 0.038694 0.131362 0.00124859
2 0.106491 0.649416 0.0345781 0.0246671 0.00124058
10 0.27835 0.9797 0.012927 0.0387389 0.00121631
2 0.591076 0.343226 0.030545 0.0485267 0.00121204
2 0.220284 0.518909 0.0082001 0.0206401 0.00120951
2 0.10211 0.648318 0.0261086 0.0193025 0.00120252
2 0.65047 0.311882 0.0183085 0.0271148 0.00120009
2 0.315373 0.494373 0.00806128 0.0146786 0.00118254
8 0.00741639 0.688505 0.0136713 0.0269588 0.00117446
55 0.0724714 0.393963 0.144943 0.627512 0.00112557
7 0.213503 0.724247 0.02017 0.0475368 0.00111249
2 0.209889 0.725208 0.0177245 0.0500945 0.00110961
2 0.208224 0.75987 0.0155941 0.0244185 0.00110759
36 0.915413 0.959231 0.0398802 0.0538061 0.00110327
30 0.268723 0.557457 0.014781 0.0473327 0.00100573
