4 0.47861 0.769202 0.33026 0.364491 0.955585
4 0.86445 0.782099 0.236095 0.260441 0.939441
4 0.10017 0.726609 0.198691 0.428643 0.936943
4 0.722887 0.74106 0.113097 0.142227 0.918221
1 0.840725 0.574931 0.0729849 0.0594874 0.90655
4 0.19461 0.684424 0.112571 0.12204 0.879732
4 0.681055 0.711638 0.0720377 0.0935584 0.816927
4 0.987964 0.724915 0.0218559 0.0556358 0.774731
4 0.320372 0.701726 0.0551979 0.0532841 0.682484
4 0.29286 0.701376 0.0449366 0.04819 0.503346
2 0.405141 0.366876 0.00791916 0.0133581 0.446392
2 0.421962 0.366999 0.00820544 0.0135731 0.403227
4 0.351898 0.642506 0.023142 0.0351522 0.396036
4 0.96092 0.72316 0.0412112 0.0658891 0.336765
4 0.302414 0.700512 0.0923362 0.0541635 0.304227
2 0.318101 0.367549 0.00795435 0.0138178 0.281566
2 0.314609 0.369779 0.0133461 0.0123894 0.254587
2 0.388192 0.368813 0.00769623 0.0109636 0.248717
2 0.309439 0.372767 0.0101104 0.0150443 0.24036
15 0.599402 0.649418 0.0421417 0.066532 0.23089
2 0.31779 0.371092 0.00877054 0.0170095 0.214401
4 0.684231 0.657988 0.0496061 0.0208624 0.204372
0 0.721233 0.64703 0.00949762 0.0222392 0.148909
4 0.745407 0.659239 0.0200927 0.0157748 0.112232
4 0.962981 0.708327 0.0354695 0.0387455 0.0938679
4 0.268694 0.703875 0.0409636 0.0451446 0.0834192
0 0.70561 0.647482 0.0118776 0.0210053 0.0806596
4 0.599402 0.649418 0.0421417 0.066532 0.0533165
2 0.31002 0.368167 0.00957077 0.0150517 0.048715
2 0.520026 0.394086 0.0110337 0.0164454 0.0466692
4 0.267256 0.648779 0.0390956 0.0154853 0.0435906
4 0.278742 0.648917 0.0172186 0.0150655 0.0412787
2 0.385859 0.367128 0.0101075 0.013286 0.0382666
2 0.388929 0.37142 0.0093457 0.0159533 0.0345377
2 0.530216 0.364743 0.0107689 0.0125292 0.0345369
14 0.252516 0.682234 0.0264577 0.0345816 0.0340048
4 0.679805 0.66586 0.0539731 0.0259764 0.033991
2 0.497487 0.392854 0.00953339 0.0137935 0.0333745
2 0.515581 0.366428 0.00829749 0.0132155 0.0332825
4 0.756725 0.673463 0.0418375 0.0126922 0.0330534
0 0.719909 0.652756 0.0166129 0.0332066 0.0318052
4 0.252248 0.678999 0.0264363 0.0269555 0.0310955
4 0.960961 0.693063 0.0400591 0.038684 0.0297289
2 0.408665 0.367007 0.00860492 0.01085 0.0278303
4 0.702106 0.659353 0.0228036 0.0121337 0.0274051
4 0.734943 0.658365 0.041887 0.0225434 0.0271327
2 0.501283 0.393515 0.0109843 0.0147572 0.0259099
4 0.682517 0.651256 0.0459379 0.0195973 0.0237758
4 0.746644 0.650715 0.0138812 0.0184469 0.0228699
4 0.697165 0.651086 0.0168376 0.0194958 0.022345
4 0.718349 0.669065 0.0801135 0.00997291 0.0222979
6 0.599402 0.649418 0.0421417 0.066532 0.0222924
2 0.228735 0.535527 0.00644916 0.0125747 0.0218971
0 0.351642 0.642314 0.0239625 0.0374024 0.0215352
4 0.728619 0.675282 0.0906398 0.0132673 0.0206811
4 0.668788 0.649521 0.0150301 0.0186049 0.0195259
2 0.512722 0.367152 0.00647546 0.00979191 0.0190628
2 0.477588 0.393175 0.0118806 0.0135707 0.0188937
2 0.495078 0.36297 0.0136958 0.0131163 0.0186234
0 0.724353 0.650014 0.0129732 0.020883 0.0175019
7 0.145142 0.573817 0.0134856 0.0298013 0.0168759
5 0.351898 0.642506 0.023142 0.0351522 0.0166348
2 0.526225 0.394285 0.0124614 0.0119888 0.0161915
1 0.720799 0.574671 0.0547487 0.0500322 0.015384
7 0.15187 0.564162 0.0235623 0.0470886 0.0150032
2 0.424782 0.366771 0.0120906 0.0125562 0.0146915
2 0.545896 0.364985 0.0108664 0.0149315 0.0137361
8 0.351642 0.642314 0.0239625 0.0374024 0.0134783
4 0.60416 0.666371 0.0482868 0.0956794 0.0134452
6 0.960961 0.693063 0.0400591 0.038684 0.0131558
4 0.259921 0.700183 0.0330192 0.0484676 0.013087
4 0.958606 0.686355 0.0359565 0.0256478 0.012976
4 0.70561 0.647482 0.0118776 0.0210053 0.012671
4 0.719909 0.652756 0.0166129 0.0332066 0.0124059
0 0.706851 0.642964 0.0138037 0.022989 0.0123039
2 0.47317 0.393322 0.0118534 0.013728 0.012221
6 0.684231 0.657988 0.0496061 0.0208624 0.0121853
4 0.27633 0.693165 0.0730475 0.0667508 0.0120821
14 0.259921 0.700183 0.0330192 0.0484676 0.0120805
4 0.703162 0.691005 0.103168 0.0562418 0.0119836
4 0.252575 0.668809 0.0287303 0.0336181 0.0117896
4 0.762231 0.666889 0.0244666 0.0187685 0.0115764
4 0.189751 0.645827 0.105633 0.0569028 0.0114546
4 0.753561 0.650838 0.00824249 0.018795 0.0112568
4 0.275085 0.651839 0.0243514 0.017367 0.0112461
2 0.520472 0.380342 0.0103089 0.0155457 0.011144
7 0.228735 0.535527 0.00644916 0.0125747 0.0111232
15 0.684231 0.657988 0.0496061 0.0208624 0.0105003
2 0.510046 0.364259 0.0116244 0.0121682 0.0101296
0 0.61551 0.67951 0.00829773 0.0167979 0.00994541
7 0.231828 0.540376 0.00568967 0.0152981 0.00967139
4 0.725766 0.693865 0.106382 0.0451394 0.00927528
4 0.762983 0.674977 0.0305103 0.0109111 0.00914917
2 0.559411 0.371381 0.0115665 0.0129655 0.00895527
4 0.721233 0.64703 0.00949762 0.0222392 0.00886165
2 0.231828 0.540376 0.00568967 0.0152981 0.00884322
4 0.953348 0.678675 0.0259856 0.0173363 0.00865534
4 0.324921 0.676217 0.0434546 0.0157835 0.00829404
4 0.684303 0.682996 0.0823524 0.0344647 0.00828203
4 0.625613 0.696544 0.0291303 0.045644 0.00815068
14 0.626184 0.701782 0.028479 0.0376412 0.0080257
2 0.559235 0.36384 0.0111644 0.0139632 0.00795082
7 0.153438 0.545381 0.0204206 0.0348401 0.00752491
14 0.205356 0.796885 0.0210259 0.0673462 0.00740956
0 0.644182 0.685079 0.00752246 0.0161059 0.00731013
1 0.597187 0.649279 0.0441517 0.0672382 0.00727882
4 0.724353 0.650014 0.0129732 0.020883 0.00715563
2 0.476259 0.362624 0.0117166 0.0169009 0.00714339
0 0.697165 0.651086 0.0168376 0.0194958 0.00707782
0 0.746644 0.650715 0.0138812 0.0184469 0.00701073
1 0.721233 0.64703 0.00949762 0.0222392 0.00692012
2 0.487312 0.366593 0.00710022 0.0110191 0.00691545
18 0.205912 0.798888 0.0194547 0.0684571 0.00685307
2 0.314446 0.454447 0.00926675 0.00886081 0.00675215
2 0.530594 0.348507 0.00962573 0.0164399 0.00642321
2 0.141126 0.523372 0.0111246 0.017372 0.00630964
4 0.260238 0.669685 0.0440928 0.046128 0.00629659
12 0.406668 0.591172 0.109759 0.0673432 0.00626516
7 0.293668 0.486019 0.00820392 0.0252202 0.0062291
2 0.478326 0.769686 0.331421 0.363123 0.00618335
2 0.152553 0.516326 0.0169139 0.016288 0.00616939
2 0.385642 0.371919 0.00999487 0.0150314 0.00606059
12 0.602764 0.654173 0.03408 0.0573313 0.00605544
2 0.137702 0.518491 0.00905141 0.0169595 0.00602114
7 0.152668 0.535497 0.0219499 0.049866 0.00598486
2 0.143312 0.517504 0.0124918 0.0177962 0.00597536
15 0.592207 0.635589 0.0335567 0.049448 0.00590628
2 0.535566 0.370207 0.0114531 0.00975255 0.00562772
14 0.27633 0.693165 0.0730475 0.0667508 0.00540973
6 0.962981 0.708327 0.0354695 0.0387455 0.00540008
1 0.61551 0.67951 0.00829773 0.0167979 0.00537356
1 0.96423 0.661666 0.010089 0.0218717 0.00527479
8 0.278742 0.648917 0.0172186 0.0150655 0.00520993
4 0.607843 0.657305 0.0228008 0.0634756 0.00519288
14 0.351642 0.642314 0.0239625 0.0374024 0.00519218
2 0.500943 0.38999 0.00860004 0.0186411 0.00508011
1 0.727078 0.536561 0.013769 0.019098 0.00501646
4 0.667043 0.630709 0.012131 0.0168463 0.0049695
2 0.527575 0.373941 0.01597 0.0188586 0.00480942
2 0.514407 0.397279 0.00840259 0.0212926 0.0048048
7 0.706851 0.642964 0.0138037 0.022989 0.00475498
7 0.727078 0.536561 0.013769 0.019098 0.00473672
2 0.546967 0.373659 0.0130153 0.0153833 0.00463646
6 0.351898 0.642506 0.023142 0.0351522 0.00462659
4 0.777003 0.674056 0.0114472 0.0162831 0.00457677
4 0.657705 0.641654 0.00904022 0.00992112 0.00450905
0 0.745407 0.659239 0.0200927 0.0157748 0.00447947
1 0.953305 0.664015 0.0279508 0.0168803 0.0044254
2 0.222474 0.534875 0.00857918 0.0113482 0.00438993
1 0.753561 0.650838 0.00824249 0.018795 0.00430639
4 0.292524 0.648937 0.0163351 0.0162651 0.00430063
2 0.547869 0.383564 0.0149863 0.0274405 0.00427824
2 0.13038 0.499273 0.0110797 0.0156626 0.00427039
2 0.506633 0.381186 0.00969727 0.0136464 0.00419316
4 0.621215 0.693462 0.0404056 0.0696171 0.00418861
2 0.241751 0.536218 0.00526395 0.0142146 0.00418777
4 0.289588 0.67158 0.0416272 0.0400708 0.00411124
4 0.621995 0.72357 0.046655 0.0814641 0.00406797
2 0.317728 0.469874 0.0143567 0.0277222 0.00404371
0 0.702106 0.659353 0.0228036 0.0121337 0.00395425
2 0.12931 0.511917 0.0125553 0.0296437 0.00388796
15 0.154771 0.605765 0.0793825 0.0509202 0.00388527
6 0.679805 0.66586 0.0539731 0.0259764 0.00388493
1 0.604467 0.654054 0.0309558 0.0575045 0.00386346
1 0.351898 0.642506 0.023142 0.0351522 0.0038273
7 0.721233 0.64703 0.00949762 0.0222392 0.00377307
4 0.970239 0.700039 0.0535405 0.0509615 0.00359652
1 0.815659 0.62751 0.0150647 0.0324021 0.00357821
4 0.112161 0.629438 0.0905853 0.120662 0.00356067
5 0.626184 0.701782 0.028479 0.0376412 0.00353063
7 0.769149 0.573048 0.0115849 0.0384988 0.00352472
1 0.667043 0.630709 0.012131 0.0168463 0.00352198
7 0.124073 0.513324 0.0149562 0.0298486 0.00348951
7 0.158359 0.435962 0.011945 0.0308141 0.00327445
1 0.592207 0.635589 0.0335567 0.049448 0.00323733
15 0.960961 0.693063 0.0400591 0.038684 0.00321147
6 0.958606 0.686355 0.0359565 0.0256478 0.00313337
4 0.159282 0.647632 0.0465397 0.0439373 0.00311768
8 0.625613 0.696544 0.0291303 0.045644 0.00311236
4 0.61551 0.67951 0.00829773 0.0167979 0.00308312
4 0.324219 0.68549 0.089064 0.0637919 0.00305914
2 0.496524 0.381665 0.00993848 0.0198827 0.0029833
4 0.252581 0.686473 0.0256354 0.0480334 0.00297292
4 0.304663 0.676242 0.0765219 0.0522148 0.00295283
1 0.706851 0.642964 0.0138037 0.022989 0.00292565
1 0.805306 0.601082 0.00886267 0.0203589 0.00291318
0 0.734943 0.658365 0.041887 0.0225434 0.00291195
15 0.679805 0.66586 0.0539731 0.0259764 0.00290195
0 0.278742 0.648917 0.0172186 0.0150655 0.00286381
8 0.291064 0.701697 0.0464717 0.0489991 0.00284107
1 0.746644 0.650715 0.0138812 0.0184469 0.0028309
7 0.241751 0.536218 0.00526395 0.0142146 0.00281512
4 0.321612 0.664925 0.0459038 0.0219938 0.00276885
4 0.150556 0.649959 0.0272907 0.043493 0.00275718
4 0.183353 0.620554 0.0964432 0.0294242 0.00275168
6 0.153095 0.605427 0.0858031 0.0460145 0.00274294
2 0.242028 0.540821 0.00548752 0.0144085 0.00272931
4 0.644182 0.685079 0.00752246 0.0161059 0.00272784
1 0.70561 0.647482 0.0118776 0.0210053 0.00269569
4 0.692498 0.703676 0.0983505 0.0690528 0.00267643
8 0.277908 0.703374 0.0598525 0.0502884 0.00266593
4 0.356806 0.645556 0.0332432 0.0497804 0.00263319
1 0.663139 0.636823 0.0135841 0.0160712 0.0025992
1 0.795023 0.605205 0.0150137 0.0217553 0.00259755
2 0.557462 0.39635 0.0113141 0.0170397 0.00255864
0 0.625842 0.694286 0.0257427 0.0382832 0.00255713
2 0.152668 0.535497 0.0219499 0.049866 0.00255628
4 0.780995 0.666309 0.0110303 0.0188792 0.00254695
2 0.760099 0.552339 0.0141758 0.0109221 0.00253878
22 0.840425 0.574932 0.073258 0.0595089 0.00253267
7 0.727356 0.541509 0.011348 0.0132072 0.00252913
24 0.947592 0.619645 0.101696 0.0771879 0.00252448
7 0.150259 0.538966 0.0285321 0.0643622 0.00251192
2 0.106885 0.452852 0.010884 0.0146429 0.00249462
4 0.719072 0.705052 0.10883 0.0677224 0.00247812
22 0.351642 0.642314 0.0239625 0.0374024 0.00246284
15 0.142242 0.602308 0.0584336 0.0391949 0.00244208
1 0.657705 0.641654 0.00904022 0.00992112 0.00243456
7 0.915663 0.637559 0.00830804 0.0185864 0.00241625
2 0.543112 0.350921 0.0081131 0.0205667 0.00238772
8 0.644182 0.685079 0.00752246 0.0161059 0.00238041
1 0.659184 0.630903 0.010105 0.017499 0.00233632
4 0.753538 0.693004 0.0531861 0.0403604 0.00229121
8 0.292524 0.648937 0.0163351 0.0162651 0.00227064
2 0.310192 0.476618 0.00979047 0.0128235 0.0022677
0 0.663139 0.636823 0.0135841 0.0160712 0.0022361
2 0.477243 0.326877 0.00949509 0.0140266 0.00220558
2 0.314868 0.491911 0.00933875 0.0128857 0.00220287
1 0.8162 0.636053 0.0120298 0.0286231 0.00219604
8 0.70561 0.647482 0.0118776 0.0210053 0.00218119
4 0.138349 0.640579 0.0903138 0.0587513 0.00216749
1 0.10882 0.572251 0.0122778 0.0216554 0.00216111
15 0.351898 0.642506 0.023142 0.0351522 0.00216106
2 0.427303 0.371579 0.00770612 0.0156646 0.00216082
6 0.747573 0.660222 0.017754 0.0154186 0.00206622
2 0.124073 0.513324 0.0149562 0.0298486 0.00205699
5 0.252516 0.682234 0.0264577 0.0345816 0.00203932
2 0.188909 0.423149 0.0101365 0.0141011 0.00203339
25 0.599402 0.649418 0.0421417 0.066532 0.00200941
3 0.625613 0.696544 0.0291303 0.045644 0.00199108
10 0.205356 0.796885 0.0210259 0.0673462 0.00197729
2 0.146143 0.500359 0.0148894 0.0191638 0.00197711
0 0.12931 0.511917 0.0125553 0.0296437 0.00195665
7 0.12931 0.511917 0.0125553 0.0296437 0.00195415
7 0.334828 0.530302 0.0117823 0.0122192 0.00195109
2 0.795023 0.605205 0.0150137 0.0217553 0.00194849
7 0.70561 0.647482 0.0118776 0.0210053 0.00191311
2 0.363101 0.371442 0.00801691 0.00939555 0.00187615
24 0.96641 0.616946 0.0648726 0.0748095 0.00186996
14 0.268827 0.703896 0.0416805 0.0435772 0.00186519
4 0.956736 0.672215 0.0334445 0.0235695 0.00185404
1 0.784443 0.606696 0.0106271 0.0198237 0.00183291
2 0.727356 0.541509 0.011348 0.0132072 0.0018264
4 0.663139 0.636823 0.0135841 0.0160712 0.00181048
25 0.184428 0.623902 0.0960326 0.0228263 0.00177652
4 0.640596 0.69064 0.0109916 0.0269975 0.00177481
2 0.130207 0.521876 0.0134208 0.0177821 0.0017648
3 0.205425 0.797814 0.0203351 0.0675994 0.00176227
4 0.675342 0.676163 0.0611107 0.0258084 0.00174092
7 0.927416 0.636343 0.00880518 0.0140435 0.00172533
7 0.703525 0.560637 0.0111743 0.0285725 0.00171216
1 0.7964 0.619397 0.0111906 0.0228637 0.00171208
4 0.96423 0.661666 0.010089 0.0218717 0.00170706
2 0.257184 0.542228 0.00740846 0.0119231 0.00169816
1 0.780995 0.666309 0.0110303 0.0188792 0.00165597
7 0.137702 0.518491 0.00905141 0.0169595 0.00164941
2 0.254064 0.536298 0.00659834 0.0148536 0.00163976
7 0.10882 0.572251 0.0122778 0.0216554 0.00163001
6 0.183353 0.620554 0.0964432 0.0294242 0.00162652
7 0.141126 0.523372 0.0111246 0.017372 0.00161993
7 0.476235 0.559366 0.00973444 0.0186363 0.001604
14 0.260238 0.669685 0.0440928 0.046128 0.00159858
7 0.396858 0.548339 0.0125683 0.0336381 0.00159432
15 0.263769 0.648399 0.0466408 0.0164978 0.00159404
4 0.260379 0.654699 0.044186 0.0317764 0.00157162
2 0.61551 0.67951 0.00829773 0.0167979 0.00157155
7 0.795023 0.605205 0.0150137 0.0217553 0.00157147
5 0.252575 0.668809 0.0287303 0.0336181 0.0015451
2 0.784443 0.606696 0.0106271 0.0198237 0.00154273
8 0.640596 0.69064 0.0109916 0.0269975 0.00154224
5 0.260238 0.669685 0.0440928 0.046128 0.00153622
12 0.40064 0.610046 0.117582 0.102317 0.00152766
5 0.745407 0.659239 0.0200927 0.0157748 0.00152749
7 0.784443 0.606696 0.0106271 0.0198237 0.00152656
1 0.0164536 0.978364 0.0316432 0.0420954 0.00152232
3 0.289644 0.701756 0.0425416 0.0485244 0.00152118
4 0.335035 0.646533 0.0155269 0.0224298 0.00151974
22 0.206859 0.799993 0.0184136 0.0662104 0.0015174
7 0.722852 0.535036 0.0117812 0.02274 0.00151718
4 0.609635 0.709162 0.0647759 0.0604507 0.00149425
4 0.702196 0.721936 0.0759949 0.104331 0.00148194
2 0.25413 0.506796 0.00608789 0.0181635 0.00146248
4 0.659184 0.630903 0.010105 0.017499 0.00145329
2 0.432816 0.367024 0.0114657 0.00978119 0.0014441
7 0.805306 0.601082 0.00886267 0.0203589 0.00143594
4 0.468768 0.675668 0.311786 0.184246 0.00142886
7 0.476442 0.501326 0.00937677 0.0208282 0.00142502
6 0.970239 0.700039 0.0535405 0.0509615 0.00142342
1 0.831844 0.61917 0.0433521 0.0274051 0.00141257
7 0.618354 0.56107 0.0103775 0.0253257 0.00141018
