4 0.300407 0.637252 0.165243 0.148662 0.950416
5 0.678824 0.620711 0.0719113 0.115165 0.923461
4 0.538553 0.572294 0.0554186 0.0650332 0.878508
14 0.770913 0.575003 0.0197703 0.0445028 0.795627
1 0.309569 0.48086 0.0283098 0.0788101 0.784377
0 0.684422 0.566234 0.039202 0.0781459 0.733152
4 0.701871 0.548105 0.0118027 0.0155241 0.507966
14 0.377785 0.594945 0.0266892 0.0372929 0.49509
8 0.590347 0.560246 0.0104302 0.0206277 0.37471
4 0.440333 0.566595 0.0301153 0.0272743 0.360336
1 0.454585 0.507165 0.00872961 0.0217868 0.287206
14 0.0296533 0.618022 0.0591297 0.0521037 0.264768
4 0.480131 0.534112 0.0375222 0.0223853 0.258034
14 0.850827 0.565306 0.0129905 0.0331823 0.24668
4 0.46679 0.547876 0.0158046 0.0299792 0.244988
4 0.469392 0.536163 0.0219383 0.0215469 0.244337
4 0.660196 0.550682 0.0105162 0.019378 0.242508
4 0.475716 0.545223 0.0340103 0.0370459 0.19439
4 0.679702 0.621705 0.0703302 0.1108 0.189341
0 0.589817 0.5582 0.0100089 0.0215033 0.179621
4 0.467102 0.554855 0.0149646 0.0201973 0.176265
1 0.503197 0.456738 0.0172196 0.0315815 0.157526
4 0.721766 0.549785 0.0114598 0.0214496 0.145471
14 0.416453 0.590835 0.0146486 0.0263516 0.138029
14 0.823034 0.594888 0.0168916 0.0627813 0.134954
8 0.735476 0.550917 0.00898029 0.0209292 0.131523
0 0.73971 0.550507 0.00853534 0.0213312 0.131409
1 0.643936 0.527252 0.00799463 0.0224991 0.13089
4 0.662806 0.55684 0.0112479 0.0212746 0.121438
4 0.931404 0.509238 0.0135911 0.0129074 0.120303
0 0.728976 0.548588 0.0109532 0.0223387 0.119064
4 0.66476 0.550119 0.0104379 0.0283498 0.116072
4 0.457737 0.549308 0.0323079 0.0305901 0.110512
1 0.475987 0.496235 0.0104091 0.00996833 0.110202
4 0.484118 0.54588 0.049536 0.0420964 0.108153
4 0.683269 0.563644 0.0416768 0.0726665 0.107337
8 0.73971 0.550507 0.00853534 0.0213312 0.0982793
14 0.825728 0.56408 0.0107028 0.0216211 0.0968303
4 0.628422 0.553555 0.0100936 0.0161574 0.0952883
5 0.721766 0.549785 0.0114598 0.0214496 0.0948638
0 0.721766 0.549785 0.0114598 0.0214496 0.0912704
12 0.0677433 0.550517 0.135415 0.204246 0.0898626
1 0.476345 0.506058 0.010292 0.0279569 0.089182
8 0.586848 0.560825 0.0144233 0.0209728 0.0886102
8 0.728976 0.548588 0.0109532 0.0223387 0.0873484
8 0.721766 0.549785 0.0114598 0.0214496 0.0867944
6 0.679292 0.621724 0.0717162 0.109054 0.0861105
4 0.660626 0.559345 0.0116541 0.0191913 0.0850578
4 0.449285 0.565864 0.0418058 0.0325365 0.0831966
8 0.734352 0.557788 0.00918604 0.0208393 0.0749383
8 0.741196 0.558825 0.0110177 0.0206192 0.072243
0 0.849997 0.528274 0.0121179 0.0359395 0.0708143
4 0.701601 0.556339 0.0139206 0.0291734 0.0680286
8 0.56258 0.56555 0.0122156 0.0305183 0.0677211
4 0.940797 0.510514 0.0281544 0.0141306 0.0661148
4 0.712856 0.549673 0.00841437 0.0195101 0.0634532
3 0.590347 0.560246 0.0104302 0.0206277 0.0623906
0 0.726973 0.538668 0.0091366 0.0222901 0.0615733
8 0.721703 0.555936 0.0110204 0.0221738 0.0608618
0 0.735476 0.550917 0.00898029 0.0209292 0.0603711
4 0.615418 0.554851 0.0133273 0.0155807 0.0599057
14 0.590347 0.560246 0.0104302 0.0206277 0.0548871
0 0.688065 0.609914 0.0489586 0.0991969 0.0523163
0 0.586772 0.559044 0.0137994 0.023645 0.0522491
22 0.168182 0.635225 0.0154428 0.0293612 0.0515696
8 0.634905 0.556027 0.0103521 0.017698 0.0512062
0 0.662806 0.55684 0.0112479 0.0212746 0.0509591
8 0.615689 0.55457 0.0145038 0.0170947 0.0499111
4 0.461231 0.53977 0.027468 0.0333904 0.0493908
4 0.449965 0.557029 0.0430648 0.0212379 0.048632
1 0.767948 0.492789 0.0158259 0.0167822 0.0481562
8 0.41663 0.589171 0.0119651 0.0253357 0.0471372
0 0.850081 0.516134 0.0112137 0.0148065 0.0461616
4 0.692739 0.548437 0.0209583 0.032745 0.0455548
1 0.454124 0.502038 0.00839417 0.0213262 0.0430088
8 0.631663 0.559103 0.0136462 0.0163723 0.0405784
4 0.559605 0.564806 0.014898 0.0437797 0.0404453
4 0.634905 0.556027 0.0103521 0.017698 0.0399016
0 0.559605 0.564806 0.014898 0.0437797 0.0393892
1 0.488331 0.506575 0.0129686 0.0291495 0.0385621
8 0.825728 0.56408 0.0107028 0.0216211 0.038528
8 0.620903 0.558139 0.0100522 0.0182115 0.0370755
0 0.512547 0.563049 0.00782196 0.0358071 0.0366606
4 0.512547 0.563049 0.00782196 0.0358071 0.0365294
8 0.628422 0.553555 0.0100936 0.0161574 0.0361931
14 0.735476 0.550917 0.00898029 0.0209292 0.0361187
4 0.631663 0.559103 0.0136462 0.0163723 0.035802
14 0.374226 0.582323 0.0314569 0.0445216 0.0341302
4 0.963887 0.515164 0.0125894 0.0113504 0.0339566
0 0.963887 0.515164 0.0125894 0.0113504 0.0328851
0 0.64368 0.551453 0.0102153 0.0186926 0.0319164
4 0.735476 0.550917 0.00898029 0.0209292 0.0299172
4 0.9343 0.511456 0.0191826 0.0182245 0.0296981
23 0.168643 0.635853 0.0158044 0.0297937 0.0285726
1 0.259218 0.48024 0.011275 0.0363107 0.0282729
4 0.64368 0.551453 0.0102153 0.0186926 0.0278738
4 0.882577 0.513609 0.0153538 0.012502 0.0274061
4 0.498457 0.541878 0.0244977 0.0355988 0.0269718
14 0.816176 0.594079 0.0266868 0.0586429 0.026627
4 0.88521 0.518484 0.0177352 0.0163704 0.0262471
14 0.840881 0.622422 0.0162842 0.0451963 0.0262376
8 0.168643 0.635853 0.0158044 0.0297937 0.0260293
8 0.963887 0.515164 0.0125894 0.0113504 0.0256821
1 0.553526 0.513354 0.00746716 0.0187254 0.0253465
8 0.612434 0.55591 0.0160065 0.0174757 0.0238225
14 0.811759 0.601544 0.0200582 0.0441366 0.0238078
4 0.64868 0.546795 0.00851032 0.0202489 0.0234906
14 0.466554 0.581942 0.0151855 0.0295963 0.023465
8 0.641116 0.559527 0.00826154 0.0146255 0.0226435
6 0.70709 0.524894 0.0173181 0.0168078 0.0224562
3 0.586848 0.560825 0.0144233 0.0209728 0.0223337
8 0.660626 0.559345 0.0116541 0.0191913 0.0220233
7 0.503052 0.456238 0.017957 0.0351643 0.0219575
5 0.590347 0.560246 0.0104302 0.0206277 0.0219566
8 0.712856 0.549673 0.00841437 0.0195101 0.021668
14 0.826394 0.55709 0.0103702 0.0311625 0.0214203
8 0.0933433 0.638633 0.0415983 0.0289098 0.0211894
3 0.466554 0.581942 0.0151855 0.0295963 0.0208783
0 0.74066 0.541547 0.00885907 0.0326417 0.0202676
0 0.634905 0.556027 0.0103521 0.017698 0.0198693
4 0.56256 0.558079 0.0132684 0.0292179 0.0196451
8 0.662806 0.55684 0.0112479 0.0212746 0.0195969
14 0.0679711 0.607847 0.0151611 0.0672856 0.0190326
1 0.70709 0.524894 0.0173181 0.0168078 0.018772
1 0.693851 0.514627 0.00889648 0.0217052 0.0187156
4 0.834797 0.517348 0.0255341 0.0245925 0.0187059
5 0.688065 0.609914 0.0489586 0.0991969 0.0185429
14 0.41258 0.590628 0.0154818 0.0256872 0.0185383
0 0.628422 0.553555 0.0100936 0.0161574 0.0184717
0 0.712856 0.549673 0.00841437 0.0195101 0.0177704
1 0.643835 0.520553 0.00891278 0.0206512 0.0176886
3 0.634905 0.556027 0.0103521 0.017698 0.017544
5 0.73971 0.550507 0.00853534 0.0213312 0.0174687
3 0.235205 0.605022 0.0155341 0.0229981 0.0173487
8 0.235205 0.605022 0.0155341 0.0229981 0.017241
8 0.701871 0.548105 0.0118027 0.0155241 0.017227
8 0.660196 0.550682 0.0105162 0.019378 0.0169353
8 0.559605 0.564806 0.014898 0.0437797 0.0168571
4 0.667875 0.537518 0.0115558 0.0182713 0.0164993
4 0.437721 0.557157 0.0225813 0.0195971 0.0164526
32 0.18969 0.600073 0.0262823 0.0159372 0.015868
1 0.473075 0.506495 0.0107285 0.0283025 0.0158414
4 0.848546 0.515953 0.0122504 0.0178887 0.0157327
0 0.660196 0.550682 0.0105162 0.019378 0.0156831
1 0.714099 0.519339 0.0103165 0.0183344 0.0152568
14 0.851161 0.576938 0.0119089 0.0256796 0.0148489
7 0.258694 0.479966 0.00939063 0.0358286 0.0148109
23 0.84107 0.627182 0.0147111 0.035268 0.0147711
1 0.449091 0.515815 0.014452 0.0194529 0.0147116
1 0.552107 0.525374 0.00894525 0.0211204 0.0146608
0 0.721703 0.555936 0.0110204 0.0221738 0.0146085
4 0.728976 0.548588 0.0109532 0.0223387 0.0144816
4 0.482084 0.528355 0.0420363 0.0200371 0.0142414
4 0.888245 0.515348 0.012405 0.0135571 0.0142393
8 0.512547 0.563049 0.00782196 0.0358071 0.0141705
3 0.56258 0.56555 0.0122156 0.0305183 0.0141694
5 0.963855 0.513482 0.0131323 0.0127213 0.0141604
3 0.615689 0.55457 0.0145038 0.0170947 0.0138784
14 0.757969 0.56377 0.0103108 0.019666 0.0137859
14 0.775894 0.579601 0.0283757 0.0387699 0.0136009
0 0.66476 0.550119 0.0104379 0.0283498 0.0132734
0 0.826526 0.514109 0.0103466 0.0181537 0.0132461
0 0.615689 0.55457 0.0145038 0.0170947 0.0131579
6 0.713236 0.524153 0.0115217 0.0128125 0.0131419
8 0.825749 0.592614 0.013316 0.0645669 0.0131175
8 0.826394 0.55709 0.0103702 0.0311625 0.0130245
4 0.56258 0.56555 0.0122156 0.0305183 0.0129537
8 0.849997 0.528274 0.0121179 0.0359395 0.0128521
3 0.735476 0.550917 0.00898029 0.0209292 0.0125041
1 0.629762 0.531321 0.0075882 0.0197751 0.0124983
4 0.74605 0.545437 0.0103751 0.0181206 0.012404
4 0.73971 0.550507 0.00853534 0.0213312 0.0122737
0 0.701871 0.548105 0.0118027 0.0155241 0.0122499
8 0.42387 0.573368 0.0188425 0.025323 0.0122011
8 0.438004 0.566615 0.0268678 0.0246081 0.0118713
0 0.612434 0.55591 0.0160065 0.0174757 0.0118199
4 0.5053 0.530399 0.0140728 0.0126859 0.0117181
14 0.372164 0.552467 0.035217 0.0774118 0.0116558
22 0.590347 0.560246 0.0104302 0.0206277 0.0111931
0 0.82312 0.534729 0.0125894 0.0547878 0.011122
12 0.372258 0.559244 0.034604 0.099899 0.010811
6 0.713876 0.528918 0.0122958 0.0187682 0.0107701
14 0.634905 0.556027 0.0103521 0.017698 0.0107343
14 0.213849 0.587885 0.0171767 0.0262966 0.0107215
8 0.64368 0.551453 0.0102153 0.0186926 0.0106138
1 0.766554 0.488929 0.0150798 0.0148646 0.0104072
14 0.850384 0.548878 0.0130968 0.0602608 0.0102545
3 0.460672 0.57881 0.0206379 0.0294879 0.0102391
3 0.963887 0.515164 0.0125894 0.0113504 0.0102316
14 0.73971 0.550507 0.00853534 0.0213312 0.0101473
8 0.467104 0.55642 0.0163355 0.0251844 0.0101147
1 0.263748 0.480524 0.0204734 0.0340896 0.0101078
4 0.924369 0.507423 0.0147585 0.01179 0.00998903
4 0.455071 0.537462 0.0318397 0.0379837 0.00998183
4 0.884158 0.529061 0.0196356 0.0354746 0.00991527
0 0.56256 0.558079 0.0132684 0.0292179 0.00986247
8 0.231423 0.618009 0.0242223 0.046098 0.00985745
14 0.963855 0.513482 0.0131323 0.0127213 0.00981939
4 0.659524 0.538514 0.00966711 0.0195094 0.0097564
5 0.662806 0.55684 0.0112479 0.0212746 0.00974831
8 0.466554 0.581942 0.0151855 0.0295963 0.00970387
5 0.728976 0.548588 0.0109532 0.0223387 0.00967668
25 0.713876 0.528918 0.0122958 0.0187682 0.00964509
14 0.438004 0.566615 0.0268678 0.0246081 0.00952277
4 0.869558 0.517309 0.0408388 0.024253 0.00949352
32 0.466554 0.581942 0.0151855 0.0295963 0.00947112
14 0.615689 0.55457 0.0145038 0.0170947 0.00944242
14 0.832848 0.597832 0.0280148 0.0649473 0.00933451
8 0.850081 0.516134 0.0112137 0.0148065 0.00931308
4 0.641116 0.559527 0.00826154 0.0146255 0.00931222
8 0.56256 0.558079 0.0132684 0.0292179 0.00920467
4 0.826526 0.514109 0.0103466 0.0181537 0.00915055
12 0.70709 0.524894 0.0173181 0.0168078 0.00908053
3 0.631663 0.559103 0.0136462 0.0163723 0.0090487
14 0.848572 0.532347 0.0129974 0.0404497 0.00902192
3 0.741196 0.558825 0.0110177 0.0206192 0.00900394
5 0.628422 0.553555 0.0100936 0.0161574 0.00898186
5 0.631663 0.559103 0.0136462 0.0163723 0.00897086
3 0.467104 0.55642 0.0163355 0.0251844 0.00874826
14 0.0483282 0.61599 0.0477476 0.0498268 0.00865423
3 0.620903 0.558139 0.0100522 0.0182115 0.00857766
1 0.713236 0.524153 0.0115217 0.0128125 0.00855345
1 0.713876 0.528918 0.0122958 0.0187682 0.00849701
4 0.612434 0.55591 0.0160065 0.0174757 0.00847931
0 0.734352 0.557788 0.00918604 0.0208393 0.00843845
0 0.467102 0.554855 0.0149646 0.0201973 0.00836517
25 0.486077 0.531876 0.0445589 0.0178539 0.00830427
3 0.231423 0.618009 0.0242223 0.046098 0.00828172
3 0.416453 0.590835 0.0146486 0.0263516 0.00825088
3 0.721766 0.549785 0.0114598 0.0214496 0.0081617
6 0.696048 0.534253 0.0144865 0.0282729 0.00815182
1 0.709851 0.518904 0.0127019 0.0174969 0.00811235
4 0.507125 0.552687 0.0152235 0.0496412 0.0080959
5 0.615418 0.554851 0.0133273 0.0155807 0.00807432
4 0.688065 0.609914 0.0489586 0.0991969 0.00805975
0 0.826828 0.534477 0.0169992 0.0552328 0.00789948
0 0.8229 0.515555 0.0117429 0.0193842 0.00789542
4 0.950993 0.512423 0.00994116 0.013881 0.00788133
4 0.519221 0.557357 0.0163462 0.0310349 0.00788002
14 0.82312 0.534729 0.0125894 0.0547878 0.00783981
14 0.91667 0.660993 0.03835 0.117643 0.00779023
14 0.460672 0.57881 0.0206379 0.0294879 0.00771693
14 0.201001 0.589439 0.0420552 0.0301015 0.00761111
0 0.701601 0.556339 0.0139206 0.0291734 0.00760881
4 0.8229 0.515555 0.0117429 0.0193842 0.00755416
42 0.486077 0.531876 0.0445589 0.0178539 0.00753386
32 0.0918609 0.638047 0.0438402 0.0325072 0.00753265
32 0.178591 0.598623 0.0185453 0.0191942 0.00747933
14 0.841798 0.612271 0.0236409 0.065745 0.00745765
7 0.454585 0.507165 0.00872961 0.0217868 0.00737871
5 0.770913 0.575003 0.0197703 0.0445028 0.00736145
0 0.850384 0.548878 0.0130968 0.0602608 0.00733924
4 0.590304 0.559797 0.00991657 0.0214405 0.00728998
0 0.713876 0.528918 0.0122958 0.0187682 0.00728232
8 0.104151 0.637785 0.0203679 0.0297459 0.00726003
7 0.553526 0.513354 0.00746716 0.0187254 0.007221
8 0.429983 0.583877 0.0267843 0.0228576 0.00721322
4 0.42387 0.573368 0.0188425 0.025323 0.00700848
4 0.465483 0.52985 0.0320853 0.0269987 0.00694147
0 0.682122 0.540671 0.0268721 0.0299214 0.00688296
5 0.741196 0.558825 0.0110177 0.0206192 0.00673554
5 0.559605 0.564806 0.014898 0.0437797 0.00663014
5 0.439403 0.563071 0.0269274 0.0190155 0.00658834
14 0.823436 0.55126 0.0121558 0.037707 0.00654194
0 0.519221 0.557357 0.0163462 0.0310349 0.00651115
14 0.64368 0.551453 0.0102153 0.0186926 0.00649902
4 0.721703 0.555936 0.0110204 0.0221738 0.0064684
3 0.734352 0.557788 0.00918604 0.0208393 0.00641381
0 0.692739 0.548437 0.0209583 0.032745 0.00638252
4 0.31001 0.48121 0.0264835 0.0797631 0.0063527
4 0.596066 0.547744 0.0106515 0.0209981 0.00633595
0 0.41663 0.589171 0.0119651 0.0253357 0.00624816
1 0.7465 0.468296 0.010207 0.0269896 0.00624064
4 0.726973 0.538668 0.0091366 0.0222901 0.00621392
0 0.56258 0.56555 0.0122156 0.0305183 0.00614782
0 0.0686795 0.602275 0.0159111 0.067433 0.00614055
3 0.73971 0.550507 0.00853534 0.0213312 0.00613923
14 0.789562 0.584014 0.0140438 0.0382498 0.00610483
14 0.721766 0.549785 0.0114598 0.0214496 0.00607178
14 0.104151 0.637785 0.0203679 0.0297459 0.00603417
4 0.620903 0.558139 0.0100522 0.0182115 0.00601784
4 0.696048 0.534253 0.0144865 0.0282729 0.00598695
5 0.701871 0.548105 0.0118027 0.0155241 0.00597362
5 0.721703 0.555936 0.0110204 0.0221738 0.00595544
14 0.628422 0.553555 0.0100936 0.0161574 0.00594382
3 0.104151 0.637785 0.0203679 0.0297459 0.00592386
1 0.113948 0.471161 0.0151333 0.0174046 0.00589622
14 0.168684 0.635341 0.0158092 0.0307769 0.00588895
3 0.61069 0.5585 0.0179488 0.0180618 0.0057693
14 0.849841 0.595135 0.0361175 0.111889 0.00576489
1 0.690823 0.498947 0.00833948 0.0182784 0.00576118
14 0.181108 0.593119 0.0264944 0.0303077 0.00574336
5 0.512547 0.563049 0.00782196 0.0358071 0.00570516
0 0.950993 0.512423 0.00994116 0.013881 0.00565371
5 0.884158 0.529061 0.0196356 0.0354746 0.00560361
5 0.634905 0.556027 0.0103521 0.017698 0.00559204
4 0.713236 0.524153 0.0115217 0.0128125 0.00549925
0 0.826394 0.55709 0.0103702 0.0311625 0.00541239
8 0.847873 0.565438 0.0174678 0.0332647 0.00539535
5 0.735476 0.550917 0.00898029 0.0209292 0.0053236
