1 0.873492 0.406223 0.0473616 0.066701 0.864318
1 0.492114 0.719686 0.0180439 0.0215521 0.738126
1 0.580001 0.728248 0.0122109 0.0426849 0.697221
4 0.42774 0.770919 0.0411692 0.0415748 0.688346
1 0.275224 0.673672 0.033947 0.0340879 0.634441
7 0.374047 0.436177 0.0194279 0.0531699 0.632088
7 0.317711 0.450205 0.0223792 0.0612058 0.629645
4 0.327336 0.771035 0.0397365 0.0378917 0.629147
4 0.226027 0.763132 0.0346519 0.0397283 0.584686
7 0.218904 0.446246 0.0216534 0.0673651 0.58019
4 0.902135 0.803481 0.0806061 0.057346 0.548895
7 0.277899 0.439818 0.0207506 0.0391995 0.498078
4 0.605871 0.756038 0.0263869 0.0173437 0.419515
1 0.538439 0.732384 0.00967035 0.019812 0.414707
4 0.456318 0.768349 0.0249443 0.0235576 0.399882
4 0.484945 0.758569 0.0203252 0.0209075 0.35823
4 0.168147 0.767106 0.0353343 0.0334516 0.325709
1 0.500909 0.692876 0.02524 0.0243136 0.299791
4 0.272834 0.749375 0.0320652 0.0238191 0.287577
4 0.250376 0.76838 0.0255704 0.0318984 0.17465
4 0.664899 0.762096 0.0296165 0.0162514 0.173036
4 0.704633 0.758469 0.0350369 0.0283303 0.170531
4 0.716283 0.76093 0.0273974 0.0252665 0.163315
7 0.354335 0.439489 0.0218178 0.0470244 0.152391
4 0.579121 0.755544 0.0122479 0.0126913 0.149952
4 0.135064 0.770043 0.0368351 0.0351506 0.124451
1 0.00645908 0.718535 0.0128095 0.0262351 0.121685
4 0.749536 0.758882 0.0382651 0.0304349 0.1196
4 0.0744134 0.764781 0.0464868 0.0402358 0.107177
4 0.669936 0.764113 0.0385834 0.0187216 0.104823
4 0.156253 0.768622 0.0350388 0.0343858 0.0977297
4 0.10303 0.763134 0.0481675 0.044847 0.0940221
4 0.181272 0.762248 0.0559512 0.0417434 0.0903958
4 0.553134 0.757359 0.0133717 0.0113071 0.0897106
4 0.120697 0.769179 0.049998 0.0368444 0.0881338
4 0.657964 0.760451 0.0236886 0.0172008 0.087004
4 0.0637108 0.770288 0.0627054 0.0465981 0.0818133
4 0.661059 0.764389 0.0237988 0.0170273 0.0802805
1 0.506561 0.743115 0.00772147 0.0171241 0.0755581
4 0.194394 0.765557 0.0318961 0.0326937 0.0731953
4 0.303918 0.75492 0.0185592 0.0116104 0.0729402
4 0.450447 0.770112 0.0190022 0.0325994 0.0728438
4 0.0920381 0.760023 0.0461597 0.0410383 0.0696763
4 0.0499302 0.773462 0.0477729 0.042618 0.0560891
7 0.245065 0.426082 0.0266328 0.0533543 0.0554816
4 0.359311 0.745661 0.0200606 0.0172316 0.0547942
4 0.505835 0.748713 0.00802112 0.0110701 0.0546825
7 0.735652 0.717502 0.0166731 0.0166702 0.05047
1 0.331985 0.733309 0.0113921 0.0201105 0.0495411
7 0.325156 0.439303 0.0331527 0.0719813 0.0485371
4 0.305212 0.761323 0.0231915 0.0204895 0.0485085
1 0.494939 0.695155 0.0269074 0.0254896 0.0467087
4 0.299584 0.751645 0.0202843 0.0184084 0.0454079
4 0.271741 0.76247 0.0340314 0.0368318 0.0448419
1 0.507806 0.745619 0.00955911 0.0095675 0.0446295
1 0.330875 0.724455 0.00886594 0.0169858 0.0443029
1 0.492046 0.725495 0.0154044 0.0198303 0.0429564
4 0.260637 0.769501 0.0295651 0.03248 0.0406028
1 0.189316 0.680207 0.0274362 0.0677116 0.0367092
7 0.342043 0.43994 0.0350908 0.0458586 0.0364229
4 0.62541 0.755497 0.0140086 0.0181785 0.0358335
7 0.28006 0.430207 0.0233119 0.0589052 0.0352171
4 0.57513 0.757506 0.0168567 0.0143699 0.0344428
4 0.312991 0.74949 0.0169835 0.0159824 0.03411
1 0.238691 0.726607 0.0220927 0.0222428 0.034094
1 0.273391 0.683005 0.036767 0.0526712 0.0286846
4 0.0888314 0.73335 0.0343007 0.034379 0.0284041
4 0.473978 0.759354 0.0135334 0.0198534 0.0273585
1 0.53825 0.726906 0.0101491 0.0208063 0.0270655
4 0.336125 0.748923 0.0172395 0.0142408 0.0266849
4 0.344846 0.764892 0.0170086 0.0235231 0.0263345
7 0.23469 0.422962 0.0267209 0.0672529 0.0261344
4 0.168428 0.756773 0.0342213 0.0290038 0.0260829
1 0.735652 0.717502 0.0166731 0.0166702 0.0257345
4 0.360087 0.741644 0.0156915 0.0181036 0.0257083
7 0.272654 0.43582 0.0299866 0.0485451 0.025278
4 0.23839 0.734157 0.0251754 0.0245202 0.0250045
4 0.106072 0.75412 0.0683842 0.0586865 0.024514
1 0.41117 0.746842 0.0071391 0.010626 0.0240814
7 0.33806 0.427809 0.0354445 0.0567834 0.0234098
6 0.857012 0.758447 0.0471586 0.0497372 0.0223218
7 0.362637 0.432654 0.0347351 0.0610583 0.0217224
4 0.418881 0.771475 0.0282994 0.0347155 0.0212812
7 0.240959 0.422554 0.0164463 0.0509774 0.0211255
6 0.023908 0.761352 0.0464755 0.0629744 0.0207417
7 0.279326 0.448518 0.0224731 0.0586864 0.0206953
4 0.45908 0.779569 0.0343644 0.042092 0.0206847
4 0.128527 0.759998 0.0435329 0.0461841 0.0203352
4 0.436162 0.749075 0.013098 0.0133428 0.0199443
7 0.731252 0.725414 0.00732141 0.021879 0.0198707
4 0.367351 0.738799 0.0149898 0.0167728 0.0184457
4 0.495684 0.757837 0.0138094 0.0165196 0.0184172
7 0.223262 0.433062 0.0293146 0.091782 0.0180413
4 0.377798 0.746558 0.0102319 0.0153299 0.0178739
4 0.0963773 0.809723 0.0349297 0.0599373 0.0177993
4 0.606535 0.760913 0.0283868 0.0241049 0.0175865
4 0.215182 0.765816 0.046891 0.0399933 0.0172304
7 0.283373 0.435509 0.0281996 0.0408128 0.0172025
1 0.408769 0.743329 0.00974802 0.0166365 0.0169501
1 0.468482 0.736972 0.00643668 0.0118375 0.0168493
1 0.415326 0.740536 0.0108359 0.016376 0.0167558
7 0.301426 0.424947 0.0261448 0.0435788 0.0167062
7 0.720609 0.719234 0.00885785 0.0251067 0.0163523
12 0.580657 0.730761 0.0137563 0.041441 0.0157777
4 0.0346859 0.766856 0.058585 0.0563133 0.0155778
4 0.434222 0.730073 0.0116893 0.0138493 0.0155258
4 0.451775 0.730413 0.00983789 0.0122961 0.0149419
7 0.28908 0.425593 0.0367994 0.0492137 0.0148812
4 0.803009 0.788371 0.0212774 0.0155822 0.0139982
7 0.303621 0.434628 0.0237936 0.0349987 0.0139039
14 0.0959605 0.810455 0.0337229 0.0594125 0.0135039
1 0.087148 0.722281 0.0286744 0.0179502 0.0130634
1 0.506691 0.702356 0.0130683 0.0184964 0.0129805
4 0.087148 0.722281 0.0286744 0.0179502 0.0127299
4 0.44003 0.729267 0.00986359 0.0128777 0.0125381
4 0.70636 0.749055 0.0309296 0.0320605 0.0124766
7 0.307053 0.448237 0.0272315 0.0606936 0.0119769
1 0.451775 0.730413 0.00983789 0.0122961 0.011598
1 0.770076 0.697959 0.0320979 0.0161945 0.0109445
4 0.46139 0.789213 0.0393622 0.0540588 0.0109175
4 0.40191 0.760194 0.014706 0.0168074 0.0108293
1 0.28664 0.726579 0.014986 0.0226349 0.010803
4 0.377494 0.739775 0.0108721 0.0118566 0.0106059
4 0.864358 0.793391 0.0391964 0.0325591 0.0103532
1 0.237752 0.705894 0.0197641 0.0289435 0.010316
1 0.377494 0.739775 0.0108721 0.0118566 0.0101194
4 0.224008 0.740418 0.0251073 0.0173877 0.0099624
4 0.286501 0.730702 0.0159006 0.0176819 0.00992425
4 0.642598 0.760974 0.0231487 0.0168194 0.00991059
4 0.598501 0.761318 0.023191 0.0231761 0.00982471
2 0.120938 0.516233 0.0100892 0.0142263 0.00970541
1 0.314754 0.740573 0.011814 0.0165398 0.00947664
4 0.0371256 0.776333 0.0490981 0.0421264 0.00947438
1 0.405156 0.717414 0.00660794 0.0110175 0.00946188
12 0.538439 0.732384 0.00967035 0.019812 0.00886013
4 0.578084 0.76273 0.0114362 0.0204366 0.00882613
1 0.338197 0.73705 0.0156273 0.0156104 0.00878525
4 0.503798 0.764132 0.00752017 0.0199103 0.00875407
1 0.0949717 0.695847 0.0139044 0.0290273 0.00861726
1 0.505835 0.748713 0.00802112 0.0110701 0.00853351
7 0.357293 0.453623 0.0261537 0.053464 0.00840322
1 0.466916 0.720706 0.00873029 0.00885211 0.00839028
4 0.0724743 0.747696 0.0604147 0.0682184 0.00813512
1 0.567071 0.400859 0.0368564 0.0602636 0.00810796
1 0.186032 0.616775 0.0584216 0.0615632 0.00797727
1 0.23998 0.701325 0.0152125 0.0285985 0.00795725
1 0.327911 0.699795 0.0107347 0.0281035 0.00791464
4 0.106432 0.776839 0.0399022 0.0378358 0.00773076
1 0.589881 0.741023 0.00801996 0.0181605 0.00772549
15 0.0280958 0.761497 0.0554787 0.0651998 0.00735281
1 0.360087 0.741644 0.0156915 0.0181036 0.00723509
1 0.439592 0.720919 0.0091528 0.0109563 0.00717028
15 0.484945 0.758569 0.0203252 0.0209075 0.00669929
4 0.7834 0.792984 0.0465699 0.0298924 0.00669623
1 0.239439 0.734243 0.0256316 0.027549 0.00656865
2 0.567373 0.401117 0.0382121 0.0616203 0.00654255
4 0.646921 0.764225 0.0225106 0.0183926 0.00639815
6 0.0888314 0.73335 0.0343007 0.034379 0.00627156
7 0.236497 0.434112 0.020293 0.0520264 0.00624025
4 0.715702 0.768909 0.0276978 0.0305376 0.00618749
1 0.438926 0.712385 0.0123006 0.0138304 0.00616802
1 0.478659 0.73609 0.00744577 0.00770998 0.00609246
6 0.888639 0.7843 0.0986541 0.0665466 0.00595981
7 0.350883 0.447644 0.0220458 0.0464909 0.00593568
2 0.117966 0.553198 0.00965586 0.0152557 0.00591661
1 0.434222 0.730073 0.0116893 0.0138493 0.00583103
6 0.580657 0.730761 0.0137563 0.041441 0.00581861
1 0.435494 0.720307 0.014317 0.0112778 0.00573815
6 0.702808 0.756247 0.0324985 0.0318126 0.00546362
6 0.182279 0.732023 0.0527379 0.0264944 0.00536072
1 0.50596 0.716673 0.00686432 0.0142319 0.00516945
4 0.410029 0.748559 0.0103489 0.0112905 0.00515317
1 0.353779 0.724351 0.0195878 0.0207574 0.00514194
4 0.023908 0.761352 0.0464755 0.0629744 0.00496487
4 0.18085 0.742486 0.0557143 0.046487 0.00489011
1 0.516606 0.740897 0.00780963 0.0155607 0.00481612
6 0.182872 0.752455 0.0517952 0.0492941 0.00469599
4 0.468482 0.736972 0.00643668 0.0118375 0.00467033
6 0.106072 0.75412 0.0683842 0.0586865 0.00466798
6 0.0992252 0.764667 0.0502114 0.0450937 0.00462353
1 0.489426 0.702632 0.020667 0.0218726 0.00450033
1 0.48473 0.751851 0.0132192 0.01686 0.0044929
4 0.300851 0.763803 0.0251889 0.0326075 0.00449032
7 0.250489 0.439838 0.0273035 0.0428148 0.00439305
4 0.41117 0.746842 0.0071391 0.010626 0.00438387
2 0.154072 0.617748 0.00787477 0.0181879 0.00434897
1 0.731252 0.725414 0.00732141 0.021879 0.0042993
2 0.119073 0.558634 0.00879687 0.0167884 0.00426231
7 0.328349 0.422369 0.0374839 0.0720698 0.00424715
4 0.459878 0.745283 0.00963684 0.0104539 0.00423883
6 0.877535 0.760357 0.0872932 0.0721299 0.00417116
1 0.913347 0.741831 0.0133076 0.0186416 0.00411724
15 0.0888314 0.73335 0.0343007 0.034379 0.00405911
1 0.45741 0.723881 0.00884653 0.0146633 0.00405702
1 0.44003 0.729267 0.00986359 0.0128777 0.00405448
1 0.106268 0.699664 0.0118773 0.032553 0.00401223
15 0.360087 0.741644 0.0156915 0.0181036 0.00393723
4 0.311891 0.742084 0.0137707 0.0185069 0.0038804
7 0.245655 0.452761 0.0253009 0.0398302 0.00382339
4 0.540076 0.750962 0.0101165 0.0107625 0.00378981
5 0.0962703 0.810394 0.0350061 0.0593884 0.00375193
12 0.949906 0.729338 0.0545461 0.0477752 0.0036321
1 0.780505 0.73576 0.0201685 0.0154249 0.00362724
6 0.239439 0.734243 0.0256316 0.027549 0.00359309
15 0.0724743 0.747696 0.0604147 0.0682184 0.00358854
4 0.81674 0.788978 0.0301138 0.0182955 0.00353293
4 0.390696 0.748386 0.0136892 0.0122533 0.00348864
7 0.317427 0.469785 0.0238877 0.090312 0.00346312
6 0.273547 0.750363 0.0324926 0.0274389 0.00346233
4 0.245084 0.73875 0.035065 0.0257008 0.00339889
4 0.528657 0.750301 0.00865247 0.0101156 0.00337402
4 0.25191 0.776291 0.0292843 0.0420091 0.00335612
4 0.800824 0.76937 0.052025 0.0433035 0.00332312
6 0.0759042 0.764688 0.0456452 0.0418236 0.00331466
7 0.381175 0.43933 0.0279925 0.0485688 0.00324283
4 0.552065 0.760383 0.0188407 0.0178123 0.00322383
1 0.841139 0.756265 0.0151794 0.0453723 0.00318181
4 0.605551 0.745203 0.0183241 0.0208525 0.00315062
1 0.378841 0.715259 0.00819391 0.0207022 0.00307778
6 0.751329 0.760433 0.039087 0.0286774 0.00305838
15 0.505835 0.748713 0.00802112 0.0110701 0.00294767
4 0.38375 0.745496 0.00869009 0.0133862 0.00289452
7 0.374226 0.453777 0.0202877 0.0873577 0.00286536
4 0.0181079 0.775793 0.0342002 0.0433367 0.00285533
1 0.320257 0.723656 0.0112538 0.021622 0.00281875
1 0.421067 0.719541 0.00867035 0.00967029 0.00280754
1 0.750905 0.760376 0.0367927 0.0270845 0.00279909
2 0.111352 0.554372 0.0128407 0.016544 0.00277938
4 0.803798 0.778778 0.057373 0.02917 0.00276671
4 0.478659 0.73609 0.00744577 0.00770998 0.00274767
4 0.738113 0.75683 0.02216 0.0322778 0.00272209
6 0.0724743 0.747696 0.0604147 0.0682184 0.00268579
2 0.121043 0.529558 0.0121973 0.0407584 0.00268123
4 0.826476 0.78994 0.0360952 0.0279825 0.00266899
1 0.97259 0.755045 0.0101404 0.0177071 0.0026251
4 0.48473 0.751851 0.0132192 0.01686 0.00256738
1 0.459878 0.745283 0.00963684 0.0104539 0.00256501
1 0.0551611 0.719259 0.0176141 0.0181053 0.0025365
4 0.795066 0.782143 0.0545597 0.0286448 0.00251576
4 0.482782 0.768631 0.0199478 0.0335839 0.00250138
4 0.63543 0.753792 0.0166511 0.0208835 0.00249518
1 0.38375 0.745496 0.00869009 0.0133862 0.00246512
6 0.0346859 0.766856 0.058585 0.0563133 0.00244546
6 0.0862354 0.759203 0.04126 0.037636 0.00244506
4 0.555115 0.763806 0.0137858 0.0185312 0.00243834
4 0.572643 0.763201 0.0182561 0.0197135 0.00243259
1 0.103711 0.712166 0.0114353 0.0252593 0.00242084
4 0.616294 0.745923 0.0162844 0.0219794 0.00241966
4 0.933926 0.775319 0.0871926 0.0520069 0.0023966
4 0.506561 0.743115 0.00772147 0.0171241 0.00238516
1 0.156372 0.725181 0.0149077 0.0180395 0.00237827
4 0.187071 0.724359 0.0281839 0.0162459 0.00235712
4 0.478034 0.788972 0.0231522 0.0539277 0.0023491
6 0.918276 0.765046 0.059476 0.0291999 0.00232998
15 0.48473 0.751851 0.0132192 0.01686 0.00231074
4 0.314754 0.740573 0.011814 0.0165398 0.0023098
4 0.415326 0.740536 0.0108359 0.016376 0.00229367
1 0.507317 0.697421 0.0235447 0.0261156 0.0022929
4 0.338197 0.73705 0.0156273 0.0156104 0.0022641
1 0.246057 0.680338 0.0134588 0.0197903 0.00225865
7 0.253606 0.681501 0.00829547 0.0202001 0.00223775
15 0.377494 0.739775 0.0108721 0.0118566 0.00222405
12 0.239439 0.734243 0.0256316 0.027549 0.00221757
1 0.429252 0.704417 0.00755734 0.0139172 0.002199
4 0.482369 0.778877 0.0175539 0.0410903 0.00218987
2 0.10994 0.558783 0.0112991 0.0168164 0.00217729
6 0.189316 0.680207 0.0274362 0.0677116 0.00215939
4 0.858328 0.797102 0.0273842 0.0333018 0.00214674
4 0.182279 0.732023 0.0527379 0.0264944 0.00213582
6 0.579121 0.755544 0.0122479 0.0126913 0.0021319
6 0.0654733 0.761013 0.069514 0.0566155 0.00211943
4 0.850421 0.788514 0.033533 0.0306973 0.00207577
6 0.272465 0.744299 0.0332662 0.0260614 0.00207289
4 0.208103 0.777908 0.0384236 0.0341411 0.00205245
2 0.0780101 0.498914 0.0141873 0.0156577 0.00204832
7 0.00645908 0.718535 0.0128095 0.0262351 0.0020436
2 0.97259 0.755045 0.0101404 0.0177071 0.00202285
1 0.579121 0.755544 0.0122479 0.0126913 0.00201053
6 0.505835 0.748713 0.00802112 0.0110701 0.00200723
7 0.273847 0.421216 0.0272043 0.0631288 0.00198326
4 0.786977 0.760778 0.0841169 0.0492989 0.00198075
1 0.368924 0.719827 0.00726846 0.0200799 0.00197216
7 0.31344 0.478836 0.0237946 0.0812833 0.00192795
4 0.14213 0.77519 0.0434697 0.0354215 0.00189339
4 0.239614 0.776162 0.0454676 0.0453185 0.0018733
4 0.746354 0.771305 0.0435266 0.0374527 0.00186058
4 0.828298 0.768351 0.0314308 0.0301929 0.00186027
1 0.352701 0.706042 0.0152729 0.0242689 0.00185787
1 0.311891 0.742084 0.0137707 0.0185069 0.00185399
1 0.887666 0.763448 0.0209813 0.0266475 0.00179372
1 0.720609 0.719234 0.00885785 0.0251067 0.0017912
4 0.774056 0.790894 0.0314838 0.0319183 0.00178739
6 0.245084 0.73875 0.035065 0.0257008 0.00177812
15 0.04704 0.768571 0.0435593 0.0503462 0.00176747
15 0.239439 0.734243 0.0256316 0.027549 0.00176428
6 0.04704 0.768571 0.0435593 0.0503462 0.00172485
2 0.113467 0.552089 0.0103218 0.0170465 0.00172358
4 0.0809764 0.729426 0.0422889 0.0364552 0.00172229
4 0.780224 0.768906 0.0618653 0.0472424 0.00172044
7 0.121043 0.529558 0.0121973 0.0407584 0.00171857
