4 0.157647 0.663662 0.311343 0.262186 0.947427
4 0.852597 0.597771 0.193289 0.212564 0.925678
4 0.41253 0.585843 0.103334 0.114616 0.922396
4 0.0373612 0.632783 0.0741507 0.119173 0.836883
4 0.620617 0.550621 0.0444855 0.0520137 0.775384
4 0.464125 0.570316 0.0464211 0.0832734 0.762212
4 0.503218 0.547871 0.0337312 0.0388946 0.637971
4 0.730163 0.54897 0.0627985 0.0653012 0.489946
4 0.712529 0.516357 0.0223182 0.0183036 0.190305
4 0.59714 0.546892 0.018357 0.0441574 0.0918526
0 0.554175 0.551021 0.00892902 0.0179389 0.0822067
4 0.705362 0.555138 0.0736689 0.0546022 0.0690875
4 0.527892 0.544112 0.0113012 0.0278456 0.0649741
4 0.715241 0.521672 0.0300795 0.0265828 0.0648711
2 0.892577 0.223761 0.0117638 0.017733 0.0617401
4 0.758934 0.557523 0.0414516 0.0528542 0.0582038
4 0.678061 0.535778 0.0141013 0.0178264 0.0500532
4 0.753365 0.521109 0.0261694 0.0260617 0.0484961
0 0.597712 0.556714 0.0161155 0.044119 0.0461944
4 0.551968 0.542987 0.012384 0.0221112 0.0395028
2 0.890773 0.221329 0.0106629 0.0164623 0.0394162
4 0.694253 0.509696 0.0168558 0.0141213 0.0387377
4 0.534588 0.537202 0.0113309 0.0199011 0.0377846
4 0.747301 0.552816 0.0568201 0.0578687 0.0347676
0 0.59714 0.546892 0.018357 0.0441574 0.0340114
4 0.56626 0.531616 0.0108263 0.0160098 0.0339558
2 0.789159 0.00984964 0.0216383 0.0196993 0.0334296
4 0.681114 0.546941 0.0306451 0.0385159 0.030934
2 0.89243 0.21907 0.0113207 0.0168919 0.0266391
4 0.554175 0.551021 0.00892902 0.0179389 0.0263738
4 0.689125 0.525864 0.0267333 0.0323575 0.0245659
4 0.595085 0.539126 0.0219748 0.04136 0.0232695
4 0.559298 0.535989 0.0194657 0.0203703 0.0208766
0 0.559193 0.549019 0.00935278 0.0230666 0.0207649
2 0.92111 0.150367 0.0207081 0.0236521 0.0203665
8 0.554175 0.551021 0.00892902 0.0179389 0.0184348
4 0.674217 0.536859 0.0182822 0.0185077 0.0171752
22 0.707715 0.575209 0.0105034 0.0387155 0.0170184
0 0.553218 0.558052 0.00818134 0.0255942 0.0169257
0 0.590612 0.546316 0.0134116 0.0376601 0.0166818
4 0.545173 0.548526 0.00921344 0.0256595 0.0166042
4 0.56267 0.54145 0.0130307 0.0182777 0.0166015
4 0.597712 0.556714 0.0161155 0.044119 0.0162231
4 0.585589 0.544146 0.0104952 0.0230833 0.01455
4 0.685591 0.554421 0.0481415 0.0545165 0.0141639
8 0.553218 0.558052 0.00818134 0.0255942 0.0138889
4 0.590612 0.546316 0.0134116 0.0376601 0.0135418
4 0.726112 0.519252 0.0310947 0.0208869 0.0134023
8 0.597712 0.556714 0.0161155 0.044119 0.01331
2 0.256534 0.397231 0.00964066 0.0162326 0.0131498
0 0.585589 0.544146 0.0104952 0.0230833 0.0123457
0 0.535102 0.546376 0.00930628 0.0268937 0.010493
14 0.554175 0.551021 0.00892902 0.0179389 0.0100302
4 0.535102 0.546376 0.00930628 0.0268937 0.0097869
6 0.591318 0.52466 0.0230524 0.0275292 0.00931583
14 0.553218 0.558052 0.00818134 0.0255942 0.00919539
8 0.559193 0.549019 0.00935278 0.0230666 0.00902167
4 0.591318 0.52466 0.0230524 0.0275292 0.00887314
0 0.527892 0.544112 0.0113012 0.0278456 0.00859961
6 0.714019 0.549892 0.0929682 0.0665984 0.00851724
4 0.55886 0.527252 0.0200753 0.0189744 0.00820271
0 0.545173 0.548526 0.00921344 0.0256595 0.00809892
4 0.559193 0.549019 0.00935278 0.0230666 0.00783733
4 0.537443 0.536031 0.0153721 0.0165903 0.00713846
2 0.256532 0.388227 0.0101132 0.0181087 0.00665687
0 0.595085 0.539126 0.0219748 0.04136 0.0065749
3 0.553218 0.558052 0.00818134 0.0255942 0.00631331
14 0.559193 0.549019 0.00935278 0.0230666 0.00581371
4 0.586788 0.532622 0.013765 0.0283852 0.0056467
4 0.75694 0.531522 0.036917 0.0477878 0.0056456
6 0.50436 0.545616 0.0321137 0.0348269 0.00540445
2 0.951378 0.140333 0.0130677 0.0289082 0.0047745
3 0.597712 0.556714 0.0161155 0.044119 0.00460043
6 0.534588 0.537202 0.0113309 0.0199011 0.00443875
4 0.0095578 0.58726 0.0175584 0.0275533 0.00443254
8 0.758934 0.557523 0.0414516 0.0528542 0.00439623
8 0.597964 0.569248 0.0176269 0.0420194 0.00436171
6 0.55886 0.527252 0.0200753 0.0189744 0.00421515
2 0.923755 0.144649 0.0151486 0.0284694 0.00417575
4 0.758128 0.521528 0.02955 0.0323025 0.00408496
8 0.548124 0.557139 0.0116762 0.0254746 0.00386242
14 0.597712 0.556714 0.0161155 0.044119 0.00381857
8 0.535102 0.546376 0.00930628 0.0268937 0.00371493
4 0.659716 0.544997 0.0413531 0.0427799 0.00367363
6 0.694253 0.509696 0.0168558 0.0141213 0.00358391
0 0.56267 0.54145 0.0130307 0.0182777 0.00354705
3 0.597964 0.569248 0.0176269 0.0420194 0.00348323
0 0.551968 0.542987 0.012384 0.0221112 0.00341801
3 0.554175 0.551021 0.00892902 0.0179389 0.00332077
2 0.279744 0.303841 0.0157131 0.0178418 0.00310396
42 0.56626 0.531616 0.0108263 0.0160098 0.00308824
6 0.599278 0.549115 0.0246174 0.0441863 0.00298402
1 0.233241 0.531904 0.0107204 0.0166489 0.00298205
6 0.689125 0.525864 0.0267333 0.0323575 0.0029595
22 0.553218 0.558052 0.00818134 0.0255942 0.00295777
2 0.398751 0.41772 0.0127409 0.024577 0.00286366
14 0.548124 0.557139 0.0116762 0.0254746 0.00281652
8 0.545173 0.548526 0.00921344 0.0256595 0.00278431
0 0.548124 0.557139 0.0116762 0.0254746 0.00278249
2 0.310143 0.431774 0.010207 0.0197173 0.0027701
42 0.559298 0.535989 0.0194657 0.0203703 0.0027643
2 0.0178924 0.395169 0.0114694 0.0140075 0.00271707
2 0.047223 0.35818 0.0137674 0.018428 0.00269569
5 0.597712 0.556714 0.0161155 0.044119 0.00267235
3 0.559193 0.549019 0.00935278 0.0230666 0.00266079
14 0.527892 0.544112 0.0113012 0.0278456 0.00264636
5 0.554175 0.551021 0.00892902 0.0179389 0.00264455
8 0.0095578 0.58726 0.0175584 0.0275533 0.00263715
2 0.885244 0.254933 0.0246218 0.0360979 0.0026341
4 0.684381 0.519051 0.0251642 0.033356 0.00253691
2 0.766967 0.0212677 0.0191329 0.0226687 0.00250233
0 0.534588 0.537202 0.0113309 0.0199011 0.0023703
4 0.656354 0.544127 0.0240404 0.0344911 0.00233899
1 0.252807 0.469181 0.0507464 0.145926 0.00233477
4 0.589908 0.515893 0.0246344 0.0171092 0.00229165
5 0.59714 0.546892 0.018357 0.0441574 0.00228511
2 0.376588 0.450267 0.00976489 0.0119407 0.00217382
5 0.729583 0.548877 0.0641756 0.0651453 0.00217336
1 0.482632 0.515697 0.00947736 0.0154013 0.00213174
8 0.527892 0.544112 0.0113012 0.0278456 0.00211341
2 0.66519 0.467997 0.00756415 0.0133067 0.002084
4 0.451329 0.572203 0.0243157 0.087032 0.00205873
7 0.402297 0.416798 0.00849017 0.026237 0.0020124
0 0.751848 0.52257 0.0272954 0.0251606 0.00200744
4 0.458252 0.574351 0.0256227 0.0782232 0.00197195
2 0.246955 0.387521 0.0135329 0.0166179 0.00195557
14 0.535102 0.546376 0.00930628 0.0268937 0.00195297
4 0.553218 0.558052 0.00818134 0.0255942 0.00189663
14 0.545173 0.548526 0.00921344 0.0256595 0.00187649
0 0.402297 0.416798 0.00849017 0.026237 0.00186473
0 0.597964 0.569248 0.0176269 0.0420194 0.00184072
6 0.533762 0.53065 0.0134229 0.0276182 0.00180674
6 0.595085 0.539126 0.0219748 0.04136 0.00173281
6 0.659716 0.544997 0.0413531 0.0427799 0.00170965
3 0.548124 0.557139 0.0116762 0.0254746 0.00170659
5 0.527892 0.544112 0.0113012 0.0278456 0.00168824
8 0.752172 0.522361 0.0269615 0.0257735 0.00165666
8 0.585589 0.544146 0.0104952 0.0230833 0.00162107
14 0.585589 0.544146 0.0104952 0.0230833 0.00160409
0 0.56626 0.531616 0.0108263 0.0160098 0.0015835
8 0.590612 0.546316 0.0134116 0.0376601 0.00154737
0 0.586788 0.532622 0.013765 0.0283852 0.00152536
2 0.408967 0.413824 0.00882211 0.0216046 0.00151874
22 0.559193 0.549019 0.00935278 0.0230666 0.0015038
6 0.719922 0.519816 0.0394621 0.0215074 0.00144045
8 0.56267 0.54145 0.0130307 0.0182777 0.00143992
1 0.589908 0.515893 0.0246344 0.0171092 0.00143957
6 0.551968 0.542987 0.012384 0.0221112 0.00140174
2 0.776369 0.0132273 0.0283098 0.0220199 0.00139073
22 0.0180905 0.674315 0.0181258 0.038495 0.00138593
22 0.0106188 0.586798 0.0184438 0.026029 0.0013801
2 0.886315 0.234562 0.0192577 0.0249284 0.00135406
6 0.527892 0.544112 0.0113012 0.0278456 0.00134671
2 0.402297 0.416798 0.00849017 0.026237 0.00134641
5 0.752172 0.522361 0.0269615 0.0257735 0.00134057
8 0.551968 0.542987 0.012384 0.0221112 0.00132687
8 0.731173 0.550553 0.0627513 0.0635756 0.00131816
15 0.591318 0.52466 0.0230524 0.0275292 0.00131485
2 0.730558 0.0187048 0.0368798 0.0327339 0.0012679
4 0.905073 0.555795 0.0873908 0.129694 0.00126435
5 0.590612 0.546316 0.0134116 0.0376601 0.00126115
4 0.642112 0.544716 0.0146139 0.0398562 0.001258
8 0.747301 0.552816 0.0568201 0.0578687 0.00124427
4 0.0391579 0.590075 0.0774382 0.0442026 0.00122333
8 0.59714 0.546892 0.018357 0.0441574 0.00121811
0 0.747301 0.552816 0.0568201 0.0578687 0.00120897
2 0.753365 0.521109 0.0261694 0.0260617 0.00120391
3 0.535102 0.546376 0.00930628 0.0268937 0.00118546
4 0.008791 0.574595 0.0173383 0.0533228 0.0011807
4 0.548124 0.557139 0.0116762 0.0254746 0.00117853
5 0.535102 0.546376 0.00930628 0.0268937 0.00117459
6 0.464145 0.568783 0.0466022 0.0804708 0.00116848
0 0.620132 0.551575 0.0452192 0.0543408 0.00112336
5 0.758934 0.557523 0.0414516 0.0528542 0.00112307
0 0.707715 0.575209 0.0105034 0.0387155 0.00112291
5 0.559193 0.549019 0.00935278 0.0230666 0.00110518
2 0.234198 0.386954 0.0114796 0.0154549 0.00110161
0 0.729583 0.548877 0.0641756 0.0651453 0.00108759
30 0.376588 0.450267 0.00976489 0.0119407 0.00108033
6 0.559298 0.535989 0.0194657 0.0203703 0.00108017
4 0.503383 0.535257 0.0291764 0.0328071 0.00107806
5 0.534588 0.537202 0.0113309 0.0199011 0.00107651
2 0.372491 0.451199 0.00967123 0.0131148 0.00107154
15 0.55886 0.527252 0.0200753 0.0189744 0.00106047
42 0.503318 0.54566 0.0318228 0.0341585 0.00105633
6 0.537443 0.536031 0.0153721 0.0165903 0.00105583
7 0.482632 0.515697 0.00947736 0.0154013 0.00102075
8 0.008791 0.574595 0.0173383 0.0533228 0.00101844
25 0.55886 0.527252 0.0200753 0.0189744 0.00101844
2 0.8057 0.0157809 0.025628 0.0262918 0.0010131
