18 0.647559 0.507432 0.246006 0.693711 0.672252
49 0.648218 0.506815 0.249108 0.694172 0.600104
31 0.568231 0.0551085 0.203849 0.107879 0.0139513
46 0.569531 0.0554233 0.206419 0.107844 0.0085093
10 0.647559 0.507432 0.246006 0.693711 0.00378922
60 0.971519 0.975224 0.0545057 0.0495524 0.00335909
55 0.569612 0.0551146 0.204037 0.107887 0.00277454
18 0.569612 0.0551146 0.204037 0.107887 0.00252155
60 0.648615 0.506808 0.247017 0.694627 0.00205386
19 0.569612 0.0551146 0.204037 0.107887 0.00153607
43 0.507579 0.0559025 0.984842 0.111805 0.00153168
46 0.971308 0.97616 0.054896 0.047099 0.00140769
