4 0.2157 0.793559 0.159041 0.160147 0.940227
1 0.550301 0.609586 0.0600838 0.0538783 0.918933
1 0.668408 0.609266 0.0612211 0.0546352 0.909319
4 0.415554 0.76097 0.0504281 0.0572518 0.890437
1 0.435291 0.674418 0.0388319 0.0327434 0.815598
1 0.610735 0.712692 0.0146196 0.0388149 0.574475
1 0.439669 0.705639 0.0171511 0.0216401 0.570785
1 0.734065 0.695069 0.0229094 0.063514 0.525528
1 0.610362 0.640579 0.0152347 0.0212957 0.467199
1 0.316788 0.706448 0.0127375 0.0202824 0.375024
4 0.442815 0.739359 0.0104459 0.0209095 0.354125
1 0.597576 0.718473 0.00951221 0.0251567 0.291548
4 0.526692 0.754582 0.0126599 0.0109483 0.283864
2 0.128535 0.523829 0.00857532 0.0166613 0.156161
1 0.626778 0.747687 0.00893549 0.01835 0.141947
4 0.478849 0.752125 0.0103803 0.0136656 0.13548
4 0.440753 0.744552 0.0131807 0.0284275 0.119529
2 0.610194 0.640785 0.0157909 0.0217788 0.0930216
1 0.597921 0.728599 0.0104652 0.0192081 0.0863345
1 0.432652 0.692866 0.0322033 0.0152251 0.0752945
1 0.442815 0.739359 0.0104459 0.0209095 0.0480311
6 0.442815 0.739359 0.0104459 0.0209095 0.0363184
1 0.284756 0.710416 0.0080509 0.015316 0.0347458
1 0.346801 0.671118 0.00972678 0.0196513 0.0341864
1 0.193106 0.668865 0.0288428 0.0697536 0.0328431
7 0.597576 0.718473 0.00951221 0.0251567 0.028728
1 0.62248 0.747311 0.0172771 0.0218445 0.027182
2 0.602104 0.61283 0.00793536 0.0185548 0.0268413
1 0.131079 0.69015 0.0334999 0.038921 0.0267774
1 0.611534 0.741396 0.0132024 0.0181516 0.0259427
1 0.613871 0.744825 0.0116943 0.0213787 0.0259079
6 0.440753 0.744552 0.0131807 0.0284275 0.0241418
2 0.606551 0.588709 0.0100501 0.0105359 0.0208795
1 0.141374 0.692878 0.0155868 0.034578 0.0195131
1 0.334262 0.703425 0.0100724 0.0190436 0.0184983
7 0.259733 0.652392 0.00768001 0.027218 0.0180486
1 0.597734 0.711495 0.0108088 0.0286939 0.0179862
4 0.438568 0.742895 0.00968375 0.0214821 0.017807
4 0.463261 0.739005 0.0105999 0.00949406 0.0169972
1 0.125298 0.684764 0.0324295 0.0463062 0.0169388
2 0.0929863 0.527689 0.00993185 0.012199 0.0167418
12 0.773953 0.714221 0.0657836 0.0972452 0.0161556
1 0.60093 0.761041 0.0116076 0.0178357 0.0155364
4 0.474935 0.749834 0.0156198 0.0156034 0.0142021
4 0.450821 0.737185 0.010882 0.00890628 0.013978
7 0.269392 0.650392 0.0202147 0.0296522 0.01363
1 0.427947 0.713066 0.023332 0.0313695 0.0131609
7 0.20862 0.625027 0.00547282 0.0184343 0.0116819
2 0.189006 0.527216 0.00955687 0.0137575 0.0101291
1 0.18759 0.648773 0.0238281 0.0345099 0.00993779
1 0.33054 0.706711 0.015821 0.0221676 0.00991032
7 0.347379 0.667805 0.0111374 0.0167442 0.00951899
1 0.305728 0.707126 0.0093136 0.0216263 0.00935441
1 0.542306 0.641908 0.0438623 0.0182253 0.00902151
1 0.28277 0.711153 0.00646848 0.0124406 0.00887532
7 0.28277 0.711153 0.00646848 0.0124406 0.00856617
1 0.555357 0.651354 0.0107749 0.0333815 0.00855567
1 0.192723 0.693882 0.0113013 0.0408284 0.00855446
2 0.580896 0.640327 0.00891071 0.0161351 0.00842317
1 0.190733 0.598164 0.00743291 0.0219687 0.00784719
7 0.626778 0.747687 0.00893549 0.01835 0.00780143
7 0.284756 0.710416 0.0080509 0.015316 0.00760502
7 0.520329 0.640901 0.00721533 0.0256788 0.00751365
7 0.327353 0.649066 0.00942841 0.0199861 0.00744138
1 0.34899 0.666982 0.014138 0.015232 0.00742982
4 0.481596 0.751187 0.0129606 0.014585 0.00741191
1 0.274514 0.651269 0.0274058 0.0315433 0.00740642
2 0.789886 0.590785 0.00675311 0.0110269 0.00679255
1 0.525745 0.652446 0.0123437 0.0173211 0.00612212
7 0.555357 0.651354 0.0107749 0.0333815 0.00588715
1 0.556131 0.643782 0.0121444 0.0257852 0.00576976
1 0.118717 0.667683 0.0194771 0.0155767 0.00569987
7 0.327 0.65657 0.0100053 0.0153147 0.00567009
15 0.442815 0.739359 0.0104459 0.0209095 0.00564155
2 0.554277 0.529973 0.0112435 0.0126821 0.00559384
2 0.118717 0.667683 0.0194771 0.0155767 0.00548124
2 0.612485 0.589859 0.0136412 0.0113096 0.00531556
22 0.127402 0.776935 0.0100188 0.0256936 0.00525232
1 0.430433 0.649218 0.0297285 0.0211857 0.00516039
4 0.460346 0.740459 0.00899246 0.012408 0.00493224
1 0.179674 0.657175 0.00926126 0.0310627 0.00446079
1 0.571334 0.639046 0.0133093 0.0112288 0.00442969
1 0.526692 0.754582 0.0126599 0.0109483 0.0043973
7 0.208213 0.640993 0.00579585 0.0378149 0.00430475
2 0.0194812 0.647838 0.00779163 0.0125129 0.00419141
7 0.556131 0.643782 0.0121444 0.0257852 0.00409236
1 0.543657 0.57491 0.0115485 0.016602 0.00406402
4 0.528884 0.752641 0.0182036 0.0169631 0.0040375
1 0.283168 0.706507 0.00703397 0.0174321 0.00401517
5 0.440753 0.744552 0.0131807 0.0284275 0.00395664
1 0.337563 0.698281 0.0161488 0.0233218 0.00382613
2 0.20862 0.625027 0.00547282 0.0184343 0.00363919
7 0.602104 0.61283 0.00793536 0.0185548 0.0035861
6 0.77487 0.713774 0.0662498 0.0973332 0.0034897
14 0.774426 0.714542 0.0662405 0.0974738 0.00348889
2 0.602624 0.619055 0.00694611 0.0180281 0.00344391
1 0.595324 0.640636 0.0163109 0.0232747 0.00337935
0 0.440753 0.744552 0.0131807 0.0284275 0.00334132
1 0.595449 0.71505 0.0195613 0.028814 0.00331125
4 0.5171 0.749303 0.0153403 0.0122519 0.00329965
4 0.734068 0.748694 0.0169697 0.0236881 0.00325863
1 0.735497 0.745 0.019139 0.0335699 0.00323616
2 0.115881 0.568939 0.00876588 0.0209241 0.00322565
7 0.141491 0.691756 0.0161128 0.0368243 0.00319971
2 0.595324 0.640636 0.0163109 0.0232747 0.00316325
1 0.20862 0.625027 0.00547282 0.0184343 0.00309087
1 0.600783 0.636143 0.0348881 0.0200054 0.00307553
7 0.320355 0.650996 0.0112302 0.0251611 0.00302902
0 0.526692 0.754582 0.0126599 0.0109483 0.00301377
7 0.380518 0.643432 0.00728961 0.0210175 0.00301274
2 0.555357 0.651354 0.0107749 0.0333815 0.00297269
1 0.191049 0.59061 0.00714261 0.0360871 0.00296181
0 0.442815 0.739359 0.0104459 0.0209095 0.00289333
30 0.610194 0.640785 0.0157909 0.0217788 0.00285122
1 0.235349 0.653374 0.0451151 0.0330317 0.00283175
7 0.668691 0.609465 0.0607778 0.0544832 0.00281693
2 0.131701 0.523455 0.0124514 0.0117859 0.00279922
2 0.380518 0.643432 0.00728961 0.0210175 0.00278013
1 0.188149 0.67568 0.0198044 0.0410342 0.00276449
1 0.198305 0.688001 0.0212144 0.0480471 0.00269822
2 0.0693983 0.522321 0.012139 0.016095 0.00268567
7 0.283168 0.706507 0.00703397 0.0174321 0.00268444
4 0.450671 0.748636 0.015825 0.0190804 0.00264904
7 0.290687 0.6565 0.00702402 0.0241195 0.00264359
1 0.20217 0.693035 0.0171991 0.043315 0.00263805
2 0.123402 0.523473 0.0108801 0.0138638 0.00262172
14 0.60093 0.761041 0.0116076 0.0178357 0.00258532
1 0.199878 0.64876 0.0171941 0.0346274 0.0025573
4 0.601096 0.759141 0.0114243 0.0232077 0.00255352
8 0.526692 0.754582 0.0126599 0.0109483 0.00248573
7 0.597734 0.711495 0.0108088 0.0286939 0.00247591
7 0.316788 0.706448 0.0127375 0.0202824 0.00245493
7 0.371689 0.643173 0.0101824 0.020362 0.00240691
2 0.28277 0.711153 0.00646848 0.0124406 0.00240582
7 0.597921 0.728599 0.0104652 0.0192081 0.00239807
4 0.477472 0.745679 0.010624 0.0215081 0.00236327
7 0.322843 0.654644 0.0129177 0.0224421 0.00234833
14 0.739391 0.750201 0.00998023 0.0242674 0.00224839
2 0.157525 0.666035 0.00822258 0.0124017 0.00221458
7 0.383814 0.64094 0.0105821 0.0197971 0.00210717
12 0.734298 0.695327 0.0232043 0.0619794 0.00209415
7 0.437635 0.706338 0.0181059 0.0211224 0.0020596
1 0.580896 0.640327 0.00891071 0.0161351 0.00205695
1 0.286918 0.711149 0.01533 0.0164872 0.00203222
5 0.442815 0.739359 0.0104459 0.0209095 0.00199353
7 0.543657 0.57491 0.0115485 0.016602 0.00195699
0 0.601096 0.759141 0.0114243 0.0232077 0.0019448
1 0.610576 0.684479 0.0148956 0.0237298 0.00190997
2 0.712697 0.589053 0.0109611 0.00942029 0.00185506
1 0.588058 0.722975 0.0183955 0.0222157 0.00184486
1 0.523691 0.688617 0.0133674 0.0338627 0.00182741
1 0.545234 0.655666 0.011878 0.0172804 0.00182492
1 0.48713 0.666961 0.0111101 0.0131316 0.00180842
2 0.259679 0.650304 0.00758847 0.0260725 0.00180658
2 0.789876 0.596112 0.00791229 0.0214751 0.0017811
1 0.440753 0.744552 0.0131807 0.0284275 0.00173687
1 0.438568 0.742895 0.00968375 0.0214821 0.0016683
22 0.668402 0.609226 0.0617471 0.0545747 0.00158982
22 0.108146 0.776118 0.0128732 0.0296099 0.0015881
7 0.237877 0.650231 0.0371684 0.0389013 0.00153415
1 0.443888 0.700929 0.025683 0.0176276 0.00152758
1 0.327 0.65657 0.0100053 0.0153147 0.00152508
2 0.179674 0.657175 0.00926126 0.0310627 0.00148787
2 0.104838 0.527315 0.0110976 0.013454 0.00148707
1 0.531952 0.678757 0.0149136 0.0385159 0.00148332
7 0.154865 0.687207 0.0163895 0.0438681 0.00146492
1 0.357812 0.680102 0.0356338 0.0374993 0.00143065
7 0.179674 0.657175 0.00926126 0.0310627 0.00140626
1 0.292101 0.706276 0.0191777 0.0239188 0.00140183
14 0.734068 0.748694 0.0169697 0.0236881 0.00140174
1 0.77302 0.713786 0.0679071 0.0974993 0.00140065
7 0.333426 0.703409 0.0123321 0.0189732 0.00139056
4 0.601148 0.763819 0.0103315 0.0182491 0.00138987
14 0.62248 0.747311 0.0172771 0.0218445 0.00135347
7 0.396153 0.643237 0.0129014 0.0205467 0.00133849
1 0.359576 0.670056 0.0257402 0.0187156 0.00132692
0 0.831474 0.724195 0.010855 0.0300306 0.0013024
7 0.62248 0.747311 0.0172771 0.0218445 0.00130115
8 0.478849 0.752125 0.0103803 0.0136656 0.00128683
1 0.341077 0.668197 0.0168703 0.0201376 0.00128113
2 0.396153 0.643237 0.0129014 0.0205467 0.00127374
6 0.463261 0.739005 0.0105999 0.00949406 0.00125946
2 0.0902335 0.522198 0.014358 0.0114802 0.00125576
14 0.526692 0.754582 0.0126599 0.0109483 0.00122482
2 0.0903847 0.520927 0.0129564 0.0211963 0.00122063
1 0.259733 0.652392 0.00768001 0.027218 0.00121689
1 0.454525 0.716206 0.0078136 0.0201976 0.0011907
1 0.320056 0.68789 0.0192678 0.0277809 0.00118675
1 0.332065 0.687869 0.0158894 0.0349564 0.00118667
2 0.215849 0.79305 0.158647 0.159688 0.00117704
2 0.518252 0.630989 0.00405872 0.0253395 0.00117614
6 0.450821 0.737185 0.010882 0.00890628 0.00117403
1 0.232689 0.690046 0.0516054 0.0488896 0.00116244
7 0.309623 0.643753 0.00934161 0.0268898 0.00114026
7 0.434241 0.649142 0.0324889 0.0215054 0.00113456
1 0.622606 0.724486 0.0174224 0.0229816 0.00112374
4 0.486417 0.750782 0.0155799 0.0117748 0.00110969
1 0.520329 0.640901 0.00721533 0.0256788 0.00108961
2 0.0838299 0.524485 0.0132268 0.0136 0.00108184
1 0.602104 0.61283 0.00793536 0.0185548 0.00106714
2 0.0655628 0.471236 0.00984211 0.0161942 0.00105942
4 0.739391 0.750201 0.00998023 0.0242674 0.00105907
2 0.526692 0.754582 0.0126599 0.0109483 0.00105387
1 0.208213 0.640993 0.00579585 0.0378149 0.00104537
2 0.520329 0.640901 0.00721533 0.0256788 0.00102133
2 0.283168 0.706507 0.00703397 0.0174321 0.00101506
4 0.756705 0.753015 0.0392115 0.0265634 0.00100136
7 0.518252 0.630989 0.00405872 0.0253395 0.00100026
