27 0.349475 0.561962 0.302676 0.326167 0.860931
10 0.466746 0.194597 0.0728302 0.1354 0.765961
29 0.793551 0.66627 0.409232 0.426591 0.759097
10 0.534462 0.194591 0.0726088 0.149851 0.177353
45 0.349445 0.560758 0.312687 0.328692 0.127426
10 0.247571 0.160493 0.0627624 0.121226 0.0929203
33 0.928503 0.190545 0.0544006 0.30175 0.0480873
29 0.349556 0.562599 0.301146 0.326379 0.0315878
10 0.337664 0.161165 0.118888 0.169559 0.0244671
10 0.76486 0.332123 0.159865 0.231314 0.0153685
10 0.654808 0.0783423 0.107344 0.149895 0.0122225
10 0.929739 0.169607 0.0515578 0.334921 0.0108862
52 0.94155 0.187763 0.0716253 0.317378 0.00866876
60 0.793643 0.669648 0.409293 0.431583 0.00570943
60 0.094847 0.912326 0.18183 0.175348 0.00465678
10 0.957708 0.425141 0.0783863 0.0714444 0.00423311
48 0.829434 0.767606 0.0902462 0.0812415 0.00417236
33 0.855825 0.325971 0.104142 0.225123 0.00354641
52 0.90903 0.293824 0.0378634 0.122778 0.00300953
10 0.950956 0.16471 0.0924927 0.323561 0.00285509
10 0.466351 0.132098 0.14388 0.260496 0.00264032
36 0.443304 0.0679166 0.0861782 0.135833 0.00215922
14 0.349475 0.561962 0.302676 0.326167 0.00181289
19 0.349517 0.561023 0.301853 0.322616 0.00176569
10 0.507413 0.176024 0.125998 0.181294 0.0016207
10 0.443304 0.0679166 0.0861782 0.135833 0.00158344
52 0.897079 0.295216 0.0431523 0.130983 0.00155771
56 0.467798 0.195652 0.0738367 0.139788 0.0012112
52 0.856643 0.29837 0.0545744 0.179147 0.0011815
44 0.349617 0.561017 0.3033 0.325247 0.00115189
52 0.928759 0.200933 0.0513242 0.285246 0.00105993
57 0.793643 0.669648 0.409293 0.431583 0.00103261
18 0.349517 0.561023 0.301853 0.322616 0.00100879
49 0.349517 0.561023 0.301853 0.322616 0.0010056
