15 0.76304 0.559195 0.358256 0.403518 0.961231
15 0.233056 0.589543 0.198114 0.232967 0.320641
4 0.184728 0.775658 0.131688 0.0894184 0.136833
4 0.208313 0.767846 0.0887574 0.0815661 0.0427404
4 0.218977 0.759259 0.0640911 0.0581341 0.0272962
22 0.936985 0.611738 0.014506 0.103287 0.0190207
2 0.226953 0.566171 0.0191173 0.0205967 0.0147177
6 0.233274 0.589977 0.197489 0.231834 0.0110686
4 0.232805 0.589521 0.196809 0.2322 0.0100541
1 0.34716 0.600134 0.011821 0.0145015 0.00945779
43 0.432282 0.372464 0.817899 0.744927 0.00919759
8 0.303291 0.750629 0.0194147 0.0332775 0.00777508
3 0.520246 0.652155 0.0368145 0.041748 0.00699529
2 0.303551 0.744337 0.0183277 0.0238222 0.00615479
1 0.774641 0.321058 0.0131006 0.0264228 0.00588624
4 0.253822 0.758646 0.0454704 0.0459909 0.00467389
4 0.229373 0.759955 0.043204 0.0472967 0.00461668
3 0.527962 0.655127 0.0287009 0.0381749 0.00457944
8 0.166529 0.774185 0.111628 0.0899711 0.00452848
22 0.303551 0.744337 0.0183277 0.0238222 0.00398053
4 0.221842 0.754146 0.0449292 0.0522232 0.00392557
3 0.263754 0.749618 0.0879342 0.0520885 0.00372236
1 0.303291 0.750629 0.0194147 0.0332775 0.00361046
6 0.168847 0.775901 0.106452 0.0903738 0.00353931
2 0.225463 0.565829 0.0253378 0.026375 0.00316461
3 0.191535 0.774052 0.127941 0.0908758 0.00304761
5 0.179201 0.775495 0.127305 0.0902158 0.00300293
3 0.514617 0.641105 0.0344255 0.0327762 0.00299387
4 0.229509 0.734185 0.0208901 0.0191726 0.00291753
13 0.303551 0.744337 0.0183277 0.0238222 0.00290481
2 0.229509 0.734185 0.0208901 0.0191726 0.00277584
4 0.253174 0.768182 0.0268339 0.0419426 0.00249369
4 0.303291 0.750629 0.0194147 0.0332775 0.00248373
4 0.232048 0.75225 0.0336767 0.0493793 0.00242481
2 0.118311 0.51479 0.0326668 0.0452231 0.00221838
4 0.269254 0.754175 0.0572326 0.0434248 0.00220948
4 0.230973 0.646322 0.197519 0.143359 0.00219871
8 0.229373 0.759955 0.043204 0.0472967 0.00218836
1 0.772426 0.321805 0.0173049 0.0368264 0.00203622
4 0.160564 0.781392 0.0951259 0.0784277 0.00198492
2 0.118824 0.520875 0.0286708 0.0297206 0.00195872
22 0.301543 0.750757 0.021551 0.038972 0.00192537
10 0.448059 0.269222 0.0497539 0.0887018 0.00191493
3 0.227479 0.754326 0.147913 0.0609629 0.00187748
2 0.34716 0.600134 0.011821 0.0145015 0.00185037
4 0.213749 0.756478 0.201379 0.116435 0.00184999
3 0.301519 0.74858 0.0252718 0.0397014 0.00175441
8 0.195035 0.768634 0.124379 0.0819513 0.00172804
4 0.517533 0.643801 0.0304974 0.0421019 0.00170089
1 0.321646 0.687229 0.0181403 0.0289435 0.00164767
8 0.299717 0.736519 0.0192858 0.0167476 0.00162748
4 0.338568 0.667107 0.0200476 0.0419247 0.00152453
8 0.243736 0.787357 0.0155625 0.0234019 0.0014905
2 0.186003 0.77578 0.129439 0.0897334 0.00135053
8 0.182632 0.763693 0.169094 0.114658 0.00134982
43 0.818333 0.335563 0.363334 0.629538 0.00132586
8 0.253174 0.768182 0.0268339 0.0419426 0.00128238
41 0.188765 0.774754 0.124697 0.0888068 0.0012813
7 0.937411 0.611093 0.0139893 0.100717 0.00125897
4 0.36446 0.631386 0.0285572 0.0237946 0.00124519
2 0.213941 0.586079 0.0131035 0.0173345 0.00123298
2 0.30131 0.584829 0.0260279 0.019172 0.0012023
4 0.212168 0.69512 0.234877 0.218307 0.00119869
7 0.34716 0.600134 0.011821 0.0145015 0.00118384
2 0.591342 0.559708 0.00809827 0.0146135 0.00118264
2 0.114546 0.607679 0.0125269 0.0173491 0.00116805
4 0.353604 0.641176 0.0123165 0.0197634 0.00114539
4 0.17267 0.793716 0.094123 0.0661324 0.00113753
4 0.136237 0.773979 0.0577339 0.0683977 0.00108865
8 0.217739 0.758502 0.0631969 0.0535466 0.00108616
2 0.21764 0.754958 0.0600992 0.0457558 0.00107981
0 0.670411 0.517836 0.0315209 0.0645062 0.00107334
4 0.351911 0.666863 0.0106505 0.0295265 0.00105786
4 0.34716 0.600134 0.011821 0.0145015 0.00105337
4 0.181783 0.748748 0.0667618 0.0333447 0.00105168
8 0.25112 0.786364 0.0217234 0.0241618 0.00105155
3 0.0128457 0.805494 0.0235547 0.0886677 0.00104157
8 0.277898 0.750574 0.0546707 0.04381 0.00103272
22 0.299717 0.736519 0.0192858 0.0167476 0.00103096
2 0.292639 0.722518 0.012561 0.0251342 0.00102346
3 0.533757 0.665692 0.0424737 0.0416366 0.00101412
