4 0.391091 0.858093 0.194279 0.280828 0.935285
4 0.25929 0.841156 0.0848274 0.106824 0.922516
7 0.538306 0.531933 0.0262274 0.0286729 0.864578
4 0.604903 0.796314 0.0339929 0.0569948 0.813758
1 0.607622 0.725804 0.0198769 0.0637899 0.812189
7 0.498514 0.533174 0.0149704 0.0637576 0.800377
4 0.478974 0.820624 0.0317148 0.0844503 0.789155
1 0.382052 0.700832 0.0282961 0.0275885 0.686709
7 0.347506 0.633032 0.00890103 0.0393531 0.681468
7 0.321013 0.633747 0.0164355 0.0207254 0.645441
4 0.679397 0.788424 0.0314468 0.0345908 0.585055
7 0.504607 0.673055 0.00779321 0.0275873 0.443275
4 0.907633 0.788965 0.0746781 0.0270442 0.396847
4 0.896663 0.790706 0.0541381 0.0220323 0.378679
1 0.53929 0.757521 0.0093197 0.0238929 0.368466
4 0.925003 0.789029 0.0504816 0.0300113 0.241664
5 0.821747 0.825462 0.0341591 0.0598234 0.239349
8 0.821517 0.829601 0.0326579 0.0517998 0.214897
7 0.507258 0.675112 0.0112785 0.0293023 0.113472
4 0.531388 0.792696 0.0101448 0.0148336 0.0913437
6 0.0985163 0.815109 0.0499883 0.0543856 0.0867715
4 0.0928282 0.831597 0.0399456 0.0295887 0.0780987
2 0.272391 0.565503 0.00798605 0.0208277 0.0733121
6 0.823838 0.818227 0.0280617 0.0751943 0.0731507
4 0.877561 0.790666 0.0248443 0.0187817 0.0653934
14 0.194099 0.815253 0.0305181 0.0675051 0.0415122
14 0.193596 0.843328 0.0185752 0.0148179 0.039599
4 0.220121 0.8161 0.0134405 0.0251574 0.0386481
7 0.44164 0.719843 0.00700037 0.0159881 0.0350634
6 0.679397 0.788424 0.0314468 0.0345908 0.0345272
1 0.544653 0.757054 0.0147681 0.0200547 0.0339288
2 0.622766 0.377776 0.00944312 0.01689 0.0339214
1 0.550541 0.754908 0.0121133 0.0274067 0.0338999
2 0.276702 0.553828 0.00854733 0.0130412 0.0338385
2 0.275977 0.567296 0.00999524 0.0155357 0.0328878
1 0.539935 0.749126 0.0105267 0.038913 0.0326894
2 0.27214 0.555008 0.00747101 0.0161971 0.0309271
1 0.677982 0.745787 0.0200044 0.0407703 0.0297162
1 0.504074 0.681464 0.00952481 0.0405951 0.0289356
2 0.238066 0.630759 0.00901466 0.0116073 0.0270526
1 0.321013 0.633747 0.0164355 0.0207254 0.0242705
7 0.517685 0.674925 0.00720618 0.0166376 0.0240531
14 0.556543 0.800692 0.00659454 0.0198411 0.0234893
4 0.0980541 0.816439 0.0520008 0.0541611 0.0231566
1 0.507258 0.675112 0.0112785 0.0293023 0.0231533
14 0.554048 0.798344 0.0105943 0.0211847 0.0224473
4 0.107195 0.830625 0.0289324 0.0242578 0.0220873
24 0.823838 0.818227 0.0280617 0.0751943 0.0217094
2 0.261915 0.629238 0.00513632 0.0130169 0.0214765
2 0.23949 0.628465 0.00918099 0.0119669 0.0211608
2 0.268113 0.624697 0.00902521 0.0126862 0.0203091
2 0.644608 0.38594 0.0112122 0.0286301 0.0201825
1 0.502525 0.683482 0.012491 0.0259973 0.0199825
1 0.37051 0.633953 0.043236 0.0232471 0.0189695
7 0.504074 0.681464 0.00952481 0.0405951 0.0188975
14 0.217222 0.816776 0.0129051 0.0311979 0.0183648
6 0.604888 0.795904 0.0326572 0.0571332 0.0182394
2 0.245944 0.635664 0.00895792 0.0140918 0.0175494
1 0.463362 0.718305 0.0245549 0.0163823 0.0167127
4 0.669483 0.795359 0.0466639 0.045557 0.0134854
4 0.115235 0.832054 0.0177704 0.022453 0.0121643
14 0.531388 0.792696 0.0101448 0.0148336 0.0118219
1 0.513363 0.689502 0.0111407 0.0201739 0.0117564
7 0.53954 0.552248 0.0262236 0.0409831 0.0115241
4 0.501158 0.788857 0.0100918 0.0151321 0.0114018
4 0.522187 0.79188 0.0132079 0.0144232 0.011133
7 0.502525 0.683482 0.012491 0.0259973 0.011036
4 0.217222 0.816776 0.0129051 0.0311979 0.0103912
7 0.371802 0.632569 0.0373146 0.021348 0.0102905
1 0.504028 0.67282 0.00737457 0.0266847 0.0101976
7 0.320021 0.700036 0.00686099 0.00972945 0.0100265
8 0.217222 0.816776 0.0129051 0.0311979 0.00986592
2 0.254482 0.64247 0.00788548 0.0129333 0.00979274
7 0.306431 0.642676 0.0115472 0.0248017 0.00936455
0 0.531388 0.792696 0.0101448 0.0148336 0.00928968
7 0.518315 0.669159 0.00894153 0.0184761 0.00919236
2 0.672114 0.628722 0.0101584 0.0282114 0.00900992
7 0.334593 0.723426 0.0101597 0.0160668 0.00876687
0 0.220121 0.8161 0.0134405 0.0251574 0.00863599
22 0.538238 0.531617 0.0256373 0.028649 0.00854393
1 0.128489 0.77835 0.0126292 0.0349721 0.00851109
7 0.342247 0.634469 0.011461 0.0329012 0.00845974
22 0.347506 0.633032 0.00890103 0.0393531 0.00830743
4 0.0765397 0.832322 0.0180719 0.0281079 0.00759948
12 0.100181 0.815276 0.054895 0.0618733 0.007264
7 0.538586 0.755048 0.00842004 0.0268556 0.00722562
14 0.127602 0.838839 0.00943189 0.0232481 0.00711108
1 0.517685 0.674925 0.00720618 0.0166376 0.00707985
15 0.67963 0.787478 0.0317162 0.0368703 0.00705184
6 0.0988589 0.829779 0.0450864 0.0308212 0.00692395
1 0.104861 0.776888 0.0182881 0.0269653 0.00684415
7 0.834669 0.615138 0.0157672 0.107238 0.00664758
2 0.252394 0.656561 0.00874179 0.0140267 0.00660681
14 0.115235 0.832054 0.0177704 0.022453 0.00649855
4 0.511576 0.788965 0.00788449 0.0174002 0.00649297
7 0.569212 0.526888 0.0170494 0.0130903 0.0064752
1 0.44164 0.719843 0.00700037 0.0159881 0.00638522
14 0.209842 0.821457 0.0105736 0.0319781 0.00618757
5 0.531388 0.792696 0.0101448 0.0148336 0.0060171
7 0.499635 0.679621 0.01468 0.0359084 0.00586129
1 0.46575 0.711851 0.0272662 0.0136373 0.00586108
1 0.552386 0.737784 0.0151592 0.0502572 0.00572815
2 0.422116 0.530191 0.0079946 0.0140829 0.00569005
0 0.217222 0.816776 0.0129051 0.0311979 0.00564585
1 0.35921 0.700626 0.0150185 0.0159063 0.00557598
0 0.107195 0.830625 0.0289324 0.0242578 0.00556094
8 0.115235 0.832054 0.0177704 0.022453 0.00555894
2 0.730776 0.189911 0.0332743 0.0315099 0.00554223
14 0.646679 0.806525 0.0111545 0.0229475 0.00551067
2 0.320021 0.700036 0.00686099 0.00972945 0.00549275
7 0.675168 0.741671 0.0164614 0.0385806 0.00545083
4 0.0830873 0.836007 0.0122323 0.0250315 0.00542853
7 0.320144 0.709002 0.00931885 0.0269285 0.00534693
2 0.72647 0.151742 0.0114559 0.0172779 0.00526249
12 0.193539 0.810756 0.0292696 0.0659188 0.00522842
4 0.22544 0.814 0.015484 0.0258448 0.0051751
14 0.1283 0.83049 0.0124859 0.0387498 0.00513949
14 0.137329 0.823943 0.0167844 0.0481621 0.00507797
14 0.220121 0.8161 0.0134405 0.0251574 0.00507572
4 0.100178 0.83538 0.0465142 0.0294748 0.00476756
14 0.0997858 0.818959 0.048138 0.0521617 0.00474029
4 0.534396 0.787368 0.00838635 0.0143197 0.00471671
0 0.554048 0.798344 0.0105943 0.0211847 0.00471283
1 0.099983 0.81591 0.0469719 0.0550496 0.00463139
7 0.328341 0.708961 0.0175227 0.0244376 0.00459455
7 0.672114 0.628722 0.0101584 0.0282114 0.00458042
0 0.115235 0.832054 0.0177704 0.022453 0.00449418
2 0.742548 0.193156 0.0163718 0.0283825 0.00426775
7 0.834003 0.642687 0.0128911 0.0515161 0.00415602
2 0.44164 0.719843 0.00700037 0.0159881 0.00414804
6 0.92781 0.788862 0.0462147 0.0306756 0.00403591
2 0.623076 0.390978 0.0110449 0.0413698 0.004005
8 0.107195 0.830625 0.0289324 0.0242578 0.00397605
1 0.518315 0.669159 0.00894153 0.0184761 0.00388337
1 0.391443 0.696021 0.0257578 0.0205298 0.00385344
7 0.128489 0.77835 0.0126292 0.0349721 0.00383555
4 0.545688 0.793918 0.0132299 0.0217119 0.00383207
14 0.118816 0.835428 0.0154504 0.0269385 0.00381497
7 0.332736 0.712603 0.0124672 0.0206116 0.00368117
6 0.83809 0.817382 0.0650338 0.0756716 0.00367788
4 0.656206 0.794712 0.0430488 0.031104 0.00365119
1 0.551 0.775201 0.0111741 0.0283017 0.00363668
8 0.220121 0.8161 0.0134405 0.0251574 0.00362886
5 0.605022 0.796404 0.0338525 0.0568073 0.00355906
1 0.534692 0.776234 0.0101962 0.0221792 0.00353776
0 0.501158 0.788857 0.0100918 0.0151321 0.00353503
1 0.556307 0.744568 0.0165709 0.0440504 0.00353283
1 0.65568 0.742547 0.0219155 0.0648697 0.0033965
7 0.482977 0.718969 0.00830023 0.0134738 0.00337821
7 0.499243 0.695192 0.0146399 0.0164975 0.00337484
22 0.321314 0.63227 0.0157534 0.0188766 0.00337068
2 0.302613 0.650667 0.00992337 0.0261683 0.00336315
7 0.532597 0.67042 0.0121465 0.0119743 0.0033609
1 0.374371 0.630138 0.0337068 0.0151925 0.00331947
1 0.373006 0.692526 0.0142536 0.0296097 0.00325411
2 0.292747 0.633228 0.0175668 0.0164229 0.00322237
2 0.320786 0.635094 0.0187957 0.0233111 0.00318897
1 0.978825 0.623206 0.0391467 0.0971019 0.00318295
2 0.425864 0.531488 0.00995831 0.00887363 0.00309657
2 0.702713 0.145369 0.0164631 0.0276859 0.00300795
5 0.218935 0.818693 0.0157941 0.0286662 0.00300389
6 0.193539 0.810756 0.0292696 0.0659188 0.00298987
6 0.670126 0.785664 0.0510266 0.0380211 0.00296343
1 0.400893 0.704522 0.0120973 0.0219578 0.00295522
1 0.65178 0.751195 0.0300702 0.0733583 0.00291145
2 0.306431 0.642676 0.0115472 0.0248017 0.00288446
14 0.544258 0.801825 0.00719891 0.0172562 0.00281586
2 0.621547 0.415926 0.0128079 0.0180231 0.00280744
2 0.234615 0.628874 0.00906487 0.0140571 0.00279065
14 0.107195 0.830625 0.0289324 0.0242578 0.00274742
1 0.552698 0.727161 0.0176497 0.0375806 0.00273502
2 0.347262 0.633145 0.00857971 0.0402715 0.00271424
6 0.531388 0.792696 0.0101448 0.0148336 0.00269929
1 0.686371 0.761462 0.0148782 0.0223495 0.00269754
2 0.634616 0.387988 0.0166663 0.0292401 0.00268576
1 0.513719 0.754359 0.0144211 0.0167828 0.00264539
4 0.492374 0.793024 0.00900018 0.026429 0.00263407
4 0.613704 0.795282 0.0414455 0.0513636 0.00263097
1 0.463063 0.706169 0.0230275 0.0172399 0.00261717
1 0.457253 0.738024 0.00792114 0.0120757 0.00261595
2 0.726577 0.179005 0.025398 0.0223789 0.00259767
1 0.181461 0.808581 0.00928331 0.055661 0.00253953
2 0.517685 0.674925 0.00720618 0.0166376 0.00250418
1 0.569212 0.526888 0.0170494 0.0130903 0.00247047
1 0.603914 0.753829 0.0199257 0.0350732 0.00242865
2 0.732232 0.173649 0.0351302 0.0306509 0.00240359
6 0.855771 0.809934 0.0990075 0.0626425 0.00240157
1 0.604888 0.795904 0.0326572 0.0571332 0.00239165
7 0.825156 0.613413 0.0200345 0.108832 0.00239129
7 0.302613 0.650667 0.00992337 0.0261683 0.00234893
1 0.565755 0.736728 0.0096557 0.0457761 0.00234525
6 0.677982 0.745787 0.0200044 0.0407703 0.00234512
14 0.159342 0.835171 0.0122145 0.024493 0.00232103
8 0.531388 0.792696 0.0101448 0.0148336 0.00229808
15 0.604903 0.796314 0.0339929 0.0569948 0.00229662
1 0.386675 0.713089 0.0496935 0.0563016 0.00226233
4 0.89256 0.784968 0.0449512 0.0268821 0.00224554
2 0.504607 0.673055 0.00779321 0.0275873 0.00222425
8 0.877561 0.790666 0.0248443 0.0187817 0.00222334
5 0.679279 0.788832 0.0314329 0.0356854 0.00220072
14 0.101133 0.834966 0.0429319 0.0278369 0.00219554
0 0.545688 0.793918 0.0132299 0.0217119 0.00217306
2 0.722999 0.150096 0.0191412 0.0175582 0.00216527
1 0.377741 0.661824 0.0250067 0.0362071 0.00215303
22 0.504607 0.673055 0.00779321 0.0275873 0.00215261
22 0.606624 0.726044 0.0210632 0.0652328 0.00211422
1 0.56296 0.746665 0.015401 0.0479416 0.00211141
7 0.606624 0.726044 0.0210632 0.0652328 0.0020607
2 0.637812 0.37793 0.00942822 0.0166875 0.00205788
4 0.469412 0.778603 0.0124547 0.0164268 0.00205591
2 0.62237 0.370571 0.00895245 0.0203297 0.00204631
22 0.498514 0.533174 0.0149704 0.0637576 0.00204518
4 0.391499 0.770534 0.174496 0.116729 0.00203926
7 0.442282 0.706001 0.00575824 0.0166383 0.00202524
7 0.391443 0.696021 0.0257578 0.0205298 0.00200402
0 0.522187 0.79188 0.0132079 0.0144232 0.00198101
1 0.634408 0.759457 0.0141555 0.0489296 0.00196676
7 0.528774 0.672091 0.0115334 0.0159545 0.00194643
2 0.282752 0.62801 0.00789035 0.0146065 0.00194032
14 0.501158 0.788857 0.0100918 0.0151321 0.00193924
0 0.0830873 0.836007 0.0122323 0.0250315 0.00193143
4 0.670126 0.785664 0.0510266 0.0380211 0.00192648
2 0.738241 0.167895 0.0263995 0.0315229 0.00192619
2 0.290071 0.609793 0.00836279 0.0119612 0.00190647
4 0.554048 0.798344 0.0105943 0.0211847 0.00188065
4 0.855771 0.809934 0.0990075 0.0626425 0.0018687
1 0.549566 0.723925 0.016654 0.0273541 0.0018386
1 0.536521 0.749117 0.0135875 0.0343531 0.00180882
7 0.304986 0.630646 0.00767651 0.0163351 0.0017956
7 0.651745 0.700027 0.014165 0.0342074 0.00178634
1 0.538306 0.531933 0.0262274 0.0286729 0.00178547
6 0.907633 0.788965 0.0746781 0.0270442 0.0017803
0 0.604554 0.795879 0.0330543 0.0568757 0.00177595
7 0.529584 0.667245 0.00841852 0.0151382 0.00177323
1 0.407829 0.707521 0.0141785 0.0178183 0.00177074
7 0.400893 0.704522 0.0120973 0.0219578 0.00176949
5 0.851239 0.816674 0.0931275 0.0721514 0.0017573
1 0.467285 0.740344 0.0105595 0.0131575 0.00173876
1 0.574252 0.528556 0.0170062 0.0148699 0.00171796
2 0.742844 0.15598 0.0282183 0.02165 0.00171789
2 0.23442 0.634063 0.00870517 0.0173537 0.00168448
7 0.295782 0.638152 0.0112965 0.0176911 0.00167372
1 0.65272 0.725676 0.01709 0.0884399 0.00166547
14 0.545688 0.793918 0.0132299 0.0217119 0.00165696
0 0.259445 0.841142 0.0849928 0.106951 0.00164218
1 0.217222 0.816776 0.0129051 0.0311979 0.00161843
14 0.189691 0.841795 0.0221347 0.0177608 0.00161257
3 0.821438 0.831009 0.0333795 0.049629 0.00158938
4 0.646679 0.806525 0.0111545 0.0229475 0.00158094
10 0.465442 0.267961 0.0086893 0.0138712 0.00158047
4 0.532063 0.798675 0.0092243 0.023438 0.00157112
2 0.295782 0.638152 0.0112965 0.0176911 0.00156587
5 0.824186 0.810153 0.0261453 0.0590821 0.00156176
14 0.157993 0.839769 0.0170955 0.0215939 0.00156171
7 0.536912 0.637421 0.0125872 0.023831 0.00153266
4 0.459006 0.823564 0.0724198 0.10092 0.0015311
1 0.499243 0.695192 0.0146399 0.0164975 0.00152782
1 0.431394 0.721223 0.0239501 0.01538 0.0015255
7 0.834662 0.613485 0.0374953 0.111775 0.00152205
7 0.513363 0.689502 0.0111407 0.0201739 0.00152121
7 0.550541 0.754908 0.0121133 0.0274067 0.00150567
1 0.440218 0.714356 0.00922165 0.0187628 0.00150197
24 0.83809 0.817382 0.0650338 0.0756716 0.00149528
2 0.283274 0.635613 0.00949481 0.0150809 0.0014898
6 0.645797 0.755845 0.0324373 0.0679463 0.00148817
4 0.625815 0.808076 0.0141926 0.030517 0.00147572
1 0.99076 0.624473 0.0155805 0.0910953 0.00146699
0 0.556543 0.800692 0.00659454 0.0198411 0.00146469
4 0.589128 0.795741 0.0207089 0.0279551 0.00144214
2 0.284348 0.611465 0.0101629 0.0153543 0.00143486
1 0.355601 0.708172 0.0276621 0.0255024 0.00140046
1 0.834662 0.613485 0.0374953 0.111775 0.00139999
7 0.49975 0.672416 0.0135494 0.0256861 0.00137894
6 0.133689 0.826336 0.0240597 0.0504128 0.00137546
4 0.890601 0.796668 0.0452944 0.0286188 0.00135106
2 0.529584 0.667245 0.00841852 0.0151382 0.00133276
2 0.528774 0.672091 0.0115334 0.0159545 0.00133239
14 0.0830873 0.836007 0.0122323 0.0250315 0.00133126
4 0.820768 0.831 0.0334387 0.0480262 0.00130793
0 0.538551 0.530934 0.0267617 0.0276351 0.00129683
1 0.334593 0.723426 0.0101597 0.0160668 0.00128713
10 0.422116 0.530191 0.0079946 0.0140829 0.00128451
8 0.118816 0.835428 0.0154504 0.0269385 0.00128104
8 0.0830873 0.836007 0.0122323 0.0250315 0.00127291
8 0.501158 0.788857 0.0100918 0.0151321 0.00127089
1 0.19567 0.780979 0.0161355 0.0246162 0.00123106
14 0.479255 0.820657 0.0324829 0.0857193 0.00123081
6 0.67959 0.761984 0.0296727 0.0726553 0.00122932
7 0.507303 0.654965 0.00971173 0.0306868 0.00122517
7 0.839353 0.622191 0.0213834 0.0932621 0.0012227
4 0.943206 0.79034 0.079094 0.0327446 0.00121538
2 0.695642 0.147737 0.0116771 0.0247895 0.00119364
7 0.574252 0.528556 0.0170062 0.0148699 0.00119145
4 0.485031 0.778377 0.0172565 0.0351589 0.00118644
2 0.728363 0.14385 0.023006 0.0209804 0.00118379
1 0.531388 0.792696 0.0101448 0.0148336 0.00117966
0 0.1283 0.83049 0.0124859 0.0387498 0.00117091
2 0.497765 0.531754 0.0164362 0.0628818 0.00116829
6 0.220121 0.8161 0.0134405 0.0251574 0.00116736
4 0.070231 0.820035 0.0630722 0.050778 0.00116071
