4 0.491186 0.583144 0.0526198 0.0501577 0.879226
4 0.4306 0.582797 0.050478 0.0492907 0.868228
4 0.252628 0.584748 0.0445297 0.0532544 0.867211
4 0.318993 0.582389 0.0411528 0.05346 0.865376
6 0.646291 0.570746 0.136503 0.15903 0.857494
4 0.373156 0.580698 0.0582187 0.0519012 0.831267
6 0.807344 0.574269 0.224083 0.169099 0.69771
6 0.218903 0.562152 0.0397162 0.0505627 0.428597
4 0.0731105 0.584706 0.0530385 0.0585719 0.234809
4 0.0561728 0.600743 0.0882071 0.0830949 0.124393
1 0.557001 0.441502 0.0156043 0.0852161 0.121458
4 0.732763 0.578472 0.072408 0.0873996 0.0577516
4 0.58933 0.559991 0.0201039 0.0159505 0.057153
4 0.0977262 0.582141 0.103295 0.0629854 0.054249
4 0.719867 0.56846 0.0475252 0.0715289 0.0475923
4 0.197837 0.565111 0.0492215 0.0426055 0.0475786
4 0.187785 0.570073 0.033773 0.0307122 0.044288
6 0.104426 0.580426 0.116009 0.0668317 0.0440768
4 0.405457 0.576033 0.024213 0.0379206 0.0357972
6 0.0730871 0.584426 0.0536535 0.0599428 0.0292838
4 0.121385 0.578696 0.0962786 0.0683072 0.0256274
4 0.218975 0.561929 0.0400975 0.0504839 0.0255889
6 0.205908 0.563473 0.064 0.0481431 0.0249744
4 0.169211 0.572182 0.0427674 0.0344147 0.0191225
4 0.592841 0.554659 0.0147488 0.0155751 0.0184504
6 0.589646 0.554529 0.0221044 0.0359419 0.0153578
4 0.532887 0.572667 0.0286378 0.0226984 0.0122743
4 0.181495 0.573515 0.0251338 0.0327649 0.012166
4 0.205573 0.562921 0.0684031 0.0518609 0.011416
4 0.0558218 0.568458 0.0154493 0.0153516 0.0111899
4 0.0898829 0.600532 0.0222405 0.0279887 0.0110424
4 0.458916 0.579498 0.0209581 0.0293137 0.0108659
4 0.161209 0.576295 0.031658 0.031605 0.0101879
12 0.218973 0.561804 0.0402574 0.051506 0.00976908
4 0.589646 0.554529 0.0221044 0.0359419 0.00908962
4 0.276568 0.566333 0.0122755 0.014081 0.00757459
22 0.291797 0.615901 0.0142 0.030744 0.00692477
15 0.105461 0.579714 0.116389 0.0677006 0.0053275
15 0.218973 0.561804 0.0402574 0.051506 0.00504549
4 0.29735 0.571071 0.0144676 0.0191192 0.005023
4 0.0998605 0.591972 0.0427898 0.0461804 0.00425035
6 0.252584 0.584886 0.0445464 0.0537939 0.0036499
24 0.807344 0.574269 0.224083 0.169099 0.00364066
3 0.291797 0.615901 0.0142 0.030744 0.00341393
4 0.561191 0.591994 0.0924722 0.0803228 0.00313325
15 0.0730871 0.584426 0.0536535 0.0599428 0.00312717
4 0.521393 0.578599 0.0175928 0.0318102 0.00309475
6 0.559162 0.59124 0.0876796 0.0814345 0.00307271
24 0.644375 0.570515 0.132562 0.159708 0.00281494
4 0.151156 0.576897 0.02073 0.0325133 0.00275102
14 0.527542 0.579639 0.019662 0.0328495 0.0026803
4 0.516848 0.570957 0.0149605 0.0206286 0.00256843
8 0.291797 0.615901 0.0142 0.030744 0.00253141
6 0.136729 0.574644 0.0963657 0.0567869 0.00241477
4 0.717522 0.587969 0.0440397 0.0788363 0.00239494
15 0.205908 0.563473 0.064 0.0481431 0.00234785
6 0.718694 0.571545 0.0448988 0.0713422 0.00224662
5 0.0731105 0.584706 0.0530385 0.0585719 0.00220018
4 0.527542 0.579639 0.019662 0.0328495 0.00215806
6 0.58933 0.559991 0.0201039 0.0159505 0.00197443
1 0.218853 0.562138 0.0398389 0.0508475 0.00197177
5 0.21926 0.562498 0.0404046 0.0509998 0.00196153
12 0.205573 0.562921 0.0684031 0.0518609 0.00191855
4 0.297485 0.582834 0.0136472 0.0409415 0.00191783
4 0.338065 0.573054 0.0123583 0.0288202 0.00189575
1 0.597093 0.538607 0.00995367 0.0221695 0.00185809
0 0.592841 0.554659 0.0147488 0.0155751 0.00171945
15 0.644375 0.570515 0.132562 0.159708 0.00168571
4 0.045499 0.585551 0.0698032 0.0546988 0.00156796
0 0.291797 0.615901 0.0142 0.030744 0.0015626
4 0.737424 0.560943 0.0863952 0.0712026 0.00155024
2 0.529509 0.394156 0.0174816 0.0223474 0.00154122
4 0.159685 0.574733 0.0503086 0.0367465 0.00150818
4 0.279365 0.579069 0.0193601 0.038946 0.00135094
1 0.541462 0.438134 0.0397437 0.0881758 0.00133511
4 0.914729 0.542152 0.0392866 0.0180174 0.00131139
8 0.0898829 0.600532 0.0222405 0.0279887 0.00130472
4 0.489546 0.56993 0.0499372 0.0256449 0.00125768
14 0.291797 0.615901 0.0142 0.030744 0.00123783
6 0.578052 0.59117 0.0502553 0.0785621 0.0012262
24 0.219453 0.564553 0.0416035 0.0520398 0.00122015
4 0.600866 0.593896 0.044782 0.103621 0.00119917
4 0.340255 0.578161 0.0105525 0.033991 0.00117739
1 0.556821 0.475728 0.0157303 0.0431803 0.00115627
13 0.592841 0.554659 0.0147488 0.0155751 0.00114564
6 0.591355 0.59842 0.0354146 0.0822861 0.00112234
2 0.105847 0.187506 0.0158675 0.0144355 0.00107016
14 0.529362 0.595436 0.0246064 0.06511 0.00106587
22 0.287311 0.61362 0.0184987 0.0325559 0.0010658
1 0.236996 0.56262 0.0157229 0.0382602 0.00106054
4 0.532415 0.58442 0.033666 0.0462985 0.00102738
