18 0.778903 0.397684 0.129982 0.251535 0.950193
18 0.37526 0.204792 0.0766617 0.148442 0.851285
18 0.42419 0.115611 0.0943721 0.177361 0.811892
18 0.0898892 0.321644 0.0456819 0.126463 0.801156
18 0.0576296 0.409587 0.0752531 0.223767 0.794577
18 0.540997 0.0848987 0.0582997 0.0918813 0.704178
18 0.459862 0.0844328 0.070269 0.163006 0.594901
18 0.760309 0.0339993 0.0521816 0.0679986 0.515704
18 0.560794 0.05517 0.0660029 0.108661 0.466023
18 0.367404 0.0963355 0.0305708 0.0701728 0.459383
18 0.0332604 0.259144 0.0590084 0.0905189 0.368181
14 0.207821 0.378583 0.29382 0.677587 0.239173
19 0.908271 0.177518 0.177514 0.354139 0.225737
4 0.0187961 0.427953 0.0365412 0.321203 0.214455
19 0.0489297 0.209608 0.0978137 0.173035 0.180588
18 0.498917 0.110642 0.0658368 0.110948 0.177888
18 0.497798 0.083549 0.0718234 0.144785 0.176563
18 0.0917731 0.364967 0.0470517 0.150714 0.174552
18 0.574401 0.0513728 0.0391439 0.101292 0.160802
18 0.362833 0.038535 0.039546 0.074565 0.141131
14 0.906122 0.201972 0.171491 0.308345 0.137107
18 0.483952 0.104685 0.0896228 0.131012 0.123001
18 0.518156 0.0356297 0.0419232 0.070236 0.117617
18 0.413056 0.0646317 0.0807841 0.112394 0.0890828
18 0.052728 0.274182 0.041939 0.0594571 0.0767636
14 0.0586071 0.410921 0.0735264 0.2231 0.0746678
18 0.516067 0.0683222 0.0419037 0.133727 0.064356
10 0.367815 0.0959344 0.0284674 0.072804 0.0596544
18 0.459478 0.039677 0.0651574 0.0749494 0.0592074
18 0.0959373 0.393963 0.0442154 0.144535 0.0581375
18 0.033875 0.404626 0.0607262 0.386485 0.0519133
18 0.049069 0.211744 0.0952006 0.17576 0.0463023
18 0.0423906 0.244333 0.0816131 0.114726 0.045
26 0.760713 0.0342927 0.0524782 0.0685855 0.0443675
26 0.311696 0.655621 0.0537856 0.122303 0.0434432
14 0.177288 0.0220903 0.0735142 0.0430697 0.0408845
18 0.540841 0.0525257 0.0586975 0.105051 0.0406923
18 0.0391967 0.296324 0.0690844 0.172735 0.0401596
18 0.49414 0.0346227 0.0402402 0.0682152 0.0347602
10 0.366713 0.0782662 0.0319921 0.106142 0.0339854
18 0.319922 0.0326066 0.0546599 0.0648848 0.0334601
14 0.216688 0.654868 0.243056 0.115292 0.0315104
14 0.987661 0.402123 0.0207119 0.268253 0.0278764
18 0.429384 0.144175 0.0844584 0.114998 0.0267518
0 0.829994 0.0574518 0.0379981 0.11378 0.0266094
14 0.565004 0.0540524 0.0571691 0.106194 0.0252509
19 0.207858 0.381084 0.293489 0.670967 0.0249756
18 0.0239432 0.277923 0.0372901 0.15038 0.0201699
10 0.317435 0.0558632 0.0210175 0.020779 0.0197834
14 0.760243 0.034387 0.0523012 0.0687741 0.0173125
14 0.79851 0.0274001 0.0343659 0.0527304 0.0171481
10 0.362562 0.0382792 0.0399215 0.0739951 0.0164787
19 0.986969 0.411397 0.0199272 0.260416 0.0154428
18 0.470143 0.0319586 0.0509598 0.0624461 0.0143502
18 0.956917 0.406876 0.0797709 0.262216 0.0141521
18 0.344802 0.187843 0.0263052 0.156961 0.0139567
18 0.983731 0.406366 0.0274531 0.264589 0.0128195
18 0.364648 0.0650812 0.0410526 0.125798 0.0118005
18 0.0568869 0.215151 0.0832631 0.108387 0.0109328
14 0.01822 0.439404 0.0352321 0.297699 0.0106742
18 0.464083 0.126002 0.0740296 0.122138 0.0101634
9 0.319688 0.654766 0.0369074 0.122016 0.00977895
18 0.31128 0.0268051 0.0412002 0.0522463 0.00943598
19 0.0423906 0.244333 0.0816131 0.114726 0.0093789
18 0.338265 0.033638 0.0276025 0.0667681 0.00934661
18 0.426226 0.16024 0.030944 0.095748 0.00874882
18 0.260697 0.0290514 0.100698 0.0525647 0.0080673
1 0.01822 0.439404 0.0352321 0.297699 0.00770522
18 0.340342 0.0362812 0.0642835 0.0701925 0.00769497
0 0.799015 0.0304805 0.036631 0.0593192 0.00758982
19 0.459862 0.0844328 0.070269 0.163006 0.00741312
9 0.760713 0.0342927 0.0524782 0.0685855 0.00640409
18 0.478173 0.112743 0.0569369 0.111479 0.00599902
18 0.33792 0.191505 0.0405374 0.175201 0.00556033
18 0.544151 0.0285794 0.0509399 0.0571587 0.00554385
18 0.799805 0.0282358 0.0338362 0.0553297 0.00525566
4 0.0586071 0.410921 0.0735264 0.2231 0.00514177
10 0.325685 0.0526629 0.0389708 0.0530533 0.00459122
0 0.808133 0.02987 0.0213382 0.0566267 0.00459024
18 0.431388 0.00890341 0.0396985 0.0178068 0.00434678
12 0.987661 0.402123 0.0207119 0.268253 0.00428559
5 0.986969 0.411397 0.0199272 0.260416 0.00427156
18 0.777673 0.0333872 0.0791405 0.0667744 0.00409715
18 0.950259 0.453198 0.0648596 0.0889828 0.00395308
18 0.034673 0.204275 0.0556103 0.0849682 0.00393265
0 0.822632 0.0350619 0.0350689 0.0690164 0.00366551
18 0.523704 0.103436 0.0923209 0.114159 0.00356742
18 0.476462 0.0776459 0.109674 0.146349 0.00345185
18 0.555032 0.0748773 0.0635239 0.0844197 0.0034103
18 0.539935 0.0641188 0.091724 0.128083 0.00332184
14 0.259112 0.0289355 0.0986377 0.0544848 0.0032594
14 0.206571 0.0202358 0.1266 0.0404716 0.00309093
10 0.565004 0.0540524 0.0571691 0.106194 0.0030249
6 0.0421319 0.378811 0.0842638 0.407109 0.00294879
0 0.778912 0.39891 0.131056 0.249992 0.00294334
18 0.447365 0.141125 0.0579468 0.113005 0.00281915
18 0.0953351 0.42698 0.0481574 0.103958 0.00276055
18 0.430422 0.0757439 0.0885473 0.117541 0.00273982
18 0.340179 0.0585817 0.0570484 0.0568846 0.00269234
14 0.317019 0.654672 0.0416982 0.122681 0.00261272
19 0.487969 0.0759058 0.089282 0.151092 0.00258529
14 0.0333546 0.272857 0.0544946 0.118041 0.00256464
18 0.310331 0.0352105 0.0243986 0.0458166 0.00255754
0 0.174693 0.0233521 0.0769574 0.0454617 0.00254298
14 0.367659 0.095767 0.0286427 0.0732486 0.00254117
18 0.0870439 0.419495 0.0664958 0.125579 0.00248235
19 0.260697 0.0290514 0.100698 0.0525647 0.00244801
18 0.065924 0.413869 0.0604412 0.157998 0.00233981
0 0.760243 0.034387 0.0523012 0.0687741 0.00229352
6 0.0187211 0.364131 0.0374423 0.444266 0.00222423
1 0.0586071 0.410921 0.0735264 0.2231 0.00221822
14 0.174168 0.0287727 0.102687 0.0570514 0.00221213
0 0.908123 0.179486 0.180283 0.356498 0.00200025
19 0.0330499 0.262116 0.0579917 0.0990596 0.00199801
14 0.828435 0.0533051 0.0397459 0.105772 0.00196994
0 0.832298 0.0375293 0.0396411 0.0743707 0.00196871
22 0.311696 0.655621 0.0537856 0.122303 0.00193525
19 0.0464768 0.323021 0.091443 0.398393 0.00192189
18 0.0349001 0.338883 0.052066 0.209755 0.00191634
18 0.339382 0.14453 0.0420245 0.144154 0.00185736
26 0.565004 0.0540524 0.0571691 0.106194 0.00182002
1 0.98682 0.414746 0.0183328 0.268691 0.00180321
10 0.316481 0.0321102 0.036577 0.057676 0.00174995
0 0.00620923 0.182365 0.0114562 0.0447816 0.00172284
18 0.0451609 0.383543 0.0648149 0.183911 0.0016604
18 0.443488 0.0293224 0.0621218 0.0585969 0.00163087
38 0.987661 0.402123 0.0207119 0.268253 0.00152943
0 0.259112 0.0289355 0.0986377 0.0544848 0.0014717
5 0.0421319 0.378811 0.0842638 0.407109 0.00145798
18 0.017869 0.190921 0.0270352 0.0600262 0.00144907
18 0.956265 0.470568 0.0787316 0.132418 0.00143406
18 0.0416345 0.184892 0.0818443 0.115178 0.00141822
18 0.423565 0.176163 0.0425446 0.065017 0.00138832
14 0.201662 0.115468 0.162891 0.169926 0.00137899
26 0.79851 0.0274001 0.0343659 0.0527304 0.00137428
10 0.333419 0.0700573 0.0217005 0.0283198 0.00136535
19 0.033875 0.404626 0.0607262 0.386485 0.00125781
21 0.905676 0.19845 0.171823 0.310198 0.0012407
32 0.0586071 0.410921 0.0735264 0.2231 0.00123816
18 0.346692 0.130118 0.0252211 0.116452 0.00120637
18 0.321286 0.0477299 0.0494562 0.0662128 0.00118957
4 0.98682 0.414746 0.0183328 0.268691 0.0011428
43 0.0586071 0.410921 0.0735264 0.2231 0.00111838
18 0.360347 0.101838 0.0471543 0.0609975 0.00110624
49 0.906122 0.201972 0.171491 0.308345 0.00110057
18 0.352176 0.118947 0.020566 0.0575147 0.00109201
18 0.38561 0.144457 0.0405635 0.0375323 0.00107787
18 0.293704 0.025722 0.0587344 0.0493374 0.00106122
4 0.919612 0.0192871 0.156438 0.0381075 0.00104156
0 0.867996 0.0203469 0.050623 0.0402535 0.00100564
