18 0.560525 0.480866 0.0586201 0.163177 0.831175
14 0.677742 0.576458 0.136482 0.293263 0.769158
30 0.350136 0.0719514 0.0210324 0.0373693 0.080817
18 0.618319 0.541888 0.0134604 0.0696216 0.050896
18 0.581877 0.527507 0.0253038 0.0849134 0.0395275
10 0.579925 0.526518 0.0214155 0.0833615 0.0279984
30 0.719372 0.255026 0.0207913 0.0564333 0.0278323
1 0.933099 0.21375 0.0129065 0.0456554 0.0277187
30 0.900576 0.213674 0.0236772 0.0256365 0.0207322
30 0.755823 0.174572 0.0176138 0.0257957 0.0189623
2 0.755823 0.174572 0.0176138 0.0257957 0.0179589
18 0.223166 0.432831 0.0242122 0.0620807 0.0176044
30 0.932859 0.214065 0.0133213 0.0434037 0.0168838
30 0.797442 0.133122 0.0176159 0.0230549 0.013522
25 0.71974 0.255764 0.0204501 0.0534727 0.0125408
30 0.589278 0.241945 0.0231277 0.0217841 0.0122618
26 0.580026 0.527117 0.0221017 0.0855171 0.0122539
18 0.589653 0.553971 0.0265707 0.0355248 0.0118903
30 0.869929 0.179577 0.0170563 0.0179064 0.0115247
10 0.53878 0.520984 0.0178987 0.0618368 0.0113667
26 0.618512 0.543984 0.0131707 0.0703059 0.0107503
30 0.859092 0.264282 0.00900501 0.0300942 0.0102987
30 0.894213 0.214945 0.0179489 0.0231163 0.0102004
30 0.541702 0.231418 0.0127167 0.0215812 0.0101465
30 0.704477 0.216453 0.0158417 0.0371786 0.00832115
2 0.619301 0.108763 0.0109244 0.0166924 0.00802585
2 0.619826 0.0874428 0.014105 0.0304587 0.00718213
30 0.755583 0.167206 0.0186039 0.0236255 0.0070397
30 0.887863 0.302582 0.0303829 0.119729 0.00682699
26 0.53878 0.520984 0.0178987 0.0618368 0.00678484
2 0.756107 0.184702 0.0221127 0.0321331 0.00678005
2 0.764197 0.198506 0.00990619 0.0256393 0.00655328
30 0.846541 0.25995 0.00852283 0.0178803 0.00647327
30 0.378095 0.0794105 0.0171463 0.0288218 0.00630367
10 0.85797 0.392909 0.0141201 0.033203 0.00614877
30 0.864491 0.263331 0.00980872 0.0339001 0.00603888
30 0.572393 0.107365 0.0113539 0.0145168 0.0057616
18 0.606799 0.562257 0.0164393 0.0283337 0.00525028
30 0.431502 0.0927213 0.0134513 0.0304089 0.00510319
30 0.540844 0.263871 0.0408961 0.0350912 0.0047664
30 0.352799 0.111353 0.0205657 0.0143084 0.00462312
10 0.835382 0.258998 0.0082851 0.015791 0.00419766
30 0.329943 0.0669911 0.0197345 0.0380084 0.00417272
0 0.719372 0.255026 0.0207913 0.0564333 0.00391563
30 0.821947 0.032076 0.0340172 0.0620392 0.00385868
25 0.269961 0.138296 0.0549461 0.127002 0.00376079
10 0.812305 0.257026 0.00804559 0.0150571 0.00367285
18 0.53878 0.520984 0.0178987 0.0618368 0.00353368
30 0.346575 0.10585 0.019402 0.0212463 0.00335272
30 0.869438 0.169841 0.0196352 0.0368359 0.00331395
10 0.618512 0.543984 0.0131707 0.0703059 0.00326587
30 0.834226 0.258736 0.00840985 0.017289 0.00325441
18 0.361616 0.457241 0.0333231 0.175952 0.00324949
2 0.703033 0.193418 0.0156538 0.0224213 0.003237
30 0.865238 0.251493 0.00959815 0.0195846 0.0032107
30 0.873198 0.180022 0.0173317 0.0222549 0.00317899
2 0.572393 0.107365 0.0113539 0.0145168 0.00311631
60 0.414294 0.0337993 0.0416769 0.0664818 0.0031065
30 0.309289 0.0578457 0.0186311 0.0304056 0.00295572
2 0.604788 0.0921789 0.0115592 0.0371839 0.0029356
30 0.913898 0.185455 0.012019 0.0270611 0.00284874
2 0.951166 0.196023 0.0109623 0.0181703 0.00270118
30 0.872682 0.337594 0.0154814 0.0256826 0.00267669
2 0.762593 0.181089 0.0128259 0.021204 0.00267235
30 0.568409 0.00756482 0.040183 0.0151296 0.0025336
16 0.580026 0.527117 0.0221017 0.0855171 0.00252685
30 0.586247 0.264293 0.0181351 0.0386103 0.00248842
30 0.356601 0.148137 0.0201096 0.0404693 0.00244953
16 0.538206 0.521082 0.018882 0.0657517 0.00241146
28 0.53878 0.520984 0.0178987 0.0618368 0.0023787
10 0.841652 0.400513 0.0191685 0.0156398 0.0023232
30 0.883581 0.225993 0.0104789 0.0283172 0.00227597
2 0.759848 0.190661 0.0176807 0.0279197 0.0022231
18 0.560559 0.422824 0.0491697 0.0695554 0.00219201
2 0.605919 0.127679 0.0092749 0.0144666 0.00218137
30 0.715218 0.233411 0.0125578 0.0251414 0.00210771
30 0.863152 0.26265 0.00828973 0.0226273 0.00210752
0 0.954692 0.0174788 0.0217876 0.028057 0.00209077
30 0.855776 0.258946 0.00884284 0.0323168 0.00208576
30 0.835053 0.253584 0.00931738 0.0209885 0.00208116
18 0.511467 0.391307 0.0360535 0.0474099 0.00207536
2 0.688812 0.208994 0.00788239 0.0144043 0.0020672
30 0.416522 0.0333146 0.0395063 0.0657529 0.00205122
30 0.914019 0.171188 0.00813525 0.0215749 0.00198939
30 0.759848 0.190661 0.0176807 0.0279197 0.00198718
23 0.53878 0.520984 0.0178987 0.0618368 0.00198613
30 0.314163 0.0608863 0.0278952 0.0405567 0.00196171
30 0.35599 0.159867 0.0216453 0.0539508 0.00189972
18 0.611352 0.566733 0.0190904 0.0246514 0.00183689
19 0.560938 0.483396 0.0577301 0.169936 0.00182483
2 0.962957 0.00482127 0.0150301 0.00964254 0.00180601
2 0.954692 0.0174788 0.0217876 0.028057 0.00179893
30 0.764197 0.198506 0.00990619 0.0256393 0.00177742
0 0.8881 0.30967 0.0293635 0.112242 0.00177339
18 0.61428 0.542955 0.0197869 0.0688604 0.00172874
2 0.606153 0.108515 0.0113195 0.0336433 0.00172114
30 0.819421 0.250711 0.00624786 0.0201465 0.00171897
2 0.755583 0.167206 0.0186039 0.0236255 0.00169407
18 0.508052 0.396188 0.0256426 0.0315475 0.00166837
30 0.581289 0.00686367 0.0191128 0.0137273 0.00166017
18 0.600119 0.528487 0.0280209 0.0698236 0.00165006
30 0.879851 0.382522 0.0193763 0.0390317 0.00160201
2 0.571972 0.0984296 0.0105074 0.02014 0.0015473
30 0.842557 0.253331 0.00669464 0.0191245 0.00150656
23 0.618458 0.543909 0.0131873 0.0721807 0.00150321
18 0.516841 0.375966 0.0219749 0.0265196 0.00147107
30 0.486434 0.0501974 0.0169294 0.0194095 0.00146712
18 0.85797 0.392909 0.0141201 0.033203 0.00144841
35 0.561457 0.480674 0.0601031 0.162505 0.00142855
60 0.568409 0.00756482 0.040183 0.0151296 0.00142541
2 0.74357 0.20305 0.00794153 0.0165449 0.00142285
10 0.857901 0.384847 0.0168097 0.0338193 0.00142271
0 0.293286 0.158559 0.0269633 0.0806118 0.00141865
0 0.705238 0.223068 0.0174111 0.0495746 0.0013375
30 0.883298 0.310476 0.0338749 0.0871234 0.00132254
30 0.882256 0.238748 0.0146759 0.0205071 0.00131392
30 0.873616 0.37389 0.017651 0.0522726 0.00131029
2 0.788722 0.0938264 0.0110905 0.0165159 0.00130655
30 0.422921 0.0339837 0.0253416 0.0598854 0.00129336
30 0.855058 0.230694 0.0212192 0.0421293 0.00128243
2 0.619649 0.0783848 0.0171995 0.0289594 0.0012727
30 0.871707 0.227516 0.0148099 0.0336808 0.00127164
35 0.873616 0.37389 0.017651 0.0522726 0.00126751
0 0.873616 0.37389 0.017651 0.0522726 0.0012353
30 0.909928 0.1854 0.00925598 0.0257865 0.00123118
10 0.861139 0.35748 0.0180352 0.0525484 0.00122623
42 0.88617 0.307375 0.0311533 0.113638 0.00121404
18 0.857901 0.384847 0.0168097 0.0338193 0.00118085
25 0.705238 0.223068 0.0174111 0.0495746 0.00117597
18 0.557117 0.510229 0.0554877 0.0916852 0.00116195
30 0.951597 0.265133 0.0122011 0.031911 0.00116163
30 0.374449 0.0388422 0.0345899 0.0325221 0.00114855
18 0.677428 0.575811 0.134967 0.29076 0.00112339
30 0.826785 0.223455 0.0128672 0.0197386 0.00112206
30 0.879947 0.405111 0.0161343 0.0193169 0.00108203
2 0.704477 0.216453 0.0158417 0.0371786 0.00107014
2 0.78581 0.0952093 0.0109449 0.0167426 0.00106918
30 0.857901 0.384847 0.0168097 0.0338193 0.00106803
18 0.548639 0.438317 0.029139 0.0765635 0.0010665
18 0.547986 0.412642 0.0317355 0.050447 0.00106117
2 0.872682 0.337594 0.0154814 0.0256826 0.00105894
30 0.54145 0.273415 0.0423851 0.0418722 0.00105337
30 0.74357 0.20305 0.00794153 0.0165449 0.00102298
30 0.915945 0.196336 0.0125958 0.0131206 0.00102159
28 0.580026 0.527117 0.0221017 0.0855171 0.00101626
2 0.695229 0.201099 0.00751813 0.0102866 0.00101474
19 0.677428 0.575811 0.134967 0.29076 0.00100089
