1 0.132033 0.348419 0.262969 0.22985 0.962053
4 0.134641 0.830644 0.140958 0.172236 0.92608
1 0.398474 0.703634 0.0335389 0.0900512 0.888792
4 0.246449 0.795399 0.0600824 0.0594125 0.861704
1 0.559253 0.644749 0.0320248 0.0282426 0.777946
6 0.177098 0.729779 0.0564095 0.0844099 0.777529
1 0.528626 0.678933 0.0255451 0.0196605 0.66223
4 0.236074 0.788 0.0402853 0.0603579 0.44508
1 0.0471881 0.754936 0.00977027 0.0175409 0.24678
1 0.611 0.643367 0.017315 0.0295031 0.211561
1 0.343157 0.755843 0.0205621 0.0166602 0.202956
1 0.350725 0.705944 0.011975 0.0292007 0.18008
1 0.434275 0.734095 0.0114361 0.0342772 0.161599
1 0.349468 0.736324 0.0144991 0.0294577 0.134058
1 0.374368 0.751061 0.0186264 0.0379533 0.121763
1 0.468216 0.708441 0.0116642 0.0319064 0.107279
6 0.344208 0.75368 0.0204221 0.021861 0.0959458
4 0.0831393 0.772736 0.0087912 0.01607 0.0819819
1 0.345999 0.74567 0.0223035 0.0383607 0.0769547
7 0.468216 0.708441 0.0116642 0.0319064 0.0718415
1 0.554345 0.674157 0.0111166 0.0293732 0.0687158
1 0.43834 0.736928 0.0107056 0.0354552 0.067725
4 0.24287 0.7618 0.0231252 0.0158684 0.0672797
6 0.345728 0.74064 0.0205826 0.0373849 0.060537
1 0.31818 0.714448 0.0195547 0.0182311 0.0569564
4 0.122477 0.755824 0.0656917 0.0370374 0.0513208
4 0.226763 0.758633 0.0117495 0.0125398 0.0465903
1 0.0831393 0.772736 0.0087912 0.01607 0.0440315
1 0.43397 0.725704 0.0118817 0.0212786 0.042564
15 0.785199 0.685128 0.0871196 0.0305642 0.0406447
1 0.420749 0.720151 0.0124663 0.0200944 0.0400275
1 0.421219 0.731813 0.0153144 0.0397732 0.0378009
1 0.530925 0.703323 0.0195713 0.0171615 0.0364863
1 0.604136 0.643284 0.0311401 0.0301281 0.0362954
1 0.44625 0.744738 0.0117619 0.0283806 0.0355995
1 0.559771 0.670072 0.0327949 0.0316176 0.0334058
6 0.214465 0.738526 0.0177995 0.0598581 0.0326525
1 0.524839 0.709193 0.0334648 0.0166324 0.0309777
6 0.0471881 0.754936 0.00977027 0.0175409 0.0308569
1 0.374767 0.733976 0.0180996 0.0409048 0.0273117
4 0.0471881 0.754936 0.00977027 0.0175409 0.0259884
4 0.0744329 0.797808 0.0167356 0.019802 0.0249011
1 0.457334 0.71105 0.00816989 0.0176402 0.023301
1 0.37415 0.714916 0.0161039 0.0174682 0.0231357
4 0.822854 0.698017 0.0152153 0.0140012 0.021527
4 0.120618 0.775076 0.0828433 0.0746517 0.0200322
1 0.230975 0.740499 0.00683405 0.0160122 0.0192013
6 0.0831393 0.772736 0.0087912 0.01607 0.0190524
4 0.31818 0.714448 0.0195547 0.0182311 0.0184139
1 0.447265 0.777241 0.0134645 0.0405556 0.0181305
1 0.639822 0.691165 0.0183654 0.0144327 0.0179673
1 0.233071 0.725459 0.00794501 0.0210118 0.0169926
6 0.218989 0.760526 0.0208058 0.0225609 0.0161591
6 0.226763 0.758633 0.0117495 0.0125398 0.0144106
1 0.477068 0.702272 0.0117697 0.0210201 0.0144057
4 0.125657 0.748735 0.063935 0.0223735 0.0143557
1 0.455984 0.774707 0.00810446 0.034071 0.0141348
4 0.197741 0.786042 0.0132302 0.035531 0.0138154
4 0.203027 0.787635 0.0162101 0.0364442 0.0136594
1 0.458309 0.749947 0.0109039 0.0175035 0.013354
1 0.479137 0.703363 0.0308163 0.018568 0.0131981
4 0.0743613 0.77215 0.0162193 0.0153483 0.0128279
1 0.338996 0.755714 0.0171958 0.0148794 0.0124978
1 0.0319284 0.759054 0.0252803 0.0175752 0.0124708
6 0.230975 0.740499 0.00683405 0.0160122 0.0123593
6 0.31818 0.714448 0.0195547 0.0182311 0.0123409
7 0.457334 0.71105 0.00816989 0.0176402 0.0118596
1 0.422069 0.739755 0.0188998 0.034704 0.0117485
6 0.125657 0.748735 0.063935 0.0223735 0.0116443
4 0.250378 0.761308 0.0125923 0.0148617 0.0109349
4 0.269455 0.782161 0.016193 0.0286985 0.0109002
1 0.438852 0.721296 0.00948071 0.0135232 0.0104847
1 0.326244 0.713847 0.011816 0.0191408 0.0104299
6 0.338996 0.755714 0.0171958 0.0148794 0.010338
4 0.338996 0.755714 0.0171958 0.0148794 0.00993345
1 0.0499044 0.755336 0.0142514 0.0151164 0.00980729
4 0.132543 0.747905 0.0437091 0.0152825 0.00978983
1 0.579988 0.679074 0.00936517 0.0217827 0.0096485
1 0.313435 0.715709 0.026433 0.0177852 0.00942879
6 0.349468 0.736324 0.0144991 0.0294577 0.00929793
4 0.893639 0.700561 0.0120081 0.0108801 0.0090643
1 0.389955 0.762918 0.0157787 0.0315323 0.00888807
6 0.235506 0.785587 0.0399221 0.0565119 0.00887641
1 0.540596 0.675767 0.0186809 0.0247135 0.0085781
4 0.789776 0.695522 0.0741676 0.0140184 0.00839081
1 0.489997 0.702966 0.0132099 0.0194715 0.00833268
4 0.780518 0.684755 0.0788527 0.0295785 0.00829394
4 0.0751068 0.786566 0.0176398 0.0338334 0.0082351
1 0.0743613 0.77215 0.0162193 0.0153483 0.00743496
6 0.21791 0.745684 0.0259534 0.0408738 0.0066762
1 0.470332 0.727324 0.00966153 0.0220065 0.00658421
4 0.210186 0.780259 0.0191179 0.0327917 0.00656769
4 0.151482 0.749247 0.0125463 0.0117188 0.00649353
1 0.284367 0.716488 0.0185149 0.0141413 0.00638014
1 0.493776 0.709374 0.0102527 0.0178211 0.00633665
4 0.230975 0.740499 0.00683405 0.0160122 0.00626259
1 0.0471333 0.76307 0.010471 0.0204687 0.00623592
1 0.55446 0.699491 0.00914545 0.0352894 0.00619311
1 0.0257726 0.758514 0.0344689 0.0206731 0.00614577
6 0.24287 0.7618 0.0231252 0.0158684 0.00609071
4 0.275562 0.786267 0.012184 0.0225184 0.00603511
1 0.470884 0.74931 0.0101862 0.0171653 0.00601833
1 0.0294886 0.765857 0.0187779 0.0154363 0.00575063
1 0.0427585 0.753193 0.0135527 0.0193077 0.00568265
0 0.893639 0.700561 0.0120081 0.0108801 0.00567936
1 0.82428 0.679867 0.0131942 0.0195492 0.00565955
1 0.482241 0.708356 0.0101746 0.017322 0.00549233
6 0.326244 0.713847 0.011816 0.0191408 0.00535487
7 0.0831393 0.772736 0.0087912 0.01607 0.00534904
4 0.359112 0.784057 0.0142997 0.0169716 0.00528979
1 0.308247 0.705035 0.0121899 0.0147208 0.00516619
1 0.464919 0.749405 0.0188119 0.0177773 0.00498883
1 0.239413 0.724275 0.0121785 0.0184357 0.00498695
1 0.406173 0.74603 0.0144887 0.016762 0.00498529
1 0.784039 0.684792 0.0862415 0.0337414 0.00492697
4 0.218989 0.760526 0.0208058 0.0225609 0.00485882
1 0.457543 0.704761 0.00936935 0.0197676 0.00475152
7 0.457543 0.704761 0.00936935 0.0197676 0.00470757
1 0.0623023 0.756924 0.0269867 0.0180316 0.00465125
1 0.316351 0.708536 0.0245117 0.0216316 0.004555
6 0.349333 0.70583 0.0133389 0.0300233 0.00445756
1 0.536842 0.702257 0.0139695 0.0182725 0.00438524
4 0.0936739 0.759018 0.0289119 0.0405325 0.00434844
4 0.639822 0.691165 0.0183654 0.0144327 0.00432351
6 0.122477 0.755824 0.0656917 0.0370374 0.00425418
4 0.148478 0.744309 0.015282 0.0187728 0.00423507
1 0.529133 0.738008 0.0148736 0.0129636 0.00420065
6 0.212137 0.757087 0.0165493 0.0302923 0.0040892
6 0.0743613 0.77215 0.0162193 0.0153483 0.00406213
6 0.784965 0.683956 0.0877329 0.0314515 0.00403526
1 0.559968 0.634731 0.0280292 0.0253337 0.00400137
6 0.132543 0.747905 0.0437091 0.0152825 0.0039615
1 0.536892 0.708894 0.0138259 0.0187417 0.00396093
4 0.0948577 0.753049 0.0130659 0.0272211 0.00392797
6 0.148478 0.744309 0.015282 0.0187728 0.00386856
1 0.581239 0.68796 0.0123995 0.0276348 0.00384676
4 0.779563 0.693111 0.071045 0.0237435 0.00369701
1 0.434925 0.709564 0.0117505 0.0260235 0.003657
7 0.0471881 0.754936 0.00977027 0.0175409 0.00340018
1 0.383252 0.729947 0.0110933 0.0356491 0.00323306
4 0.275324 0.776609 0.0126431 0.0147969 0.00319989
1 0.212137 0.757087 0.0165493 0.0302923 0.00315108
1 0.457962 0.727685 0.0122369 0.0321426 0.00313111
6 0.0751068 0.786566 0.0176398 0.0338334 0.0028897
6 0.233071 0.725459 0.00794501 0.0210118 0.00287295
6 0.366655 0.776953 0.0272217 0.0207451 0.00287245
1 0.177364 0.72958 0.057163 0.0833678 0.00284264
1 0.582551 0.643601 0.0127766 0.0206742 0.00281461
6 0.52767 0.707102 0.027812 0.015191 0.00271902
6 0.0948577 0.753049 0.0130659 0.0272211 0.00270221
6 0.211036 0.785478 0.0185999 0.0388879 0.00264738
1 0.425556 0.703644 0.0272544 0.0245493 0.00259244
4 0.0294886 0.765857 0.0187779 0.0154363 0.00254707
1 0.629182 0.68614 0.0257534 0.0145507 0.00252961
1 0.0574294 0.770196 0.0113526 0.0110175 0.00251441
1 0.370698 0.766757 0.0263674 0.0290103 0.00251296
1 0.060542 0.751508 0.0205165 0.0170144 0.00251053
1 0.37058 0.775905 0.0248476 0.0143127 0.00245697
6 0.120618 0.775076 0.0828433 0.0746517 0.00242175
4 0.313435 0.715709 0.026433 0.0177852 0.00241915
4 0.897942 0.702129 0.0167638 0.0116279 0.00239353
6 0.240103 0.730425 0.0150892 0.0153197 0.00238486
1 0.374583 0.709516 0.020017 0.0290999 0.00234395
7 0.477068 0.702272 0.0117697 0.0210201 0.00231141
6 0.527774 0.678892 0.0251676 0.0199415 0.002269
6 0.242919 0.751012 0.0265916 0.0242461 0.00226601
1 0.240103 0.730425 0.0150892 0.0153197 0.00226561
4 0.326244 0.713847 0.011816 0.0191408 0.00225067
1 0.330968 0.708984 0.0169848 0.0231751 0.00224727
6 0.203027 0.787635 0.0162101 0.0364442 0.00224016
1 0.21791 0.745684 0.0259534 0.0408738 0.00223191
4 0.345629 0.785981 0.0124802 0.0146599 0.00222779
6 0.0471333 0.76307 0.010471 0.0204687 0.00217682
1 0.357022 0.765468 0.0095726 0.0237859 0.00217111
1 0.0744329 0.797808 0.0167356 0.019802 0.00214773
6 0.313435 0.715709 0.026433 0.0177852 0.00213873
1 0.582519 0.705519 0.0149546 0.0357653 0.00213245
22 0.0831393 0.772736 0.0087912 0.01607 0.00205373
4 0.0319284 0.759054 0.0252803 0.0175752 0.0020403
1 0.047138 0.745165 0.0102053 0.0201888 0.00194596
6 0.343506 0.761667 0.017516 0.0232364 0.00192558
1 0.218989 0.760526 0.0208058 0.0225609 0.00191132
6 0.37058 0.775905 0.0248476 0.0143127 0.00190546
1 0.211913 0.737827 0.0163961 0.0601178 0.0019027
15 0.31818 0.714448 0.0195547 0.0182311 0.00188038
4 0.0265232 0.765116 0.0228158 0.0202051 0.00187261
4 0.892725 0.702155 0.0168856 0.0123837 0.00186677
6 0.368531 0.782005 0.0279958 0.0216982 0.00184535
4 0.420749 0.720151 0.0124663 0.0200944 0.00183532
1 0.532939 0.747181 0.00773572 0.0154337 0.00180238
1 0.47108 0.687018 0.0110019 0.0159359 0.00176581
6 0.0744329 0.797808 0.0167356 0.019802 0.00176497
4 0.321859 0.75401 0.0165624 0.0126873 0.00176251
6 0.434275 0.734095 0.0114361 0.0342772 0.00175041
1 0.480324 0.7483 0.00850934 0.0142937 0.00172435
1 0.0265232 0.765116 0.0228158 0.0202051 0.00171066
1 0.582303 0.66189 0.011333 0.0322397 0.00169455
1 0.82352 0.698643 0.0157339 0.0150693 0.00169366
7 0.326244 0.713847 0.011816 0.0191408 0.00168546
6 0.197741 0.786042 0.0132302 0.035531 0.0016702
4 0.111757 0.743234 0.0216932 0.0166519 0.0016389
1 0.0948577 0.753049 0.0130659 0.0272211 0.00163425
6 0.210625 0.721169 0.014308 0.0409943 0.0016153
4 0.641499 0.686872 0.0258292 0.0157908 0.00161012
6 0.250378 0.761308 0.0125923 0.0148617 0.00159886
1 0.337879 0.709924 0.0241591 0.0248083 0.00154962
6 0.0986559 0.756033 0.033468 0.0326135 0.00154251
15 0.126099 0.750763 0.0621363 0.026603 0.00153565
4 0.0750454 0.796121 0.0177684 0.0324518 0.00150558
2 0.461333 0.520181 0.0119696 0.0147163 0.00149925
6 0.243063 0.766939 0.026411 0.0215633 0.00144865
1 0.601901 0.651519 0.0250977 0.037429 0.001448
1 0.343506 0.761667 0.017516 0.0232364 0.00144714
15 0.0471881 0.754936 0.00977027 0.0175409 0.00144017
6 0.321859 0.75401 0.0165624 0.0126873 0.00143803
6 0.468216 0.708441 0.0116642 0.0319064 0.00143522
4 0.243063 0.766939 0.026411 0.0215633 0.00142713
7 0.554345 0.674157 0.0111166 0.0293732 0.00142226
15 0.786361 0.692334 0.0792513 0.0189335 0.0014076
4 0.0471333 0.76307 0.010471 0.0204687 0.00139151
6 0.479137 0.703363 0.0308163 0.018568 0.00138366
6 0.0319284 0.759054 0.0252803 0.0175752 0.00137561
1 0.477184 0.686472 0.0101187 0.0149131 0.0013476
4 0.0257726 0.758514 0.0344689 0.0206731 0.00134317
4 0.0642426 0.776922 0.00875845 0.0166097 0.00133178
4 0.343157 0.755843 0.0205621 0.0166602 0.00132184
6 0.239413 0.724275 0.0121785 0.0184357 0.00131893
6 0.521469 0.713579 0.041114 0.0281313 0.00129186
1 0.321859 0.75401 0.0165624 0.0126873 0.00128156
4 0.178164 0.773838 0.0529824 0.062995 0.00128095
2 0.579988 0.679074 0.00936517 0.0217827 0.00127638
1 0.00634776 0.753876 0.00852161 0.0154391 0.00125914
6 0.0574294 0.770196 0.0113526 0.0110175 0.00124417
1 0.28406 0.706095 0.0154869 0.0170432 0.00123694
1 0.226763 0.758633 0.0117495 0.0125398 0.00123335
4 0.43397 0.725704 0.0118817 0.0212786 0.00121674
1 0.349139 0.70155 0.0167209 0.0318528 0.0012133
7 0.350608 0.705997 0.0123507 0.0289673 0.00120512
4 0.334655 0.765091 0.00909518 0.0165876 0.0011953
1 0.148478 0.744309 0.015282 0.0187728 0.00118318
6 0.464919 0.749405 0.0188119 0.0177773 0.0011758
6 0.0499044 0.755336 0.0142514 0.0151164 0.00117071
6 0.121821 0.744576 0.0457174 0.0192731 0.0010751
6 0.151482 0.749247 0.0125463 0.0117188 0.00106922
1 0.124904 0.752523 0.0611392 0.0294866 0.00106338
1 0.550578 0.681149 0.0174825 0.0244927 0.00105594
4 0.0963671 0.742184 0.00948128 0.0142165 0.00105522
6 0.0294886 0.765857 0.0187779 0.0154363 0.00105322
4 0.284367 0.716488 0.0185149 0.0141413 0.00105298
1 0.641499 0.686872 0.0258292 0.0157908 0.00105258
4 0.0874708 0.764936 0.0153385 0.0254652 0.0010473
6 0.374767 0.733976 0.0180996 0.0409048 0.00103111
6 0.373799 0.749701 0.0188584 0.0416279 0.00103023
6 0.0623023 0.756924 0.0269867 0.0180316 0.00102666
1 0.517488 0.723935 0.0404565 0.0338994 0.00102579
6 0.357022 0.765468 0.0095726 0.0237859 0.0010205
1 0.291472 0.718067 0.0272404 0.0155538 0.00101863
15 0.343157 0.755843 0.0205621 0.0166602 0.00101523
