10 0.26401 0.60096 0.0775923 0.197897 0.898533
44 0.347277 0.693874 0.31342 0.194867 0.864702
10 0.46802 0.687528 0.0778715 0.211588 0.69141
10 0.096342 0.563112 0.123779 0.328522 0.59478
10 0.692975 0.531072 0.10368 0.229683 0.55463
10 0.462799 0.640591 0.0900193 0.286686 0.444422
44 0.766933 0.863386 0.219162 0.164608 0.262706
10 0.986251 0.691373 0.0247623 0.117891 0.231132
10 0.264356 0.46761 0.102526 0.0660777 0.117162
10 0.697371 0.421739 0.115183 0.431275 0.0996567
10 0.715502 0.30966 0.0793644 0.199933 0.0565465
10 0.473526 0.497864 0.166827 0.476644 0.0548276
10 0.78867 0.689303 0.221915 0.489407 0.0463425
10 0.97348 0.847946 0.0496536 0.157209 0.0349836
14 0.473664 0.489762 0.168512 0.459573 0.0302349
14 0.788448 0.687004 0.223318 0.487366 0.0119169
10 0.972728 0.785467 0.050743 0.3079 0.0114856
35 0.928927 0.513562 0.137383 0.658361 0.00624967
27 0.765359 0.861664 0.216827 0.166654 0.00621298
10 0.999534 0.68686 0.000932861 0.122285 0.00415047
21 0.348415 0.693595 0.312567 0.196707 0.00289731
10 0.956265 0.812598 0.0874702 0.358927 0.00270744
10 0.704877 0.499423 0.0823409 0.163632 0.00256877
10 0.26702 0.633727 0.0661795 0.132511 0.00211998
10 0.769896 0.861287 0.224505 0.156878 0.00173589
27 0.336339 0.69786 0.288062 0.191138 0.00144172
10 0.705174 0.46633 0.0792654 0.0968664 0.00129178
10 0.274333 0.458749 0.135429 0.0841535 0.00120549
