6 0.362497 0.738372 0.228438 0.182226 0.901983
4 0.229863 0.696454 0.0444121 0.0487605 0.812135
5 0.0670051 0.621879 0.0312843 0.0312773 0.796355
0 0.584959 0.835828 0.0151881 0.0654294 0.695031
4 0.074359 0.542738 0.0281354 0.0213263 0.694707
5 0.534731 0.862993 0.0315408 0.080677 0.626773
4 0.101951 0.547736 0.0287808 0.0210554 0.607271
4 0.0384369 0.530535 0.0136336 0.0152738 0.349206
4 0.0671046 0.62219 0.0300531 0.0326134 0.293273
8 0.534813 0.862386 0.0313268 0.0805678 0.225693
0 0.053658 0.592081 0.00828719 0.0221593 0.221203
8 0.053658 0.592081 0.00828719 0.0221593 0.126719
1 0.020268 0.505228 0.0121711 0.0162591 0.118024
1 0.45974 0.497384 0.016316 0.0269214 0.0899651
4 0.415925 0.531078 0.00837778 0.0142494 0.0787143
3 0.872279 0.589118 0.0205717 0.0209698 0.0622019
4 0.45309 0.528363 0.0127899 0.0174036 0.0621088
5 0.0375055 0.530817 0.0148615 0.0164155 0.0619759
1 0.0164548 0.501202 0.0114201 0.0194869 0.060203
4 0.231121 0.667745 0.0201504 0.0168331 0.0508836
3 0.583978 0.844785 0.0148191 0.0497729 0.0474242
8 0.583978 0.844785 0.0148191 0.0497729 0.0472328
4 0.108527 0.532694 0.0145722 0.0155281 0.0458271
4 0.39089 0.592664 0.0135555 0.0145598 0.04038
1 0.648142 0.479042 0.0155142 0.0485978 0.0366757
14 0.534871 0.862528 0.0316044 0.0809324 0.0365566
1 0.456328 0.514488 0.0137538 0.0110798 0.0358883
7 0.053658 0.592081 0.00828719 0.0221593 0.0357884
8 0.0384369 0.530535 0.0136336 0.0152738 0.0355342
1 0.64807 0.495564 0.0153547 0.0173273 0.035387
4 0.43161 0.527465 0.00915881 0.014015 0.0342079
4 0.391391 0.596652 0.0134009 0.0151672 0.0332024
6 0.101951 0.547736 0.0287808 0.0210554 0.0322948
4 0.107878 0.513141 0.0132125 0.0191169 0.0301061
5 0.691226 0.471851 0.0180167 0.0216888 0.0294354
1 0.15382 0.49146 0.019145 0.03167 0.0291052
0 0.0391066 0.528659 0.014538 0.0179278 0.0285899
5 0.101951 0.547736 0.0287808 0.0210554 0.0284175
5 0.686851 0.471727 0.0144554 0.0194195 0.0272193
4 0.0659093 0.541408 0.0205437 0.0159739 0.0269982
4 0.112191 0.547757 0.0137528 0.0161103 0.0261427
8 0.874417 0.589473 0.0170399 0.0185517 0.0253288
4 0.0511141 0.536119 0.015556 0.0153106 0.024983
0 0.686851 0.471727 0.0144554 0.0194195 0.024386
1 0.010478 0.505478 0.0152821 0.0155571 0.0237772
4 0.0968698 0.538564 0.0226332 0.020542 0.023627
2 0.178683 0.930837 0.0107889 0.0182405 0.0236124
0 0.088846 0.849641 0.00971755 0.0171304 0.0234709
0 0.237828 0.98603 0.0117109 0.0255495 0.0233801
4 0.4634 0.533867 0.0115639 0.0122502 0.0228049
6 0.153581 0.527742 0.0482156 0.0439288 0.0209787
4 0.416418 0.528409 0.0114841 0.0200313 0.0207628
6 0.0671046 0.62219 0.0300531 0.0326134 0.0201534
4 0.41228 0.531406 0.0147391 0.0138571 0.0198913
8 0.0670051 0.621879 0.0312843 0.0312773 0.0198037
4 0.0484657 0.534482 0.0322595 0.0131618 0.0197336
4 0.020268 0.505228 0.0121711 0.0162591 0.0185227
1 0.113163 0.509297 0.0117244 0.019645 0.0181207
4 0.0146205 0.542018 0.0203861 0.0153632 0.0171551
5 0.0534949 0.59541 0.00846938 0.0186456 0.0169836
1 0.106943 0.487419 0.0161972 0.0347945 0.0169175
1 0.687907 0.474252 0.0174926 0.017936 0.0168967
1 0.358168 0.507408 0.0107801 0.0190586 0.0160289
8 0.45309 0.528363 0.0127899 0.0174036 0.0159159
1 0.053658 0.592081 0.00828719 0.0221593 0.0150055
1 0.0682519 0.834633 0.0114964 0.0170822 0.0148044
0 0.691226 0.471851 0.0180167 0.0216888 0.0142614
4 0.00447078 0.531105 0.00680993 0.00851649 0.0138391
1 0.463639 0.499329 0.0266297 0.0339223 0.0136464
4 0.686851 0.471727 0.0144554 0.0194195 0.0131346
6 0.107878 0.513141 0.0132125 0.0191169 0.0129838
4 0.241091 0.533594 0.0326667 0.0145022 0.0129427
4 0.448973 0.52623 0.0135726 0.0162456 0.0129163
4 0.134857 0.529864 0.00953818 0.0228988 0.0126566
1 0.107878 0.513141 0.0132125 0.0191169 0.012547
1 0.107252 0.8687 0.0116737 0.0197619 0.0121522
0 0.11167 0.522501 0.0118681 0.0167564 0.0119247
8 0.686851 0.471727 0.0144554 0.0194195 0.0116097
8 0.088846 0.849641 0.00971755 0.0171304 0.0113729
8 0.0500074 0.592054 0.0128346 0.0185269 0.0113366
1 0.00740542 0.793275 0.0131243 0.0169334 0.0109101
1 0.45309 0.528363 0.0127899 0.0174036 0.0108561
4 0.691226 0.471851 0.0180167 0.0216888 0.0106976
5 0.45309 0.528363 0.0127899 0.0174036 0.010592
8 0.415925 0.531078 0.00837778 0.0142494 0.0105649
5 0.216056 0.977811 0.0497205 0.0416526 0.0105576
4 0.229395 0.676822 0.0432037 0.016237 0.0104473
5 0.0816646 0.848927 0.0196948 0.01807 0.0102308
4 0.010478 0.505478 0.0152821 0.0155571 0.0101821
0 0.0500074 0.592054 0.0128346 0.0185269 0.010158
4 0.105886 0.555009 0.0208655 0.0236279 0.010081
1 0.362803 0.508018 0.0120088 0.0188152 0.010043
8 0.691226 0.471851 0.0180167 0.0216888 0.00998189
1 0.153481 0.911746 0.0134882 0.019479 0.00993139
4 0.254709 0.534485 0.0239406 0.0135657 0.00993049
4 0.112882 0.526509 0.0124604 0.0156753 0.00970384
6 0.415925 0.531078 0.00837778 0.0142494 0.00965128
0 0.107252 0.8687 0.0116737 0.0197619 0.00959242
4 0.457976 0.521415 0.0138104 0.0110509 0.00919488
1 0.0816646 0.848927 0.0196948 0.01807 0.00913621
4 0.113163 0.509297 0.0117244 0.019645 0.00912516
0 0.0682519 0.834633 0.0114964 0.0170822 0.0090818
4 0.456328 0.514488 0.0137538 0.0110798 0.00901618
0 0.534813 0.862386 0.0313268 0.0805678 0.00897243
1 0.431343 0.525602 0.0137113 0.0192225 0.00896133
4 0.11167 0.522501 0.0118681 0.0167564 0.00888849
1 0.0698682 0.842782 0.00971675 0.0240942 0.00883568
1 0.352768 0.528939 0.00715778 0.0148969 0.00876775
2 0.153481 0.911746 0.0134882 0.019479 0.00875517
4 0.352768 0.528939 0.00715778 0.0148969 0.00842633
8 0.107252 0.8687 0.0116737 0.0197619 0.00837253
7 0.153481 0.911746 0.0134882 0.019479 0.00830031
4 0.0877271 0.526517 0.0126748 0.0186179 0.00816532
1 0.872279 0.589118 0.0205717 0.0209698 0.00814131
6 0.113163 0.509297 0.0117244 0.019645 0.00786462
4 0.0995264 0.518607 0.0136856 0.0192155 0.00773438
6 0.15271 0.492129 0.0194346 0.0324657 0.00760424
4 0.0386204 0.537089 0.0118208 0.0220258 0.00759141
0 0.415925 0.531078 0.00837778 0.0142494 0.00756585
8 0.0386204 0.537089 0.0118208 0.0220258 0.00738411
8 0.235671 0.986905 0.011758 0.0239548 0.00737594
8 0.871239 0.59065 0.0254883 0.024097 0.00721045
8 0.4634 0.533867 0.0115639 0.0122502 0.00719692
8 0.43161 0.527465 0.00915881 0.014015 0.00711973
5 0.415925 0.531078 0.00837778 0.0142494 0.00706966
1 0.088846 0.849641 0.00971755 0.0171304 0.00705195
0 0.0698682 0.842782 0.00971675 0.0240942 0.00700516
6 0.108527 0.532694 0.0145722 0.0155281 0.00689573
4 0.228774 0.669022 0.0311294 0.0185661 0.00687772
4 0.00435613 0.63424 0.0084191 0.0155981 0.00686588
1 0.0271979 0.807857 0.0166486 0.0209 0.00682194
3 0.87092 0.594836 0.0232064 0.019101 0.00680185
4 0.297577 0.536167 0.0112272 0.0148531 0.0067129
4 0.02146 0.533403 0.016708 0.0115622 0.00665525
8 0.153481 0.911746 0.0134882 0.019479 0.00664345
1 0.0865522 0.850615 0.0103576 0.0195627 0.0064846
2 0.42946 0.469427 0.00571729 0.0134444 0.00633714
8 0.216056 0.977811 0.0497205 0.0416526 0.00632785
4 0.053658 0.592081 0.00828719 0.0221593 0.0063045
6 0.020268 0.505228 0.0121711 0.0162591 0.00629749
8 0.0148671 0.832143 0.00857383 0.0136356 0.00615078
4 0.0387332 0.521553 0.0135036 0.0236442 0.00613794
0 0.45309 0.528363 0.0127899 0.0174036 0.00599332
4 0.0755227 0.519798 0.0183826 0.0211698 0.00594508
2 0.428383 0.460223 0.00624109 0.0179941 0.00593207
0 0.153481 0.911746 0.0134882 0.019479 0.00588223
6 0.43161 0.527465 0.00915881 0.014015 0.00585046
1 0.206828 0.954835 0.0112601 0.0165233 0.0057871
4 0.024826 0.512747 0.0162551 0.017182 0.00572116
0 0.0148671 0.832143 0.00857383 0.0136356 0.00569825
1 0.09035 0.89881 0.0143 0.0285513 0.00561561
0 0.00830918 0.827398 0.00899041 0.0140819 0.00557397
6 0.463593 0.504322 0.02656 0.0256214 0.00551905
8 0.0698682 0.842782 0.00971675 0.0240942 0.00550435
7 0.179366 0.933 0.0102589 0.0224978 0.0054716
8 0.0682519 0.834633 0.0114964 0.0170822 0.00539634
0 0.693684 0.471051 0.0142805 0.0308672 0.00534399
4 0.416045 0.53895 0.00582877 0.0181419 0.00528396
4 0.00830918 0.827398 0.00899041 0.0140819 0.00527332
4 0.170066 0.540863 0.0157626 0.0174393 0.00521268
8 0.0865522 0.850615 0.0103576 0.0195627 0.00516939
4 0.431343 0.525602 0.0137113 0.0192225 0.00506062
7 0.107252 0.8687 0.0116737 0.0197619 0.00505479
4 0.26672 0.534159 0.0182024 0.01357 0.00504067
6 0.321069 0.532943 0.0165989 0.0148643 0.00502123
4 0.0645374 0.517805 0.0105973 0.0186525 0.00496212
4 0.307022 0.535924 0.0157289 0.0142272 0.00493203
8 0.00830918 0.827398 0.00899041 0.0140819 0.00488674
1 0.476368 0.506717 0.00898331 0.0173195 0.0048535
8 0.0816646 0.848927 0.0196948 0.01807 0.00480131
1 0.415925 0.531078 0.00837778 0.0142494 0.0046929
6 0.456328 0.514488 0.0137538 0.0110798 0.00466348
8 0.586526 0.834668 0.0162598 0.0662571 0.00458813
1 0.00830918 0.827398 0.00899041 0.0140819 0.00455555
4 0.153801 0.527681 0.0459658 0.0388324 0.00454878
1 0.359509 0.49667 0.0108516 0.0182824 0.00452089
3 0.720925 0.649725 0.0113374 0.0173165 0.0045131
1 0.11167 0.522501 0.0118681 0.0167564 0.00449115
5 0.0630308 0.595301 0.0223462 0.0278384 0.00448756
7 0.237617 0.986922 0.0126042 0.0248604 0.0044635
0 0.178683 0.930837 0.0107889 0.0182405 0.00433235
0 0.694303 0.464303 0.012652 0.0207448 0.00432871
6 0.11167 0.522501 0.0118681 0.0167564 0.00431083
4 0.0164548 0.501202 0.0114201 0.0194869 0.00428974
6 0.112882 0.526509 0.0124604 0.0156753 0.00428857
14 0.0384369 0.530535 0.0136336 0.0152738 0.00423931
4 0.534813 0.862386 0.0313268 0.0805678 0.00419729
4 0.321069 0.532943 0.0165989 0.0148643 0.00415542
5 0.872279 0.589118 0.0205717 0.0209698 0.00412438
0 0.533899 0.508614 0.0105811 0.012605 0.00412305
6 0.164164 0.538775 0.0260234 0.0225741 0.00405676
7 0.145996 0.441714 0.00710429 0.0168457 0.00395826
1 0.551369 0.504699 0.0118311 0.014152 0.00394706
4 0.872279 0.589118 0.0205717 0.0209698 0.00393064
2 0.591153 0.0741081 0.0197908 0.0166091 0.00389436
4 0.146958 0.912816 0.0242323 0.022443 0.00389266
3 0.0682519 0.834633 0.0114964 0.0170822 0.0038165
1 0.416418 0.528409 0.0114841 0.0200313 0.00380556
1 0.00913528 0.819695 0.010424 0.0260676 0.00379241
8 0.391035 0.595016 0.0130237 0.0109938 0.00376296
7 0.113163 0.509297 0.0117244 0.019645 0.00375313
4 0.704807 0.623774 0.0099173 0.010675 0.00370967
4 0.446788 0.516657 0.00897577 0.01358 0.0037061
4 0.216056 0.977811 0.0497205 0.0416526 0.00369484
5 0.0785253 0.859451 0.0267862 0.0348841 0.003673
0 0.0638937 0.596164 0.0174481 0.0288029 0.00363254
1 0.112594 0.493552 0.0141992 0.0282703 0.00362915
1 0.170066 0.540863 0.0157626 0.0174393 0.00360586
7 0.145804 0.455376 0.00734001 0.0195057 0.00354602
6 0.0384369 0.530535 0.0136336 0.0152738 0.00354328
1 0.717074 0.652989 0.0128599 0.0151051 0.0035385
0 0.0652308 0.619468 0.0328016 0.0270427 0.00351741
4 0.0964692 0.555777 0.0196169 0.0222345 0.00349859
1 0.474959 0.499892 0.011873 0.0237315 0.00331878
6 0.687907 0.474252 0.0174926 0.017936 0.00327778
18 0.534813 0.862386 0.0313268 0.0805678 0.00324992
3 0.726048 0.633286 0.0109072 0.0187554 0.00318137
1 0.146958 0.912816 0.0242323 0.022443 0.00313421
1 0.4634 0.533867 0.0115639 0.0122502 0.00312535
1 0.151754 0.477422 0.0153452 0.00964236 0.00312191
5 0.43161 0.527465 0.00915881 0.014015 0.00312034
4 0.00740542 0.793275 0.0131243 0.0169334 0.00311126
6 0.272035 0.681232 0.04559 0.0635206 0.00308592
5 0.108527 0.532694 0.0145722 0.0155281 0.0030774
4 0.0500074 0.592054 0.0128346 0.0185269 0.00305972
3 0.220459 0.981749 0.0401983 0.0346275 0.00301514
1 0.100133 0.877568 0.0285828 0.0367249 0.00301285
3 0.717074 0.652989 0.0128599 0.0151051 0.00297603
5 0.4634 0.533867 0.0115639 0.0122502 0.00295833
8 0.206828 0.954835 0.0112601 0.0165233 0.00292528
8 0.875534 0.594711 0.0153539 0.0191456 0.00292308
8 0.0922289 0.867904 0.0150992 0.0221238 0.00291715
1 0.0868352 0.896962 0.0169301 0.0284001 0.00290951
3 0.0865522 0.850615 0.0103576 0.0195627 0.00289344
1 0.00559084 0.812111 0.0096104 0.0327823 0.00285418
5 0.0698682 0.842782 0.00971675 0.0240942 0.00284597
7 0.206828 0.954835 0.0112601 0.0165233 0.00284476
4 0.0218345 0.803997 0.0186639 0.0179801 0.00283322
1 0.178683 0.930837 0.0107889 0.0182405 0.0028235
1 0.726322 0.627771 0.00910754 0.0111387 0.00280912
1 0.235671 0.986905 0.011758 0.0239548 0.00280447
3 0.45309 0.528363 0.0127899 0.0174036 0.00279323
1 0.446788 0.516657 0.00897577 0.01358 0.00277858
1 0.43161 0.527465 0.00915881 0.014015 0.00277531
4 0.69344 0.622222 0.0170153 0.010175 0.00277473
3 0.208926 0.973868 0.0645951 0.0498344 0.00276823
6 0.0511141 0.536119 0.015556 0.0153106 0.0027487
4 0.0653422 0.527145 0.0140614 0.0189375 0.00274733
22 0.053658 0.592081 0.00828719 0.0221593 0.00272162
4 0.164164 0.538775 0.0260234 0.0225741 0.00271464
4 0.301325 0.540333 0.0098266 0.0153848 0.00269923
7 0.415925 0.531078 0.00837778 0.0142494 0.00269469
1 0.052516 0.831098 0.0126804 0.0200032 0.00269439
4 0.153481 0.911746 0.0134882 0.019479 0.00268102
4 0.694303 0.464303 0.012652 0.0207448 0.00267845
6 0.0877271 0.526517 0.0126748 0.0186179 0.00265488
0 0.100805 0.859226 0.0243229 0.0248519 0.0026444
4 0.0553636 0.518729 0.0266918 0.0244282 0.00264333
8 0.448973 0.52623 0.0135726 0.0162456 0.00263601
0 0.43161 0.527465 0.00915881 0.014015 0.00263197
1 0.55153 0.498465 0.0144664 0.023345 0.00262376
0 0.4634 0.533867 0.0115639 0.0122502 0.00261895
4 0.014087 0.514234 0.0148967 0.0181675 0.00261729
0 0.0816646 0.848927 0.0196948 0.01807 0.00258087
4 0.0112524 0.632455 0.0189109 0.0139426 0.00257882
1 0.0132603 0.796857 0.0175263 0.0190149 0.00255716
4 0.726322 0.627771 0.00910754 0.0111387 0.00253662
4 0.64807 0.495564 0.0153547 0.0173273 0.00253466
3 0.4634 0.533867 0.0115639 0.0122502 0.00252789
1 0.0512073 0.818864 0.0120288 0.0198129 0.00248834
4 0.253941 0.538996 0.011501 0.0180893 0.00248043
5 0.0146205 0.542018 0.0203861 0.0153632 0.00247768
7 0.43161 0.527465 0.00915881 0.014015 0.00246339
4 0.0638937 0.596164 0.0174481 0.0288029 0.00246243
22 0.583978 0.844785 0.0148191 0.0497729 0.0024577
4 0.00387152 0.631305 0.00695567 0.0173451 0.0024523
7 0.686851 0.471727 0.0144554 0.0194195 0.00245065
4 0.246641 0.669209 0.0597305 0.0252363 0.00240268
0 0.206828 0.954835 0.0112601 0.0165233 0.0024022
0 0.113163 0.509297 0.0117244 0.019645 0.00239314
4 0.0816646 0.848927 0.0196948 0.01807 0.00238303
1 0.0739565 0.862661 0.0253756 0.0386858 0.00236167
3 0.235671 0.986905 0.011758 0.0239548 0.00235205
7 0.130143 0.889795 0.0108518 0.0209844 0.00234835
8 0.00913528 0.819695 0.010424 0.0260676 0.00234255
1 0.457976 0.521415 0.0138104 0.0110509 0.00234029
22 0.237828 0.98603 0.0117109 0.0255495 0.00233239
6 0.010478 0.505478 0.0152821 0.0155571 0.00233194
4 0.268909 0.658988 0.0374222 0.0196116 0.00231987
2 0.0682519 0.834633 0.0114964 0.0170822 0.00230982
2 0.0384369 0.530535 0.0136336 0.0152738 0.00230067
0 0.6883 0.467255 0.0188228 0.0267856 0.00230067
14 0.107252 0.8687 0.0116737 0.0197619 0.00229267
4 0.434753 0.713548 0.0627623 0.0437136 0.00229
1 0.0218345 0.803997 0.0186639 0.0179801 0.00226817
0 0.416418 0.528409 0.0114841 0.0200313 0.00226593
0 0.108527 0.532694 0.0145722 0.0155281 0.0022618
2 0.207626 0.950859 0.0119386 0.0196309 0.00225743
8 0.11167 0.522501 0.0118681 0.0167564 0.00224741
4 0.195239 0.52393 0.0258854 0.0144673 0.00223895
