4 0.170823 0.789249 0.341646 0.41729 0.972097
2 0.581138 0.366117 0.0241412 0.0439224 0.857829
3 0.864753 0.795126 0.152332 0.225974 0.683966
0 0.355139 0.72075 0.020954 0.0566449 0.66573
8 0.35474 0.73751 0.021646 0.0461389 0.64636
3 0.747822 0.786736 0.148837 0.191806 0.639354
42 0.531003 0.670083 0.0458077 0.0405723 0.584659
3 0.417674 0.756528 0.0630579 0.0716778 0.573413
3 0.562405 0.775323 0.0660612 0.109871 0.5328
3 0.787031 0.79148 0.113259 0.2061 0.530217
25 0.595648 0.653064 0.0549003 0.0316995 0.495663
8 0.945344 0.833812 0.0981116 0.255675 0.49226
3 0.662612 0.775322 0.0918412 0.159387 0.482404
3 0.702752 0.784299 0.0972509 0.173234 0.401113
3 0.629722 0.78319 0.077282 0.139067 0.389008
2 0.27171 0.318303 0.0115213 0.0308523 0.362853
3 0.586725 0.784014 0.0544456 0.110271 0.298367
2 0.164605 0.310197 0.0178124 0.0263897 0.289831
3 0.521174 0.767452 0.0491074 0.0876194 0.280262
3 0.499958 0.764125 0.0509543 0.0823782 0.274641
8 0.863782 0.796051 0.150822 0.226397 0.20441
7 0.317751 0.648059 0.00706882 0.0154849 0.189941
2 0.104331 0.304299 0.0180189 0.0262288 0.181412
2 0.215155 0.314992 0.0180936 0.023151 0.161193
8 0.619079 0.77368 0.0971025 0.149837 0.157245
0 0.517209 0.702068 0.0183163 0.0380634 0.148815
3 0.470989 0.75699 0.0327842 0.0748904 0.14448
3 0.540684 0.767862 0.0716547 0.110374 0.132743
0 0.386095 0.713498 0.011152 0.036728 0.12884
3 0.485402 0.759534 0.0506951 0.0749995 0.125256
7 0.317753 0.652991 0.00698972 0.0171367 0.123187
8 0.790419 0.79104 0.121438 0.210093 0.118479
2 0.0390771 0.305235 0.0184598 0.0227498 0.113687
0 0.307161 0.708983 0.0181832 0.0291944 0.112057
0 0.535026 0.691505 0.0283212 0.0551039 0.109298
8 0.75506 0.787107 0.160007 0.204474 0.103712
3 0.609587 0.775074 0.0866201 0.143148 0.101919
3 0.429116 0.751937 0.0487517 0.0730664 0.0986773
3 0.399175 0.761983 0.0318416 0.0631047 0.0966808
8 0.598906 0.778534 0.0754702 0.124098 0.0960449
8 0.656018 0.773865 0.0900898 0.156761 0.0937144
8 0.423416 0.754585 0.0502207 0.0694037 0.0899135
4 0.306498 0.709624 0.0183954 0.0293789 0.086478
0 0.531154 0.678361 0.042863 0.0542151 0.0842686
2 0.333394 0.32025 0.00928229 0.0219132 0.0822295
0 0.538988 0.682247 0.0289502 0.0611938 0.0799867
42 0.595684 0.653283 0.056136 0.0313593 0.0775437
8 0.578344 0.775461 0.0772856 0.119195 0.0773752
0 0.289961 0.69866 0.0124175 0.031562 0.07684
3 0.46298 0.748161 0.0453759 0.0853519 0.0696866
8 0.328077 0.71453 0.0173055 0.0263572 0.0682789
3 0.944934 0.823649 0.0994138 0.242295 0.0680928
14 0.387456 0.71323 0.0112796 0.037676 0.0664356
15 0.699022 0.650742 0.0500807 0.104287 0.062742
0 0.515177 0.696983 0.01481 0.0280743 0.0572271
8 0.306498 0.709624 0.0183954 0.0293789 0.0553184
3 0.647695 0.789329 0.0748985 0.127987 0.0546969
0 0.285241 0.698034 0.0109343 0.0268563 0.054391
8 0.911483 0.804043 0.16104 0.248049 0.0465252
8 0.465959 0.749008 0.0414177 0.0781801 0.0435389
0 0.581339 0.697298 0.0185217 0.0349945 0.0435212
0 0.413828 0.702721 0.0113549 0.029005 0.0433368
8 0.444202 0.743493 0.0473569 0.0782901 0.0426439
4 0.321787 0.709031 0.0172475 0.0269532 0.0422756
42 0.627196 0.648053 0.0168925 0.0172922 0.0414843
7 0.309653 0.640533 0.0105552 0.0304797 0.0412996
0 0.287511 0.703337 0.0118455 0.0333858 0.0411898
8 0.334607 0.726774 0.0165088 0.0419819 0.0411322
12 0.699209 0.652021 0.05118 0.109833 0.0406301
0 0.591268 0.691283 0.0160139 0.0318005 0.038942
8 0.5015 0.762983 0.0562191 0.0839205 0.0389369
1 0.388044 0.71317 0.0111806 0.0361377 0.0381488
8 0.455092 0.744424 0.0408684 0.0814248 0.037695
1 0.391635 0.644893 0.00785724 0.0255753 0.0365917
8 0.591079 0.700109 0.0193117 0.0296485 0.0341987
0 0.601144 0.698878 0.0139194 0.0241025 0.0341086
4 0.328077 0.71453 0.0173055 0.0263572 0.0335192
0 0.410152 0.702233 0.0115946 0.0271109 0.0327386
8 0.581339 0.697298 0.0185217 0.0349945 0.031999
8 0.472874 0.756203 0.0367827 0.0721209 0.0316889
2 0.31832 0.322883 0.010976 0.0247813 0.0316691
3 0.72718 0.799707 0.0956619 0.162715 0.031486
0 0.334405 0.714296 0.0112473 0.0357394 0.0313883
8 0.321787 0.709031 0.0172475 0.0269532 0.0309384
0 0.586362 0.705804 0.01495 0.0216491 0.0308291
4 0.328016 0.706472 0.0156192 0.0202301 0.0308036
8 0.601144 0.698878 0.0139194 0.0241025 0.030753
8 0.328016 0.706472 0.0156192 0.0202301 0.0305975
0 0.591079 0.700109 0.0193117 0.0296485 0.0304465
8 0.599789 0.715445 0.0428903 0.0361088 0.0304392
0 0.530927 0.701762 0.0293982 0.0514628 0.0299335
0 0.521304 0.705796 0.0259702 0.0417134 0.029726
3 0.960962 0.811526 0.0763609 0.170448 0.0292876
8 0.521304 0.705796 0.0259702 0.0417134 0.0288367
8 0.530701 0.765701 0.0594961 0.0925546 0.0287703
8 0.560532 0.769524 0.0648299 0.117795 0.028326
8 0.51487 0.764198 0.0582355 0.089063 0.0282892
1 0.46998 0.66159 0.00889224 0.0332683 0.0279101
4 0.3195 0.705344 0.010537 0.0200784 0.0278437
42 0.412038 0.679469 0.0234238 0.0229548 0.0275852
0 0.328016 0.706472 0.0156192 0.0202301 0.0272543
8 0.594208 0.709399 0.0258846 0.0227814 0.0268816
25 0.618924 0.650526 0.0290464 0.0268813 0.0248284
7 0.307708 0.620282 0.00802115 0.028818 0.0245272
42 0.535264 0.690437 0.0347836 0.0629114 0.0244366
4 0.515177 0.696983 0.01481 0.0280743 0.0240718
0 0.3195 0.705344 0.010537 0.0200784 0.0240123
0 0.573675 0.695503 0.0130829 0.0347626 0.023901
0 0.321787 0.709031 0.0172475 0.0269532 0.0227465
0 0.603896 0.68889 0.0130412 0.023257 0.0224589
2 0.345568 0.322832 0.0107844 0.021761 0.0220032
13 0.358462 0.685463 0.0125111 0.0171658 0.0217056
42 0.541976 0.650351 0.0221618 0.0176306 0.0213629
3 0.635689 0.798336 0.0572996 0.110167 0.0211667
7 0.364562 0.671052 0.00823468 0.0256348 0.020581
3 0.355095 0.736938 0.0210746 0.045582 0.0201897
2 0.085495 0.308228 0.0109828 0.0261761 0.0193081
0 0.328077 0.71453 0.0173055 0.0263572 0.0185691
8 0.447536 0.729526 0.0351389 0.0547332 0.0182512
1 0.364965 0.672283 0.00745377 0.0255127 0.0176684
8 0.586536 0.706173 0.0142273 0.029287 0.0173735
8 0.515177 0.696983 0.01481 0.0280743 0.0172038
4 0.597296 0.708536 0.0248721 0.0226347 0.0170431
7 0.391635 0.644893 0.00785724 0.0255753 0.0170392
8 0.334405 0.714296 0.0112473 0.0357394 0.0167158
8 0.3195 0.705344 0.010537 0.0200784 0.0165487
42 0.564539 0.673203 0.0505414 0.0509073 0.0163949
1 0.39485 0.650698 0.00993228 0.0235132 0.0161166
3 0.816721 0.796365 0.080012 0.206286 0.0160138
8 0.287511 0.703337 0.0118455 0.0333858 0.0160104
3 0.444202 0.743493 0.0473569 0.0782901 0.015968
8 0.679057 0.780907 0.110436 0.170956 0.0158962
0 0.551698 0.683666 0.013801 0.0441926 0.0158111
14 0.413828 0.702721 0.0113549 0.029005 0.0155263
7 0.309767 0.656345 0.0109415 0.0259854 0.0153592
0 0.575032 0.689265 0.0200881 0.0427739 0.0153457
11 0.307166 0.709716 0.0188176 0.0289813 0.0153386
8 0.292652 0.710106 0.0119777 0.0247989 0.0152824
8 0.386095 0.713498 0.011152 0.036728 0.0152486
8 0.433263 0.723047 0.0232672 0.0381384 0.0150331
8 0.573675 0.695503 0.0130829 0.0347626 0.0149979
1 0.317753 0.652991 0.00698972 0.0171367 0.0146559
15 0.701378 0.62916 0.0440864 0.0612167 0.01451
42 0.515177 0.696983 0.01481 0.0280743 0.0143977
42 0.628216 0.651816 0.014863 0.0181654 0.0137713
25 0.627196 0.648053 0.0168925 0.0172922 0.0135082
0 0.355095 0.736938 0.0210746 0.045582 0.0133534
25 0.530397 0.674321 0.0455606 0.0507009 0.0133217
15 0.689823 0.652059 0.0697467 0.126063 0.0133102
13 0.307166 0.709716 0.0188176 0.0289813 0.0126468
14 0.307166 0.709716 0.0188176 0.0289813 0.0126327
42 0.517209 0.702068 0.0183163 0.0380634 0.0125998
4 0.35505 0.720526 0.0207274 0.0563004 0.0125549
4 0.452089 0.730634 0.0409143 0.058733 0.0124955
3 0.334405 0.714296 0.0112473 0.0357394 0.0123527
0 0.292652 0.710106 0.0119777 0.0247989 0.0123436
42 0.543803 0.661952 0.0418394 0.0290409 0.0121771
8 0.530927 0.701762 0.0293982 0.0514628 0.012171
3 0.579432 0.769979 0.0887164 0.123623 0.0118953
4 0.627196 0.648053 0.0168925 0.0172922 0.0118154
5 0.591079 0.700109 0.0193117 0.0296485 0.0117289
1 0.307708 0.620282 0.00802115 0.028818 0.0114256
2 0.420915 0.572206 0.00782294 0.017958 0.0113819
8 0.485402 0.759534 0.0506951 0.0749995 0.0113109
8 0.320086 0.736754 0.0322849 0.0503091 0.0111164
0 0.559417 0.699575 0.0196401 0.0349148 0.0110367
8 0.289961 0.69866 0.0124175 0.031562 0.0110245
2 0.333705 0.314224 0.00948728 0.0207562 0.0108137
8 0.469902 0.71544 0.0219147 0.0279967 0.00996719
12 0.688698 0.649561 0.0729221 0.139973 0.0099315
0 0.363465 0.670916 0.00802936 0.0225011 0.00987111
4 0.521304 0.705796 0.0259702 0.0417134 0.00978069
42 0.307166 0.709716 0.0188176 0.0289813 0.00978042
5 0.601144 0.698878 0.0139194 0.0241025 0.00977562
4 0.628216 0.651816 0.014863 0.0181654 0.00952181
1 0.627196 0.648053 0.0168925 0.0172922 0.00950747
8 0.477276 0.718027 0.0210604 0.0354064 0.00942725
1 0.317751 0.648059 0.00706882 0.0154849 0.00915067
3 0.885329 0.787876 0.11947 0.179227 0.00909083
4 0.601144 0.698878 0.0139194 0.0241025 0.00882389
3 0.924662 0.816549 0.115775 0.186345 0.00878141
0 0.612894 0.68594 0.0170524 0.0259913 0.00876939
8 0.960962 0.811526 0.0763609 0.170448 0.00852646
25 0.591527 0.664026 0.0620186 0.0500044 0.00848572
2 0.352041 0.318175 0.0119372 0.0284937 0.00837022
7 0.39014 0.639758 0.00811542 0.0197048 0.00832966
8 0.490802 0.719243 0.0211727 0.0366324 0.00798851
4 0.334405 0.714296 0.0112473 0.0357394 0.00796997
5 0.388044 0.71317 0.0111806 0.0361377 0.00786998
5 0.306498 0.709624 0.0183954 0.0293789 0.00762954
2 0.35599 0.324625 0.0120244 0.0169456 0.00759926
0 0.286307 0.692427 0.0130764 0.0277111 0.00755471
1 0.666996 0.626538 0.0193749 0.0603472 0.00753226
22 0.387456 0.71323 0.0112796 0.037676 0.00736079
14 0.454095 0.735864 0.0343638 0.0661931 0.00717946
8 0.315082 0.728461 0.042675 0.0639974 0.00715523
25 0.628216 0.651816 0.014863 0.0181654 0.00710288
0 0.388011 0.721427 0.0122806 0.052373 0.00706693
3 0.387456 0.71323 0.0112796 0.037676 0.00699234
8 0.565384 0.704885 0.024269 0.0356525 0.00695646
4 0.469902 0.71544 0.0219147 0.0279967 0.00689355
8 0.385602 0.728662 0.0129162 0.0477872 0.00682202
8 0.559417 0.699575 0.0196401 0.0349148 0.0067385
8 0.726102 0.794002 0.10878 0.177878 0.00657594
5 0.581339 0.697298 0.0185217 0.0349945 0.00656694
25 0.411896 0.685026 0.0240812 0.0358718 0.00653297
3 0.306498 0.709624 0.0183954 0.0293789 0.00636366
0 0.555262 0.696999 0.0169092 0.0374804 0.00609004
4 0.614576 0.6981 0.0204842 0.0233766 0.00608279
3 0.832894 0.812215 0.0887087 0.186638 0.00606414
13 0.328077 0.71453 0.0173055 0.0263572 0.00605392
8 0.555262 0.696999 0.0169092 0.0374804 0.00602401
4 0.530927 0.701762 0.0293982 0.0514628 0.00601424
3 0.433263 0.723047 0.0232672 0.0381384 0.00595861
8 0.614576 0.6981 0.0204842 0.0233766 0.00589768
2 0.693539 0.298827 0.0228162 0.0263382 0.0058835
42 0.603896 0.68889 0.0130412 0.023257 0.00586614
8 0.358241 0.722136 0.0211159 0.0577364 0.00579782
8 0.517209 0.702068 0.0183163 0.0380634 0.00578475
3 0.287511 0.703337 0.0118455 0.0333858 0.00577399
3 0.546728 0.756774 0.044035 0.0799249 0.00573582
8 0.590768 0.741488 0.0709265 0.0828047 0.00570866
8 0.546728 0.756774 0.044035 0.0799249 0.00553284
0 0.631631 0.698077 0.0107265 0.0294833 0.00544026
8 0.285241 0.698034 0.0109343 0.0268563 0.0054002
8 0.535264 0.690437 0.0347836 0.0629114 0.00537832
22 0.412195 0.705095 0.0119791 0.0270975 0.0053157
25 0.603896 0.68889 0.0130412 0.023257 0.00528612
11 0.515177 0.696983 0.01481 0.0280743 0.00526495
0 0.614576 0.6981 0.0204842 0.0233766 0.00523836
8 0.511524 0.713497 0.0199517 0.0366101 0.00519544
4 0.388044 0.71317 0.0111806 0.0361377 0.00501888
4 0.292652 0.710106 0.0119777 0.0247989 0.00501197
14 0.469902 0.71544 0.0219147 0.0279967 0.00498423
14 0.287511 0.703337 0.0118455 0.0333858 0.00489997
4 0.591079 0.700109 0.0193117 0.0296485 0.00488114
13 0.355139 0.72075 0.020954 0.0566449 0.00476012
3 0.479826 0.719667 0.0406361 0.0412909 0.00471202
7 0.39485 0.650698 0.00993228 0.0235132 0.00469145
8 0.479826 0.719667 0.0406361 0.0412909 0.00465444
2 0.36092 0.325046 0.0124126 0.0198866 0.00463697
0 0.469902 0.71544 0.0219147 0.0279967 0.00463676
1 0.494005 0.568713 0.0122398 0.041078 0.00462929
5 0.597296 0.708536 0.0248721 0.0226347 0.00462209
0 0.630594 0.668662 0.0194031 0.0503033 0.00458317
3 0.461526 0.730997 0.0459732 0.0597618 0.00443345
7 0.494005 0.568713 0.0122398 0.041078 0.00442592
8 0.552401 0.706348 0.0296332 0.0385336 0.00440616
8 0.606413 0.736862 0.0686353 0.0807939 0.00431273
42 0.5799 0.692846 0.0209101 0.0391074 0.00428664
0 0.628669 0.685857 0.0145294 0.0254538 0.0042334
0 0.41664 0.714931 0.0136711 0.0436101 0.00420343
6 0.699209 0.652021 0.05118 0.109833 0.00420285
7 0.360853 0.6705 0.0114161 0.0247485 0.0041821
2 0.36624 0.323824 0.0109559 0.0215846 0.004175
0 0.594208 0.709399 0.0258846 0.0227814 0.00417084
0 0.409393 0.707775 0.0107076 0.0252949 0.00412051
8 0.544538 0.762199 0.0567246 0.108445 0.0040683
1 0.309653 0.640533 0.0105552 0.0304797 0.00403954
2 0.346309 0.313601 0.0111108 0.0220823 0.00401702
14 0.410152 0.702233 0.0115946 0.0271109 0.00399558
1 0.290359 0.692658 0.0132299 0.0287343 0.00396779
1 0.704257 0.636555 0.0445013 0.0828666 0.00394822
42 0.591268 0.691283 0.0160139 0.0318005 0.00394104
1 0.433139 0.449624 0.00874722 0.014459 0.00393086
42 0.618924 0.650526 0.0290464 0.0268813 0.00387497
3 0.591079 0.700109 0.0193117 0.0296485 0.0038696
42 0.531576 0.655071 0.0433456 0.0272874 0.00385452
3 0.555262 0.696999 0.0169092 0.0374804 0.00380807
8 0.399175 0.761983 0.0318416 0.0631047 0.00380097
0 0.386492 0.7305 0.0134229 0.0596063 0.00376023
4 0.699209 0.652021 0.05118 0.109833 0.00375567
2 0.317751 0.648059 0.00706882 0.0154849 0.00375249
5 0.461526 0.730997 0.0459732 0.0597618 0.00375084
8 0.610719 0.711867 0.0397429 0.0288235 0.00371769
19 0.461526 0.730997 0.0459732 0.0597618 0.00369794
2 0.627196 0.648053 0.0168925 0.0172922 0.00368459
3 0.743137 0.778141 0.0917332 0.148809 0.00368097
2 0.572058 0.370363 0.0442211 0.0472104 0.00365758
4 0.610719 0.711867 0.0397429 0.0288235 0.00363395
13 0.627196 0.648053 0.0168925 0.0172922 0.00361779
14 0.328077 0.71453 0.0173055 0.0263572 0.00359989
14 0.41664 0.714931 0.0136711 0.0436101 0.00359957
0 0.51249 0.691238 0.0149678 0.0338152 0.00359014
8 0.326408 0.801647 0.0741606 0.174664 0.00354333
0 0.454095 0.735864 0.0343638 0.0661931 0.00351335
8 0.839912 0.777255 0.271333 0.211946 0.00350346
3 0.552401 0.706348 0.0296332 0.0385336 0.00349789
3 0.685479 0.80567 0.0638435 0.134109 0.00349075
2 0.39014 0.639758 0.00811542 0.0197048 0.00348965
22 0.355095 0.736938 0.0210746 0.045582 0.00343767
8 0.461526 0.730997 0.0459732 0.0597618 0.00342781
3 0.581339 0.697298 0.0185217 0.0349945 0.00338236
17 0.307166 0.709716 0.0188176 0.0289813 0.00337382
12 0.704257 0.636555 0.0445013 0.0828666 0.00335497
1 0.661223 0.627513 0.0166424 0.0703445 0.00334316
11 0.3195 0.705344 0.010537 0.0200784 0.00333889
0 0.481171 0.706854 0.0103474 0.02481 0.00332384
1 0.39014 0.639758 0.00811542 0.0197048 0.00324054
5 0.328077 0.71453 0.0173055 0.0263572 0.0032206
