4 0.547478 0.707638 0.077165 0.0927542 0.917395
1 0.417454 0.382745 0.102655 0.0825326 0.915691
6 0.667146 0.659712 0.119754 0.170421 0.906294
5 0.970292 0.739501 0.0563982 0.154644 0.885914
4 0.470664 0.674444 0.0401327 0.0583845 0.837855
6 0.54111 0.645977 0.0474664 0.0439919 0.715536
6 0.597599 0.659845 0.0440927 0.0839248 0.396592
15 0.541082 0.645689 0.0472477 0.0421516 0.341083
4 0.515778 0.675817 0.0112938 0.0189199 0.213732
5 0.981719 0.741845 0.0349443 0.135034 0.180368
1 0.12729 0.617072 0.0135586 0.0227986 0.163898
6 0.47093 0.674635 0.0399335 0.0586129 0.144535
6 0.493974 0.659922 0.0114279 0.0299175 0.102464
0 0.98689 0.742833 0.0237349 0.122612 0.0693157
4 0.580925 0.678967 0.0100286 0.0277574 0.0652306
4 0.511392 0.675587 0.0147936 0.0182221 0.063554
4 0.445506 0.678915 0.0103119 0.0174865 0.0601825
5 0.974184 0.763936 0.049136 0.103464 0.0588127
14 0.944661 0.729182 0.0149283 0.0382712 0.0570316
1 0.125268 0.644102 0.0195544 0.0170654 0.0520097
4 0.54111 0.645977 0.0474664 0.0439919 0.0513661
5 0.986755 0.740518 0.0237506 0.114848 0.0497005
14 0.970582 0.739486 0.0558685 0.154255 0.0446275
1 0.439113 0.626966 0.00989999 0.0122785 0.0411404
4 0.500404 0.658435 0.0115918 0.0148054 0.0395314
1 0.500256 0.648003 0.0130418 0.0143453 0.0390267
6 0.500404 0.658435 0.0115918 0.0148054 0.0347352
15 0.597353 0.659822 0.0431711 0.083846 0.031731
6 0.57056 0.652355 0.0125338 0.0474462 0.0311248
1 0.226768 0.634238 0.00921396 0.0154992 0.0272584
6 0.584199 0.657133 0.0304999 0.0739429 0.0264284
4 0.533812 0.663705 0.0420016 0.0436733 0.0245568
1 0.498548 0.627909 0.017823 0.0134403 0.0244409
6 0.496226 0.651187 0.0153212 0.0200073 0.0243527
2 0.371065 0.448135 0.0118068 0.0130434 0.0235225
4 0.493592 0.668524 0.0111789 0.023386 0.0225125
1 0.175193 0.560803 0.0169986 0.0138674 0.0195648
6 0.515699 0.644865 0.0209842 0.0353258 0.0194076
6 0.500256 0.648003 0.0130418 0.0143453 0.0185313
4 0.493974 0.659922 0.0114279 0.0299175 0.0176619
4 0.526658 0.666093 0.027412 0.0263409 0.01721
6 0.484923 0.645976 0.0110901 0.0117409 0.0152341
0 0.973385 0.737765 0.0516092 0.144903 0.013921
4 0.580443 0.688749 0.0134086 0.0419768 0.0126734
4 0.515505 0.689279 0.0119729 0.0335982 0.0122747
4 0.720723 0.676545 0.0100074 0.0205294 0.0118679
8 0.974143 0.761882 0.0493475 0.108436 0.0116485
4 0.57529 0.677124 0.0196211 0.0374965 0.0112545
3 0.944661 0.729182 0.0149283 0.0382712 0.0110682
4 0.441171 0.676699 0.0135608 0.0203511 0.0104701
6 0.468966 0.646185 0.0282875 0.0120223 0.0104623
1 0.124603 0.619149 0.0195888 0.024099 0.0104154
1 0.493974 0.659922 0.0114279 0.0299175 0.00991874
8 0.986955 0.757225 0.0226779 0.112537 0.00892778
1 0.484923 0.645976 0.0110901 0.0117409 0.00800396
1 0.4146 0.652718 0.00980957 0.0157494 0.00793556
12 0.598056 0.659322 0.0382948 0.0831899 0.00791155
4 0.434092 0.680992 0.0125956 0.0175257 0.00785467
2 0.175193 0.560803 0.0169986 0.0138674 0.00772
1 0.720723 0.676545 0.0100074 0.0205294 0.00771924
1 0.496226 0.651187 0.0153212 0.0200073 0.0075526
6 0.526658 0.666093 0.027412 0.0263409 0.00753088
2 0.371527 0.444221 0.0121673 0.0197621 0.007284
1 0.500404 0.658435 0.0115918 0.0148054 0.00703283
1 0.407441 0.649525 0.0230637 0.0178018 0.0068303
8 0.981719 0.741845 0.0349443 0.135034 0.00666561
4 0.500256 0.648003 0.0130418 0.0143453 0.00621248
1 0.430904 0.626706 0.0100069 0.0136836 0.00601542
6 0.515366 0.67561 0.0109069 0.02272 0.0058797
0 0.580925 0.678967 0.0100286 0.0277574 0.0056153
14 0.987022 0.727768 0.0228678 0.090654 0.0055683
4 0.578491 0.703166 0.0154922 0.0461728 0.00543848
4 0.317663 0.662274 0.0267572 0.0166053 0.00536662
1 0.418471 0.618532 0.0270738 0.0283821 0.00519149
8 0.944661 0.729182 0.0149283 0.0382712 0.00518737
12 0.54111 0.645977 0.0474664 0.0439919 0.00469101
0 0.944661 0.729182 0.0149283 0.0382712 0.00464549
0 0.515366 0.67561 0.0109069 0.02272 0.00464453
2 0.296687 0.52473 0.00890643 0.0362925 0.00460615
15 0.970743 0.739169 0.0558226 0.153593 0.00444959
1 0.303665 0.648084 0.00826575 0.0199578 0.00437113
6 0.485334 0.638925 0.0132772 0.0179961 0.00431684
14 0.947434 0.717335 0.018278 0.0683894 0.00423628
18 0.944661 0.729182 0.0149283 0.0382712 0.00423077
4 0.496226 0.651187 0.0153212 0.0200073 0.00416906
4 0.986755 0.740518 0.0237506 0.114848 0.00416672
14 0.969128 0.705972 0.0511413 0.082689 0.00401155
0 0.493974 0.659922 0.0114279 0.0299175 0.00394786
4 0.303277 0.655603 0.0138182 0.0104057 0.00392828
6 0.493592 0.668524 0.0111789 0.023386 0.00367659
7 0.439113 0.626966 0.00989999 0.0122785 0.00359521
6 0.720723 0.676545 0.0100074 0.0205294 0.00349418
4 0.969204 0.74043 0.0587157 0.15422 0.00337221
2 0.145026 0.550673 0.0159372 0.013181 0.00336007
1 0.620935 0.605422 0.0133558 0.0236628 0.00335455
1 0.720303 0.667811 0.0117656 0.0320837 0.00330307
0 0.98351 0.701521 0.0295582 0.0754189 0.00315717
0 0.719013 0.688679 0.0117654 0.0407952 0.00310009
8 0.580925 0.678967 0.0100286 0.0277574 0.00309439
1 0.564783 0.608505 0.009224 0.0239718 0.00308076
4 0.484923 0.645976 0.0110901 0.0117409 0.00301041
4 0.593652 0.688111 0.0191929 0.0383781 0.00300353
1 0.631541 0.579293 0.0124109 0.0160503 0.00299125
0 0.720723 0.676545 0.0100074 0.0205294 0.00298844
1 0.57056 0.652355 0.0125338 0.0474462 0.00290023
4 0.325679 0.663462 0.0119803 0.0132933 0.00286368
6 0.511392 0.675587 0.0147936 0.0182221 0.0028502
5 0.493974 0.659922 0.0114279 0.0299175 0.00282853
2 0.918602 0.536273 0.0106354 0.0177263 0.00278238
1 0.463044 0.631735 0.0198535 0.0215424 0.00274785
0 0.0312151 0.641363 0.0163958 0.0354242 0.00274692
1 0.457959 0.629743 0.0157657 0.0169735 0.00267892
1 0.58481 0.611429 0.0140872 0.0188233 0.00260625
6 0.148554 0.631337 0.154458 0.047378 0.00254493
1 0.325679 0.663462 0.0119803 0.0132933 0.00253669
6 0.463346 0.648825 0.0213006 0.0161148 0.00238245
42 0.98689 0.742833 0.0237349 0.122612 0.00235026
8 0.969804 0.738704 0.0575559 0.155549 0.00231451
14 0.937367 0.730232 0.0250844 0.0506706 0.00229509
1 0.0876287 0.627473 0.013119 0.0618725 0.00229045
6 0.580925 0.678967 0.0100286 0.0277574 0.00226077
1 0.483579 0.630833 0.0101245 0.0176133 0.00221968
6 0.129597 0.633562 0.0510298 0.0429073 0.00221283
2 0.180527 0.562226 0.0149289 0.0142463 0.00217621
2 0.278202 0.476032 0.00790256 0.0117688 0.00212551
3 0.987022 0.727768 0.0228678 0.090654 0.00212028
5 0.54111 0.645977 0.0474664 0.0439919 0.00208897
2 0.278595 0.498115 0.00930982 0.0147562 0.00207948
14 0.973022 0.764253 0.0478735 0.0901782 0.00207916
15 0.47093 0.674635 0.0399335 0.0586129 0.00205525
14 0.792902 0.714285 0.0127261 0.023637 0.00205271
5 0.580925 0.678967 0.0100286 0.0277574 0.00200793
1 0.56939 0.632276 0.0132607 0.0243306 0.00196104
6 0.596419 0.67084 0.0309346 0.0757095 0.00195598
0 0.500404 0.658435 0.0115918 0.0148054 0.00186485
4 0.719013 0.688679 0.0117654 0.0407952 0.00185677
3 0.937367 0.730232 0.0250844 0.0506706 0.00184977
3 0.970743 0.739169 0.0558226 0.153593 0.00180639
1 0.540504 0.646519 0.046877 0.0417832 0.0017539
12 0.584199 0.657133 0.0304999 0.0739429 0.00175295
5 0.98351 0.701521 0.0295582 0.0754189 0.00175157
12 0.57056 0.652355 0.0125338 0.0474462 0.00174525
8 0.987022 0.727768 0.0228678 0.090654 0.00174421
15 0.526658 0.666093 0.027412 0.0263409 0.00173641
5 0.944661 0.729182 0.0149283 0.0382712 0.00170952
1 0.083171 0.628308 0.0177 0.0622387 0.00168958
5 0.720723 0.676545 0.0100074 0.0205294 0.00166952
6 0.317663 0.662274 0.0267572 0.0166053 0.00166384
2 0.300049 0.512648 0.0122292 0.0125518 0.00165529
2 0.296439 0.497002 0.00915723 0.015537 0.00156239
4 0.597682 0.659847 0.0346776 0.0833806 0.00155265
1 0.394949 0.64516 0.0205669 0.0151299 0.00154116
15 0.515699 0.644865 0.0209842 0.0353258 0.00153364
5 0.470575 0.674744 0.0403652 0.0592144 0.00152318
5 0.973385 0.701183 0.0498143 0.0780006 0.0015024
2 0.165867 0.558886 0.0112368 0.0190211 0.00148429
0 0.493592 0.668524 0.0111789 0.023386 0.00146866
0 0.580443 0.688749 0.0134086 0.0419768 0.00146502
6 0.0592234 0.628102 0.0855666 0.0654083 0.00144586
2 0.17253 0.557299 0.0172491 0.0192508 0.00143187
14 0.580925 0.678967 0.0100286 0.0277574 0.0014076
6 0.124992 0.642422 0.0198966 0.0201842 0.00140633
4 0.981719 0.741845 0.0349443 0.135034 0.00139993
1 0.468966 0.646185 0.0282875 0.0120223 0.00139624
1 0.442001 0.634444 0.0163318 0.0206799 0.00139531
4 0.511815 0.687661 0.0148542 0.0250838 0.00137817
15 0.500404 0.658435 0.0115918 0.0148054 0.00137145
1 0.145026 0.550673 0.0159372 0.013181 0.00136755
6 0.103913 0.632128 0.0674572 0.0476732 0.00132151
3 0.580925 0.678967 0.0100286 0.0277574 0.00130993
0 0.445506 0.678915 0.0103119 0.0174865 0.00129283
6 0.470471 0.636594 0.0309157 0.0134806 0.00127975
4 0.57056 0.652355 0.0125338 0.0474462 0.0012748
23 0.944661 0.729182 0.0149283 0.0382712 0.00127382
5 0.500404 0.658435 0.0115918 0.0148054 0.00127129
15 0.57056 0.652355 0.0125338 0.0474462 0.00125862
9 0.987022 0.727768 0.0228678 0.090654 0.00125861
1 0.463346 0.648825 0.0213006 0.0161148 0.00124548
13 0.720723 0.676545 0.0100074 0.0205294 0.00123818
1 0.558811 0.611832 0.015159 0.0266586 0.00121265
25 0.54111 0.645977 0.0474664 0.0439919 0.00117971
1 0.720051 0.646163 0.0124647 0.0246395 0.00116384
4 0.421793 0.679362 0.0317559 0.0248703 0.00112863
1 0.427014 0.643546 0.0159502 0.0160669 0.00109575
7 0.0303971 0.633316 0.014588 0.0338998 0.00109218
4 0.339529 0.68646 0.0363523 0.0183351 0.00109192
6 0.720303 0.667811 0.0117656 0.0320837 0.00108101
4 0.468966 0.646185 0.0282875 0.0120223 0.0010804
6 0.52655 0.630984 0.0252147 0.0185855 0.00104895
4 0.298797 0.655201 0.0171355 0.0118162 0.00104706
1 0.224586 0.631961 0.0133837 0.0191862 0.00104657
14 0.541027 0.645626 0.0464277 0.0450282 0.00102532
1 0.485334 0.638925 0.0132772 0.0179961 0.00102473
38 0.970512 0.739399 0.056089 0.154482 0.00101929
14 0.923324 0.731543 0.0185579 0.0412319 0.00101003
