4 0.342029 0.196163 0.02153 0.0301185 0.551486
4 0.224163 0.425896 0.0284185 0.0314379 0.51737
4 0.193759 0.422 0.0343146 0.0414456 0.485853
4 0.354406 0.1944 0.0463331 0.0397632 0.414706
4 0.192128 0.456793 0.0302337 0.0298769 0.369771
4 0.34773 0.366759 0.0314023 0.0265816 0.352488
4 0.196783 0.447758 0.041323 0.0627213 0.347554
4 0.366187 0.188179 0.0227146 0.0401537 0.318483
4 0.320978 0.411833 0.0244467 0.0307446 0.317103
8 0.523744 0.659555 0.0431387 0.0525957 0.295603
4 0.193098 0.445726 0.03262 0.0471271 0.2872
4 0.366016 0.200428 0.0231372 0.030105 0.276361
4 0.394969 0.139319 0.0240146 0.0210128 0.254872
8 0.565902 0.636679 0.0160242 0.0418901 0.224039
4 0.304136 0.387079 0.0291583 0.0315885 0.193086
4 0.409692 0.265366 0.0341135 0.0347843 0.182822
8 0.622078 0.615478 0.016244 0.0396011 0.182042
22 0.59452 0.621477 0.0158981 0.0478688 0.177918
4 0.560216 0.137281 0.0203074 0.0220057 0.173706
4 0.30555 0.490081 0.0522636 0.085525 0.172994
8 0.33196 0.815802 0.0417842 0.0856818 0.170457
8 0.530131 0.653984 0.0288595 0.0545606 0.161269
4 0.65104 0.61494 0.0192236 0.0206012 0.154138
4 0.390967 0.381672 0.0352811 0.0342548 0.15036
4 0.519263 0.163644 0.0112667 0.0207405 0.149881
4 0.0679075 0.543286 0.0340969 0.0379581 0.149557
8 0.0670265 0.556616 0.0361481 0.0663864 0.137735
4 0.463219 0.197061 0.0353091 0.0361846 0.137453
4 0.396248 0.179984 0.013563 0.0269766 0.136428
4 0.31198 0.476433 0.0410647 0.0753718 0.136366
8 0.533913 0.445684 0.0165402 0.0548878 0.135757
4 0.546369 0.127807 0.0322346 0.0198455 0.128899
4 0.15321 0.29318 0.0268879 0.0233085 0.126403
22 0.332071 0.81563 0.0404302 0.0851834 0.125634
4 0.902418 0.35835 0.021245 0.0299579 0.119222
8 0.257763 0.580382 0.0196791 0.0559138 0.114098
4 0.403322 0.282088 0.027401 0.0202966 0.110323
4 0.4421 0.230485 0.0272917 0.0207687 0.103427
4 0.923502 0.323411 0.0172432 0.0262596 0.102511
0 0.39068 0.484067 0.0255894 0.103029 0.100289
4 0.207837 0.454463 0.065689 0.0864472 0.0938181
4 0.493967 0.183522 0.0143351 0.0247689 0.0913612
0 0.623091 0.614731 0.0144411 0.0409478 0.0911952
4 0.19817 0.46612 0.0443192 0.0580603 0.0892538
4 0.494023 0.161862 0.012376 0.0159295 0.0888675
1 0.146238 0.334592 0.0137968 0.032431 0.0887509
8 0.59452 0.621477 0.0158981 0.0478688 0.0871156
4 0.454873 0.201508 0.0173483 0.0196493 0.0850011
4 0.191805 0.476267 0.0313027 0.0477419 0.0838463
4 0.52486 0.657463 0.0457255 0.0552721 0.0803182
8 0.0675112 0.543954 0.0334644 0.0398159 0.0800188
4 0.406428 0.29406 0.0546751 0.0543842 0.0778887
4 0.539126 0.128399 0.0180143 0.0197989 0.0765316
4 0.622078 0.615478 0.016244 0.0396011 0.0747611
4 0.512121 0.446402 0.0587741 0.0570355 0.0743133
4 0.374755 0.202144 0.0288638 0.0284493 0.0728094
4 0.298044 0.393219 0.0196938 0.0233137 0.0707125
4 0.4133 0.258539 0.0302294 0.0218332 0.0701789
4 0.40114 0.177339 0.02174 0.0282748 0.0688954
4 0.470423 0.180781 0.0162394 0.019868 0.0649292
4 0.408244 0.281228 0.0456657 0.0448958 0.0642807
4 0.382103 0.19972 0.0355709 0.0336822 0.0636113
1 0.555772 0.0504946 0.0273903 0.0279126 0.0626123
4 0.394906 0.184606 0.0222437 0.0313828 0.0591538
4 0.603853 0.440741 0.0594339 0.0431449 0.0587623
4 0.928142 0.316415 0.0153347 0.0262025 0.056666
4 0.0670265 0.556616 0.0361481 0.0663864 0.0557837
4 0.325702 0.410771 0.013216 0.0288219 0.0547503
0 0.594896 0.620156 0.0154277 0.0490496 0.0526956
4 0.899797 0.367115 0.0224155 0.0353418 0.0515681
4 0.406724 0.274592 0.0330154 0.0308496 0.0513111
8 0.259851 0.564352 0.0243059 0.0557337 0.0507705
0 0.56567 0.637986 0.0167257 0.0438791 0.0505069
4 0.314397 0.410564 0.037108 0.0348336 0.050088
4 0.397384 0.370882 0.0220244 0.0487391 0.0498225
1 0.958201 0.327988 0.015728 0.0343494 0.0492487
4 0.176041 0.809988 0.0362141 0.111145 0.0487615
8 0.175383 0.810744 0.0342787 0.107984 0.0486825
4 0.45595 0.156607 0.0177385 0.0159604 0.0483879
4 0.307337 0.377234 0.0347361 0.0319209 0.0481991
4 0.465468 0.290819 0.0193283 0.0375888 0.0481828
0 0.524019 0.659072 0.0424654 0.0535185 0.0464555
4 0.571936 0.0959112 0.0189877 0.0188473 0.045972
0 0.530131 0.653984 0.0288595 0.0545606 0.045961
8 0.0587449 0.576268 0.0186916 0.028159 0.0447104
0 0.65194 0.605633 0.0176291 0.0379529 0.043672
4 0.290633 0.493446 0.048395 0.08639 0.0430484
8 0.65194 0.605633 0.0176291 0.0379529 0.0428918
0 0.271865 0.492119 0.011559 0.0595756 0.042767
8 0.515613 0.661468 0.0266087 0.0466816 0.0427538
4 0.89646 0.375234 0.0167374 0.0193946 0.0424079
4 0.479461 0.204435 0.0230134 0.0294124 0.040808
2 0.0679075 0.543286 0.0340969 0.0379581 0.0405835
0 0.271368 0.499326 0.0157905 0.0738762 0.0388376
7 0.0674278 0.543517 0.0336563 0.0381278 0.0383085
4 0.653478 0.587245 0.0128717 0.021117 0.0373566
4 0.503946 0.161455 0.0205105 0.0204192 0.0372293
0 0.392732 0.493998 0.0186483 0.0798207 0.0370732
4 0.450401 0.233364 0.0448469 0.0254267 0.0365395
4 0.65194 0.605633 0.0176291 0.0379529 0.036272
1 0.482079 0.292807 0.0214735 0.0418053 0.0361076
4 0.49146 0.188884 0.0146887 0.0250347 0.0348308
4 0.568481 0.442765 0.034595 0.0355617 0.0344822
3 0.565902 0.636679 0.0160242 0.0418901 0.0338773
4 0.394176 0.144651 0.0191879 0.0222254 0.0337375
4 0.533913 0.445684 0.0165402 0.0548878 0.0331753
4 0.263848 0.415749 0.0237964 0.0233037 0.0331455
1 0.974313 0.290574 0.0513734 0.0820955 0.0324587
8 0.562583 0.633135 0.0224037 0.0498906 0.0320791
8 0.65104 0.61494 0.0192236 0.0206012 0.0319445
4 0.244231 0.374844 0.0205579 0.0199232 0.0319418
4 0.557346 0.443319 0.0538992 0.0406596 0.0315527
7 0.623091 0.614731 0.0144411 0.0409478 0.0315299
4 0.268161 0.401303 0.0172321 0.0311956 0.0313208
22 0.65194 0.605633 0.0176291 0.0379529 0.0311182
4 0.482079 0.292807 0.0214735 0.0418053 0.0310232
4 0.346631 0.374107 0.0315473 0.0422766 0.0309355
4 0.247649 0.371225 0.0194507 0.0251324 0.0308851
8 0.28695 0.498944 0.0422301 0.078714 0.0295537
8 0.537456 0.652437 0.0163888 0.0504786 0.0294133
22 0.622078 0.615478 0.016244 0.0396011 0.0293154
4 0.415458 0.254063 0.0183624 0.0203805 0.0292835
8 0.392657 0.495614 0.0177826 0.0769257 0.0276884
4 0.457838 0.224041 0.0357062 0.0338371 0.0268903
4 0.907559 0.345889 0.0245579 0.0391189 0.0267433
7 0.0667281 0.556912 0.0340286 0.0643423 0.0264754
0 0.653478 0.587245 0.0128717 0.021117 0.0257232
4 0.500287 0.177526 0.0169713 0.0163002 0.0254295
4 0.31825 0.479443 0.0291296 0.0470844 0.0251861
4 0.539877 0.44582 0.0279483 0.0492605 0.0248889
8 0.300844 0.491996 0.0573921 0.0879157 0.0248607
22 0.392657 0.495614 0.0177826 0.0769257 0.024285
0 0.515613 0.661468 0.0266087 0.0466816 0.0236668
1 0.153145 0.291446 0.0272012 0.0244329 0.0234264
1 0.97303 0.336172 0.0539408 0.178556 0.0232263
4 0.486218 0.289317 0.0326011 0.0530995 0.0229027
7 0.146238 0.334592 0.0137968 0.032431 0.0228587
8 0.265596 0.543816 0.0234522 0.0571852 0.0220101
0 0.89646 0.375234 0.0167374 0.0193946 0.0218437
4 0.393313 0.189064 0.0171593 0.03068 0.0217844
4 0.647848 0.600524 0.0260644 0.0487305 0.0217282
3 0.33196 0.815802 0.0417842 0.0856818 0.0215109
4 0.585855 0.440578 0.0447435 0.0403349 0.0214888
0 0.298048 0.454186 0.0103928 0.0405558 0.0213885
8 0.653478 0.587245 0.0128717 0.021117 0.0213288
4 0.146238 0.334592 0.0137968 0.032431 0.0213031
0 0.0670265 0.556616 0.0361481 0.0663864 0.0202522
0 0.533573 0.444966 0.0173776 0.0546662 0.0200064
4 0.638449 0.609436 0.0421581 0.0397288 0.0198538
5 0.52486 0.657463 0.0457255 0.0552721 0.0197536
1 0.0775643 0.651094 0.0181778 0.0236669 0.0195872
4 0.465332 0.275483 0.0207396 0.0394638 0.0195608
4 0.304015 0.456231 0.0217171 0.0487964 0.0194461
1 0.47758 0.296781 0.0127636 0.0379376 0.0192696
4 0.539952 0.121455 0.0192254 0.0230932 0.0189305
15 0.971525 0.33531 0.056892 0.179375 0.0187387
1 0.383466 0.30137 0.00829736 0.021145 0.0183331
4 0.285076 0.400075 0.0259183 0.0274256 0.0181362
0 0.537456 0.652437 0.0163888 0.0504786 0.0179631
4 0.270324 0.385868 0.00939438 0.0176321 0.0178475
4 0.298048 0.454186 0.0103928 0.0405558 0.0177337
2 0.224163 0.425896 0.0284185 0.0314379 0.0175697
4 0.253123 0.374157 0.00906044 0.0153958 0.0175539
22 0.14726 0.599442 0.0116126 0.0213789 0.0175204
4 0.491041 0.447733 0.0519302 0.0562074 0.0170572
1 0.945043 0.355541 0.0117291 0.0222296 0.0169459
8 0.514111 0.445858 0.0550388 0.056684 0.0168779
4 0.615012 0.437184 0.0466799 0.0426625 0.0167807
4 0.457686 0.162211 0.0222372 0.0232987 0.0167201
8 0.272322 0.475164 0.0102903 0.0275376 0.0163237
4 0.602757 0.447626 0.037488 0.0450753 0.0159009
8 0.539092 0.448157 0.0256422 0.0512042 0.0157154
8 0.0436814 0.707988 0.0136341 0.0256141 0.015653
4 0.114091 0.363956 0.0285236 0.0392048 0.0154509
2 0.153145 0.291446 0.0272012 0.0244329 0.0153002
0 0.272322 0.475164 0.0102903 0.0275376 0.0150184
1 0.144018 0.339993 0.0121353 0.0339943 0.0149242
8 0.271865 0.492119 0.011559 0.0595756 0.0149202
4 0.882673 0.399458 0.0146503 0.014139 0.0147697
4 0.243398 0.363889 0.0166684 0.0204413 0.0146938
2 0.0775643 0.651094 0.0181778 0.0236669 0.0146853
4 0.258289 0.420868 0.0149504 0.0203578 0.014469
4 0.449703 0.24731 0.0465115 0.0512935 0.014361
3 0.257763 0.580382 0.0196791 0.0559138 0.0143472
4 0.25935 0.425313 0.0181052 0.0273509 0.0143427
4 0.367808 0.207155 0.0189612 0.031264 0.0142845
4 0.223667 0.417289 0.0284578 0.0377521 0.0141833
4 0.567244 0.101218 0.0103549 0.0199817 0.0141743
4 0.40356 0.308125 0.0195305 0.0325597 0.0141077
4 0.462931 0.271416 0.0163302 0.0273293 0.0140595
4 0.468837 0.217942 0.0206764 0.0327043 0.0140254
4 0.485613 0.206846 0.010762 0.0297826 0.0139437
22 0.257763 0.580382 0.0196791 0.0559138 0.0139178
4 0.479058 0.185368 0.0226039 0.0278937 0.0136613
4 0.494012 0.190098 0.0167961 0.0321226 0.0136366
1 0.465468 0.290819 0.0193283 0.0375888 0.0132848
4 0.233993 0.360484 0.0108755 0.0145425 0.0132656
4 0.456966 0.258963 0.0405624 0.039492 0.013242
0 0.542484 0.599185 0.00875037 0.0309698 0.0131593
8 0.146238 0.334592 0.0137968 0.032431 0.0131452
0 0.228103 0.591288 0.0262661 0.118453 0.0131059
3 0.287239 0.501978 0.0405868 0.0730574 0.0130052
4 0.381297 0.189535 0.0319763 0.0426947 0.0129773
4 0.814753 0.418642 0.0274864 0.0279992 0.0128972
8 0.638449 0.609436 0.0421581 0.0397288 0.0127731
8 0.388077 0.500993 0.0261517 0.0711145 0.0127147
0 0.146238 0.334592 0.0137968 0.032431 0.0126318
22 0.65104 0.61494 0.0192236 0.0206012 0.0125414
4 0.670388 0.486265 0.0361179 0.0250611 0.0125135
4 0.23577 0.378452 0.0155825 0.0184713 0.0123575
1 0.325702 0.410771 0.013216 0.0288219 0.0123255
4 0.56567 0.637986 0.0167257 0.0438791 0.0121169
1 0.493967 0.183522 0.0143351 0.0247689 0.0119736
8 0.258289 0.420868 0.0149504 0.0203578 0.0119683
4 0.397421 0.159358 0.0254944 0.0352318 0.0119584
8 0.89646 0.375234 0.0167374 0.0193946 0.0119086
22 0.653478 0.587245 0.0128717 0.021117 0.0117822
1 0.969 0.330443 0.00946198 0.033475 0.0116228
4 0.452338 0.153597 0.0179135 0.0187904 0.0116173
4 0.671724 0.434974 0.0277468 0.0310126 0.0114481
7 0.59452 0.621477 0.0158981 0.0478688 0.0113014
22 0.565902 0.636679 0.0160242 0.0418901 0.011063
4 0.588977 0.0846363 0.0496126 0.0226884 0.0109514
0 0.259851 0.564352 0.0243059 0.0557337 0.0109272
4 0.958794 0.322433 0.0137455 0.0292867 0.01079
2 0.346055 0.365685 0.0306808 0.0236976 0.0107378
1 0.494023 0.161862 0.012376 0.0159295 0.0106752
8 0.30951 0.484267 0.0450779 0.0764579 0.010467
1 0.65194 0.605633 0.0176291 0.0379529 0.0103624
4 0.658846 0.485316 0.0277455 0.0168423 0.010273
4 0.422303 0.270347 0.0396483 0.0319966 0.0102672
4 0.233169 0.392363 0.036451 0.0444845 0.0101278
0 0.65104 0.61494 0.0192236 0.0206012 0.0101073
1 0.965716 0.353842 0.0439377 0.0223967 0.0100618
7 0.076978 0.657778 0.02015 0.0354931 0.0100493
4 0.405472 0.368899 0.0451793 0.0440916 0.0100465
8 0.259965 0.551101 0.033334 0.0716505 0.00988012
4 0.826004 0.417899 0.0295715 0.0234221 0.00987077
4 0.481478 0.212435 0.0171625 0.030412 0.00981661
22 0.272322 0.475164 0.0102903 0.0275376 0.00977174
8 0.396248 0.179984 0.013563 0.0269766 0.00957778
1 0.971911 0.38616 0.0545693 0.0473111 0.00934412
2 0.928142 0.316415 0.0153347 0.0262025 0.00934291
4 0.40648 0.326435 0.0109188 0.017424 0.00925669
4 0.840768 0.41391 0.0131683 0.0187619 0.00921379
22 0.298048 0.454186 0.0103928 0.0405558 0.00918431
4 0.641401 0.415758 0.0884356 0.0867562 0.00917864
0 0.396248 0.179984 0.013563 0.0269766 0.00907664
4 0.252544 0.365913 0.00958968 0.0213847 0.00902598
4 0.103727 0.308663 0.023945 0.0407043 0.0090082
4 0.597553 0.0829387 0.0313674 0.0191209 0.00895512
7 0.698385 0.955379 0.0100367 0.0401755 0.00893559
3 0.265596 0.543816 0.0234522 0.0571852 0.00880784
22 0.388077 0.500993 0.0261517 0.0711145 0.0087974
22 0.346821 0.88472 0.0115145 0.0360453 0.00879425
4 0.593855 0.628164 0.0160584 0.03754 0.00870233
8 0.325702 0.410771 0.013216 0.0288219 0.00857343
0 0.882673 0.399458 0.0146503 0.014139 0.00851984
4 0.423449 0.291908 0.0892523 0.0657403 0.00844792
7 0.0436814 0.707988 0.0136341 0.0256141 0.00841472
4 0.860393 0.407298 0.0437319 0.021291 0.00838494
8 0.882673 0.399458 0.0146503 0.014139 0.00834051
8 0.25935 0.425313 0.0181052 0.0273509 0.00829152
4 0.398722 0.369397 0.0463338 0.0571564 0.00822424
4 0.808086 0.41973 0.0398861 0.0340193 0.00821894
7 0.0587449 0.576268 0.0186916 0.028159 0.00820465
10 0.165208 0.206193 0.010219 0.0267673 0.00818959
2 0.653478 0.587245 0.0128717 0.021117 0.008132
1 0.65104 0.61494 0.0192236 0.0206012 0.00812629
0 0.17205 0.655108 0.0336563 0.125711 0.00808344
0 0.285827 0.499884 0.0389742 0.0781264 0.00793025
4 0.607059 0.428275 0.0709999 0.0733053 0.00791377
4 0.423113 0.356156 0.0098627 0.0159626 0.00791233
4 0.47758 0.296781 0.0127636 0.0379376 0.00784166
8 0.0193134 0.731774 0.0160023 0.0244106 0.00782722
4 0.945043 0.355541 0.0117291 0.0222296 0.00781909
1 0.076978 0.657778 0.02015 0.0354931 0.00775329
4 0.389556 0.298215 0.0209438 0.0246172 0.00766151
3 0.523912 0.656908 0.0437514 0.0565679 0.00764562
22 0.542484 0.599185 0.00875037 0.0309698 0.00762492
0 0.175673 0.810943 0.035728 0.109964 0.00753805
1 0.59452 0.621477 0.0158981 0.0478688 0.007513
0 0.0674278 0.543517 0.0336563 0.0381278 0.00751143
4 0.891081 0.38602 0.0318062 0.0373435 0.00744999
0 0.266241 0.541366 0.02327 0.0598028 0.00744245
22 0.151088 0.594827 0.0161981 0.0305414 0.00740739
7 0.0775643 0.651094 0.0181778 0.0236669 0.00739514
4 0.396152 0.174598 0.0198086 0.0278314 0.00729372
4 0.312633 0.452346 0.0392028 0.0567898 0.00729039
4 0.85886 0.411278 0.0535563 0.028881 0.00721865
3 0.562583 0.633135 0.0224037 0.0498906 0.00720269
3 0.532058 0.446177 0.0204952 0.055161 0.00716961
4 0.569998 0.432936 0.0353672 0.039106 0.00715784
7 0.65194 0.605633 0.0176291 0.0379529 0.00710042
4 0.470646 0.294051 0.0225819 0.0406281 0.00708326
1 0.149825 0.336105 0.0135155 0.0255015 0.00707273
0 0.550818 0.63073 0.0394005 0.0751028 0.00706147
4 0.388349 0.083216 0.0459251 0.0208838 0.0069597
8 0.191512 0.482156 0.0303226 0.043481 0.00693104
4 0.188914 0.492678 0.0276386 0.0506897 0.00691912
