4 0.485994 0.751664 0.110607 0.130581 0.921997
4 0.746322 0.744251 0.0947949 0.0864591 0.920545
4 0.334369 0.732472 0.0933737 0.0969747 0.918854
4 0.967578 0.773922 0.0619921 0.154223 0.912216
4 0.60855 0.72504 0.0416646 0.0476872 0.867247
4 0.389435 0.715036 0.0417755 0.0561885 0.829726
4 0.560335 0.720229 0.0264937 0.029021 0.787185
4 0.414169 0.713688 0.0159586 0.0266879 0.706761
1 0.426384 0.65797 0.0304349 0.0270716 0.699147
4 0.0367473 0.705251 0.0711653 0.0606592 0.635336
4 0.657621 0.7152 0.022341 0.0142905 0.615016
1 0.752655 0.61868 0.0208767 0.0196735 0.557172
1 0.381898 0.654768 0.0310731 0.0265873 0.46617
1 0.679155 0.666828 0.00958734 0.0283369 0.400787
4 0.051651 0.704311 0.0436696 0.0600154 0.370448
4 0.256322 0.717622 0.0256687 0.0278143 0.36748
1 0.504746 0.682887 0.015767 0.0135278 0.339635
4 0.531207 0.713351 0.0122177 0.0167519 0.262333
4 0.431977 0.716521 0.0133429 0.0224572 0.250846
4 0.440497 0.714743 0.0139991 0.0348238 0.242665
4 0.535809 0.711923 0.00956677 0.0151506 0.240004
1 0.429513 0.689634 0.0129957 0.0222931 0.183179
4 0.279593 0.719258 0.0258327 0.0217344 0.1412
4 0.540209 0.717752 0.0122405 0.0209212 0.135884
1 0.428393 0.69719 0.0123053 0.01432 0.134289
1 0.4981 0.617902 0.225111 0.0295946 0.129593
4 0.816415 0.718514 0.02734 0.0238149 0.122517
4 0.900963 0.729635 0.0514078 0.0227797 0.12209
4 0.95089 0.726214 0.0537733 0.0306481 0.114689
4 0.527077 0.705682 0.0101528 0.0165601 0.114383
4 0.694914 0.713567 0.0123054 0.0171966 0.113561
1 0.681656 0.666342 0.0109408 0.0287402 0.112493
4 0.957906 0.721585 0.0389396 0.031993 0.106477
4 0.677269 0.715042 0.0117614 0.0136567 0.105713
4 0.445147 0.705392 0.0108064 0.0209944 0.0974545
1 0.505134 0.666612 0.016501 0.013354 0.0855993
4 0.539129 0.704382 0.00883527 0.0140524 0.0614239
4 0.51775 0.699754 0.0118002 0.0151336 0.0613608
1 0.505106 0.67387 0.0181053 0.0206606 0.0603547
4 0.428393 0.69719 0.0123053 0.01432 0.0572343
4 0.705811 0.714914 0.0132651 0.020896 0.0535047
4 0.653735 0.713112 0.026569 0.0125578 0.0452007
4 0.52577 0.70872 0.0190704 0.0232837 0.0439729
4 0.275364 0.716261 0.0331733 0.0214442 0.0432973
4 0.00688427 0.71061 0.012479 0.0455846 0.0432854
4 0.372619 0.699864 0.0126501 0.0216393 0.0432349
4 0.938955 0.720604 0.0698062 0.0322789 0.043011
4 0.907041 0.733692 0.0398748 0.0225764 0.0427646
4 0.214017 0.726899 0.0831488 0.0603693 0.0425903
4 0.809216 0.71616 0.0336527 0.0271915 0.0412857
8 0.677269 0.715042 0.0117614 0.0136567 0.040686
4 0.579557 0.716576 0.0128463 0.0161549 0.0404975
4 0.533839 0.722903 0.0144403 0.0279505 0.0372772
1 0.388037 0.657165 0.0231942 0.028951 0.0348197
1 0.614647 0.625173 0.00790216 0.0191579 0.0343604
15 0.428393 0.69719 0.0123053 0.01432 0.0331341
6 0.428393 0.69719 0.0123053 0.01432 0.0330844
12 0.855682 0.682611 0.164167 0.123637 0.0325981
1 0.609706 0.619632 0.0124728 0.0210707 0.0282627
4 0.270482 0.722858 0.0417384 0.033902 0.0276444
1 0.417923 0.68576 0.0126426 0.0192534 0.0271987
14 0.855995 0.717952 0.0161606 0.0301738 0.0271686
4 0.555387 0.705562 0.0165984 0.015792 0.0271022
4 0.83292 0.718828 0.0249207 0.0305482 0.0262428
4 0.824689 0.724113 0.0377828 0.0236376 0.0255324
0 0.540209 0.717752 0.0122405 0.0209212 0.0244201
4 0.590182 0.713667 0.00973267 0.0250373 0.0239456
4 0.374283 0.714778 0.0139879 0.0415195 0.023876
4 0.839473 0.726532 0.0147631 0.0223735 0.023731
8 0.839438 0.72532 0.0155087 0.0242343 0.0219859
0 0.431977 0.716521 0.0133429 0.0224572 0.0215534
8 0.540209 0.717752 0.0122405 0.0209212 0.0210695
7 0.625182 0.635606 0.0110181 0.0128378 0.0204552
8 0.431977 0.716521 0.0133429 0.0224572 0.0196421
4 0.446962 0.714298 0.0201487 0.046691 0.0191968
4 0.5088 0.689561 0.014048 0.0170322 0.0190862
4 0.25446 0.710603 0.0301555 0.027659 0.0183331
4 0.250369 0.716327 0.0360612 0.03421 0.0177007
8 0.694914 0.713567 0.0123054 0.0171966 0.0169059
15 0.504746 0.682887 0.015767 0.0135278 0.0168879
4 0.717764 0.713317 0.0137097 0.0213539 0.0165991
4 0.781556 0.714847 0.0213353 0.0262174 0.0153663
1 0.340801 0.65508 0.00944986 0.0258239 0.0150762
1 0.666728 0.6851 0.0122414 0.0173769 0.0149146
14 0.839473 0.726532 0.0147631 0.0223735 0.0148955
1 0.926678 0.621257 0.0157396 0.0517824 0.0144834
4 0.504746 0.682887 0.015767 0.0135278 0.0142537
1 0.512435 0.666415 0.0176949 0.013657 0.0142268
1 0.390165 0.677327 0.0126195 0.0121624 0.0138955
4 0.796988 0.716642 0.00959204 0.0255576 0.0137076
4 0.538723 0.724107 0.0139924 0.0231136 0.013696
2 0.622955 0.635988 0.0103832 0.0123709 0.0134414
2 0.210239 0.610364 0.00873309 0.0191739 0.0131511
0 0.677269 0.715042 0.0117614 0.0136567 0.0130337
4 0.818021 0.705935 0.0161271 0.0205688 0.0125127
0 0.694914 0.713567 0.0123054 0.0171966 0.0124473
4 0.434098 0.722512 0.0146909 0.0343612 0.0124462
0 0.531207 0.713351 0.0122177 0.0167519 0.0123611
1 0.622955 0.635988 0.0103832 0.0123709 0.012129
4 0.828533 0.707491 0.0184346 0.0280264 0.0120556
0 0.705811 0.714914 0.0132651 0.020896 0.0119062
1 0.58353 0.64835 0.00854828 0.0148077 0.0116419
6 0.413377 0.711723 0.0160567 0.0287854 0.0115073
0 0.796988 0.716642 0.00959204 0.0255576 0.0114553
4 0.568882 0.70655 0.010277 0.0184177 0.0110991
7 0.681656 0.666342 0.0109408 0.0287402 0.0108577
0 0.839438 0.72532 0.0155087 0.0242343 0.0103156
2 0.213174 0.611101 0.0109205 0.0160475 0.0100814
4 0.724388 0.712323 0.0439503 0.0251173 0.0100681
8 0.705811 0.714914 0.0132651 0.020896 0.00977119
1 0.832411 0.667196 0.00739728 0.0147086 0.00959249
0 0.539129 0.704382 0.00883527 0.0140524 0.00946685
15 0.509641 0.685626 0.0203375 0.0171951 0.00940903
5 0.957906 0.721585 0.0389396 0.031993 0.00928848
1 0.501182 0.681048 0.0184188 0.0126807 0.00925226
4 0.778104 0.715512 0.0304076 0.0333224 0.00923974
4 0.579188 0.70169 0.0153058 0.0166445 0.00918919
6 0.497366 0.617864 0.227773 0.0373962 0.0089692
1 0.358727 0.680831 0.00840036 0.0195459 0.00892385
4 0.416064 0.71891 0.0161201 0.0334856 0.00883057
8 0.434098 0.722512 0.0146909 0.0343612 0.00874886
4 0.900195 0.723106 0.0423483 0.0189084 0.0086125
4 0.390165 0.677327 0.0126195 0.0121624 0.00854731
4 0.640945 0.712293 0.0142395 0.0153342 0.00854367
4 0.658727 0.708102 0.0213835 0.0226406 0.00832249
7 0.625054 0.630748 0.0114504 0.0162508 0.0082838
7 0.614647 0.625173 0.00790216 0.0191579 0.00809521
0 0.885073 0.715771 0.0126617 0.0215544 0.00806214
4 0.695627 0.709782 0.0153099 0.0249455 0.00803867
4 0.313646 0.69789 0.0415067 0.0265504 0.00784536
6 0.445147 0.705392 0.0108064 0.0209944 0.0077749
1 0.990689 0.679656 0.0120771 0.0357663 0.00767336
0 0.884856 0.706921 0.0111517 0.0276339 0.00766881
12 0.840159 0.683361 0.0925376 0.101223 0.00763013
4 0.704616 0.727807 0.0117864 0.0243752 0.00760863
4 0.665336 0.701093 0.0162408 0.0199709 0.0073026
15 0.51775 0.699754 0.0118002 0.0151336 0.00715454
0 0.527077 0.705682 0.0101528 0.0165601 0.00712227
4 0.644112 0.706403 0.00900214 0.0177888 0.00707302
14 0.852374 0.726596 0.030717 0.0214921 0.00704193
8 0.531207 0.713351 0.0122177 0.0167519 0.00700951
8 0.852374 0.726596 0.030717 0.0214921 0.00698773
8 0.855995 0.717952 0.0161606 0.0301738 0.00682127
1 0.477505 0.68082 0.0233651 0.0106121 0.00673359
0 0.83292 0.718828 0.0249207 0.0305482 0.00667044
1 0.509641 0.685626 0.0203375 0.0171951 0.00659946
4 0.707247 0.726947 0.0186721 0.0503487 0.00648498
4 0.449253 0.701276 0.0138019 0.0219749 0.0064637
6 0.431977 0.716521 0.0133429 0.0224572 0.00633565
1 0.42384 0.58632 0.0494655 0.0230584 0.00627755
1 0.545007 0.665091 0.00963855 0.0187438 0.00625674
4 0.808139 0.708664 0.0303752 0.0237385 0.00624645
15 0.497366 0.617864 0.227773 0.0373962 0.00622238
1 0.593674 0.647623 0.00643933 0.0134232 0.00618149
0 0.445147 0.705392 0.0108064 0.0209944 0.00614867
8 0.83292 0.718828 0.0249207 0.0305482 0.00612417
4 0.845574 0.70923 0.0281261 0.033656 0.0059686
0 0.855995 0.717952 0.0161606 0.0301738 0.00593047
1 0.478666 0.662559 0.0237988 0.0312912 0.00589002
4 0.59232 0.704666 0.00936969 0.0154172 0.00583637
4 0.241313 0.717161 0.0513841 0.0383524 0.0057803
4 0.852374 0.726596 0.030717 0.0214921 0.00574964
6 0.440497 0.714743 0.0139991 0.0348238 0.00574775
5 0.694914 0.713567 0.0123054 0.0171966 0.00566819
8 0.862966 0.729318 0.0241858 0.0177071 0.00559749
2 0.0692639 0.56959 0.0117325 0.0123896 0.0055804
14 0.862966 0.729318 0.0241858 0.0177071 0.00549329
1 0.832183 0.675549 0.00932587 0.0105453 0.0054537
0 0.990689 0.679656 0.0120771 0.0357663 0.00525501
0 0.590182 0.713667 0.00973267 0.0250373 0.00481735
4 0.88813 0.721242 0.0195162 0.0177508 0.00480708
0 0.440497 0.714743 0.0139991 0.0348238 0.00477401
4 0.509641 0.685626 0.0203375 0.0171951 0.00476782
1 0.445147 0.705392 0.0108064 0.0209944 0.00475198
6 0.504746 0.682887 0.015767 0.0135278 0.00471619
4 0.658217 0.723265 0.019292 0.025366 0.00461838
6 0.958493 0.720752 0.0389207 0.0313063 0.00453981
1 0.602035 0.686525 0.00820136 0.0215897 0.00442875
14 0.954976 0.721336 0.0408068 0.0311642 0.00440592
1 0.536911 0.665271 0.00842218 0.0178238 0.0043755
5 0.0376759 0.704856 0.068987 0.0607723 0.00437392
1 0.760187 0.626698 0.0159639 0.0132213 0.00434729
4 0.239091 0.708481 0.0559606 0.0316328 0.00431795
1 0.371924 0.683088 0.0198528 0.0212127 0.00431744
12 0.497366 0.617864 0.227773 0.0373962 0.00426282
1 0.496349 0.66638 0.00886002 0.0146125 0.00422334
0 0.535809 0.711923 0.00956677 0.0151506 0.00419863
6 0.539129 0.704382 0.00883527 0.0140524 0.00418571
1 0.533636 0.665172 0.00869788 0.0193945 0.00397597
4 0.278891 0.708879 0.0256427 0.0249298 0.00390527
2 0.832411 0.667196 0.00739728 0.0147086 0.00385719
1 0.531168 0.687981 0.00976013 0.0247074 0.00385308
8 0.897776 0.728755 0.0569896 0.0227471 0.00385123
3 0.431977 0.716521 0.0133429 0.0224572 0.00384314
4 0.855995 0.717952 0.0161606 0.0301738 0.00377963
4 0.613058 0.720873 0.0364789 0.0336754 0.00377582
1 0.34126 0.645226 0.00964273 0.0204128 0.0036794
2 0.21054 0.599622 0.00668805 0.01287 0.00365661
5 0.531207 0.713351 0.0122177 0.0167519 0.00360951
14 0.864235 0.722609 0.0343145 0.0289564 0.0036059
1 0.404972 0.656107 0.0134992 0.0245098 0.00356467
12 0.665336 0.701093 0.0162408 0.0199709 0.00355438
6 0.691866 0.714311 0.0177468 0.0187311 0.00353943
7 0.343499 0.627165 0.00892947 0.0314572 0.00351958
0 0.88813 0.721242 0.0195162 0.0177508 0.00349308
0 0.59232 0.704666 0.00936969 0.0154172 0.00346484
6 0.51775 0.699754 0.0118002 0.0151336 0.00345633
5 0.051651 0.704311 0.0436696 0.0600154 0.00343356
4 0.625867 0.706297 0.0122315 0.0179169 0.00340263
15 0.051651 0.704311 0.0436696 0.0600154 0.00336052
15 0.413377 0.711723 0.0160567 0.0287854 0.00335612
4 0.501182 0.681048 0.0184188 0.0126807 0.00335253
4 0.667211 0.723871 0.00983185 0.023774 0.00333541
3 0.897776 0.728755 0.0569896 0.0227471 0.00330824
4 0.232829 0.702638 0.0501747 0.02355 0.00330519
6 0.527077 0.705682 0.0101528 0.0165601 0.00322163
1 0.884856 0.706921 0.0111517 0.0276339 0.00320994
4 0.477505 0.68082 0.0233651 0.0106121 0.00315929
6 0.579188 0.70169 0.0153058 0.0166445 0.00315649
0 0.717764 0.713317 0.0137097 0.0213539 0.00314866
7 0.289405 0.610692 0.010462 0.0239874 0.00314375
4 0.287972 0.716492 0.0184142 0.0167096 0.00313445
1 0.595566 0.687071 0.00792664 0.0200496 0.00311433
4 0.303099 0.7054 0.0307331 0.0369352 0.00309489
4 0.355926 0.69598 0.0198994 0.0183257 0.00307604
1 0.579188 0.70169 0.0153058 0.0166445 0.0030644
6 0.424769 0.658804 0.0306814 0.0261445 0.00302005
14 0.694914 0.713567 0.0123054 0.0171966 0.00300354
3 0.862966 0.729318 0.0241858 0.0177071 0.00299483
1 0.379708 0.679045 0.0225821 0.0305825 0.00297557
0 0.695627 0.709782 0.0153099 0.0249455 0.00294685
15 0.0365161 0.705795 0.070543 0.0618196 0.00294434
4 0.854873 0.707993 0.0180962 0.0277055 0.00294082
14 0.677269 0.715042 0.0117614 0.0136567 0.00292479
6 0.051651 0.704311 0.0436696 0.0600154 0.00290875
8 0.864235 0.722609 0.0343145 0.0289564 0.00288264
1 0.673338 0.668599 0.0118208 0.024168 0.00286819
6 0.505106 0.67387 0.0181053 0.0206606 0.00285037
8 0.885073 0.715771 0.0126617 0.0215544 0.00284037
2 0.704981 0.625549 0.00867542 0.010023 0.00282804
1 0.539129 0.704382 0.00883527 0.0140524 0.00280889
0 0.00688427 0.71061 0.012479 0.0455846 0.00278628
4 0.526118 0.718463 0.0234095 0.03875 0.00276082
1 0.54307 0.682594 0.00836865 0.0295559 0.00273984
2 0.19237 0.600314 0.00909192 0.0123843 0.00273797
3 0.434098 0.722512 0.0146909 0.0343612 0.0027213
8 0.811529 0.714721 0.0291034 0.0257034 0.00269833
7 0.595566 0.687071 0.00792664 0.0200496 0.00267834
3 0.677269 0.715042 0.0117614 0.0136567 0.00266025
7 0.210239 0.610364 0.00873309 0.0191739 0.00265582
0 0.677942 0.707414 0.0102866 0.0240656 0.00264042
4 0.973469 0.718295 0.0509812 0.043854 0.00263481
4 0.677942 0.707414 0.0102866 0.0240656 0.00260801
8 0.796988 0.716642 0.00959204 0.0255576 0.00258575
8 0.95089 0.726214 0.0537733 0.0306481 0.00251495
1 0.417792 0.586724 0.0232609 0.0184012 0.0025143
6 0.665336 0.701093 0.0162408 0.0199709 0.00250677
1 0.358516 0.661259 0.00837836 0.030832 0.002505
8 0.954976 0.721336 0.0408068 0.0311642 0.00249258
1 0.503855 0.590436 0.01445 0.0205175 0.00248736
1 0.467245 0.682074 0.0142928 0.0103488 0.00243409
7 0.602035 0.686525 0.00820136 0.0215897 0.00239347
14 0.885073 0.715771 0.0126617 0.0215544 0.00237862
4 0.952131 0.726132 0.0637206 0.0439688 0.0023623
7 0.536911 0.665271 0.00842218 0.0178238 0.00232694
0 0.428393 0.69719 0.0123053 0.01432 0.00230036
7 0.679155 0.666828 0.00958734 0.0283369 0.00227824
0 0.657876 0.715312 0.0211215 0.016647 0.00226629
8 0.00688427 0.71061 0.012479 0.0455846 0.00226369
5 0.705811 0.714914 0.0132651 0.020896 0.00225889
4 0.810612 0.725171 0.0376313 0.0236614 0.0022542
6 0.421043 0.587399 0.0630474 0.0235109 0.00224478
8 0.535809 0.711923 0.00956677 0.0151506 0.00224001
3 0.694914 0.713567 0.0123054 0.0171966 0.00221851
8 0.538723 0.724107 0.0139924 0.0231136 0.00218112
4 0.0623051 0.704975 0.100997 0.0612344 0.00214254
4 0.70102 0.710438 0.0223188 0.0263134 0.00213808
1 0.44462 0.68893 0.00882544 0.0219518 0.002136
1 0.677942 0.707414 0.0102866 0.0240656 0.00212937
2 0.593674 0.647623 0.00643933 0.0134232 0.00211124
1 0.497498 0.667221 0.224265 0.0865307 0.00211001
1 0.661741 0.689309 0.0148367 0.0223194 0.00210575
7 0.34126 0.645226 0.00964273 0.0204128 0.00209628
5 0.677269 0.715042 0.0117614 0.0136567 0.0020784
1 0.665336 0.701093 0.0162408 0.0199709 0.00206218
0 0.434098 0.722512 0.0146909 0.0343612 0.00205594
1 0.606874 0.609689 0.0125186 0.0142296 0.00205503
1 0.263563 0.579593 0.0102448 0.0135781 0.0020386
4 0.440819 0.723884 0.0226249 0.0542223 0.00201503
1 0.343616 0.638177 0.0153279 0.0214638 0.00201259
6 0.509641 0.685626 0.0203375 0.0171951 0.00200004
6 0.958024 0.681025 0.0704885 0.0676384 0.00199668
4 0.699207 0.725963 0.0160858 0.0279341 0.00199361
0 0.828533 0.707491 0.0184346 0.0280264 0.00196875
4 0.509839 0.711678 0.0596714 0.0455934 0.00195224
6 0.0365161 0.705795 0.070543 0.0618196 0.00192565
1 0.0651487 0.595874 0.0212294 0.0437286 0.00189628
14 0.897776 0.728755 0.0569896 0.0227471 0.00189583
3 0.885073 0.715771 0.0126617 0.0215544 0.00185929
15 0.445147 0.705392 0.0108064 0.0209944 0.00184927
