18 0.403748 0.825419 0.33506 0.345733 0.945215
2 0.340405 0.104593 0.0713468 0.0451593 0.897387
21 0.567365 0.699803 0.258759 0.456577 0.181898
30 0.969415 0.0613702 0.0611693 0.0354425 0.140005
60 0.969021 0.0616405 0.060351 0.0347905 0.0107341
19 0.867681 0.926653 0.263178 0.146431 0.00308364
51 0.340619 0.104788 0.0707912 0.0457672 0.00181306
30 0.984862 0.25655 0.0257611 0.111976 0.00116703
30 0.566516 0.695681 0.258866 0.445646 0.00111166
2 0.969195 0.0601221 0.0616098 0.0345448 0.00110319
