1 0.728118 0.145912 0.2062 0.2486 0.963134
5 0.763576 0.71607 0.0843546 0.141002 0.928914
1 0.170967 0.519334 0.0529734 0.0804355 0.907599
12 0.228476 0.669637 0.147346 0.162991 0.836192
12 0.0827215 0.676181 0.160475 0.214735 0.789487
4 0.410535 0.697488 0.0981365 0.0779534 0.760029
4 0.482389 0.680297 0.0497806 0.0259264 0.729674
1 0.523463 0.616307 0.02196 0.0774369 0.655694
4 0.709023 0.674332 0.0378331 0.0167599 0.569399
0 0.150909 0.71396 0.0221347 0.117318 0.555208
7 0.852978 0.572757 0.0102963 0.0342984 0.446032
1 0.929064 0.495658 0.0307117 0.0785844 0.386262
8 0.911065 0.701405 0.0102913 0.0345565 0.373835
32 0.0357005 0.77061 0.0702441 0.0377709 0.329394
4 0.533492 0.677695 0.0396486 0.0231598 0.30921
32 0.231581 0.735838 0.0654785 0.0411116 0.276718
4 0.678403 0.673624 0.0218138 0.0130675 0.262993
4 0.830102 0.68619 0.0232739 0.0380342 0.239601
4 0.594799 0.67768 0.0262683 0.0140621 0.216396
1 0.642902 0.62605 0.0180354 0.0493535 0.215372
0 0.602309 0.676432 0.0167817 0.0152111 0.21419
5 0.809665 0.684955 0.0187185 0.0558273 0.211557
0 0.307665 0.685396 0.0161774 0.0962769 0.1982
4 0.544084 0.680382 0.0262687 0.0156086 0.191167
0 0.266314 0.687908 0.0147856 0.0770727 0.187741
8 0.952164 0.690241 0.0160532 0.0309052 0.175063
4 0.809539 0.684373 0.0185543 0.0538976 0.166464
0 0.808776 0.685235 0.0181995 0.0550869 0.163121
2 0.701381 0.50283 0.00845862 0.0157798 0.163038
0 0.912199 0.694323 0.0114556 0.0442089 0.150994
4 0.568056 0.678349 0.0289169 0.0135863 0.14126
4 0.733187 0.68372 0.0127453 0.0363082 0.115142
0 0.952625 0.685427 0.0142065 0.0358995 0.113593
5 0.827033 0.687905 0.020858 0.0396917 0.110126
4 0.842363 0.673392 0.0114797 0.0170827 0.103577
0 0.894793 0.678146 0.00849701 0.0235295 0.102371
4 0.579496 0.678035 0.0350765 0.0134071 0.102249
0 0.121455 0.732089 0.0233907 0.0694947 0.101333
0 0.90963 0.686363 0.0107406 0.0265493 0.101328
4 0.427357 0.666885 0.052173 0.0287613 0.0988313
4 0.60383 0.676887 0.0206368 0.0165359 0.0934228
2 0.697614 0.497937 0.00958942 0.0125354 0.0913926
4 0.267173 0.687782 0.0169866 0.0749867 0.0908896
1 0.900875 0.647661 0.00973846 0.0121129 0.0899682
4 0.85195 0.668524 0.0106656 0.0180456 0.0878592
4 0.709082 0.68681 0.0409004 0.0398915 0.0871835
5 0.811435 0.692884 0.0152632 0.0381635 0.0796919
8 0.903305 0.696958 0.0151638 0.0417701 0.0779745
5 0.952164 0.690241 0.0160532 0.0309052 0.0755956
4 0.809674 0.692133 0.0153259 0.0413947 0.0755175
4 0.588414 0.677161 0.0325857 0.0160169 0.0746643
1 0.164743 0.798702 0.0282434 0.111051 0.0743283
32 0.0596532 0.7675 0.0938511 0.0347308 0.0732792
0 0.948647 0.685126 0.0125247 0.0332167 0.0728362
0 0.793959 0.700824 0.0223842 0.0941587 0.0638997
32 0.236622 0.743163 0.0553242 0.027959 0.0638643
0 0.312014 0.685518 0.0139386 0.0932114 0.061499
4 0.620458 0.678486 0.0114001 0.0107502 0.0611598
4 0.562424 0.676925 0.0203668 0.0174366 0.0595197
0 0.910505 0.699939 0.0110505 0.037122 0.0589607
8 0.809674 0.692133 0.0153259 0.0413947 0.058139
4 0.272041 0.68939 0.0213948 0.0843122 0.0573183
0 0.911264 0.684214 0.0100063 0.0350722 0.0570838
0 0.0723504 0.692231 0.0178045 0.0844704 0.0565222
8 0.90963 0.686363 0.0107406 0.0265493 0.0558392
1 0.635008 0.637543 0.0101215 0.0287494 0.055496
0 0.887303 0.673099 0.005474 0.0119043 0.0544701
0 0.272041 0.68939 0.0213948 0.0843122 0.05295
0 0.85195 0.668524 0.0106656 0.0180456 0.0518471
0 0.802797 0.683255 0.0133838 0.0561756 0.0518005
4 0.667798 0.675423 0.0240457 0.0141007 0.048497
4 0.857405 0.670772 0.01079 0.0131043 0.0483341
0 0.897143 0.66893 0.0104766 0.0209134 0.0482545
0 0.811435 0.692884 0.0152632 0.0381635 0.0477324
2 0.157341 0.573814 0.019799 0.0268098 0.0405034
0 0.955269 0.6806 0.0132213 0.0384244 0.0402141
4 0.660591 0.676772 0.0274545 0.012155 0.0401611
8 0.89693 0.688592 0.0106965 0.0219818 0.0398482
4 0.457488 0.681631 0.0202551 0.026743 0.0397042
4 0.709996 0.679622 0.0377397 0.0265136 0.0392869
32 0.33664 0.740267 0.0185821 0.0124113 0.0389668
1 0.82022 0.641337 0.00774768 0.0207314 0.0389203
8 0.894793 0.678146 0.00849701 0.0235295 0.0388343
4 0.732648 0.667018 0.0145299 0.0187257 0.0387047
2 0.697657 0.502331 0.00977466 0.0168307 0.0375076
8 0.851596 0.671085 0.0126157 0.0162973 0.0375048
32 0.209241 0.731674 0.0237393 0.0443378 0.0374907
0 0.594799 0.67768 0.0262683 0.0140621 0.037106
2 0.986947 0.206237 0.0210282 0.0287864 0.0370697
8 0.26992 0.706731 0.0147686 0.0413847 0.0368099
6 0.830832 0.66512 0.032063 0.0714843 0.0365994
4 0.600061 0.679661 0.0209341 0.0197086 0.0362764
0 0.857405 0.670772 0.01079 0.0131043 0.0359928
8 0.882601 0.673239 0.00823511 0.0129896 0.0347709
0 0.733187 0.68372 0.0127453 0.0363082 0.0346667
0 0.729273 0.688255 0.0166677 0.0358198 0.0345855
0 0.275965 0.706484 0.0129776 0.0560529 0.0340905
0 0.796588 0.686411 0.0182958 0.063497 0.0339376
0 0.882601 0.673239 0.00823511 0.0129896 0.0337123
4 0.677673 0.669521 0.0194982 0.0187791 0.0334353
8 0.846824 0.682434 0.0142813 0.0285308 0.0330655
1 0.713885 0.616027 0.00988263 0.0164992 0.0330147
0 0.301662 0.685937 0.0194123 0.0899841 0.032499
0 0.262341 0.687018 0.0146151 0.0732203 0.0318162
0 0.882026 0.668726 0.00877618 0.0181945 0.0315619
4 0.871228 0.667677 0.00982398 0.0192517 0.0308981
32 0.338206 0.718002 0.0503745 0.0472478 0.0303122
8 0.602309 0.676432 0.0167817 0.0152111 0.0301036
25 0.541585 0.64272 0.0421259 0.0266882 0.0300439
8 0.210072 0.729263 0.023421 0.047678 0.0297286
1 0.156256 0.568595 0.0214015 0.023733 0.0292941
14 0.309867 0.71249 0.0126744 0.047917 0.0291718
14 0.315481 0.716422 0.0131065 0.0437592 0.0282867
1 0.63797 0.625965 0.0174537 0.0493423 0.028128
4 0.262341 0.687018 0.0146151 0.0732203 0.0281231
8 0.912199 0.694323 0.0114556 0.0442089 0.0278387
8 0.620458 0.678486 0.0114001 0.0107502 0.027418
3 0.911065 0.701405 0.0102913 0.0345565 0.0265688
4 0.729273 0.688255 0.0166677 0.0358198 0.0264927
8 0.887303 0.673099 0.005474 0.0119043 0.0260648
2 0.638512 0.493713 0.0106637 0.0112235 0.026049
4 0.846824 0.682434 0.0142813 0.0285308 0.0259753
0 0.871228 0.667677 0.00982398 0.0192517 0.0259631
0 0.284852 0.687036 0.0184892 0.0823131 0.025028
8 0.268567 0.688699 0.0171797 0.0747305 0.0249664
4 0.627889 0.67834 0.0187066 0.0109806 0.0248302
0 0.954222 0.667856 0.0101819 0.0197362 0.0246739
5 0.912291 0.70025 0.0112006 0.0371014 0.0245251
15 0.990996 0.658375 0.014614 0.0976383 0.0244318
8 0.857405 0.670772 0.01079 0.0131043 0.0241966
3 0.26992 0.706731 0.0147686 0.0413847 0.024018
0 0.900356 0.655824 0.0104754 0.0198141 0.023824
8 0.871196 0.672097 0.00992633 0.0147482 0.023643
7 0.713885 0.616027 0.00988263 0.0164992 0.023148
4 0.415752 0.671507 0.0660823 0.0319595 0.0230453
4 0.952768 0.689337 0.0152514 0.037198 0.0229601
8 0.277189 0.712507 0.0175604 0.0582691 0.022039
0 0.903305 0.696958 0.0151638 0.0417701 0.0220053
4 0.709868 0.669382 0.0370968 0.0186995 0.0218081
3 0.309867 0.71249 0.0126744 0.047917 0.0215333
8 0.95468 0.695175 0.01471 0.0277585 0.0214433
4 0.548492 0.687118 0.0260444 0.0222209 0.0212136
8 0.309867 0.71249 0.0126744 0.047917 0.0210104
42 0.543365 0.64279 0.0396681 0.0254816 0.0204136
4 0.210043 0.728911 0.0241126 0.0465322 0.0203822
8 0.911264 0.684214 0.0100063 0.0350722 0.0201349
32 0.241296 0.71008 0.0349542 0.025411 0.0201333
4 0.763975 0.716334 0.0844034 0.140877 0.0201198
32 0.34163 0.715236 0.0361086 0.0394544 0.0201121
2 0.123187 0.571792 0.015077 0.0122439 0.020025
1 0.900356 0.655824 0.0104754 0.0198141 0.0200119
8 0.827033 0.687905 0.020858 0.0396917 0.0198112
8 0.948647 0.685126 0.0125247 0.0332167 0.0196399
0 0.601602 0.669532 0.0137802 0.0228906 0.018544
32 0.254035 0.744328 0.0329164 0.0251597 0.0185171
12 0.990721 0.668659 0.0162327 0.119125 0.0184815
0 0.309867 0.71249 0.0126744 0.047917 0.0184604
0 0.948055 0.668734 0.0114369 0.0189498 0.0177392
4 0.256706 0.687738 0.0282289 0.0727585 0.0175852
7 0.84858 0.574281 0.0124957 0.0370344 0.0174139
32 0.0707342 0.762833 0.073574 0.0297766 0.0173474
6 0.333653 0.683469 0.0521677 0.116828 0.01713
1 0.991609 0.62525 0.0140543 0.0316294 0.0170766
0 0.620458 0.678486 0.0114001 0.0107502 0.017027
14 0.312488 0.703308 0.0133547 0.060165 0.0169128
2 0.159567 0.60115 0.014046 0.022368 0.0167551
4 0.123288 0.719418 0.02528 0.0784486 0.0165745
14 0.230269 0.668153 0.144722 0.160156 0.0164632
4 0.871196 0.672097 0.00992633 0.0147482 0.0162778
0 0.991214 0.658609 0.0143876 0.0983792 0.0162335
0 0.830102 0.68619 0.0232739 0.0380342 0.0157717
0 0.0642142 0.720807 0.0242652 0.0342357 0.0157346
1 0.629804 0.623198 0.00864801 0.0453085 0.0157222
1 0.63452 0.663371 0.00957819 0.032276 0.015502
4 0.306212 0.684087 0.021225 0.100502 0.0154162
25 0.523476 0.616439 0.0241183 0.078336 0.0152734
4 0.847477 0.664838 0.014475 0.0254038 0.0152651
8 0.811694 0.702986 0.0135625 0.0277466 0.0151674
3 0.952768 0.689337 0.0152514 0.037198 0.0150525
4 0.90963 0.686363 0.0107406 0.0265493 0.0150296
8 0.842363 0.673392 0.0114797 0.0170827 0.014502
4 0.911264 0.684214 0.0100063 0.0350722 0.0144251
8 0.121455 0.732089 0.0233907 0.0694947 0.0142598
0 0.783763 0.689221 0.0224812 0.0667656 0.014188
8 0.802797 0.683255 0.0133838 0.0561756 0.0141077
0 0.847477 0.664838 0.014475 0.0254038 0.0140544
12 0.832398 0.643429 0.0226089 0.0238246 0.0137218
6 0.809539 0.684373 0.0185543 0.0538976 0.0136472
3 0.882601 0.673239 0.00823511 0.0129896 0.013555
5 0.90963 0.686363 0.0107406 0.0265493 0.0135097
0 0.787553 0.705246 0.0369145 0.112749 0.0133527
1 0.518231 0.646757 0.0304945 0.0206337 0.0131839
8 0.627889 0.67834 0.0187066 0.0109806 0.0131215
0 0.842363 0.673392 0.0114797 0.0170827 0.0130586
2 0.853576 0.572878 0.00972949 0.0329923 0.0128893
0 0.912196 0.668912 0.0117562 0.0186876 0.0126838
2 0.0894089 0.571746 0.0647094 0.0130368 0.0119955
5 0.793306 0.711203 0.0250943 0.101899 0.011967
5 0.948647 0.685126 0.0125247 0.0332167 0.0118848
12 0.830832 0.66512 0.032063 0.0714843 0.0118584
0 0.871196 0.672097 0.00992633 0.0147482 0.0118437
8 0.832865 0.686316 0.0256341 0.0389913 0.0114658
2 0.122187 0.596733 0.0188979 0.0189383 0.0114261
0 0.800283 0.679145 0.0198735 0.0625882 0.0114032
8 0.309667 0.689757 0.0132701 0.0893993 0.0113385
2 0.685291 0.495773 0.0134573 0.00891429 0.0112294
2 0.668805 0.494097 0.00890271 0.00674262 0.0111422
0 0.636056 0.672625 0.0100844 0.0211272 0.0111349
14 0.827033 0.687905 0.020858 0.0396917 0.0110846
7 0.88379 0.144589 0.108347 0.285841 0.0108557
1 0.648202 0.625641 0.0243093 0.0480268 0.0108058
4 0.275965 0.706484 0.0129776 0.0560529 0.0108022
3 0.277189 0.712507 0.0175604 0.0582691 0.0107945
4 0.26992 0.706731 0.0147686 0.0413847 0.0107885
0 0.122553 0.738078 0.0202811 0.0461655 0.0106024
4 0.772301 0.670346 0.0684521 0.0488138 0.0105904
1 0.951192 0.643544 0.0126981 0.0185394 0.0105861
0 0.384799 0.667766 0.0137755 0.0194512 0.0105509
2 0.652647 0.495471 0.0155858 0.00860275 0.0104609
5 0.427357 0.666885 0.052173 0.0287613 0.0103663
4 0.53436 0.68421 0.0406003 0.0284152 0.0103127
4 0.887303 0.673099 0.005474 0.0119043 0.0101584
2 0.0916926 0.58433 0.101328 0.0336819 0.0101582
14 0.911065 0.701405 0.0102913 0.0345565 0.0101435
4 0.882026 0.668726 0.00877618 0.0181945 0.0100515
2 0.161783 0.573715 0.0148266 0.0272383 0.0100499
13 0.900875 0.647661 0.00973846 0.0121129 0.0100032
3 0.89693 0.688592 0.0106965 0.0219818 0.00998993
0 0.95468 0.695175 0.01471 0.0277585 0.00995678
14 0.808776 0.685235 0.0181995 0.0550869 0.00993613
1 0.794324 0.646807 0.00872247 0.0130781 0.00989074
1 0.804201 0.652306 0.0180391 0.0348394 0.0098023
8 0.993425 0.71168 0.00963019 0.0276922 0.00970118
8 0.953517 0.706699 0.0160754 0.0288004 0.00967612
0 0.570323 0.670314 0.0190003 0.0229761 0.00955834
4 0.990843 0.658607 0.0148189 0.0983464 0.00946599
4 0.903305 0.696958 0.0151638 0.0417701 0.0094285
0 0.642971 0.712228 0.0150804 0.0337237 0.00936359
2 0.985614 0.199211 0.0246593 0.0404178 0.00930103
4 0.802797 0.683255 0.0133838 0.0561756 0.00926323
8 0.642971 0.712228 0.0150804 0.0337237 0.00925502
1 0.832398 0.643429 0.0226089 0.0238246 0.00903049
2 0.680781 0.503333 0.00699304 0.0165526 0.00902328
4 0.340767 0.701097 0.0562809 0.0615953 0.0089756
5 0.594799 0.67768 0.0262683 0.0140621 0.00891566
4 0.897143 0.66893 0.0104766 0.0209134 0.00891375
4 0.153264 0.711429 0.0204278 0.111532 0.00889109
5 0.832865 0.686316 0.0256341 0.0389913 0.00887036
0 0.677673 0.669521 0.0194982 0.0187791 0.00886488
4 0.309667 0.689757 0.0132701 0.0893993 0.00886334
6 0.411748 0.698664 0.100425 0.0805793 0.00884638
0 0.766392 0.677566 0.0228368 0.0261173 0.00869072
2 0.0947936 0.591852 0.112782 0.0329679 0.00867636
3 0.309667 0.689757 0.0132701 0.0893993 0.00863487
1 0.948144 0.643007 0.0116057 0.018229 0.0085584
22 0.338775 0.740281 0.0196742 0.0125118 0.00846415
1 0.244629 0.0435357 0.0112164 0.0146993 0.00841996
1 0.830364 0.654019 0.0263873 0.049124 0.00836916
4 0.954222 0.667856 0.0101819 0.0197362 0.00835693
2 0.656001 0.50652 0.00851819 0.0103572 0.00833695
0 0.678403 0.673624 0.0218138 0.0130675 0.00815336
1 0.853576 0.572878 0.00972949 0.0329923 0.00814557
3 0.851596 0.671085 0.0126157 0.0162973 0.00813884
2 0.088615 0.570221 0.0397605 0.0131643 0.00810995
3 0.894793 0.678146 0.00849701 0.0235295 0.00809186
0 0.26992 0.706731 0.0147686 0.0413847 0.00798154
3 0.90963 0.686363 0.0107406 0.0265493 0.0079477
2 0.63172 0.493218 0.00992993 0.0145097 0.00794653
6 0.832398 0.643429 0.0226089 0.0238246 0.00793859
1 0.950976 0.625177 0.0117837 0.0142551 0.00793256
4 0.366156 0.694686 0.0182593 0.021605 0.00774803
4 0.643885 0.678711 0.0297388 0.0111684 0.00767057
4 0.912196 0.668912 0.0117562 0.0186876 0.00760179
0 0.284708 0.703299 0.0227881 0.0698984 0.0075776
12 0.648078 0.626656 0.0274494 0.0485017 0.007574
8 0.594799 0.67768 0.0262683 0.0140621 0.00756247
6 0.990721 0.668659 0.0162327 0.119125 0.00753089
3 0.903305 0.696958 0.0151638 0.0417701 0.00748888
3 0.887303 0.673099 0.005474 0.0119043 0.00745774
3 0.315481 0.716422 0.0131065 0.0437592 0.00742472
14 0.887303 0.673099 0.005474 0.0119043 0.00737529
5 0.911264 0.684214 0.0100063 0.0350722 0.00736726
1 0.835319 0.652938 0.0178146 0.0414793 0.00735084
0 0.594234 0.686895 0.022308 0.0270916 0.00720727
4 0.361204 0.703185 0.0176777 0.0411577 0.00720316
15 0.830832 0.66512 0.032063 0.0714843 0.00711825
2 0.636066 0.488351 0.0102424 0.0162378 0.00710162
1 0.952164 0.690241 0.0160532 0.0309052 0.00709868
14 0.882601 0.673239 0.00823511 0.0129896 0.00702924
42 0.900875 0.647661 0.00973846 0.0121129 0.00696623
8 0.955269 0.6806 0.0132213 0.0384244 0.00686986
8 0.675445 0.674772 0.0208832 0.0117386 0.00686579
2 0.142709 0.581091 0.0476782 0.0210416 0.00673774
1 0.405466 0.625899 0.017005 0.0183617 0.00672799
7 0.82022 0.641337 0.00774768 0.0207314 0.00672731
8 0.366156 0.694686 0.0182593 0.021605 0.00665675
8 0.871228 0.667677 0.00982398 0.0192517 0.00656529
2 0.106489 0.591054 0.113065 0.0236399 0.00645929
8 0.312488 0.703308 0.0133547 0.060165 0.00645768
0 0.301753 0.688915 0.0110524 0.0950831 0.00630577
