4 0.188546 0.774493 0.220061 0.243483 0.952532
4 0.435152 0.73975 0.0408337 0.0514145 0.873461
4 0.511913 0.739002 0.0355274 0.0391609 0.869808
4 0.475985 0.73758 0.0165769 0.0208554 0.683723
1 0.534804 0.697871 0.035601 0.045742 0.56233
4 0.458724 0.734987 0.0152457 0.0324178 0.543336
4 0.500525 0.737983 0.0154956 0.0319433 0.0698671
6 0.458417 0.732698 0.0152126 0.0335636 0.0455726
4 0.450933 0.736695 0.0128659 0.0373396 0.0374409
4 0.480855 0.737678 0.0154185 0.0212728 0.0290287
6 0.535075 0.69762 0.0358597 0.0462934 0.0277807
4 0.507716 0.730323 0.0265477 0.0282911 0.016592
4 0.438566 0.713078 0.0149828 0.0125158 0.0156233
15 0.458417 0.732698 0.0152126 0.0335636 0.0136894
2 0.671595 0.507554 0.00891315 0.0141009 0.0122679
2 0.581858 0.655201 0.00901099 0.0147192 0.0114376
4 0.462953 0.74123 0.0117412 0.0258852 0.0104011
0 0.458724 0.734987 0.0152457 0.0324178 0.00825041
6 0.435161 0.736648 0.0369349 0.0486895 0.00701333
1 0.991691 0.511228 0.0120969 0.0294926 0.00571679
4 0.827986 0.728322 0.0106037 0.014402 0.00529798
6 0.475018 0.737684 0.0193394 0.0246759 0.00508031
1 0.420532 0.703636 0.0118221 0.0134826 0.00475098
6 0.438566 0.713078 0.0149828 0.0125158 0.00340236
1 0.16952 0.656661 0.0160794 0.0102579 0.00304866
1 0.506928 0.699391 0.0214519 0.0312457 0.00301791
4 0.516835 0.727198 0.0219317 0.0223083 0.00289741
2 0.24154 0.574368 0.00967069 0.0155929 0.00269187
15 0.438566 0.713078 0.0149828 0.0125158 0.00261052
7 0.469583 0.655029 0.00751056 0.0184684 0.00258635
1 0.438566 0.713078 0.0149828 0.0125158 0.00250102
2 0.6746 0.508423 0.0128979 0.0155911 0.00248907
15 0.435161 0.736648 0.0369349 0.0486895 0.00244812
1 0.432403 0.707102 0.0159467 0.019298 0.00239971
4 0.754468 0.724931 0.00954273 0.0167322 0.00233913
1 0.439927 0.706365 0.0135707 0.017481 0.00208294
1 0.389731 0.684392 0.00921588 0.0127513 0.00194299
1 0.827986 0.728322 0.0106037 0.014402 0.0018733
1 0.154928 0.600167 0.0203527 0.0231482 0.00185105
4 0.569442 0.735117 0.00910986 0.00851924 0.00184722
2 0.188546 0.774493 0.220061 0.243483 0.00181632
5 0.459006 0.734881 0.0151586 0.0316112 0.0018115
4 0.474998 0.731295 0.0187153 0.0304364 0.00179606
2 0.950992 0.467483 0.00896429 0.0142773 0.00175518
0 0.754468 0.724931 0.00954273 0.0167322 0.0016847
2 0.946689 0.466573 0.00844983 0.0140694 0.00162816
15 0.475018 0.737684 0.0193394 0.0246759 0.00161331
2 0.242475 0.577106 0.00854469 0.0171 0.00159632
4 0.439927 0.706365 0.0135707 0.017481 0.00145133
1 0.171525 0.649693 0.0127589 0.0182922 0.00143438
1 0.993014 0.521594 0.0101749 0.0165386 0.00132022
2 0.567481 0.654673 0.0109418 0.0154166 0.00130148
1 0.992332 0.502311 0.0101862 0.0233636 0.00114864
1 0.390342 0.689234 0.0120842 0.0193534 0.00113515
1 0.469583 0.655029 0.00751056 0.0184684 0.00112778
1 0.144768 0.600869 0.0230449 0.0221568 0.00107259
6 0.991691 0.511228 0.0120969 0.0294926 0.00106604
6 0.511395 0.73936 0.0351036 0.0395028 0.0010589
