14 0.754366 0.632861 0.141349 0.313326 0.908292
14 0.840555 0.606558 0.0867439 0.257607 0.740628
14 0.857425 0.597783 0.0543766 0.23205 0.0100588
4 0.990667 0.362606 0.0172157 0.0163357 0.00831182
2 0.688628 0.498324 0.0140345 0.019411 0.00609697
14 0.816914 0.605868 0.0780445 0.256824 0.00400757
4 0.756693 0.48083 0.0336334 0.0199517 0.00340377
2 0.935306 0.302191 0.00930103 0.0173455 0.00335162
2 0.756693 0.48083 0.0336334 0.0199517 0.00305403
4 0.596668 0.387746 0.0680569 0.0360884 0.0027226
4 0.639544 0.394841 0.0173481 0.0108731 0.00247039
2 0.990667 0.362606 0.0172157 0.0163357 0.002206
4 0.768425 0.481031 0.0561755 0.0222679 0.00187427
13 0.8693 0.4886 0.0282776 0.0134641 0.00185859
2 0.752353 0.477406 0.0280398 0.0224807 0.00154185
2 0.639544 0.394841 0.0173481 0.0108731 0.00153454
4 0.717539 0.397586 0.0579241 0.0185465 0.00153261
14 0.865422 0.581734 0.0386392 0.196384 0.00133799
8 0.752353 0.477406 0.0280398 0.0224807 0.00131089
4 0.752353 0.477406 0.0280398 0.0224807 0.00126413
8 0.8693 0.4886 0.0282776 0.0134641 0.00125145
4 0.713896 0.381505 0.134194 0.0387054 0.00121173
4 0.708577 0.396228 0.0366497 0.0155451 0.00117538
8 0.83077 0.47594 0.0217858 0.0221872 0.0011546
14 0.806983 0.581746 0.0490063 0.200754 0.0011225
13 0.990667 0.362606 0.0172157 0.0163357 0.00112158
