10 0.316559 0.691597 0.18422 0.377544 0.954799
35 0.308081 0.564295 0.204739 0.626538 0.923327
19 0.504611 0.920537 0.711171 0.158927 0.0153638
55 0.0425062 0.490275 0.0843911 0.974457 0.0124064
19 0.0376231 0.882926 0.073016 0.231156 0.0111011
19 0.0370972 0.947247 0.0734695 0.103538 0.00723899
10 0.011292 0.595573 0.0217601 0.218991 0.00429734
9 0.0376697 0.875095 0.0722608 0.247254 0.00356904
56 0.0373893 0.29842 0.0498979 0.345295 0.00321928
19 0.0320023 0.701835 0.0631169 0.44844 0.0024959
43 0.0356936 0.643903 0.0705991 0.541042 0.00234885
43 0.503865 0.773105 0.702011 0.453791 0.00222149
9 0.0105146 0.640944 0.0200097 0.156868 0.00216328
56 0.0154815 0.276975 0.030963 0.412987 0.00190636
10 0.0109712 0.641265 0.0201999 0.166014 0.00178266
19 0.011759 0.590072 0.0221766 0.208079 0.00171971
10 0.0565854 0.986109 0.0356522 0.0269852 0.00161797
10 0.00715025 0.966848 0.0133257 0.0640101 0.0016153
18 0.0191965 0.696097 0.0377468 0.445127 0.00140085
49 0.925323 0.808028 0.145256 0.345827 0.00139826
9 0.0356936 0.643903 0.0705991 0.541042 0.00135406
56 0.0259485 0.369714 0.0501371 0.521009 0.00134982
55 0.0499751 0.984115 0.0485707 0.0311684 0.00127737
35 0.315579 0.691304 0.186569 0.379985 0.00124623
10 0.307656 0.56358 0.2045 0.626866 0.00122077
56 0.0358594 0.391779 0.0605967 0.361536 0.00112524
18 0.011292 0.595573 0.0217601 0.218991 0.00108784
19 0.0191965 0.696097 0.0377468 0.445127 0.00103224
18 0.0302979 0.669313 0.0598372 0.513118 0.00101619
18 0.0494253 0.980352 0.049806 0.0383913 0.00101331
