1 0.596422 0.537007 0.045391 0.194707 0.906729
1 0.743854 0.622697 0.0261733 0.0495727 0.0267507
1 0.853674 0.63844 0.0133682 0.0166725 0.0265276
1 0.916706 0.579127 0.025142 0.0322788 0.0260393
1 0.744396 0.607823 0.0289538 0.0288273 0.0157722
1 0.603925 0.593432 0.0311206 0.0831398 0.0118434
1 0.763863 0.616464 0.0664036 0.0390345 0.0106462
1 0.989825 0.586034 0.0168718 0.0205581 0.00957907
1 0.617582 0.652009 0.016478 0.033917 0.00870608
1 0.979612 0.608743 0.0352336 0.0254035 0.00858879
1 0.655547 0.655574 0.0157572 0.0195271 0.00703074
1 0.915133 0.600541 0.0256884 0.0304554 0.00646122
1 0.653075 0.680063 0.0104161 0.0160196 0.0064478
1 0.563848 0.668855 0.0119902 0.0271345 0.0062453
6 0.781518 0.615348 0.0947412 0.0325559 0.00583361
1 0.746082 0.612322 0.0332093 0.0435718 0.00484975
1 0.620347 0.586876 0.0100864 0.0229292 0.00478604
1 0.779878 0.624994 0.0981217 0.0517305 0.00475374
1 0.533831 0.68293 0.0107748 0.0182174 0.00463499
6 0.763863 0.616464 0.0664036 0.0390345 0.00455129
6 0.979612 0.608743 0.0352336 0.0254035 0.00432393
1 0.930936 0.608305 0.01586 0.0199801 0.00425914
6 0.924451 0.616104 0.148553 0.0345562 0.00410145
1 0.529322 0.675565 0.0784574 0.032782 0.00401942
1 0.557198 0.669878 0.0234155 0.0267486 0.0038256
2 0.00550211 0.4102 0.00973479 0.0249392 0.0037186
1 0.550021 0.676962 0.0374431 0.0291362 0.00352303
1 0.684557 0.641453 0.0382359 0.0353286 0.00346724
1 0.686596 0.616976 0.0325334 0.0243131 0.00339919
1 0.562689 0.673982 0.0137979 0.0303174 0.00334991
1 0.0351437 0.623396 0.0257379 0.0119026 0.0032977
1 0.604481 0.620502 0.0302077 0.0295972 0.00329164
1 0.674282 0.652522 0.0199406 0.0192611 0.00318348
1 0.591952 0.45997 0.0336455 0.0398816 0.00318333
1 0.920437 0.585059 0.0237552 0.0399888 0.00317408
1 0.0215628 0.619616 0.0104951 0.0107652 0.00313658
1 0.853571 0.630982 0.0154951 0.0205552 0.00308306
1 0.984027 0.604454 0.0278859 0.0240437 0.00305714
1 0.614059 0.651491 0.0126531 0.0359593 0.00289584
1 0.686539 0.612585 0.0277108 0.0177306 0.00281948
1 0.676391 0.644735 0.0230639 0.0282726 0.0027576
1 0.27163 0.661824 0.00967181 0.0152622 0.00271474
6 0.945451 0.62094 0.106278 0.0462878 0.00271174
7 0.00531235 0.411059 0.00981552 0.0248935 0.00269865
1 0.33496 0.662579 0.0156837 0.0269903 0.00267046
1 0.0340763 0.620182 0.0216742 0.0099083 0.00262697
1 0.617398 0.67826 0.0132579 0.0151042 0.00261436
1 0.597335 0.652503 0.0162203 0.0398435 0.00256517
1 0.340095 0.659808 0.00957355 0.0305953 0.00253958
1 0.607238 0.598877 0.026592 0.0615747 0.00248051
1 0.626706 0.653919 0.0245343 0.0301213 0.00226024
1 0.605024 0.653588 0.0164972 0.0381428 0.00224291
1 0.53391 0.688732 0.0100529 0.0185337 0.00199843
1 0.907677 0.603331 0.0244175 0.0193851 0.00184723
6 0.869458 0.61532 0.25932 0.0299421 0.00171647
1 0.917423 0.59305 0.0320768 0.0426134 0.00161957
1 0.642808 0.655738 0.0211895 0.0241816 0.00157626
1 0.806094 0.600921 0.0188553 0.0234692 0.00156875
1 0.807799 0.563646 0.0236908 0.0325771 0.00147343
1 0.545252 0.688505 0.025873 0.0194363 0.00145403
1 0.932022 0.61775 0.0163878 0.0107888 0.00145206
1 0.917501 0.618468 0.0489104 0.0159207 0.00139482
1 0.935613 0.600902 0.018317 0.0333043 0.00131243
1 0.630688 0.677287 0.0315264 0.0159488 0.00126957
1 0.010835 0.622652 0.0185563 0.0147891 0.0012397
1 0.753852 0.585276 0.0267551 0.0490903 0.00122414
1 0.847879 0.637528 0.0249594 0.0201799 0.00120553
55 0.507759 0.23898 0.984483 0.477959 0.00118619
1 0.625118 0.602216 0.0151664 0.0415168 0.00113993
1 0.277112 0.661333 0.00918698 0.0147639 0.00111281
4 0.0473771 0.901377 0.0943842 0.192788 0.00108556
6 0.922684 0.626461 0.151893 0.0381411 0.00108071
1 0.816377 0.602708 0.0261796 0.0260427 0.0010704
1 0.021081 0.611486 0.0120016 0.0159335 0.00106209
6 0.984027 0.604454 0.0278859 0.0240437 0.00106144
1 0.800189 0.547508 0.0114342 0.014976 0.0010481
6 0.947579 0.607427 0.101711 0.0403192 0.00104612
1 0.658327 0.646322 0.0250463 0.027521 0.00104303
1 0.644141 0.67922 0.0269131 0.0167268 0.00101671
1 0.624358 0.590872 0.0147706 0.0264267 0.00100613
1 0.70044 0.638708 0.0222075 0.0286122 0.00100435
