1 0.327518 0.590643 0.141971 0.124294 0.935646
4 0.73304 0.85502 0.0826924 0.0916914 0.927741
4 0.963426 0.869307 0.0703052 0.0991331 0.92524
4 0.349656 0.86166 0.0749281 0.0800272 0.916873
4 0.567608 0.852112 0.0570192 0.062617 0.903993
4 0.473325 0.844984 0.0349316 0.0367545 0.871091
1 0.53332 0.755691 0.0400305 0.0331495 0.7913
4 0.517081 0.83809 0.021772 0.0259046 0.787462
4 0.451219 0.83315 0.0129978 0.0162017 0.506817
4 0.502947 0.832557 0.0105932 0.0176719 0.337318
4 0.49464 0.829835 0.0121083 0.0234607 0.240447
4 0.543308 0.832917 0.0118386 0.0220119 0.199339
4 0.484682 0.823503 0.0122699 0.0155501 0.192589
1 0.0891923 0.785265 0.0209183 0.062352 0.130258
4 0.485217 0.818766 0.0106465 0.0171011 0.117663
1 0.527363 0.785812 0.0150192 0.0195876 0.0806287
1 0.545481 0.784168 0.0159507 0.0250841 0.0743893
4 0.501527 0.836146 0.0137049 0.0222321 0.0526464
4 0.539334 0.830257 0.00868121 0.0224141 0.0489431
4 0.487903 0.817825 0.0118338 0.0152759 0.0401123
1 0.559787 0.779827 0.0130381 0.0233918 0.0400521
1 0.522646 0.784149 0.0152563 0.021079 0.0381862
1 0.581898 0.813165 0.00805139 0.0148525 0.0361749
4 0.542843 0.838074 0.0108887 0.0200574 0.031019
4 0.524059 0.83877 0.0138281 0.0211505 0.0294662
4 0.530126 0.833297 0.0104032 0.0210313 0.0238501
4 0.51601 0.832315 0.0179527 0.0258823 0.0237047
6 0.484682 0.823503 0.0122699 0.0155501 0.0217567
4 0.46681 0.827257 0.0206496 0.0166175 0.0207215
1 0.629187 0.761963 0.0231209 0.0356669 0.0180472
1 0.608759 0.797898 0.0153282 0.0212246 0.017496
0 0.647215 0.832293 0.0100206 0.0259669 0.0148551
4 0.471822 0.819315 0.0102104 0.018569 0.0147123
1 0.691001 0.779579 0.0295239 0.0246396 0.01405
4 0.433816 0.815403 0.00894415 0.0123864 0.0132922
1 0.433816 0.815403 0.00894415 0.0123864 0.0131959
2 0.992635 0.488472 0.0119403 0.0178423 0.0120212
6 0.451219 0.83315 0.0129978 0.0162017 0.0119594
6 0.543308 0.832917 0.0118386 0.0220119 0.0117949
1 0.609512 0.804741 0.0153887 0.0172279 0.0103931
2 0.231409 0.504377 0.00910912 0.015347 0.0100624
1 0.485217 0.818766 0.0106465 0.0171011 0.00939857
4 0.435927 0.820109 0.00924643 0.0119439 0.00929245
1 0.565049 0.781886 0.0230639 0.0305904 0.00879951
6 0.485217 0.818766 0.0106465 0.0171011 0.00863522
4 0.434971 0.825313 0.0105542 0.00990198 0.00816059
6 0.502947 0.832557 0.0105932 0.0176719 0.00781242
1 0.577923 0.785944 0.00963129 0.0367583 0.00779415
6 0.49464 0.829835 0.0121083 0.0234607 0.00708514
4 0.502506 0.822659 0.0111318 0.0256431 0.00680266
4 0.440021 0.816877 0.00790305 0.0141291 0.00638635
1 0.533319 0.769701 0.0383666 0.0499988 0.00619676
6 0.487903 0.817825 0.0118338 0.0152759 0.00612918
6 0.435927 0.820109 0.00924643 0.0119439 0.00578415
1 0.682076 0.781922 0.0123446 0.0220247 0.00554988
4 0.516791 0.818881 0.0125183 0.0183983 0.00534214
15 0.484682 0.823503 0.0122699 0.0155501 0.00527078
2 0.230865 0.545525 0.0124352 0.010811 0.00513947
4 0.528151 0.815158 0.0105974 0.0126649 0.00513447
0 0.650215 0.83242 0.0110546 0.023502 0.00509126
6 0.433816 0.815403 0.00894415 0.0123864 0.00502111
1 0.480032 0.793022 0.00861786 0.0132002 0.00487828
4 0.545867 0.821158 0.0134299 0.0242787 0.00395675
15 0.451219 0.83315 0.0129978 0.0162017 0.00393051
1 0.451219 0.83315 0.0129978 0.0162017 0.00384538
4 0.487856 0.836962 0.011524 0.0240988 0.003796
2 0.230352 0.53546 0.01332 0.0167446 0.00372724
1 0.484682 0.823503 0.0122699 0.0155501 0.00367445
1 0.658331 0.785705 0.0224629 0.0273295 0.00364986
1 0.435927 0.820109 0.00924643 0.0119439 0.00351943
1 0.440021 0.816877 0.00790305 0.0141291 0.00339878
1 0.559803 0.755243 0.0121243 0.0289372 0.00335697
4 0.451716 0.821595 0.0110564 0.0231004 0.00326395
1 0.566137 0.814838 0.0154532 0.0233646 0.00323678
1 0.510875 0.787622 0.0148207 0.0161631 0.0032197
4 0.449937 0.837935 0.013822 0.0216314 0.00319314
0 0.543308 0.832917 0.0118386 0.0220119 0.00307166
1 0.518351 0.78241 0.0166774 0.0231182 0.00297302
1 0.555556 0.817504 0.0103825 0.0206573 0.00288265
1 0.609045 0.77411 0.0117148 0.0205736 0.00285528
15 0.485217 0.818766 0.0106465 0.0171011 0.00282837
0 0.502947 0.832557 0.0105932 0.0176719 0.00281462
1 0.659694 0.773663 0.0334611 0.0385344 0.00261509
14 0.647215 0.832293 0.0100206 0.0259669 0.00254584
1 0.471822 0.819315 0.0102104 0.018569 0.00250331
1 0.494887 0.79205 0.00812122 0.0134886 0.00239676
1 0.539334 0.830257 0.00868121 0.0224141 0.00235259
4 0.527363 0.785812 0.0150192 0.0195876 0.00232263
2 0.946037 0.523195 0.0103468 0.0234881 0.00228501
8 0.542843 0.838074 0.0108887 0.0200574 0.00225498
2 0.02896 0.638824 0.0189803 0.0154775 0.00216956
2 0.218312 0.546615 0.0102308 0.0127172 0.00210949
2 0.229666 0.500379 0.010235 0.0174003 0.00203298
6 0.502506 0.822659 0.0111318 0.0256431 0.00194252
2 0.977354 0.48792 0.0156337 0.0285456 0.00192279
7 0.609045 0.77411 0.0117148 0.0205736 0.00190062
2 0.978581 0.386621 0.0143895 0.0176263 0.0018854
0 0.542843 0.838074 0.0108887 0.0200574 0.00181103
6 0.539334 0.830257 0.00868121 0.0224141 0.00173607
0 0.645502 0.835833 0.00886365 0.0244151 0.00171615
6 0.440021 0.816877 0.00790305 0.0141291 0.00166815
4 0.53897 0.828352 0.0349702 0.0422833 0.00166407
4 0.557471 0.827828 0.0293174 0.0186849 0.00163658
2 0.979158 0.394105 0.0153772 0.0323406 0.00161975
4 0.383012 0.845409 0.0115257 0.022029 0.00152676
15 0.487903 0.817825 0.0118338 0.0152759 0.00146652
1 0.507953 0.780989 0.00987085 0.019467 0.00145261
14 0.650215 0.83242 0.0110546 0.023502 0.00143943
1 0.636099 0.761898 0.0146349 0.0347693 0.00140197
1 0.471706 0.789992 0.00916568 0.0141853 0.00138846
1 0.647215 0.832293 0.0100206 0.0259669 0.00137568
1 0.431216 0.796193 0.00805118 0.0195078 0.00136889
4 0.575275 0.849285 0.0406841 0.0519893 0.0013571
2 0.992754 0.481355 0.011632 0.0209058 0.00135197
1 0.487903 0.817825 0.0118338 0.0152759 0.00130849
4 0.588629 0.839634 0.0132029 0.0328038 0.00130711
14 0.631548 0.840995 0.00728339 0.0160737 0.00123642
6 0.471822 0.819315 0.0102104 0.018569 0.00123207
1 0.252049 0.80707 0.0122201 0.0212432 0.00122991
2 0.451219 0.83315 0.0129978 0.0162017 0.00121483
7 0.559787 0.779827 0.0130381 0.0233918 0.00117105
4 0.555556 0.817504 0.0103825 0.0206573 0.00116494
0 0.484682 0.823503 0.0122699 0.0155501 0.00112801
6 0.516872 0.837877 0.0215377 0.0258079 0.00111329
1 0.596024 0.794677 0.0129019 0.030085 0.00109773
6 0.545867 0.821158 0.0134299 0.0242787 0.00109234
15 0.435927 0.820109 0.00924643 0.0119439 0.00109093
6 0.528151 0.815158 0.0105974 0.0126649 0.00106816
4 0.99386 0.828734 0.00886768 0.0123357 0.00103423
22 0.631548 0.840995 0.00728339 0.0160737 0.00101735
