50 0.349298 0.603279 0.201038 0.300356 0.966182
31 0.470771 0.214705 0.295056 0.396176 0.948847
31 0.187099 0.318868 0.312982 0.584447 0.933768
20 0.439921 0.626275 0.128205 0.155417 0.917899
18 0.841392 0.754353 0.317216 0.488366 0.90457
19 0.550543 0.652833 0.898914 0.685971 0.81646
48 0.514294 0.457973 0.0601582 0.0480447 0.790095
51 0.0805886 0.633395 0.160829 0.406904 0.720179
51 0.163672 0.613836 0.0547885 0.130059 0.610798
50 0.658548 0.575669 0.0883987 0.0550719 0.34469
54 0.440102 0.6269 0.1291 0.155901 0.244283
19 0.135329 0.675726 0.269146 0.636163 0.239829
18 0.823262 0.921841 0.277251 0.153337 0.231362
10 0.164563 0.613651 0.0535677 0.128555 0.165757
50 0.679345 0.438999 0.163559 0.143412 0.0689708
34 0.163672 0.613836 0.0547885 0.130059 0.0607564
18 0.900916 0.696229 0.196934 0.383892 0.0493341
18 0.732706 0.919681 0.466383 0.155835 0.0407022
9 0.648758 0.327171 0.0941773 0.16092 0.0369572
52 0.708639 0.45724 0.14586 0.105459 0.0338124
48 0.473251 0.440732 0.0905163 0.0474452 0.0315488
20 0.25892 0.535513 0.0643397 0.11894 0.0297715
2 0.164093 0.613575 0.0538941 0.127432 0.0279116
19 0.374366 0.67433 0.293372 0.649861 0.0258705
48 0.7413 0.490837 0.0431545 0.0466042 0.0176598
9 0.728259 0.398725 0.201431 0.191097 0.0175429
52 0.473251 0.440732 0.0905163 0.0474452 0.0164989
17 0.728259 0.398725 0.201431 0.191097 0.015867
54 0.348635 0.596461 0.196682 0.312914 0.0143132
54 0.711693 0.397394 0.225091 0.2274 0.0126923
48 0.574077 0.353874 0.0579875 0.0317342 0.0126533
56 0.164563 0.613651 0.0535677 0.128555 0.0124385
54 0.681573 0.448977 0.158841 0.129888 0.0117228
52 0.666716 0.373669 0.0196568 0.027847 0.0112933
48 0.502454 0.437461 0.0689283 0.0457426 0.0111032
54 0.66289 0.573181 0.0960429 0.0544893 0.0110015
53 0.509702 0.699612 0.0708959 0.136458 0.00966437
50 0.7067 0.462605 0.134428 0.0952096 0.00910599
34 0.758714 0.405196 0.129236 0.176447 0.00910325
19 0.278332 0.676314 0.536305 0.647371 0.0089363
60 0.974211 0.268345 0.0505249 0.0455231 0.0089057
20 0.511087 0.459748 0.0550013 0.0406406 0.00808016
48 0.164242 0.613924 0.0543988 0.127651 0.00674163
20 0.680309 0.441025 0.159721 0.144544 0.0067217
34 0.5737 0.353358 0.0582683 0.0305617 0.00535638
42 0.721627 0.39809 0.212124 0.198222 0.00507032
50 0.471526 0.4427 0.0855694 0.051203 0.00457597
52 0.76234 0.0577398 0.015697 0.0822818 0.00455526
51 0.473073 0.441894 0.0870621 0.0500763 0.00454072
47 0.473251 0.440732 0.0905163 0.0474452 0.00442834
54 0.523794 0.474905 0.171166 0.13058 0.00440963
46 0.679345 0.438999 0.163559 0.143412 0.00434677
18 0.732526 0.818973 0.520428 0.353276 0.00433304
20 0.7067 0.462605 0.134428 0.0952096 0.00420068
9 0.734058 0.283798 0.263442 0.398565 0.00409825
51 0.718363 0.458913 0.181147 0.108465 0.00321277
44 0.974211 0.268345 0.0505249 0.0455231 0.00303269
20 0.661283 0.573401 0.0930523 0.0584744 0.00299817
51 0.649223 0.326524 0.0952701 0.166217 0.00298094
19 0.886176 0.343939 0.227117 0.248426 0.00294215
48 0.535833 0.452243 0.0341687 0.0509365 0.00288335
52 0.632407 0.408604 0.0743005 0.0766258 0.00284115
52 0.5737 0.353358 0.0582683 0.0305617 0.00278796
48 0.664073 0.575177 0.076384 0.0476017 0.00247658
52 0.649151 0.326226 0.0925968 0.162431 0.00244295
54 0.7067 0.462605 0.134428 0.0952096 0.00228632
18 0.934865 0.70939 0.129529 0.445853 0.0022788
34 0.721627 0.39809 0.212124 0.198222 0.00227686
48 0.512465 0.471697 0.0577475 0.0677918 0.00223654
52 0.687186 0.247372 0.0201294 0.178437 0.00213426
52 0.65396 0.366373 0.0744263 0.0459354 0.00208478
31 0.059868 0.14927 0.0615866 0.153112 0.0020811
52 0.694471 0.239807 0.0350982 0.285362 0.00206534
50 0.50851 0.69811 0.0687067 0.135975 0.00201601
10 0.79074 0.330265 0.0218661 0.0441124 0.00199449
55 0.974472 0.268105 0.0510557 0.0466726 0.00184246
1 0.474894 0.441869 0.0882481 0.0544902 0.00183666
52 0.544701 0.469178 0.0865923 0.0767713 0.00181907
34 0.257762 0.535074 0.0673602 0.120714 0.00173768
50 0.547512 0.482653 0.122017 0.110802 0.00172719
34 0.79074 0.330265 0.0218661 0.0441124 0.0017012
42 0.648758 0.327171 0.0941773 0.16092 0.00167028
54 0.679895 0.485545 0.172503 0.199881 0.00165911
53 0.658584 0.574751 0.0856946 0.0528444 0.00159451
49 0.708779 0.270524 0.205892 0.401701 0.00158732
52 0.684994 0.215159 0.0149134 0.055676 0.00155853
30 0.0522537 0.0148137 0.0660704 0.0296274 0.00145931
52 0.229405 0.567015 0.0439668 0.145806 0.00145318
30 0.164093 0.613575 0.0538941 0.127432 0.00144514
52 0.783947 0.324819 0.0364044 0.0444455 0.00143169
9 0.667885 0.372593 0.140112 0.250088 0.00142512
52 0.540021 0.523555 0.0635886 0.0308838 0.00140392
52 0.689706 0.464405 0.0938526 0.0878325 0.00137778
9 0.713503 0.355337 0.223922 0.221495 0.00136475
20 0.164242 0.613924 0.0543988 0.127651 0.00134258
20 0.573922 0.351534 0.0605037 0.0276398 0.00130682
52 0.623091 0.302894 0.0277628 0.0651788 0.00127976
46 0.348635 0.596461 0.196682 0.312914 0.0012772
31 0.609977 0.0024234 0.231472 0.0048468 0.00126803
48 0.487179 0.453617 0.0947131 0.0415551 0.0012406
52 0.231517 0.98556 0.0178257 0.0288803 0.00121752
48 0.556769 0.478633 0.0595242 0.0920401 0.00114631
52 0.776438 0.32421 0.0262858 0.0509811 0.00112783
18 0.350966 0.603513 0.201979 0.300343 0.00111582
11 0.728288 0.408781 0.218645 0.191817 0.0010928
47 0.574077 0.353874 0.0579875 0.0317342 0.00107016
52 0.642676 0.172266 0.0223066 0.0489214 0.00105956
48 0.559624 0.459599 0.0409271 0.0597129 0.00105337
48 0.555142 0.447135 0.0342797 0.048733 0.00102227
34 0.440583 0.626521 0.127213 0.154154 0.00101099
