4 0.757883 0.355749 0.0838014 0.0805034 0.848143
8 0.923762 0.397848 0.0805543 0.105539 0.776089
4 0.953198 0.361665 0.0910998 0.0821345 0.650594
4 0.866177 0.353108 0.0996047 0.0795058 0.512825
8 0.814979 0.360838 0.0521126 0.0690951 0.309185
1 0.903961 0.248553 0.0254904 0.070016 0.297316
4 0.821663 0.338937 0.0588173 0.0494234 0.283957
8 0.9932 0.447478 0.0112338 0.0714552 0.258401
5 0.86501 0.351783 0.0983845 0.0797358 0.249621
1 0.729688 0.269053 0.0191148 0.0191966 0.204579
8 0.879658 0.388459 0.0361836 0.0745994 0.193142
0 0.711121 0.342938 0.0124802 0.048735 0.183681
0 0.734065 0.32479 0.0112381 0.0251705 0.181419
5 0.668228 0.43207 0.0840402 0.135951 0.163709
0 0.729776 0.337555 0.0223214 0.0348486 0.151427
8 0.982255 0.416036 0.0327547 0.119446 0.146521
1 0.897834 0.247741 0.0250177 0.0684308 0.123411
8 0.988479 0.416285 0.0197722 0.117759 0.119412
4 0.713382 0.308926 0.0139575 0.00977364 0.104027
8 0.843801 0.361287 0.0508428 0.0665138 0.0938149
8 0.969634 0.402782 0.0582965 0.102266 0.0934502
0 0.712892 0.351853 0.0159907 0.0518536 0.0883587
1 0.910181 0.250871 0.0187155 0.0739587 0.0829697
4 0.838949 0.353487 0.0493087 0.0700505 0.072637
4 0.668502 0.433684 0.0841938 0.138294 0.0647385
8 0.798507 0.364967 0.0253786 0.0635069 0.0628854
0 0.814787 0.359402 0.0419368 0.0678529 0.0600654
8 0.86674 0.374546 0.0595139 0.0613476 0.0567624
1 0.715447 0.27023 0.00847668 0.0132416 0.0556823
4 0.713468 0.332655 0.0163893 0.037197 0.0554407
5 0.821267 0.362369 0.066254 0.0647556 0.0532859
5 0.822294 0.338599 0.0586605 0.0487183 0.0518735
4 0.753751 0.30771 0.0173188 0.00854206 0.0474035
5 0.952938 0.367934 0.0908742 0.095233 0.04491
4 0.712284 0.342939 0.0130143 0.0474601 0.0445376
4 0.740164 0.309439 0.0119258 0.0109044 0.0441748
8 0.991387 0.428711 0.0144402 0.116011 0.042155
4 0.942842 0.305434 0.0532673 0.0317089 0.034354
8 0.832258 0.355511 0.0611891 0.0713734 0.0319894
0 0.732373 0.312016 0.00982721 0.015551 0.0298491
0 0.711467 0.361864 0.015624 0.0751299 0.0287504
8 0.847663 0.371759 0.0267074 0.0619663 0.0282485
0 0.715855 0.367381 0.014008 0.0520445 0.0264404
0 0.745905 0.326544 0.0414503 0.0242937 0.02475
3 0.798507 0.364967 0.0253786 0.0635069 0.0244812
8 0.730423 0.368441 0.0289951 0.0494612 0.024364
8 0.712284 0.342939 0.0130143 0.0474601 0.0241843
8 0.712892 0.351853 0.0159907 0.0518536 0.0228652
0 0.713468 0.332655 0.0163893 0.037197 0.0215829
4 0.768254 0.308182 0.0142779 0.0105894 0.0211802
8 0.715855 0.367381 0.014008 0.0520445 0.0209243
4 0.837175 0.330339 0.0292465 0.0313058 0.0207886
4 0.932537 0.313116 0.0733948 0.0494428 0.0201329
14 0.668267 0.433233 0.0842051 0.137993 0.0199126
8 0.864437 0.354817 0.0937174 0.0799543 0.019844
4 0.712892 0.351853 0.0159907 0.0518536 0.0193794
5 0.843157 0.355628 0.0540803 0.0703 0.0193251
4 0.732373 0.312016 0.00982721 0.015551 0.0168851
0 0.740164 0.309439 0.0119258 0.0109044 0.014748
4 0.779675 0.322791 0.0480316 0.0317851 0.0142165
4 0.815968 0.314465 0.0523474 0.0241261 0.0141516
0 0.823232 0.344899 0.0604359 0.0589809 0.0141086
8 0.740164 0.309439 0.0119258 0.0109044 0.0133572
5 0.973548 0.405691 0.0506553 0.104389 0.0124788
1 0.846819 0.293604 0.0106804 0.0197917 0.0122796
4 0.819359 0.311805 0.0398822 0.0191599 0.0118329
1 0.737852 0.268913 0.0144539 0.0198506 0.0109987
0 0.989497 0.291937 0.0128198 0.0192122 0.0109401
8 0.732373 0.312016 0.00982721 0.015551 0.0108609
4 0.792139 0.311178 0.0374908 0.0187234 0.0104586
4 0.745905 0.326544 0.0414503 0.0242937 0.0102951
8 0.95705 0.380819 0.0814136 0.120611 0.0100177
3 0.993131 0.449143 0.0110281 0.0733122 0.00976779
5 0.880938 0.386476 0.0413883 0.0763156 0.00965931
0 0.802359 0.3667 0.0294816 0.0700977 0.0095374
0 0.716688 0.386136 0.0125178 0.0746927 0.00912658
0 0.837175 0.330339 0.0292465 0.0313058 0.00903665
4 0.781199 0.305374 0.0137405 0.0105705 0.00886104
5 0.881071 0.349028 0.0794067 0.0672918 0.00877389
4 0.827763 0.315101 0.0416525 0.0252493 0.00869132
0 0.710655 0.309297 0.0109999 0.0105466 0.00868827
3 0.878747 0.389196 0.0350408 0.0733088 0.00865425
8 0.987325 0.379412 0.0225372 0.0909717 0.00861016
0 0.729792 0.361201 0.0279586 0.0582899 0.00850611
5 0.712284 0.342939 0.0130143 0.0474601 0.00841376
8 0.713382 0.308926 0.0139575 0.00977364 0.00825315
4 0.729792 0.361201 0.0279586 0.0582899 0.00811013
4 0.711467 0.361864 0.015624 0.0751299 0.00768024
5 0.987733 0.306524 0.0191061 0.0301456 0.00766124
4 0.939292 0.338741 0.0564245 0.0375909 0.00748446
4 0.943265 0.294343 0.0441679 0.0188732 0.00746665
8 0.734065 0.32479 0.0112381 0.0251705 0.00730272
8 0.957617 0.403301 0.0404622 0.0911514 0.00728946
4 0.883574 0.342379 0.0649654 0.0572196 0.00703789
1 0.842841 0.231702 0.0230209 0.13143 0.00697683
1 0.741698 0.247001 0.0085921 0.0250114 0.00689044
0 0.719875 0.395332 0.0151056 0.0735981 0.00685472
3 0.814179 0.36263 0.0481296 0.0693581 0.00680273
5 0.988442 0.316307 0.0190874 0.0312487 0.00671816
4 0.729776 0.337555 0.0223214 0.0348486 0.00655841
5 0.981923 0.319583 0.0323322 0.0375988 0.00638768
5 0.890762 0.367309 0.062582 0.0765125 0.00636724
4 0.821267 0.362369 0.066254 0.0647556 0.0062835
1 0.839186 0.224209 0.0157636 0.114895 0.00622819
2 0.532535 0.71483 0.0196668 0.0269127 0.00620518
8 0.890762 0.367309 0.062582 0.0765125 0.00619004
4 0.734065 0.32479 0.0112381 0.0251705 0.00603306
8 0.837175 0.330339 0.0292465 0.0313058 0.00600263
1 0.877661 0.259117 0.00988776 0.0280478 0.00598975
2 0.715447 0.27023 0.00847668 0.0132416 0.00591563
8 0.905991 0.373753 0.0402034 0.0626285 0.00589181
0 0.768254 0.308182 0.0142779 0.0105894 0.00585593
4 0.868485 0.31781 0.0556162 0.035543 0.00561585
0 0.992752 0.458489 0.0118 0.085599 0.00555989
0 0.846177 0.31165 0.0112711 0.025094 0.00553679
4 0.987733 0.306524 0.0191061 0.0301456 0.0055207
4 0.958328 0.346894 0.0795498 0.0520447 0.00546385
8 0.921391 0.356773 0.0304846 0.0581842 0.00540802
4 0.814787 0.359402 0.0419368 0.0678529 0.00533797
8 0.729776 0.337555 0.0223214 0.0348486 0.0053174
8 0.917612 0.369522 0.0317097 0.0560001 0.00525943
8 0.823232 0.344899 0.0604359 0.0589809 0.00523607
4 0.993131 0.449143 0.0110281 0.0733122 0.00517393
8 0.86505 0.386094 0.0420192 0.0789682 0.00516136
5 0.814787 0.359402 0.0419368 0.0678529 0.0051086
5 0.988479 0.416285 0.0197722 0.117759 0.00510116
8 0.930974 0.374367 0.039068 0.063691 0.0050913
13 0.734065 0.32479 0.0112381 0.0251705 0.00502151
4 0.715855 0.367381 0.014008 0.0520445 0.00499191
8 0.788128 0.367591 0.0417153 0.0703916 0.00499051
3 0.715855 0.367381 0.014008 0.0520445 0.00497235
0 0.986226 0.293338 0.0137941 0.0170937 0.00490621
8 0.72765 0.381756 0.0254403 0.0719281 0.0048262
4 0.880267 0.302085 0.0206178 0.0159486 0.00458198
1 0.710466 0.272313 0.010899 0.0153137 0.00442283
3 0.730423 0.368441 0.0289951 0.0494612 0.00436212
8 0.716688 0.386136 0.0125178 0.0746927 0.00435448
3 0.788128 0.367591 0.0417153 0.0703916 0.00433578
4 0.846953 0.362311 0.0537307 0.0653265 0.00418154
5 0.981696 0.395582 0.0344548 0.0971866 0.00414703
3 0.712892 0.351853 0.0159907 0.0518536 0.00411608
1 0.712932 0.266205 0.00781696 0.0193465 0.00410926
5 0.713468 0.332655 0.0163893 0.037197 0.00410093
1 0.728839 0.274584 0.0202357 0.0265245 0.00406524
0 0.832258 0.355511 0.0611891 0.0713734 0.00398734
0 0.711032 0.380881 0.0174099 0.101436 0.00397205
5 0.759699 0.356494 0.0863688 0.0808211 0.00393872
8 0.94 0.380571 0.0243348 0.0658313 0.00392034
8 0.988148 0.440695 0.0206467 0.0817523 0.00390158
8 0.745905 0.326544 0.0414503 0.0242937 0.00384204
4 0.981923 0.319583 0.0323322 0.0375988 0.00383848
5 0.993131 0.449143 0.0110281 0.0733122 0.00380552
0 0.969491 0.30907 0.0158688 0.0333659 0.00377971
48 0.532535 0.71483 0.0196668 0.0269127 0.00369855
2 0.729688 0.269053 0.0191148 0.0191966 0.00369457
42 0.713382 0.308926 0.0139575 0.00977364 0.00364087
1 0.846177 0.31165 0.0112711 0.025094 0.00358264
0 0.843801 0.361287 0.0508428 0.0665138 0.00341084
4 0.900987 0.305705 0.0616205 0.0332047 0.00332189
1 0.792306 0.288498 0.0125456 0.0297376 0.00331748
4 0.988442 0.316307 0.0190874 0.0312487 0.0033085
3 0.968718 0.402976 0.0596801 0.0991715 0.00321079
4 0.988601 0.293399 0.0164838 0.0146433 0.0031595
5 0.988601 0.293399 0.0164838 0.0146433 0.0031214
6 0.942645 0.304064 0.0539319 0.0298441 0.00305431
0 0.922719 0.399019 0.0778242 0.103516 0.00304584
3 0.982255 0.416036 0.0327547 0.119446 0.00303889
12 0.729688 0.269053 0.0191148 0.0191966 0.00299365
8 0.988749 0.344361 0.0185776 0.0359115 0.00298813
5 0.987325 0.379412 0.0225372 0.0909717 0.00295547
1 0.851623 0.293506 0.0207992 0.0223956 0.0029158
8 0.759699 0.356494 0.0863688 0.0808211 0.00288844
6 0.952934 0.365815 0.0897931 0.092773 0.00281622
4 0.711617 0.302019 0.00769165 0.0170237 0.00276064
5 0.837175 0.330339 0.0292465 0.0313058 0.00274364
8 0.904412 0.394917 0.0519122 0.0962572 0.00269412
8 0.968582 0.372019 0.0602185 0.0999426 0.00267441
5 0.729792 0.361201 0.0279586 0.0582899 0.0026686
25 0.729688 0.269053 0.0191148 0.0191966 0.00266175
8 0.744818 0.374957 0.015414 0.0558582 0.00264178
8 0.713468 0.332655 0.0163893 0.037197 0.00255323
43 0.668502 0.433684 0.0841938 0.138294 0.0025424
4 0.890762 0.367309 0.062582 0.0765125 0.00252728
3 0.857527 0.375132 0.0408834 0.0699508 0.00252672
8 0.668228 0.43207 0.0840402 0.135951 0.00249448
3 0.988479 0.416285 0.0197722 0.117759 0.00243431
5 0.947156 0.306806 0.0624329 0.0391813 0.00242428
6 0.753751 0.30771 0.0173188 0.00854206 0.00240185
4 0.968582 0.372019 0.0602185 0.0999426 0.00237282
38 0.660937 0.34868 0.097899 0.205685 0.00237243
4 0.703852 0.345255 0.0257389 0.0492204 0.00236919
5 0.713382 0.308926 0.0139575 0.00977364 0.00236471
5 0.86674 0.374546 0.0595139 0.0613476 0.00236078
2 0.806552 0.100466 0.00933063 0.0160451 0.00234101
0 0.723598 0.391152 0.019273 0.0721557 0.0023229
6 0.925424 0.293815 0.0920264 0.0351678 0.00228189
18 0.667917 0.429864 0.0809056 0.130716 0.00227412
8 0.890618 0.342336 0.0575803 0.0597916 0.00226606
4 0.952721 0.393852 0.0902363 0.114453 0.00223755
0 0.982255 0.416036 0.0327547 0.119446 0.00221089
14 0.715855 0.367381 0.014008 0.0520445 0.00219508
5 0.924322 0.397726 0.0750591 0.102835 0.00213851
7 0.715447 0.27023 0.00847668 0.0132416 0.00212571
4 0.889555 0.301073 0.0427798 0.0235163 0.00210299
7 0.846177 0.31165 0.0112711 0.025094 0.00210133
1 0.897449 0.293179 0.0188986 0.0172035 0.00204008
1 0.853833 0.23858 0.0295986 0.14276 0.00203731
1 0.713649 0.281561 0.0105911 0.0211582 0.00202818
13 0.729776 0.337555 0.0223214 0.0348486 0.00202553
0 0.819359 0.311805 0.0398822 0.0191599 0.00194353
8 0.936949 0.33627 0.0631913 0.0424255 0.00191683
1 0.782214 0.29279 0.00997815 0.0247884 0.00190226
5 0.955857 0.350745 0.0838133 0.062572 0.00189435
0 0.753751 0.30771 0.0173188 0.00854206 0.00187825
4 0.988749 0.344361 0.0185776 0.0359115 0.00182881
6 0.86501 0.351783 0.0983845 0.0797358 0.001821
7 0.780411 0.265086 0.00674927 0.00765959 0.00181206
4 0.846177 0.31165 0.0112711 0.025094 0.00180893
4 0.758205 0.329806 0.0660765 0.0306578 0.00180876
0 0.827763 0.315101 0.0416525 0.0252493 0.00180602
3 0.921391 0.356773 0.0304846 0.0581842 0.00179323
3 0.847663 0.371759 0.0267074 0.0619663 0.00179245
8 0.711467 0.361864 0.015624 0.0751299 0.00172099
8 0.951225 0.360416 0.0948245 0.0799759 0.00169956
7 0.905855 0.247424 0.0232215 0.0658448 0.00167552
10 0.277775 0.493458 0.0195576 0.019766 0.00167004
5 0.890618 0.342336 0.0575803 0.0597916 0.00166194
3 0.846953 0.362311 0.0537307 0.0653265 0.00164717
6 0.944204 0.293556 0.0466335 0.0203641 0.00163841
5 0.943006 0.299172 0.0546032 0.0215606 0.00163791
13 0.732373 0.312016 0.00982721 0.015551 0.00162029
14 0.734065 0.32479 0.0112381 0.0251705 0.00161083
5 0.712892 0.351853 0.0159907 0.0518536 0.00160777
7 0.710466 0.272313 0.010899 0.0153137 0.00160356
14 0.955029 0.356401 0.0841265 0.0718344 0.00159931
10 0.416433 0.47897 0.0116489 0.0166247 0.00159699
5 0.939292 0.338741 0.0564245 0.0375909 0.00159459
2 0.741698 0.247001 0.0085921 0.0250114 0.00156809
0 0.703852 0.345255 0.0257389 0.0492204 0.00156192
4 0.672865 0.488037 0.0924937 0.246577 0.00155929
14 0.711467 0.361864 0.015624 0.0751299 0.00155563
0 0.988749 0.344361 0.0185776 0.0359115 0.00155418
5 0.698365 0.319167 0.0311814 0.0573721 0.00154821
8 0.988601 0.293399 0.0164838 0.0146433 0.00154529
14 0.716688 0.386136 0.0125178 0.0746927 0.00152937
4 0.95283 0.338422 0.0898716 0.105367 0.00152556
11 0.729776 0.337555 0.0223214 0.0348486 0.00149972
1 0.873506 0.272278 0.0143035 0.0556245 0.00149744
1 0.741405 0.282922 0.0134957 0.035451 0.0014937
7 0.734065 0.32479 0.0112381 0.0251705 0.00149264
1 0.693321 0.282028 0.00917102 0.0109116 0.00148387
0 0.987325 0.379412 0.0225372 0.0909717 0.00147294
3 0.712284 0.342939 0.0130143 0.0474601 0.00144225
2 0.732373 0.312016 0.00982721 0.015551 0.00143626
1 0.867677 0.292854 0.0101393 0.0228114 0.00142176
1 0.904957 0.2866 0.0247288 0.0302895 0.00141326
8 0.881071 0.349028 0.0794067 0.0672918 0.00140124
8 0.768254 0.308182 0.0142779 0.0105894 0.00139069
7 0.79009 0.265981 0.00762512 0.00933581 0.00138959
0 0.988479 0.416285 0.0197722 0.117759 0.00136587
22 0.992999 0.445986 0.0112292 0.0718874 0.00135892
8 0.958328 0.346894 0.0795498 0.0520447 0.00133555
7 0.712932 0.266205 0.00781696 0.0193465 0.00133385
4 0.730561 0.302316 0.02085 0.0178118 0.00132893
14 0.712284 0.342939 0.0130143 0.0474601 0.00132457
5 0.936814 0.355989 0.122283 0.0796738 0.00131748
7 0.731621 0.267541 0.0165168 0.0212349 0.00129053
18 0.715855 0.367381 0.014008 0.0520445 0.00127893
3 0.713382 0.308926 0.0139575 0.00977364 0.00126286
18 0.719875 0.395332 0.0151056 0.0735981 0.0012599
4 0.925424 0.293815 0.0920264 0.0351678 0.00124779
14 0.719875 0.395332 0.0151056 0.0735981 0.00124737
8 0.75721 0.369833 0.0581586 0.0692131 0.00124325
6 0.821663 0.338937 0.0588173 0.0494234 0.00123908
3 0.957617 0.403301 0.0404622 0.0911514 0.00123876
13 0.729792 0.361201 0.0279586 0.0582899 0.00121552
6 0.768254 0.308182 0.0142779 0.0105894 0.00120754
2 0.929783 0.234849 0.0166108 0.0237066 0.00120657
4 0.716688 0.386136 0.0125178 0.0746927 0.00120097
0 0.94 0.380571 0.0243348 0.0658313 0.00120093
6 0.781199 0.305374 0.0137405 0.0105705 0.00119549
1 0.709537 0.29211 0.00903723 0.019561 0.00119013
42 0.821406 0.338803 0.0574191 0.0480859 0.00117963
0 0.95705 0.380819 0.0814136 0.120611 0.00116762
5 0.734065 0.32479 0.0112381 0.0251705 0.00115802
4 0.711032 0.380881 0.0174099 0.101436 0.00115618
0 0.879658 0.388459 0.0361836 0.0745994 0.00114845
4 0.987325 0.379412 0.0225372 0.0909717 0.00114094
36 0.277775 0.493458 0.0195576 0.019766 0.00113577
4 0.821582 0.294578 0.0145505 0.0206952 0.00113497
0 0.781199 0.305374 0.0137405 0.0105705 0.00112154
3 0.922775 0.398799 0.0785532 0.10306 0.00112003
14 0.712892 0.351853 0.0159907 0.0518536 0.00111212
5 0.988749 0.344361 0.0185776 0.0359115 0.00108968
6 0.988442 0.316307 0.0190874 0.0312487 0.00108959
5 0.740164 0.309439 0.0119258 0.0109044 0.00108498
15 0.942645 0.304064 0.0539319 0.0298441 0.00106992
13 0.740164 0.309439 0.0119258 0.0109044 0.001068
5 0.745905 0.326544 0.0414503 0.0242937 0.0010626
14 0.729776 0.337555 0.0223214 0.0348486 0.00106173
