1 0.510933 0.644699 0.114726 0.109488 0.949203
1 0.292882 0.788539 0.0441402 0.0402091 0.842883
1 0.125436 0.80808 0.0340654 0.0852873 0.825406
1 0.491323 0.832451 0.0206835 0.0486073 0.806628
1 0.320034 0.828154 0.0199025 0.0247773 0.771316
1 0.342303 0.85677 0.0115769 0.0259775 0.726828
4 0.514853 0.890587 0.0415221 0.0253177 0.654934
1 0.25162 0.844565 0.0157523 0.0341096 0.462919
4 0.467333 0.88747 0.0228974 0.026577 0.435734
2 0.528057 0.773198 0.00860437 0.0104225 0.311465
4 0.56324 0.887741 0.0260403 0.0291314 0.304972
1 0.250957 0.865779 0.0168531 0.014403 0.298986
4 0.592501 0.894083 0.0293655 0.034103 0.292807
4 0.460944 0.88702 0.02953 0.0265468 0.286688
1 0.272671 0.871589 0.00852249 0.0224414 0.250238
7 0.664513 0.75939 0.0171574 0.0654248 0.241054
1 0.275284 0.872535 0.0115799 0.0195455 0.144394
4 0.433838 0.883354 0.0219371 0.0162937 0.136797
4 0.302067 0.877924 0.0113372 0.0147169 0.134065
4 0.489759 0.885995 0.02042 0.0259409 0.0885076
4 0.415 0.879011 0.013394 0.0177208 0.0869875
1 0.321353 0.872237 0.00650842 0.0192997 0.0843044
1 0.320279 0.818604 0.0195395 0.0221709 0.06471
4 0.597444 0.891269 0.0377673 0.0426485 0.0580751
4 0.320806 0.876018 0.00752655 0.0194884 0.0578638
4 0.41099 0.879332 0.0158853 0.0191481 0.0572496
4 0.484981 0.886007 0.0172748 0.0258453 0.0541981
1 0.390944 0.852276 0.0112035 0.0296227 0.0538827
4 0.552509 0.888416 0.0277914 0.0283872 0.0523933
2 0.607894 0.609899 0.00977368 0.0139938 0.0430435
4 0.495151 0.892569 0.0164879 0.0261125 0.0281786
2 0.706383 0.73662 0.00759088 0.0160754 0.027743
4 0.413865 0.875285 0.0112345 0.0181225 0.024227
4 0.390674 0.879709 0.0169951 0.0178756 0.0234141
4 0.321353 0.872237 0.00650842 0.0192997 0.0217888
4 0.299224 0.878103 0.0120985 0.0144029 0.0210476
4 0.626381 0.882114 0.0340177 0.0293286 0.0200764
4 0.621409 0.884537 0.0308671 0.0453241 0.0194477
1 0.336665 0.856797 0.0174249 0.0254177 0.0179644
1 0.388866 0.864863 0.013892 0.0233743 0.0168143
1 0.314027 0.859042 0.0149725 0.0268231 0.0163972
1 0.323815 0.814746 0.0237245 0.0199737 0.0158164
2 0.544877 0.771209 0.00688281 0.0128721 0.0151511
2 0.60924 0.676087 0.0126019 0.0108969 0.0151289
2 0.59736 0.674762 0.0121185 0.0102736 0.0149634
2 0.610362 0.613864 0.0146381 0.0186961 0.0138239
2 0.694349 0.735358 0.00760761 0.0135195 0.0135427
4 0.484629 0.892485 0.0165265 0.0266547 0.0133452
1 0.385175 0.852722 0.0118872 0.0294953 0.012765
2 0.520936 0.776188 0.00757648 0.0107562 0.0117866
4 0.631425 0.880423 0.0269087 0.0210195 0.0117677
1 0.367465 0.872444 0.00909448 0.0136281 0.0116446
1 0.271022 0.861458 0.00687228 0.0283944 0.0110322
1 0.284162 0.864152 0.0104883 0.0179189 0.010815
1 0.321443 0.858214 0.00885614 0.0302636 0.0107838
4 0.547929 0.890979 0.0183599 0.0268269 0.0106355
1 0.237399 0.8376 0.0153571 0.0233014 0.0102698
1 0.301645 0.839585 0.0120958 0.0278114 0.00991665
1 0.333468 0.856424 0.0102666 0.0310344 0.00961385
2 0.61344 0.677244 0.00982642 0.0116979 0.00957838
2 0.676944 0.713316 0.00781574 0.0130367 0.00933771
1 0.282596 0.85684 0.00968076 0.0197619 0.00889926
1 0.490244 0.877281 0.0170595 0.032274 0.00873793
4 0.243241 0.879045 0.012014 0.0166133 0.00873438
4 0.280157 0.877336 0.0112307 0.0162768 0.0083859
4 0.41317 0.883597 0.0140132 0.0231812 0.00833142
0 0.489759 0.885995 0.02042 0.0259409 0.00793672
1 0.320806 0.876018 0.00752655 0.0194884 0.00782042
1 0.23616 0.846438 0.0130801 0.0372134 0.00779144
4 0.298038 0.874302 0.00971744 0.0161607 0.00778864
4 0.46938 0.877949 0.0166021 0.0241424 0.00751288
7 0.321353 0.872237 0.00650842 0.0192997 0.00745399
12 0.249912 0.866857 0.0187381 0.0189609 0.00741656
4 0.383684 0.878872 0.0105747 0.0188377 0.00725593
7 0.272671 0.871589 0.00852249 0.0224414 0.00718297
1 0.610769 0.870509 0.0106808 0.023364 0.00703373
1 0.24445 0.855851 0.0168004 0.0345069 0.00701602
1 0.324574 0.826786 0.0302968 0.0273855 0.00674868
1 0.386292 0.870971 0.0131016 0.0248729 0.00654027
2 0.611937 0.611045 0.013122 0.016698 0.00653445
6 0.623886 0.878225 0.0343561 0.0435588 0.00647169
2 0.612824 0.615495 0.0114922 0.0165813 0.00634604
4 0.490244 0.877281 0.0170595 0.032274 0.00627523
4 0.609035 0.890335 0.0551978 0.0503219 0.00618432
0 0.484981 0.886007 0.0172748 0.0258453 0.00609047
1 0.312256 0.847226 0.0161454 0.0244735 0.00571081
1 0.298038 0.874302 0.00971744 0.0161607 0.00563971
6 0.275284 0.872535 0.0115799 0.0195455 0.00546627
4 0.367378 0.877106 0.0104658 0.0178572 0.00528392
4 0.43089 0.87651 0.0225393 0.021278 0.00523996
2 0.626741 0.695456 0.00915784 0.011663 0.00520643
6 0.298038 0.874302 0.00971744 0.0161607 0.00514525
6 0.249912 0.866857 0.0187381 0.0189609 0.00493729
1 0.62455 0.859729 0.0244506 0.0517132 0.00453075
15 0.321353 0.872237 0.00650842 0.0192997 0.00448576
1 0.302358 0.874432 0.0114666 0.0162539 0.00433455
1 0.431957 0.814888 0.0188015 0.0185165 0.0042965
1 0.448067 0.815937 0.0204423 0.0327786 0.0042906
0 0.724377 0.890625 0.0238082 0.0632202 0.00418981
7 0.675593 0.768095 0.0188517 0.0780562 0.00418149
6 0.321353 0.872237 0.00650842 0.0192997 0.00412946
1 0.290413 0.856274 0.0108233 0.0208933 0.0038967
1 0.26086 0.787921 0.0155704 0.0302141 0.00387354
6 0.616448 0.872574 0.0195407 0.0266857 0.00381688
4 0.257977 0.88012 0.0112774 0.017741 0.00374484
1 0.253639 0.85157 0.0181625 0.0435224 0.00373469
1 0.418007 0.822204 0.0260945 0.0256366 0.00371295
0 0.272671 0.871589 0.00852249 0.0224414 0.00365805
6 0.320806 0.876018 0.00752655 0.0194884 0.00365595
1 0.403156 0.827215 0.00979871 0.0177723 0.00360937
1 0.402928 0.848505 0.0132253 0.0268844 0.00358152
1 0.549906 0.801982 0.0139283 0.0766803 0.00346034
4 0.456643 0.878456 0.0237859 0.0249926 0.00339445
1 0.616448 0.872574 0.0195407 0.0266857 0.00339304
5 0.489759 0.885995 0.02042 0.0259409 0.00337887
4 0.272365 0.873855 0.00860004 0.0241333 0.00326657
1 0.553594 0.803175 0.0127715 0.0757853 0.00307093
7 0.320806 0.876018 0.00752655 0.0194884 0.00305171
4 0.502829 0.875626 0.00998001 0.0195725 0.00303035
6 0.489759 0.885995 0.02042 0.0259409 0.00301737
43 0.579433 0.479211 0.566945 0.944671 0.00286118
1 0.410571 0.875857 0.0154917 0.020017 0.00285496
2 0.70879 0.738422 0.00790088 0.0185716 0.0028397
4 0.625312 0.891526 0.0350101 0.0484304 0.0028144
7 0.275284 0.872535 0.0115799 0.0195455 0.00275576
2 0.599478 0.609799 0.0147941 0.0142979 0.00274996
6 0.745519 0.881287 0.0678677 0.0586666 0.00272178
6 0.56324 0.887741 0.0260403 0.0291314 0.00272093
7 0.610769 0.870509 0.0106808 0.023364 0.00264895
1 0.737988 0.851033 0.0104035 0.0143189 0.00257409
0 0.415 0.879011 0.013394 0.0177208 0.00249536
7 0.680281 0.749256 0.0126213 0.0687633 0.00248492
1 0.280157 0.877336 0.0112307 0.0162768 0.00248296
4 0.616448 0.872574 0.0195407 0.0266857 0.00247133
0 0.413865 0.875285 0.0112345 0.0181225 0.00246519
4 0.00994708 0.88831 0.0186824 0.0346826 0.00243656
1 0.531279 0.774623 0.0139645 0.016737 0.00243478
6 0.467333 0.88747 0.0228974 0.026577 0.00238905
1 0.413865 0.875285 0.0112345 0.0181225 0.00238152
5 0.320806 0.876018 0.00752655 0.0194884 0.00235664
0 0.320806 0.876018 0.00752655 0.0194884 0.00231747
2 0.531279 0.774623 0.0139645 0.016737 0.002309
6 0.487872 0.878161 0.01677 0.0353721 0.00224973
1 0.209566 0.845158 0.0116503 0.052261 0.00221609
6 0.413865 0.875285 0.0112345 0.0181225 0.00220601
6 0.280157 0.877336 0.0112307 0.0162768 0.0021967
4 0.755037 0.88568 0.0663983 0.0502485 0.00218321
4 0.556898 0.877824 0.019245 0.0233921 0.00211502
0 0.148457 0.86262 0.0108379 0.0185828 0.00211459
6 0.597444 0.891269 0.0377673 0.0426485 0.00211255
1 0.734971 0.850862 0.0114828 0.0161056 0.00211082
15 0.320806 0.876018 0.00752655 0.0194884 0.00206574
6 0.302358 0.874432 0.0114666 0.0162539 0.00204931
2 0.447588 0.703336 0.010084 0.0140914 0.0020178
1 0.543267 0.800975 0.0133558 0.0699188 0.00199803
8 0.484629 0.892485 0.0165265 0.0266547 0.00199436
1 0.234923 0.862808 0.0105853 0.0196437 0.00195009
1 0.255465 0.809061 0.0128429 0.0231567 0.00193655
6 0.484981 0.886007 0.0172748 0.0258453 0.00189673
6 0.390674 0.879709 0.0169951 0.0178756 0.00189342
8 0.484981 0.886007 0.0172748 0.0258453 0.00185549
6 0.41099 0.879332 0.0158853 0.0191481 0.00185443
4 0.440461 0.891959 0.0169678 0.0243812 0.00182108
2 0.151301 0.862937 0.00993857 0.0164463 0.00181374
7 0.226258 0.789469 0.0104522 0.018097 0.00178283
7 0.686983 0.748117 0.0113834 0.0379662 0.00176456
15 0.597444 0.891269 0.0377673 0.0426485 0.00173481
4 0.312115 0.883739 0.0141852 0.0238781 0.00173167
6 0.592501 0.894083 0.0293655 0.034103 0.00170539
6 0.626381 0.882114 0.0340177 0.0293286 0.00160679
1 0.447008 0.824427 0.0287701 0.0482298 0.00160663
43 0.484441 0.111845 0.968881 0.22369 0.00157255
1 0.356499 0.859297 0.00757791 0.0212262 0.00156874
6 0.272365 0.873855 0.00860004 0.0241333 0.00156071
2 0.445946 0.708037 0.00889063 0.0192225 0.00153937
4 0.737936 0.886079 0.0489481 0.0524954 0.00152727
1 0.475746 0.843664 0.0212847 0.0234369 0.0014995
22 0.272671 0.871589 0.00852249 0.0224414 0.00149649
15 0.302067 0.877924 0.0113372 0.0147169 0.00148354
2 0.396882 0.751978 0.00878534 0.0157364 0.00147185
1 0.344481 0.845033 0.0153959 0.0186544 0.0014692
1 0.328132 0.792948 0.0289211 0.0328857 0.00143102
4 0.513666 0.875617 0.0200108 0.021059 0.00139695
8 0.489759 0.885995 0.02042 0.0259409 0.00138994
1 0.397029 0.826196 0.0180716 0.0215107 0.00138178
1 0.423361 0.818025 0.0212621 0.0251628 0.00136648
4 0.389392 0.883723 0.0154334 0.0237251 0.00135058
6 0.243241 0.879045 0.012014 0.0166133 0.00133809
4 0.367465 0.872444 0.00909448 0.0136281 0.00133215
1 0.247989 0.813606 0.0174532 0.0266334 0.0013084
1 0.343045 0.835564 0.0109652 0.0166568 0.00129266
1 0.676527 0.792361 0.0140587 0.0330704 0.00128096
1 0.623149 0.845765 0.0235803 0.0449244 0.00127665
12 0.275284 0.872535 0.0115799 0.0195455 0.00127596
5 0.321353 0.872237 0.00650842 0.0192997 0.00127456
1 0.238547 0.785924 0.0104034 0.0142222 0.00127315
4 0.235132 0.885667 0.0126927 0.0125161 0.00127136
1 0.475017 0.827584 0.017157 0.0375641 0.00126734
1 0.151301 0.862937 0.00993857 0.0164463 0.00125621
1 0.370289 0.853301 0.00859622 0.0234672 0.00125503
6 0.43089 0.87651 0.0225393 0.021278 0.00125045
14 0.489759 0.885995 0.02042 0.0259409 0.00124085
7 0.342303 0.85677 0.0115769 0.0259775 0.00122796
14 0.484981 0.886007 0.0172748 0.0258453 0.0011995
0 0.122667 0.88095 0.0122304 0.0446583 0.00119097
1 0.380063 0.826491 0.0123732 0.0224392 0.0011797
1 0.623886 0.878225 0.0343561 0.0435588 0.00117681
12 0.490244 0.877281 0.0170595 0.032274 0.00117372
1 0.44318 0.812482 0.0209453 0.0206911 0.00115172
43 0.503896 0.49913 0.930107 0.99826 0.00113951
8 0.415 0.879011 0.013394 0.0177208 0.00113589
8 0.495151 0.892569 0.0164879 0.0261125 0.00111844
5 0.484981 0.886007 0.0172748 0.0258453 0.0010986
6 0.415 0.879011 0.013394 0.0177208 0.00107463
6 0.383684 0.878872 0.0105747 0.0188377 0.00107277
4 0.791099 0.90006 0.0168453 0.0224383 0.00106298
1 0.610544 0.858817 0.0109647 0.0252598 0.00106158
14 0.272365 0.873855 0.00860004 0.0241333 0.00105327
15 0.298038 0.874302 0.00971744 0.0161607 0.00103929
1 0.409295 0.819234 0.0183541 0.02775 0.00103326
1 0.415713 0.846436 0.039128 0.0294035 0.00101915
