6 0.427832 0.662136 0.202142 0.211032 0.966881
15 0.570247 0.615691 0.0950552 0.108042 0.903097
0 0.952811 0.672872 0.0509431 0.173002 0.882504
4 0.058589 0.64532 0.116535 0.0586441 0.874725
1 0.961573 0.523563 0.0316953 0.0282 0.791736
4 0.278343 0.641815 0.0838671 0.0404797 0.755038
3 0.954366 0.724254 0.0442373 0.118761 0.719435
1 0.967884 0.417042 0.0627572 0.0913345 0.646266
4 0.978251 0.606594 0.0211378 0.0148614 0.615977
8 0.918306 0.622288 0.0158658 0.0323768 0.590753
0 0.162919 0.651198 0.0167105 0.0342876 0.534229
4 0.835404 0.609379 0.020795 0.0113113 0.491123
0 0.162038 0.662157 0.0169618 0.0556035 0.34958
4 0.994395 0.602783 0.00831171 0.0155304 0.343584
0 0.138245 0.652541 0.0139609 0.0355062 0.337771
1 0.749245 0.548012 0.0147983 0.0212122 0.314606
1 0.69597 0.540425 0.0158973 0.0291097 0.313916
7 0.858535 0.534542 0.00730048 0.0254924 0.243275
4 0.974044 0.606981 0.0144265 0.0148554 0.218109
4 0.932288 0.605693 0.0100803 0.0171482 0.21049
4 0.835043 0.613862 0.0212218 0.0192438 0.139048
1 0.92007 0.550344 0.0143635 0.0212898 0.130942
4 0.984926 0.602771 0.0141619 0.0166493 0.127144
1 0.684366 0.437655 0.0217341 0.0335699 0.126029
8 0.919073 0.612327 0.015235 0.0228542 0.117709
4 0.942655 0.601409 0.0112216 0.0222014 0.109149
1 0.930462 0.530461 0.0326129 0.0250071 0.101665
15 0.787838 0.601648 0.0634685 0.0301558 0.0991261
4 0.278004 0.666494 0.0960938 0.0834706 0.0940044
8 0.922095 0.61829 0.0193621 0.0265159 0.0865409
0 0.919073 0.612327 0.015235 0.0228542 0.0832786
1 0.726579 0.563727 0.0097489 0.0151466 0.0826066
0 0.918306 0.622288 0.0158658 0.0323768 0.0808432
3 0.918676 0.623833 0.0169213 0.029696 0.0683485
7 0.726579 0.563727 0.0097489 0.0151466 0.0677536
7 0.906502 0.536019 0.0104511 0.0178107 0.0676019
7 0.8597 0.531532 0.00706665 0.0293755 0.0667113
4 0.891691 0.600045 0.0114424 0.0147208 0.0635202
3 0.990035 0.735193 0.0185851 0.160829 0.0625976
0 0.937326 0.599003 0.0177776 0.0161006 0.0601007
4 0.937326 0.599003 0.0177776 0.0161006 0.0599432
1 0.858535 0.534542 0.00730048 0.0254924 0.0596577
2 0.732329 0.454716 0.0110541 0.0141873 0.0591313
4 0.919073 0.612327 0.015235 0.0228542 0.0584216
1 0.994983 0.547846 0.00758344 0.0138333 0.0567612
1 0.991849 0.570612 0.00949701 0.0184196 0.0566411
4 0.0175508 0.651802 0.034271 0.0532538 0.0552168
4 0.815148 0.60784 0.0174183 0.0143514 0.0520467
5 0.918306 0.622288 0.0158658 0.0323768 0.051993
1 0.988293 0.555603 0.0165101 0.0135515 0.0507248
1 0.985197 0.387134 0.021166 0.0379091 0.0494778
1 0.633792 0.569364 0.0117255 0.0107728 0.0465494
8 0.932288 0.605693 0.0100803 0.0171482 0.0454075
1 0.9674 0.526084 0.0452054 0.033024 0.0453286
4 0.253011 0.699675 0.0503351 0.0539259 0.0447432
1 0.930112 0.537029 0.0332981 0.0280926 0.0417861
4 0.310952 0.686841 0.0435674 0.0519531 0.0414957
1 0.972826 0.482863 0.0521595 0.0505156 0.0413588
1 0.91995 0.559988 0.0121636 0.0207432 0.0380404
4 0.9775 0.612134 0.0192596 0.0218436 0.0364296
4 0.994908 0.592104 0.00696533 0.0140772 0.0346429
4 0.765761 0.606983 0.0174676 0.0185137 0.033389
1 0.99558 0.542055 0.00857922 0.020086 0.0333744
13 0.953725 0.599737 0.0186672 0.0230494 0.0320854
2 0.980044 0.3761 0.0117311 0.0128333 0.0315469
4 0.99674 0.599902 0.00652057 0.0123477 0.0309621
0 0.942655 0.601409 0.0112216 0.0222014 0.0303695
7 0.877647 0.512979 0.00655182 0.0114225 0.0303602
1 0.93329 0.546264 0.0354821 0.0280372 0.0284368
4 0.943477 0.592837 0.00884979 0.0151113 0.0273675
7 0.862181 0.533774 0.0114371 0.0213984 0.0268981
4 0.0163235 0.666605 0.031708 0.0537956 0.0267275
1 0.749066 0.544586 0.0117169 0.0207226 0.0264984
4 0.995257 0.607777 0.00948596 0.0167773 0.0263539
4 0.995281 0.611327 0.00709961 0.0242986 0.0260007
0 0.137976 0.661281 0.0159969 0.052012 0.0244513
4 0.76145 0.609046 0.0162107 0.0181722 0.024445
4 0.843759 0.610283 0.0151878 0.0115098 0.0239016
4 0.972068 0.613793 0.013183 0.0204552 0.0238063
8 0.914087 0.622026 0.0188688 0.0289301 0.0233549
4 0.299579 0.641683 0.0435116 0.033533 0.0231331
2 0.79593 0.456605 0.00680945 0.012597 0.0230678
1 0.98688 0.549635 0.018981 0.0170923 0.0225392
1 0.964847 0.544744 0.0239926 0.0198702 0.0219902
6 0.800879 0.606704 0.0367543 0.0219279 0.0214181
4 0.918432 0.60404 0.0163463 0.0227434 0.0201949
1 0.984996 0.56288 0.0147762 0.0160242 0.0200754
8 0.937326 0.599003 0.0177776 0.0161006 0.0198674
0 0.995257 0.607777 0.00948596 0.0167773 0.0194635
4 0.669614 0.618232 0.0172504 0.0155317 0.0191232
1 0.994329 0.532721 0.0094187 0.0201101 0.0186764
4 0.922095 0.61829 0.0193621 0.0265159 0.018603
8 0.137055 0.652418 0.0151022 0.034977 0.0185185
4 0.264575 0.633992 0.0539767 0.0271179 0.0183287
5 0.919073 0.612327 0.015235 0.0228542 0.0181347
4 0.953725 0.599737 0.0186672 0.0230494 0.0180611
4 0.908949 0.603886 0.0106877 0.00829066 0.0177964
4 0.765864 0.615408 0.016355 0.017349 0.017668
0 0.932288 0.605693 0.0100803 0.0171482 0.0175045
7 0.876542 0.534297 0.00999872 0.0160425 0.0171577
8 0.908949 0.603886 0.0106877 0.00829066 0.0169934
0 0.918432 0.60404 0.0163463 0.0227434 0.016487
2 0.576796 0.338631 0.00845899 0.0180077 0.0164281
6 0.79077 0.601625 0.0604452 0.0306097 0.0163681
1 0.978911 0.41913 0.0384221 0.0897922 0.0159252
2 0.734134 0.45294 0.0130317 0.0176517 0.0156252
1 0.0537893 0.541868 0.0125883 0.0378575 0.0154807
4 0.820428 0.615346 0.010193 0.0156992 0.0153345
7 0.897953 0.536343 0.0119634 0.0173525 0.0153189
7 0.858698 0.518627 0.00766193 0.0180451 0.0151211
4 0.984766 0.595706 0.0118382 0.0211153 0.0150314
4 0.311474 0.652445 0.0166172 0.0273514 0.0147787
0 0.984926 0.602771 0.0141619 0.0166493 0.0145961
15 0.780723 0.607426 0.0321307 0.0176931 0.0145397
1 0.982245 0.388649 0.0132554 0.0269302 0.0145381
5 0.922095 0.61829 0.0193621 0.0265159 0.0144689
4 0.856365 0.606331 0.00835779 0.0129573 0.0144653
1 0.980044 0.3761 0.0117311 0.0128333 0.0137541
1 0.971246 0.565898 0.00870624 0.0156296 0.0134073
7 0.736152 0.453395 0.0169633 0.016247 0.0133116
7 0.732329 0.454716 0.0110541 0.0141873 0.0132794
4 0.1051 0.642585 0.0215859 0.022552 0.0130185
8 0.162868 0.659173 0.0178006 0.0499019 0.0129999
4 0.93175 0.594145 0.00820783 0.0184458 0.0129949
15 0.765761 0.606983 0.0174676 0.0185137 0.0129923
4 0.660904 0.616348 0.0235127 0.0187502 0.0129354
4 0.162118 0.655631 0.0173392 0.0428061 0.0126692
4 0.607319 0.618235 0.0163691 0.0225776 0.0123309
4 0.281234 0.687039 0.0972625 0.0610829 0.0120344
9 0.96731 0.709869 0.0191662 0.0889975 0.0119327
1 0.607319 0.618235 0.0163691 0.0225776 0.0119154
8 0.918432 0.60404 0.0163463 0.0227434 0.0115861
2 0.877647 0.512979 0.00655182 0.0114225 0.0113422
3 0.995257 0.607777 0.00948596 0.0167773 0.0111725
1 0.851626 0.536571 0.0128101 0.0217933 0.0110281
7 0.911348 0.528159 0.00570667 0.02089 0.0106377
17 0.953725 0.599737 0.0186672 0.0230494 0.0102771
15 0.795007 0.587848 0.0489851 0.0538712 0.0102639
12 0.805237 0.606262 0.0311881 0.019065 0.0101708
1 0.989567 0.478878 0.0168295 0.0411427 0.0100474
1 0.990446 0.509555 0.0158595 0.0157702 0.0100418
2 0.709681 0.412869 0.00733118 0.0131631 0.00958038
2 0.953271 0.367541 0.00761664 0.0155209 0.00957587
1 0.904642 0.540971 0.01593 0.0172081 0.00950454
12 0.79077 0.601625 0.0604452 0.0306097 0.00947548
13 0.942655 0.601409 0.0112216 0.0222014 0.009473
5 0.891691 0.600045 0.0114424 0.0147208 0.00938486
2 0.57762 0.391177 0.00685767 0.0145641 0.00935213
4 0.783905 0.616683 0.0136024 0.0162875 0.00924602
7 0.863723 0.514905 0.00861005 0.0143483 0.00920542
1 0.0498782 0.539718 0.0165285 0.0447877 0.00905037
4 0.792554 0.606484 0.0176317 0.0162859 0.00901031
4 0.758366 0.615565 0.0176475 0.0153477 0.0089948
0 0.908949 0.603886 0.0106877 0.00829066 0.00897091
4 0.780723 0.607426 0.0321307 0.0176931 0.00883269
0 0.608159 0.634036 0.0227522 0.0565909 0.00881566
4 0.918676 0.623833 0.0169213 0.029696 0.00876079
2 0.895073 0.512926 0.00638477 0.0108511 0.00870674
4 0.836244 0.604346 0.0185981 0.0196745 0.00867084
0 0.943477 0.592837 0.00884979 0.0151113 0.00864837
4 0.717818 0.585657 0.0131995 0.012418 0.00863972
7 0.723523 0.570317 0.0120321 0.020561 0.00861011
4 0.103054 0.656755 0.0299526 0.0269513 0.00856556
0 0.607319 0.618235 0.0163691 0.0225776 0.00854877
4 0.137167 0.652271 0.014308 0.0347037 0.00850286
1 0.994908 0.592104 0.00696533 0.0140772 0.00843979
4 0.885441 0.604239 0.0132372 0.00893215 0.00836245
6 0.994908 0.592104 0.00696533 0.0140772 0.00810742
0 0.93175 0.594145 0.00820783 0.0184458 0.0080698
1 0.957153 0.548861 0.0224168 0.028711 0.0080471
2 0.777561 0.480822 0.00755121 0.0166686 0.00802757
1 0.906502 0.536019 0.0104511 0.0178107 0.00802005
4 0.535962 0.660709 0.0164102 0.0365487 0.00801805
4 0.803672 0.615301 0.0149026 0.0171184 0.00792788
4 0.789548 0.617756 0.0113131 0.0179083 0.00784292
3 0.789548 0.617756 0.0113131 0.0179083 0.00783565
1 0.798434 0.569761 0.0303832 0.0182514 0.00779044
15 0.792554 0.606484 0.0176317 0.0162859 0.0077797
6 0.943477 0.592837 0.00884979 0.0151113 0.00774466
7 0.994983 0.547846 0.00758344 0.0138333 0.00770449
8 0.892899 0.599966 0.0153597 0.0180081 0.00768652
15 0.805237 0.606262 0.0311881 0.019065 0.00767522
2 0.382378 0.554927 0.00581351 0.0159166 0.00736044
0 0.994804 0.644089 0.00732031 0.0253057 0.00717398
4 0.997127 0.591318 0.00574646 0.0128477 0.00712321
8 0.535962 0.660709 0.0164102 0.0365487 0.00705723
7 0.777636 0.484035 0.0076684 0.0169535 0.0070454
0 0.792554 0.606484 0.0176317 0.0162859 0.00693635
7 0.895073 0.512926 0.00638477 0.0108511 0.00691061
8 0.789548 0.617756 0.0113131 0.0179083 0.00684009
4 0.0298345 0.669147 0.0594144 0.0737469 0.00677148
1 0.738274 0.555836 0.0133182 0.00985656 0.00676528
4 0.954664 0.59422 0.0166161 0.0178279 0.00670579
4 0.805237 0.606262 0.0311881 0.019065 0.00667231
4 0.615064 0.618876 0.0128665 0.0243466 0.0066121
1 0.168388 0.545319 0.0102393 0.0209626 0.00658014
4 0.741232 0.609189 0.0229412 0.0204315 0.00656646
15 0.994908 0.592104 0.00696533 0.0140772 0.00650606
8 0.936596 0.637099 0.017079 0.0407995 0.00645905
3 0.986705 0.698675 0.0233246 0.101968 0.00645113
4 0.668223 0.610989 0.0248241 0.0240078 0.00644707
7 0.92007 0.550344 0.0143635 0.0212898 0.0064082
15 0.954664 0.59422 0.0166161 0.0178279 0.00640782
4 0.71457 0.610954 0.0213487 0.0203889 0.00639386
1 0.978469 0.523526 0.037429 0.025991 0.0063732
0 0.892899 0.599966 0.0153597 0.0180081 0.00631991
1 0.936402 0.526435 0.0432158 0.0288698 0.00630014
0 0.922095 0.61829 0.0193621 0.0265159 0.00629885
14 0.918676 0.623833 0.0169213 0.029696 0.00629386
7 0.531761 0.544489 0.00599872 0.012823 0.00629353
6 0.954664 0.59422 0.0166161 0.0178279 0.00624844
8 0.532041 0.668413 0.0109142 0.0301005 0.00623401
4 0.855734 0.614532 0.00982568 0.0184172 0.00621746
7 0.84955 0.536165 0.0154266 0.0197287 0.00619481
1 0.881948 0.565304 0.00731287 0.0123818 0.00619456
4 0.618827 0.631379 0.0210745 0.0476251 0.00618598
0 0.789548 0.617756 0.0113131 0.0179083 0.00618115
4 0.533919 0.651443 0.0248816 0.0431958 0.00618097
8 0.11396 0.656872 0.02136 0.0237514 0.00614792
2 0.428765 0.555922 0.00569653 0.0160364 0.00610136
2 0.979933 0.369039 0.011583 0.0172931 0.00608227
17 0.954664 0.59422 0.0166161 0.0178279 0.00597545
4 0.900291 0.612775 0.0133049 0.0168388 0.00570848
2 0.116851 0.470834 0.007587 0.012591 0.00565812
4 0.673231 0.618424 0.022198 0.0203649 0.00565738
42 0.835404 0.609379 0.020795 0.0113113 0.00553455
1 0.927645 0.572712 0.00868359 0.0206101 0.00551258
1 0.920781 0.596687 0.0128839 0.0236378 0.00545581
0 0.615064 0.618876 0.0128665 0.0243466 0.00541786
9 0.933696 0.662681 0.0119521 0.0321279 0.00541622
12 0.780723 0.607426 0.0321307 0.0176931 0.00527389
1 0.930665 0.521758 0.0283102 0.0246931 0.00524109
13 0.954664 0.59422 0.0166161 0.0178279 0.00521272
12 0.765761 0.606983 0.0174676 0.0185137 0.00517507
25 0.798434 0.569761 0.0303832 0.0182514 0.00512264
8 0.942655 0.601409 0.0112216 0.0222014 0.0051025
3 0.937326 0.599003 0.0177776 0.0161006 0.00508042
4 0.971091 0.595977 0.0096908 0.0216406 0.0050751
2 0.415177 0.553854 0.00739566 0.0119619 0.00506379
1 0.8597 0.531532 0.00706665 0.0293755 0.00503626
2 0.408888 0.553837 0.00887622 0.0129233 0.0050303
1 0.93175 0.594145 0.00820783 0.0184458 0.00502634
0 0.94016 0.628536 0.0202676 0.0392988 0.00500545
4 0.920781 0.596687 0.0128839 0.0236378 0.00499881
0 0.953725 0.599737 0.0186672 0.0230494 0.00496629
0 0.545714 0.626545 0.0331902 0.0522504 0.00492421
1 0.723523 0.570317 0.0120321 0.020561 0.00490435
1 0.934897 0.55391 0.0281456 0.023288 0.00482758
22 0.918676 0.623833 0.0169213 0.029696 0.00482243
4 0.957534 0.606083 0.0330306 0.0321984 0.00481402
15 0.943477 0.592837 0.00884979 0.0151113 0.00479009
5 0.932288 0.605693 0.0100803 0.0171482 0.00476712
12 0.815148 0.60784 0.0174183 0.0143514 0.00475331
8 0.675834 0.639174 0.0125524 0.0257706 0.00475018
7 0.771012 0.450567 0.0203613 0.0212656 0.00474654
8 0.669531 0.637403 0.0241991 0.0293004 0.00473919
3 0.900291 0.612775 0.0133049 0.0168388 0.00473438
0 0.0462852 0.613112 0.0119213 0.0185459 0.0047237
2 0.953057 0.371615 0.00778308 0.0156308 0.00471042
6 0.942655 0.601409 0.0112216 0.0222014 0.00468098
1 0.744175 0.559075 0.0158423 0.0333476 0.00465029
4 0.608159 0.634036 0.0227522 0.0565909 0.0046501
4 0.623814 0.629424 0.0200931 0.0312369 0.00463955
1 0.682438 0.583653 0.00903113 0.0179886 0.00462055
1 0.81317 0.570318 0.0103055 0.0179659 0.00458536
2 0.167836 0.491372 0.00815773 0.0124275 0.00452211
4 0.868948 0.606328 0.0122806 0.00866759 0.00450028
2 0.993003 0.381765 0.0103912 0.0204193 0.00449759
4 0.649812 0.629484 0.0415834 0.0297926 0.00446145
1 0.892899 0.599966 0.0153597 0.0180081 0.0044492
25 0.787838 0.601648 0.0634685 0.0301558 0.00442982
4 0.544979 0.651944 0.0356019 0.0438084 0.0044168
4 0.83498 0.620262 0.0202943 0.0287137 0.00431344
4 0.233569 0.640934 0.0370697 0.033443 0.00430923
4 0.239556 0.687181 0.0815889 0.0573588 0.00424435
2 0.168388 0.545319 0.0102393 0.0209626 0.00415793
2 0.722755 0.456106 0.0115148 0.0113541 0.00408424
15 0.93175 0.594145 0.00820783 0.0184458 0.00402864
0 0.987021 0.697071 0.0227495 0.102023 0.00394637
7 0.81317 0.570318 0.0103055 0.0179659 0.00388357
3 0.918432 0.60404 0.0163463 0.0227434 0.00385072
2 0.835404 0.609379 0.020795 0.0113113 0.00384691
4 0.0766032 0.64128 0.0761854 0.0437889 0.00377152
8 0.253034 0.700656 0.0503848 0.0554475 0.00376872
7 0.727453 0.486922 0.00816657 0.0204443 0.00371731
0 0.980093 0.647457 0.0148843 0.0494702 0.00369161
4 0.713129 0.614982 0.0172549 0.0167574 0.00368206
7 0.83046 0.506217 0.0130797 0.025865 0.00366414
15 0.994395 0.602783 0.00831171 0.0155304 0.00366047
7 0.808486 0.529891 0.00853839 0.0154543 0.00363246
6 0.93175 0.594145 0.00820783 0.0184458 0.00358326
4 0.743471 0.615743 0.0234019 0.0151387 0.00356956
13 0.943477 0.592837 0.00884979 0.0151113 0.00355422
4 0.751024 0.611491 0.0177109 0.0134989 0.00355409
4 0.11396 0.656872 0.02136 0.0237514 0.00354446
15 0.64987 0.603143 0.0464767 0.0343672 0.0035359
8 0.516846 0.179619 0.124922 0.228705 0.00353243
15 0.953725 0.599737 0.0186672 0.0230494 0.00352235
7 0.98688 0.549635 0.018981 0.0170923 0.00345991
2 0.109241 0.473986 0.00730529 0.0108312 0.00344722
