4 0.222917 0.394115 0.443232 0.408182 0.954496
4 0.772445 0.461597 0.452017 0.488512 0.918742
23 0.418696 0.54604 0.0635459 0.251381 0.904689
4 0.0165535 0.32733 0.0298024 0.0743508 0.0252331
14 0.418812 0.55052 0.0633298 0.239759 0.00591408
22 0.418891 0.543861 0.0610504 0.254623 0.00548158
10 0.188489 0.16927 0.0110711 0.0328783 0.00368312
26 0.418891 0.543861 0.0610504 0.254623 0.00346374
8 0.418891 0.543861 0.0610504 0.254623 0.0025074
10 0.183236 0.168543 0.0172108 0.0323582 0.00241169
2 0.224225 0.392227 0.443497 0.408172 0.00227342
19 0.134044 0.179023 0.0393867 0.0379883 0.00198513
4 0.0112777 0.352089 0.0167089 0.0393901 0.00147399
19 0.138448 0.184953 0.0432422 0.0239934 0.00104681
