0 0.139694 0.649059 0.276686 0.694837 0.956164
42 0.799568 0.402603 0.151059 0.13132 0.930914
3 0.845495 0.65301 0.281048 0.295287 0.930787
0 0.844338 0.600837 0.123969 0.410315 0.895882
8 0.278687 0.666202 0.0933707 0.316352 0.865568
8 0.579187 0.664711 0.168763 0.33473 0.840519
0 0.344759 0.601095 0.0767667 0.296382 0.829548
42 0.338744 0.446651 0.101206 0.0605846 0.781388
42 0.264887 0.458075 0.0608265 0.0702365 0.680181
4 0.531671 0.397171 0.0513296 0.0276491 0.643753
4 0.411885 0.393922 0.0378233 0.0144314 0.475876
5 0.18825 0.497164 0.102915 0.132231 0.457021
0 0.298295 0.605923 0.0557906 0.295999 0.433182
4 0.479422 0.395825 0.0307314 0.0236072 0.431483
0 0.382898 0.526491 0.0287233 0.113911 0.35907
4 0.518636 0.396205 0.0334037 0.0247696 0.335222
13 0.581478 0.625479 0.0925503 0.120638 0.315837
8 0.383454 0.530169 0.0265586 0.11181 0.248955
2 0.393404 0.281512 0.0190089 0.013217 0.14827
14 0.179257 0.70194 0.0835798 0.317725 0.146863
1 0.383125 0.362136 0.0105228 0.0129542 0.139629
42 0.58114 0.566963 0.168491 0.144558 0.113324
4 0.494276 0.396591 0.0317615 0.022113 0.110473
5 0.188497 0.524564 0.0982214 0.0845501 0.0912689
4 0.411569 0.39823 0.0377289 0.0196858 0.0907787
2 0.401134 0.281656 0.00956921 0.0112758 0.0847125
20 0.804439 0.50771 0.0220514 0.0147528 0.0768955
0 0.798689 0.402878 0.150379 0.131664 0.0691381
42 0.374284 0.462485 0.0425262 0.0321033 0.0657275
4 0.457549 0.397176 0.0241262 0.0177828 0.0478207
8 0.448121 0.396443 0.0150622 0.0158166 0.0473084
0 0.333061 0.396047 0.00743353 0.0121614 0.0458065
4 0.425629 0.39624 0.0132832 0.0161157 0.043059
42 0.365606 0.457496 0.0552213 0.0424522 0.0412122
0 0.369673 0.405037 0.00999658 0.0164053 0.0397809
8 0.425629 0.39624 0.0132832 0.0161157 0.0396367
8 0.186951 0.497793 0.100563 0.132198 0.0382371
8 0.369673 0.405037 0.00999658 0.0164053 0.0371865
8 0.466422 0.397848 0.0118984 0.0203087 0.0356465
0 0.365648 0.405105 0.00860626 0.0154458 0.0338433
0 0.384722 0.405583 0.00835358 0.0137478 0.0335351
8 0.257058 0.425571 0.014081 0.0193826 0.0334232
14 0.436095 0.819631 0.247297 0.359629 0.0331711
4 0.400411 0.393607 0.0174794 0.0145983 0.0327082
4 0.476591 0.388674 0.0239532 0.018782 0.0325332
0 0.266998 0.45536 0.0584776 0.0662543 0.0320438
42 0.298281 0.452113 0.12132 0.0703084 0.0312546
1 0.928867 0.354202 0.0110349 0.0130224 0.030562
8 0.457549 0.397176 0.0241262 0.0177828 0.0299771
4 0.466422 0.397848 0.0118984 0.0203087 0.0283624
0 0.318146 0.391909 0.00791043 0.0137822 0.0279045
8 0.435432 0.818153 0.244978 0.363694 0.0269598
42 0.383125 0.362136 0.0105228 0.0129542 0.0264146
22 0.365648 0.405105 0.00860626 0.0154458 0.0240777
42 0.365648 0.405105 0.00860626 0.0154458 0.0235888
4 0.405757 0.388081 0.0222949 0.0177574 0.0222339
0 0.277651 0.629625 0.090441 0.341948 0.0220681
11 0.384288 0.524075 0.0270938 0.107933 0.0216738
0 0.257058 0.425571 0.014081 0.0193826 0.0213371
3 0.369673 0.405037 0.00999658 0.0164053 0.0213267
8 0.478392 0.396249 0.029727 0.0226449 0.0200333
6 0.188298 0.51905 0.102958 0.0862394 0.0194717
4 0.413011 0.389513 0.0361293 0.0206234 0.0171582
0 0.370562 0.387337 0.00930069 0.0185823 0.0170816
8 0.222324 0.540697 0.0292515 0.0510483 0.0169568
8 0.365648 0.405105 0.00860626 0.0154458 0.016855
8 0.400411 0.393607 0.0174794 0.0145983 0.0166511
4 0.551221 0.388354 0.0167214 0.0181405 0.0162163
8 0.258231 0.428913 0.0147179 0.0152412 0.0158952
3 0.425629 0.39624 0.0132832 0.0161157 0.0157528
0 0.383393 0.362744 0.00983423 0.0153841 0.0155889
8 0.384722 0.405583 0.00835358 0.0137478 0.015527
20 0.801452 0.51015 0.0278253 0.0173374 0.0153719
8 0.587972 0.663286 0.115237 0.214239 0.0150438
8 0.2006 0.436737 0.0225226 0.0151434 0.0149995
4 0.448121 0.396443 0.0150622 0.0158166 0.0143854
14 0.369673 0.405037 0.00999658 0.0164053 0.0138918
42 0.328461 0.440844 0.0497099 0.052064 0.0136572
42 0.386451 0.472025 0.0259212 0.0185916 0.0133423
8 0.318146 0.391909 0.00791043 0.0137822 0.01305
3 0.383454 0.530169 0.0265586 0.11181 0.0129712
4 0.309388 0.385793 0.00975946 0.0135245 0.0126144
42 0.383463 0.524563 0.0275897 0.110822 0.0124218
42 0.593913 0.553445 0.135747 0.10513 0.0124189
8 0.37853 0.405233 0.0122243 0.0165708 0.0122409
0 0.313587 0.385367 0.0126534 0.0124047 0.0118593
4 0.382593 0.525455 0.0291633 0.113678 0.0112189
42 0.337661 0.482366 0.0566192 0.0572035 0.0111901
8 0.198864 0.432774 0.0193957 0.0176607 0.0110982
0 0.258231 0.428913 0.0147179 0.0152412 0.0109682
14 0.383333 0.409652 0.00876666 0.0146583 0.0108016
4 0.375549 0.466997 0.0447468 0.0232846 0.0107906
0 0.466422 0.397848 0.0118984 0.0203087 0.0107786
0 0.333498 0.389293 0.00800626 0.0203269 0.00998329
14 0.333061 0.396047 0.00743353 0.0121614 0.00996361
3 0.448121 0.396443 0.0150622 0.0158166 0.00956338
0 0.328461 0.440844 0.0497099 0.052064 0.00923802
10 0.804439 0.50771 0.0220514 0.0147528 0.00914517
0 0.25221 0.396513 0.0106126 0.0171014 0.00891641
4 0.386451 0.472025 0.0259212 0.0185916 0.00863692
0 0.370311 0.519215 0.0247353 0.0908631 0.00855345
2 0.386451 0.472025 0.0259212 0.0185916 0.00851094
25 0.338744 0.446651 0.101206 0.0605846 0.008494
25 0.264409 0.458481 0.058518 0.0720236 0.0082969
27 0.753031 0.582375 0.0482809 0.0432133 0.00828181
13 0.386451 0.472025 0.0259212 0.0185916 0.00823449
5 0.412042 0.395935 0.0393037 0.0170963 0.00760456
3 0.257058 0.425571 0.014081 0.0193826 0.00759409
17 0.338418 0.480844 0.0532399 0.0557805 0.00749788
5 0.478392 0.396249 0.029727 0.0226449 0.00729268
8 0.333061 0.396047 0.00743353 0.0121614 0.00724878
4 0.339875 0.448632 0.101732 0.0611885 0.0070572
17 0.264409 0.458481 0.058518 0.0720236 0.00690704
4 0.58275 0.386186 0.0137904 0.0142559 0.00680814
8 0.586218 0.627756 0.0942915 0.14114 0.0066574
3 0.400411 0.393607 0.0174794 0.0145983 0.00650681
20 0.793116 0.528413 0.0207988 0.0303048 0.00648877
8 0.207325 0.540631 0.0570183 0.0515595 0.00648478
0 0.815149 0.464508 0.0319471 0.104218 0.00645134
8 0.386451 0.472025 0.0259212 0.0185916 0.00635152
42 0.282691 0.420895 0.0119933 0.0173544 0.00631171
17 0.581883 0.569456 0.169229 0.148222 0.00617761
4 0.485755 0.392725 0.040264 0.0277138 0.00598255
2 0.375549 0.466997 0.0447468 0.0232846 0.00594427
2 0.387443 0.284125 0.0137462 0.0124468 0.00593463
4 0.313587 0.385367 0.0126534 0.0124047 0.00592589
27 0.740903 0.568437 0.0209493 0.0275576 0.0057853
5 0.425629 0.39624 0.0132832 0.0161157 0.00571352
5 0.219823 0.493724 0.163195 0.131951 0.00559513
8 0.188497 0.524564 0.0982214 0.0845501 0.00558381
4 0.434394 0.398039 0.0112514 0.0201144 0.00554806
3 0.457549 0.397176 0.0241262 0.0177828 0.00553665
8 0.309836 0.390748 0.00901361 0.0158197 0.00545272
0 0.425629 0.39624 0.0132832 0.0161157 0.00543729
4 0.568362 0.385826 0.018047 0.013419 0.00532203
3 0.37853 0.405233 0.0122243 0.0165708 0.00511838
4 0.384722 0.405583 0.00835358 0.0137478 0.00509623
0 0.400411 0.393607 0.0174794 0.0145983 0.00508697
9 0.337459 0.538948 0.0369083 0.0775485 0.00507916
8 0.373387 0.465474 0.0486616 0.0312037 0.00507405
5 0.309576 0.489062 0.148193 0.126061 0.00506068
0 0.309836 0.390748 0.00901361 0.0158197 0.00505097
9 0.757644 0.581996 0.0503082 0.0645518 0.00499179
2 0.38915 0.286759 0.0138571 0.0183406 0.00495183
17 0.386451 0.472025 0.0259212 0.0185916 0.00495062
11 0.3763 0.526236 0.0339246 0.107746 0.00492398
0 0.309388 0.385793 0.00975946 0.0135245 0.00489378
4 0.514917 0.392139 0.0248081 0.0259181 0.00484538
0 0.177569 0.425168 0.0103415 0.0218727 0.00477794
0 0.478392 0.396249 0.029727 0.0226449 0.00475851
11 0.334866 0.538079 0.0463085 0.0813786 0.00474198
14 0.37853 0.405233 0.0122243 0.0165708 0.00467542
8 0.383333 0.409652 0.00876666 0.0146583 0.00464823
3 0.878289 0.691539 0.214559 0.217104 0.00464687
0 0.386451 0.472025 0.0259212 0.0185916 0.00462222
8 0.313587 0.385367 0.0126534 0.0124047 0.00456151
0 0.37853 0.405233 0.0122243 0.0165708 0.00448923
4 0.37853 0.405233 0.0122243 0.0165708 0.00447689
13 0.338418 0.480844 0.0532399 0.0557805 0.00442393
4 0.365606 0.457496 0.0552213 0.0424522 0.00437077
8 0.434394 0.398039 0.0112514 0.0201144 0.0043188
8 0.639567 0.412459 0.00765137 0.0138321 0.00426474
9 0.789647 0.558149 0.0239124 0.045491 0.00419303
14 0.384722 0.405583 0.00835358 0.0137478 0.00413968
3 0.384722 0.405583 0.00835358 0.0137478 0.00403219
8 0.360581 0.401649 0.0106315 0.0169086 0.00401415
0 0.360581 0.401649 0.0106315 0.0169086 0.00399573
0 0.383756 0.372463 0.009409 0.0240189 0.00397997
0 0.294677 0.499301 0.0421495 0.0722789 0.00389317
10 0.801452 0.51015 0.0278253 0.0173374 0.00387023
0 0.823878 0.464424 0.0472261 0.118108 0.00385562
4 0.551137 0.397421 0.0239931 0.0255884 0.00382676
17 0.334529 0.446459 0.0961968 0.0598948 0.0037535
0 0.338261 0.444838 0.10046 0.0580493 0.0037047
8 0.58275 0.386186 0.0137904 0.0142559 0.00370042
0 0.337661 0.482366 0.0566192 0.0572035 0.0036911
8 0.249158 0.423472 0.0129077 0.0201163 0.00368806
8 0.204903 0.458263 0.0146161 0.0183719 0.0036601
14 0.318146 0.391909 0.00791043 0.0137822 0.00355221
20 0.267167 0.877185 0.0291517 0.0173559 0.00353244
3 0.360581 0.401649 0.0106315 0.0169086 0.00344336
8 0.387327 0.407927 0.0133999 0.0190276 0.0034362
13 0.384288 0.524075 0.0270938 0.107933 0.003358
0 0.213799 0.39252 0.00989285 0.0141619 0.00334756
0 0.167584 0.171771 0.00949957 0.0202587 0.00332031
9 0.383454 0.530169 0.0265586 0.11181 0.00330743
4 0.563653 0.391075 0.0139129 0.0145346 0.00330113
0 0.586218 0.627756 0.0942915 0.14114 0.00329568
42 0.333061 0.396047 0.00743353 0.0121614 0.00329085
1 0.333061 0.396047 0.00743353 0.0121614 0.00328869
7 0.383393 0.362744 0.00983423 0.0153841 0.00325409
11 0.386451 0.472025 0.0259212 0.0185916 0.00324579
8 0.411569 0.39823 0.0377289 0.0196858 0.00323218
8 0.309388 0.385793 0.00975946 0.0135245 0.0032228
20 0.808194 0.509906 0.0228564 0.0221796 0.00321456
3 0.466422 0.397848 0.0118984 0.0203087 0.0031886
0 0.396865 0.388483 0.0109085 0.0193133 0.00309571
0 0.448121 0.396443 0.0150622 0.0158166 0.00302533
0 0.280022 0.480915 0.0682076 0.0430438 0.00299931
22 0.384722 0.405583 0.00835358 0.0137478 0.00292328
0 0.282691 0.420895 0.0119933 0.0173544 0.00291748
9 0.754328 0.590595 0.041881 0.0464796 0.00287946
2 0.3948 0.276713 0.0168865 0.0200455 0.00285251
25 0.799469 0.402822 0.151134 0.130912 0.00283515
20 0.791889 0.545592 0.0185474 0.0306971 0.00280928
8 0.204513 0.44523 0.0371165 0.0367107 0.00280571
18 0.436095 0.819631 0.247297 0.359629 0.00271598
42 0.344188 0.472388 0.0890637 0.0972419 0.0027128
4 0.309836 0.390748 0.00901361 0.0158197 0.00269873
0 0.296469 0.523352 0.0432388 0.1063 0.00269046
3 0.258231 0.428913 0.0147179 0.0152412 0.00268543
42 0.309388 0.385793 0.00975946 0.0135245 0.00265889
3 0.278948 0.659083 0.0935512 0.336977 0.00265522
8 0.365224 0.448196 0.0492369 0.0592621 0.00263765
8 0.249326 0.510175 0.0291382 0.037176 0.00263203
0 0.383333 0.409652 0.00876666 0.0146583 0.00257485
42 0.285067 0.477098 0.0560334 0.0360139 0.00256255
8 0.339875 0.448632 0.101732 0.0611885 0.00255145
17 0.837075 0.404623 0.0443969 0.0278716 0.00252173
9 0.783501 0.562357 0.0307286 0.0661677 0.00251663
20 0.799375 0.520612 0.0280793 0.037766 0.00250183
14 0.383463 0.524563 0.0275897 0.110822 0.00248042
42 0.476591 0.388674 0.0239532 0.018782 0.00246103
8 0.469169 0.405066 0.00823553 0.0237957 0.00245279
10 0.808194 0.509906 0.0228564 0.0221796 0.00245257
0 0.375549 0.466997 0.0447468 0.0232846 0.00241452
22 0.369673 0.405037 0.00999658 0.0164053 0.00241143
8 0.196268 0.425533 0.0132647 0.0229531 0.00240218
4 0.711537 0.38366 0.0175189 0.0112987 0.00239493
0 0.365606 0.457496 0.0552213 0.0424522 0.00237326
14 0.178274 0.619057 0.0798224 0.159506 0.0023613
8 0.190272 0.45056 0.0388204 0.0388902 0.00235319
0 0.336467 0.406003 0.0101752 0.0171756 0.00234786
11 0.370311 0.519215 0.0247353 0.0908631 0.00234618
42 0.338941 0.46832 0.07071 0.0510672 0.0023433
14 0.309836 0.390748 0.00901361 0.0158197 0.00233998
2 0.365606 0.457496 0.0552213 0.0424522 0.00233642
42 0.370311 0.519215 0.0247353 0.0908631 0.0023204
3 0.383333 0.409652 0.00876666 0.0146583 0.00231704
42 0.2715 0.482871 0.0746808 0.0687971 0.00230374
10 0.267167 0.877185 0.0291517 0.0173559 0.00228567
3 0.478392 0.396249 0.029727 0.0226449 0.00226368
42 0.318258 0.478616 0.0939049 0.045072 0.0022352
8 0.518636 0.396205 0.0334037 0.0247696 0.0022166
5 0.384722 0.405583 0.00835358 0.0137478 0.00220862
4 0.458431 0.391438 0.0247965 0.0248662 0.0021851
4 0.71386 0.390907 0.0191064 0.0149433 0.00213517
9 0.346219 0.540871 0.0566506 0.0847758 0.00213148
42 0.370562 0.387337 0.00930069 0.0185823 0.00212622
17 0.382898 0.526491 0.0287233 0.113911 0.00212326
17 0.804439 0.50771 0.0220514 0.0147528 0.00211061
8 0.485212 0.396202 0.0417212 0.0259715 0.00210836
22 0.257058 0.425571 0.014081 0.0193826 0.00208444
42 0.405757 0.388081 0.0222949 0.0177574 0.00207475
14 0.365648 0.405105 0.00860626 0.0154458 0.00206671
27 0.758507 0.584747 0.0505612 0.0603764 0.00205324
3 0.318146 0.391909 0.00791043 0.0137822 0.00203504
0 0.209733 0.396109 0.00971469 0.0107174 0.00202294
14 0.425629 0.39624 0.0132832 0.0161157 0.00201542
3 0.639685 0.412506 0.00850964 0.0136567 0.00200911
14 0.257058 0.425571 0.014081 0.0193826 0.00199787
8 0.199237 0.426255 0.0206989 0.0304591 0.00199181
0 0.196268 0.425533 0.0132647 0.0229531 0.00197397
0 0.27071 0.425442 0.0184062 0.0201072 0.00196558
4 0.333061 0.396047 0.00743353 0.0121614 0.00196377
9 0.295883 0.578337 0.0419795 0.177098 0.00195304
9 0.341262 0.481012 0.0476137 0.0549521 0.00194527
30 0.383125 0.362136 0.0105228 0.0129542 0.00193622
4 0.318146 0.391909 0.00791043 0.0137822 0.00193144
42 0.27071 0.425442 0.0184062 0.0201072 0.00193052
8 0.582622 0.390696 0.0124786 0.0148981 0.00192965
8 0.657283 0.412842 0.0090921 0.017043 0.00192735
8 0.177043 0.436184 0.0120426 0.0313727 0.00191498
9 0.337135 0.494678 0.0565964 0.066509 0.00191144
0 0.295883 0.578337 0.0419795 0.177098 0.00190993
8 0.373986 0.540336 0.0422846 0.126173 0.00190986
0 0.457549 0.397176 0.0241262 0.0177828 0.00190087
8 0.426324 0.405932 0.010357 0.0250731 0.00188139
42 0.313587 0.385367 0.0126534 0.0124047 0.00186054
0 0.414224 0.391853 0.0356728 0.0256223 0.00185743
25 0.374284 0.462485 0.0425262 0.0321033 0.00185277
5 0.485212 0.396202 0.0417212 0.0259715 0.00183676
17 0.826126 0.415981 0.0483514 0.0408441 0.0018261
5 0.457549 0.397176 0.0241262 0.0177828 0.0018243
11 0.37853 0.405233 0.0122243 0.0165708 0.00181611
14 0.258231 0.428913 0.0147179 0.0152412 0.00180757
3 0.387327 0.407927 0.0133999 0.0190276 0.00180465
22 0.142233 0.494608 0.00983855 0.0297667 0.00179286
42 0.301708 0.423552 0.024065 0.0171817 0.00176706
17 0.801452 0.51015 0.0278253 0.0173374 0.00176596
27 0.743272 0.583016 0.0298031 0.0525733 0.00175953
0 0.359043 0.38947 0.00905417 0.0209469 0.00175755
9 0.298922 0.521571 0.0391524 0.0759097 0.00175439
8 0.263324 0.461935 0.0560262 0.0606917 0.00173877
17 0.799464 0.402748 0.150822 0.131544 0.00173538
0 0.198864 0.432774 0.0193957 0.0176607 0.00171547
0 0.294288 0.479698 0.0351349 0.0360944 0.00171226
2 0.384288 0.524075 0.0270938 0.107933 0.00169877
22 0.254344 0.510784 0.0306209 0.0386608 0.00169856
0 0.2715 0.482871 0.0746808 0.0687971 0.00165698
