22 0.212165 0.603426 0.0435067 0.132417 0.897574
22 0.332937 0.572276 0.0357827 0.0990834 0.885817
22 0.384929 0.558803 0.0309231 0.0852719 0.872868
22 0.42716 0.544942 0.0276985 0.0815532 0.866364
4 0.0434731 0.472088 0.0863986 0.0971602 0.859509
22 0.461295 0.536321 0.0255927 0.0754148 0.844834
22 0.268075 0.58933 0.0406232 0.114718 0.826061
22 0.484833 0.532451 0.0216559 0.0688374 0.778234
0 0.363814 0.480735 0.0291664 0.164713 0.758595
0 0.556624 0.438728 0.0188426 0.0496328 0.450786
25 0.112024 0.394615 0.0640306 0.0495344 0.386355
0 0.426772 0.472053 0.0203269 0.14627 0.383919
22 0.0682654 0.519545 0.0229284 0.0677284 0.371174
0 0.633294 0.440845 0.00909052 0.037247 0.303559
1 0.0108305 0.402272 0.0199584 0.0425566 0.287969
0 0.401399 0.453677 0.0189905 0.111215 0.286534
0 0.605 0.446808 0.0137859 0.0336271 0.255837
0 0.653371 0.432821 0.00836102 0.0250848 0.237045
0 0.535244 0.45215 0.0139212 0.0316466 0.229614
0 0.42386 0.456111 0.019759 0.112822 0.217571
0 0.538746 0.452199 0.0168337 0.0281726 0.191341
0 0.56509 0.440899 0.00984052 0.0443403 0.169832
22 0.537303 0.519937 0.0200531 0.0552749 0.1688
1 0.0712592 0.386727 0.0115517 0.072728 0.153496
0 0.58727 0.443763 0.0118123 0.0308165 0.1499
0 0.586359 0.450216 0.0130203 0.0246173 0.140488
22 0.49355 0.517869 0.0144413 0.0453423 0.135516
22 0.250578 0.536701 0.020418 0.0358809 0.131152
0 0.570146 0.430874 0.00841473 0.0271574 0.128352
22 0.212207 0.518344 0.0138153 0.0349899 0.119197
0 0.601621 0.44784 0.0097124 0.0292504 0.117631
0 0.0996452 0.429976 0.0200993 0.0551987 0.114789
0 0.551032 0.445458 0.0101223 0.0398145 0.105476
0 0.0516965 0.441877 0.0109046 0.0321177 0.105308
0 0.63483 0.435843 0.00999237 0.0272992 0.101181
0 0.641024 0.4353 0.00764313 0.0213921 0.093993
4 0.0376543 0.439678 0.0746937 0.0374997 0.0904468
0 0.603998 0.454779 0.0120161 0.0245173 0.0862435
0 0.632904 0.430827 0.00847394 0.0258899 0.0852711
25 0.111602 0.412476 0.0647826 0.0839476 0.0842289
0 0.067963 0.518972 0.0222568 0.0672001 0.0830623
30 0.112742 0.397627 0.0625313 0.0536377 0.081288
0 0.609133 0.440662 0.00965411 0.0307167 0.0704998
0 0.53673 0.445786 0.0130214 0.0357758 0.0652714
22 0.253573 0.544955 0.0179554 0.0242809 0.0615549
0 0.528687 0.422388 0.00710754 0.0278185 0.0598796
5 0.605 0.446808 0.0137859 0.0336271 0.0592924
0 0.39868 0.447714 0.0116619 0.0997081 0.0567839
8 0.0690159 0.520467 0.0280531 0.065667 0.0492966
0 0.619572 0.438606 0.0128345 0.0163796 0.0491665
0 0.0994888 0.447587 0.0205396 0.0821325 0.0482754
0 0.120247 0.422312 0.0198662 0.0247674 0.0446195
22 0.268977 0.569698 0.0360072 0.0700341 0.0431666
25 0.0978392 0.427372 0.0240035 0.0483499 0.042823
0 0.644738 0.429863 0.00912561 0.0221211 0.0416031
0 0.579071 0.457982 0.011194 0.0393966 0.0407573
0 0.415873 0.448686 0.0131438 0.0942585 0.0400582
0 0.0465593 0.439283 0.0167281 0.0342633 0.0395891
22 0.211356 0.530546 0.0180889 0.0640964 0.0394604
0 0.594037 0.435873 0.00914478 0.0322231 0.0344712
22 0.35736 0.541037 0.0247809 0.0489982 0.0344461
0 0.438914 0.420119 0.0114861 0.0509239 0.0340511
0 0.1196 0.432066 0.0264236 0.0441214 0.0338102
4 0.632904 0.430827 0.00847394 0.0258899 0.0338076
8 0.603998 0.454779 0.0120161 0.0245173 0.0338014
0 0.564985 0.478913 0.00849988 0.0523572 0.0337323
0 0.608486 0.432937 0.0121301 0.0289357 0.0336254
8 0.633294 0.440845 0.00909052 0.037247 0.0320404
8 0.601621 0.44784 0.0097124 0.0292504 0.0318974
0 0.496888 0.490293 0.0112188 0.0707631 0.0317206
0 0.616752 0.429987 0.0086546 0.0239176 0.0310296
0 0.19301 0.476116 0.0209324 0.0767103 0.0297418
0 0.584673 0.430346 0.0124992 0.0316566 0.0293207
0 0.542851 0.432648 0.0115061 0.0381145 0.0288785
0 0.168285 0.443042 0.010148 0.0241819 0.02841
0 0.634209 0.454564 0.0100933 0.0285321 0.0279491
4 0.644738 0.429863 0.00912561 0.0221211 0.0279258
4 0.605 0.446808 0.0137859 0.0336271 0.0274964
0 0.412829 0.455047 0.0111984 0.105949 0.0273575
25 0.252153 0.485605 0.0151866 0.108177 0.0241288
8 0.634209 0.454564 0.0100933 0.0285321 0.0240599
17 0.426596 0.405793 0.0119691 0.0150742 0.0239424
4 0.589145 0.445814 0.0131852 0.0299814 0.0232845
4 0.586359 0.450216 0.0130203 0.0246173 0.0230432
2 0.180772 0.304421 0.00910434 0.0136648 0.0227102
4 0.0720228 0.509131 0.0298446 0.0675619 0.0226362
5 0.589145 0.445814 0.0131852 0.0299814 0.0223775
22 0.335482 0.544404 0.0311805 0.0556264 0.022316
4 0.619572 0.438606 0.0128345 0.0163796 0.0218517
0 0.457407 0.421557 0.00850839 0.0423075 0.0217523
0 0.564664 0.497071 0.00974695 0.0715973 0.021149
4 0.616752 0.429987 0.0086546 0.0239176 0.0206025
0 0.048722 0.434819 0.0110724 0.0289528 0.0201583
22 0.676442 0.536422 0.0144161 0.0552339 0.0194214
2 0.185653 0.302962 0.00757465 0.0118428 0.0186322
8 0.641024 0.4353 0.00764313 0.0213921 0.0184494
22 0.519936 0.487395 0.0133375 0.0494239 0.0180936
4 0.522546 0.443804 0.0124775 0.0175767 0.0164615
0 0.58918 0.45627 0.0132216 0.0209154 0.0163609
8 0.551032 0.445458 0.0101223 0.0398145 0.016145
0 0.536163 0.489415 0.0185827 0.0483526 0.016046
8 0.605 0.446808 0.0137859 0.0336271 0.0156032
8 0.538559 0.455934 0.0176146 0.0262451 0.0154934
1 0.638797 0.495476 0.0120298 0.0810855 0.0151226
0 0.42491 0.423464 0.016801 0.0484719 0.0148094
0 0.538755 0.481461 0.01689 0.0550732 0.0146713
4 0.0465593 0.439283 0.0167281 0.0342633 0.0146353
0 0.519936 0.487395 0.0133375 0.0494239 0.0143662
1 0.126928 0.43151 0.0203125 0.0455811 0.0143551
22 0.25019 0.52604 0.0163458 0.0605827 0.0143365
14 0.519936 0.487395 0.0133375 0.0494239 0.0143057
22 0.496832 0.493052 0.0104537 0.0689314 0.0140835
5 0.619572 0.438606 0.0128345 0.0163796 0.0138616
0 0.437802 0.430328 0.0131844 0.0338623 0.013358
8 0.653371 0.432821 0.00836102 0.0250848 0.013124
22 0.268714 0.543161 0.0190393 0.0248384 0.0130641
8 0.460944 0.537397 0.028293 0.0820142 0.0124829
0 0.186877 0.451036 0.0147854 0.0453164 0.0124435
5 0.586359 0.450216 0.0130203 0.0246173 0.0124274
25 0.1274 0.430342 0.0219397 0.0397206 0.0123975
0 0.426596 0.405793 0.0119691 0.0150742 0.0122055
8 0.58918 0.45627 0.0132216 0.0209154 0.0121204
13 0.426596 0.405793 0.0119691 0.0150742 0.012042
22 0.213318 0.549256 0.0175835 0.0481841 0.0119789
0 0.169837 0.458354 0.0102273 0.0542449 0.0118878
22 0.485159 0.506559 0.015243 0.0533693 0.0118092
5 0.603998 0.454779 0.0120161 0.0245173 0.0116499
0 0.126928 0.43151 0.0203125 0.0455811 0.0113691
18 0.399818 0.461357 0.0177213 0.0947822 0.0113564
8 0.538755 0.481461 0.01689 0.0550732 0.0113459
2 0.679145 0.438292 0.0100444 0.0138487 0.011222
4 0.501626 0.438859 0.0123756 0.0149558 0.0112073
5 0.536975 0.455183 0.0172714 0.0271744 0.0111738
4 0.536975 0.455183 0.0172714 0.0271744 0.0111135
5 0.503435 0.486013 0.0198744 0.0636635 0.0110259
25 0.400019 0.455779 0.0150198 0.116964 0.0108547
22 0.514229 0.491007 0.0164103 0.0484816 0.0108519
8 0.619572 0.438606 0.0128345 0.0163796 0.0105851
2 0.222324 0.404058 0.0088851 0.011554 0.0105423
1 0.426952 0.464421 0.0183324 0.132426 0.0104564
0 0.152278 0.441469 0.0237764 0.0242783 0.0101069
42 0.426596 0.405793 0.0119691 0.0150742 0.0101036
8 0.589145 0.445814 0.0131852 0.0299814 0.00995678
4 0.0297897 0.433498 0.0517485 0.0240416 0.00991064
8 0.638955 0.463243 0.0105265 0.0280771 0.00980492
1 0.252153 0.485605 0.0151866 0.108177 0.00970309
0 0.528282 0.410117 0.00714215 0.0209827 0.00963464
4 0.068422 0.483797 0.0388052 0.058272 0.00960625
22 0.500847 0.503443 0.0184759 0.0449549 0.00956593
5 0.527955 0.478939 0.0310165 0.0614029 0.00950199
22 0.388899 0.527649 0.0271345 0.044675 0.00942616
4 0.0516965 0.441877 0.0109046 0.0321177 0.00923327
14 0.503235 0.486135 0.0174288 0.0571706 0.00920142
22 0.19262 0.481894 0.020897 0.0637548 0.00915666
4 0.609133 0.440662 0.00965411 0.0307167 0.00895572
5 0.608486 0.432937 0.0121301 0.0289357 0.00887138
25 0.426772 0.472053 0.0203269 0.14627 0.00881188
0 0.638955 0.463243 0.0105265 0.0280771 0.0087924
1 0.400019 0.455779 0.0150198 0.116964 0.00873584
22 0.363247 0.480678 0.0300938 0.164626 0.0086672
22 0.249892 0.497847 0.018378 0.110507 0.00864521
0 0.519798 0.429306 0.00962311 0.0262348 0.00859424
4 0.496322 0.443437 0.00958139 0.0145789 0.00857208
0 0.0720228 0.509131 0.0298446 0.0675619 0.00852504
0 0.657617 0.430278 0.0104118 0.0241862 0.00845365
1 0.502315 0.425514 0.0106158 0.0312749 0.00834453
5 0.620039 0.45378 0.0230443 0.030845 0.0081509
0 0.496322 0.443437 0.00958139 0.0145789 0.00797044
7 0.528282 0.410117 0.00714215 0.0209827 0.00793676
4 0.58918 0.45627 0.0132216 0.0209154 0.00793449
5 0.58918 0.45627 0.0132216 0.0209154 0.00780428
0 0.648506 0.448268 0.0115679 0.0292231 0.00779823
7 0.653711 0.430371 0.00755115 0.0274672 0.00776791
8 0.0720228 0.509131 0.0298446 0.0675619 0.00769504
0 0.0726276 0.473372 0.0303578 0.0439021 0.00767841
5 0.197928 0.47152 0.034346 0.0911567 0.00767234
4 0.633294 0.440845 0.00909052 0.037247 0.00765894
22 0.178171 0.609843 0.0273041 0.146304 0.00764085
4 0.0835767 0.446476 0.0135766 0.0242456 0.00761248
0 0.0835767 0.446476 0.0135766 0.0242456 0.0075004
22 0.309635 0.544486 0.0208047 0.0259351 0.00742331
14 0.63698 0.494804 0.0116676 0.0757147 0.00738417
4 0.193275 0.475726 0.0204261 0.0812601 0.00729369
8 0.586359 0.450216 0.0130203 0.0246173 0.00712825
4 0.603998 0.454779 0.0120161 0.0245173 0.00705064
0 0.213486 0.516173 0.0135045 0.0373151 0.00703655
2 0.171669 0.305938 0.00735231 0.0132702 0.00702357
7 0.656206 0.406695 0.0065224 0.0353417 0.00702037
8 0.644738 0.429863 0.00912561 0.0221211 0.00699949
0 0.578153 0.48172 0.0121851 0.0584196 0.00692596
14 0.399818 0.461357 0.0177213 0.0947822 0.00688924
0 0.394185 0.456571 0.0259226 0.109799 0.00679992
25 0.42386 0.456111 0.019759 0.112822 0.00679231
8 0.579071 0.457982 0.011194 0.0393966 0.00678099
2 0.179557 0.298107 0.00972939 0.0188923 0.00674956
1 0.528282 0.410117 0.00714215 0.0209827 0.00672272
4 0.641024 0.4353 0.00764313 0.0213921 0.0066934
0 0.522546 0.443804 0.0124775 0.0175767 0.00666741
0 0.527955 0.478939 0.0310165 0.0614029 0.00660482
22 0.393948 0.503861 0.0292152 0.132683 0.00648377
0 0.511354 0.438004 0.00883478 0.0181784 0.00640015
7 0.528687 0.422388 0.00710754 0.0278185 0.00638913
1 0.0700175 0.398579 0.0146229 0.0681357 0.0062319
1 0.660202 0.497605 0.045745 0.0962867 0.00617331
8 0.536163 0.489415 0.0185827 0.0483526 0.0061438
22 0.40011 0.457748 0.018111 0.108431 0.00613829
0 0.364512 0.422647 0.0138519 0.0536313 0.00608444
0 0.17395 0.468677 0.0164304 0.0752562 0.00607788
2 0.11211 0.397815 0.0632179 0.0568708 0.00604448
0 0.0904663 0.489585 0.0116546 0.0366482 0.00602919
22 0.19048 0.602213 0.0356463 0.129938 0.0059847
4 0.66789 0.437533 0.030601 0.0175929 0.00597494
8 0.0838805 0.479357 0.0140655 0.0558226 0.00596942
18 0.519936 0.487395 0.0133375 0.0494239 0.00594341
7 0.426952 0.464421 0.0183324 0.132426 0.00594246
2 0.120186 0.280572 0.00889693 0.0167756 0.00593002
8 0.63483 0.435843 0.00999237 0.0272992 0.00590675
8 0.193275 0.475726 0.0204261 0.0812601 0.005878
8 0.632904 0.430827 0.00847394 0.0258899 0.00571389
22 0.464876 0.504969 0.0238245 0.0672165 0.00571118
13 0.0720228 0.509131 0.0298446 0.0675619 0.00567845
0 0.503235 0.486135 0.0174288 0.0571706 0.00567194
0 0.185347 0.473011 0.0146209 0.0733737 0.00563816
5 0.522546 0.443804 0.0124775 0.0175767 0.00562051
42 0.42491 0.423464 0.016801 0.0484719 0.00547406
18 0.250578 0.536701 0.020418 0.0358809 0.00545199
22 0.462068 0.520367 0.021999 0.0830926 0.00540997
2 0.195423 0.304094 0.00996123 0.0166038 0.00540782
0 0.461033 0.441732 0.0141603 0.0194511 0.00533882
22 0.294382 0.546503 0.0140886 0.0223543 0.00533768
17 0.42491 0.423464 0.016801 0.0484719 0.00532482
8 0.519936 0.487395 0.0133375 0.0494239 0.00532154
5 0.644738 0.429863 0.00912561 0.0221211 0.00532003
2 0.161508 0.345385 0.0065453 0.00860105 0.00523369
8 0.485086 0.524283 0.0430701 0.0867684 0.00522393
2 0.643951 0.233778 0.011075 0.0225146 0.00521686
2 0.426596 0.405793 0.0119691 0.0150742 0.00520024
0 0.56022 0.496901 0.0177977 0.072896 0.00519655
8 0.0904663 0.489585 0.0116546 0.0366482 0.00515619
0 0.557302 0.410364 0.0115547 0.0211316 0.00508199
8 0.620039 0.45378 0.0230443 0.030845 0.00504297
5 0.400128 0.453525 0.017746 0.112252 0.00503815
1 0.0512568 0.435451 0.0108058 0.0324932 0.00503263
2 0.120247 0.422312 0.0198662 0.0247674 0.00496934
1 0.195267 0.471992 0.0160944 0.0812788 0.00495364
4 0.608486 0.432937 0.0121301 0.0289357 0.0049441
25 0.556624 0.438728 0.0188426 0.0496328 0.00486552
25 0.120247 0.422312 0.0198662 0.0247674 0.00479159
2 0.650598 0.197636 0.0118132 0.0163503 0.00477344
0 0.154278 0.430446 0.0142787 0.018674 0.0047734
1 0.641571 0.397681 0.0123042 0.0205621 0.00474106
22 0.379445 0.538776 0.0301459 0.0549033 0.00473645
8 0.648506 0.448268 0.0115679 0.0292231 0.00472979
42 0.0978392 0.427372 0.0240035 0.0483499 0.00471343
2 0.0668605 0.00365172 0.00771516 0.00730343 0.00465257
5 0.516798 0.480866 0.048312 0.0638995 0.00464842
0 0.620039 0.45378 0.0230443 0.030845 0.00460494
25 0.535244 0.45215 0.0139212 0.0316466 0.00459807
5 0.496888 0.490293 0.0112188 0.0707631 0.00455167
0 0.501626 0.438859 0.0123756 0.0149558 0.00453869
5 0.633294 0.440845 0.00909052 0.037247 0.00453626
0 0.326529 0.481134 0.0157281 0.0470931 0.00451937
14 0.496888 0.490293 0.0112188 0.0707631 0.00451206
5 0.496322 0.443437 0.00958139 0.0145789 0.00450471
0 0.251347 0.490328 0.0173954 0.122818 0.0043957
3 0.603998 0.454779 0.0120161 0.0245173 0.00433429
0 0.484864 0.497853 0.0167444 0.0842522 0.00433312
5 0.188231 0.465416 0.0642001 0.0949063 0.00431815
4 0.185347 0.473011 0.0146209 0.0733737 0.00428774
8 0.527955 0.478939 0.0310165 0.0614029 0.00423388
8 0.0733045 0.487276 0.0317813 0.0472329 0.00422345
8 0.209968 0.484247 0.0179719 0.0941711 0.00419259
5 0.206459 0.476972 0.022361 0.0890372 0.00417289
8 0.0516965 0.441877 0.0109046 0.0321177 0.00416508
13 0.42491 0.423464 0.016801 0.0484719 0.00414113
5 0.634209 0.454564 0.0100933 0.0285321 0.00411801
4 0.0726276 0.473372 0.0303578 0.0439021 0.00407693
4 0.0635786 0.449435 0.0273484 0.0240891 0.00402413
14 0.564592 0.511643 0.012714 0.0509496 0.00401303
0 0.502315 0.425514 0.0106158 0.0312749 0.00399406
1 0.438716 0.419396 0.0117851 0.0467331 0.00398953
22 0.428014 0.465773 0.0231253 0.126648 0.00395014
1 0.496832 0.493052 0.0104537 0.0689314 0.00393797
4 0.601621 0.44784 0.0097124 0.0292504 0.00391499
4 0.048722 0.434819 0.0110724 0.0289528 0.0038751
22 0.503235 0.486135 0.0174288 0.0571706 0.00387237
4 0.63483 0.435843 0.00999237 0.0272992 0.00381165
4 0.527955 0.478939 0.0310165 0.0614029 0.00380511
4 0.594037 0.435873 0.00914478 0.0322231 0.00379083
2 0.195422 0.29584 0.0130359 0.0164551 0.00377648
2 0.1274 0.430342 0.0219397 0.0397206 0.00376752
5 0.609133 0.440662 0.00965411 0.0307167 0.0037606
17 0.0978392 0.427372 0.0240035 0.0483499 0.00371526
2 0.140021 0.42286 0.00990691 0.0197579 0.00368323
2 0.0978392 0.427372 0.0240035 0.0483499 0.00367946
22 0.357022 0.50013 0.0340732 0.12485 0.00367757
0 0.63698 0.494804 0.0116676 0.0757147 0.00363811
4 0.620039 0.45378 0.0230443 0.030845 0.00363534
8 0.497449 0.473654 0.0253319 0.0680739 0.00360973
18 0.514229 0.491007 0.0164103 0.0484816 0.00360479
