18 0.418673 0.729703 0.342361 0.540595 0.961253
19 0.637392 0.640094 0.725216 0.716701 0.925292
44 0.709474 0.595088 0.105568 0.0708621 0.866266
27 0.710011 0.568971 0.0645477 0.0902054 0.814367
19 0.0542067 0.257159 0.107032 0.288139 0.714288
49 0.692109 0.320895 0.246144 0.459782 0.682662
18 0.174578 0.201882 0.175415 0.353548 0.636329
44 0.756015 0.546398 0.102187 0.0768151 0.554787
49 0.602353 0.0993444 0.0809827 0.0637703 0.289389
19 0.0668025 0.0683599 0.115282 0.135779 0.185317
55 0.602542 0.0995124 0.0824179 0.0624224 0.182776
30 0.602389 0.0996526 0.0823615 0.0607855 0.131452
18 0.157937 0.250306 0.174751 0.249818 0.107391
18 0.0200119 0.0602045 0.0385042 0.120409 0.0812229
10 0.709174 0.56817 0.0649242 0.0918004 0.0447086
44 0.716922 0.566191 0.0840953 0.0867979 0.0444073
30 0.690817 0.309995 0.254964 0.474824 0.0366168
18 0.167193 0.076913 0.161834 0.149665 0.0289411
49 0.727929 0.420725 0.135026 0.315693 0.0281345
10 0.669565 0.548971 0.0190731 0.0370908 0.0254696
27 0.756015 0.546398 0.102187 0.0768151 0.0240841
49 0.788999 0.38772 0.0539948 0.309236 0.0230431
19 0.170068 0.484419 0.23229 0.339376 0.0225659
27 0.713751 0.593882 0.0957659 0.0632726 0.0217467
18 0.165786 0.13286 0.155663 0.261817 0.0188825
19 0.12349 0.254326 0.246244 0.277223 0.0132373
18 0.0740269 0.0679519 0.100739 0.132261 0.0127934
19 0.0200119 0.0602045 0.0385042 0.120409 0.0110942
18 0.710331 0.422428 0.176711 0.314403 0.0104764
49 0.771403 0.387749 0.0884572 0.313654 0.0104328
18 0.967869 0.526522 0.0606672 0.0406606 0.0092103
0 0.0176044 0.0611925 0.0343665 0.122076 0.00708855
10 0.715753 0.513289 0.020714 0.0230298 0.00704398
19 0.185564 0.191384 0.153803 0.373872 0.00574555
19 0.0197073 0.276696 0.0374801 0.270176 0.00518854
18 0.181842 0.0516801 0.0999389 0.100012 0.00498637
33 0.715753 0.513289 0.020714 0.0230298 0.00494383
18 0.129773 0.0440398 0.0367578 0.0858096 0.00465805
31 0.60263 0.102172 0.0827986 0.065435 0.00436895
10 0.685388 0.537135 0.0639264 0.0557012 0.00366818
18 0.137634 0.0427215 0.0278256 0.0820077 0.00347053
33 0.75632 0.547836 0.100183 0.0770896 0.00337999
18 0.0174554 0.35379 0.0338485 0.116655 0.00320835
43 0.417559 0.729391 0.341313 0.541219 0.00316643
18 0.878825 0.5318 0.24235 0.277106 0.00290829
33 0.669565 0.548971 0.0190731 0.0370908 0.00287937
18 0.195985 0.0464899 0.0483362 0.0842137 0.00234681
10 0.698555 0.541051 0.0634893 0.0482309 0.00230699
49 0.743153 0.331787 0.147435 0.425519 0.00206426
33 0.685388 0.537135 0.0639264 0.0557012 0.00198938
44 0.726099 0.543904 0.171002 0.0736554 0.00197809
55 0.795603 0.395539 0.0391047 0.318097 0.00194598
18 0.0374127 0.0667353 0.0567683 0.127482 0.00190628
18 0.0176743 0.280256 0.0332648 0.263682 0.00186849
19 0.187432 0.350855 0.263869 0.606813 0.00186642
44 0.725628 0.494933 0.164368 0.184091 0.0018104
0 0.178846 0.166498 0.136656 0.328245 0.00178497
18 0.176313 0.103174 0.104711 0.204486 0.00176689
18 0.963121 0.58118 0.0714216 0.15382 0.00170118
45 0.710011 0.568971 0.0645477 0.0902054 0.00169427
43 0.167193 0.076913 0.161834 0.149665 0.00168354
10 0.721681 0.515741 0.0343907 0.0428229 0.00159549
43 0.161608 0.251957 0.181945 0.252072 0.00159162
52 0.0535558 0.155987 0.0232732 0.0305351 0.00157178
19 0.0029106 0.225412 0.00582119 0.308472 0.00156889
53 0.190815 0.242499 0.144789 0.137217 0.00156659
44 0.750111 0.528517 0.0899069 0.0711321 0.00152638
19 0.170125 0.0754555 0.168361 0.145743 0.00147851
44 0.721681 0.515741 0.0343907 0.0428229 0.00142786
27 0.709481 0.54809 0.0616519 0.0792098 0.00142543
10 0.802194 0.396353 0.0443524 0.30607 0.00138991
44 0.685388 0.537135 0.0639264 0.0557012 0.00137796
49 0.69356 0.414343 0.146825 0.298985 0.00133151
49 0.802194 0.396353 0.0443524 0.30607 0.00129835
19 0.165786 0.13286 0.155663 0.261817 0.00128061
53 0.211713 0.266663 0.105224 0.13875 0.00127056
18 0.198126 0.22867 0.130211 0.182388 0.0012318
18 0.0172737 0.214431 0.0345183 0.191997 0.00118633
44 0.669653 0.549866 0.0195735 0.0399028 0.00118154
44 0.673778 0.521176 0.0955256 0.0329393 0.00116625
44 0.660888 0.525915 0.069641 0.0278175 0.00115352
19 0.692255 0.31148 0.255597 0.467532 0.00112508
0 0.208784 0.04672 0.075279 0.0860173 0.00111932
18 0.211713 0.266663 0.105224 0.13875 0.0011157
44 0.723841 0.5907 0.0750593 0.0492195 0.00110266
53 0.184324 0.0492187 0.118565 0.094993 0.00108866
33 0.645276 0.526121 0.0385364 0.0220959 0.00105959
39 0.602705 0.0987449 0.0824603 0.0606711 0.00105555
18 0.146825 0.0429816 0.039007 0.0834952 0.001029
10 0.692255 0.31148 0.255597 0.467532 0.00101639
43 0.166984 0.164796 0.162644 0.32573 0.00100715
18 0.159302 0.0433625 0.0605639 0.0831578 0.00100203
