49 0.400321 0.488485 0.0393085 0.0669971 0.707075
30 0.376198 0.407841 0.0332542 0.0189653 0.526594
30 0.280557 0.409819 0.0179981 0.0257004 0.52624
49 0.920482 0.612538 0.109709 0.417266 0.512536
30 0.475154 0.526946 0.0593159 0.099839 0.475173
30 0.455131 0.266722 0.123315 0.0948979 0.467838
30 0.17898 0.437359 0.0576065 0.0594107 0.464458
30 0.454843 0.194709 0.125846 0.235968 0.433605
30 0.309229 0.498289 0.0536736 0.16244 0.378205
49 0.655854 0.642432 0.149305 0.490837 0.350176
49 0.422231 0.430608 0.0362078 0.0424456 0.324834
30 0.350419 0.440136 0.037127 0.0213641 0.265988
49 0.309566 0.4983 0.0544785 0.164258 0.258608
30 0.325987 0.410522 0.0148434 0.0203577 0.245735
30 0.925121 0.622813 0.101194 0.419673 0.193235
30 0.421762 0.430699 0.0358192 0.041529 0.180304
30 0.767935 0.507375 0.0851135 0.126342 0.17501
49 0.773879 0.471571 0.130241 0.175007 0.168835
30 0.775372 0.472354 0.139265 0.172062 0.151609
30 0.957079 0.458485 0.0426705 0.0279736 0.137381
30 0.939939 0.109061 0.0169507 0.0212117 0.128452
30 0.238297 0.431695 0.0285196 0.0319047 0.126029
30 0.191687 0.525396 0.068002 0.133959 0.110877
30 0.654864 0.508575 0.059907 0.0990383 0.102002
30 0.318096 0.442417 0.0346738 0.056787 0.100674
30 0.916994 0.410398 0.0151491 0.0135554 0.0982686
49 0.407851 0.516164 0.0500134 0.120802 0.0935332
30 0.950518 0.503939 0.0488203 0.0826227 0.0793552
30 0.844835 0.421554 0.0257181 0.020246 0.076887
49 0.239182 0.432029 0.030147 0.031333 0.0733242
49 0.321299 0.713684 0.124629 0.547108 0.06759
30 0.939418 0.502308 0.074774 0.141281 0.0665181
30 0.950468 0.517376 0.0394731 0.0508864 0.0648585
49 0.352026 0.441597 0.0347586 0.0243402 0.054765
30 0.893421 0.47766 0.0704276 0.137548 0.0538822
30 0.824336 0.476697 0.0705758 0.154628 0.0529415
30 0.95421 0.439726 0.0494111 0.0643235 0.0524456
49 0.318367 0.442925 0.0325858 0.0564924 0.0517574
30 0.326916 0.504563 0.080839 0.152112 0.0454054
30 0.656096 0.640466 0.144004 0.501036 0.0442619
49 0.339428 0.503276 0.0601561 0.140743 0.0364935
49 0.399472 0.475444 0.0377102 0.0422236 0.0358937
49 0.194222 0.521915 0.0694289 0.13553 0.0335303
49 0.530785 0.428355 0.0377624 0.0402091 0.0326342
30 0.400145 0.494828 0.0393987 0.0798899 0.0323518
49 0.476557 0.669494 0.101629 0.381145 0.0317002
30 0.473829 0.430079 0.0285438 0.0399154 0.0299561
49 0.179881 0.439326 0.0598918 0.0584761 0.0270487
30 0.330086 0.411561 0.0261868 0.0243497 0.0263459
49 0.454994 0.194194 0.124927 0.237445 0.0241692
49 0.893421 0.47766 0.0704276 0.137548 0.0216914
49 0.418891 0.54085 0.0387528 0.0757157 0.0211604
49 0.474903 0.526879 0.0595407 0.10163 0.0193663
49 0.829021 0.483123 0.0609296 0.143764 0.0177852
49 0.746004 0.664703 0.159643 0.452546 0.0174958
49 0.694138 0.662754 0.0888299 0.433293 0.016824
30 0.955497 0.179891 0.0211842 0.0136876 0.0162011
30 0.952947 0.463935 0.0503724 0.0924801 0.0160781
30 0.304993 0.414089 0.02239 0.0419155 0.0158054
30 0.350066 0.426051 0.0364879 0.0412979 0.0153659
30 0.808586 0.476846 0.0636873 0.148902 0.0145581
49 0.210893 0.500535 0.0806215 0.11652 0.0139539
49 0.281322 0.409643 0.0172767 0.0242078 0.0133041
30 0.300002 0.433412 0.0321382 0.0382866 0.01279
30 0.654087 0.647642 0.0654118 0.377863 0.0119481
30 0.308742 0.376919 0.0102975 0.0172141 0.01182
30 0.474371 0.672516 0.0945306 0.37525 0.0115746
30 0.84515 0.428373 0.0271414 0.0338404 0.0114536
30 0.9464 0.406305 0.0656343 0.127623 0.0109393
30 0.334345 0.511771 0.0515918 0.137699 0.0108066
49 0.531068 0.453809 0.0388919 0.0888825 0.0106205
30 0.470395 0.492143 0.0131006 0.0147111 0.010503
49 0.473787 0.429902 0.0293709 0.0397996 0.0103931
30 0.490758 0.524587 0.0621037 0.0999623 0.0102834
30 0.30528 0.424137 0.029273 0.0555846 0.0102009
30 0.767472 0.41114 0.0112134 0.0195154 0.00993333
49 0.325987 0.410522 0.0148434 0.0203577 0.00977739
30 0.333701 0.412407 0.0277814 0.0408613 0.00969305
49 0.767717 0.508808 0.0838192 0.125714 0.0094137
49 0.375009 0.409332 0.0305739 0.0199312 0.00912808
49 0.950518 0.503939 0.0488203 0.0826227 0.00896466
30 0.435969 0.554181 0.0266971 0.0494132 0.00888641
30 0.530785 0.428355 0.0377624 0.0402091 0.00865926
30 0.730253 0.440031 0.0642646 0.0697012 0.00850633
49 0.435969 0.554181 0.0266971 0.0494132 0.00850159
30 0.141431 0.602026 0.0862531 0.266388 0.00837182
49 0.480471 0.510905 0.0863745 0.115524 0.00810471
30 0.986696 0.178618 0.0237982 0.0219556 0.00804029
30 0.399472 0.475444 0.0377102 0.0422236 0.00789854
30 0.207021 0.515683 0.0861828 0.140386 0.00777452
30 0.981701 0.499301 0.0338621 0.0920711 0.00774777
49 0.392187 0.714372 0.244795 0.518746 0.00759005
30 0.170956 0.572586 0.106653 0.234519 0.00757537
30 0.503363 0.528704 0.0380543 0.091869 0.00721818
30 0.615499 0.386332 0.0158188 0.0154558 0.00706928
30 0.200418 0.436544 0.0975715 0.0565676 0.00689137
30 0.301376 0.407427 0.020573 0.0324641 0.00676118
30 0.552775 0.39949 0.035623 0.0382691 0.00651903
30 0.287236 0.390463 0.0356405 0.0308906 0.0063297
30 0.186402 0.455445 0.0551908 0.0504875 0.00628535
30 0.528505 0.00756131 0.0531848 0.0117065 0.00618224
30 0.445864 0.399392 0.0338337 0.0367841 0.00613274
30 0.286463 0.432324 0.0225653 0.0407446 0.00601475
49 0.297475 0.43641 0.0369628 0.035648 0.00600379
30 0.366554 0.386552 0.0492507 0.0202 0.0059819
30 0.371968 0.342979 0.0314914 0.0213213 0.00597351
30 0.917891 0.494465 0.0523664 0.107349 0.00592276
49 0.810936 0.658062 0.206361 0.420501 0.00570815
49 0.348041 0.476149 0.0305045 0.0898567 0.00554705
30 0.954237 0.410139 0.0785725 0.174403 0.00554331
30 0.341803 0.379386 0.0148056 0.012857 0.00519487
49 0.654864 0.508575 0.059907 0.0990383 0.00509003
49 0.263817 0.483601 0.0453677 0.125956 0.00498635
49 0.812266 0.474809 0.0891829 0.159052 0.00495179
30 0.963534 0.533074 0.0170349 0.0309065 0.0048397
30 0.955923 0.183841 0.0228036 0.0167699 0.00477893
49 0.409288 0.516158 0.208878 0.110621 0.00477183
49 0.200418 0.436544 0.0975715 0.0565676 0.00473764
49 0.352426 0.429368 0.0332167 0.0343288 0.00455223
49 0.939418 0.502308 0.074774 0.141281 0.00454047
49 0.454861 0.266643 0.122027 0.09537 0.00453708
49 0.53313 0.487359 0.0414334 0.0883249 0.00451059
30 0.263817 0.483601 0.0453677 0.125956 0.00451013
49 0.413978 0.480312 0.021888 0.0566992 0.00438752
49 0.330086 0.411561 0.0261868 0.0243497 0.00438404
30 0.3127 0.451783 0.0464177 0.0707367 0.00434514
30 0.97862 0.401354 0.0427598 0.463382 0.00431992
30 0.910288 0.479875 0.0611007 0.140777 0.00431636
30 0.293152 0.506554 0.0443175 0.121837 0.00414906
49 0.952243 0.445644 0.0509884 0.0554795 0.00406186
30 0.780239 0.455365 0.116432 0.117801 0.00405103
30 0.328471 0.398012 0.0327902 0.0450887 0.00403725
30 0.186591 0.405159 0.0387091 0.021054 0.00396572
0 0.310353 0.497983 0.0540613 0.169088 0.00395517
30 0.324102 0.715258 0.122546 0.538817 0.00395435
30 0.184608 0.497947 0.0728988 0.165733 0.00376059
30 0.942522 0.491966 0.0542276 0.113019 0.00360565
30 0.924782 0.591662 0.0682051 0.412324 0.00359494
49 0.416202 0.467973 0.0279292 0.0846654 0.00357891
30 0.844022 0.476795 0.0311096 0.132654 0.00356345
49 0.464466 0.49178 0.105091 0.102162 0.00341219
30 0.301096 0.498377 0.0360721 0.143377 0.00339305
30 0.355305 0.40933 0.0225376 0.0253253 0.00329367
30 0.962212 0.488833 0.0723981 0.109016 0.00321893
30 0.3632 0.353534 0.0478969 0.0308924 0.00321819
49 0.527672 0.465024 0.0391753 0.0575167 0.00317705
30 0.81197 0.437304 0.056468 0.0941147 0.00311164
30 0.517666 0.510271 0.0625248 0.12674 0.00307846
49 0.30528 0.424137 0.029273 0.0555846 0.00301447
30 0.185907 0.48819 0.071005 0.101007 0.00301253
30 0.758355 0.442182 0.0937305 0.0764192 0.00294323
7 0.310353 0.497983 0.0540613 0.169088 0.00291203
30 0.139791 0.536413 0.0850666 0.205511 0.0028349
49 0.815609 0.525389 0.185985 0.264132 0.00280136
49 0.608135 0.48136 0.471079 0.182557 0.00271596
30 0.348041 0.476149 0.0305045 0.0898567 0.00271157
49 0.950468 0.517376 0.0394731 0.0508864 0.00269182
30 0.368923 0.395489 0.045499 0.0371298 0.00269032
30 0.923233 0.414479 0.0239716 0.0277867 0.00265996
30 0.819748 0.464419 0.0520627 0.111369 0.00265525
30 0.837658 0.482472 0.047941 0.141258 0.00265431
49 0.37913 0.45532 0.040371 0.100619 0.00263654
30 0.504654 0.551296 0.0325693 0.0483643 0.00262351
30 0.299494 0.378786 0.0272571 0.017037 0.00257745
30 0.425581 0.543895 0.0268091 0.068653 0.00248323
30 0.782351 0.0029299 0.435298 0.0058598 0.00244685
30 0.358411 0.376108 0.0419977 0.0193959 0.00243279
49 0.952947 0.463935 0.0503724 0.0924801 0.00240154
30 0.208285 0.559413 0.0155039 0.0323756 0.0023828
30 0.342692 0.492 0.0531279 0.132848 0.00234466
30 0.144748 0.610305 0.0361968 0.239745 0.00229079
30 0.76572 0.460371 0.0837397 0.0820706 0.00225835
30 0.839903 0.418057 0.0339227 0.0277106 0.0021554
30 0.4974 0.547948 0.0447791 0.056168 0.00215113
30 0.313821 0.379614 0.0204499 0.0181925 0.00213254
49 0.286463 0.432324 0.0225653 0.0407446 0.00207712
25 0.476028 0.527486 0.0570855 0.0977043 0.00207603
49 0.3127 0.451783 0.0464177 0.0707367 0.00207234
30 0.26964 0.492926 0.134259 0.151838 0.00204632
49 0.375333 0.437689 0.0364812 0.0742255 0.00204484
30 0.970682 0.430667 0.0556608 0.223828 0.00193093
30 0.848745 0.491947 0.0212786 0.0866772 0.00192481
30 0.956757 0.358719 0.0844658 0.373864 0.00191831
2 0.768343 0.507135 0.084451 0.120597 0.0018883
2 0.238297 0.431695 0.0285196 0.0319047 0.00183343
30 0.283156 0.49921 0.0272651 0.117132 0.00183278
30 0.268965 0.436189 0.0283729 0.03371 0.00181604
49 0.336465 0.417985 0.0239651 0.0407482 0.00181478
30 0.808017 0.410192 0.046246 0.0306184 0.00178031
30 0.363985 0.362792 0.0492673 0.0444284 0.00173309
30 0.987231 0.684604 0.0255382 0.292428 0.00171534
30 0.375333 0.437689 0.0364812 0.0742255 0.00168825
25 0.310353 0.497983 0.0540613 0.169088 0.00168587
2 0.325987 0.410522 0.0148434 0.0203577 0.00168339
30 0.88865 0.473368 0.0390459 0.120911 0.00167857
30 0.462164 0.0014772 0.342489 0.00295439 0.0016614
30 0.626042 0.598123 0.110726 0.507774 0.00163071
30 0.208949 0.552511 0.0176449 0.0268257 0.00161033
30 0.20741 0.486208 0.0762082 0.0732959 0.00161023
30 0.945895 0.450986 0.0479985 0.0345203 0.00157438
49 0.239024 0.443957 0.0316056 0.0562611 0.001569
49 0.261469 0.696895 0.222634 0.582428 0.00156562
30 0.287211 0.446804 0.0235255 0.0552607 0.00155933
30 0.42645 0.425394 0.0493105 0.0540561 0.00151514
30 0.24746 0.432233 0.0387351 0.0304163 0.001493
30 0.155697 0.513943 0.106129 0.238345 0.00147029
30 0.421147 0.535249 0.0349666 0.0543107 0.00146709
49 0.421914 0.446451 0.0360455 0.0738705 0.00144761
49 0.293152 0.506554 0.0443175 0.121837 0.00142192
2 0.594863 0.33714 0.00904614 0.0110083 0.00141938
49 0.186402 0.455445 0.0551908 0.0504875 0.00141263
30 0.27595 0.511504 0.0768359 0.130576 0.00141104
49 0.981701 0.499301 0.0338621 0.0920711 0.00138849
30 0.767401 0.380975 0.012037 0.0161616 0.00138836
30 0.174861 0.472763 0.0513971 0.0862672 0.0013856
30 0.399462 0.513292 0.0459715 0.130262 0.0013807
30 0.319803 0.458258 0.0313947 0.0847561 0.00137348
30 0.799208 0.42291 0.073941 0.0637856 0.00134276
30 0.420007 0.282055 0.0520354 0.0603734 0.00132685
49 0.184608 0.497947 0.0728988 0.165733 0.00132605
30 0.514785 0.00772444 0.0278803 0.0120779 0.00130395
30 0.160248 0.540573 0.0463451 0.109284 0.00128216
2 0.917536 0.409407 0.0178588 0.0128822 0.00127536
49 0.283156 0.49921 0.0272651 0.117132 0.00127134
19 0.939362 0.968287 0.116394 0.0619833 0.00126162
10 0.238297 0.431695 0.0285196 0.0319047 0.0012461
17 0.654337 0.509259 0.0613831 0.0971377 0.00124248
49 0.588954 0.681623 0.324208 0.559363 0.00123619
30 0.913645 0.406745 0.0236306 0.0193085 0.00123592
49 0.427784 0.548084 0.0344166 0.0605988 0.00123019
30 0.958243 0.606208 0.083515 0.439708 0.00122517
49 0.508312 0.670367 0.148971 0.380084 0.00120573
49 0.398414 0.511938 0.0434169 0.107468 0.00119701
30 0.171942 0.526102 0.0406778 0.0972892 0.00117991
7 0.238297 0.431695 0.0285196 0.0319047 0.00116292
30 0.463767 0.516947 0.0511989 0.100736 0.00114488
49 0.287211 0.446804 0.0235255 0.0552607 0.00113701
49 0.917536 0.409407 0.0178588 0.0128822 0.00113523
49 0.44535 0.405517 0.0317839 0.0412402 0.00113295
49 0.509519 0.504664 0.0756312 0.132336 0.00112363
30 0.35905 0.363244 0.0423795 0.0323563 0.00111964
55 0.350419 0.440136 0.037127 0.0213641 0.00111337
56 0.351565 0.438326 0.0339499 0.0200701 0.00110344
49 0.962212 0.488833 0.0723981 0.109016 0.00109381
30 0.967618 0.176308 0.041959 0.0238232 0.00108855
49 0.924782 0.591662 0.0682051 0.412324 0.00108127
30 0.215281 0.547659 0.0255072 0.0392587 0.00107467
30 0.193319 0.549488 0.0964544 0.208377 0.00106909
30 0.588565 0.416681 0.033978 0.0640239 0.00106509
30 0.732866 0.472736 0.209478 0.175123 0.00105869
49 0.775952 0.590087 0.193614 0.41664 0.00104335
30 0.209426 0.51918 0.123145 0.182779 0.00103741
0 0.654423 0.51004 0.0614736 0.0977011 0.00101023
