4 0.702201 0.766398 0.326614 0.321942 0.944855
1 0.751913 0.572136 0.0963085 0.0933472 0.917302
4 0.30652 0.646705 0.0522415 0.0684429 0.901723
4 0.423673 0.657655 0.0606193 0.0641467 0.879979
4 0.378668 0.637633 0.0281219 0.0447924 0.775572
4 0.342939 0.644984 0.0188538 0.0218545 0.688729
6 0.16795 0.599307 0.0393427 0.0184928 0.459886
6 0.17583 0.616477 0.0574605 0.0537982 0.328235
6 0.163296 0.611779 0.0766585 0.0426065 0.0749541
4 0.330822 0.641807 0.00943036 0.0326054 0.0717867
6 0.16156 0.622166 0.0882773 0.0600962 0.0519971
6 0.16649 0.594786 0.0354662 0.0196073 0.0511633
4 0.354975 0.64113 0.00788724 0.0221964 0.0486581
4 0.324544 0.647577 0.0179611 0.063663 0.0393492
4 0.340889 0.637478 0.0210882 0.0332355 0.0281889
1 0.421499 0.617594 0.0113 0.0141596 0.0225366
6 0.187545 0.611452 0.0763356 0.056042 0.0211735
1 0.420032 0.610619 0.0132171 0.019834 0.0195375
15 0.378548 0.637923 0.0281748 0.0448423 0.0185922
6 0.176335 0.59728 0.0529628 0.0271614 0.0170909
4 0.396616 0.642893 0.0145793 0.038119 0.0168517
6 0.182623 0.633381 0.020427 0.0528191 0.0152542
4 0.332645 0.633002 0.0135991 0.033958 0.0151417
1 0.41202 0.597977 0.0132722 0.0214667 0.0146269
6 0.378548 0.637923 0.0281748 0.0448423 0.0144006
4 0.421499 0.617594 0.0113 0.0141596 0.0106648
4 0.351261 0.651864 0.0108333 0.0209208 0.00981243
15 0.168669 0.598366 0.0403601 0.0151477 0.00824356
1 0.411313 0.591674 0.0120018 0.0157486 0.00645832
1 0.168669 0.598366 0.0403601 0.0151477 0.00643385
6 0.342939 0.644984 0.0188538 0.0218545 0.00627506
4 0.358205 0.630133 0.0102814 0.0192054 0.00575868
4 0.408441 0.63263 0.0263057 0.024149 0.00550322
15 0.342939 0.644984 0.0188538 0.0218545 0.00545492
1 0.425601 0.617514 0.0133396 0.0143788 0.0052152
4 0.284829 0.6377 0.00998074 0.0229409 0.00480696
1 0.414359 0.593761 0.0167523 0.0271098 0.00464979
4 0.402004 0.645071 0.0190077 0.0364575 0.00428613
4 0.355833 0.671475 0.0102674 0.0246668 0.00393955
2 0.718038 0.506381 0.0109492 0.0279978 0.00388848
0 0.180992 0.654979 0.0114084 0.0224235 0.00347529
5 0.166709 0.594484 0.0373579 0.0186999 0.00330234
4 0.432963 0.652776 0.0410913 0.0535202 0.00320093
60 0.752665 0.569813 0.0961521 0.0917151 0.00313385
4 0.420032 0.610619 0.0132171 0.019834 0.0029912
2 0.667134 0.51198 0.00820685 0.0102458 0.00290715
1 0.167065 0.594231 0.0387814 0.0184049 0.00280025
6 0.332645 0.633002 0.0135991 0.033958 0.00268858
1 0.316097 0.605711 0.0136511 0.0120792 0.00263237
4 0.344748 0.632178 0.0184703 0.0410645 0.00227243
5 0.168669 0.598366 0.0403601 0.0151477 0.00221308
2 0.130837 0.656175 0.00875514 0.0110994 0.00216121
1 0.156933 0.575193 0.0196094 0.0188137 0.00200296
6 0.311186 0.376087 0.567454 0.730786 0.00196861
4 0.340145 0.656192 0.0193433 0.0380025 0.00193465
6 0.134934 0.616126 0.137749 0.0579294 0.00193084
15 0.340889 0.637478 0.0210882 0.0332355 0.00190969
4 0.425601 0.617514 0.0133396 0.0143788 0.00186759
6 0.344748 0.632178 0.0184703 0.0410645 0.00184882
1 0.284983 0.577819 0.0121612 0.0170175 0.00184744
6 0.420032 0.610619 0.0132171 0.019834 0.00175427
15 0.332645 0.633002 0.0135991 0.033958 0.00171948
15 0.167065 0.594231 0.0387814 0.0184049 0.00167632
6 0.340889 0.637478 0.0210882 0.0332355 0.00164101
2 0.681347 0.515376 0.00808069 0.0119217 0.00163818
2 0.180992 0.654979 0.0114084 0.0224235 0.0015683
6 0.421499 0.617594 0.0113 0.0141596 0.00155509
1 0.332645 0.633002 0.0135991 0.033958 0.00148525
1 0.291296 0.583382 0.00687677 0.0132498 0.00145342
2 0.702168 0.766553 0.326414 0.320895 0.00131893
1 0.342939 0.644984 0.0188538 0.0218545 0.00130215
1 0.0310061 0.562728 0.0229017 0.0453787 0.00122689
1 0.424202 0.612193 0.0160695 0.0212611 0.00122036
4 0.378209 0.616536 0.0232076 0.0251552 0.00121431
0 0.421499 0.617594 0.0113 0.0141596 0.0011809
4 0.372717 0.612791 0.0167657 0.0175881 0.00111726
22 0.180992 0.654979 0.0114084 0.0224235 0.00110678
28 0.306757 0.646604 0.0520531 0.0678754 0.00102873
