0 0.788803 0.0639396 0.0422488 0.123007 0.779133
8 0.151029 0.0996373 0.105618 0.183766 0.644245
4 0.332321 0.0456165 0.236187 0.0898358 0.568507
8 0.235342 0.0753104 0.149402 0.14422 0.479409
8 0.189553 0.0677754 0.0780914 0.133648 0.38464
0 0.144752 0.091446 0.105602 0.182584 0.356253
8 0.910145 0.0167594 0.0245497 0.0335188 0.111141
0 0.0938527 0.0324276 0.0250179 0.0645123 0.0800359
8 0.932974 0.01687 0.0235551 0.0337401 0.0753849
22 0.179691 0.14228 0.0288673 0.0702801 0.0673808
4 0.964843 0.133865 0.0687843 0.13118 0.060369
8 0.141475 0.104896 0.0724209 0.156752 0.0578426
8 0.943701 0.0167593 0.0424234 0.0335186 0.0568409
22 0.1874 0.135223 0.0197349 0.0494138 0.0546373
8 0.954975 0.0164091 0.025644 0.0328183 0.0515503
3 0.788563 0.0642099 0.0410599 0.123617 0.0495974
43 0.5 0.575364 1 0.849272 0.0448693
0 0.877911 0.0256797 0.0295696 0.0509659 0.0406283
8 0.877829 0.0259756 0.033249 0.0519512 0.0372053
8 0.887966 0.0236792 0.0404932 0.0473585 0.0330852
22 0.185225 0.143075 0.0468323 0.0737962 0.0325862
4 0.877911 0.0256797 0.0295696 0.0509659 0.0319785
0 0.413824 0.0521982 0.0489283 0.104265 0.0314211
4 0.910007 0.0166684 0.0232312 0.0333367 0.0298399
8 0.274547 0.0944492 0.0721048 0.105857 0.0260336
0 0.910007 0.0166684 0.0232312 0.0333367 0.0256677
0 0.992463 0.0427347 0.0120452 0.0725353 0.0246385
8 0.788576 0.0648184 0.0403975 0.125128 0.0243538
8 0.966511 0.0163696 0.0422267 0.0327393 0.0239138
3 0.932922 0.0167402 0.0232114 0.0334805 0.0214833
0 0.130364 0.0733857 0.0804769 0.144854 0.0204489
4 0.274244 0.0552496 0.333505 0.110499 0.0201183
0 0.203395 0.0607324 0.040378 0.121465 0.0185037
0 0.189527 0.0648485 0.0740666 0.129697 0.0176313
8 0.992242 0.0445642 0.0118553 0.0695371 0.0172556
8 0.236689 0.070088 0.0746785 0.137772 0.0169645
14 0.866298 0.0298165 0.0440925 0.059633 0.0163207
8 0.278672 0.0655993 0.275298 0.126679 0.0158197
3 0.943701 0.0167593 0.0424234 0.0335186 0.0157493
3 0.956345 0.0174164 0.0258747 0.0348327 0.015606
0 0.993425 0.0124514 0.0101085 0.0249029 0.0151875
8 0.903045 0.0188473 0.0282869 0.037279 0.0147763
8 0.0954664 0.033054 0.0276028 0.066108 0.0141444
0 0.0999048 0.0405343 0.0332215 0.0810685 0.0139306
4 0.89011 0.0216176 0.0386169 0.0432353 0.0138499
0 0.0877612 0.0275852 0.0149663 0.0543175 0.0136817
8 0.418268 0.0424995 0.0687293 0.084999 0.0123916
0 0.932974 0.01687 0.0235551 0.0337401 0.0121402
0 0.420179 0.0369072 0.0629645 0.0738145 0.0121026
8 0.982502 0.0158802 0.0288712 0.0317604 0.0118605
3 0.913242 0.0166137 0.0296039 0.0332275 0.0116955
22 0.267814 0.111197 0.0230071 0.0678265 0.0110739
3 0.992242 0.0445642 0.0118553 0.0695371 0.010982
0 0.982792 0.0157504 0.0256849 0.0315008 0.0104975
18 0.982792 0.0157504 0.0256849 0.0315008 0.0103086
4 0.953257 0.0164003 0.0282321 0.0328006 0.00910436
3 0.982502 0.0158802 0.0288712 0.0317604 0.00902069
4 0.992463 0.0427347 0.0120452 0.0725353 0.00892028
0 0.903045 0.0188473 0.0282869 0.037279 0.00871215
8 0.383785 0.0468495 0.136831 0.0936989 0.00867606
0 0.409146 0.0596537 0.0289744 0.088152 0.00866318
8 0.891833 0.030137 0.0564603 0.060274 0.00858
3 0.966511 0.0163696 0.0422267 0.0327393 0.00843735
4 0.932974 0.01687 0.0235551 0.0337401 0.00839756
0 0.952374 0.0173308 0.0408873 0.0346468 0.00829026
0 0.872527 0.0382618 0.0421422 0.0765237 0.00818886
0 0.159796 0.00938644 0.0245776 0.015905 0.00782728
8 0.129695 0.067178 0.0977371 0.134356 0.00780686
8 0.235333 0.0666775 0.0481831 0.125396 0.00767042
16 0.408669 0.0656942 0.0280928 0.076767 0.0074968
0 0.89011 0.0216176 0.0386169 0.0432353 0.00746749
22 0.441635 0.0268568 0.0197451 0.0529473 0.00740733
14 0.846027 0.0389899 0.0823082 0.0779797 0.00711855
0 0.101418 0.0319949 0.0227329 0.0633969 0.00710046
8 0.203395 0.0607324 0.040378 0.121465 0.00689201
8 0.212941 0.0710344 0.03889 0.120536 0.00684814
18 0.96734 0.0164459 0.0387054 0.0328917 0.00674601
4 0.943258 0.0167494 0.0412092 0.0334989 0.00673051
4 0.96734 0.0164459 0.0387054 0.0328917 0.00670507
22 0.992242 0.0445642 0.0118553 0.0695371 0.00650947
0 0.192297 0.0405971 0.0552492 0.0811942 0.00640346
8 0.279048 0.111483 0.0623078 0.0713367 0.00633788
8 0.869318 0.0289034 0.0393378 0.0574095 0.00625006
8 0.219935 0.0655116 0.0185847 0.0862346 0.00622645
8 0.292285 0.114445 0.0349465 0.0645785 0.00593147
4 0.982502 0.0158802 0.0288712 0.0317604 0.00588603
8 0.177932 0.143215 0.040103 0.0884019 0.00570993
8 0.170096 0.141646 0.0626126 0.0947695 0.00563123
22 0.272989 0.105005 0.0349469 0.0808729 0.00553568
4 0.903045 0.0188473 0.0282869 0.037279 0.00553253
0 0.151415 0.0574695 0.0953345 0.114939 0.00542215
18 0.953257 0.0164003 0.0282321 0.0328006 0.00514932
14 0.877911 0.0256797 0.0295696 0.0509659 0.00473188
14 0.992242 0.0445642 0.0118553 0.0695371 0.00454396
9 0.101418 0.0319949 0.0227329 0.0633969 0.00448395
4 0.866791 0.0281757 0.0421846 0.0563514 0.00444002
0 0.205037 0.0184096 0.0343068 0.0368192 0.00416418
3 0.903045 0.0188473 0.0282869 0.037279 0.00402368
0 0.106609 0.0620874 0.0479027 0.124175 0.00401726
5 0.188699 0.0671733 0.0771568 0.131759 0.00400924
14 0.982792 0.0157504 0.0256849 0.0315008 0.00388174
0 0.435014 0.0307933 0.0319228 0.0615867 0.00387491
3 0.235342 0.0753104 0.149402 0.14422 0.00386374
8 0.971306 0.0242675 0.0486296 0.0485351 0.00385639
4 0.159078 0.00857732 0.0258355 0.0165814 0.00372017
11 0.101418 0.0319949 0.0227329 0.0633969 0.00368389
0 0.236689 0.070088 0.0746785 0.137772 0.00365259
8 0.089304 0.031189 0.0181633 0.0620785 0.00359378
8 0.168789 0.0632232 0.0595234 0.121422 0.00359339
0 0.96734 0.0164459 0.0387054 0.0328917 0.00358434
16 0.409506 0.0527034 0.0397092 0.103373 0.00353582
0 0.199564 0.0107375 0.0243731 0.021475 0.00330633
4 0.22929 0.0623112 0.169516 0.123529 0.00323052
3 0.152488 0.0927223 0.0920076 0.178684 0.00322817
14 0.932974 0.01687 0.0235551 0.0337401 0.00321828
22 0.993425 0.0124514 0.0101085 0.0249029 0.00321287
0 0.866791 0.0281757 0.0421846 0.0563514 0.00320778
0 0.792228 0.0346773 0.0234204 0.0643333 0.00306921
0 0.21198 0.0402325 0.0295811 0.080465 0.00306538
14 0.910007 0.0166684 0.0232312 0.0333367 0.00304535
3 0.189553 0.0677754 0.0780914 0.133648 0.00297241
14 0.953257 0.0164003 0.0282321 0.0328006 0.0029605
9 0.115027 0.0292662 0.0283174 0.0562016 0.00295827
5 0.231522 0.0721298 0.162717 0.139353 0.00283295
22 0.12139 0.123502 0.0215035 0.0660691 0.00281895
0 0.954975 0.0164091 0.025644 0.0328183 0.00278152
8 0.178685 0.102069 0.0421531 0.148107 0.00274661
11 0.787135 0.034669 0.0306815 0.0664369 0.00274239
8 0.993425 0.0124514 0.0101085 0.0249029 0.00267083
14 0.96734 0.0164459 0.0387054 0.0328917 0.00263349
17 0.159078 0.00857732 0.0258355 0.0165814 0.00262444
0 0.173511 0.0514949 0.0607761 0.10299 0.00257884
8 0.270886 0.0982958 0.0313622 0.0935876 0.00247327
14 0.528174 0.0638123 0.054124 0.126887 0.00246443
22 0.262187 0.108811 0.0253879 0.069552 0.00244731
8 0.153065 0.130969 0.0809273 0.122503 0.00244512
8 0.983794 0.0329767 0.0281757 0.0572997 0.00243021
0 0.781717 0.0533773 0.0355305 0.105542 0.00241026
18 0.943258 0.0167494 0.0412092 0.0334989 0.00238125
22 0.982792 0.0157504 0.0256849 0.0315008 0.00234769
0 0.212224 0.0163232 0.0266023 0.0326464 0.00233346
14 0.993425 0.0124514 0.0101085 0.0249029 0.00230267
0 0.159734 0.0147626 0.0290094 0.026875 0.00229041
22 0.954975 0.0164091 0.025644 0.0328183 0.00228742
13 0.159078 0.00857732 0.0258355 0.0165814 0.00222357
3 0.957384 0.0161934 0.058137 0.0323868 0.00219075
18 0.993425 0.0124514 0.0101085 0.0249029 0.00211295
17 0.788576 0.0648184 0.0403975 0.125128 0.00211049
0 0.797848 0.038393 0.0205861 0.070147 0.00210228
0 0.243584 0.0489894 0.0511063 0.0883968 0.00202671
17 0.790199 0.0207589 0.0242273 0.0379796 0.001979
4 0.993425 0.0124514 0.0101085 0.0249029 0.00193966
13 0.788592 0.0642906 0.0415737 0.123918 0.00191387
14 0.943258 0.0167494 0.0412092 0.0334989 0.00190592
5 0.14786 0.102656 0.105962 0.181261 0.00190263
9 0.126957 0.0578494 0.0747046 0.115699 0.00189831
4 0.175586 0.0197778 0.0567585 0.0376628 0.00189751
3 0.971306 0.0242675 0.0486296 0.0485351 0.00188893
3 0.877159 0.0242767 0.0338528 0.0485534 0.00187482
4 0.263221 0.0042418 0.281627 0.0084836 0.00180407
0 0.790199 0.0207589 0.0242273 0.0379796 0.0017695
22 0.188925 0.159768 0.0530703 0.0463457 0.00175181
3 0.133691 0.087544 0.0713452 0.175088 0.00174194
8 0.22042 0.062615 0.0135211 0.0563313 0.00173617
4 0.334253 0.0304953 0.231603 0.0609906 0.00173151
3 0.983794 0.0329767 0.0281757 0.0572997 0.00172757
4 0.205037 0.0184096 0.0343068 0.0368192 0.00171355
8 0.23199 0.00704086 0.205371 0.0140817 0.00169762
13 0.790199 0.0207589 0.0242273 0.0379796 0.00168173
4 0.788803 0.0639396 0.0422488 0.123007 0.00167156
4 0.887306 0.0224109 0.0640476 0.0448218 0.00162744
16 0.788592 0.0642906 0.0415737 0.123918 0.00160815
18 0.910007 0.0166684 0.0232312 0.0333367 0.00159757
3 0.383785 0.0468495 0.136831 0.0936989 0.00157181
8 0.133383 0.106646 0.0489422 0.132238 0.00155733
3 0.993425 0.0124514 0.0101085 0.0249029 0.00153575
4 0.199564 0.0107375 0.0243731 0.021475 0.00153406
8 0.887306 0.0224109 0.0640476 0.0448218 0.00150472
13 0.785229 0.0124471 0.022176 0.0224718 0.00146543
4 0.190749 0.00119984 0.0593674 0.00239967 0.00146199
0 0.235333 0.0666775 0.0481831 0.125396 0.00144999
18 0.932974 0.01687 0.0235551 0.0337401 0.00143686
4 0.151734 0.0014995 0.0702572 0.00299901 0.00140868
23 0.292285 0.114445 0.0349465 0.0645785 0.00138368
8 0.114284 0.0756938 0.0613037 0.143666 0.00138213
19 0.964843 0.133865 0.0687843 0.13118 0.00137692
23 0.180392 0.144418 0.0396507 0.0786809 0.00137645
0 0.141475 0.104896 0.0724209 0.156752 0.00136237
8 0.192297 0.0405971 0.0552492 0.0811942 0.00135733
15 0.308951 0.0466828 0.284096 0.0893155 0.00132721
11 0.115027 0.0292662 0.0283174 0.0562016 0.00132419
5 0.274244 0.0552496 0.333505 0.110499 0.00130866
18 0.991139 0.0401399 0.0144931 0.0785753 0.00129276
14 0.293819 0.115178 0.0372113 0.0642309 0.00125328
8 0.175877 0.136291 0.0265177 0.0609164 0.0012384
5 0.877829 0.0259756 0.033249 0.0519512 0.00123366
0 0.22042 0.062615 0.0135211 0.0563313 0.00123185
8 0.957384 0.0161934 0.058137 0.0323868 0.00121858
1 0.991139 0.0401399 0.0144931 0.0785753 0.00120762
4 0.833504 0.038833 0.115335 0.0776661 0.00120089
22 0.932922 0.0167402 0.0232114 0.0334805 0.00119864
0 0.2694 0.0736407 0.0818157 0.146725 0.00119704
6 0.287608 0.0516138 0.325796 0.102656 0.0011968
22 0.96734 0.0164459 0.0387054 0.0328917 0.00119372
19 0.966511 0.0163696 0.0422267 0.0327393 0.00119036
17 0.785229 0.0124471 0.022176 0.0224718 0.00116273
0 0.115027 0.0292662 0.0283174 0.0562016 0.00114595
8 0.125849 0.0901626 0.0661888 0.144637 0.00114086
0 0.398804 0.0387513 0.10677 0.077077 0.00113971
9 0.0954664 0.033054 0.0276028 0.066108 0.00111457
0 0.785229 0.0124471 0.022176 0.0224718 0.00110734
1 0.964725 0.133985 0.068585 0.129723 0.0011065
5 0.982502 0.0158802 0.0288712 0.0317604 0.00110139
14 0.89011 0.0216176 0.0386169 0.0432353 0.00110019
0 0.944847 0.0165016 0.0502069 0.0330032 0.001099
32 0.966511 0.0163696 0.0422267 0.0327393 0.00107366
11 0.788505 0.0591615 0.0402631 0.115375 0.00106074
0 0.776003 0.0351443 0.0215494 0.0687093 0.00105659
0 0.136938 0.0406354 0.0450367 0.0780764 0.00102972
0 0.992199 0.0170472 0.0156016 0.0340944 0.00102672
9 0.131062 0.0454708 0.0412856 0.0879091 0.00102462
17 0.144184 0.0909247 0.105743 0.181544 0.00102041
0 0.263372 0.0721506 0.0273774 0.128094 0.00100403
4 0.212224 0.0163232 0.0266023 0.0326464 0.00100213
