0 0.106226 0.781297 0.0684733 0.295451 0.912689
0 0.0447083 0.774234 0.0891482 0.307154 0.912408
0 0.499548 0.759908 0.0598117 0.168405 0.833087
0 0.709005 0.773093 0.0537139 0.147884 0.789328
0 0.913877 0.772782 0.0382288 0.121137 0.746649
4 0.988837 0.764404 0.0196349 0.0357961 0.739378
2 0.193173 0.259001 0.0518623 0.041502 0.69912
8 0.500878 0.812586 0.0814721 0.142036 0.654627
8 0.913647 0.796548 0.0354233 0.084508 0.634178
2 0.355521 0.252772 0.0377624 0.0414472 0.611074
5 0.70938 0.809355 0.068913 0.125958 0.547474
13 0.914055 0.718861 0.0143452 0.014178 0.485192
5 0.50137 0.812802 0.0811664 0.142381 0.439977
4 0.967648 0.757439 0.0274364 0.0232042 0.42907
8 0.709559 0.81168 0.0674148 0.120729 0.427859
14 0.868251 0.753734 0.0184581 0.0476503 0.378389
4 0.354793 0.704136 0.0351291 0.0198051 0.202128
0 0.912667 0.747225 0.0321503 0.0669713 0.143999
4 0.919967 0.755203 0.0946974 0.0450641 0.14361
12 0.907435 0.741943 0.101709 0.0783813 0.134269
0 0.492841 0.785062 0.0479732 0.114499 0.123668
14 0.0804623 0.757335 0.0245378 0.101491 0.122904
17 0.914055 0.718861 0.0143452 0.014178 0.11517
4 0.372736 0.701093 0.016867 0.0233836 0.107631
4 0.911853 0.744577 0.093323 0.072849 0.105805
4 0.317718 0.692776 0.0769482 0.0371002 0.0911498
8 0.940385 0.765724 0.0137009 0.025407 0.0847974
0 0.0106855 0.74478 0.0210961 0.151036 0.0793573
4 0.959532 0.762588 0.0474099 0.034475 0.0771209
4 0.938403 0.761541 0.0182353 0.0334833 0.0743451
4 0.924546 0.753459 0.0464208 0.0428001 0.0707947
25 0.941826 0.713048 0.0450596 0.015539 0.0650148
13 0.912694 0.721411 0.0208445 0.0190635 0.0635941
11 0.109746 0.718849 0.0312318 0.0816793 0.055564
4 0.33407 0.696594 0.0441701 0.0322491 0.05449
4 0.940385 0.765724 0.0137009 0.025407 0.0431168
0 0.896989 0.777102 0.0150727 0.0644942 0.0419683
17 0.0427345 0.645013 0.0300218 0.0491805 0.0363906
4 0.917504 0.747117 0.0419028 0.0619473 0.0348297
2 0.317833 0.267795 0.0283712 0.019115 0.0328182
9 0.120783 0.713626 0.0379164 0.0746779 0.0326923
3 0.940385 0.765724 0.0137009 0.025407 0.0308996
0 0.00794774 0.778477 0.0158955 0.0819752 0.029252
5 0.900745 0.738912 0.0862313 0.0777685 0.0279706
4 0.935871 0.743155 0.0565884 0.0674001 0.0278507
0 0.868251 0.753734 0.0184581 0.0476503 0.0270068
1 0.972022 0.674136 0.0110183 0.0398027 0.0249345
42 0.941826 0.713048 0.0450596 0.015539 0.0240468
12 0.942453 0.71424 0.0446527 0.0202755 0.0238761
9 0.109746 0.718849 0.0312318 0.0816793 0.0237805
9 0.524758 0.78258 0.0270944 0.0568829 0.0235785
13 0.507723 0.687835 0.0149212 0.0190984 0.0234661
7 0.972022 0.674136 0.0110183 0.0398027 0.0232053
17 0.912694 0.721411 0.0208445 0.0190635 0.0228375
2 0.332661 0.257814 0.0532076 0.0380665 0.02117
4 0.287892 0.68615 0.0133272 0.0267934 0.021154
3 0.938403 0.761541 0.0182353 0.0334833 0.0206787
9 0.492841 0.785062 0.0479732 0.114499 0.0205251
0 0.700816 0.781442 0.0398265 0.108969 0.0202504
4 0.891054 0.735464 0.0693567 0.0719746 0.0190877
7 0.277222 0.62254 0.0177662 0.0294012 0.0190433
0 0.938403 0.761541 0.0182353 0.0334833 0.0189891
6 0.316121 0.691311 0.075084 0.0375739 0.0189804
2 0.32498 0.257825 0.0334348 0.0348068 0.0187223
17 0.715514 0.707576 0.0164644 0.0205095 0.0181461
1 0.0125906 0.59545 0.0171509 0.0314445 0.0181082
0 0.902532 0.771803 0.0261953 0.0854647 0.0178587
8 0.897585 0.781796 0.0155601 0.0599854 0.0177655
8 0.938403 0.761541 0.0182353 0.0334833 0.0176717
14 0.873643 0.741481 0.0282858 0.0712404 0.0171225
0 0.372736 0.701093 0.016867 0.0233836 0.0168661
8 0.0804623 0.757335 0.0245378 0.101491 0.0168431
3 0.527459 0.786476 0.0264638 0.0420551 0.0162485
15 0.942453 0.71424 0.0446527 0.0202755 0.0149161
4 0.325064 0.698755 0.0936058 0.0294984 0.0147866
0 0.725864 0.778049 0.0271089 0.145407 0.0146194
5 0.372736 0.701093 0.016867 0.0233836 0.0142228
2 0.329678 0.251595 0.0350673 0.0369382 0.014056
8 0.686708 0.789109 0.0241511 0.0497732 0.0139945
6 0.260313 0.667335 0.0721946 0.0780358 0.013859
3 0.0736645 0.752139 0.0351688 0.0874832 0.0136359
11 0.120783 0.713626 0.0379164 0.0746779 0.0136299
3 0.0804763 0.76458 0.0255452 0.0867384 0.0131435
6 0.942453 0.71424 0.0446527 0.0202755 0.0131263
12 0.939583 0.736044 0.057996 0.0587292 0.012977
8 0.0736645 0.752139 0.0351688 0.0874832 0.0126987
3 0.501999 0.812233 0.0823773 0.142645 0.0120934
2 0.28404 0.337507 0.0149599 0.0194699 0.0120665
9 0.483104 0.785871 0.0302744 0.0994684 0.0120404
0 0.940385 0.765724 0.0137009 0.025407 0.0119763
11 0.112862 0.703108 0.0265191 0.0637909 0.0118587
4 0.942453 0.71424 0.0446527 0.0202755 0.0114715
14 0.0736645 0.752139 0.0351688 0.0874832 0.0113186
8 0.70384 0.797493 0.0478731 0.106713 0.011137
8 0.69092 0.780751 0.0285248 0.0741724 0.0108086
9 0.519017 0.789555 0.0279872 0.101781 0.0106984
6 0.891725 0.737842 0.069116 0.0779978 0.010685
13 0.715514 0.707576 0.0164644 0.0205095 0.0106632
9 0.896989 0.777102 0.0150727 0.0644942 0.0105016
12 0.891054 0.735464 0.0693567 0.0719746 0.0102326
3 0.708978 0.81094 0.0671487 0.122341 0.0101672
9 0.940385 0.765724 0.0137009 0.025407 0.0100705
7 0.288727 0.625201 0.0115893 0.0390665 0.010058
15 0.939583 0.736044 0.057996 0.0587292 0.00988713
4 0.549361 0.691809 0.0273809 0.0187904 0.00979731
1 0.00918825 0.653164 0.0141357 0.0391929 0.00931868
0 0.510216 0.749103 0.0443369 0.138305 0.00893692
9 0.700816 0.781442 0.0398265 0.108969 0.0089214
14 0.0893503 0.747783 0.0360146 0.117976 0.00887854
4 0.548268 0.68063 0.027386 0.0391929 0.00887556
3 0.70384 0.797493 0.0478731 0.106713 0.00870731
9 0.0801027 0.752226 0.0245823 0.109037 0.00869349
9 0.099257 0.736366 0.0527361 0.127352 0.00868655
4 0.912694 0.721411 0.0208445 0.0190635 0.00853464
6 0.293677 0.663034 0.131452 0.0873712 0.00784317
11 0.116677 0.692319 0.0298201 0.0423696 0.00778123
14 0.940385 0.765724 0.0137009 0.025407 0.00764511
13 0.913701 0.706191 0.0180379 0.0175853 0.00763528
9 0.0780022 0.728254 0.0264245 0.0763283 0.00760053
14 0.938403 0.761541 0.0182353 0.0334833 0.00757744
1 0.597242 0.586768 0.0261228 0.080367 0.00757265
0 0.51851 0.748513 0.0267867 0.134573 0.00757016
9 0.0893503 0.747783 0.0360146 0.117976 0.00750058
2 0.233556 0.337314 0.0223237 0.0278157 0.00748226
4 0.914055 0.718861 0.0143452 0.014178 0.00685734
8 0.921588 0.767471 0.0468107 0.0538363 0.00684321
8 0.87184 0.756307 0.023121 0.0442703 0.00680378
8 0.683782 0.795571 0.0186787 0.0382879 0.0067647
3 0.69092 0.780751 0.0285248 0.0741724 0.00671249
17 0.913701 0.706191 0.0180379 0.0175853 0.00660604
8 0.527459 0.786476 0.0264638 0.0420551 0.00646962
4 0.914433 0.771314 0.039592 0.115488 0.00646653
3 0.00758376 0.785926 0.0150934 0.0677747 0.00644589
3 0.536598 0.788875 0.0155323 0.0362917 0.00632124
9 0.00794774 0.778477 0.0158955 0.0819752 0.00631049
0 0.695443 0.754516 0.0266693 0.0557496 0.00618979
0 0.440129 0.696646 0.0116255 0.0183519 0.00608973
0 0.988821 0.764376 0.0196883 0.0359013 0.00608337
13 0.914433 0.771314 0.039592 0.115488 0.00598755
4 0.543256 0.663431 0.0466808 0.0450239 0.00596602
6 0.312472 0.674433 0.115444 0.0659686 0.00590868
4 0.366757 0.693252 0.0247195 0.0292686 0.00578947
4 0.86836 0.752294 0.0189902 0.0493424 0.0057885
0 0.873643 0.741481 0.0282858 0.0712404 0.00575605
4 0.338673 0.704071 0.0392219 0.0259606 0.00562
2 0.363944 0.257828 0.0491097 0.0523607 0.00557136
14 0.895562 0.737825 0.0752484 0.0794507 0.00548681
6 0.372736 0.701093 0.016867 0.0233836 0.00509595
3 0.921588 0.767471 0.0468107 0.0538363 0.00486697
3 0.686708 0.789109 0.0241511 0.0497732 0.0047809
4 0.966758 0.745482 0.0269989 0.0240251 0.00477367
15 0.907435 0.741943 0.101709 0.0783813 0.00472693
11 0.938403 0.761541 0.0182353 0.0334833 0.00465987
6 0.939583 0.736044 0.057996 0.0587292 0.00465212
13 0.0427345 0.645013 0.0300218 0.0491805 0.00463169
2 0.321718 0.37719 0.0173419 0.0228173 0.00449394
4 0.50109 0.812859 0.0819503 0.141019 0.00448932
13 0.912667 0.747225 0.0321503 0.0669713 0.00448748
15 0.316121 0.691311 0.075084 0.0375739 0.0044282
11 0.896989 0.777102 0.0150727 0.0644942 0.00441706
9 0.686708 0.789109 0.0241511 0.0497732 0.00432822
3 0.913647 0.796548 0.0354233 0.084508 0.00431273
8 0.00758376 0.785926 0.0150934 0.0677747 0.00430846
11 0.940385 0.765724 0.0137009 0.025407 0.00423285
9 0.071828 0.738867 0.0308702 0.0814539 0.00414739
4 0.99265 0.74036 0.0117951 0.016081 0.00414637
5 0.86836 0.752294 0.0189902 0.0493424 0.00410911
4 0.440129 0.696646 0.0116255 0.0183519 0.00406928
0 0.0107191 0.807599 0.0214381 0.228967 0.00404811
9 0.478012 0.740029 0.018639 0.0137921 0.00400458
8 0.0728337 0.726113 0.0315265 0.0824369 0.00393281
17 0.507723 0.687835 0.0149212 0.0190984 0.0038936
7 0.289424 0.617589 0.0100333 0.0374599 0.00382896
4 0.320786 0.677922 0.108372 0.0629486 0.00372213
11 0.700816 0.781442 0.0398265 0.108969 0.00365993
5 0.0804899 0.760102 0.0251929 0.0953726 0.00365256
42 0.914055 0.718861 0.0143452 0.014178 0.00365205
3 0.010211 0.749035 0.0199086 0.151453 0.00363427
2 0.901626 0.579253 0.00874951 0.0131041 0.00362617
9 0.695908 0.787105 0.0315824 0.0853918 0.00359337
3 0.519017 0.789555 0.0279872 0.101781 0.0035924
2 0.327201 0.280561 0.0432384 0.0397856 0.00357833
42 0.935871 0.743155 0.0565884 0.0674001 0.00351666
0 0.519017 0.789555 0.0279872 0.101781 0.00349977
0 0.0439024 0.645819 0.0289619 0.0524082 0.00349276
14 0.374643 0.701101 0.0186441 0.0241494 0.00346892
2 0.352241 0.277355 0.0283525 0.0372292 0.00343119
4 0.3467 0.693295 0.049561 0.0312729 0.00337183
9 0.112862 0.703108 0.0265191 0.0637909 0.00331653
11 0.513175 0.746697 0.0318831 0.132245 0.00331465
4 0.00758376 0.785926 0.0150934 0.0677747 0.00330106
4 0.526067 0.658835 0.0151611 0.0193209 0.00323054
13 0.513441 0.688071 0.0188741 0.0228683 0.00321512
3 0.87184 0.756307 0.023121 0.0442703 0.00319624
9 0.724296 0.767462 0.0250624 0.127506 0.00318302
0 0.924546 0.753459 0.0464208 0.0428001 0.0031099
4 0.553197 0.676253 0.0265484 0.044312 0.00305118
11 0.912667 0.747225 0.0321503 0.0669713 0.00303716
25 0.94098 0.732839 0.0479616 0.0586375 0.00302585
3 0.729721 0.805888 0.0301197 0.100235 0.00301727
4 0.873643 0.741481 0.0282858 0.0712404 0.00298922
8 0.0893503 0.747783 0.0360146 0.117976 0.00298808
14 0.0780022 0.728254 0.0264245 0.0763283 0.00295831
17 0.912667 0.747225 0.0321503 0.0669713 0.0029477
8 0.536598 0.788875 0.0155323 0.0362917 0.0029262
6 0.421959 0.681221 0.0939619 0.0768806 0.0028957
5 0.873643 0.741481 0.0282858 0.0712404 0.00284542
9 0.116677 0.692319 0.0298201 0.0423696 0.00283786
9 0.938403 0.761541 0.0182353 0.0334833 0.00278404
0 0.7277 0.727778 0.0177852 0.0459239 0.00277494
8 0.488728 0.787142 0.0395403 0.0891172 0.00275407
42 0.912694 0.721411 0.0208445 0.0190635 0.00273875
3 0.0687079 0.732408 0.0363451 0.0910358 0.00263434
4 0.010211 0.749035 0.0199086 0.151453 0.00258797
13 0.686708 0.789109 0.0241511 0.0497732 0.00258078
9 0.508248 0.756703 0.0456519 0.170448 0.00256445
11 0.10516 0.727479 0.0450917 0.106737 0.00254964
9 0.912667 0.747225 0.0321503 0.0669713 0.00253904
13 0.683782 0.795571 0.0186787 0.0382879 0.00249529
0 0.695908 0.787105 0.0315824 0.0853918 0.00248298
9 0.513175 0.746697 0.0318831 0.132245 0.00238515
3 0.488752 0.788308 0.042616 0.0976459 0.00238495
25 0.941642 0.707016 0.0413912 0.0187761 0.00236122
3 0.526536 0.804575 0.0276157 0.0769675 0.00235597
0 0.710313 0.807499 0.0689962 0.130665 0.00231932
2 0.837458 0.494934 0.0213912 0.0145297 0.00229464
4 0.709965 0.808947 0.069796 0.126415 0.00229365
8 0.698296 0.784581 0.0319172 0.0932632 0.00228679
6 0.417492 0.694174 0.0795294 0.0443647 0.00225495
11 0.724296 0.767462 0.0250624 0.127506 0.00220365
8 0.353756 0.703774 0.0352369 0.0211505 0.00219892
0 0.0500044 0.64624 0.0179059 0.0488844 0.00219189
1 0.99265 0.74036 0.0117951 0.016081 0.00217968
4 0.558686 0.656462 0.0177639 0.0370291 0.00217332
1 0.914055 0.718861 0.0143452 0.014178 0.00217206
4 0.980761 0.745816 0.0270389 0.0230538 0.0021713
4 0.449899 0.696416 0.0334385 0.0225849 0.00216428
12 0.888619 0.718541 0.0615315 0.038383 0.00216337
9 0.716051 0.73085 0.0305492 0.0619628 0.00214589
2 0.334846 0.298088 0.047113 0.0517799 0.00210453
8 0.476093 0.788725 0.0255405 0.0449075 0.0020715
17 0.114074 0.65467 0.0201437 0.0310426 0.00204828
8 0.440129 0.696646 0.0116255 0.0183519 0.00202825
20 0.478012 0.740029 0.018639 0.0137921 0.00201811
0 0.705507 0.754048 0.0378045 0.107873 0.00200518
7 0.282004 0.632424 0.0228205 0.0466266 0.00200506
14 0.010211 0.749035 0.0199086 0.151453 0.00200502
5 0.924546 0.753459 0.0464208 0.0428001 0.00195942
0 0.864353 0.74835 0.0195477 0.0534098 0.00194154
6 0.311258 0.659976 0.0736867 0.0955167 0.00192034
17 0.709005 0.773093 0.0537139 0.147884 0.00190412
9 0.7277 0.727778 0.0177852 0.0459239 0.00189316
0 0.892996 0.740274 0.0657193 0.0815547 0.00188813
17 0.91385 0.772016 0.0384025 0.119874 0.00186082
3 0.959532 0.762588 0.0474099 0.034475 0.00180438
3 0.0780022 0.728254 0.0264245 0.0763283 0.00178786
3 0.698296 0.784581 0.0319172 0.0932632 0.00174622
25 0.930874 0.706312 0.018857 0.0173202 0.00173294
37 0.868106 0.754157 0.0182936 0.0465531 0.00173213
8 0.732797 0.814438 0.0268657 0.0927444 0.001724
6 0.708876 0.807995 0.0686931 0.12795 0.00171769
3 0.924546 0.753459 0.0464208 0.0428001 0.00171423
2 0.864234 0.703496 0.0140209 0.0119336 0.00171333
8 0.526536 0.804575 0.0276157 0.0769675 0.00169492
6 0.911853 0.744577 0.093323 0.072849 0.00168633
5 0.940385 0.765724 0.0137009 0.025407 0.00167565
2 0.526067 0.658835 0.0151611 0.0193209 0.00164279
13 0.488752 0.788308 0.042616 0.0976459 0.00162753
9 0.476093 0.788725 0.0255405 0.0449075 0.00161797
2 0.860996 0.707876 0.0127798 0.020858 0.00161448
9 0.536598 0.788875 0.0155323 0.0362917 0.00161366
2 0.312395 0.340484 0.0253152 0.0367805 0.00160255
3 0.683782 0.795571 0.0186787 0.0382879 0.00155621
8 0.372736 0.701093 0.016867 0.0233836 0.00154572
17 0.940385 0.765724 0.0137009 0.025407 0.00154496
0 0.501159 0.812515 0.0822251 0.144447 0.00152411
0 0.0804899 0.760102 0.0251929 0.0953726 0.00152196
24 0.312472 0.674433 0.115444 0.0659686 0.00152089
0 0.483104 0.785871 0.0302744 0.0994684 0.00151918
4 0.709633 0.775065 0.0529352 0.1509 0.00151868
0 0.354793 0.704136 0.0351291 0.0198051 0.00151735
17 0.478012 0.740029 0.018639 0.0137921 0.00149449
2 0.229813 0.331869 0.0269178 0.0352299 0.00148595
6 0.366757 0.693252 0.0247195 0.0292686 0.0014822
1 0.560349 0.652708 0.0133198 0.0299278 0.00146808
3 0.0595343 0.745864 0.0607429 0.1232 0.00145445
2 0.275331 0.262977 0.0186153 0.0212663 0.00144959
8 0.0133247 0.75816 0.0251272 0.12357 0.00144716
13 0.505589 0.689215 0.0242298 0.0235853 0.00144606
0 0.511724 0.718547 0.033382 0.082645 0.00144517
0 0.99265 0.74036 0.0117951 0.016081 0.00144384
5 0.988837 0.764404 0.0196349 0.0357961 0.00143893
5 0.354793 0.704136 0.0351291 0.0198051 0.00143163
9 0.0743868 0.714161 0.0266076 0.0694254 0.00142527
4 0.888619 0.718541 0.0615315 0.038383 0.00141412
1 0.277222 0.62254 0.0177662 0.0294012 0.00140843
42 0.938403 0.761541 0.0182353 0.0334833 0.0014052
3 0.0893503 0.747783 0.0360146 0.117976 0.00140252
6 0.35509 0.694456 0.0493794 0.0328086 0.00138469
9 0.495849 0.758051 0.0545563 0.169543 0.00138142
