4 0.0730418 0.655752 0.104176 0.0876132 0.936698
8 0.960685 0.813339 0.0771868 0.368497 0.919141
4 0.140501 0.638611 0.0802061 0.0721924 0.896446
15 0.439076 0.573524 0.391114 0.335952 0.877916
8 0.808389 0.751476 0.190696 0.264413 0.823752
1 0.172256 0.504233 0.011917 0.0232267 0.814841
4 0.0113055 0.645681 0.0215014 0.0802674 0.789614
1 0.188671 0.504826 0.0114256 0.0201508 0.717111
0 0.803598 0.688243 0.140054 0.341905 0.581598
0 0.979997 0.61566 0.0393489 0.208858 0.525169
4 0.208948 0.641351 0.0287586 0.0326374 0.51525
0 0.777443 0.672854 0.0890726 0.311402 0.489233
4 0.201069 0.640007 0.0412484 0.03525 0.486693
4 0.640415 0.651511 0.0224771 0.0447213 0.450232
8 0.716215 0.653064 0.0320026 0.0460383 0.301711
22 0.265539 0.690656 0.00899924 0.0267097 0.23732
0 0.740479 0.610525 0.0307634 0.162345 0.199947
8 0.917908 0.65198 0.0401087 0.0584468 0.1944
1 0.105377 0.588176 0.0275844 0.0224098 0.135332
1 0.172569 0.611576 0.0124148 0.0242606 0.131155
0 0.749886 0.618452 0.0402451 0.178294 0.128105
22 0.244864 0.674551 0.00909334 0.0424276 0.126205
8 0.947923 0.65077 0.0216176 0.0655467 0.112937
0 0.409665 0.551918 0.0184162 0.0407367 0.108199
1 0.153481 0.53982 0.00746451 0.0172552 0.10278
9 0.73921 0.608986 0.0297326 0.126782 0.091977
0 0.239048 0.645216 0.0123818 0.0283199 0.0871135
0 0.818304 0.683533 0.0823242 0.325551 0.0818308
8 0.879851 0.654792 0.035704 0.0502315 0.0801377
0 0.556928 0.556192 0.0221729 0.0608462 0.0748551
13 0.988142 0.545342 0.0212841 0.0694213 0.0746059
3 0.805072 0.741223 0.180748 0.288604 0.0743264
8 0.239048 0.645216 0.0123818 0.0283199 0.0742132
4 0.226472 0.641664 0.0119954 0.0263653 0.0717517
22 0.251793 0.682759 0.0100454 0.0329403 0.0687642
8 0.226472 0.641664 0.0119954 0.0263653 0.0630687
1 0.167132 0.531279 0.0120982 0.0291764 0.0629653
0 0.985267 0.580735 0.0268532 0.138186 0.0615249
0 0.591844 0.57422 0.0208679 0.0432332 0.0573428
0 0.840568 0.629829 0.0116371 0.0311157 0.0565528
0 0.760892 0.644517 0.0540327 0.245004 0.0540025
8 0.887231 0.650804 0.0350698 0.0586437 0.0532192
0 0.226472 0.641664 0.0119954 0.0263653 0.052109
13 0.987904 0.576612 0.0227371 0.130693 0.0520931
8 0.725614 0.644251 0.0514736 0.0620926 0.0511393
8 0.926814 0.651352 0.0313331 0.0614159 0.0509421
0 0.531176 0.563806 0.0458546 0.0772856 0.0497258
11 0.73921 0.608986 0.0297326 0.126782 0.0490638
0 0.854291 0.623445 0.0140978 0.0362228 0.048226
8 0.968635 0.681749 0.0613846 0.149701 0.04822
1 0.0954973 0.593613 0.00731924 0.0171634 0.047658
1 0.101714 0.589265 0.0151043 0.0231683 0.0473917
0 0.567437 0.55158 0.0313322 0.0590101 0.0460416
1 0.205703 0.608273 0.0110428 0.0188241 0.0450863
8 0.925472 0.636468 0.0298744 0.0395896 0.0439343
4 0.240737 0.644671 0.0138422 0.0304528 0.042914
0 0.239879 0.631717 0.0104327 0.020888 0.042863
8 0.637099 0.617825 0.0139255 0.0316566 0.0391477
0 0.389528 0.57741 0.026457 0.0466818 0.0389747
1 0.113465 0.588948 0.0182815 0.0246525 0.0389409
1 0.118546 0.589484 0.0116152 0.0254192 0.0385548
3 0.847234 0.731737 0.110474 0.196283 0.0378701
0 0.231544 0.630431 0.0135396 0.0227948 0.0357065
0 0.637099 0.617825 0.0139255 0.0316566 0.0351928
1 0.0591135 0.593642 0.0164258 0.0352534 0.0348807
1 0.00420678 0.587346 0.00713921 0.025286 0.0348271
0 0.808476 0.596547 0.0566735 0.14769 0.0337779
8 0.832056 0.645129 0.0156752 0.0399531 0.0322046
8 0.952958 0.641593 0.0245316 0.0673143 0.0314617
8 0.859298 0.68987 0.0676525 0.11504 0.0309116
9 0.754638 0.613778 0.0414413 0.109004 0.0309052
6 0.0376925 0.603799 0.0222689 0.0270725 0.0304403
17 0.988717 0.545224 0.0202719 0.0693385 0.0298015
8 0.86723 0.655715 0.0570269 0.0514465 0.0287137
0 0.615261 0.538448 0.0251517 0.101819 0.0276081
0 0.550917 0.54698 0.0216967 0.0586744 0.025769
8 0.243953 0.666307 0.0099435 0.051211 0.0250132
1 0.232759 0.578591 0.00977489 0.026544 0.0244668
0 0.562184 0.553716 0.0326534 0.0797729 0.0243514
11 0.969054 0.683984 0.0600594 0.133856 0.0241677
0 0.641752 0.636685 0.0202873 0.067288 0.024122
4 0.231544 0.630431 0.0135396 0.0227948 0.0240589
13 0.982267 0.586006 0.034837 0.148954 0.0238101
0 0.61666 0.556398 0.0210419 0.0918968 0.0234461
0 0.236685 0.618236 0.00891457 0.0208887 0.0230846
8 0.820035 0.649304 0.0155033 0.0406882 0.0219604
8 0.827215 0.662134 0.0174736 0.0300246 0.0218835
0 0.541875 0.572244 0.0398495 0.0771757 0.021729
0 0.878281 0.595739 0.012549 0.0584661 0.0216254
0 0.971062 0.654016 0.0574398 0.143263 0.0214765
8 0.6397 0.651725 0.0218203 0.0444404 0.0214285
4 0.0368395 0.615271 0.0271526 0.0335176 0.0213273
8 0.236944 0.65451 0.0136589 0.0252395 0.020891
4 0.9608 0.812349 0.0772095 0.37162 0.020648
8 0.716861 0.635648 0.0253362 0.0697589 0.0205531
3 0.849613 0.699612 0.0989475 0.130715 0.020083
5 0.212197 0.642174 0.0252988 0.0316925 0.0200723
4 0.641752 0.636685 0.0202873 0.067288 0.0199198
9 0.745937 0.622321 0.0367407 0.156509 0.0191155
8 0.840222 0.641544 0.0139362 0.0389103 0.0186594
8 0.865273 0.663218 0.0701588 0.0745826 0.0186527
0 0.553298 0.574354 0.0264138 0.0746823 0.0183759
11 0.951766 0.655541 0.0253271 0.062618 0.0182252
4 0.0091572 0.612385 0.0156565 0.0262248 0.0181196
0 0.816092 0.74439 0.115092 0.235942 0.0180925
4 0.0296734 0.621571 0.0205475 0.0267984 0.0178067
0 0.978727 0.620871 0.0398077 0.06996 0.0178009
11 0.978817 0.634082 0.0408474 0.22159 0.0177515
4 0.247408 0.641992 0.0106519 0.0281227 0.0174936
8 0.905087 0.645716 0.0320629 0.0602568 0.0157248
3 0.919197 0.650531 0.0404819 0.0620673 0.0156906
0 0.738001 0.606427 0.0262962 0.107026 0.0156682
4 0.812497 0.604856 0.0515515 0.115391 0.0156042
1 0.241073 0.598246 0.0103652 0.0249446 0.0153936
8 0.840568 0.629829 0.0116371 0.0311157 0.0150791
8 0.832246 0.689407 0.0581613 0.107976 0.014634
0 0.680498 0.609239 0.00874225 0.022339 0.0146178
2 0.0796467 0.44258 0.010281 0.0124008 0.014572
4 0.946141 0.644628 0.0265717 0.0722885 0.0145054
4 0.637099 0.617825 0.0139255 0.0316566 0.0144899
17 0.987885 0.576377 0.0213524 0.130552 0.0142154
3 0.240737 0.644671 0.0138422 0.0304528 0.0139382
4 0.43976 0.572512 0.388377 0.334508 0.0136208
8 0.849613 0.699612 0.0989475 0.130715 0.0133359
15 0.0376925 0.603799 0.0222689 0.0270725 0.0132734
0 0.210384 0.641601 0.0246716 0.0328561 0.0132011
11 0.754638 0.613778 0.0414413 0.109004 0.0131738
8 0.72792 0.642678 0.0283599 0.071172 0.0131452
1 0.233806 0.606276 0.011561 0.0170044 0.0130705
0 0.247408 0.641992 0.0106519 0.0281227 0.012628
7 0.9855 0.483572 0.00895477 0.0255013 0.012619
1 0.140934 0.588452 0.00898396 0.0230672 0.0123976
3 0.879861 0.653702 0.0383427 0.0537116 0.0123214
8 0.893179 0.629677 0.027369 0.0353268 0.0122706
1 0.168663 0.549466 0.0120779 0.0211464 0.012119
4 0.815802 0.611683 0.0681107 0.0630493 0.0120834
4 0.680918 0.616173 0.105736 0.0884154 0.0119576
1 0.0386411 0.601618 0.0201715 0.0233944 0.0119532
2 0.986757 0.48395 0.00770911 0.0301413 0.0119079
0 0.486312 0.55889 0.0371109 0.0344799 0.0117596
8 0.854291 0.623445 0.0140978 0.0362228 0.0115723
12 0.0376925 0.603799 0.0222689 0.0270725 0.0114851
7 0.397149 0.398533 0.00744724 0.0259344 0.0114686
22 0.250947 0.673666 0.0122968 0.0509728 0.0114604
13 0.96559 0.674963 0.0541439 0.0999615 0.0114221
22 0.243953 0.666307 0.0099435 0.051211 0.0113331
13 0.951766 0.655541 0.0253271 0.062618 0.0113305
8 0.641752 0.636685 0.0202873 0.067288 0.0113013
0 0.619162 0.523794 0.0162289 0.0604892 0.0112932
0 0.400466 0.571677 0.0293318 0.0502624 0.011269
4 0.690877 0.618715 0.0480195 0.0324673 0.0112528
7 0.188671 0.504826 0.0114256 0.0201508 0.0112291
0 0.873893 0.607474 0.0197155 0.0639679 0.0106967
0 0.577341 0.569486 0.0353578 0.0546914 0.0105733
0 0.968735 0.563849 0.0166115 0.03962 0.0104163
8 0.832308 0.62941 0.021334 0.0428606 0.0103231
3 0.226472 0.641664 0.0119954 0.0263653 0.0102686
8 0.847234 0.731737 0.110474 0.196283 0.0102155
7 0.355766 0.45266 0.00960095 0.0168705 0.0101277
0 0.389456 0.564831 0.0245071 0.0498766 0.0097701
7 0.0535375 0.481299 0.00815151 0.0220222 0.00976315
4 0.0386411 0.601618 0.0201715 0.0233944 0.0097578
0 0.532293 0.543998 0.0359528 0.0646262 0.0096781
0 0.820035 0.649304 0.0155033 0.0406882 0.00963943
1 0.186535 0.499493 0.0133617 0.0214037 0.00961276
0 0.878339 0.625311 0.0135674 0.0338327 0.00956695
4 0.832308 0.62941 0.021334 0.0428606 0.00945192
13 0.798315 0.548212 0.0220999 0.0443994 0.00925743
11 0.716733 0.649633 0.0334382 0.0540393 0.00922912
8 0.808332 0.647945 0.0214821 0.0525731 0.00911359
8 0.977316 0.646169 0.0442203 0.198134 0.00907824
8 0.842631 0.660902 0.0150341 0.0336209 0.00903856
2 0.98973 0.484849 0.0129739 0.0262983 0.00890275
0 0.646366 0.609774 0.0133959 0.0309993 0.00878237
1 0.134046 0.58824 0.0101871 0.0244599 0.00877103
0 0.370587 0.571867 0.0164896 0.0548274 0.00862768
1 0.6308 0.516647 0.0115021 0.0454322 0.00861002
0 0.412718 0.569278 0.0231835 0.0565839 0.00851607
5 0.43976 0.572512 0.388377 0.334508 0.00850749
0 0.977194 0.575425 0.0426359 0.123958 0.00841358
2 0.985417 0.478806 0.00915149 0.0251994 0.00838022
9 0.718298 0.648304 0.0351647 0.0590369 0.00830666
14 0.243953 0.666307 0.0099435 0.051211 0.00818306
4 0.923913 0.650621 0.035072 0.0618728 0.00799423
1 0.0631041 0.588145 0.0160693 0.0394234 0.00793379
4 0.0237745 0.633315 0.0211249 0.0369095 0.00790807
22 0.265898 0.683613 0.012161 0.040682 0.0079014
22 0.236944 0.65451 0.0136589 0.0252395 0.00787309
0 0.640415 0.651511 0.0224771 0.0447213 0.0078514
13 0.744597 0.550745 0.010871 0.0141998 0.00785028
0 0.777902 0.659539 0.0331597 0.272392 0.00771536
14 0.239048 0.645216 0.0123818 0.0283199 0.00771228
4 0.239879 0.631717 0.0104327 0.020888 0.00767489
3 0.865273 0.663218 0.0701588 0.0745826 0.00763498
0 0.963618 0.639603 0.0540634 0.0628351 0.00759069
0 0.236944 0.65451 0.0136589 0.0252395 0.00757423
4 0.0128691 0.610629 0.0143669 0.022715 0.00750105
1 0.236685 0.618236 0.00891457 0.0208887 0.00733042
15 0.14037 0.638181 0.0810413 0.0721445 0.00732101
0 0.870382 0.62323 0.0233246 0.0429894 0.00729089
3 0.905087 0.645716 0.0320629 0.0602568 0.00721326
8 0.869778 0.672954 0.0442707 0.0827635 0.0071931
0 0.604326 0.568635 0.0259253 0.0574505 0.00717291
8 0.212543 0.649465 0.0222912 0.0346006 0.00716078
0 0.544727 0.51161 0.015678 0.0400216 0.00701478
1 0.239761 0.555908 0.0147923 0.044941 0.00699785
6 0.14037 0.638181 0.0810413 0.0721445 0.00694263
7 0.069981 0.48357 0.00613232 0.0172512 0.00693
0 0.413801 0.54469 0.0258764 0.0483071 0.0069233
5 0.240737 0.644671 0.0138422 0.0304528 0.00690571
6 0.439489 0.572372 0.390737 0.334989 0.00685741
2 0.069981 0.48357 0.00613232 0.0172512 0.00679857
1 0.235014 0.565077 0.0124459 0.0306659 0.0067618
7 0.98973 0.484849 0.0129739 0.0262983 0.0066962
8 0.210384 0.641601 0.0246716 0.0328561 0.00665789
8 0.682241 0.639577 0.0123001 0.0436176 0.00664532
9 0.72792 0.642678 0.0283599 0.071172 0.00662839
1 0.222747 0.607915 0.00920477 0.0211173 0.00656369
4 0.837563 0.616794 0.0251885 0.0444405 0.00651839
0 0.56988 0.578742 0.0375803 0.060694 0.0063912
8 0.858945 0.617625 0.0209645 0.0427911 0.00636152
1 0.179055 0.628334 0.019783 0.0330656 0.00634859
4 0.173773 0.613308 0.0121534 0.0260995 0.00629181
8 0.247408 0.641992 0.0106519 0.0281227 0.00626432
3 0.236944 0.65451 0.0136589 0.0252395 0.00625695
0 0.243953 0.666307 0.0099435 0.051211 0.00615077
13 0.969392 0.671961 0.0600236 0.162416 0.00613191
0 0.618975 0.59355 0.0203381 0.0504118 0.00612777
8 0.812497 0.604856 0.0515515 0.115391 0.00587012
1 0.167447 0.58305 0.0142046 0.0144488 0.00585495
8 0.691661 0.644748 0.0137501 0.0344769 0.00582986
7 0.129925 0.530572 0.00668464 0.0128099 0.00579656
4 0.716215 0.653064 0.0320026 0.0460383 0.00576565
0 0.550806 0.593066 0.0256655 0.0832705 0.00574698
8 0.738042 0.61659 0.0317255 0.125295 0.00573305
7 0.118432 0.531008 0.0103429 0.0138356 0.00570924
6 0.0128691 0.610629 0.0143669 0.022715 0.0056998
1 0.152896 0.545832 0.00937734 0.0211908 0.00567764
1 0.0846462 0.588072 0.0128104 0.0239393 0.00560858
0 0.79813 0.547576 0.0217468 0.0447268 0.00556169
1 0.640763 0.525162 0.00793604 0.033559 0.00554152
7 0.134046 0.58824 0.0101871 0.0244599 0.00550498
13 0.969224 0.572048 0.0172093 0.03323 0.00547657
3 0.820598 0.725518 0.101727 0.182843 0.00535576
1 0.118432 0.531008 0.0103429 0.0138356 0.00526705
1 0.986757 0.48395 0.00770911 0.0301413 0.00522411
0 0.4254 0.546185 0.0204778 0.0420444 0.00521166
2 0.928718 0.472176 0.00717468 0.0129732 0.0051377
0 0.55558 0.535808 0.0347361 0.081755 0.00512664
1 0.0842443 0.598749 0.0118216 0.0183001 0.00511133
0 0.790437 0.68162 0.0642227 0.25205 0.0051064
5 0.226472 0.641664 0.0119954 0.0263653 0.00510577
4 0.840568 0.629829 0.0116371 0.0311157 0.00510402
4 0.857957 0.651929 0.0426812 0.050653 0.00501517
0 0.470355 0.555044 0.0220066 0.03055 0.00499974
8 0.820598 0.725518 0.101727 0.182843 0.00498517
4 0.725559 0.629291 0.0478506 0.0795256 0.0049455
2 0.6308 0.516647 0.0115021 0.0454322 0.00490186
0 0.972419 0.601976 0.0253439 0.0491618 0.00487847
8 0.192742 0.639738 0.0305302 0.0355893 0.00487276
10 0.265539 0.690656 0.00899924 0.0267097 0.00482949
1 0.152568 0.579945 0.0101434 0.0242081 0.00469392
1 0.129925 0.530572 0.00668464 0.0128099 0.00465815
7 0.642059 0.521639 0.00677832 0.0361895 0.00461488
0 0.716861 0.635648 0.0253362 0.0697589 0.00456911
12 0.0128691 0.610629 0.0143669 0.022715 0.00456722
0 0.202644 0.638422 0.0385799 0.03548 0.00453964
0 0.815802 0.611683 0.0681107 0.0630493 0.00452325
7 0.0954973 0.593613 0.00731924 0.0171634 0.00450841
12 0.172569 0.611576 0.0124148 0.0242606 0.00449409
2 0.0728441 0.443651 0.0143308 0.0117824 0.00444634
1 0.140877 0.593662 0.0126525 0.0172716 0.00437446
11 0.745937 0.622321 0.0367407 0.156509 0.00436404
4 0.212543 0.649465 0.0222912 0.0346006 0.00434871
7 0.0578893 0.475278 0.00543444 0.020892 0.00433019
0 0.541037 0.551085 0.0321289 0.0959876 0.00428104
0 0.909779 0.602786 0.0125416 0.0603365 0.00424879
0 0.988142 0.545342 0.0212841 0.0694213 0.00422473
0 0.810594 0.598246 0.045348 0.105962 0.00420579
0 0.173773 0.613308 0.0121534 0.0260995 0.0041511
17 0.980857 0.599142 0.0354758 0.178198 0.00413144
0 0.832308 0.62941 0.021334 0.0428606 0.00413008
1 0.185471 0.520171 0.0133328 0.0440537 0.00412888
1 0.184779 0.583445 0.0109747 0.0173835 0.00411934
3 0.725614 0.644251 0.0514736 0.0620926 0.00410244
1 0.183559 0.559511 0.0128441 0.0257677 0.00408057
4 0.646366 0.609774 0.0133959 0.0309993 0.00395975
42 0.231544 0.630431 0.0135396 0.0227948 0.00395003
8 0.720038 0.608015 0.0158511 0.0275375 0.00393962
0 0.680861 0.61377 0.0107775 0.0187444 0.0039012
1 0.908715 0.547996 0.00876276 0.0210112 0.00389164
4 0.879851 0.654792 0.035704 0.0502315 0.00389147
0 0.596931 0.583385 0.038702 0.0773805 0.00387954
8 0.818596 0.691508 0.0734724 0.125972 0.00385606
3 0.243953 0.666307 0.0099435 0.051211 0.00381427
4 0.951568 0.610306 0.0348549 0.0503416 0.00380599
2 0.63633 0.520981 0.00948389 0.0410424 0.00379942
3 0.893179 0.629677 0.027369 0.0353268 0.00374105
8 0.963618 0.639603 0.0540634 0.0628351 0.0037109
0 0.482673 0.565887 0.0311023 0.0355556 0.00370959
