4 0.632102 0.774256 0.172795 0.171153 0.941762
4 0.385049 0.678995 0.00907535 0.0108234 0.268106
4 0.424454 0.67987 0.0135576 0.0253405 0.259504
4 0.387925 0.678873 0.0112183 0.0110018 0.20924
6 0.424731 0.679294 0.0140251 0.0250684 0.194797
4 0.368525 0.677516 0.0101418 0.0122687 0.162235
4 0.385934 0.677531 0.00845093 0.0157251 0.134005
1 0.406376 0.664776 0.00938001 0.0135509 0.0514703
4 0.406486 0.676093 0.00947034 0.0102538 0.0507203
1 0.352319 0.648607 0.00883359 0.0152159 0.0363943
1 0.352914 0.65413 0.0081579 0.0212059 0.0305917
6 0.385049 0.678995 0.00907535 0.0108234 0.0270578
4 0.362688 0.675306 0.00696957 0.0123486 0.0246321
6 0.40984 0.672395 0.0116038 0.0106922 0.0190399
6 0.387925 0.678873 0.0112183 0.0110018 0.0181908
1 0.424731 0.679294 0.0140251 0.0250684 0.0166324
6 0.406376 0.664776 0.00938001 0.0135509 0.010514
4 0.406376 0.664776 0.00938001 0.0135509 0.0102018
4 0.40984 0.672395 0.0116038 0.0106922 0.00964042
6 0.385934 0.677531 0.00845093 0.0157251 0.00930131
4 0.42144 0.67038 0.0126675 0.0206805 0.00883997
6 0.368525 0.677516 0.0101418 0.0122687 0.00851982
1 0.348311 0.645864 0.0149677 0.0110161 0.00762605
4 0.359159 0.678431 0.00928488 0.011364 0.00541882
1 0.42144 0.67038 0.0126675 0.0206805 0.00506736
6 0.42144 0.67038 0.0126675 0.0206805 0.00473187
6 0.428719 0.679498 0.0187404 0.0226356 0.00465119
6 0.362688 0.675306 0.00696957 0.0123486 0.0045884
15 0.424731 0.679294 0.0140251 0.0250684 0.00425567
4 0.396016 0.678821 0.0170898 0.0234528 0.00397112
6 0.406486 0.676093 0.00947034 0.0102538 0.00360716
4 0.345107 0.680886 0.00756027 0.0087756 0.00349162
4 0.396114 0.669045 0.00974442 0.0177817 0.00289492
15 0.385049 0.678995 0.00907535 0.0108234 0.00287198
1 0.385049 0.678995 0.00907535 0.0108234 0.00276206
4 0.428719 0.679498 0.0187404 0.0226356 0.00264424
15 0.387925 0.678873 0.0112183 0.0110018 0.00229216
4 0.384592 0.669993 0.00929208 0.0195044 0.0022389
2 0.935619 0.603706 0.0116285 0.0210737 0.00220828
1 0.387925 0.678873 0.0112183 0.0110018 0.00216562
1 0.935314 0.606317 0.0109805 0.0201634 0.0020536
2 0.632459 0.77477 0.172371 0.172341 0.00201152
15 0.368525 0.677516 0.0101418 0.0122687 0.00200567
4 0.365231 0.668797 0.00983722 0.0172276 0.00187732
1 0.349106 0.653113 0.0140633 0.0228826 0.00169228
6 0.424871 0.671601 0.0125731 0.0228094 0.0016547
1 0.40984 0.672395 0.0116038 0.0106922 0.00162029
4 0.424871 0.671601 0.0125731 0.0228094 0.00155313
1 0.424871 0.671601 0.0125731 0.0228094 0.00155035
0 0.385049 0.678995 0.00907535 0.0108234 0.00150639
1 0.385934 0.677531 0.00845093 0.0157251 0.00149315
15 0.385934 0.677531 0.00845093 0.0157251 0.00144938
0 0.424454 0.67987 0.0135576 0.0253405 0.00143106
1 0.365231 0.668797 0.00983722 0.0172276 0.0013928
1 0.818717 0.714126 0.00882843 0.0123614 0.00137298
4 0.437896 0.678381 0.0121974 0.0103808 0.00137243
15 0.40984 0.672395 0.0116038 0.0106922 0.00134992
1 0.368525 0.677516 0.0101418 0.0122687 0.00132665
2 0.887904 0.272052 0.0102656 0.0116617 0.00112035
4 0.370429 0.688549 0.0109154 0.0217655 0.00111188
1 0.396114 0.669045 0.00974442 0.0177817 0.00110559
4 0.408549 0.735725 0.0100417 0.0127547 0.00107743
1 0.345107 0.680886 0.00756027 0.0087756 0.00105602
5 0.424731 0.679294 0.0140251 0.0250684 0.00100823
