4 0.358095 0.453315 0.0151512 0.0201683 0.68339
4 0.55139 0.386933 0.0271618 0.0189028 0.649374
4 0.865237 0.563046 0.0213344 0.0242979 0.556871
4 0.866202 0.346881 0.0279586 0.0164762 0.553503
4 0.885886 0.371306 0.0247629 0.0180478 0.521276
4 0.970209 0.358087 0.0312113 0.0203751 0.46255
4 0.303037 0.681514 0.0577801 0.0383066 0.407105
4 0.992428 0.357893 0.0126064 0.015103 0.360509
4 0.159404 0.539126 0.0523696 0.0267683 0.283841
4 0.861992 0.360941 0.0260131 0.0233243 0.22552
4 0.941998 0.3598 0.0214306 0.0151948 0.200643
4 0.970032 0.571989 0.0541415 0.0499999 0.176871
4 0.234392 0.694398 0.0439178 0.0260584 0.17124
4 0.931632 0.360626 0.0144447 0.0139206 0.170538
4 0.0128189 0.209134 0.0170476 0.0176045 0.145735
4 0.351702 0.457415 0.0263171 0.0207949 0.121222
4 0.816601 0.359298 0.0179007 0.0142028 0.114153
4 0.953745 0.568091 0.0213597 0.0485958 0.0942401
4 0.865303 0.342508 0.030743 0.0206269 0.0933134
4 0.0900554 0.210789 0.0169669 0.00703402 0.0809019
4 0.194653 0.732744 0.150441 0.0700145 0.0807025
4 0.179345 0.534889 0.0151615 0.0156783 0.0802429
4 0.754315 0.386548 0.0159591 0.0163756 0.0724087
4 0.152318 0.541291 0.0360576 0.0221649 0.0720126
4 0.923036 0.362718 0.0217993 0.0160069 0.0570571
4 0.856123 0.370772 0.0132554 0.018382 0.0526947
4 0.282261 0.230382 0.0174066 0.0100352 0.0523064
4 0.343943 0.465928 0.0261333 0.0169879 0.0495019
4 0.941506 0.329145 0.0114055 0.0128197 0.0486687
4 0.205982 0.705268 0.0212062 0.016378 0.048361
4 0.756612 0.390082 0.01555 0.0181259 0.0462244
4 0.993639 0.350977 0.0107028 0.0197311 0.0448745
4 0.693738 0.37776 0.0128341 0.0124527 0.0437062
4 0.936083 0.362144 0.0120066 0.0175464 0.043503
1 0.447632 0.58796 0.0102831 0.0164791 0.0419124
4 0.986662 0.584648 0.0232366 0.0270304 0.0410642
4 0.810897 0.401668 0.0173962 0.0156423 0.0406789
4 0.159928 0.530492 0.0556704 0.0370998 0.0375932
4 0.572225 0.596113 0.00969269 0.0226648 0.0373537
14 0.313542 0.679456 0.0406919 0.0333648 0.03638
4 0.165611 0.533654 0.0412149 0.0206791 0.0360907
0 0.572129 0.600489 0.00969855 0.0298086 0.035952
4 0.560539 0.385007 0.0159328 0.0163464 0.0321415
4 0.313542 0.679456 0.0406919 0.0333648 0.0315205
4 0.990835 0.359869 0.0141764 0.0214135 0.0315107
4 0.087134 0.209186 0.0209497 0.00826752 0.0313848
4 0.418387 0.515957 0.0159754 0.0127271 0.0306065
5 0.992428 0.357893 0.0126064 0.015103 0.0302832
4 0.902344 0.366732 0.0106408 0.0166069 0.0298175
4 0.809209 0.357407 0.00933557 0.0164453 0.0293687
4 0.540171 0.387044 0.0303975 0.0184347 0.0286871
4 0.534146 0.390325 0.0212221 0.019398 0.0286151
4 0.141627 0.506252 0.0224775 0.0136445 0.0284037
4 0.927328 0.342541 0.0164697 0.0120139 0.0281821
4 0.874139 0.372149 0.0198998 0.0182399 0.0281151
1 0.446604 0.610666 0.0132624 0.0348112 0.0275298
4 0.151475 0.535291 0.0354707 0.0240998 0.0273193
5 0.305296 0.681771 0.0559031 0.0375671 0.026746
4 0.0276916 0.209249 0.00947247 0.0142494 0.0267241
6 0.971013 0.357142 0.0303177 0.0209093 0.0266843
6 0.992428 0.357893 0.0126064 0.015103 0.0258487
4 0.683125 0.691277 0.0113387 0.0171072 0.0254157
14 0.395214 0.601659 0.0104918 0.037441 0.0253082
4 0.11441 0.216892 0.0107599 0.0118644 0.0245748
4 0.334445 0.467076 0.0166452 0.0164816 0.0240334
4 0.395812 0.515065 0.0141779 0.018918 0.0224116
4 0.940555 0.341795 0.0163558 0.0202281 0.0217995
4 0.288313 0.231285 0.0135915 0.00805282 0.0216568
4 0.15709 0.72751 0.072452 0.0558653 0.0213231
4 0.986645 0.576135 0.0221832 0.0356889 0.0211059
4 0.314675 0.233673 0.0125357 0.00913577 0.020285
4 0.825615 0.360645 0.0112387 0.0165174 0.0200488
4 0.368055 0.456541 0.0327094 0.0272903 0.0200054
15 0.970032 0.571989 0.0541415 0.0499999 0.0197452
4 0.0706219 0.208337 0.0117566 0.0100703 0.0195207
4 0.115371 0.213467 0.00988327 0.00659594 0.0189096
0 0.395214 0.601659 0.0104918 0.037441 0.01876
8 0.395812 0.515065 0.0141779 0.018918 0.017993
14 0.572129 0.600489 0.00969855 0.0298086 0.0178804
4 0.115713 0.222385 0.0121281 0.0152083 0.0172775
1 0.838593 0.586252 0.00936646 0.0152371 0.0171223
8 0.397458 0.520083 0.0130621 0.0198351 0.0170493
1 0.953745 0.568091 0.0213597 0.0485958 0.0167995
4 0.0896754 0.214842 0.019947 0.0134221 0.016677
4 0.106096 0.213197 0.0230262 0.0065583 0.0165744
1 0.41873 0.600922 0.0140189 0.0199632 0.016507
4 0.358978 0.446942 0.0144783 0.0236257 0.0160316
4 0.228144 0.726287 0.206019 0.0793343 0.0156638
4 0.929386 0.33069 0.0156375 0.0163784 0.015229
4 0.973978 0.350891 0.0206044 0.0211642 0.015033
0 0.81355 0.582342 0.00923193 0.0280525 0.0150164
4 0.54814 0.382327 0.0255106 0.0258515 0.0149324
4 0.180719 0.538618 0.0129611 0.0188506 0.0140089
7 0.81355 0.582342 0.00923193 0.0280525 0.0136524
1 0.0122983 0.210606 0.017637 0.0197059 0.0126926
4 0.146343 0.511763 0.0215816 0.0188674 0.0123559
4 0.835918 0.338507 0.0224708 0.0188532 0.0121175
4 0.307095 0.233471 0.0258294 0.0095355 0.0118539
4 0.866377 0.571945 0.0204695 0.0278872 0.0116392
4 0.213773 0.224893 0.0112181 0.0112237 0.0116038
4 0.928832 0.370198 0.0167636 0.0196821 0.0113785
4 0.398608 0.514699 0.0184542 0.0249977 0.0111589
4 0.874022 0.564645 0.0132828 0.0240481 0.0110211
4 0.111233 0.22278 0.0145464 0.0148738 0.0108601
1 0.81355 0.582342 0.00923193 0.0280525 0.0105647
4 0.7612 0.38755 0.0141636 0.0175553 0.0105211
4 0.415971 0.385946 0.0126538 0.0136732 0.0103182
4 0.941546 0.370251 0.0197695 0.0202516 0.0102306
4 0.86461 0.557497 0.0223663 0.0192461 0.0101233
8 0.400627 0.522139 0.0137162 0.0203847 0.00999178
4 0.838593 0.586252 0.00936646 0.0152371 0.00992871
5 0.572129 0.600489 0.00969855 0.0298086 0.00986731
4 0.400627 0.522139 0.0137162 0.0203847 0.00984843
4 0.160193 0.224335 0.0209189 0.0138214 0.00976915
8 0.572129 0.600489 0.00969855 0.0298086 0.00974808
6 0.865237 0.563046 0.0213344 0.0242979 0.00970245
4 0.397458 0.520083 0.0130621 0.0198351 0.00959894
4 0.852585 0.343502 0.0377292 0.021598 0.00932487
4 0.167582 0.223779 0.0211571 0.0145229 0.00931728
4 0.368894 0.41626 0.0100589 0.0159843 0.00925777
1 0.345436 0.631833 0.0131681 0.0351154 0.00922021
4 0.345436 0.631833 0.0131681 0.0351154 0.0091617
4 0.900499 0.371346 0.0107593 0.0164664 0.00911686
4 0.74959 0.386401 0.015553 0.0182153 0.00908192
4 0.553312 0.358298 0.0202349 0.0184248 0.00906242
4 0.683371 0.686957 0.01258 0.0225218 0.0090156
4 0.134144 0.751149 0.0298775 0.0303217 0.00894192
4 0.935888 0.33202 0.00798737 0.0136457 0.00869361
6 0.816601 0.359298 0.0179007 0.0142028 0.00860879
4 0.727003 0.599727 0.0162329 0.0138324 0.00836873
6 0.970032 0.571989 0.0541415 0.0499999 0.00836587
5 0.395812 0.515065 0.0141779 0.018918 0.00827876
6 0.88647 0.371366 0.0254837 0.0176387 0.00801241
0 0.395812 0.515065 0.0141779 0.018918 0.00797784
4 0.348591 0.452955 0.0322527 0.0291937 0.0077798
4 0.971591 0.563951 0.044798 0.0341638 0.00773523
4 0.694652 0.690022 0.0259121 0.0190564 0.00765966
1 0.683125 0.691277 0.0113387 0.0171072 0.00763684
14 0.349868 0.685535 0.0171972 0.0217691 0.0075119
1 0.395636 0.600242 0.00990265 0.0375914 0.00740234
4 0.216955 0.701477 0.0426985 0.0354442 0.00734148
7 0.633227 0.593657 0.00955243 0.0438434 0.00728391
6 0.993639 0.350977 0.0107028 0.0197311 0.00727115
4 0.81826 0.350582 0.0208969 0.0208139 0.00724673
4 0.316511 0.24144 0.0156936 0.0153075 0.00721889
4 0.833363 0.340523 0.0149216 0.0178322 0.00719623
4 0.344453 0.471481 0.0286078 0.0281522 0.00718221
1 0.964566 0.568332 0.043338 0.0489149 0.00711885
4 0.924061 0.340585 0.0219249 0.014649 0.00708606
4 0.749674 0.39155 0.0183349 0.0199433 0.00701035
6 0.866632 0.347974 0.029607 0.0180384 0.00696798
4 0.332599 0.41982 0.0135582 0.0231861 0.00694438
0 0.909983 0.365064 0.00789227 0.014309 0.00688544
4 0.848101 0.35547 0.0207813 0.018554 0.00681462
4 0.715473 0.597035 0.00822949 0.0193983 0.00674271
6 0.975541 0.35362 0.0248542 0.025791 0.00660701
0 0.838593 0.586252 0.00936646 0.0152371 0.00658024
4 0.574163 0.600855 0.0136102 0.0298775 0.00653669
4 0.181008 0.719438 0.0723093 0.0426134 0.00647985
4 0.284893 0.226842 0.0135658 0.0139837 0.00645329
1 0.399003 0.0700538 0.0152805 0.0249548 0.00637495
6 0.754315 0.386548 0.0159591 0.0163756 0.00625622
4 0.883879 0.352006 0.0272338 0.0231528 0.00625395
1 0.941506 0.329145 0.0114055 0.0128197 0.00624247
0 0.392108 0.603597 0.0108845 0.0376031 0.00621021
0 0.397458 0.520083 0.0130621 0.0198351 0.00618041
8 0.302796 0.681479 0.0588423 0.0372461 0.00610336
1 0.132555 0.169876 0.00838219 0.0170187 0.00610052
4 0.909983 0.365064 0.00789227 0.014309 0.00604693
22 0.838593 0.586252 0.00936646 0.0152371 0.00599157
4 0.832383 0.330142 0.0115424 0.0173491 0.00595968
5 0.865237 0.563046 0.0213344 0.0242979 0.00576366
6 0.0113965 0.20902 0.0187586 0.0178839 0.00575605
5 0.397458 0.520083 0.0130621 0.0198351 0.00569916
4 0.447632 0.58796 0.0102831 0.0164791 0.00559602
1 0.865237 0.563046 0.0213344 0.0242979 0.0055676
1 0.832383 0.330142 0.0115424 0.0173491 0.0055559
4 0.689339 0.369272 0.0141265 0.0191716 0.00548406
4 0.970317 0.366336 0.0281501 0.0276709 0.00544533
7 0.395812 0.515065 0.0141779 0.018918 0.00537547
4 0.419402 0.520989 0.0167736 0.0195918 0.00531679
6 0.200476 0.730016 0.162137 0.071446 0.00527693
8 0.398608 0.514699 0.0184542 0.0249977 0.00526427
14 0.41873 0.600922 0.0140189 0.0199632 0.00524843
0 0.992428 0.357893 0.0126064 0.015103 0.00517367
7 0.395214 0.601659 0.0104918 0.037441 0.00512088
4 0.306891 0.240277 0.026634 0.0187219 0.00509404
4 0.919279 0.371476 0.0182818 0.0175307 0.005016
8 0.838593 0.586252 0.00936646 0.0152371 0.00496468
1 0.449562 0.608314 0.0149354 0.0393457 0.00490875
14 0.395812 0.515065 0.0141779 0.018918 0.00481742
1 0.835535 0.586981 0.0110299 0.016025 0.00481362
5 0.41873 0.600922 0.0140189 0.0199632 0.00480376
4 0.69234 0.683559 0.0299995 0.027515 0.00478135
1 0.572129 0.600489 0.00969855 0.0298086 0.00476759
4 0.989814 0.342982 0.016336 0.0247891 0.00473872
4 0.9557 0.368293 0.0216829 0.0232585 0.0047178
4 0.954241 0.350695 0.025467 0.0251927 0.00463249
6 0.931632 0.360626 0.0144447 0.0139206 0.00460884
4 0.350805 0.422194 0.0146436 0.0238885 0.00454284
4 0.0919884 0.220396 0.0256362 0.0189407 0.00453416
0 0.349868 0.685535 0.0171972 0.0217691 0.00442155
4 0.785941 0.399838 0.0722464 0.035066 0.00438887
4 0.550874 0.394347 0.0288503 0.0299976 0.00438877
4 0.396348 0.501148 0.018517 0.0305537 0.0043806
6 0.927328 0.342541 0.0164697 0.0120139 0.00436401
5 0.838593 0.586252 0.00936646 0.0152371 0.00432728
1 0.234166 0.205513 0.00953368 0.0205384 0.00429596
0 0.835535 0.586981 0.0110299 0.016025 0.0042952
6 0.923036 0.362718 0.0217993 0.0160069 0.00428238
4 0.35292 0.473781 0.024345 0.0289052 0.00423301
4 0.901097 0.546253 0.0136639 0.0175132 0.0042184
4 0.668506 0.320658 0.0148668 0.0128406 0.00421357
4 0.195273 0.974139 0.0494753 0.049072 0.00418475
4 0.178107 0.363214 0.0167787 0.0177489 0.0041686
1 0.442345 0.642606 0.0202371 0.029273 0.00411277
0 0.41873 0.600922 0.0140189 0.0199632 0.00408521
7 0.838593 0.586252 0.00936646 0.0152371 0.00405482
6 0.941998 0.3598 0.0214306 0.0151948 0.00404724
4 0.128806 0.225614 0.0135678 0.0120177 0.00398234
4 0.3336 0.461998 0.0179539 0.0186034 0.00397916
7 0.397458 0.520083 0.0130621 0.0198351 0.0038989
4 0.647718 0.34598 0.0205953 0.0132089 0.00388008
4 0.796301 0.401314 0.0519562 0.0195486 0.00381459
4 0.41873 0.600922 0.0140189 0.0199632 0.00381088
4 0.898231 0.551525 0.0198701 0.0247512 0.00380461
4 0.585305 0.601947 0.033428 0.0268453 0.0037256
6 0.940555 0.341795 0.0163558 0.0202281 0.00371714
0 0.902344 0.366732 0.0106408 0.0166069 0.0036947
6 0.809209 0.357407 0.00933557 0.0164453 0.00369347
1 0.594647 0.335688 0.0105734 0.0165515 0.00366881
5 0.971013 0.357142 0.0303177 0.0209093 0.00363306
1 0.683371 0.686957 0.01258 0.0225218 0.00362377
4 0.0102109 0.201665 0.0165522 0.0197085 0.00358203
7 0.447766 0.60745 0.0112637 0.0380411 0.00346912
8 0.313542 0.679456 0.0406919 0.0333648 0.00346208
4 0.167786 0.131612 0.00988216 0.0122834 0.00345293
4 0.350775 0.607399 0.0109255 0.0130701 0.00335585
7 0.447632 0.58796 0.0102831 0.0164791 0.00330543
8 0.992428 0.357893 0.0126064 0.015103 0.00329318
7 0.634599 0.602333 0.0111575 0.0255051 0.00326815
4 0.951786 0.330456 0.0177917 0.015969 0.00326332
6 0.902344 0.366732 0.0106408 0.0166069 0.00320952
4 0.675999 0.357316 0.017276 0.0147466 0.00319378
1 0.420671 0.595347 0.012701 0.022404 0.00318582
1 0.418387 0.515957 0.0159754 0.0127271 0.00312914
4 0.0132486 0.217202 0.0184042 0.025059 0.00310839
0 0.923036 0.362718 0.0217993 0.0160069 0.00310423
3 0.317765 0.726785 0.0170249 0.027965 0.00310237
4 0.964872 0.331757 0.00868079 0.0179713 0.00310017
4 0.69133 0.375217 0.0160117 0.0140284 0.00309121
4 0.594647 0.335688 0.0105734 0.0165515 0.00309046
0 0.400627 0.522139 0.0137162 0.0203847 0.0030693
14 0.588068 0.627382 0.0149735 0.0264042 0.00304641
7 0.400627 0.522139 0.0137162 0.0203847 0.00303152
4 0.593012 0.382834 0.0116956 0.0144071 0.00302314
4 0.706936 0.595511 0.0116873 0.0274527 0.00302022
4 0.812891 0.265783 0.0156127 0.00892274 0.00297959
4 0.280755 0.238624 0.0148739 0.0211033 0.0029777
4 0.925399 0.330999 0.0196872 0.0177105 0.00293499
6 0.864838 0.36433 0.0319885 0.0186823 0.00292286
14 0.397458 0.520083 0.0130621 0.0198351 0.00290942
5 0.400627 0.522139 0.0137162 0.0203847 0.00290287
4 0.350381 0.62521 0.0112057 0.0267266 0.00287412
22 0.812893 0.582893 0.00857349 0.0275056 0.00282872
4 0.839577 0.280895 0.0111488 0.0137729 0.00282678
4 0.686574 0.403505 0.0167424 0.0165359 0.00282149
4 0.285741 0.686877 0.0469717 0.0332161 0.00278919
4 0.147938 0.224238 0.0188796 0.0138549 0.00275277
1 0.810897 0.401668 0.0173962 0.0156423 0.00274558
4 0.808704 0.352385 0.00863159 0.0223347 0.00274377
4 0.832672 0.215409 0.016771 0.0171616 0.00270797
7 0.65553 0.587387 0.0105549 0.0322002 0.00269319
4 0.420671 0.595347 0.012701 0.022404 0.00267338
4 0.551925 0.366427 0.0248405 0.0188024 0.00263972
1 0.929386 0.33069 0.0156375 0.0163784 0.00263171
4 0.295905 0.239574 0.0260472 0.0193529 0.00262641
8 0.835535 0.586981 0.0110299 0.016025 0.00262541
4 0.880538 0.577934 0.00790582 0.0186758 0.00259205
4 0.413178 0.386262 0.0178186 0.0158022 0.00257092
14 0.812893 0.582893 0.00857349 0.0275056 0.0025569
22 0.345436 0.631833 0.0131681 0.0351154 0.00254538
6 0.752896 0.390201 0.0203183 0.0187425 0.00253557
4 0.137971 0.544271 0.0156117 0.0220317 0.00253226
1 0.449276 0.588392 0.0141469 0.023871 0.0025239
4 0.398876 0.0693087 0.0159926 0.0251943 0.00250218
4 0.344627 0.426799 0.0119421 0.0192867 0.00249968
1 0.693738 0.37776 0.0128341 0.0124527 0.00243849
4 0.424957 0.515315 0.0142915 0.013552 0.00242795
4 0.384291 0.61937 0.00969495 0.0105398 0.00241497
1 0.809209 0.357407 0.00933557 0.0164453 0.00241051
4 0.290241 0.681397 0.0859858 0.0445245 0.00240993
6 0.941506 0.329145 0.0114055 0.0128197 0.00240035
5 0.398608 0.514699 0.0184542 0.0249977 0.00239485
1 0.395812 0.515065 0.0141779 0.018918 0.00238445
4 0.699059 0.679825 0.0175474 0.0233898 0.00238036
6 0.924061 0.340585 0.0219249 0.014649 0.00235404
4 0.0863508 0.219783 0.0277892 0.0209358 0.00234158
0 0.398608 0.514699 0.0184542 0.0249977 0.00234094
4 0.688733 0.397209 0.0178785 0.0257137 0.00231571
