4 0.0818411 0.702437 0.1634 0.263538 0.945571
1 0.242821 0.151894 0.141213 0.138801 0.940102
4 0.409631 0.65597 0.121281 0.135589 0.935624
4 0.545412 0.619134 0.0493911 0.0650126 0.894075
4 0.681899 0.621237 0.0693683 0.0852946 0.880466
4 0.794306 0.608108 0.0648182 0.08163 0.871039
1 0.441004 0.533992 0.0277441 0.0858735 0.861837
4 0.714433 0.610685 0.0212542 0.0474016 0.566807
4 0.729135 0.597347 0.0146177 0.0177488 0.381913
4 0.761917 0.594364 0.0110668 0.0186793 0.332187
4 0.724389 0.59443 0.0174755 0.0182221 0.157427
4 0.732972 0.596356 0.00963782 0.0146304 0.143866
4 0.747452 0.589325 0.0101007 0.0103809 0.0907745
4 0.71044 0.59551 0.0185761 0.021121 0.0810141
4 0.765822 0.599177 0.0102426 0.0301018 0.0682392
1 0.990906 0.406831 0.0151312 0.18488 0.0621661
4 0.747907 0.595982 0.0108492 0.0169558 0.0502227
1 0.802034 0.530321 0.00891583 0.0138041 0.0397759
14 0.871366 0.600156 0.0121167 0.0409522 0.0316059
2 0.0718763 0.191319 0.0113106 0.0219096 0.0225654
14 0.876674 0.603881 0.0141048 0.0341624 0.0194567
4 0.749445 0.603153 0.0156423 0.0268978 0.0174506
1 0.746086 0.572817 0.00905304 0.0129741 0.0166099
2 0.0452612 0.14272 0.0133587 0.0155266 0.0158176
2 0.0450258 0.146964 0.0129638 0.0201147 0.0123749
4 0.723379 0.60795 0.0173796 0.0350085 0.010511
4 0.522729 0.605794 0.0102039 0.0247245 0.0104057
0 0.732972 0.596356 0.00963782 0.0146304 0.00889765
1 0.991681 0.3338 0.0136685 0.0348049 0.00853704
6 0.747452 0.589325 0.0101007 0.0103809 0.00712536
6 0.801161 0.567997 0.021306 0.0117192 0.00619788
6 0.794002 0.565603 0.0275419 0.010415 0.00608783
14 0.858877 0.596214 0.0230263 0.0466471 0.00589691
0 0.522729 0.605794 0.0102039 0.0247245 0.00510842
0 0.762343 0.592812 0.0122585 0.0173397 0.00465882
4 0.357953 0.646892 0.0198423 0.049986 0.00462636
14 0.867662 0.593117 0.0165121 0.0511796 0.0044395
6 0.762343 0.592812 0.0122585 0.0173397 0.00416897
6 0.795333 0.551495 0.0276246 0.0364674 0.00415408
1 0.799706 0.552124 0.0210054 0.0354434 0.00404311
1 0.798733 0.534559 0.0133729 0.016869 0.00394753
4 0.359508 0.633486 0.0156931 0.0254235 0.00379517
4 0.746086 0.572817 0.00905304 0.0129741 0.00367907
5 0.761917 0.594364 0.0110668 0.0186793 0.00358838
4 0.770685 0.605263 0.0179412 0.0542676 0.00341524
5 0.714433 0.610685 0.0212542 0.0474016 0.00339013
1 0.770425 0.552737 0.00874744 0.0142388 0.00324694
4 0.702531 0.613857 0.024278 0.0651355 0.0030942
6 0.746086 0.572817 0.00905304 0.0129741 0.00307304
4 0.759867 0.605771 0.0139057 0.0362527 0.0030635
6 0.784527 0.570068 0.0131597 0.00984845 0.00301703
4 0.533566 0.595929 0.0257383 0.0213257 0.00277518
14 0.839331 0.609023 0.0287313 0.0504739 0.00271388
4 0.698122 0.58607 0.0130801 0.014893 0.00263505
4 0.784527 0.570068 0.0131597 0.00984845 0.00258216
14 0.838498 0.599501 0.037525 0.0545104 0.00251903
4 0.794002 0.565603 0.0275419 0.010415 0.00223708
2 0.590868 0.465499 0.00928668 0.0189028 0.0020253
0 0.747452 0.589325 0.0101007 0.0103809 0.0020243
2 0.0760183 0.189158 0.0168973 0.0249875 0.00195987
4 0.817622 0.599014 0.0201075 0.059257 0.00195599
1 0.785722 0.552278 0.0229146 0.0296368 0.00191292
2 0.0821379 0.703382 0.163914 0.266631 0.00184968
0 0.715154 0.609906 0.0220277 0.0475933 0.00184786
1 0.801161 0.567997 0.021306 0.0117192 0.00177234
0 0.765822 0.599177 0.0102426 0.0301018 0.00176703
8 0.747907 0.595982 0.0108492 0.0169558 0.00172828
4 0.720187 0.576591 0.0119106 0.0214861 0.0017214
0 0.747907 0.595982 0.0108492 0.0169558 0.00168043
4 0.522358 0.612813 0.0100662 0.0244504 0.00167702
2 0.145122 0.169755 0.0105433 0.0167293 0.00166254
0 0.794635 0.609332 0.0640397 0.0837675 0.00164826
8 0.732972 0.596356 0.00963782 0.0146304 0.00163317
14 0.857801 0.586448 0.0191371 0.0364554 0.0016103
14 0.830807 0.607212 0.0202451 0.054849 0.00160958
4 0.702508 0.575584 0.0112542 0.0196103 0.00160799
0 0.759729 0.59573 0.0129265 0.0181513 0.00158769
4 0.841129 0.595072 0.0474235 0.0518106 0.00157726
8 0.522729 0.605794 0.0102039 0.0247245 0.00155584
14 0.8759 0.594852 0.0294677 0.0476776 0.00153197
8 0.359508 0.633486 0.0156931 0.0254235 0.00145046
4 0.659264 0.599773 0.0218705 0.0368586 0.00143576
0 0.409704 0.655011 0.12263 0.1353 0.001395
6 0.714433 0.610685 0.0212542 0.0474016 0.00125768
12 0.801161 0.567997 0.021306 0.0117192 0.00123901
5 0.732972 0.596356 0.00963782 0.0146304 0.00121021
8 0.358281 0.638478 0.0187817 0.0348068 0.00119081
1 0.794002 0.565603 0.0275419 0.010415 0.00119053
6 0.759729 0.59573 0.0129265 0.0181513 0.00118097
2 0.0491869 0.143145 0.020955 0.0213339 0.0011756
0 0.729135 0.597347 0.0146177 0.0177488 0.00116598
2 0.592658 0.549312 0.00813483 0.0161441 0.00111209
4 0.669488 0.612732 0.049714 0.0649101 0.00110453
2 0.577087 0.465944 0.00901733 0.015153 0.00109762
2 0.11088 0.157941 0.0173051 0.0284893 0.00109703
8 0.761917 0.594364 0.0110668 0.0186793 0.00109134
2 0.467981 0.434372 0.0086554 0.0123137 0.00104815
0 0.871366 0.600156 0.0121167 0.0409522 0.00104284
6 0.729135 0.597347 0.0146177 0.0177488 0.00103314
0 0.71044 0.59551 0.0185761 0.021121 0.00103242
12 0.794002 0.565603 0.0275419 0.010415 0.00102955
