4 0.512479 0.584419 0.125216 0.0983708 0.891603
0 0.682866 0.569892 0.0256464 0.0707961 0.794598
8 0.683758 0.589493 0.0261674 0.0662899 0.744638
4 0.399779 0.581135 0.0933168 0.115143 0.706905
4 0.0747029 0.570169 0.144668 0.175492 0.502478
4 0.475676 0.528277 0.0592786 0.0273318 0.146093
6 0.476041 0.49613 0.115374 0.0804986 0.140587
4 0.465099 0.527586 0.0815912 0.0337686 0.112657
4 0.369115 0.591506 0.155191 0.14092 0.0813985
6 0.476608 0.520835 0.119361 0.124287 0.0803333
2 0.993266 0.440641 0.00949298 0.0104774 0.0755634
4 0.0286828 0.561015 0.0571447 0.119193 0.0625766
4 0.473947 0.53627 0.0624236 0.044003 0.0598746
6 0.452807 0.491844 0.0676176 0.0555537 0.0592138
4 0.460485 0.5297 0.0938176 0.0533008 0.0528418
0 0.285172 0.581471 0.0325572 0.122347 0.0520127
6 0.460485 0.5297 0.0938176 0.0533008 0.0516754
4 0.46863 0.579637 0.0752592 0.10886 0.0466937
6 0.51136 0.488124 0.0471914 0.0711679 0.0433518
12 0.511447 0.483092 0.0471049 0.0614083 0.0309392
4 0.446785 0.538363 0.0735138 0.051113 0.0280757
5 0.51136 0.488124 0.0471914 0.0711679 0.0253735
0 0.282894 0.55919 0.0254353 0.0771483 0.0238805
4 0.320101 0.592319 0.101991 0.141609 0.0229919
4 0.266785 0.591786 0.202001 0.153307 0.0223078
1 0.511281 0.48173 0.0477421 0.0591989 0.0194381
6 0.0747029 0.570169 0.144668 0.175492 0.0139325
5 0.0861612 0.569381 0.122046 0.174434 0.0139298
6 0.465099 0.527586 0.0815912 0.0337686 0.0125771
4 0.366986 0.536116 0.0316339 0.0165804 0.0125699
2 0.993869 0.445207 0.00870282 0.0188871 0.0115419
4 0.367557 0.542316 0.0335893 0.0292947 0.010768
13 0.282785 0.536858 0.0170233 0.032736 0.00860137
4 0.378816 0.538707 0.0534828 0.0256737 0.00751196
6 0.46863 0.579637 0.0752592 0.10886 0.00665277
4 0.214142 0.589688 0.106416 0.137428 0.0064044
6 0.473432 0.552189 0.113031 0.0960838 0.00604673
4 0.0206663 0.575466 0.0402971 0.116098 0.0060027
4 0.374962 0.545201 0.0468452 0.0368183 0.00582914
0 0.282785 0.536858 0.0170233 0.032736 0.0057948
4 0.152771 0.575709 0.232577 0.19359 0.0051431
2 0.568723 0.421574 0.00844544 0.010621 0.00471977
14 0.511694 0.485075 0.0465704 0.0663697 0.0045827
5 0.462386 0.532738 0.0889248 0.0455372 0.00418576
4 0.682975 0.570177 0.0256592 0.072413 0.0039637
4 0.467537 0.520774 0.0702792 0.0326018 0.00393334
5 0.476041 0.49613 0.115374 0.0804986 0.00326009
22 0.525503 0.611848 0.0139195 0.0459447 0.0031498
6 0.47572 0.527295 0.0590093 0.0249023 0.00311823
0 0.0215076 0.564648 0.0419036 0.119284 0.00309804
6 0.266259 0.591201 0.204933 0.156609 0.0030627
17 0.682137 0.567723 0.0249807 0.0774283 0.00299803
4 0.463055 0.50805 0.0239921 0.0203559 0.00299546
4 0.486583 0.531419 0.0494051 0.0340382 0.0026861
4 0.0275241 0.534775 0.0541685 0.0697674 0.00262092
13 0.682137 0.567723 0.0249807 0.0774283 0.00252291
6 0.377833 0.58219 0.136295 0.119849 0.00248088
1 0.683061 0.588022 0.0269987 0.0678289 0.00239151
8 0.0235508 0.592179 0.0462508 0.0735462 0.00223908
4 0.0974831 0.548141 0.0838858 0.122495 0.00214646
0 0.0801379 0.544463 0.033831 0.0421752 0.00213884
0 0.0195443 0.592611 0.0379913 0.101015 0.00196456
17 0.282785 0.536858 0.0170233 0.032736 0.00187822
6 0.431205 0.520874 0.146642 0.11821 0.00187128
4 0.0192253 0.611368 0.0375289 0.12081 0.00183888
6 0.406305 0.580243 0.103953 0.117101 0.00173399
15 0.51136 0.488124 0.0471914 0.0711679 0.00173008
12 0.476041 0.49613 0.115374 0.0804986 0.00153555
4 0.469505 0.503783 0.104228 0.0848543 0.00151753
8 0.6872 0.571545 0.0283841 0.0769803 0.00151228
12 0.454126 0.492079 0.0645031 0.0558272 0.00150232
40 0.476608 0.520835 0.119361 0.124287 0.00141245
0 0.67169 0.541726 0.0115878 0.0267966 0.00141169
4 0.290299 0.584075 0.0438156 0.126091 0.0013989
1 0.993266 0.440641 0.00949298 0.0104774 0.00134454
4 0.290402 0.554987 0.0480308 0.0724125 0.00134179
5 0.266259 0.591201 0.204933 0.156609 0.00132656
15 0.476041 0.49613 0.115374 0.0804986 0.00131062
1 0.994502 0.463451 0.00833472 0.0500315 0.00130021
4 0.338427 0.558227 0.0732668 0.0609161 0.00128255
0 0.415954 0.51738 0.0118294 0.0177001 0.0012448
1 0.994154 0.511072 0.00845227 0.014795 0.0012322
25 0.511797 0.487416 0.0461099 0.0714222 0.00121098
4 0.745194 0.534545 0.0181415 0.0136639 0.00119732
0 0.660475 0.543685 0.0179299 0.0260361 0.00118935
4 0.381455 0.580066 0.060659 0.108759 0.00117084
6 0.473947 0.53627 0.0624236 0.044003 0.00117061
4 0.359775 0.557299 0.0515665 0.0602891 0.0011644
42 0.475676 0.528277 0.0592786 0.0273318 0.00116401
0 0.27849 0.542086 0.0284732 0.0430301 0.00115005
8 0.0255802 0.569635 0.0507865 0.118234 0.00114579
2 0.985992 0.440716 0.0139432 0.0110597 0.00113893
13 0.463055 0.50805 0.0239921 0.0203559 0.00109073
5 0.46863 0.579637 0.0752592 0.10886 0.00106347
2 0.568697 0.427726 0.00945679 0.0200759 0.00106076
0 0.72878 0.536155 0.0173606 0.0181447 0.0010488
0 0.0208694 0.54029 0.0403506 0.0736375 0.00104617
0 0.289684 0.551559 0.0521717 0.0657992 0.00102502
