0 0.0195814 0.903827 0.0247498 0.0981808 0.632987
0 0.0975571 0.884298 0.0153635 0.0500227 0.524333
0 0.0589466 0.896153 0.0158884 0.0690169 0.519661
0 0.079054 0.888191 0.0144927 0.0474746 0.461818
4 0.330457 0.897453 0.0384926 0.064263 0.423885
4 0.481203 0.883128 0.0117162 0.018959 0.380688
1 0.371543 0.841763 0.0137428 0.0286314 0.376799
4 0.493971 0.884348 0.0137574 0.0134843 0.34252
0 0.00606153 0.897285 0.0109487 0.0725003 0.289754
0 0.171359 0.877941 0.0132306 0.0446531 0.289507
2 0.667827 0.627818 0.00808344 0.0166207 0.228147
14 0.509488 0.898993 0.0131638 0.0386152 0.213703
4 0.222301 0.879622 0.029113 0.018884 0.200975
1 0.344797 0.83373 0.0128836 0.0428271 0.177392
6 0.481185 0.879176 0.012059 0.0259132 0.159765
0 0.317849 0.866289 0.0101822 0.0151288 0.148577
4 0.228716 0.882519 0.0342549 0.0235371 0.145927
0 0.103293 0.884357 0.0101934 0.0514682 0.134027
2 0.667753 0.632728 0.00892951 0.0232697 0.130059
0 0.0836175 0.885751 0.0120248 0.050243 0.12493
0 0.113511 0.883026 0.0120282 0.0410849 0.120718
4 0.184209 0.895933 0.016224 0.0214577 0.118559
0 0.170766 0.890454 0.0146275 0.034264 0.116904
1 0.391331 0.848851 0.00878021 0.0113545 0.114249
0 0.44562 0.872299 0.00631836 0.0144897 0.103901
0 0.453306 0.873096 0.00596384 0.0147473 0.0933262
2 0.646385 0.640481 0.0101936 0.0115028 0.0871052
3 0.0579463 0.90004 0.0169445 0.0738066 0.0837466
4 0.266519 0.879232 0.0209593 0.026785 0.0822795
4 0.228188 0.889811 0.0389388 0.0367455 0.0807892
4 0.330283 0.880776 0.0356982 0.0310716 0.0796
2 0.664674 0.632402 0.00777185 0.0180512 0.0737385
4 0.197362 0.873756 0.0105943 0.0150633 0.0734058
4 0.208903 0.877692 0.0263178 0.0174664 0.0673586
15 0.481203 0.883128 0.0117162 0.018959 0.0671641
4 0.317849 0.866289 0.0101822 0.0151288 0.0662358
4 0.408045 0.871434 0.0154857 0.0114423 0.0658411
4 0.238428 0.88519 0.021247 0.0289752 0.0650894
2 0.354673 0.770173 0.00733362 0.010743 0.0633362
0 0.00859908 0.905596 0.0144635 0.0880624 0.0595078
4 0.219577 0.874107 0.0156768 0.0159915 0.0575886
1 0.354759 0.84899 0.0153363 0.0340319 0.0573135
2 0.603425 0.666565 0.00903497 0.020768 0.0538199
1 0.356408 0.841037 0.0119168 0.0314425 0.053515
1 0.184209 0.895933 0.016224 0.0214577 0.0530526
3 0.0184414 0.914069 0.0223272 0.0819998 0.0477232
8 0.185053 0.894157 0.0141622 0.0203271 0.0473949
4 0.257819 0.880831 0.0158174 0.0282069 0.0473107
6 0.493971 0.884348 0.0137574 0.0134843 0.04588
4 0.259528 0.872958 0.0131799 0.0179808 0.04494
4 0.485243 0.885416 0.0088804 0.0187887 0.0445757
0 0.0549811 0.899822 0.0200056 0.0692781 0.0427636
4 0.354355 0.860184 0.0160142 0.0179375 0.0426893
0 0.455379 0.877352 0.00572623 0.0160698 0.0417414
4 0.204596 0.873541 0.0159447 0.0143985 0.0412441
1 0.375207 0.841241 0.0114342 0.0268203 0.0407751
1 0.552788 0.844531 0.00728198 0.0284077 0.040228
2 0.658394 0.638854 0.00947302 0.00902134 0.0402174
4 0.278172 0.872795 0.0377482 0.0220861 0.038829
4 0.229286 0.86902 0.00790591 0.012757 0.034711
8 0.0184414 0.914069 0.0223272 0.0819998 0.0344786
4 0.471894 0.883302 0.00933524 0.0150489 0.0341425
0 0.445269 0.876456 0.00599472 0.0177371 0.0340962
4 0.414029 0.871774 0.0106293 0.0114403 0.0338142
5 0.331087 0.905746 0.0382197 0.0769572 0.0334724
4 0.24142 0.87262 0.0148557 0.0145526 0.0333942
4 0.44562 0.872299 0.00631836 0.0144897 0.0332154
1 0.520712 0.847706 0.00660254 0.0278256 0.0332125
1 0.596369 0.623995 0.0233596 0.0314269 0.0323135
4 0.504448 0.891424 0.00773111 0.026063 0.0283996
8 0.329706 0.910875 0.0415933 0.086567 0.0281809
4 0.434887 0.872681 0.00913821 0.0130775 0.0279903
3 0.048838 0.913372 0.0309376 0.0518054 0.026186
4 0.185855 0.891683 0.0187424 0.0248993 0.0252656
0 0.112906 0.875218 0.00877281 0.0377444 0.0251001
7 0.391331 0.848851 0.00878021 0.0113545 0.0247829
4 0.494343 0.87748 0.0127595 0.0222728 0.0246312
13 0.0224159 0.856905 0.01242 0.0190484 0.0244815
1 0.669913 0.841606 0.010916 0.08068 0.0230559
1 0.345982 0.819984 0.0115181 0.0211336 0.0229624
2 0.348091 0.769193 0.00993887 0.0106509 0.0228696
8 0.3368 0.913805 0.028176 0.0713805 0.0217042
1 0.171359 0.877941 0.0132306 0.0446531 0.0211565
1 0.22693 0.845165 0.00964133 0.0148091 0.0211213
15 0.493971 0.884348 0.0137574 0.0134843 0.0206967
7 0.107277 0.754322 0.0123521 0.014961 0.0200845
0 0.168591 0.872494 0.0137684 0.0342619 0.0199945
4 0.275962 0.879049 0.0234181 0.0275616 0.0199485
3 0.0964897 0.896511 0.0187997 0.0678545 0.0198293
1 0.520148 0.869101 0.00783112 0.0211982 0.0196173
0 0.434887 0.872681 0.00913821 0.0130775 0.0195383
8 0.455379 0.877352 0.00572623 0.0160698 0.0185346
8 0.170766 0.890454 0.0146275 0.034264 0.0184904
0 0.0048172 0.906299 0.0096344 0.0772902 0.0184296
4 0.019905 0.903079 0.0253752 0.10371 0.0183859
1 0.0214897 0.825403 0.0379371 0.0167491 0.0182866
22 0.385191 0.902494 0.0132121 0.0433964 0.0180014
3 0.0787877 0.890078 0.0151824 0.0501657 0.0179637
2 0.639778 0.660043 0.013017 0.0168321 0.0174863
12 0.371543 0.841763 0.0137428 0.0286314 0.0174664
4 0.313021 0.869838 0.0181719 0.013521 0.0172656
8 0.0579463 0.90004 0.0169445 0.0738066 0.0168668
5 0.509813 0.898352 0.0131029 0.0387238 0.0168069
8 0.445269 0.876456 0.00599472 0.0177371 0.0167708
1 0.225931 0.837606 0.0115738 0.0201813 0.0166722
3 0.33769 0.918407 0.0279818 0.0729955 0.0165731
2 0.281498 0.723511 0.0112762 0.0137925 0.0165507
1 0.170766 0.890454 0.0146275 0.034264 0.0162088
4 0.283804 0.871132 0.0399381 0.0164128 0.0161
14 0.504448 0.891424 0.00773111 0.026063 0.0158977
1 0.350289 0.841056 0.00747433 0.0373896 0.0158644
2 0.281576 0.727818 0.0113878 0.0151024 0.0157774
2 0.608883 0.668557 0.00926703 0.0240467 0.0154755
6 0.504448 0.891424 0.00773111 0.026063 0.0149384
4 0.284452 0.880797 0.0424107 0.0284406 0.0149231
4 0.372267 0.861914 0.0211625 0.0270361 0.01469
7 0.603425 0.666565 0.00903497 0.020768 0.0145758
2 0.289072 0.785797 0.00963547 0.0147553 0.0144967
4 0.509488 0.898993 0.0131638 0.0386152 0.0144684
0 0.0224159 0.856905 0.01242 0.0190484 0.0143799
8 0.44562 0.872299 0.00631836 0.0144897 0.0143776
3 0.0214549 0.921243 0.0210944 0.0544963 0.0136919
1 0.555297 0.839921 0.00967877 0.0254006 0.0136093
6 0.494343 0.87748 0.0127595 0.0222728 0.0132303
13 0.0257099 0.857459 0.0128775 0.0205647 0.013222
1 0.359208 0.850166 0.019951 0.0351814 0.013119
1 0.590785 0.577788 0.0135785 0.0262995 0.0129361
4 0.348316 0.904297 0.0605936 0.0646843 0.0128002
0 0.0257099 0.857459 0.0128775 0.0205647 0.0127554
14 0.388131 0.903802 0.0161908 0.0372543 0.0126072
7 0.604111 0.6716 0.010295 0.0286068 0.0124884
0 0.0271526 0.880521 0.026185 0.0532729 0.011569
2 0.629668 0.641464 0.00714594 0.0154115 0.0113601
2 0.345982 0.819984 0.0115181 0.0211336 0.0113439
4 0.470427 0.874433 0.00722275 0.0164269 0.0112349
0 0.509488 0.898993 0.0131638 0.0386152 0.0110244
14 0.385191 0.902494 0.0132121 0.0433964 0.0109986
4 0.352564 0.890893 0.0200745 0.0470419 0.0109954
3 0.331087 0.905746 0.0382197 0.0769572 0.0109054
0 0.124961 0.891772 0.0135358 0.0331124 0.010698
2 0.635126 0.66199 0.0123895 0.0219592 0.0106019
0 0.0964897 0.896511 0.0187997 0.0678545 0.0103496
0 0.118482 0.894186 0.0176117 0.0541258 0.0103231
2 0.659635 0.630957 0.0100789 0.0179307 0.0103116
2 0.352185 0.762557 0.00925491 0.0183883 0.0102244
4 0.170766 0.890454 0.0146275 0.034264 0.0101224
4 0.343293 0.874843 0.0167778 0.0186056 0.00996111
1 0.0846759 0.766425 0.164771 0.0381528 0.00985521
2 0.184209 0.895933 0.016224 0.0214577 0.00981116
2 0.365017 0.775478 0.00834912 0.012958 0.00967314
2 0.622042 0.66514 0.0144226 0.0243682 0.00965851
8 0.0787877 0.890078 0.0151824 0.0501657 0.00965325
0 0.392265 0.862724 0.0113176 0.0309301 0.00931787
4 0.453306 0.873096 0.00596384 0.0147473 0.00892482
3 0.118482 0.894186 0.0176117 0.0541258 0.00873261
1 0.354355 0.860184 0.0160142 0.0179375 0.00864331
4 0.00536383 0.896321 0.0107277 0.0716311 0.00861365
4 0.262777 0.883373 0.016578 0.0273438 0.00850602
5 0.481203 0.883128 0.0117162 0.018959 0.00849706
5 0.3368 0.913805 0.028176 0.0713805 0.00838963
0 0.485243 0.885416 0.0088804 0.0187887 0.00838676
1 0.0224159 0.856905 0.01242 0.0190484 0.00836608
14 0.0184414 0.914069 0.0223272 0.0819998 0.00835675
14 0.512035 0.887529 0.0128971 0.0184418 0.00829318
0 0.504448 0.891424 0.00773111 0.026063 0.00828555
7 0.344893 0.840335 0.0122096 0.0458684 0.00818836
4 0.512035 0.887529 0.0128971 0.0184418 0.00811582
4 0.445269 0.876456 0.00599472 0.0177371 0.00805526
6 0.509488 0.898993 0.0131638 0.0386152 0.00789084
0 0.184209 0.895933 0.016224 0.0214577 0.00787434
1 0.509813 0.898352 0.0131029 0.0387238 0.00778919
1 0.525522 0.864263 0.0108083 0.0217165 0.00774888
2 0.314697 0.787135 0.00842047 0.0126543 0.00769972
2 0.617917 0.670484 0.0101486 0.0261468 0.00766313
4 0.173559 0.875313 0.0157171 0.0381575 0.00765308
8 0.453306 0.873096 0.00596384 0.0147473 0.00763892
4 0.3368 0.913805 0.028176 0.0713805 0.0071707
3 0.0997878 0.90158 0.0205136 0.0540871 0.00714118
4 0.385686 0.864707 0.020509 0.0259821 0.00698822
4 0.312543 0.877596 0.0182404 0.0202639 0.00693406
2 0.628834 0.633347 0.00619934 0.0228034 0.00688486
8 0.0964897 0.896511 0.0187997 0.0678545 0.00682989
5 0.184209 0.895933 0.016224 0.0214577 0.00670136
8 0.434887 0.872681 0.00913821 0.0130775 0.0066638
22 0.388131 0.903802 0.0161908 0.0372543 0.00663376
2 0.658977 0.664091 0.00875769 0.0192132 0.00654031
8 0.0214549 0.921243 0.0210944 0.0544963 0.00649621
4 0.260561 0.867161 0.0127805 0.0217984 0.00648345
4 0.171373 0.880992 0.0144741 0.049449 0.00628629
14 0.44562 0.872299 0.00631836 0.0144897 0.00624074
0 0.603425 0.666565 0.00903497 0.020768 0.00622781
4 0.434764 0.877409 0.00878134 0.0158288 0.0061979
1 0.0257099 0.857459 0.0128775 0.0205647 0.00611665
2 0.646813 0.631999 0.00999829 0.0199206 0.00609132
1 0.389666 0.8601 0.0118636 0.0286822 0.00604977
1 0.211015 0.763482 0.0902369 0.0354152 0.00593158
0 0.015296 0.915585 0.0256855 0.0757591 0.0058983
2 0.604111 0.6716 0.010295 0.0286068 0.0058698
1 0.45107 0.827004 0.0238472 0.0167952 0.00584054
0 0.125583 0.900264 0.0124068 0.0443731 0.00582048
22 0.126972 0.970058 0.0165135 0.0580846 0.00580878
1 0.603425 0.666565 0.00903497 0.020768 0.00577083
22 0.0184414 0.914069 0.0223272 0.0819998 0.00575284
2 0.332433 0.682036 0.0124934 0.0102475 0.00570477
1 0.507466 0.875998 0.0110535 0.0197563 0.00570114
14 0.455379 0.877352 0.00572623 0.0160698 0.0056957
2 0.668678 0.613738 0.00760687 0.0201745 0.00569094
2 0.290732 0.780292 0.00757361 0.0161675 0.00568923
6 0.470427 0.874433 0.00722275 0.0164269 0.00553387
12 0.372267 0.861914 0.0211625 0.0270361 0.00545234
8 0.317849 0.866289 0.0101822 0.0151288 0.00544542
2 0.655375 0.662853 0.00922852 0.0144786 0.00543055
6 0.512035 0.887529 0.0128971 0.0184418 0.00532655
4 0.455379 0.877352 0.00572623 0.0160698 0.00527215
5 0.493971 0.884348 0.0137574 0.0134843 0.00519439
8 0.171373 0.880992 0.0144741 0.049449 0.00518708
4 0.233501 0.864334 0.0120744 0.0166747 0.00516652
2 0.620867 0.547894 0.0090744 0.0169852 0.00515109
12 0.354759 0.84899 0.0153363 0.0340319 0.00512472
14 0.0592299 0.88733 0.0165278 0.0500332 0.0051231
4 0.32207 0.912829 0.0482052 0.0799897 0.0050166
3 0.455379 0.877352 0.00572623 0.0160698 0.00501598
3 0.00859908 0.905596 0.0144635 0.0880624 0.00499124
0 0.229286 0.86902 0.00790591 0.012757 0.00495798
12 0.359208 0.850166 0.019951 0.0351814 0.00486461
0 0.434764 0.877409 0.00878134 0.0158288 0.00481814
0 0.313021 0.869838 0.0181719 0.013521 0.00481569
4 0.289234 0.896221 0.0454532 0.0478982 0.00474567
7 0.171359 0.877941 0.0132306 0.0446531 0.00473371
6 0.385686 0.864707 0.020509 0.0259821 0.00470355
4 0.182884 0.867319 0.0144507 0.0220333 0.00468106
8 0.048838 0.913372 0.0309376 0.0518054 0.00468021
4 0.40374 0.876586 0.0129526 0.0176436 0.00463397
8 0.434764 0.877409 0.00878134 0.0158288 0.00454855
5 0.170766 0.890454 0.0146275 0.034264 0.00453559
3 0.125583 0.900264 0.0124068 0.0443731 0.00450024
0 0.391331 0.848851 0.00878021 0.0113545 0.00446642
1 0.44562 0.872299 0.00631836 0.0144897 0.00445258
2 0.58945 0.667657 0.00896253 0.0230478 0.00441395
0 0.471894 0.883302 0.00933524 0.0150489 0.00440898
14 0.485243 0.885416 0.0088804 0.0187887 0.0043974
15 0.494343 0.87748 0.0127595 0.0222728 0.00439698
1 0.512437 0.858998 0.00881497 0.0100478 0.00439531
14 0.329706 0.910875 0.0415933 0.086567 0.00436899
1 0.520671 0.838295 0.00656653 0.0195095 0.00436826
4 0.507466 0.875998 0.0110535 0.0197563 0.00435839
14 0.170766 0.890454 0.0146275 0.034264 0.00435169
8 0.485243 0.885416 0.0088804 0.0187887 0.00433865
3 0.445269 0.876456 0.00599472 0.0177371 0.0043185
1 0.604111 0.6716 0.010295 0.0286068 0.00429855
0 0.43906 0.867637 0.00804282 0.0221151 0.00427579
1 0.443745 0.85158 0.00741678 0.0107705 0.00425977
5 0.0201791 0.903523 0.026043 0.10187 0.00421095
7 0.375207 0.841241 0.0114342 0.0268203 0.00421005
1 0.482619 0.866811 0.0112654 0.0207168 0.00416123
1 0.228662 0.808627 0.0106126 0.0170863 0.00412177
17 0.0224159 0.856905 0.01242 0.0190484 0.00409967
42 0.0592299 0.88733 0.0165278 0.0500332 0.00407457
1 0.0592299 0.88733 0.0165278 0.0500332 0.00407113
7 0.356408 0.841037 0.0119168 0.0314425 0.00406796
4 0.213582 0.864453 0.0109057 0.0174286 0.00404651
22 0.0124034 0.983425 0.0219996 0.0330844 0.00404066
1 0.445159 0.829343 0.0169508 0.0170467 0.0040357
13 0.184209 0.895933 0.016224 0.0214577 0.00401125
8 0.272289 0.897816 0.0133347 0.0382915 0.00400466
2 0.591592 0.666616 0.00798761 0.0211971 0.00397791
8 0.00859908 0.905596 0.0144635 0.0880624 0.00397045
0 0.604111 0.6716 0.010295 0.0286068 0.00388599
8 0.118482 0.894186 0.0176117 0.0541258 0.00388343
14 0.384869 0.885621 0.011375 0.0224309 0.00385983
5 0.504448 0.891424 0.00773111 0.026063 0.00385767
7 0.345982 0.819984 0.0115181 0.0211336 0.00383554
4 0.392265 0.862724 0.0113176 0.0309301 0.00383146
8 0.0215401 0.899002 0.0261139 0.0958647 0.00381653
0 0.197362 0.873756 0.0105943 0.0150633 0.00381232
8 0.0048172 0.906299 0.0096344 0.0772902 0.00380574
1 0.669851 0.812221 0.00927148 0.0267633 0.00379324
42 0.184209 0.895933 0.016224 0.0214577 0.00375075
6 0.392265 0.862724 0.0113176 0.0309301 0.00374501
7 0.0126537 0.759725 0.0213214 0.0189978 0.00373654
14 0.079054 0.888191 0.0144927 0.0474746 0.0037114
5 0.485243 0.885416 0.0088804 0.0187887 0.00367318
3 0.118949 0.907292 0.020419 0.0375062 0.00366164
2 0.637537 0.638143 0.00925165 0.016175 0.00365057
2 0.311853 0.783739 0.00688684 0.0121787 0.0036353
1 0.525074 0.847717 0.0115601 0.0230833 0.00359212
1 0.211665 0.772696 0.0912794 0.0387043 0.00358328
14 0.453306 0.873096 0.00596384 0.0147473 0.00355984
22 0.0214549 0.921243 0.0210944 0.0544963 0.00354548
1 0.17158 0.77191 0.0123945 0.0173506 0.003525
4 0.112906 0.875218 0.00877281 0.0377444 0.00351377
0 0.408045 0.871434 0.0154857 0.0114423 0.00350451
4 0.419412 0.877653 0.00802817 0.0153803 0.00349682
6 0.507466 0.875998 0.0110535 0.0197563 0.00349494
8 0.112221 0.882059 0.0128534 0.0404396 0.00348803
4 0.334252 0.862513 0.0219681 0.0160676 0.00348787
4 0.405708 0.866154 0.0195692 0.0208626 0.00347752
2 0.34738 0.76141 0.00974136 0.0165185 0.00347736
2 0.350598 0.817626 0.0108661 0.0163966 0.003477
5 0.44562 0.872299 0.00631836 0.0144897 0.00346972
