0 0.0890142 0.58432 0.176884 0.828239 0.888068
0 0.524244 0.53169 0.116406 0.232987 0.810121
19 0.479204 0.600783 0.13629 0.157283 0.777217
0 0.494052 0.317388 0.0668533 0.173359 0.723672
0 0.535299 0.294844 0.0514149 0.168195 0.720955
0 0.570528 0.319378 0.0827807 0.142537 0.652638
2 0.301434 0.0531506 0.0280551 0.0443921 0.618886
18 0.386986 0.54189 0.0326181 0.0804329 0.393032
18 0.477808 0.601871 0.138615 0.157577 0.253138
10 0.331327 0.484364 0.0162505 0.0632705 0.11235
17 0.655097 0.285217 0.0201234 0.0236122 0.102579
10 0.964061 0.408661 0.0341323 0.0782298 0.0689893
17 0.545977 0.229474 0.0273084 0.0336239 0.0628443
0 0.497272 0.325574 0.0505925 0.13214 0.0565135
10 0.331966 0.512786 0.0197689 0.121184 0.0553041
10 0.333192 0.462698 0.0109375 0.0226169 0.0528821
17 0.647429 0.290157 0.0337323 0.0215371 0.0503376
9 0.5005 0.330218 0.0481204 0.123238 0.0494055
20 0.655097 0.285217 0.0201234 0.0236122 0.0412025
9 0.964067 0.408874 0.0347521 0.0817264 0.0404597
2 0.781865 0.0949464 0.0238582 0.0558888 0.0391884
30 0.821202 0.287708 0.0218784 0.0682291 0.0339942
20 0.0890572 0.354258 0.0207094 0.0195372 0.0329398
2 0.301057 0.03879 0.0279673 0.0720528 0.0326804
30 0.197139 0.0645369 0.192086 0.104322 0.0293235
0 0.565891 0.361159 0.0933818 0.235907 0.028028
0 0.0654873 0.456524 0.129374 0.520975 0.0268431
17 0.568606 0.260783 0.0283626 0.0256062 0.0253207
17 0.655068 0.278368 0.01911 0.0281566 0.0231232
20 0.60349 0.340031 0.023827 0.0204744 0.0215577
2 0.293847 0.0539218 0.0290993 0.0445505 0.0207543
0 0.557773 0.300339 0.0924727 0.176063 0.0205357
0 0.079225 0.363488 0.0531105 0.140296 0.0201432
10 0.654355 0.449976 0.0105726 0.058514 0.018103
20 0.604546 0.362798 0.0210547 0.0470649 0.0172552
10 0.326393 0.488612 0.0225034 0.0692539 0.017202
20 0.506649 0.359177 0.0315335 0.0609466 0.0169747
10 0.821202 0.287708 0.0218784 0.0682291 0.0167312
10 0.891263 0.428219 0.0225209 0.0335601 0.0157634
17 0.655437 0.293157 0.0175673 0.0296046 0.0157445
20 0.655437 0.293157 0.0175673 0.0296046 0.0153102
20 0.615831 0.363047 0.0162339 0.0375262 0.0144073
34 0.544568 0.229293 0.0270592 0.0356764 0.0141202
20 0.61793 0.371803 0.0161512 0.0318248 0.013923
17 0.980244 0.280761 0.0362068 0.0194976 0.0135747
0 0.820852 0.288198 0.0224501 0.06922 0.0134681
17 0.546907 0.242336 0.0244912 0.0423985 0.0121366
10 0.734686 0.449879 0.0197403 0.0276168 0.0117721
10 0.808947 0.336853 0.00991486 0.0245716 0.0113145
0 0.521932 0.338329 0.124696 0.217544 0.0111568
18 0.602172 0.456287 0.0287311 0.0627672 0.0109555
0 0.37699 0.44404 0.0136056 0.0383242 0.0107309
20 0.501921 0.343143 0.0417845 0.0947175 0.0105238
20 0.106963 0.388537 0.060093 0.0448355 0.010403
0 0.163883 0.345065 0.0395044 0.0898177 0.0103355
42 0.0648851 0.524042 0.127346 0.303151 0.0102705
18 0.413165 0.566314 0.0962822 0.13315 0.0102277
20 0.513695 0.358388 0.0223114 0.052786 0.0100462
34 0.655097 0.285217 0.0201234 0.0236122 0.009951
20 0.601308 0.334037 0.0242899 0.0265233 0.00986244
0 0.890925 0.386455 0.0298303 0.103419 0.00969972
9 0.599683 0.36449 0.019686 0.044653 0.00962616
30 0.532998 0.189911 0.0391872 0.0163253 0.00909549
9 0.480489 0.369874 0.0346109 0.109175 0.00904482
20 0.602172 0.372258 0.0132087 0.028381 0.00893791
0 0.0713594 0.385503 0.0648735 0.129361 0.00880435
30 0.864343 0.276058 0.0255256 0.0302809 0.00879126
0 0.964067 0.408874 0.0347521 0.0817264 0.00870207
0 0.532992 0.49668 0.0930084 0.182042 0.0085761
10 0.939628 0.441294 0.0133979 0.0200396 0.00851197
18 0.55397 0.452438 0.0544482 0.077937 0.00835848
20 0.513948 0.373042 0.0246216 0.0338589 0.00815138
20 0.132388 0.373082 0.0327566 0.0335956 0.00811428
0 0.655097 0.285217 0.0201234 0.0236122 0.00799408
2 0.305183 0.0512777 0.0274026 0.0322635 0.00766441
17 0.507506 0.414163 0.0260533 0.018553 0.00761096
18 0.573755 0.453393 0.0584147 0.0719632 0.007567
20 0.115966 0.380351 0.0546477 0.0459538 0.00749103
36 0.709337 0.0321955 0.147993 0.061945 0.00738538
20 0.474805 0.386939 0.0268568 0.0615703 0.00701604
30 0.54345 0.189353 0.041492 0.0148172 0.00699213
9 0.489363 0.331282 0.0531836 0.133767 0.00687355
20 0.12147 0.368513 0.0470282 0.0293996 0.00685955
0 0.544568 0.229293 0.0270592 0.0356764 0.00665081
17 0.643305 0.276627 0.0412294 0.0365377 0.00645599
9 0.514193 0.352215 0.0236729 0.0536881 0.00638008
17 0.495577 0.255416 0.0258058 0.0453681 0.00618077
18 0.607476 0.449398 0.0381713 0.0762718 0.00609652
0 0.647429 0.290157 0.0337323 0.0215371 0.00607799
0 0.608294 0.315379 0.0273467 0.116528 0.00597741
18 0.382691 0.528667 0.0417562 0.105991 0.00596966
10 0.74044 0.447269 0.0224966 0.025877 0.00589666
20 0.493666 0.256026 0.0284944 0.0473187 0.00588278
30 0.551742 0.190435 0.0262935 0.0151375 0.00584772
19 0.923884 0.465561 0.151368 0.0846494 0.00571882
20 0.599683 0.36449 0.019686 0.044653 0.00555096
18 0.555906 0.438946 0.0704157 0.10237 0.00549217
0 0.636311 0.357944 0.0417126 0.0615799 0.00534944
10 0.770887 0.483879 0.0156701 0.0345881 0.00529063
9 0.480625 0.391761 0.0357284 0.0726638 0.00524003
20 0.692223 0.356454 0.0217006 0.0266585 0.00516469
17 0.545263 0.252762 0.0286564 0.0411887 0.00505592
0 0.501921 0.343143 0.0417845 0.0947175 0.00502107
30 0.888896 0.296699 0.0249216 0.0391543 0.00502012
10 0.828783 0.461361 0.0236638 0.0454721 0.00484153
10 0.827025 0.451003 0.0205366 0.0229292 0.00468179
10 0.343128 0.478259 0.00942243 0.0514939 0.00467765
0 0.167796 0.371766 0.0297642 0.0472702 0.00463862
10 0.750901 0.449609 0.0156463 0.0277128 0.00463533
2 0.780566 0.087841 0.0331018 0.0463647 0.00456499
20 0.112258 0.360499 0.0632901 0.0374864 0.00449902
0 0.643305 0.276627 0.0412294 0.0365377 0.00447627
9 0.513948 0.373042 0.0246216 0.0338589 0.00446233
20 0.507506 0.414163 0.0260533 0.018553 0.00441385
20 0.480625 0.391761 0.0357284 0.0726638 0.00437249
26 0.332267 0.514678 0.0215094 0.127714 0.00436578
20 0.647429 0.290157 0.0337323 0.0215371 0.00432374
0 0.773848 0.420312 0.438046 0.831096 0.00422299
10 0.870356 0.440901 0.0121695 0.0139403 0.00412481
10 0.715087 0.455772 0.0151757 0.0253432 0.004071
9 0.506649 0.359177 0.0315335 0.0609466 0.00405099
18 0.341521 0.538634 0.0450155 0.173472 0.00399635
39 0.60349 0.340031 0.023827 0.0204744 0.00397088
0 0.536916 0.268227 0.0430582 0.115625 0.00394939
10 0.885023 0.433418 0.0318645 0.0312638 0.00391613
17 0.540909 0.233725 0.0337745 0.0457211 0.00379955
0 0.655437 0.293157 0.0175673 0.0296046 0.00375037
18 0.414724 0.539785 0.0902311 0.0955767 0.00373742
10 0.764082 0.361334 0.014079 0.0174781 0.00372716
0 0.655068 0.278368 0.01911 0.0281566 0.0036704
0 0.626498 0.268134 0.0193068 0.0452838 0.00361778
20 0.621734 0.398357 0.0113607 0.0251674 0.00361555
17 0.0890572 0.354258 0.0207094 0.0195372 0.00358971
0 0.172092 0.341302 0.0251306 0.0673894 0.0035897
10 0.769459 0.450347 0.0281934 0.0270273 0.00358442
10 0.341219 0.458354 0.0165759 0.025499 0.00358097
18 0.964665 0.404646 0.0365144 0.0854113 0.0034914
9 0.332267 0.514678 0.0215094 0.127714 0.00345213
39 0.615831 0.363047 0.0162339 0.0375262 0.00335865
17 0.511687 0.430155 0.0426009 0.0310622 0.00332212
0 0.411929 0.341869 0.0223247 0.0449791 0.00329247
17 0.952538 0.298624 0.0103253 0.0215973 0.00325523
34 0.0890572 0.354258 0.0207094 0.0195372 0.00324392
11 0.0651288 0.532824 0.128177 0.284063 0.00323526
9 0.601308 0.334037 0.0242899 0.0265233 0.00321246
20 0.611773 0.338894 0.023272 0.0355976 0.00321068
20 0.606304 0.324631 0.0270734 0.0326638 0.00313552
9 0.474805 0.386939 0.0268568 0.0615703 0.00310225
0 0.714479 0.427606 0.0569459 0.082497 0.00303817
30 0.980244 0.280761 0.0362068 0.0194976 0.00301876
30 0.301434 0.0531506 0.0280551 0.0443921 0.00297246
20 0.0793513 0.348872 0.0385817 0.0313425 0.00297011
0 0.624469 0.371263 0.0144136 0.0372047 0.00290821
10 0.83486 0.301574 0.015155 0.0349666 0.00284211
10 0.765079 0.327742 0.0150286 0.0430101 0.00283565
20 0.687809 0.484286 0.0233289 0.0217079 0.0028057
30 0.857604 0.30111 0.0216292 0.031508 0.00280117
10 0.984371 0.43147 0.0298957 0.0326211 0.00277141
18 0.546872 0.581001 0.0735331 0.145993 0.00275284
20 0.544568 0.229293 0.0270592 0.0356764 0.00273841
30 0.885111 0.292645 0.0205797 0.0311447 0.00271944
2 0.981155 0.28015 0.0340959 0.0198004 0.00267597
10 0.745325 0.444274 0.0148173 0.0202444 0.0026634
17 0.626498 0.268134 0.0193068 0.0452838 0.00259635
20 0.546907 0.242336 0.0244912 0.0423985 0.00254385
52 0.716265 0.472311 0.0173912 0.0344617 0.00246454
0 0.633042 0.307425 0.0568974 0.0992665 0.00243696
20 0.147111 0.395822 0.0200693 0.0243366 0.00243358
10 0.771386 0.473257 0.0237858 0.0475247 0.00241723
0 0.476504 0.60119 0.134247 0.153994 0.00238979
34 0.546907 0.242336 0.0244912 0.0423985 0.00234438
10 0.875965 0.450805 0.0210002 0.02675 0.00232057
0 0.613151 0.303411 0.0445867 0.11769 0.0023183
10 0.682696 0.453548 0.0188401 0.0364437 0.00231223
10 0.6575 0.431947 0.0118519 0.0699402 0.00230719
19 0.414174 0.546093 0.0884547 0.103083 0.00227211
26 0.331327 0.484364 0.0162505 0.0632705 0.0022249
0 0.63656 0.341737 0.0513065 0.0744839 0.00221746
0 0.173913 0.370135 0.0200242 0.0470738 0.00220374
0 0.611049 0.292508 0.0357195 0.0764462 0.00220056
0 0.514193 0.352215 0.0236729 0.0536881 0.00218539
10 0.716265 0.472311 0.0173912 0.0344617 0.00217694
17 0.535123 0.280982 0.0472664 0.140872 0.00213542
0 0.610766 0.335452 0.0503023 0.177345 0.00212999
20 0.503212 0.392189 0.0387502 0.0517456 0.00205076
10 0.826505 0.446438 0.017754 0.0221744 0.00204942
34 0.655068 0.278368 0.01911 0.0281566 0.00204148
9 0.602172 0.372258 0.0132087 0.028381 0.00202155
30 0.746966 0.271595 0.00975079 0.0471221 0.00202035
10 0.658258 0.455412 0.0168737 0.0619691 0.00201375
9 0.309376 0.337209 0.0611831 0.12278 0.00200441
17 0.520461 0.422959 0.0504736 0.0473074 0.00200074
0 0.635404 0.383913 0.0389174 0.0540426 0.00199462
0 0.63117 0.353704 0.0716814 0.254361 0.00199275
0 0.656252 0.303399 0.0165629 0.0541543 0.00198137
0 0.0779724 0.332595 0.0457557 0.0745224 0.00197328
10 0.207031 0.50633 0.00916612 0.0201719 0.00196891
0 0.827025 0.451003 0.0205366 0.0229292 0.00195815
0 0.938137 0.445917 0.0108527 0.0196188 0.00193919
18 0.346923 0.583733 0.0462187 0.0801762 0.00189866
9 0.471543 0.374562 0.0243505 0.0475608 0.00187674
10 0.938137 0.445917 0.0108527 0.0196188 0.00187409
30 0.903229 0.296738 0.017762 0.0380955 0.00186368
20 0.480489 0.369874 0.0346109 0.109175 0.00185422
10 0.335298 0.493625 0.0215527 0.0842357 0.00183613
10 0.921537 0.432766 0.0231035 0.0253806 0.00182764
0 0.105804 0.361086 0.102891 0.145394 0.00181267
39 0.655097 0.285217 0.0201234 0.0236122 0.00180221
17 0.629339 0.280707 0.0222339 0.0300496 0.00179694
18 0.972807 0.39599 0.051046 0.102521 0.00177962
10 0.933841 0.436979 0.024822 0.0232472 0.00177728
0 0.61672 0.283608 0.0298591 0.0526387 0.00177313
18 0.52426 0.533373 0.115942 0.235489 0.00176453
17 0.129577 0.369624 0.0354096 0.0292228 0.0017636
10 0.409234 0.444342 0.0119574 0.0335479 0.00175983
0 0.651107 0.283449 0.0288797 0.0500725 0.00175411
10 0.66742 0.442842 0.0329027 0.0615822 0.00175201
17 0.619104 0.26109 0.0119638 0.0311626 0.00175192
9 0.604546 0.362798 0.0210547 0.0470649 0.00174952
10 0.680996 0.445729 0.0233676 0.0478023 0.00174832
10 0.89514 0.410227 0.0267341 0.0683501 0.0017422
18 0.36642 0.54788 0.0740472 0.110073 0.00173458
2 0.809292 0.324424 0.0112818 0.0120871 0.00171237
0 0.921875 0.489244 0.153274 0.139898 0.00171023
0 0.612166 0.324647 0.0297004 0.0335395 0.00170708
10 0.952538 0.298624 0.0103253 0.0215973 0.0017067
0 0.769459 0.450347 0.0281934 0.0270273 0.00168375
9 0.60349 0.340031 0.023827 0.0204744 0.00167821
34 0.655437 0.293157 0.0175673 0.0296046 0.00164284
0 0.303775 0.346715 0.0713319 0.154867 0.00163269
0 0.816797 0.298881 0.0195748 0.0815039 0.00162665
17 0.511831 0.420331 0.0313297 0.0318164 0.00161635
2 0.288265 0.0714573 0.0200406 0.0266186 0.001607
10 0.602172 0.372258 0.0132087 0.028381 0.00160101
0 0.618312 0.27358 0.0148679 0.0415857 0.00160015
0 0.642896 0.306579 0.0395106 0.0654671 0.00158674
39 0.601308 0.334037 0.0242899 0.0265233 0.00158475
39 0.604546 0.362798 0.0210547 0.0470649 0.00157994
10 0.809292 0.324424 0.0112818 0.0120871 0.00157764
39 0.602172 0.372258 0.0132087 0.028381 0.00156878
0 0.480408 0.393537 0.0355312 0.0712507 0.00155686
10 0.351558 0.469155 0.0103409 0.0175365 0.00154707
39 0.599683 0.36449 0.019686 0.044653 0.00154048
18 0.446284 0.513415 0.0189692 0.0336484 0.00153718
9 0.615831 0.363047 0.0162339 0.0375262 0.00152589
0 0.684182 0.355837 0.0343533 0.0304697 0.00151467
9 0.0648851 0.524042 0.127346 0.303151 0.00151191
10 0.777183 0.483759 0.0162271 0.0355622 0.00149175
0 0.690246 0.353088 0.0264658 0.0357699 0.00147652
0 0.632034 0.287273 0.0243268 0.041723 0.00145567
0 0.639838 0.43129 0.0506578 0.0909428 0.00145074
17 0.0793513 0.348872 0.0385817 0.0313425 0.00143896
10 0.61793 0.371803 0.0161512 0.0318248 0.00143801
17 0.489359 0.251537 0.0371116 0.0395957 0.00143325
0 0.654721 0.351185 0.0994441 0.232986 0.00143102
0 0.629339 0.280707 0.0222339 0.0300496 0.00142653
0 0.659795 0.294933 0.0206003 0.0333194 0.00141721
0 0.420683 0.343262 0.0228092 0.0403451 0.00141694
0 0.156591 0.373955 0.030603 0.040696 0.00140894
10 0.989863 0.452159 0.0170951 0.0196756 0.0013931
9 0.539148 0.290258 0.0568927 0.122648 0.00138779
18 0.414013 0.510445 0.0757428 0.107474 0.0013709
20 0.600102 0.32482 0.0213121 0.0360849 0.0013648
20 0.684182 0.355837 0.0343533 0.0304697 0.0013638
10 0.665312 0.453991 0.029832 0.0442399 0.00134636
18 0.427258 0.555616 0.0623895 0.130231 0.0013293
20 0.147951 0.406418 0.0220235 0.0361761 0.00132709
30 0.704938 0.172567 0.0356237 0.036853 0.00132623
17 0.0771499 0.33173 0.0443574 0.0664534 0.0013256
0 0.734686 0.449879 0.0197403 0.0276168 0.0013256
10 0.192571 0.502785 0.0108742 0.0235396 0.00130465
9 0.61793 0.371803 0.0161512 0.0318248 0.00130366
10 0.685401 0.481709 0.0231171 0.0200718 0.00129559
18 0.602172 0.372258 0.0132087 0.028381 0.00129029
0 0.507545 0.510652 0.0893772 0.175712 0.00127727
10 0.621734 0.398357 0.0113607 0.0251674 0.00126961
0 0.675552 0.356259 0.0411968 0.0396286 0.00126817
10 0.890185 0.44724 0.02879 0.0233711 0.00126164
9 0.609431 0.291039 0.0376834 0.0703049 0.00126122
10 0.691878 0.450377 0.014346 0.0381509 0.00126112
18 0.607373 0.397352 0.0355216 0.062633 0.00125346
17 0.481879 0.254055 0.0297013 0.0308629 0.00125282
17 0.618312 0.27358 0.0148679 0.0415857 0.00124797
19 0.509679 0.569886 0.103056 0.14092 0.00124086
0 0.611773 0.338894 0.023272 0.0355976 0.00121886
18 0.332173 0.514765 0.0235677 0.137033 0.00121271
0 0.600102 0.32482 0.0213121 0.0360849 0.00121169
14 0.964005 0.409875 0.033885 0.0769628 0.00119909
0 0.471543 0.374562 0.0243505 0.0475608 0.00119168
9 0.606304 0.324631 0.0270734 0.0326638 0.00118481
10 0.794294 0.384025 0.0179987 0.0612714 0.00117227
0 0.130074 0.366418 0.0405666 0.0475518 0.00117218
34 0.647429 0.290157 0.0337323 0.0215371 0.00116943
34 0.493666 0.256026 0.0284944 0.0473187 0.00116854
10 0.946366 0.414366 0.0157343 0.0299778 0.00116749
51 0.952538 0.298624 0.0103253 0.0215973 0.00116108
0 0.512026 0.346432 0.0306251 0.073172 0.00115074
34 0.333192 0.462698 0.0109375 0.0226169 0.00114987
17 0.692223 0.356454 0.0217006 0.0266585 0.00114655
10 0.971117 0.393958 0.0207666 0.0889554 0.00114567
