4 0.663567 0.656456 0.109252 0.129319 0.895292
4 0.525141 0.649748 0.0676874 0.0745418 0.858932
4 0.961044 0.738092 0.0746516 0.266233 0.827594
1 0.677347 0.502854 0.0418498 0.117446 0.730271
1 0.317495 0.574067 0.0198692 0.0682382 0.630241
4 0.371335 0.641259 0.0346964 0.0395665 0.576487
1 0.254883 0.557218 0.0713229 0.106147 0.552892
1 0.678845 0.415804 0.0525779 0.294992 0.50412
1 0.393755 0.556824 0.0220792 0.0815389 0.342267
1 0.236505 0.605297 0.0124383 0.0328089 0.210679
1 0.356929 0.567879 0.0171648 0.0679194 0.150929
1 0.408051 0.653143 0.0212349 0.0197383 0.0855902
1 0.233148 0.604028 0.0191247 0.0276329 0.0759386
4 0.250828 0.649972 0.022613 0.0177268 0.0456083
6 0.854145 0.570176 0.161227 0.183411 0.0439553
4 0.957121 0.667529 0.0821443 0.251102 0.0422057
1 0.406292 0.648944 0.0250906 0.0236696 0.0299276
12 0.255042 0.557171 0.0719617 0.105015 0.0257635
7 0.058856 0.583426 0.00672689 0.0216542 0.0212873
1 0.338687 0.571979 0.0222672 0.0749552 0.0205031
7 0.0392719 0.583614 0.00962978 0.0300862 0.0188903
1 0.346476 0.619391 0.0142084 0.0161956 0.0186493
4 0.406421 0.643366 0.0275427 0.0361249 0.0181628
22 0.738236 0.66664 0.0249718 0.0726444 0.0168363
4 0.348407 0.635681 0.020817 0.037973 0.0141871
4 0.602876 0.663229 0.0237722 0.0470942 0.0117459
4 0.346476 0.619391 0.0142084 0.0161956 0.0103794
4 0.395449 0.641811 0.0325356 0.0373788 0.0102545
7 0.0541088 0.576864 0.0158241 0.0376992 0.0100652
14 0.738473 0.665854 0.0260519 0.0720233 0.00934994
4 0.408051 0.653143 0.0212349 0.0197383 0.00879683
1 0.363466 0.562502 0.0304067 0.0740944 0.00851998
1 0.279557 0.582903 0.0208066 0.0577137 0.00748631
1 0.347242 0.61307 0.0138698 0.0190207 0.00676746
7 0.393655 0.555913 0.0216966 0.0819433 0.00658056
1 0.442842 0.655819 0.0298236 0.0205161 0.00654867
4 0.406292 0.648944 0.0250906 0.0236696 0.00651931
4 0.893347 0.670578 0.0616113 0.0704166 0.00579401
4 0.23603 0.658061 0.0571533 0.0298871 0.00570458
4 0.0184156 0.640817 0.0341621 0.0581252 0.00563746
6 0.95721 0.638166 0.0825435 0.189742 0.00504548
7 0.0363553 0.584483 0.0111474 0.0319878 0.00435818
2 0.696272 0.300626 0.0191174 0.0256864 0.00434702
15 0.525199 0.648738 0.0664038 0.0753064 0.00364529
1 0.352787 0.612436 0.0156243 0.0223315 0.00322826
1 0.354734 0.56356 0.0292679 0.0804237 0.00286697
4 0.485166 0.661268 0.0191914 0.0349242 0.00282932
4 0.447911 0.656724 0.0388869 0.0230641 0.00273525
6 0.574751 0.630171 0.0725339 0.089834 0.00272626
4 0.251422 0.65984 0.0325522 0.0317109 0.00266239
4 0.593997 0.647574 0.0386432 0.072125 0.00263788
1 0.236946 0.595392 0.0146323 0.0240107 0.00258499
4 0.351184 0.619357 0.0170124 0.0214215 0.00249826
4 0.956721 0.615787 0.0832164 0.145075 0.00245814
4 0.566723 0.661506 0.0192939 0.0302537 0.00244153
1 0.405451 0.63904 0.0264519 0.0399593 0.00240876
4 0.0183426 0.622866 0.0352212 0.096873 0.00230783
4 0.483767 0.671622 0.0197527 0.0330779 0.00230015
26 0.73922 0.66625 0.0255567 0.0737593 0.00229873
1 0.489419 0.610028 0.0134928 0.0341888 0.00226891
4 0.582359 0.661873 0.0211317 0.0344419 0.00221915
15 0.370236 0.641066 0.0365085 0.0398148 0.00205904
42 0.346476 0.619391 0.0142084 0.0161956 0.00202459
4 0.342045 0.63626 0.0302982 0.0314217 0.00200612
15 0.346476 0.619391 0.0142084 0.0161956 0.0019439
4 0.492176 0.643326 0.015593 0.0285542 0.0019363
6 0.525199 0.648738 0.0664038 0.0753064 0.00193092
6 0.0212188 0.636408 0.0407939 0.0698085 0.00192884
4 0.499594 0.66078 0.0196228 0.0462582 0.00187875
23 0.738236 0.66664 0.0249718 0.0726444 0.0018675
1 0.226261 0.607234 0.0196782 0.0293426 0.00184049
4 0.453284 0.660584 0.0475187 0.0354271 0.00169869
1 0.350955 0.632614 0.0172553 0.035644 0.00166237
1 0.387622 0.555626 0.0200909 0.0807448 0.00165528
4 0.239154 0.647892 0.0358353 0.0246007 0.00162752
6 0.371902 0.640684 0.0331223 0.039613 0.00154485
4 0.250321 0.641062 0.0312867 0.0235084 0.00151285
7 0.408051 0.653143 0.0212349 0.0197383 0.00150779
2 0.569076 0.363889 0.0173094 0.0274705 0.00144405
7 0.585137 0.369082 0.0224845 0.0289376 0.001444
4 0.307471 0.646302 0.0138184 0.0134262 0.00142914
7 0.058085 0.588655 0.0112004 0.0197571 0.00141918
7 0.406292 0.648944 0.0250906 0.0236696 0.0013869
1 0.380032 0.559462 0.0118999 0.0758012 0.0012348
4 0.613344 0.659175 0.0165578 0.047871 0.00115278
4 0.738452 0.665107 0.0267416 0.0712443 0.00113922
15 0.955691 0.607526 0.0865768 0.130479 0.00111746
6 0.346476 0.619391 0.0142084 0.0161956 0.00111077
1 0.411895 0.638493 0.0220081 0.0382114 0.00110004
15 0.0212188 0.636408 0.0407939 0.0698085 0.00108874
15 0.350955 0.632614 0.0172553 0.035644 0.0010865
1 0.351184 0.619357 0.0170124 0.0214215 0.00107905
4 0.341098 0.628899 0.0273961 0.0306739 0.00107793
1 0.767885 0.534238 0.0156316 0.0507645 0.00107097
7 0.592382 0.370894 0.0214437 0.0295715 0.00104294
4 0.247926 0.666805 0.0401713 0.0422481 0.00102923
1 0.52912 0.57957 0.0189404 0.03022 0.00102371
4 0.354826 0.642374 0.0341657 0.0388469 0.00101654
