4 0.809577 0.557292 0.140403 0.128867 0.935667
4 0.624854 0.544636 0.0711249 0.0817032 0.918026
4 0.66536 0.53288 0.0446679 0.0545751 0.889018
4 0.726919 0.545572 0.0541494 0.0741413 0.877042
0 0.581006 0.631313 0.0765471 0.243459 0.865824
8 0.574895 0.703569 0.0935294 0.221367 0.839663
7 0.975112 0.264128 0.0208765 0.0363595 0.821729
1 0.372852 0.388194 0.0600489 0.067346 0.782128
4 0.514368 0.56992 0.110593 0.116092 0.77998
0 0.168442 0.545973 0.0228656 0.0953101 0.761047
4 0.508107 0.509294 0.0361823 0.0256088 0.717998
7 0.0208219 0.419406 0.0255879 0.189778 0.708477
7 0.948633 0.259473 0.0163273 0.0623112 0.663358
4 0.475743 0.512924 0.0301535 0.0198136 0.642338
7 0.167336 0.481763 0.0203044 0.195475 0.640991
4 0.221469 0.516467 0.0192033 0.0267844 0.594825
4 0.447025 0.512539 0.0292127 0.0155727 0.559993
4 0.97534 0.518471 0.0389564 0.0125697 0.52487
4 0.39047 0.508957 0.0220653 0.0145125 0.506983
4 0.367865 0.50785 0.0193774 0.0117353 0.412077
4 0.420259 0.510651 0.0167322 0.0109652 0.379107
4 0.427596 0.511771 0.0246155 0.0136646 0.343484
23 0.135288 0.561918 0.0106348 0.0462681 0.309808
7 0.0222333 0.563275 0.0126068 0.122813 0.275522
1 0.250145 0.45951 0.0163093 0.0245704 0.250246
4 0.356846 0.505988 0.0133741 0.0108534 0.24928
4 0.244665 0.514385 0.00874968 0.0208279 0.214292
1 0.357014 0.466397 0.0206206 0.0238666 0.202939
4 0.411008 0.510531 0.0160837 0.0113853 0.17264
0 0.244665 0.514385 0.00874968 0.0208279 0.168891
4 0.43919 0.513615 0.0197104 0.0180678 0.14929
1 0.319781 0.497274 0.00846176 0.017343 0.140317
1 0.428166 0.48494 0.00817355 0.0248613 0.128762
2 0.518092 0.340653 0.00548743 0.0151481 0.123985
0 0.211192 0.513245 0.0104815 0.0304116 0.118593
7 0.403746 0.357145 0.0084028 0.0432296 0.111641
5 0.221231 0.515717 0.0213246 0.0311482 0.111046
4 0.268768 0.511662 0.00706747 0.0138558 0.10994
0 0.253854 0.511527 0.00616415 0.014778 0.104426
2 0.446569 0.327797 0.00615198 0.0144194 0.101577
4 0.546869 0.511639 0.043041 0.0137587 0.0970634
4 0.331013 0.506438 0.00970117 0.00985552 0.0953911
1 0.730889 0.44713 0.0149754 0.0198614 0.0921846
4 0.56106 0.530937 0.0539118 0.0516644 0.0871319
4 0.343616 0.506626 0.0119117 0.00921642 0.0857906
4 0.414624 0.514414 0.0165369 0.0166208 0.0806714
4 0.238593 0.514082 0.0092453 0.0190106 0.0770188
1 0.255902 0.496624 0.00554105 0.0194117 0.0764546
7 0.402842 0.365113 0.00812967 0.0327856 0.0758196
14 0.883048 0.557453 0.0219874 0.0410813 0.0707314
4 0.369339 0.499698 0.0147575 0.0227854 0.0678138
4 0.975575 0.523326 0.0380409 0.0201041 0.067253
13 0.574215 0.527264 0.0189634 0.0311046 0.0654097
1 0.363116 0.46757 0.0121718 0.0234985 0.0619097
4 0.223923 0.522784 0.0150762 0.0211358 0.0603798
22 0.134894 0.562337 0.00995107 0.0462972 0.0601913
4 0.390535 0.513222 0.0240774 0.0185623 0.0569177
6 0.390715 0.500132 0.0184854 0.0231111 0.0550213
4 0.356057 0.499843 0.010372 0.0222765 0.0547626
7 0.0206148 0.473374 0.0203869 0.304049 0.0526975
4 0.253854 0.511527 0.00616415 0.014778 0.0510036
1 0.419208 0.498875 0.00811273 0.0217951 0.0499384
4 0.31821 0.503795 0.0104652 0.0147607 0.049623
4 0.385831 0.500524 0.0170065 0.0241552 0.0487208
1 0.335176 0.464794 0.011535 0.0151494 0.0486134
4 0.390715 0.500132 0.0184854 0.0231111 0.0483975
0 0.550335 0.631699 0.0334917 0.220249 0.0483375
1 0.427507 0.479237 0.00930234 0.0261445 0.0456234
0 0.238593 0.514082 0.0092453 0.0190106 0.0452461
4 0.365917 0.513874 0.0208098 0.0178257 0.0439705
4 0.283174 0.508668 0.00838861 0.00816585 0.0433636
3 0.170891 0.562387 0.0233698 0.0717828 0.0419332
6 0.221231 0.515717 0.0213246 0.0311482 0.0417147
4 0.57391 0.521603 0.01922 0.0243703 0.041311
5 0.244665 0.514385 0.00874968 0.0208279 0.041002
2 0.468285 0.338678 0.00477704 0.0109154 0.040979
2 0.446856 0.293379 0.00753088 0.018511 0.0391211
7 0.290504 0.445284 0.00804263 0.0108612 0.0386561
0 0.560205 0.629002 0.0375851 0.191253 0.0385306
2 0.453712 0.330924 0.00562231 0.00902192 0.0384048
14 0.135117 0.56245 0.00968437 0.0451555 0.0380069
8 0.244665 0.514385 0.00874968 0.0208279 0.0378498
1 0.0202854 0.420921 0.0241 0.188372 0.0372077
2 0.404889 0.343327 0.00798819 0.0203537 0.0371391
6 0.385831 0.500524 0.0170065 0.0241552 0.0361628
4 0.569076 0.588154 0.0861437 0.163687 0.035018
4 0.504994 0.520691 0.0432037 0.0372776 0.0327703
2 0.446409 0.318074 0.00713236 0.0178491 0.0301251
0 0.221231 0.515717 0.0213246 0.0311482 0.0282125
6 0.369339 0.499698 0.0147575 0.0227854 0.027748
8 0.253854 0.511527 0.00616415 0.014778 0.0269108
1 0.250361 0.462074 0.0107789 0.0195837 0.0267494
2 0.517931 0.346874 0.00457245 0.0173842 0.0235766
5 0.883973 0.557009 0.0223802 0.0426008 0.0233363
1 0.209685 0.500984 0.00950002 0.0260054 0.0228401
1 0.335632 0.481872 0.00940848 0.0312416 0.0227388
1 0.361652 0.470386 0.0164113 0.0259563 0.0223987
6 0.39047 0.508957 0.0220653 0.0145125 0.0223203
6 0.244665 0.514385 0.00874968 0.0208279 0.0222442
4 0.883973 0.557009 0.0223802 0.0426008 0.0220326
17 0.574215 0.527264 0.0189634 0.0311046 0.0212888
0 0.261733 0.513199 0.00423773 0.0185481 0.0210972
8 0.245212 0.522007 0.00678926 0.0226936 0.021042
13 0.573085 0.520325 0.0199758 0.0261378 0.0209106
4 0.211192 0.513245 0.0104815 0.0304116 0.0207648
0 0.59297 0.535682 0.0188782 0.0402487 0.020112
0 0.268768 0.511662 0.00706747 0.0138558 0.0200725
0 0.255902 0.496624 0.00554105 0.0194117 0.0197618
6 0.268768 0.511662 0.00706747 0.0138558 0.0187561
8 0.238593 0.514082 0.0092453 0.0190106 0.0186506
1 0.291373 0.497357 0.00637393 0.0171765 0.0179871
9 0.595928 0.662269 0.0486593 0.156573 0.0176154
6 0.367865 0.50785 0.0193774 0.0117353 0.0174629
1 0.948357 0.260055 0.0157833 0.0630223 0.0170821
1 0.974865 0.263978 0.0214554 0.0365539 0.0163129
4 0.594022 0.524077 0.0196862 0.0295368 0.0162254
1 0.442071 0.438479 0.0327062 0.0592527 0.016085
9 0.600829 0.655609 0.0373643 0.110212 0.0160432
7 0.995342 0.262596 0.00827747 0.026928 0.0159843
4 0.59297 0.535682 0.0188782 0.0402487 0.0158772
1 0.454452 0.45796 0.0105837 0.0344523 0.0158545
4 0.861788 0.525933 0.0327986 0.0445016 0.0156532
1 0.454499 0.444891 0.0111325 0.0552639 0.0152062
0 0.135117 0.56245 0.00968437 0.0451555 0.0151906
14 0.0217025 0.562354 0.0129915 0.124793 0.0146223
4 0.495823 0.501311 0.0135851 0.0250809 0.0145187
4 0.650702 0.527849 0.0269038 0.0454493 0.0143912
8 0.223923 0.522784 0.0150762 0.0211358 0.0139686
11 0.568648 0.584421 0.0373506 0.0613403 0.0137513
15 0.390715 0.500132 0.0184854 0.0231111 0.0137078
1 0.38439 0.469837 0.0246021 0.0194867 0.0129867
4 0.856652 0.528491 0.0260504 0.0201499 0.01296
4 0.29193 0.504343 0.00541602 0.013785 0.0128448
7 0.168203 0.545283 0.0219188 0.098782 0.0128112
8 0.872348 0.551587 0.0190125 0.0474139 0.0127997
7 0.0204774 0.526492 0.018099 0.196526 0.0127874
7 0.428166 0.48494 0.00817355 0.0248613 0.0127327
4 0.291373 0.497357 0.00637393 0.0171765 0.0124555
6 0.31821 0.503795 0.0104652 0.0147607 0.0124469
4 0.466449 0.498065 0.0127264 0.0190408 0.0123334
4 0.494311 0.541245 0.0669173 0.0501973 0.0119236
2 0.567603 0.340821 0.00602606 0.0151498 0.0118456
3 0.168639 0.546201 0.0226849 0.0953785 0.0118099
9 0.544183 0.671205 0.0187883 0.117388 0.0116562
1 0.451963 0.439556 0.0146216 0.0619961 0.0116453
6 0.356846 0.505988 0.0133741 0.0108534 0.0116065
6 0.319781 0.497274 0.00846176 0.017343 0.0115576
4 0.284621 0.497154 0.0102044 0.0169503 0.0115242
6 0.356057 0.499843 0.010372 0.0222765 0.0114501
15 0.369339 0.499698 0.0147575 0.0227854 0.0113957
2 0.403746 0.357145 0.0084028 0.0432296 0.0113679
8 0.261733 0.513199 0.00423773 0.0185481 0.0112692
4 0.319781 0.497274 0.00846176 0.017343 0.0112089
4 0.428096 0.519939 0.0213465 0.02742 0.0110942
4 0.448263 0.519617 0.0272716 0.0283925 0.0110788
4 0.261733 0.513199 0.00423773 0.0185481 0.0110683
4 0.192905 0.513483 0.0118237 0.0199346 0.0109015
26 0.135288 0.561918 0.0106348 0.0462681 0.010865
7 0.127433 0.484074 0.0237885 0.227639 0.0108132
0 0.209685 0.500984 0.00950002 0.0260054 0.0107255
8 0.221231 0.515717 0.0213246 0.0311482 0.0104894
1 0.345061 0.49935 0.0088689 0.0213222 0.0103887
6 0.331013 0.506438 0.00970117 0.00985552 0.0101476
6 0.411142 0.499055 0.0137598 0.0245912 0.0101115
1 0.369339 0.499698 0.0147575 0.0227854 0.0100396
4 0.304812 0.507059 0.0078317 0.0100073 0.00996016
7 0.404889 0.343327 0.00798819 0.0203537 0.00986422
4 0.858184 0.529698 0.0351235 0.0282849 0.00962927
11 0.575613 0.588533 0.0416397 0.0952964 0.00959603
15 0.385831 0.500524 0.0170065 0.0241552 0.00958394
5 0.268768 0.511662 0.00706747 0.0138558 0.00951527
5 0.238593 0.514082 0.0092453 0.0190106 0.00951216
1 0.334543 0.499091 0.0103559 0.0213228 0.00944718
8 0.861226 0.538807 0.0308392 0.0388058 0.00943057
18 0.135288 0.561918 0.0106348 0.0462681 0.00933788
13 0.59297 0.535682 0.0188782 0.0402487 0.00931909
4 0.336294 0.514166 0.0113337 0.0176798 0.00929453
0 0.245212 0.522007 0.00678926 0.0226936 0.00915638
1 0.727803 0.462137 0.0127964 0.0354366 0.00901298
1 0.411142 0.499055 0.0137598 0.0245912 0.00894742
7 0.255902 0.496624 0.00554105 0.0194117 0.00890756
1 0.390577 0.367424 0.0233362 0.0240958 0.00887343
2 0.329087 0.363284 0.00567453 0.0161067 0.00883456
1 0.270519 0.496108 0.00718308 0.0156915 0.00868702
3 0.861226 0.538807 0.0308392 0.0388058 0.00862532
5 0.22133 0.521457 0.0186315 0.0238231 0.00846657
15 0.356057 0.499843 0.010372 0.0222765 0.00837475
0 0.0217025 0.562354 0.0129915 0.124793 0.00832563
4 0.168471 0.545506 0.0227806 0.0971015 0.00826939
6 0.284621 0.497154 0.0102044 0.0169503 0.00823877
15 0.367865 0.50785 0.0193774 0.0117353 0.00816984
6 0.255902 0.496624 0.00554105 0.0194117 0.00794519
3 0.135117 0.56245 0.00968437 0.0451555 0.0079381
5 0.253854 0.511527 0.00616415 0.014778 0.00786574
7 0.390577 0.367424 0.0233362 0.0240958 0.00774065
4 0.521505 0.533302 0.0940641 0.0526054 0.00761583
1 0.284621 0.497154 0.0102044 0.0169503 0.00721639
2 0.409221 0.347176 0.0102531 0.0226337 0.00708086
4 0.419208 0.498875 0.00811273 0.0217951 0.00705703
4 0.270519 0.496108 0.00718308 0.0156915 0.00697402
14 0.128033 0.561738 0.0225857 0.0458769 0.00695082
9 0.568648 0.584421 0.0373506 0.0613403 0.00694855
6 0.248011 0.503037 0.0123634 0.0298416 0.00689082
0 0.569076 0.588154 0.0861437 0.163687 0.00688777
1 0.265631 0.467619 0.0150911 0.0128276 0.00683674
4 0.345061 0.49935 0.0088689 0.0213222 0.00680307
15 0.319781 0.497274 0.00846176 0.017343 0.00677647
6 0.270519 0.496108 0.00718308 0.0156915 0.00668236
7 0.35349 0.427362 0.0099657 0.0118184 0.00667698
1 0.290504 0.445284 0.00804263 0.0108612 0.00657195
15 0.356846 0.505988 0.0133741 0.0108534 0.0065269
8 0.268768 0.511662 0.00706747 0.0138558 0.0064991
14 0.221231 0.515717 0.0213246 0.0311482 0.00632764
0 0.170891 0.562387 0.0233698 0.0717828 0.00630364
0 0.593385 0.54972 0.0205576 0.0496144 0.00625294
13 0.174775 0.502668 0.0157695 0.0317054 0.00623523
15 0.39047 0.508957 0.0220653 0.0145125 0.00622797
4 0.219524 0.504198 0.0139339 0.0313236 0.00619299
4 0.48614 0.541902 0.0412789 0.0354243 0.00613966
8 0.211192 0.513245 0.0104815 0.0304116 0.00604818
4 0.859764 0.540886 0.0372955 0.0584 0.00596102
8 0.25151 0.521361 0.0101515 0.0241067 0.00588876
7 0.399643 0.3657 0.0137274 0.0283842 0.00588495
6 0.420259 0.510651 0.0167322 0.0109652 0.00588405
4 0.306328 0.497492 0.00723633 0.017795 0.00585701
1 0.356057 0.499843 0.010372 0.0222765 0.00580452
7 0.209685 0.500984 0.00950002 0.0260054 0.00573247
4 0.245212 0.522007 0.00678926 0.0226936 0.00572469
0 0.0204774 0.526492 0.018099 0.196526 0.00567792
1 0.424295 0.477925 0.0129645 0.0267815 0.00559618
6 0.291373 0.497357 0.00637393 0.0171765 0.0055841
6 0.253854 0.511527 0.00616415 0.014778 0.00554883
1 0.390715 0.500132 0.0184854 0.0231111 0.00552072
15 0.221469 0.516467 0.0192033 0.0267844 0.00551897
17 0.59297 0.535682 0.0188782 0.0402487 0.00544483
1 0.31821 0.503795 0.0104652 0.0147607 0.00542231
4 0.578755 0.629785 0.0725862 0.241737 0.00535021
2 0.440049 0.299695 0.00807629 0.00774867 0.0052554
4 0.334543 0.499091 0.0103559 0.0213228 0.00521696
6 0.343616 0.506626 0.0119117 0.00921642 0.0052078
0 0.248011 0.503037 0.0123634 0.0298416 0.0051935
7 0.414362 0.351055 0.00998956 0.0173522 0.00512404
2 0.402842 0.365113 0.00812967 0.0327856 0.00511042
2 0.414362 0.351055 0.00998956 0.0173522 0.00509697
1 0.440328 0.474657 0.0234459 0.0257586 0.00503133
15 0.975866 0.517217 0.0407108 0.0125178 0.00500077
15 0.31821 0.503795 0.0104652 0.0147607 0.00492536
2 0.452057 0.323907 0.00908966 0.0284356 0.00489619
0 0.16755 0.453883 0.0202598 0.149006 0.00483777
7 0.409221 0.347176 0.0102531 0.0226337 0.0048165
1 0.521085 0.346256 0.0545963 0.126195 0.00475805
17 0.573085 0.520325 0.0199758 0.0261378 0.00472373
7 0.730889 0.44713 0.0149754 0.0198614 0.00464778
0 0.624886 0.544594 0.0709876 0.0795008 0.00464232
5 0.211192 0.513245 0.0104815 0.0304116 0.00462586
4 0.861226 0.538807 0.0308392 0.0388058 0.00461017
0 0.192905 0.513483 0.0118237 0.0199346 0.00460815
0 0.594022 0.524077 0.0196862 0.0295368 0.00460743
6 0.283174 0.508668 0.00838861 0.00816585 0.00457118
6 0.219524 0.504198 0.0139339 0.0313236 0.00456417
8 0.909378 0.535532 0.0121209 0.0234553 0.00451486
4 0.316354 0.514908 0.0111629 0.0191222 0.00446831
6 0.386994 0.489113 0.028772 0.0336912 0.00441526
4 0.565836 0.574971 0.0532532 0.104578 0.00441293
6 0.419208 0.498875 0.00811273 0.0217951 0.00441288
2 0.450069 0.293544 0.0125709 0.0171229 0.00439536
4 0.477913 0.500239 0.0222539 0.0239113 0.00430806
15 0.331013 0.506438 0.00970117 0.00985552 0.00427642
1 0.717963 0.472355 0.00718469 0.0186035 0.00419722
1 0.400306 0.377806 0.00765839 0.053046 0.00418821
9 0.533069 0.664015 0.0320489 0.123448 0.00416319
17 0.168471 0.545506 0.0227806 0.0971015 0.00416203
15 0.345061 0.49935 0.0088689 0.0213222 0.00415609
15 0.291373 0.497357 0.00637393 0.0171765 0.00413921
6 0.334543 0.499091 0.0103559 0.0213228 0.00410694
23 0.128033 0.561738 0.0225857 0.0458769 0.00408346
0 0.550374 0.583008 0.0320114 0.106239 0.00403467
5 0.420259 0.510651 0.0167322 0.0109652 0.00403418
3 0.595928 0.662269 0.0486593 0.156573 0.00403122
9 0.560205 0.629002 0.0375851 0.191253 0.00402675
1 0.289518 0.461263 0.0099151 0.0239255 0.00400839
1 0.335232 0.455953 0.0125754 0.0232481 0.00400497
0 0.420259 0.510651 0.0167322 0.0109652 0.00397189
2 0.264437 0.195614 0.0104381 0.0197816 0.0039632
6 0.345061 0.49935 0.0088689 0.0213222 0.00390926
1 0.306328 0.497492 0.00723633 0.017795 0.00389381
9 0.575613 0.588533 0.0416397 0.0952964 0.0038797
1 0.307003 0.448712 0.00900794 0.0113032 0.00387651
4 0.391009 0.521349 0.0207105 0.0252879 0.00386211
7 0.335176 0.464794 0.011535 0.0151494 0.0038603
14 0.238593 0.514082 0.0092453 0.0190106 0.00385684
3 0.914425 0.537603 0.0110275 0.0289254 0.00383837
7 0.0333913 0.423116 0.0312888 0.194586 0.00376328
4 0.255902 0.496624 0.00554105 0.0194117 0.00374004
3 0.573853 0.703529 0.0935659 0.22109 0.00372618
1 0.317815 0.485327 0.0135458 0.020205 0.00366964
3 0.909378 0.535532 0.0121209 0.0234553 0.00366255
4 0.302 0.528779 0.00963547 0.0120649 0.00365668
18 0.883654 0.557552 0.0239685 0.0440279 0.0036513
4 0.872348 0.551587 0.0190125 0.0474139 0.00363121
