4 0.312782 0.758728 0.0899919 0.0754446 0.899267
4 0.224855 0.753996 0.0708589 0.0637164 0.833906
4 0.153951 0.756187 0.0695162 0.0716676 0.832295
4 0.648652 0.737564 0.0410412 0.0428859 0.828338
4 0.611009 0.739353 0.0412998 0.0544482 0.812694
4 0.956588 0.737989 0.0379263 0.043252 0.806522
4 0.0730826 0.751584 0.0643357 0.0653809 0.786982
4 0.553315 0.742106 0.0317852 0.0488256 0.736276
1 0.408662 0.671853 0.0276288 0.0750707 0.736155
7 0.422623 0.583817 0.0148474 0.0645902 0.643787
7 0.993167 0.45251 0.0135 0.0654563 0.470878
4 0.576366 0.735727 0.0251246 0.0354515 0.387941
4 0.259507 0.754623 0.0239644 0.0494572 0.279781
7 0.993513 0.472296 0.0111713 0.109597 0.278227
4 0.536569 0.72942 0.0141772 0.0376503 0.203618
4 0.443016 0.737162 0.0113906 0.0188046 0.200201
6 0.472392 0.732772 0.0663253 0.0839167 0.185317
4 0.114288 0.773473 0.0627664 0.0851473 0.140405
7 0.476878 0.603938 0.00834415 0.0232052 0.121155
4 0.537009 0.721936 0.0148666 0.0251996 0.112225
4 0.432782 0.738785 0.0242082 0.0224495 0.0908473
4 0.775109 0.737299 0.0497684 0.035488 0.0883527
15 0.537009 0.721936 0.0148666 0.0251996 0.0824855
6 0.537009 0.721936 0.0148666 0.0251996 0.0817621
4 0.575157 0.729051 0.0216458 0.0254981 0.0781495
1 0.673315 0.195151 0.0153104 0.0409781 0.0721332
4 0.506688 0.722573 0.0128492 0.0136287 0.0695328
4 0.791694 0.736556 0.0250303 0.03126 0.0460557
0 0.366243 0.171217 0.0747795 0.157512 0.0416203
7 0.987379 0.445944 0.0235999 0.0544004 0.0389574
4 0.509956 0.732502 0.0198028 0.0328106 0.0323135
4 0.120458 0.763264 0.0459164 0.0649832 0.0293319
1 0.410239 0.634921 0.0299526 0.0246419 0.0292662
7 0.47276 0.603899 0.00942267 0.0231536 0.0271718
6 0.536569 0.72942 0.0141772 0.0376503 0.026532
1 0.534861 0.707177 0.0113353 0.019125 0.0211855
2 0.172806 0.271872 0.00916814 0.0177384 0.0200251
4 0.434603 0.728274 0.0282359 0.0322899 0.0198553
1 0.404536 0.724826 0.0157468 0.0326295 0.0195852
4 0.842259 0.729856 0.0224317 0.0144462 0.0195117
4 0.522818 0.734021 0.0173528 0.029421 0.0185325
4 0.83187 0.729553 0.0348174 0.0149618 0.018066
4 0.433862 0.744634 0.0265031 0.0308035 0.0175787
1 0.514425 0.665477 0.0141827 0.0204538 0.017193
5 0.536569 0.72942 0.0141772 0.0376503 0.0157038
4 0.429893 0.724345 0.0197466 0.0310024 0.0152256
4 0.756723 0.737372 0.0131449 0.0358916 0.0151397
1 0.515319 0.676327 0.0105846 0.0208814 0.0145478
4 0.518172 0.722527 0.0130869 0.0146213 0.0142615
14 0.756723 0.737372 0.0131449 0.0358916 0.0140935
4 0.920746 0.752402 0.116418 0.0809315 0.0134464
4 0.448828 0.743226 0.0209371 0.0302449 0.0133961
7 0.482211 0.60358 0.01288 0.0235919 0.0133094
6 0.429893 0.724345 0.0197466 0.0310024 0.0130636
7 0.489019 0.602064 0.0178014 0.0245138 0.0124544
6 0.434603 0.728274 0.0282359 0.0322899 0.0117178
6 0.434703 0.738959 0.0288635 0.0294338 0.0108417
4 0.423321 0.732572 0.012212 0.0254871 0.0100253
4 0.359762 0.757593 0.0257485 0.0356448 0.00982941
6 0.432068 0.729303 0.0400391 0.0560324 0.00902773
4 0.363802 0.756978 0.024587 0.0268983 0.00897467
10 0.673463 0.196463 0.0160331 0.0442709 0.00849353
7 0.990976 0.442872 0.0172029 0.0812307 0.00843366
0 0.756723 0.737372 0.0131449 0.0358916 0.00792871
1 0.422724 0.726344 0.0135977 0.033521 0.00776815
4 0.535796 0.737351 0.0131212 0.0351992 0.00759536
4 0.0210431 0.749755 0.0374468 0.0422062 0.00754253
1 0.516545 0.691671 0.00830646 0.0256188 0.00736967
7 0.976115 0.441766 0.0210046 0.04026 0.00717237
4 0.794888 0.742073 0.0320783 0.0399613 0.006869
1 0.537009 0.721936 0.0148666 0.0251996 0.0067875
2 0.476878 0.603938 0.00834415 0.0232052 0.00660026
7 0.964658 0.449302 0.030004 0.0328081 0.00621545
4 0.840938 0.725692 0.0168356 0.0184363 0.00605354
4 0.847727 0.735489 0.0180005 0.01994 0.0055443
4 0.509668 0.743086 0.0183969 0.0369725 0.00542191
4 0.872899 0.764915 0.0349334 0.0476242 0.00540791
4 0.208183 0.747463 0.0351651 0.0482727 0.00539433
4 0.363538 0.766668 0.0269298 0.0495409 0.00528228
12 0.537009 0.721936 0.0148666 0.0251996 0.00523593
6 0.423321 0.732572 0.012212 0.0254871 0.00518584
4 0.829786 0.725677 0.0293696 0.0183774 0.00514375
0 0.443016 0.737162 0.0113906 0.0188046 0.00497808
7 0.975259 0.447582 0.0329574 0.0471229 0.00483384
4 0.354223 0.761612 0.0211057 0.0504596 0.00463793
7 0.413219 0.584765 0.0169445 0.0647274 0.00448177
6 0.488151 0.739409 0.0370901 0.06745 0.00433335
1 0.993513 0.472296 0.0111713 0.109597 0.00432359
15 0.536569 0.72942 0.0141772 0.0376503 0.0043228
0 0.536569 0.72942 0.0141772 0.0376503 0.00426489
6 0.416449 0.739667 0.0624065 0.0490566 0.00416502
4 0.941682 0.739474 0.0655486 0.047094 0.00408468
7 0.462362 0.603139 0.0119422 0.0244399 0.00397877
1 0.30129 0.694868 0.0155339 0.0455184 0.00397165
5 0.537009 0.721936 0.0148666 0.0251996 0.00390484
1 0.798505 0.652644 0.0189171 0.0427791 0.00387655
6 0.509855 0.739719 0.0191902 0.0372705 0.0034899
6 0.443016 0.737162 0.0113906 0.0188046 0.00348622
4 0.821283 0.725312 0.0168695 0.0177344 0.00345293
4 0.347464 0.755282 0.0205405 0.0510331 0.00343268
1 0.43404 0.670111 0.0216454 0.0715898 0.00338656
4 0.278619 0.757453 0.0300247 0.063093 0.00328821
7 0.987969 0.468621 0.0227537 0.10201 0.00328021
6 0.904746 0.755528 0.0977842 0.0875493 0.00320185
4 0.422724 0.726344 0.0135977 0.033521 0.00319903
7 0.425215 0.59973 0.0162089 0.089919 0.00300956
0 0.432782 0.738785 0.0242082 0.0224495 0.00293584
7 0.961428 0.444011 0.0223122 0.0311185 0.00291481
4 0.00591531 0.73942 0.0104858 0.0227522 0.00289894
1 0.673578 0.207931 0.0174036 0.0654681 0.00286264
0 0.423321 0.732572 0.012212 0.0254871 0.00284653
4 0.0256907 0.757183 0.0489156 0.0594175 0.00277833
2 0.175518 0.271369 0.011333 0.0164088 0.00277382
1 0.295989 0.696243 0.0105787 0.0432738 0.00276564
2 0.47276 0.603899 0.00942267 0.0231536 0.00274041
1 0.424149 0.695371 0.0241578 0.0318629 0.0027402
1 0.506964 0.70667 0.00822089 0.0305968 0.00273056
14 0.767689 0.737447 0.0345396 0.0349521 0.0026899
5 0.443016 0.737162 0.0113906 0.0188046 0.00265145
7 0.476367 0.60819 0.0101256 0.0320493 0.00258293
4 0.864362 0.757954 0.0403066 0.0522102 0.00257953
1 0.304682 0.696021 0.0101299 0.0453929 0.00252679
4 0.753905 0.736845 0.0443965 0.0349275 0.00250578
2 0.993236 0.46334 0.013529 0.0876458 0.00242695
4 0.282831 0.735536 0.0319923 0.0260593 0.00239713
1 0.265482 0.706742 0.0181422 0.0330179 0.00238412
7 0.455122 0.604173 0.0221667 0.0257727 0.00237968
4 0.821095 0.749791 0.083483 0.0578176 0.00230756
6 0.422724 0.726344 0.0135977 0.033521 0.00219082
4 0.102316 0.78035 0.0878874 0.111976 0.00212639
0 0.260117 0.755261 0.0260028 0.0485188 0.00205516
1 0.293989 0.68529 0.00959943 0.0226774 0.00205361
1 0.429893 0.724345 0.0197466 0.0310024 0.0020501
6 0.611093 0.738701 0.0417201 0.0553785 0.00204586
4 0.797016 0.727769 0.0309381 0.0240444 0.0020431
4 0.472392 0.732772 0.0663253 0.0839167 0.00202286
4 0.201419 0.754791 0.022353 0.0508573 0.00201515
6 0.919944 0.735811 0.121486 0.0577073 0.0020124
7 0.993833 0.497175 0.0104963 0.0665357 0.00201065
4 0.919944 0.735811 0.121486 0.0577073 0.00200451
6 0.490112 0.721233 0.0292276 0.0825188 0.00191664
1 0.435389 0.647333 0.0151445 0.0437438 0.00188334
5 0.432782 0.738785 0.0242082 0.0224495 0.0018769
1 0.00391558 0.602854 0.00783116 0.0565017 0.00187619
4 0.455557 0.753006 0.0218029 0.0413876 0.00184365
4 0.121477 0.753194 0.0322171 0.0515966 0.00182032
7 0.293989 0.68529 0.00959943 0.0226774 0.00175338
15 0.429893 0.724345 0.0197466 0.0310024 0.00174807
14 0.673315 0.195151 0.0153104 0.0409781 0.00167049
5 0.472392 0.732772 0.0663253 0.0839167 0.00165689
1 0.509306 0.684884 0.0107574 0.0400256 0.00162101
5 0.43462 0.746676 0.0273601 0.0386863 0.00161721
6 0.408913 0.725536 0.0141232 0.0324609 0.00159727
12 0.47264 0.732639 0.0658774 0.0829835 0.00153294
1 0.408913 0.725536 0.0141232 0.0324609 0.0014605
7 0.295989 0.696243 0.0105787 0.0432738 0.00143715
14 0.423321 0.732572 0.012212 0.0254871 0.00142749
2 0.673315 0.195151 0.0153104 0.0409781 0.00141396
4 0.747633 0.736131 0.028023 0.0329128 0.00135145
4 0.404536 0.724826 0.0157468 0.0326295 0.00135103
0 0.455557 0.753006 0.0218029 0.0413876 0.00134156
4 0.869514 0.767354 0.0224376 0.0442183 0.00131298
1 0.423321 0.732572 0.012212 0.0254871 0.0013063
4 0.425686 0.751177 0.0212256 0.0450348 0.00128776
0 0.425686 0.751177 0.0212256 0.0450348 0.00128044
4 0.862939 0.764071 0.0247292 0.0467655 0.00127509
0 0.448828 0.743226 0.0209371 0.0302449 0.00124792
1 0.517435 0.636572 0.0242532 0.0758834 0.00123336
10 0.477234 0.22834 0.0143498 0.0156638 0.00122795
4 0.347411 0.735416 0.0145835 0.0228534 0.00122404
4 0.43829 0.752451 0.022755 0.0438367 0.00120794
6 0.448828 0.743226 0.0209371 0.0302449 0.00118862
4 0.135107 0.725335 0.0194071 0.0178903 0.00118377
25 0.537009 0.721936 0.0148666 0.0251996 0.0011832
0 0.535796 0.737351 0.0131212 0.0351992 0.00117294
8 0.259507 0.754623 0.0239644 0.0494572 0.00117282
6 0.46635 0.714814 0.0814666 0.125099 0.00116617
4 0.886786 0.760248 0.0149115 0.0236988 0.00115843
6 0.767447 0.736918 0.0336974 0.0343671 0.0011557
6 0.552874 0.740161 0.0311641 0.0448378 0.00114939
0 0.43462 0.746676 0.0273601 0.0386863 0.00114037
0 0.611093 0.738701 0.0417201 0.0553785 0.00113052
15 0.434603 0.728274 0.0282359 0.0322899 0.00112914
4 0.834287 0.750918 0.0476054 0.0528657 0.00110323
1 0.135364 0.697043 0.0206127 0.0512424 0.00109628
6 0.507292 0.724959 0.0213437 0.0417918 0.00108298
4 0.956157 0.709607 0.0323763 0.0376605 0.00107447
4 0.104574 0.752968 0.0221857 0.0523865 0.0010462
8 0.443016 0.737162 0.0113906 0.0188046 0.00103831
7 0.436029 0.65815 0.0171934 0.0650297 0.00103765
8 0.455557 0.753006 0.0218029 0.0413876 0.00103632
4 0.153153 0.733273 0.0624986 0.027565 0.00103178
14 0.408913 0.725536 0.0141232 0.0324609 0.00103107
7 0.409715 0.667172 0.0295967 0.0847277 0.0010068
