46 0.191895 0.567815 0.315548 0.247199 0.932784
46 0.830321 0.479129 0.335372 0.406141 0.930031
46 0.585081 0.333155 0.215377 0.24458 0.922617
57 0.5 0.567562 1 0.850991 0.919898
46 0.854244 0.313474 0.285399 0.105851 0.401139
46 0.641469 0.288788 0.180833 0.154423 0.220826
46 0.706456 0.305883 0.0533235 0.13586 0.0234967
46 0.679043 0.301996 0.107788 0.138595 0.00338697
0 0.107224 0.988941 0.0242751 0.0203846 0.00329461
30 0.320186 0.0345 0.0164058 0.0224154 0.00305147
55 0.348298 0.072118 0.0137308 0.0763656 0.00264316
46 0.629628 0.24688 0.133549 0.0832787 0.00260589
30 0.332625 0.035215 0.0190663 0.0230446 0.0025167
0 0.101456 0.987871 0.0381357 0.0230401 0.00136772
0 0.0541012 0.982209 0.0512707 0.0345716 0.00125445
46 0.853785 0.378432 0.292106 0.234229 0.00118281
42 0.0540059 0.981916 0.050503 0.0348627 0.00114354
55 0.327206 0.0713229 0.0374839 0.0808392 0.00109182
