4 0.117611 0.827674 0.234812 0.312783 0.948124
4 0.282912 0.78299 0.164489 0.222267 0.932781
4 0.534547 0.793169 0.103343 0.134397 0.915644
4 0.38714 0.795387 0.0788154 0.138662 0.892389
4 0.438099 0.792403 0.0726995 0.109034 0.878582
1 0.980806 0.492159 0.0362589 0.353785 0.877496
0 0.613989 0.781972 0.0352756 0.0980748 0.788276
4 0.450399 0.775441 0.0740344 0.104988 0.779754
4 0.676589 0.767673 0.0589573 0.050434 0.765977
7 0.594044 0.627438 0.0134497 0.0181805 0.754109
7 0.569491 0.626374 0.00901489 0.0348568 0.722033
0 0.640281 0.767835 0.0265128 0.0772008 0.707156
8 0.615486 0.81663 0.0341382 0.0850445 0.658483
4 0.585783 0.791508 0.0330795 0.100591 0.63017
7 0.111238 0.616434 0.0125081 0.0355217 0.622566
4 0.192659 0.713304 0.0475517 0.0531346 0.512754
7 0.484615 0.691104 0.00908356 0.0143385 0.391626
2 0.477705 0.461333 0.0111214 0.0171914 0.37943
2 0.604555 0.465356 0.00784143 0.0172761 0.364827
2 0.585187 0.462214 0.00945355 0.0164002 0.324133
7 0.606639 0.714589 0.00619043 0.0157234 0.312814
2 0.622834 0.460859 0.00975159 0.0203057 0.294349
2 0.418211 0.460308 0.0105999 0.0172083 0.272408
2 0.313785 0.458917 0.0101067 0.0151175 0.253696
4 0.586488 0.78208 0.0234625 0.0802373 0.216501
7 0.497227 0.690392 0.00841733 0.0226147 0.198641
2 0.44643 0.462165 0.00862445 0.0164381 0.197596
7 0.670562 0.724299 0.00731928 0.0157342 0.194688
2 0.552815 0.461906 0.0112429 0.0178257 0.168036
7 0.456742 0.699835 0.00575302 0.0242468 0.146388
2 0.310067 0.459936 0.00974625 0.0168758 0.136492
8 0.637008 0.801412 0.0298419 0.0733258 0.127569
4 0.640187 0.768143 0.029093 0.0578103 0.111979
8 0.628152 0.803535 0.0438893 0.0772329 0.0932372
3 0.639556 0.798173 0.0277382 0.0728219 0.0835188
1 0.484615 0.691104 0.00908356 0.0143385 0.0782234
2 0.308205 0.466203 0.0102393 0.0153631 0.0773662
4 0.469042 0.783808 0.0392897 0.0941706 0.0723617
2 0.654072 0.522256 0.00767163 0.0145536 0.0721737
4 0.170593 0.694738 0.0111676 0.0129458 0.0707324
7 0.126809 0.625816 0.0140608 0.0185849 0.0689522
2 0.587274 0.46419 0.0121271 0.0184363 0.0659796
2 0.314094 0.463048 0.00935974 0.0212129 0.0501841
4 0.44502 0.739134 0.0638251 0.0294749 0.0498064
7 0.500498 0.69127 0.0105636 0.0262203 0.0454984
1 0.708741 0.672974 0.017184 0.042475 0.041823
4 0.608894 0.76785 0.0299957 0.0552876 0.041322
1 0.0773733 0.648531 0.00949791 0.0202465 0.041188
7 0.135025 0.63065 0.0118615 0.0138314 0.0410044
13 0.639056 0.76851 0.0233882 0.0778957 0.0401216
14 0.69279 0.788023 0.0230212 0.0496862 0.0372399
4 0.174705 0.706714 0.0171044 0.0355966 0.0354414
4 0.64023 0.77461 0.0269954 0.0942526 0.0302856
7 0.132497 0.631643 0.0145653 0.0235272 0.0296356
8 0.591568 0.800621 0.0261832 0.0905756 0.0266307
2 0.301978 0.460919 0.0103795 0.0175744 0.0243926
2 0.312421 0.453767 0.00864243 0.0179606 0.0222715
2 0.600214 0.462653 0.0103697 0.0193345 0.02086
2 0.708741 0.672974 0.017184 0.042475 0.0193665
7 0.628729 0.629307 0.0131868 0.016385 0.0189473
4 0.488405 0.772407 0.0134909 0.0337452 0.0188798
7 0.615833 0.721463 0.0114716 0.0170055 0.0187742
7 0.607405 0.708941 0.00695935 0.0233238 0.016895
1 0.670562 0.724299 0.00731928 0.0157342 0.0167296
5 0.64023 0.77461 0.0269954 0.0942526 0.0166835
5 0.586612 0.793856 0.0340198 0.101177 0.0153058
5 0.638807 0.802869 0.0286201 0.0814629 0.0149064
7 0.67367 0.725341 0.0144418 0.018597 0.0148713
4 0.688448 0.77239 0.037293 0.0566373 0.0147788
3 0.617514 0.813855 0.0361493 0.0907946 0.0142715
4 0.54812 0.729916 0.0370271 0.0148969 0.0142458
4 0.438627 0.731088 0.0541113 0.011828 0.0140187
7 0.114328 0.623446 0.0143576 0.0489957 0.0139474
4 0.566283 0.730975 0.0159496 0.0163583 0.0134185
2 0.743623 0.548987 0.0119216 0.0185777 0.0132124
4 0.162437 0.693114 0.0157569 0.0139918 0.0126161
4 0.613989 0.781972 0.0352756 0.0980748 0.0125
8 0.64023 0.77461 0.0269954 0.0942526 0.0124709
7 0.122459 0.618452 0.0239262 0.0323871 0.012467
4 0.409847 0.736293 0.0177492 0.00963554 0.0121938
1 0.594044 0.627438 0.0134497 0.0181805 0.0117309
1 0.0702662 0.647386 0.0192053 0.022316 0.0115975
1 0.505845 0.716991 0.00830747 0.0257393 0.0115511
4 0.487201 0.772942 0.0179651 0.0478794 0.0111239
0 0.611232 0.748833 0.0279975 0.0348568 0.0111069
4 0.167807 0.686988 0.0091666 0.0160207 0.0109286
6 0.192474 0.714212 0.0463703 0.0552595 0.0103538
4 0.413022 0.76169 0.0220809 0.037885 0.0101749
4 0.477604 0.793457 0.0224225 0.0808686 0.0101409
7 0.440918 0.705627 0.00988562 0.0223623 0.00967636
0 0.692956 0.78505 0.0234352 0.04365 0.00940514
1 0.111121 0.616443 0.0122216 0.0350253 0.00920093
1 0.484982 0.699087 0.00816019 0.0210496 0.00914609
4 0.012046 0.683068 0.0228084 0.0149492 0.00911244
4 0.64745 0.774313 0.031825 0.0400468 0.00908108
0 0.0158242 0.67951 0.0169837 0.0150548 0.00903393
0 0.608894 0.76785 0.0299957 0.0552876 0.00889426
2 0.72744 0.6835 0.0170959 0.0150828 0.00884608
7 0.0773733 0.648531 0.00949791 0.0202465 0.00824511
5 0.617514 0.813855 0.0361493 0.0907946 0.00817925
1 0.0767512 0.659589 0.0117087 0.0169839 0.00783279
4 0.480471 0.780682 0.0178408 0.0952912 0.00748805
7 0.65918 0.726942 0.0104008 0.0225354 0.00736786
7 0.138656 0.634777 0.0103576 0.0200255 0.00735626
2 0.00805072 0.588226 0.0127962 0.0223 0.00733343
4 0.692956 0.78505 0.0234352 0.04365 0.00707545
13 0.612877 0.780299 0.0332284 0.0977782 0.00673442
7 0.484982 0.699087 0.00816019 0.0210496 0.00668019
7 0.607838 0.715206 0.0116876 0.0192998 0.00658833
7 0.628035 0.653762 0.01232 0.0251033 0.00651363
15 0.192693 0.716857 0.0453996 0.0608919 0.00643065
3 0.64023 0.77461 0.0269954 0.0942526 0.00633487
1 0.497227 0.690392 0.00841733 0.0226147 0.00611513
2 0.126809 0.625816 0.0140608 0.0185849 0.00574705
1 0.709045 0.683996 0.0164223 0.0285253 0.00570253
4 0.611864 0.802298 0.0453229 0.104026 0.00567609
2 0.137782 0.629313 0.0122741 0.0158941 0.00567126
7 0.621346 0.697164 0.00888654 0.0114632 0.00564318
3 0.628152 0.803535 0.0438893 0.0772329 0.00557423
1 0.0158242 0.67951 0.0169837 0.0150548 0.00540298
7 0.137782 0.629313 0.0122741 0.0158941 0.00539924
2 0.312422 0.474027 0.0068851 0.0189229 0.00539835
7 0.0158242 0.67951 0.0169837 0.0150548 0.00521603
0 0.586488 0.78208 0.0234625 0.0802373 0.00520346
7 0.47024 0.69577 0.0191921 0.0115513 0.0051415
2 0.740808 0.548237 0.0115822 0.0204004 0.00513238
1 0.983894 0.34625 0.0292305 0.0609077 0.00502371
1 0.606639 0.714589 0.00619043 0.0157234 0.0049736
0 0.670624 0.727164 0.00825897 0.0231614 0.00492139
1 0.132497 0.631643 0.0145653 0.0235272 0.00476429
1 0.102848 0.659852 0.00832586 0.0127167 0.00472033
7 0.00798318 0.5929 0.0136832 0.0302837 0.00464484
4 0.57549 0.740411 0.0142109 0.0156725 0.00457933
14 0.676885 0.769457 0.0586202 0.0532213 0.0045132
4 0.591568 0.800621 0.0261832 0.0905756 0.00432769
7 0.597757 0.627028 0.0162834 0.0139895 0.00428673
4 0.567822 0.724433 0.0184979 0.0180298 0.0040524
7 0.628775 0.602493 0.0143934 0.0169722 0.00404023
4 0.17688 0.687985 0.0128239 0.0181059 0.00397291
2 0.522017 0.664887 0.00856354 0.00930166 0.00388235
8 0.692956 0.78505 0.0234352 0.04365 0.00382918
1 0.126809 0.625816 0.0140608 0.0185849 0.00381286
4 0.336519 0.785199 0.0614865 0.179565 0.0037333
1 0.456742 0.699835 0.00575302 0.0242468 0.0036246
7 0.0090229 0.586859 0.0132315 0.0201509 0.00357761
7 0.615977 0.6259 0.0126248 0.0106513 0.00351444
2 0.656624 0.521339 0.0114893 0.0116997 0.00351356
7 0.625917 0.691743 0.0108683 0.0154077 0.00348222
5 0.628152 0.803535 0.0438893 0.0772329 0.00345205
4 0.659 0.735492 0.0177507 0.0235982 0.00339058
4 0.991494 0.770257 0.0121369 0.0169955 0.0033714
3 0.591568 0.800621 0.0261832 0.0905756 0.00336534
4 0.378789 0.732728 0.0402332 0.0109083 0.00334341
7 0.522017 0.664887 0.00856354 0.00930166 0.00331722
7 0.595482 0.71469 0.0297758 0.0158024 0.00327801
22 0.497227 0.690392 0.00841733 0.0226147 0.00320869
22 0.111121 0.616443 0.0122216 0.0350253 0.00319577
4 0.195939 0.737812 0.0268669 0.0470301 0.00319341
0 0.607838 0.715206 0.0116876 0.0192998 0.00316521
4 0.0158242 0.67951 0.0169837 0.0150548 0.00311675
4 0.417438 0.794713 0.118555 0.122907 0.00302387
1 0.110646 0.624393 0.0134046 0.0532241 0.00298546
2 0.729369 0.54342 0.0126376 0.0240887 0.00293539
1 0.607838 0.715206 0.0116876 0.0192998 0.00288674
4 0.183188 0.720499 0.0493989 0.0638177 0.00287087
22 0.594044 0.627438 0.0134497 0.0181805 0.00283473
7 0.521759 0.68208 0.0100149 0.0219459 0.00283318
1 0.497226 0.718418 0.0111926 0.0219438 0.00280707
0 0.645801 0.769873 0.0364456 0.0498986 0.0027917
4 0.557207 0.751728 0.0672474 0.0511939 0.00277609
2 0.95497 0.336656 0.0132049 0.0181207 0.00273734
1 0.615833 0.721463 0.0114716 0.0170055 0.0026945
13 0.611232 0.748833 0.0279975 0.0348568 0.00269147
7 0.62637 0.686135 0.010798 0.0192158 0.00268078
7 0.102848 0.659852 0.00832586 0.0127167 0.00265619
7 0.589271 0.704938 0.018433 0.0211834 0.00260245
17 0.639056 0.76851 0.0233882 0.0778957 0.00257559
2 0.0131054 0.584739 0.0115311 0.0144709 0.00257259
4 0.98431 0.755746 0.0264307 0.0450594 0.00253146
1 0.47024 0.69577 0.0191921 0.0115513 0.00251866
1 0.628775 0.602493 0.0143934 0.0169722 0.00251626
8 0.64745 0.774313 0.031825 0.0400468 0.00250841
22 0.484615 0.691104 0.00908356 0.0143385 0.00249552
0 0.688448 0.77239 0.037293 0.0566373 0.00249269
4 0.555524 0.724083 0.0223366 0.0157698 0.00244529
0 0.639556 0.798173 0.0277382 0.0728219 0.00243397
0 0.167807 0.686988 0.0091666 0.0160207 0.00243371
3 0.64745 0.774313 0.031825 0.0400468 0.00233002
5 0.193893 0.718371 0.0421982 0.0619741 0.0023285
7 0.580292 0.626887 0.00743366 0.0249222 0.00232262
2 0.449192 0.464026 0.0136873 0.0189929 0.00231753
7 0.417313 0.661083 0.00705048 0.019737 0.00231514
0 0.659 0.735492 0.0177507 0.0235982 0.00229516
4 0.426325 0.78701 0.04873 0.0970976 0.00225826
4 0.433056 0.724971 0.0377969 0.0177257 0.00223458
7 0.52553 0.664927 0.0106149 0.00932982 0.00223136
14 0.64023 0.77461 0.0269954 0.0942526 0.00220784
1 0.0651956 0.647096 0.0218796 0.0191973 0.00219257
8 0.0158242 0.67951 0.0169837 0.0150548 0.00216518
7 0.433962 0.700037 0.0121257 0.0202334 0.00216234
2 0.745015 0.537002 0.011991 0.0198974 0.00215755
0 0.676885 0.769457 0.0586202 0.0532213 0.00215697
1 0.628729 0.629307 0.0131868 0.016385 0.00213188
6 0.640281 0.767835 0.0265128 0.0772008 0.00212033
7 0.456731 0.690849 0.00621689 0.023846 0.00211901
0 0.586612 0.793856 0.0340198 0.101177 0.00211831
7 0.0816329 0.634633 0.0266842 0.0200944 0.00210557
7 0.0131054 0.584739 0.0115311 0.0144709 0.00207811
8 0.601031 0.802184 0.0487799 0.114397 0.00203348
5 0.586488 0.78208 0.0234625 0.0802373 0.00203264
4 0.171652 0.706725 0.04006 0.0436946 0.00197526
10 0.552815 0.461906 0.0112429 0.0178257 0.00197483
2 0.484615 0.691104 0.00908356 0.0143385 0.0019707
17 0.612877 0.780299 0.0332284 0.0977782 0.00196753
4 0.969376 0.735918 0.0586336 0.0655449 0.00195847
6 0.505845 0.716991 0.00830747 0.0257393 0.00187413
7 0.516112 0.701459 0.0111479 0.0136859 0.00186475
1 0.00679366 0.857563 0.0120015 0.0309103 0.00182766
1 0.138656 0.634777 0.0103576 0.0200255 0.0018255
4 0.0803497 0.672931 0.0128136 0.0132179 0.0018045
22 0.0158242 0.67951 0.0169837 0.0150548 0.001802
4 0.976823 0.754851 0.0249727 0.0280987 0.00179886
22 0.639556 0.798173 0.0277382 0.0728219 0.001788
1 0.518733 0.717794 0.0190041 0.0195464 0.00178005
2 0.853467 0.35647 0.021133 0.0318182 0.00177667
6 0.566283 0.730975 0.0159496 0.0163583 0.00176847
2 0.138656 0.634777 0.0103576 0.0200255 0.00174958
8 0.642762 0.792582 0.0325244 0.0685396 0.00172203
1 0.578549 0.717324 0.0113338 0.0217863 0.00172012
1 0.615974 0.814988 0.0344545 0.0873803 0.0017182
4 0.889686 0.727043 0.167174 0.0484976 0.00171499
6 0.54812 0.729916 0.0370271 0.0148969 0.00167905
4 0.495997 0.769461 0.0376772 0.0851041 0.00163465
2 0.895537 0.382451 0.0116202 0.0140117 0.00159798
4 0.444329 0.719279 0.0144348 0.0120681 0.00158896
1 0.567822 0.724433 0.0184979 0.0180298 0.00158869
2 0.5937 0.624386 0.0145974 0.0248543 0.0015732
4 0.278321 0.73753 0.151446 0.131009 0.00157169
7 0.100406 0.61904 0.0173564 0.0339501 0.00155674
7 0.0702662 0.647386 0.0192053 0.022316 0.00154781
30 0.552815 0.461906 0.0112429 0.0178257 0.00152637
8 0.608894 0.76785 0.0299957 0.0552876 0.00151359
0 0.477705 0.461333 0.0111214 0.0171914 0.00149458
2 0.52553 0.664927 0.0106149 0.00932982 0.0014935
1 0.122459 0.618452 0.0239262 0.0323871 0.00149325
4 0.571489 0.787914 0.0455416 0.112366 0.00148907
1 0.167807 0.686988 0.0091666 0.0160207 0.00147546
3 0.692956 0.78505 0.0234352 0.04365 0.00147477
0 0.170593 0.694738 0.0111676 0.0129458 0.00146129
1 0.012046 0.683068 0.0228084 0.0149492 0.00146126
15 0.566283 0.730975 0.0159496 0.0163583 0.00143881
1 0.510121 0.713795 0.017073 0.0211245 0.00143639
1 0.500927 0.691194 0.00987311 0.0271654 0.00143606
4 0.589986 0.751406 0.0159075 0.0355731 0.00143127
7 0.645298 0.69463 0.00821484 0.0118797 0.00136271
4 0.0767512 0.659589 0.0117087 0.0169839 0.00135407
4 0.15916 0.684902 0.0117993 0.0137353 0.00132807
2 0.475131 0.463036 0.014625 0.021699 0.00132675
2 0.853866 0.398315 0.0134301 0.0166872 0.00130714
4 0.488319 0.781491 0.0153997 0.0882185 0.0013006
0 0.552815 0.461906 0.0112429 0.0178257 0.00128912
4 0.0216268 0.6906 0.0432535 0.0313647 0.00127652
2 0.304198 0.561644 0.00799918 0.0126498 0.0012761
1 0.114328 0.623446 0.0143576 0.0489957 0.00127581
4 0.54293 0.723537 0.0348984 0.0149875 0.00124836
7 0.0111844 0.598139 0.0171571 0.024776 0.00123368
6 0.44502 0.739134 0.0638251 0.0294749 0.00123358
2 0.649449 0.523219 0.0137115 0.0136257 0.00121844
4 0.116911 0.682443 0.10496 0.0230462 0.00119644
1 0.67367 0.725341 0.0144418 0.018597 0.0011898
2 0.670562 0.724299 0.00731928 0.0157342 0.00117281
2 0.456742 0.699835 0.00575302 0.0242468 0.00117038
15 0.54812 0.729916 0.0370271 0.0148969 0.00117034
4 0.611232 0.748833 0.0279975 0.0348568 0.00116165
7 0.0651956 0.647096 0.0218796 0.0191973 0.00114267
1 0.639556 0.798173 0.0277382 0.0728219 0.00114012
1 0.983942 0.40545 0.030213 0.344686 0.00112977
2 0.585023 0.457106 0.00968768 0.0262295 0.00112961
1 0.19282 0.715319 0.0460577 0.0579834 0.00112779
1 0.137782 0.629313 0.0122741 0.0158941 0.00112283
7 0.72744 0.6835 0.0170959 0.0150828 0.00111743
3 0.60822 0.812675 0.0461677 0.0836893 0.00111526
7 0.420246 0.674502 0.0100855 0.029073 0.00111429
22 0.0773733 0.648531 0.00949791 0.0202465 0.00111413
4 0.97886 0.771388 0.0315668 0.0613353 0.00111305
1 0.0090229 0.586859 0.0132315 0.0201509 0.00110648
2 0.883921 0.288876 0.016251 0.0218988 0.00108224
30 0.477705 0.461333 0.0111214 0.0171914 0.00106078
4 0.500705 0.788507 0.0378036 0.118491 0.00105479
4 0.866171 0.764321 0.199745 0.125761 0.00105478
4 0.019601 0.683218 0.0374711 0.0148313 0.00104965
13 0.615833 0.721463 0.0114716 0.0170055 0.00104595
4 0.126952 0.680189 0.0706897 0.015625 0.00102977
2 0.117611 0.827674 0.234812 0.312783 0.00102976
13 0.637176 0.727369 0.0170751 0.0265293 0.00102548
7 0.505845 0.716991 0.00830747 0.0257393 0.00102371
4 0.00792466 0.688528 0.0151202 0.0243992 0.00102132
0 0.413022 0.76169 0.0220809 0.037885 0.00101823
2 0.726323 0.536187 0.0106446 0.0278111 0.00101035
1 0.00798318 0.5929 0.0136832 0.0302837 0.00100119
