1 0.639031 0.476711 0.100998 0.0816613 0.93998
6 0.545111 0.800692 0.160005 0.233466 0.93702
7 0.267746 0.613815 0.00896548 0.0357128 0.771998
7 0.320701 0.611299 0.0084256 0.0349031 0.727364
7 0.292702 0.611702 0.0150781 0.0167544 0.726121
6 0.42837 0.758962 0.0821984 0.140692 0.643205
7 0.579981 0.660062 0.0105126 0.0124585 0.552129
15 0.428451 0.758365 0.0821971 0.141462 0.526302
2 0.988925 0.428378 0.0185698 0.0327825 0.52499
7 0.596521 0.663978 0.00694025 0.0254838 0.509429
7 0.559755 0.660724 0.00819464 0.0248449 0.416786
2 0.988028 0.417055 0.0215159 0.0333796 0.322711
4 0.381697 0.768275 0.0154243 0.0226246 0.287586
1 0.666791 0.748693 0.0155082 0.0220733 0.253332
6 0.173901 0.765117 0.0685586 0.0443401 0.216779
1 0.662086 0.749368 0.0138215 0.0253109 0.156702
6 0.199032 0.770888 0.0314759 0.0270407 0.121585
1 0.804688 0.727393 0.0160936 0.0234609 0.0996646
7 0.562631 0.661737 0.0111655 0.0188021 0.0996036
2 0.84583 0.640354 0.00682129 0.0192059 0.0988212
4 0.199538 0.771683 0.0315862 0.0259791 0.0912679
1 0.617699 0.751156 0.0130864 0.0327789 0.0847284
2 0.507581 0.597775 0.00772852 0.0129351 0.0817047
2 0.509047 0.597075 0.00834586 0.0102976 0.0800171
2 0.219678 0.615167 0.00770779 0.0172718 0.0703935
4 0.392812 0.776403 0.0112395 0.0153014 0.064852
4 0.389512 0.777065 0.00878857 0.0313421 0.0633626
2 0.559032 0.597506 0.0068573 0.0136821 0.0485027
2 0.507825 0.594046 0.00832404 0.0171685 0.0471216
1 0.756898 0.769681 0.00909515 0.036026 0.0459022
2 0.597617 0.600203 0.00911139 0.00922858 0.0439473
2 0.560216 0.597045 0.00567481 0.011209 0.041146
2 0.987976 0.409194 0.022261 0.0234171 0.0389985
2 0.845078 0.648558 0.00818213 0.0305625 0.034172
14 0.199538 0.771683 0.0315862 0.0259791 0.0338823
7 0.258832 0.608101 0.00937686 0.0270123 0.0301623
7 0.84583 0.640354 0.00682129 0.0192059 0.0289047
7 0.262461 0.611567 0.0151415 0.0323212 0.0251028
4 0.39304 0.787256 0.0118277 0.036037 0.0250089
2 0.688363 0.615979 0.0109554 0.0175454 0.0244425
6 0.665603 0.75096 0.0188354 0.0285776 0.0236638
2 0.82019 0.670289 0.0164069 0.0196617 0.0234303
7 0.588881 0.66185 0.016871 0.0213554 0.0229286
2 0.600153 0.600188 0.0110164 0.0101396 0.0195104
1 0.659918 0.745961 0.00991638 0.0323735 0.0192591
2 0.683657 0.608307 0.0126738 0.0174792 0.0176259
7 0.293957 0.612452 0.0145667 0.0261219 0.0169914
5 0.198863 0.771239 0.0316873 0.0259571 0.0166824
7 0.317798 0.610453 0.0137999 0.032198 0.0163952
2 0.687978 0.609671 0.0110895 0.0194163 0.0163198
1 0.579981 0.660062 0.0105126 0.0124585 0.0156962
1 0.596521 0.663978 0.00694025 0.0254838 0.0156547
6 0.617699 0.751156 0.0130864 0.0327789 0.0152262
4 0.453324 0.780461 0.0162154 0.0191905 0.0144147
2 0.816465 0.668743 0.0199857 0.0217582 0.0140024
7 0.623168 0.669317 0.0129289 0.0191443 0.0137786
7 0.626602 0.67644 0.00913251 0.0309759 0.0137137
6 0.381697 0.768275 0.0154243 0.0226246 0.0129057
4 0.376331 0.767495 0.0179607 0.0163753 0.0128731
1 0.626602 0.67644 0.00913251 0.0309759 0.0118181
2 0.247842 0.603197 0.0107534 0.0170318 0.0114843
4 0.383554 0.77804 0.0153208 0.039983 0.0112709
7 0.845078 0.648558 0.00818213 0.0305625 0.0112381
1 0.659907 0.725261 0.010449 0.0191849 0.0111008
1 0.662949 0.725129 0.0113756 0.0196262 0.0108071
7 0.247842 0.603197 0.0107534 0.0170318 0.0104409
7 0.560216 0.597045 0.00567481 0.011209 0.0101285
7 0.807867 0.65634 0.0106869 0.0404483 0.0101172
7 0.302234 0.657265 0.0109671 0.0219285 0.00998515
0 0.199538 0.771683 0.0315862 0.0259791 0.00959338
2 0.67369 0.607602 0.0121169 0.0111787 0.0095317
2 0.560289 0.660574 0.00604071 0.0239324 0.00948708
1 0.264059 0.724232 0.0200971 0.0199375 0.0094629
2 0.683459 0.613843 0.0168241 0.0243397 0.00888118
1 0.805709 0.719526 0.0138933 0.0371542 0.00862664
6 0.164153 0.756856 0.0501637 0.0597883 0.00862659
15 0.198564 0.771542 0.032589 0.0253819 0.00772553
1 0.84583 0.640354 0.00682129 0.0192059 0.00759431
12 0.198122 0.771745 0.0319357 0.0281666 0.00751409
7 0.600069 0.666692 0.0115256 0.0164874 0.00741213
2 0.807867 0.65634 0.0106869 0.0404483 0.00731673
12 0.174516 0.76873 0.0674949 0.0341677 0.00728998
2 0.641899 0.655961 0.010717 0.0152894 0.00640046
12 0.665603 0.75096 0.0188354 0.0285776 0.00638665
2 0.824706 0.671688 0.0116769 0.0181103 0.00622726
2 0.626602 0.67644 0.00913251 0.0309759 0.00618584
4 0.454004 0.785732 0.0182076 0.0326021 0.00584185
1 0.666753 0.758056 0.0182419 0.039567 0.00583941
1 0.849944 0.653993 0.0166561 0.0420963 0.00540796
1 0.624013 0.677634 0.0129943 0.0248213 0.00531648
7 0.624013 0.677634 0.0129943 0.0248213 0.00506385
1 0.292702 0.611702 0.0150781 0.0167544 0.00504325
2 0.844631 0.693409 0.00744128 0.0152278 0.00476393
1 0.559755 0.660724 0.00819464 0.0248449 0.00472509
12 0.666753 0.758056 0.0182419 0.039567 0.0046671
2 0.512538 0.597986 0.0115481 0.0125898 0.00438675
6 0.672749 0.761171 0.0357275 0.0445629 0.004322
22 0.292702 0.611702 0.0150781 0.0167544 0.00397719
12 0.67603 0.766068 0.0203947 0.0306822 0.00384846
4 0.172365 0.76536 0.0646943 0.0440618 0.00372093
6 0.617738 0.76167 0.0149199 0.0547835 0.00370054
1 0.800655 0.721865 0.016855 0.0316585 0.00369687
1 0.809465 0.661904 0.0135732 0.0344361 0.00361892
2 0.6741 0.620133 0.0141655 0.0169855 0.00358916
2 0.642962 0.650168 0.00958319 0.0172059 0.00355522
1 0.578586 0.698371 0.00713666 0.0198317 0.00335358
1 0.849376 0.6426 0.0142249 0.0223131 0.00332613
7 0.245242 0.673481 0.00546793 0.0201264 0.00330564
7 0.298174 0.664893 0.0117311 0.0209901 0.0032664
1 0.623168 0.669317 0.0129289 0.0191443 0.00325143
1 0.385181 0.686036 0.0104855 0.0142542 0.0032234
7 0.385181 0.686036 0.0104855 0.0142542 0.00319071
12 0.671917 0.758625 0.0194548 0.0381989 0.00309835
2 0.245347 0.668446 0.00515636 0.016649 0.00305662
2 0.512231 0.593736 0.012116 0.0167662 0.00305305
5 0.172365 0.76536 0.0646943 0.0440618 0.00304925
1 0.691172 0.68381 0.0151889 0.0430968 0.0030485
22 0.320701 0.611299 0.0084256 0.0349031 0.00300893
2 0.864546 0.695499 0.00945831 0.0257079 0.00298997
2 0.562413 0.598261 0.0115981 0.0121007 0.00290284
7 0.580625 0.652409 0.0106947 0.0218895 0.00286241
7 0.311069 0.673858 0.00646976 0.018519 0.00283276
2 0.579981 0.660062 0.0105126 0.0124585 0.00273073
15 0.546522 0.801078 0.160308 0.232833 0.00270898
12 0.672749 0.761171 0.0357275 0.0445629 0.00270609
0 0.451083 0.776941 0.0176319 0.0153494 0.00265441
4 0.451083 0.776941 0.0176319 0.0153494 0.00262516
2 0.597421 0.595327 0.00918628 0.0198392 0.00262035
6 0.651837 0.751327 0.0519871 0.0376425 0.00259604
1 0.267746 0.613815 0.00896548 0.0357128 0.00259369
1 0.581059 0.668217 0.0120771 0.0223301 0.00258699
4 0.617063 0.750587 0.0155428 0.029953 0.00257771
1 0.588881 0.66185 0.016871 0.0213554 0.00255783
2 0.562359 0.594275 0.011677 0.0176742 0.00250926
14 0.683255 0.77644 0.0125252 0.0190466 0.00249388
22 0.267751 0.613619 0.00935571 0.0347204 0.00239858
1 0.245596 0.729733 0.0121071 0.0252382 0.00238114
6 0.613963 0.750357 0.0186435 0.0318668 0.00235273
1 0.691648 0.678613 0.0102231 0.0278942 0.00234417
2 0.811537 0.649875 0.0157929 0.0209474 0.00233641
7 0.29279 0.607493 0.0131583 0.0259178 0.002294
0 0.579981 0.660062 0.0105126 0.0124585 0.00226665
1 0.845078 0.648558 0.00818213 0.0305625 0.00223356
1 0.479819 0.744443 0.0150081 0.0375886 0.00221885
6 0.389512 0.777065 0.00878857 0.0313421 0.00221743
1 0.390516 0.690635 0.0114426 0.016119 0.00221577
1 0.688678 0.777053 0.00986322 0.0104989 0.00221217
0 0.453324 0.780461 0.0162154 0.0191905 0.00218633
2 0.20307 0.608898 0.00848705 0.0107924 0.00217798
2 0.683726 0.638568 0.00964392 0.0145198 0.00211876
2 0.824182 0.666642 0.0159216 0.0216491 0.0021072
0 0.688678 0.777053 0.00986322 0.0104989 0.00208383
0 0.596521 0.663978 0.00694025 0.0254838 0.00205921
1 0.385464 0.691952 0.012409 0.0128811 0.00204968
24 0.171316 0.766593 0.0636574 0.0420692 0.00203895
7 0.219678 0.615167 0.00770779 0.0172718 0.00203567
1 0.803834 0.712351 0.0136414 0.0393638 0.00203174
22 0.596521 0.663978 0.00694025 0.0254838 0.00200792
14 0.617063 0.750587 0.0155428 0.029953 0.00199767
8 0.199538 0.771683 0.0315862 0.0259791 0.00187328
2 0.601096 0.59531 0.00941144 0.0221256 0.0018714
2 0.302234 0.657265 0.0109671 0.0219285 0.00183707
15 0.174516 0.76873 0.0674949 0.0341677 0.00183391
2 0.744453 0.496961 0.0111522 0.0143343 0.0018168
1 0.689439 0.676783 0.0131024 0.0374967 0.00181597
1 0.755218 0.74325 0.00896808 0.0186064 0.00180638
2 0.607743 0.569648 0.00578473 0.0067825 0.00180633
1 0.686453 0.678803 0.0163889 0.0464362 0.00176428
7 0.641899 0.655961 0.010717 0.0152894 0.0017502
1 0.671917 0.758625 0.0194548 0.0381989 0.00171507
7 0.600586 0.671025 0.0114575 0.0170524 0.00170558
2 0.596521 0.663978 0.00694025 0.0254838 0.00164207
7 0.578586 0.698371 0.00713666 0.0198317 0.00164194
6 0.392812 0.776403 0.0112395 0.0153014 0.00163586
12 0.662086 0.749368 0.0138215 0.0253109 0.00163507
7 0.59596 0.654456 0.00693701 0.0260024 0.00162406
1 0.627754 0.745971 0.0118403 0.0415728 0.00160671
1 0.247842 0.603197 0.0107534 0.0170318 0.00158774
2 0.258832 0.608101 0.00937686 0.0270123 0.00157692
22 0.559755 0.660724 0.00819464 0.0248449 0.00157622
1 0.864546 0.695499 0.00945831 0.0257079 0.00156537
2 0.316602 0.676085 0.00762058 0.0117253 0.00155025
2 0.75404 0.440094 0.0127957 0.0177737 0.0015373
6 0.0369639 0.770216 0.0705505 0.0567261 0.00152736
7 0.306038 0.674445 0.00846332 0.0244075 0.00150284
7 0.390516 0.690635 0.0114426 0.016119 0.00148232
7 0.388554 0.686975 0.0112003 0.0161359 0.0014712
1 0.641899 0.655961 0.010717 0.0152894 0.00145058
7 0.581059 0.668217 0.0120771 0.0223301 0.00143866
61 0.988077 0.423945 0.0211793 0.0407256 0.00143821
1 0.243507 0.724413 0.00901256 0.0169881 0.00142599
2 0.845554 0.683059 0.00880139 0.0241016 0.00142438
2 0.686018 0.605022 0.0107607 0.022426 0.0014038
0 0.392812 0.776403 0.0112395 0.0153014 0.00137873
1 0.619477 0.706058 0.0188149 0.0278971 0.00137634
2 0.584741 0.601736 0.0105789 0.00727275 0.00137287
7 0.608545 0.665301 0.0124745 0.0168111 0.00137148
1 0.756723 0.780105 0.0108217 0.0234266 0.00136336
6 0.629576 0.773976 0.0146949 0.0265611 0.00136298
1 0.594609 0.684437 0.0129631 0.0355989 0.0013591
1 0.807867 0.65634 0.0106869 0.0404483 0.00132923
7 0.659907 0.725261 0.010449 0.0191849 0.00130132
6 0.205288 0.767134 0.0464034 0.0324578 0.00127647
1 0.388554 0.686975 0.0112003 0.0161359 0.0012725
6 0.625277 0.752241 0.0184935 0.0384342 0.00127204
2 0.841131 0.640622 0.0107133 0.0182601 0.00125846
1 0.648934 0.745802 0.0151105 0.0290899 0.00125015
7 0.323913 0.611255 0.0142227 0.0326302 0.0012444
4 0.546522 0.801078 0.160308 0.232833 0.00123789
2 0.845664 0.632814 0.00698285 0.0198944 0.00123703
2 0.595937 0.563691 0.00664685 0.00746859 0.00123484
7 0.559032 0.597506 0.0068573 0.0136821 0.00122821
7 0.296753 0.674283 0.0113807 0.0169036 0.00122643
1 0.838572 0.782566 0.00987671 0.0219734 0.00122537
7 0.597617 0.600203 0.00911139 0.00922858 0.00121645
4 0.6187 0.774086 0.0156331 0.0671981 0.00119708
0 0.597617 0.600203 0.00911139 0.00922858 0.00118239
3 0.199538 0.771683 0.0315862 0.0259791 0.00117185
7 0.289803 0.669682 0.00908859 0.0189459 0.00116746
1 0.264332 0.698643 0.0113202 0.0136976 0.00116482
6 0.661571 0.764089 0.0298058 0.0490616 0.00115758
2 0.267751 0.613619 0.00935571 0.0347204 0.00115534
7 0.82019 0.670289 0.0164069 0.0196617 0.00115107
6 0.383554 0.77804 0.0153208 0.039983 0.00114387
2 0.865396 0.639169 0.00829834 0.0155209 0.00112487
2 0.686995 0.626598 0.00995905 0.0238478 0.00112129
1 0.364552 0.692622 0.00929651 0.0130451 0.0011198
1 0.683255 0.77644 0.0125252 0.0190466 0.00111689
1 0.82019 0.670289 0.0164069 0.0196617 0.00110521
4 0.617738 0.76167 0.0149199 0.0547835 0.00109016
2 0.470564 0.599249 0.0057814 0.0108909 0.00108835
4 0.629576 0.773976 0.0146949 0.0265611 0.00108248
4 0.479819 0.744443 0.0150081 0.0375886 0.00107832
2 0.624013 0.677634 0.0129943 0.0248213 0.00107431
6 0.666753 0.758056 0.0182419 0.039567 0.0010644
1 0.816465 0.668743 0.0199857 0.0217582 0.00105304
2 0.849376 0.6426 0.0142249 0.0223131 0.00104033
4 0.688678 0.777053 0.00986322 0.0104989 0.00103972
4 0.465974 0.758562 0.0139173 0.0661758 0.00103733
22 0.579981 0.660062 0.0105126 0.0124585 0.00101856
