4 0.391681 0.597692 0.0932759 0.101189 0.915698
8 0.18586 0.666239 0.0839374 0.180771 0.869387
0 0.18618 0.615128 0.0830819 0.180417 0.838404
6 0.518239 0.580246 0.0857996 0.134564 0.831644
4 0.489906 0.608741 0.108984 0.150628 0.751617
4 0.564257 0.600313 0.0125506 0.0186445 0.196745
4 0.431281 0.579749 0.0142621 0.0301057 0.195144
6 0.490378 0.608376 0.109009 0.151224 0.193974
13 0.190469 0.54155 0.0228555 0.0283971 0.162638
4 0.545339 0.600579 0.0298838 0.0967818 0.14911
8 0.674378 0.596909 0.0232603 0.0396049 0.0848184
4 0.432895 0.586766 0.0145842 0.045327 0.0718096
1 0.576612 0.48066 0.0117185 0.0381596 0.0522863
3 0.674992 0.595082 0.0227647 0.0402429 0.0421539
0 0.34456 0.593194 0.0238176 0.0608716 0.0397237
4 0.34456 0.593194 0.0238176 0.0608716 0.0354457
6 0.545339 0.600579 0.0298838 0.0967818 0.0285246
5 0.34456 0.593194 0.0238176 0.0608716 0.0243226
4 0.518745 0.577821 0.0838607 0.129 0.0241971
4 0.564274 0.591233 0.0136448 0.0287659 0.023705
4 0.437544 0.587185 0.0149716 0.0464796 0.0197064
6 0.559862 0.549529 0.0281765 0.110753 0.0189336
8 0.673502 0.61683 0.0256899 0.0772982 0.0175804
4 0.350014 0.592031 0.0196666 0.056455 0.0172427
5 0.545339 0.600579 0.0298838 0.0967818 0.0170454
4 0.422211 0.586346 0.0323292 0.063743 0.0158724
1 0.579104 0.534827 0.0126196 0.0612249 0.0157337
17 0.188244 0.541675 0.0195606 0.0253355 0.0152246
13 0.207585 0.546228 0.011591 0.0253419 0.0151208
14 0.34318 0.592113 0.0210362 0.0596163 0.0149827
1 0.148415 0.532481 0.0266875 0.049716 0.0140892
0 0.338079 0.592519 0.0183116 0.0644107 0.0129158
0 0.350456 0.591146 0.015892 0.0530306 0.0111411
5 0.490045 0.608616 0.10966 0.151211 0.00931866
3 0.67077 0.614439 0.0321803 0.0834136 0.0090914
5 0.674378 0.596909 0.0232603 0.0396049 0.00862263
1 0.528199 0.491202 0.00899158 0.0136347 0.00845748
6 0.579126 0.552036 0.014536 0.0961377 0.00840931
17 0.191196 0.537686 0.0230619 0.0292712 0.00769336
8 0.34456 0.593194 0.0238176 0.0608716 0.00731938
1 0.577697 0.518099 0.0110256 0.0424933 0.00715323
6 0.34456 0.593194 0.0238176 0.0608716 0.00637333
6 0.432276 0.579663 0.0165465 0.0555733 0.00576243
3 0.675985 0.609356 0.0248464 0.0703114 0.0056991
6 0.562496 0.568346 0.017111 0.074185 0.00545384
4 0.153941 0.544369 0.0234579 0.0232527 0.00520604
6 0.606706 0.590515 0.0309886 0.040519 0.0051629
6 0.579296 0.566763 0.0149212 0.0576627 0.00505813
4 0.674378 0.596909 0.0232603 0.0396049 0.0049327
0 0.31072 0.584799 0.031395 0.0955467 0.00492936
0 0.432018 0.585929 0.0149345 0.0427712 0.00490915
6 0.540793 0.522016 0.0287274 0.0442514 0.00485333
4 0.207585 0.546228 0.011591 0.0253419 0.00470362
6 0.608352 0.576961 0.0363666 0.0691308 0.00461594
6 0.503599 0.525939 0.0554144 0.0248006 0.00431628
6 0.521466 0.540718 0.0938136 0.211888 0.00430802
1 0.571059 0.399571 0.0116806 0.01975 0.00421218
0 0.213765 0.606852 0.0304705 0.15125 0.00413554
6 0.416418 0.579305 0.0433816 0.0666961 0.00408648
2 0.495878 0.428225 0.0110356 0.0157283 0.00388713
4 0.145384 0.535701 0.041093 0.0427155 0.0038781
6 0.579104 0.534827 0.0126196 0.0612249 0.00382635
4 0.338079 0.592519 0.0183116 0.0644107 0.00361887
6 0.608543 0.56504 0.0580038 0.096991 0.003553
8 0.564257 0.600313 0.0125506 0.0186445 0.00354633
6 0.595045 0.564515 0.0238113 0.0806514 0.00347067
13 0.162775 0.544219 0.0176397 0.0228679 0.00333626
14 0.335728 0.587809 0.0148601 0.0616578 0.00318836
4 0.562823 0.599491 0.0145145 0.0576599 0.00315905
8 0.337578 0.59225 0.0167585 0.0622843 0.0029862
0 0.705247 0.580294 0.0417734 0.148829 0.00297454
1 0.259228 0.55579 0.0118657 0.0171889 0.00278778
1 0.571515 0.412187 0.0106075 0.0244792 0.0027838
6 0.338079 0.592519 0.0183116 0.0644107 0.00273863
4 0.416126 0.561564 0.0420512 0.0364762 0.00273593
4 0.258274 0.558571 0.0111822 0.0166369 0.0027301
8 0.636256 0.617081 0.0282439 0.0827028 0.0025778
0 0.675121 0.589878 0.0234911 0.0629424 0.00245593
23 0.34318 0.592113 0.0210362 0.0596163 0.00243351
5 0.673502 0.61683 0.0256899 0.0772982 0.00242476
5 0.432018 0.585929 0.0149345 0.0427712 0.00241897
14 0.608104 0.596277 0.019035 0.0306751 0.00230198
6 0.564274 0.591233 0.0136448 0.0287659 0.0022927
14 0.350456 0.591146 0.015892 0.0530306 0.00228088
6 0.610075 0.593983 0.0206746 0.0352457 0.00227164
1 0.674892 0.595855 0.0223311 0.0388611 0.00225863
5 0.338079 0.592519 0.0183116 0.0644107 0.0021769
5 0.350014 0.592031 0.0196666 0.056455 0.0021493
8 0.675121 0.589878 0.0234911 0.0629424 0.00214624
6 0.143737 0.532501 0.0416998 0.0478974 0.0021173
0 0.197898 0.587452 0.0576552 0.125611 0.00206835
0 0.207585 0.546228 0.011591 0.0253419 0.00196424
5 0.518745 0.577821 0.0838607 0.129 0.00195686
0 0.564257 0.600313 0.0125506 0.0186445 0.00193892
0 0.196428 0.539337 0.0327321 0.0400101 0.001929
23 0.337578 0.59225 0.0167585 0.0622843 0.00184525
0 0.437544 0.587185 0.0149716 0.0464796 0.00182561
1 0.576242 0.440122 0.012015 0.033753 0.00180836
6 0.512967 0.539551 0.0750747 0.0604075 0.00176195
13 0.196428 0.539337 0.0327321 0.0400101 0.00175074
8 0.350014 0.592031 0.0196666 0.056455 0.00172638
6 0.431281 0.579749 0.0142621 0.0301057 0.00172518
4 0.190469 0.54155 0.0228555 0.0283971 0.00168689
1 0.573115 0.438267 0.0127072 0.0339707 0.00167672
5 0.564257 0.600313 0.0125506 0.0186445 0.0016588
1 0.574855 0.40112 0.0120115 0.0212774 0.00164737
8 0.608104 0.596277 0.019035 0.0306751 0.00162983
0 0.765411 0.606184 0.0873057 0.227065 0.00161458
6 0.453121 0.574452 0.0377573 0.0810041 0.00156729
0 0.188244 0.541675 0.0195606 0.0253355 0.00152297
6 0.46812 0.529702 0.0172998 0.0138183 0.00151705
0 0.610075 0.593983 0.0206746 0.0352457 0.00148695
17 0.207585 0.546228 0.011591 0.0253419 0.00145061
0 0.216729 0.603814 0.0220632 0.0827404 0.00140858
3 0.654667 0.613167 0.0665543 0.092326 0.00140574
0 0.648502 0.602159 0.0479556 0.0980739 0.00140439
13 0.153941 0.544369 0.0234579 0.0232527 0.00139919
4 0.608104 0.596277 0.019035 0.0306751 0.00139139
24 0.516936 0.576334 0.0928862 0.127738 0.00137296
8 0.66307 0.603309 0.0468549 0.0760645 0.00137289
6 0.637425 0.582726 0.0975154 0.135645 0.00136703
0 0.546558 0.601592 0.0284238 0.0911365 0.00135897
0 0.728812 0.583892 0.0454258 0.145342 0.00135011
14 0.674992 0.595082 0.0227647 0.0402429 0.00127887
7 0.00772106 0.373549 0.0137118 0.0499968 0.00125573
15 0.518868 0.579769 0.0878524 0.135812 0.00124515
6 0.594576 0.528391 0.0235915 0.0520609 0.00124381
13 0.164116 0.650152 0.0309285 0.0538902 0.00122992
3 0.185822 0.666027 0.0843051 0.179207 0.00117884
0 0.154743 0.570093 0.0219655 0.0473014 0.00116929
2 0.493752 0.424616 0.0128008 0.0162228 0.0011594
6 0.658096 0.582832 0.0585139 0.12127 0.00115471
2 0.00791701 0.3663 0.0137352 0.0325573 0.00115219
6 0.350456 0.591146 0.015892 0.0530306 0.00114487
1 0.153941 0.544369 0.0234579 0.0232527 0.00113932
1 0.579126 0.552036 0.014536 0.0961377 0.00113615
4 0.417348 0.574019 0.0422189 0.057277 0.0011069
22 0.34318 0.592113 0.0210362 0.0596163 0.00110573
4 0.196428 0.539337 0.0327321 0.0400101 0.0011045
1 0.575024 0.419219 0.0122604 0.0203843 0.00108727
6 0.492531 0.577269 0.134637 0.138698 0.00108662
3 0.34318 0.592113 0.0210362 0.0596163 0.00107957
1 0.335728 0.587809 0.0148601 0.0616578 0.00107261
1 0.495878 0.428225 0.0110356 0.0157283 0.00107089
6 0.436899 0.587313 0.0173111 0.0485611 0.00106643
1 0.540793 0.522016 0.0287274 0.0442514 0.0010606
2 0.742731 0.0221824 0.0142182 0.0244708 0.00106059
5 0.437544 0.587185 0.0149716 0.0464796 0.00105108
0 0.191196 0.537686 0.0230619 0.0292712 0.00104188
13 0.192528 0.5205 0.0200293 0.0227484 0.00104094
1 0.579296 0.566763 0.0149212 0.0576627 0.00102508
6 0.577697 0.518099 0.0110256 0.0424933 0.00102427
6 0.636174 0.585428 0.0387859 0.119542 0.0010187
6 0.528199 0.491202 0.00899158 0.0136347 0.00101064
6 0.502781 0.519757 0.0565354 0.0234648 0.00100995
7 0.495878 0.428225 0.0110356 0.0157283 0.00100525
