1 0.688221 0.726924 0.0511918 0.180012 0.920912
1 0.767193 0.7613 0.045089 0.155647 0.91933
1 0.608162 0.640421 0.104959 0.115385 0.917606
4 0.339603 0.901024 0.0927463 0.0874753 0.916843
4 0.250647 0.902255 0.0969353 0.0810285 0.902296
4 0.888939 0.909723 0.0671783 0.0843629 0.886281
1 0.256236 0.767504 0.0297188 0.0926063 0.87347
7 0.504034 0.516576 0.0243559 0.0436598 0.867193
4 0.5236 0.883981 0.0652906 0.074458 0.860462
4 0.945705 0.904225 0.0484417 0.0628225 0.856385
4 0.658515 0.891705 0.0486326 0.0678826 0.850449
1 0.439714 0.660513 0.0548046 0.0321013 0.84893
4 0.450005 0.889454 0.0694138 0.0784908 0.840233
7 0.433926 0.520474 0.0156175 0.0776668 0.746039
7 0.5713 0.510609 0.019241 0.0849927 0.743728
4 0.408388 0.891291 0.0383378 0.0628422 0.73803
4 0.467892 0.87556 0.057379 0.0719835 0.604921
4 0.568632 0.885117 0.0415775 0.0625919 0.600583
4 0.712989 0.880893 0.0221886 0.0314136 0.476245
4 0.591289 0.879706 0.0230994 0.0451555 0.407959
4 0.465848 0.858211 0.0532053 0.037876 0.366666
4 0.732167 0.876841 0.020824 0.0272522 0.318195
8 0.097226 0.87879 0.0263786 0.0379564 0.28772
4 0.773907 0.874745 0.0524449 0.0374295 0.262033
0 0.0371668 0.887637 0.014437 0.0604278 0.23868
4 0.390763 0.875723 0.0324192 0.0467082 0.228603
0 0.0369383 0.877008 0.0139131 0.0359391 0.204964
4 0.964502 0.89142 0.0193806 0.0400417 0.19517
4 0.957425 0.902676 0.0321402 0.0642631 0.191624
4 0.763538 0.876451 0.0374619 0.0340607 0.191262
4 0.791959 0.873201 0.0255673 0.0299143 0.153057
4 0.585934 0.880122 0.02846 0.0516607 0.144916
2 0.49777 0.648901 0.00822867 0.0142667 0.135318
4 0.789049 0.87823 0.0328552 0.0329824 0.126772
4 0.388117 0.885536 0.0264298 0.0623505 0.11083
2 0.501358 0.648882 0.0102608 0.0151935 0.106465
0 0.0980847 0.876716 0.0209948 0.040645 0.0986239
2 0.514525 0.652068 0.00899442 0.0163066 0.0980516
4 0.852092 0.882278 0.026907 0.0223413 0.0964207
4 0.629013 0.865652 0.0173308 0.0199026 0.0706524
2 0.690843 0.50521 0.00944434 0.0254272 0.0586425
0 0.00780192 0.904648 0.0117418 0.0618314 0.052583
2 0.515822 0.679968 0.00704877 0.018465 0.0510818
2 0.515756 0.663031 0.0075567 0.0183313 0.0507069
4 0.963489 0.875688 0.0231762 0.0200185 0.048931
8 0.0291686 0.91608 0.027023 0.0359588 0.0488319
1 0.722822 0.721185 0.0187967 0.0801937 0.0478342
2 0.685173 0.497118 0.0104604 0.0169081 0.0456675
1 0.343393 0.719498 0.0158447 0.0398231 0.0452987
8 0.0894778 0.882212 0.0224957 0.0290709 0.0431492
2 0.483641 0.650004 0.00697287 0.0155602 0.0422107
2 0.683202 0.502761 0.00960657 0.0196959 0.0421604
4 0.796659 0.879004 0.0280022 0.0326437 0.0410949
2 0.79594 0.673458 0.0154175 0.0140324 0.0391619
4 0.621089 0.86386 0.0196455 0.021855 0.038913
8 0.621089 0.86386 0.0196455 0.021855 0.0372695
0 0.730813 0.875491 0.02111 0.0295192 0.0371835
8 0.591254 0.880437 0.0237752 0.0460391 0.0363701
4 0.820071 0.881398 0.0325527 0.0307048 0.0350143
4 0.599954 0.871083 0.0196516 0.0318539 0.0330114
4 0.923246 0.903662 0.0122711 0.0383435 0.0308191
1 0.828424 0.756704 0.0100002 0.0519382 0.0301617
2 0.707062 0.510165 0.00894257 0.0190022 0.0298588
2 0.689384 0.497453 0.0109245 0.0187283 0.0292611
14 0.00780192 0.904648 0.0117418 0.0618314 0.0282581
4 0.48015 0.881058 0.0375057 0.0602742 0.0282099
2 0.381522 0.636999 0.00581781 0.0168386 0.0272686
2 0.594562 0.427201 0.00978986 0.0104813 0.0267743
4 0.703504 0.880314 0.0285841 0.0319801 0.0267216
1 0.428701 0.766719 0.0372473 0.0596295 0.025367
4 0.834364 0.885476 0.0369457 0.0240604 0.0208065
2 0.382091 0.658779 0.006349 0.0253349 0.020743
43 0.500018 0.476577 0.999964 0.953154 0.019996
4 0.608956 0.872604 0.0151216 0.029433 0.0198504
4 0.963085 0.904832 0.0189854 0.0628092 0.0197159
2 0.49461 0.654256 0.00562134 0.0252948 0.0197081
2 0.819681 0.681594 0.0136865 0.0162871 0.0191729
4 0.855259 0.877577 0.0295427 0.0231866 0.0190548
2 0.726006 0.671183 0.0115276 0.0150913 0.0188933
4 0.973833 0.891881 0.0251818 0.0354577 0.0188396
4 0.566312 0.855246 0.0301762 0.0221235 0.0188062
2 0.715856 0.668436 0.00708447 0.0132394 0.018324
8 0.0222364 0.916018 0.0386847 0.0445104 0.0179965
4 0.281172 0.874415 0.0390649 0.0265005 0.0178524
0 0.621089 0.86386 0.0196455 0.021855 0.0171507
2 0.502264 0.654989 0.00974646 0.0238873 0.0166087
13 0.0370139 0.876402 0.0151441 0.0368411 0.0165679
6 0.773907 0.874745 0.0524449 0.0374295 0.0163107
8 0.598714 0.878851 0.0165222 0.0401259 0.0158972
4 0.598714 0.878851 0.0165222 0.0401259 0.0157696
4 0.776799 0.864134 0.0448864 0.048864 0.0156729
4 0.66578 0.881318 0.0363779 0.0456829 0.0156331
14 0.026733 0.911198 0.0320886 0.048486 0.0154924
1 0.831302 0.72634 0.0115036 0.0252791 0.0153652
2 0.817816 0.676194 0.0151857 0.0192517 0.0153265
0 0.591254 0.880437 0.0237752 0.0460391 0.0152369
0 0.0291686 0.91608 0.027023 0.0359588 0.0146885
6 0.763538 0.876451 0.0374619 0.0340607 0.0142058
0 0.964502 0.89142 0.0193806 0.0400417 0.0135091
4 0.788164 0.861937 0.0279171 0.0392835 0.0133538
4 0.849002 0.890598 0.023645 0.0337032 0.0133521
7 0.343393 0.719498 0.0158447 0.0398231 0.0128854
1 0.639769 0.594287 0.0347026 0.0275781 0.0127951
8 0.629013 0.865652 0.0173308 0.0199026 0.0124857
2 0.316144 0.620449 0.00998944 0.0194243 0.0117989
1 0.115629 0.813215 0.00949407 0.0223602 0.0115891
0 0.957425 0.902676 0.0321402 0.0642631 0.011587
4 0.857613 0.901343 0.0198397 0.0479275 0.0114347
5 0.591289 0.879706 0.0230994 0.0451555 0.0114115
7 0.58873 0.494669 0.0116782 0.0283387 0.0113612
8 0.00717277 0.906542 0.0129801 0.0624966 0.0110045
2 0.618796 0.464122 0.00547894 0.0197172 0.0108961
0 0.21997 0.872855 0.0163354 0.0310521 0.0104966
4 0.369574 0.872292 0.0370336 0.0343096 0.0101102
1 0.594066 0.786491 0.014813 0.0294673 0.00999007
3 0.0287371 0.917295 0.0269361 0.0377785 0.00992297
4 0.497215 0.88363 0.0288984 0.0688173 0.00930324
4 0.863789 0.877095 0.024774 0.0249074 0.00903857
4 0.0222364 0.916018 0.0386847 0.0445104 0.0089597
0 0.791959 0.873201 0.0255673 0.0299143 0.00888349
8 0.0371668 0.887637 0.014437 0.0604278 0.00877535
8 0.21997 0.872855 0.0163354 0.0310521 0.00850804
2 0.704778 0.499491 0.0111245 0.0257407 0.00838778
2 0.523154 0.600146 0.00903931 0.0112343 0.00837327
2 0.380489 0.63064 0.00614404 0.0169535 0.00832956
8 0.608956 0.872604 0.0151216 0.029433 0.00826875
6 0.983871 0.864455 0.027428 0.27109 0.00823016
1 0.621662 0.584166 0.0382546 0.0202515 0.00821512
8 0.963085 0.904832 0.0189854 0.0628092 0.0081684
1 0.832391 0.743734 0.0156868 0.0602922 0.00813829
2 0.707864 0.563461 0.0077066 0.019387 0.00788229
4 0.0931977 0.875788 0.028806 0.0416002 0.00784789
6 0.732167 0.876841 0.020824 0.0272522 0.00782071
4 0.252336 0.876034 0.0739692 0.0296914 0.00772554
2 0.486714 0.650546 0.00574857 0.0156978 0.00771517
4 0.389814 0.860651 0.0329888 0.0361342 0.00755718
8 0.599954 0.871083 0.0196516 0.0318539 0.00750993
4 0.579031 0.855945 0.0170242 0.0235375 0.007471
0 0.0355186 0.90517 0.0206754 0.0573262 0.00719954
0 0.963085 0.904832 0.0189854 0.0628092 0.00717064
4 0.503739 0.877378 0.0253084 0.0567597 0.0071158
2 0.318267 0.636325 0.00839722 0.0203442 0.0069689
0 0.0183777 0.900881 0.0286434 0.0582442 0.00687085
4 0.620321 0.858469 0.0169939 0.0295715 0.00675898
1 0.603469 0.784861 0.0232565 0.0279039 0.00669688
4 0.503187 0.845904 0.0643055 0.0359433 0.00655275
4 0.629282 0.878507 0.0227705 0.0348784 0.00651753
2 0.115629 0.813215 0.00949407 0.0223602 0.00649822
4 0.620429 0.876545 0.0346062 0.0366808 0.0064447
2 0.58873 0.494669 0.0116782 0.0283387 0.00642964
4 0.630981 0.858006 0.0196618 0.0289117 0.00638864
0 0.0269327 0.892109 0.0361514 0.0721646 0.00623703
2 0.528962 0.668889 0.00921149 0.00930811 0.00612042
0 0.0936632 0.868089 0.0187871 0.053776 0.0060705
2 0.684928 0.508853 0.0100792 0.0296905 0.00602941
4 0.489168 0.888393 0.0202223 0.0580324 0.00593888
8 0.0355186 0.90517 0.0206754 0.0573262 0.00587469
1 0.730825 0.728964 0.0225549 0.0926392 0.00584747
2 0.807383 0.679314 0.00867004 0.0192627 0.00583559
4 0.339826 0.884596 0.0859658 0.0512078 0.00570054
3 0.0995731 0.880167 0.0241524 0.0325975 0.00568738
4 0.935176 0.876625 0.0193226 0.0200911 0.00559233
4 0.467623 0.847438 0.0526918 0.0299557 0.00546765
8 0.0895707 0.897797 0.0210991 0.0530843 0.00539366
2 0.528181 0.592952 0.00686536 0.0179647 0.00537323
0 0.629013 0.865652 0.0173308 0.0199026 0.00535587
4 0.865761 0.884748 0.0251808 0.0330607 0.00534843
4 0.847129 0.904853 0.0291718 0.049884 0.0053141
2 0.64121 0.467932 0.00638495 0.0113108 0.00529838
5 0.0958683 0.877082 0.0263994 0.038481 0.00526616
4 0.960857 0.855304 0.0163188 0.023543 0.00504698
4 0.758486 0.856629 0.0273627 0.0367346 0.00491273
8 0.0183777 0.900881 0.0286434 0.0582442 0.00474329
5 0.730813 0.875491 0.02111 0.0295192 0.00471287
3 0.0222364 0.916018 0.0386847 0.0445104 0.00463438
0 0.0368503 0.861309 0.0169042 0.0374722 0.00462552
4 0.0894778 0.882212 0.0224957 0.0290709 0.00456427
6 0.672211 0.844456 0.0633421 0.068141 0.00449114
4 0.430303 0.849165 0.0096058 0.0177607 0.00439923
4 0.0287371 0.917295 0.0269361 0.0377785 0.00439609
8 0.110512 0.882135 0.0185915 0.0226676 0.00435193
1 0.0377713 0.875321 0.0134849 0.0362183 0.00432805
7 0.588439 0.50785 0.0148062 0.0576705 0.00421777
6 0.963489 0.875688 0.0231762 0.0200185 0.0041904
1 0.819681 0.681594 0.0136865 0.0162871 0.00407077
2 0.342505 0.661677 0.0100371 0.0250576 0.00407044
15 0.773907 0.874745 0.0524449 0.0374295 0.00400249
2 0.708095 0.568394 0.00766547 0.0217918 0.00395991
6 0.713278 0.851114 0.0213377 0.0403588 0.00395944
4 0.21997 0.872855 0.0163354 0.0310521 0.00394827
6 0.465848 0.858211 0.0532053 0.037876 0.00391657
2 0.344181 0.654456 0.0105008 0.0204198 0.00391182
4 0.97683 0.900725 0.0152153 0.0344787 0.00388919
1 0.808949 0.724894 0.0504681 0.0915712 0.00388667
8 0.0841292 0.908273 0.0161302 0.0590122 0.00384681
4 0.713278 0.851114 0.0213377 0.0403588 0.00384534
8 0.620429 0.876545 0.0346062 0.0366808 0.00382984
4 0.31243 0.868578 0.0212536 0.0279353 0.0037721
1 0.728267 0.75409 0.0326732 0.126622 0.00373991
3 0.0348766 0.916219 0.0231897 0.0371682 0.00370278
2 0.707173 0.520352 0.00944385 0.0477241 0.00365379
8 0.217157 0.877821 0.0208996 0.0266408 0.00364026
0 0.599954 0.871083 0.0196516 0.0318539 0.00363923
0 0.946015 0.9041 0.0483082 0.0638422 0.00357007
6 0.712989 0.880893 0.0221886 0.0314136 0.00356169
5 0.467892 0.87556 0.057379 0.0719835 0.00354845
2 0.592064 0.575576 0.0189473 0.0155882 0.00352362
8 0.0993769 0.894918 0.0238189 0.0355374 0.0034503
1 0.619942 0.574847 0.0335204 0.0186406 0.00342253
2 0.601158 0.496602 0.0171414 0.0245287 0.00342011
4 0.664427 0.844564 0.0453394 0.0638136 0.00338916
7 0.552002 0.460665 0.00934699 0.0336136 0.00335551
2 0.549125 0.465685 0.0111038 0.0370753 0.00330763
5 0.946015 0.9041 0.0483082 0.0638422 0.00313051
5 0.568236 0.884586 0.0397671 0.0618525 0.00310933
7 0.549125 0.465685 0.0111038 0.0370753 0.00310865
4 0.268826 0.875529 0.0618814 0.0276096 0.00309432
4 0.00717277 0.906542 0.0129801 0.0624966 0.00309121
4 0.227212 0.872568 0.0129671 0.0314521 0.00299504
4 0.217157 0.877821 0.0208996 0.0266408 0.00298473
5 0.964502 0.89142 0.0193806 0.0400417 0.00296717
1 0.785044 0.738471 0.0900706 0.113458 0.00295902
7 0.440481 0.66123 0.0553308 0.0332016 0.00294155
7 0.570527 0.47461 0.0161612 0.0712284 0.00288675
6 0.965878 0.85466 0.0154743 0.0231213 0.00285895
1 0.357774 0.83302 0.0177668 0.0233917 0.00285167
17 0.0370139 0.876402 0.0151441 0.0368411 0.00280771
6 0.973503 0.880234 0.0411902 0.0419676 0.00280061
4 0.752753 0.886331 0.0299918 0.0353883 0.00279998
0 0.217157 0.877821 0.0208996 0.0266408 0.00279695
14 0.97683 0.900725 0.0152153 0.0344787 0.00278967
4 0.973503 0.880234 0.0411902 0.0419676 0.0027875
2 0.557727 0.688042 0.00497491 0.0148623 0.00275976
4 0.380269 0.857593 0.0541705 0.0487542 0.00272813
2 0.552002 0.460665 0.00934699 0.0336136 0.00271982
2 0.683418 0.437879 0.01362 0.0213876 0.0027099
1 0.26148 0.848153 0.0193783 0.04613 0.00270986
2 0.458366 0.618023 0.00880096 0.0113124 0.00269537
0 0.620321 0.858469 0.0169939 0.0295715 0.00264203
6 0.983884 0.824335 0.0265778 0.164654 0.00259806
2 0.794722 0.678037 0.0124634 0.0219234 0.00259006
3 0.621089 0.86386 0.0196455 0.021855 0.00258268
1 0.736973 0.754097 0.0171894 0.139748 0.00252535
5 0.957425 0.902676 0.0321402 0.0642631 0.00252222
7 0.441908 0.706894 0.0110111 0.0246839 0.00247986
6 0.468175 0.865539 0.0561991 0.066567 0.00247105
2 0.311428 0.619419 0.0121687 0.0218749 0.00244787
4 0.30726 0.869327 0.0248888 0.0321852 0.00243843
3 0.00696513 0.908383 0.0131184 0.0634786 0.00242975
6 0.722759 0.848739 0.0327182 0.0471737 0.00232267
6 0.979168 0.862752 0.0324554 0.246647 0.00231779
3 0.963085 0.904832 0.0189854 0.0628092 0.00231371
6 0.960857 0.855304 0.0163188 0.023543 0.00231
1 0.834446 0.724998 0.0206185 0.0866613 0.00229754
5 0.026733 0.911198 0.0320886 0.048486 0.00229384
2 0.740461 0.67427 0.0124815 0.0166445 0.00228979
2 0.585985 0.576561 0.0194645 0.0169316 0.00226997
1 0.35747 0.845522 0.0192544 0.0304664 0.00225895
1 0.682253 0.629123 0.0126079 0.0154322 0.00225051
4 0.70894 0.889803 0.0280239 0.0518524 0.00222751
13 0.0381109 0.857975 0.0150581 0.0302096 0.00222022
0 0.598714 0.878851 0.0165222 0.0401259 0.0021941
1 0.43388 0.52005 0.0149618 0.0777981 0.00218736
4 0.0995731 0.880167 0.0241524 0.0325975 0.00218075
3 0.0894778 0.882212 0.0224957 0.0290709 0.00217333
7 0.115629 0.813215 0.00949407 0.0223602 0.0021701
4 0.29642 0.881788 0.0168936 0.0232776 0.00216872
2 0.945139 0.48429 0.0147392 0.0179177 0.00214376
5 0.763538 0.876451 0.0374619 0.0340607 0.00208151
2 0.315861 0.581025 0.0101708 0.0205046 0.00207742
4 0.943591 0.876504 0.0223656 0.0199149 0.00207309
4 0.419278 0.853515 0.0252165 0.026809 0.00206412
2 0.596739 0.44738 0.01597 0.0489036 0.00205472
2 0.659094 0.685529 0.0087135 0.0245275 0.002047
1 0.648669 0.594764 0.0195184 0.0278931 0.00202648
8 0.568646 0.886179 0.0401615 0.061854 0.00201799
3 0.0355186 0.90517 0.0206754 0.0573262 0.00196038
1 0.837031 0.746092 0.0192318 0.0585571 0.0019538
0 0.71309 0.880449 0.0240872 0.0325924 0.00195226
3 0.591254 0.880437 0.0237752 0.0460391 0.00195087
2 0.384506 0.660681 0.00898532 0.0206726 0.00192701
4 0.587958 0.868485 0.0296036 0.0491304 0.00191801
0 0.227212 0.872568 0.0129671 0.0314521 0.00191762
2 0.104994 0.807902 0.0152617 0.0220673 0.00189301
8 0.732167 0.876841 0.020824 0.0272522 0.00188344
7 0.483641 0.650004 0.00697287 0.0155602 0.00183195
0 0.963489 0.875688 0.0231762 0.0200185 0.00181522
15 0.763538 0.876451 0.0374619 0.0340607 0.00179638
2 0.540276 0.599929 0.0133983 0.00770595 0.00179626
4 0.546391 0.854607 0.038674 0.0221951 0.00177953
1 0.991293 0.830323 0.0104496 0.0581821 0.00177083
0 0.585934 0.880122 0.02846 0.0516607 0.0017519
14 0.591254 0.880437 0.0237752 0.0460391 0.00175152
2 0.653763 0.443363 0.00837659 0.0140621 0.00173144
4 0.688135 0.727107 0.0512523 0.181664 0.00172287
4 0.517803 0.852514 0.0539489 0.0286626 0.00170713
15 0.713278 0.851114 0.0213377 0.0403588 0.00169135
22 0.00717277 0.906542 0.0129801 0.0624966 0.00168477
1 0.837061 0.71673 0.0240443 0.0518792 0.0016582
4 0.238456 0.879393 0.0697458 0.0365175 0.00164802
