46 0.763199 0.435629 0.11868 0.154463 0.80405
43 0.766983 0.46493 0.373886 0.247567 0.785662
46 0.833885 0.444004 0.115304 0.158862 0.521844
46 0.797994 0.46998 0.0536194 0.0868088 0.311212
46 0.617532 0.418205 0.0634649 0.0970244 0.19591
43 0.578144 0.40112 0.123573 0.119673 0.18813
46 0.565431 0.395325 0.0955209 0.107338 0.159041
31 0.181017 0.234932 0.0198516 0.0189326 0.118914
46 0.532339 0.353144 0.0521676 0.041342 0.101364
18 0.532339 0.353144 0.0521676 0.041342 0.0971141
30 0.0821335 0.15261 0.014762 0.0205967 0.0904946
18 0.536293 0.415654 0.0853299 0.0863144 0.0780686
18 0.529252 0.301257 0.038371 0.0614432 0.0708564
43 0.510474 0.390972 0.127826 0.1185 0.0685696
49 0.529161 0.300682 0.0398407 0.0616809 0.0563051
46 0.723052 0.36854 0.041359 0.0246655 0.0561663
46 0.629579 0.355573 0.0438705 0.0339051 0.0551244
43 0.553606 0.399671 0.202372 0.126247 0.0417794
10 0.44715 0.187459 0.0101982 0.0208036 0.0416879
43 0.879745 0.441368 0.153373 0.169337 0.0412324
18 0.476394 0.315347 0.0599374 0.0332268 0.0407708
43 0.514387 0.347821 0.0871849 0.0439545 0.0359259
46 0.475303 0.315249 0.062265 0.0343076 0.0318688
43 0.50373 0.341472 0.120262 0.0583233 0.0312787
46 0.683359 0.412401 0.0880499 0.0809756 0.0288879
43 0.720498 0.449587 0.271286 0.19651 0.0272073
31 0.180756 0.256138 0.0249199 0.0590189 0.0260856
30 0.0761843 0.152989 0.0259516 0.0263114 0.0225322
43 0.559847 0.358864 0.0917105 0.0471112 0.0211693
30 0.117305 0.157869 0.00949066 0.0245902 0.0209629
46 0.570354 0.371921 0.0854959 0.0615759 0.0205411
2 0.615749 0.156074 0.0109553 0.0209089 0.0184177
43 0.694758 0.391525 0.0955582 0.11978 0.0170632
43 0.507598 0.354996 0.112407 0.0440931 0.0165466
43 0.474329 0.318817 0.0633195 0.0385492 0.0158376
46 0.562184 0.344596 0.069533 0.0203827 0.0153429
43 0.551028 0.348787 0.0845751 0.0421128 0.0151563
46 0.553702 0.35016 0.0812223 0.0342221 0.0133096
46 0.559847 0.358864 0.0917105 0.0471112 0.0131935
30 0.0823863 0.146527 0.0152792 0.0215897 0.0131611
43 0.48673 0.312056 0.0881994 0.0420393 0.0131269
43 0.532339 0.353144 0.0521676 0.041342 0.0124076
46 0.535515 0.369605 0.0588931 0.0730399 0.0120218
46 0.797113 0.449817 0.186114 0.158044 0.0119149
10 0.490037 0.175651 0.00867654 0.0178952 0.0117874
30 0.183088 0.0594813 0.0132599 0.0131859 0.011741
43 0.715225 0.392456 0.22061 0.122053 0.0102734
18 0.63001 0.354821 0.0434706 0.035265 0.0102607
46 0.616267 0.399098 0.0629074 0.0613643 0.0101349
43 0.540725 0.405064 0.0881823 0.110655 0.00969213
18 0.485676 0.343554 0.0692601 0.0331541 0.00957968
18 0.988553 0.389637 0.0181882 0.0493856 0.00951105
31 0.199003 0.260833 0.0150859 0.0515715 0.00925257
18 0.501298 0.346718 0.0899783 0.0348669 0.00825438
46 0.5541 0.376587 0.073381 0.0726937 0.00820208
46 0.366931 0.362284 0.0534487 0.0574336 0.0081577
19 0.548089 0.353838 0.0809619 0.0450385 0.0080964
30 0.134681 0.0481526 0.0145956 0.0149312 0.00805632
30 0.157471 0.0770037 0.0173262 0.014285 0.00798632
30 0.0804109 0.193565 0.0127015 0.0430103 0.00787292
46 0.34773 0.376325 0.0161788 0.0288739 0.00755115
10 0.528129 0.304877 0.0405919 0.0711998 0.00754948
10 0.53207 0.353084 0.0525931 0.0397366 0.00679933
30 0.270665 0.151996 0.0198232 0.0104324 0.00672949
46 0.475041 0.335978 0.0613078 0.026458 0.00670294
18 0.683009 0.412503 0.0891974 0.0821445 0.00665236
30 0.0786841 0.17494 0.0164398 0.0279707 0.00650368
43 0.560124 0.461904 0.226928 0.243282 0.00645557
55 0.379381 0.215939 0.0233051 0.0273286 0.00636879
35 0.446814 0.184788 0.0106745 0.0237071 0.00635456
49 0.532339 0.353144 0.0521676 0.041342 0.00619279
30 0.271938 0.142936 0.0169591 0.0152974 0.00597756
2 0.361707 0.191253 0.0173039 0.0165999 0.00579342
43 0.566601 0.37696 0.0947773 0.0710943 0.00578589
30 0.154038 0.0680987 0.0151272 0.0246799 0.0055799
10 0.446413 0.128769 0.0116548 0.015889 0.00548088
19 0.531977 0.353091 0.0516662 0.0425602 0.00535016
46 0.534996 0.417055 0.0855131 0.0867241 0.00519998
0 0.529252 0.301257 0.038371 0.0614432 0.00511384
44 0.53207 0.353084 0.0525931 0.0397366 0.00504106
43 0.528062 0.308559 0.0418173 0.0777792 0.00503102
46 0.481324 0.342237 0.0612876 0.033898 0.0048655
31 0.199328 0.272275 0.0137052 0.0306252 0.00464204
43 0.693287 0.365235 0.125779 0.069484 0.00460187
18 0.500503 0.310458 0.016122 0.0308659 0.00451027
30 0.184545 0.180993 0.0170197 0.0157927 0.00449501
18 0.535515 0.369605 0.0588931 0.0730399 0.00444535
46 0.501298 0.346718 0.0899783 0.0348669 0.00444052
30 0.183492 0.0489148 0.0146183 0.0173811 0.00414223
55 0.380679 0.146294 0.0247384 0.020172 0.0041078
43 0.629653 0.355204 0.0436179 0.0408528 0.00409612
18 0.548089 0.353838 0.0809619 0.0450385 0.0039417
30 0.203463 0.131955 0.016159 0.0263 0.00389769
46 0.58465 0.351442 0.109884 0.0296531 0.00389695
31 0.168409 0.255129 0.0204864 0.0521583 0.00381856
2 0.49028 0.174551 0.00884442 0.0168802 0.0036638
19 0.501298 0.346718 0.0899783 0.0348669 0.00348241
18 0.568247 0.387278 0.0953033 0.0893015 0.00347796
30 0.26282 0.0270022 0.029259 0.0260085 0.00346124
18 0.933928 0.350121 0.0204878 0.0559527 0.00320842
30 0.274929 0.14863 0.0128734 0.0147732 0.00318891
30 0.388247 0.11727 0.0121276 0.0346433 0.00316384
55 0.37855 0.22458 0.0215924 0.0260635 0.00314862
18 0.380724 0.247344 0.0211628 0.0245762 0.0030986
30 0.0171444 0.148581 0.0262342 0.0181624 0.00306181
10 0.388247 0.11727 0.0121276 0.0346433 0.00300888
0 0.532772 0.352826 0.0524088 0.0400416 0.00300028
10 0.448805 0.184145 0.0143051 0.026584 0.00299158
55 0.38766 0.156496 0.0185482 0.0344574 0.00298451
31 0.200843 0.252206 0.0127155 0.0464097 0.00298422
30 0.133579 0.054003 0.00980289 0.0143548 0.00291295
49 0.476394 0.315347 0.0599374 0.0332268 0.00291069
30 0.147875 0.0619073 0.00965952 0.0131832 0.00288069
55 0.383443 0.196035 0.0203611 0.0150703 0.00287392
43 0.664198 0.415351 0.155289 0.148387 0.00287332
30 0.103331 0.155086 0.0146241 0.0237634 0.00286802
18 0.0982253 0.242766 0.0214392 0.0384723 0.00281976
46 0.359925 0.371655 0.03923 0.0381768 0.00279161
2 0.530201 0.301444 0.0357311 0.0614731 0.0027655
35 0.529161 0.300682 0.0398407 0.0616809 0.00276244
55 0.389183 0.195492 0.0141019 0.014958 0.0027476
0 0.402743 0.249101 0.0145703 0.0514498 0.00273264
55 0.389406 0.2151 0.0120437 0.021528 0.00273251
30 0.202878 0.0598472 0.0096413 0.0123252 0.0027134
1 0.181017 0.234932 0.0198516 0.0189326 0.00268666
35 0.449287 0.188608 0.0133299 0.0202006 0.00263821
30 0.083756 0.153873 0.0308919 0.0208565 0.00261944
18 0.578144 0.40112 0.123573 0.119673 0.00260936
46 0.529833 0.310312 0.0445498 0.0588037 0.00257887
43 0.481324 0.342237 0.0612876 0.033898 0.00255703
30 0.265822 0.0218996 0.0332059 0.0221518 0.00255189
30 0.18826 0.0500764 0.0219047 0.0219065 0.00254725
30 0.073976 0.170886 0.0201636 0.0256925 0.00253891
0 0.44715 0.187459 0.0101982 0.0208036 0.00253671
43 0.496314 0.314815 0.113018 0.0554775 0.00251827
18 0.551754 0.402806 0.062256 0.107041 0.00249508
46 0.551754 0.402806 0.062256 0.107041 0.00243879
46 0.618914 0.352858 0.0589434 0.0316687 0.00243827
2 0.25438 0.138985 0.00854088 0.0102799 0.00241513
46 0.879745 0.441368 0.153373 0.169337 0.00240041
18 0.616997 0.416493 0.0616509 0.0959448 0.00238566
43 0.579261 0.352211 0.143701 0.0501785 0.0023217
18 0.551369 0.379304 0.0630758 0.0642722 0.00230601
18 0.481654 0.324863 0.0624735 0.0440072 0.00230349
2 0.00892407 0.10189 0.0112744 0.0155631 0.00224625
10 0.203463 0.131955 0.016159 0.0263 0.00223709
46 0.608197 0.363888 0.083556 0.0517673 0.00216044
10 0.389406 0.2151 0.0120437 0.021528 0.00215506
30 0.402743 0.249101 0.0145703 0.0514498 0.00214561
18 0.471262 0.354453 0.0528517 0.045998 0.0021385
18 0.475041 0.335978 0.0613078 0.026458 0.00211341
43 0.708932 0.520696 0.500605 0.352128 0.00210351
30 0.0668259 0.20035 0.0154034 0.0386471 0.00207031
46 0.776114 0.453841 0.0995944 0.105911 0.00201606
18 0.505202 0.38355 0.117873 0.101453 0.00199066
10 0.500503 0.310458 0.016122 0.0308659 0.00198415
30 0.129427 0.203605 0.00969395 0.0258706 0.00189142
30 0.184411 0.185317 0.0192786 0.0155149 0.00188614
10 0.0266027 0.249939 0.0137013 0.0208869 0.00188518
46 0.846035 0.423599 0.0912111 0.124285 0.00187836
2 0.00814622 0.0979851 0.0135933 0.0118907 0.00187646
31 0.183295 0.209235 0.0247827 0.0437492 0.00187367
49 0.500503 0.310458 0.016122 0.0308659 0.00186977
10 0.465979 0.127729 0.00998499 0.0166572 0.00186961
43 0.803561 0.434889 0.191855 0.175774 0.00185832
10 0.402644 0.25002 0.0140991 0.0494298 0.00183824
30 0.0112661 0.147168 0.0212968 0.019857 0.0017736
30 0.266411 0.189869 0.0132619 0.0204744 0.0017595
10 0.389289 0.173686 0.0138222 0.0352046 0.00175197
19 0.528374 0.300958 0.0401845 0.062937 0.00174007
18 0.485027 0.356914 0.0710595 0.0559894 0.00174005
18 0.693641 0.356944 0.0849686 0.0495212 0.00170259
30 0.0655694 0.149906 0.0109454 0.0307736 0.00167958
55 0.389289 0.173686 0.0138222 0.0352046 0.00167394
19 0.485676 0.343554 0.0692601 0.0331541 0.00165807
10 0.373237 0.223802 0.0126527 0.0319601 0.00164168
31 0.184411 0.185317 0.0192786 0.0155149 0.0016339
30 0.202265 0.0517026 0.0112969 0.0215178 0.00163128
14 0.532772 0.352826 0.0524088 0.0400416 0.00162321
43 0.535515 0.369605 0.0588931 0.0730399 0.00162236
19 0.487181 0.38254 0.0798547 0.102996 0.00162115
31 0.201008 0.241267 0.0132325 0.0369287 0.00160441
27 0.62996 0.35532 0.0433376 0.0347104 0.00158061
30 0.148065 0.0776038 0.0102147 0.0160377 0.00157613
10 0.451106 0.128508 0.0114601 0.0156787 0.00155483
43 0.762261 0.435059 0.118199 0.157934 0.00152212
55 0.382633 0.13921 0.0241769 0.0220401 0.00151028
1 0.184411 0.185317 0.0192786 0.0155149 0.00148909
10 0.117305 0.157869 0.00949066 0.0245902 0.00148301
43 0.694971 0.356883 0.0852772 0.0490593 0.00147615
10 0.37488 0.244376 0.016074 0.0307595 0.00146403
2 0.0311461 0.159872 0.00821399 0.0145501 0.00146214
18 0.373237 0.223802 0.0126527 0.0319601 0.00145776
46 0.72888 0.403598 0.0514236 0.0945628 0.00142932
18 0.0975003 0.251766 0.022594 0.0304686 0.00140795
30 0.0990866 0.175566 0.0527097 0.0282278 0.00139808
43 0.908884 0.441288 0.0944529 0.158421 0.00139461
43 0.487181 0.38254 0.0798547 0.102996 0.00139235
30 0.040296 0.156146 0.0118624 0.0187916 0.00138461
43 0.453425 0.303097 0.107307 0.0507519 0.00138407
19 0.507598 0.354996 0.112407 0.0440931 0.00137611
30 0.118371 0.0568076 0.0174308 0.0104315 0.00137466
30 0.139031 0.0458678 0.0222433 0.0143427 0.00137112
18 0.37855 0.22458 0.0215924 0.0260635 0.00136186
43 0.450314 0.315401 0.115634 0.059767 0.00135939
10 0.406858 0.246418 0.0167975 0.0657961 0.00133871
46 0.733414 0.410748 0.178141 0.140251 0.00133688
30 0.27583 0.19969 0.011273 0.0390931 0.00133511
10 0.63001 0.354821 0.0434706 0.035265 0.00131041
31 0.201257 0.27726 0.0143588 0.021895 0.00130561
18 0.724295 0.368679 0.0420312 0.025466 0.00130332
10 0.363762 0.191384 0.0164301 0.0158933 0.00129687
10 0.373748 0.143755 0.0129156 0.0189822 0.00126295
2 0.245889 0.140606 0.00759505 0.0105455 0.00125047
30 0.192638 0.0594589 0.0175045 0.0133502 0.00124895
30 0.169782 0.0616328 0.0128699 0.0164309 0.00123077
46 0.849553 0.397351 0.0858884 0.072347 0.00123024
36 0.157471 0.0770037 0.0173262 0.014285 0.00122801
31 0.188986 0.211542 0.0113506 0.017269 0.00121494
30 0.0902568 0.18687 0.0173217 0.028774 0.00120762
46 0.481654 0.324863 0.0624735 0.0440072 0.00119747
43 0.682194 0.412113 0.0875429 0.0811122 0.00119429
19 0.510474 0.390972 0.127826 0.1185 0.00119249
30 0.268654 0.173401 0.0217534 0.0284127 0.00118363
10 0.446627 0.122544 0.0130296 0.0261199 0.00116169
43 0.923692 0.417284 0.0613956 0.18187 0.00116044
19 0.476394 0.315347 0.0599374 0.0332268 0.00115404
2 0.2467 0.169577 0.00943489 0.0178064 0.00115396
46 0.825555 0.46512 0.106981 0.0946394 0.00114726
55 0.388124 0.22664 0.0132449 0.0197977 0.00113606
10 0.128995 0.206943 0.0118214 0.0303659 0.00113426
30 0.0124961 0.142544 0.0207818 0.0224774 0.00113348
10 0.388798 0.131135 0.013277 0.0167906 0.00112883
10 0.446158 0.164247 0.0125666 0.0383527 0.00112103
35 0.382633 0.13921 0.0241769 0.0220401 0.00110496
30 0.0928973 0.146223 0.0132279 0.0214924 0.00110372
35 0.204638 0.279176 0.0218323 0.0215761 0.00110037
18 0.379381 0.215939 0.0233051 0.0273286 0.00109856
30 0.388798 0.131135 0.013277 0.0167906 0.00108744
10 0.0995642 0.256617 0.0207163 0.0277465 0.00107403
30 0.25438 0.138985 0.00854088 0.0102799 0.00107176
19 0.481654 0.324863 0.0624735 0.0440072 0.00106999
35 0.201257 0.27726 0.0143588 0.021895 0.00106733
46 0.764101 0.409921 0.0889422 0.111019 0.00106215
18 0.0266027 0.249939 0.0137013 0.0208869 0.00104925
30 0.0301688 0.163627 0.00903071 0.0222079 0.00102778
30 0.184182 0.191463 0.0207321 0.0286585 0.00102261
18 0.523141 0.404682 0.112648 0.110538 0.00101468
30 0.0311461 0.159872 0.00821399 0.0145501 0.00101253
18 0.37488 0.244376 0.016074 0.0307595 0.00100908
10 0.0967886 0.258422 0.0188218 0.0201034 0.00100206
