31 0.528976 0.517661 0.332215 0.496113 0.922792
19 0.184765 0.903314 0.36953 0.193372 0.230286
44 0.184521 0.902343 0.369041 0.195314 0.00733813
50 0.33989 0.674591 0.067217 0.0212075 0.00635216
55 0.136752 0.220259 0.198067 0.440517 0.00599951
29 0.340025 0.67368 0.0663308 0.0227371 0.0059259
55 0.126371 0.147753 0.154112 0.260771 0.00566451
18 0.169679 0.83697 0.25577 0.326061 0.00407562
44 0.360964 0.0458339 0.0988101 0.0882962 0.00333767
55 0.0765666 0.166844 0.0455853 0.18167 0.00265844
55 0.146509 0.0218722 0.034128 0.0405708 0.00238955
60 0.32266 0.0447316 0.0225479 0.0870691 0.00215179
2 0.442471 0.562103 0.0129621 0.0244089 0.001689
60 0.327816 0.0128528 0.0312317 0.0244612 0.00140485
55 0.360964 0.0458339 0.0988101 0.0882962 0.00137333
55 0.131203 0.0211235 0.0641702 0.0401461 0.00136832
55 0.324405 0.0452614 0.0248687 0.0861106 0.00130616
2 0.440794 0.555667 0.0146948 0.0260377 0.0012618
43 0.184117 0.902752 0.368234 0.194495 0.00104836
