1 0.685913 0.548004 0.0269216 0.0769112 0.812219
7 0.566293 0.394079 0.0200503 0.0340473 0.660488
7 0.52859 0.413605 0.0174183 0.0297964 0.604825
7 0.602251 0.41134 0.0175547 0.040052 0.595305
1 0.628056 0.639776 0.0121095 0.0331911 0.512692
1 0.46691 0.565273 0.0276997 0.0299759 0.442951
1 0.427909 0.620101 0.0142663 0.0160921 0.401303
7 0.0412419 0.333455 0.0138896 0.0302897 0.374698
7 0.0159112 0.336538 0.016726 0.0380101 0.360442
1 0.660664 0.55124 0.0153672 0.0673903 0.305481
4 0.412635 0.659494 0.0367116 0.0433813 0.251947
4 0.587289 0.647596 0.028197 0.0265037 0.218334
7 0.00882101 0.332941 0.0158883 0.0437429 0.181483
1 0.376302 0.613185 0.01146 0.0227339 0.171351
7 0.0402887 0.34723 0.0162048 0.0564284 0.112865
4 0.411336 0.672715 0.0318263 0.0692893 0.0826965
7 0.00592709 0.305509 0.0118542 0.0278619 0.0801913
1 0.359025 0.609093 0.00860663 0.0210238 0.0629082
1 0.428524 0.612725 0.0142639 0.0205687 0.0582847
7 0.0376996 0.334382 0.0193212 0.0334924 0.0557337
1 0.426651 0.59771 0.0182814 0.03135 0.0548713
2 0.260019 0.422649 0.00963196 0.0123195 0.053538
4 0.359277 0.66843 0.0260446 0.0320848 0.0522021
1 0.508201 0.646707 0.00710239 0.0232871 0.0478676
0 0.465266 0.648786 0.00824439 0.0236065 0.0421594
2 0.259866 0.428152 0.00967706 0.0149882 0.0385836
1 0.660171 0.570079 0.0148448 0.0319997 0.0381909
1 0.304616 0.571723 0.0134882 0.0250404 0.0381556
0 0.508364 0.649176 0.00728693 0.025465 0.0368385
1 0.537312 0.610387 0.0126266 0.0141449 0.0366483
7 0.599946 0.402429 0.0228052 0.0575551 0.0353709
8 0.413535 0.686984 0.0310277 0.080636 0.0347782
1 0.518719 0.617337 0.011576 0.0199423 0.0313577
4 0.557422 0.649334 0.034269 0.0281677 0.0312551
0 0.413021 0.682731 0.0308981 0.0849064 0.0308148
1 0.536002 0.60334 0.0144421 0.0207937 0.029277
7 0.561799 0.401955 0.0313008 0.0455996 0.0284008
4 0.57463 0.646223 0.0174533 0.0255799 0.0251544
0 0.47849 0.655373 0.00948471 0.0170281 0.0251119
2 0.263566 0.422535 0.0153492 0.0133592 0.0246604
4 0.386234 0.66392 0.0189635 0.0364142 0.0220895
1 0.465266 0.648786 0.00824439 0.0236065 0.0189277
4 0.42388 0.656277 0.0330578 0.0424842 0.0185673
7 0.438432 0.454491 0.0101467 0.016296 0.017555
4 0.394518 0.660496 0.0201187 0.0353864 0.016726
1 0.358892 0.614421 0.00889261 0.0176682 0.0166266
7 0.00912848 0.319853 0.0135605 0.059496 0.0155693
0 0.412949 0.659386 0.0347096 0.0450644 0.0147232
1 0.476835 0.597613 0.0116316 0.0313213 0.0137437
1 0.376148 0.591649 0.0120178 0.0284945 0.0136757
2 0.368482 0.471726 0.0100835 0.0181067 0.0134813
2 0.26374 0.42742 0.0144179 0.0166733 0.0134489
12 0.253767 0.642322 0.060608 0.0594511 0.0129916
1 0.00528766 0.62747 0.00940364 0.0278367 0.0128664
4 0.548349 0.653272 0.0235539 0.0311337 0.0127188
7 0.520122 0.373446 0.018391 0.0284414 0.0123279
1 0.358737 0.597208 0.0113089 0.0342983 0.0123201
0 0.386234 0.66392 0.0189635 0.0364142 0.0119995
0 0.509146 0.642816 0.00824966 0.0244402 0.0118122
4 0.432197 0.65934 0.0249293 0.031194 0.0116133
8 0.47849 0.655373 0.00948471 0.0170281 0.0115958
0 0.42388 0.656277 0.0330578 0.0424842 0.0114575
4 0.54109 0.649551 0.00976953 0.0249728 0.0112405
4 0.556372 0.655945 0.0343189 0.045213 0.0104338
7 0.0911422 0.498325 0.0182248 0.0470517 0.0104214
0 0.460139 0.648384 0.0101856 0.0220133 0.0100327
1 0.520091 0.611671 0.0125765 0.0197394 0.00975019
7 0.5251 0.394447 0.0242164 0.0621657 0.00963124
1 0.349347 0.605833 0.0136034 0.0269833 0.00952035
7 0.436666 0.455134 0.0124088 0.0209221 0.00925258
6 0.200199 0.631946 0.0484806 0.0695578 0.00922354
0 0.396454 0.670179 0.0140217 0.0532522 0.0085863
1 0.533994 0.597403 0.01216 0.016406 0.00854383
7 0.66022 0.552787 0.0155341 0.0636046 0.00844219
7 0.465266 0.648786 0.00824439 0.0236065 0.00839173
4 0.516142 0.646829 0.0128369 0.0198057 0.0082727
4 0.646252 0.667832 0.0444844 0.031394 0.00824713
0 0.464788 0.644205 0.0101768 0.0271534 0.00816259
1 0.662043 0.577454 0.0177115 0.0169653 0.00811753
4 0.199963 0.632852 0.0491234 0.0682207 0.00811707
14 0.41241 0.688105 0.0298105 0.0785533 0.00788477
4 0.508201 0.646707 0.00710239 0.0232871 0.00782156
1 0.327808 0.588904 0.0214494 0.0433109 0.00772461
6 0.229995 0.634626 0.106938 0.0717756 0.00710846
1 0.50904 0.631409 0.00881793 0.0190475 0.0070799
0 0.475826 0.651729 0.0146396 0.0222066 0.00702752
1 0.538596 0.615176 0.0103818 0.0166234 0.00699089
4 0.25503 0.642368 0.06121 0.0597524 0.00682577
4 0.0378861 0.629214 0.0188671 0.0268229 0.00676286
1 0.129453 0.57431 0.0261127 0.0672911 0.00668856
1 0.576524 0.611892 0.0184763 0.0229626 0.00662087
0 0.394518 0.660496 0.0201187 0.0353864 0.00630869
4 0.475826 0.651729 0.0146396 0.0222066 0.00630435
6 0.139138 0.575633 0.0442639 0.0674225 0.00621218
4 0.528702 0.647453 0.0168079 0.0188337 0.00614456
4 0.396454 0.670179 0.0140217 0.0532522 0.00606417
4 0.47849 0.655373 0.00948471 0.0170281 0.00594484
6 0.254414 0.642496 0.0615009 0.0606958 0.00583364
4 0.599086 0.64591 0.0147701 0.0227793 0.00572467
4 0.509146 0.642816 0.00824966 0.0244402 0.00571841
7 0.438126 0.460925 0.0114621 0.029664 0.00570374
1 0.532799 0.592707 0.0107372 0.0183754 0.00559079
0 0.396621 0.686105 0.0098208 0.0594926 0.00550259
0 0.457496 0.651743 0.0114498 0.0277028 0.0054091
1 0.0155944 0.335441 0.0177526 0.0364656 0.0051429
5 0.418613 0.658076 0.0460165 0.0447425 0.00513806
1 0.47849 0.655373 0.00948471 0.0170281 0.00494418
7 0.520747 0.379113 0.0207883 0.0509851 0.00492906
8 0.38542 0.666842 0.0181865 0.0359741 0.00477643
1 0.37014 0.594273 0.0227284 0.0371903 0.00474302
1 0.0426996 0.601553 0.022952 0.0423092 0.00468425
1 0.429259 0.627283 0.0190569 0.0225747 0.00449325
7 0.526348 0.407808 0.021415 0.0412719 0.00422061
1 0.434671 0.626925 0.0232739 0.0267428 0.00412807
4 0.465695 0.650232 0.00994421 0.0265746 0.00406786
2 0.437754 0.452925 0.0105883 0.0184073 0.00399582
5 0.416704 0.68593 0.0387722 0.0751484 0.00395153
4 0.519068 0.650978 0.0108336 0.0213401 0.00394422
4 0.416704 0.68593 0.0387722 0.0751484 0.00393457
12 0.628056 0.639776 0.0121095 0.0331911 0.00388547
7 0.00648879 0.298873 0.0128666 0.0274097 0.00385914
0 0.362121 0.666043 0.0292259 0.0356694 0.00370087
4 0.0407558 0.609721 0.0249736 0.0572088 0.00360803
8 0.437954 0.668021 0.0122617 0.0283089 0.00351635
7 0.376302 0.613185 0.01146 0.0227339 0.00349149
8 0.418279 0.678894 0.043856 0.0881954 0.00348121
1 0.574498 0.589636 0.0198447 0.0313744 0.00347075
8 0.396621 0.686105 0.0098208 0.0594926 0.00344921
1 0.47363 0.597687 0.0157909 0.0349401 0.00344522
14 0.47849 0.655373 0.00948471 0.0170281 0.00327205
15 0.200199 0.631946 0.0484806 0.0695578 0.00327078
8 0.508364 0.649176 0.00728693 0.025465 0.00321712
4 0.547783 0.655604 0.0273129 0.0492036 0.00318196
7 0.209852 0.443747 0.0100769 0.035723 0.00313928
1 0.620937 0.636846 0.0146859 0.0312986 0.00308594
1 0.429176 0.605214 0.0176448 0.0306799 0.00305287
0 0.509274 0.656617 0.00791382 0.032451 0.00297723
4 0.527169 0.652862 0.0143942 0.0262703 0.00292297
8 0.359277 0.66843 0.0260446 0.0320848 0.00289625
4 0.648681 0.675873 0.040204 0.0223477 0.00287017
2 0.376381 0.472276 0.011338 0.0192738 0.00281381
1 0.521708 0.591251 0.0110053 0.0220515 0.0028076
1 0.349143 0.593375 0.0142759 0.0449996 0.00278288
1 0.139138 0.575633 0.0442639 0.0674225 0.00275643
7 0.523976 0.368633 0.0232219 0.0372722 0.00271852
5 0.47849 0.655373 0.00948471 0.0170281 0.00260716
5 0.465695 0.650232 0.00994421 0.0265746 0.00259406
1 0.00462367 0.636182 0.0090058 0.0415208 0.00255042
8 0.465695 0.650232 0.00994421 0.0265746 0.00254526
7 0.508201 0.646707 0.00710239 0.0232871 0.00250594
4 0.584924 0.665289 0.0209228 0.0404898 0.00249728
0 0.443182 0.647009 0.0130763 0.0316985 0.00246203
7 0.570352 0.391689 0.0258534 0.0416281 0.00245469
4 0.360592 0.653425 0.0222081 0.0604224 0.00242875
1 0.388479 0.608994 0.0144081 0.0202279 0.00234246
8 0.396454 0.670179 0.0140217 0.0532522 0.00230523
2 0.16935 0.420059 0.0194282 0.016799 0.00214486
2 0.363626 0.463332 0.0113082 0.0215986 0.00212138
4 0.583049 0.624552 0.0240153 0.0285729 0.00209222
1 0.324246 0.595219 0.0215588 0.0327383 0.00203983
0 0.416939 0.673498 0.0437575 0.075958 0.00203308
4 0.594385 0.662889 0.0145649 0.0459265 0.00201907
1 0.254414 0.642496 0.0615009 0.0606958 0.00201784
1 0.531669 0.615009 0.0207081 0.0185301 0.00198581
1 0.468051 0.584488 0.0197373 0.0325393 0.00196065
4 0.586641 0.636716 0.0226445 0.0312933 0.00195396
1 0.627921 0.588484 0.0181459 0.0663167 0.00193808
7 0.566406 0.383512 0.0199608 0.0505407 0.00193675
4 0.409297 0.650746 0.0680962 0.0556752 0.00191014
15 0.508201 0.646707 0.00710239 0.0232871 0.00186319
15 0.22813 0.635952 0.107561 0.0681184 0.00185928
5 0.413069 0.668618 0.0339846 0.0624433 0.00185258
0 0.437954 0.668021 0.0122617 0.0283089 0.00183357
4 0.353786 0.665654 0.0242639 0.0358584 0.00183131
7 0.42518 0.620827 0.0145216 0.0165113 0.00183004
7 0.0910022 0.490445 0.0137132 0.0362352 0.00182637
4 0.0495776 0.639187 0.04253 0.0615543 0.00182348
2 0.360374 0.470078 0.0153606 0.0172537 0.0018158
4 0.603254 0.653851 0.0237399 0.0350788 0.00181431
5 0.508201 0.646707 0.00710239 0.0232871 0.00179922
7 0.602786 0.375695 0.0246997 0.0399323 0.00178842
0 0.383968 0.656456 0.0166207 0.0372298 0.00178584
7 0.359025 0.609093 0.00860663 0.0210238 0.00178213
1 0.313763 0.573931 0.0165416 0.0289513 0.00176487
0 0.161385 0.639762 0.0195331 0.0545337 0.00176288
0 0.432197 0.65934 0.0249293 0.031194 0.00175766
2 0.410517 0.477214 0.0101385 0.0185645 0.00174734
1 0.476518 0.593658 0.0164355 0.0382288 0.00171939
15 0.587289 0.647596 0.028197 0.0265037 0.00171315
12 0.427909 0.620101 0.0142663 0.0160921 0.00170463
1 0.378227 0.581044 0.0362737 0.0459725 0.0016689
1 0.388891 0.588538 0.0174979 0.033749 0.00165593
4 0.351362 0.612184 0.0141364 0.0147446 0.00164417
4 0.0391487 0.642743 0.0249829 0.0548301 0.00163866
14 0.508201 0.646707 0.00710239 0.0232871 0.00160502
7 0.532799 0.592707 0.0107372 0.0183754 0.00158662
4 0.00528766 0.62747 0.00940364 0.0278367 0.00157031
12 0.518719 0.617337 0.011576 0.0199423 0.00155535
8 0.457496 0.651743 0.0114498 0.0277028 0.0015378
0 0.42518 0.620827 0.0145216 0.0165113 0.00150344
4 0.628159 0.644229 0.0128583 0.0354458 0.0014811
5 0.475826 0.651729 0.0146396 0.0222066 0.00147785
4 0.0388277 0.624477 0.0213799 0.0536052 0.00146437
7 0.532668 0.40981 0.023618 0.0370957 0.00143569
1 0.438432 0.454491 0.0101467 0.016296 0.00143558
1 0.348504 0.616791 0.0125558 0.014795 0.00143504
1 0.200456 0.631047 0.0493652 0.071615 0.00142854
6 0.0658318 0.625038 0.0690117 0.0892236 0.00141039
2 0.173329 0.42341 0.0201522 0.0161862 0.0013922
14 0.396621 0.686105 0.0098208 0.0594926 0.00138746
7 0.604381 0.396898 0.0189999 0.0705075 0.00137956
0 0.466645 0.654821 0.014078 0.0352466 0.00137505
4 0.0452902 0.625112 0.0325827 0.0840624 0.00137074
1 0.492722 0.566377 0.0146785 0.0321626 0.00136766
4 0.383968 0.656456 0.0166207 0.0372298 0.0013599
1 0.163928 0.639129 0.0192344 0.0557977 0.00133008
6 0.129453 0.57431 0.0261127 0.0672911 0.00131231
7 0.529671 0.428149 0.0184527 0.0616116 0.00130766
6 0.145948 0.584448 0.0532714 0.0599036 0.00128185
0 0.405718 0.687843 0.0288176 0.0715729 0.00128119
4 0.539647 0.64114 0.0180199 0.0364152 0.00128062
15 0.141729 0.580543 0.0481492 0.0631132 0.00126896
7 0.08476 0.486843 0.024341 0.0671593 0.0012663
0 0.540742 0.685471 0.00872809 0.0427163 0.00126051
4 0.22503 0.631701 0.0977983 0.0730998 0.00125409
14 0.628056 0.639776 0.0121095 0.0331911 0.00121842
2 0.258881 0.319767 0.00852077 0.020404 0.00121686
1 0.509146 0.642816 0.00824966 0.0244402 0.00121423
4 0.416783 0.651688 0.0305936 0.0468935 0.00120297
1 0.420848 0.598874 0.0233745 0.0364172 0.00118907
8 0.418613 0.658076 0.0460165 0.0447425 0.00118906
2 0.413627 0.47755 0.0109926 0.0177523 0.00115734
4 0.613632 0.652544 0.0206229 0.0244838 0.00114667
1 0.57352 0.601931 0.0203838 0.03135 0.00114431
4 0.368906 0.651874 0.0316067 0.05976 0.00114212
4 0.437954 0.668021 0.0122617 0.0283089 0.00112833
5 0.362121 0.666043 0.0292259 0.0356694 0.0011173
7 0.567285 0.411321 0.0231937 0.0585243 0.00109829
1 0.535926 0.594209 0.0157895 0.0209647 0.00109368
6 0.0420136 0.588195 0.0519197 0.0759875 0.00107363
1 0.00777485 0.575009 0.0132999 0.0470197 0.00107354
4 0.0280563 0.614681 0.0301858 0.0666996 0.00107139
4 0.509274 0.656617 0.00791382 0.032451 0.00106032
4 0.429259 0.627283 0.0190569 0.0225747 0.00104751
15 0.475826 0.651729 0.0146396 0.0222066 0.001043
2 0.0910022 0.490445 0.0137132 0.0362352 0.00103896
0 0.509481 0.660257 0.0109022 0.0469874 0.00102689
1 0.516142 0.646829 0.0128369 0.0198057 0.0010177
2 0.280388 0.251891 0.0162014 0.0151839 0.00101333
4 0.457496 0.651743 0.0114498 0.0277028 0.00101321
7 0.0472033 0.338747 0.0225948 0.0364816 0.00101185
1 0.304399 0.611094 0.0118946 0.0548781 0.00100882
15 0.583049 0.624552 0.0240153 0.0285729 0.00100636
0 0.53106 0.662895 0.0161528 0.0457392 0.00100485
