4 0.973165 0.679686 0.0499968 0.266258 0.902154
4 0.728152 0.633962 0.319427 0.243635 0.853564
18 0.480642 0.67974 0.0458077 0.121396 0.811591
22 0.884145 0.753719 0.0350668 0.103894 0.768982
25 0.355183 0.558399 0.280144 0.334145 0.565333
19 0.415644 0.675549 0.107239 0.11202 0.472938
18 0.447104 0.693631 0.0464803 0.0947231 0.370179
25 0.352145 0.447679 0.284999 0.108963 0.369054
18 0.464145 0.68263 0.0757586 0.119741 0.338849
19 0.353314 0.699994 0.035192 0.0519588 0.306681
19 0.45087 0.693389 0.0536998 0.0945273 0.192235
19 0.434133 0.679671 0.066947 0.106193 0.129423
19 0.398069 0.679832 0.066126 0.09915 0.128824
19 0.352508 0.677559 0.0371958 0.0966081 0.126143
19 0.371665 0.671983 0.0746145 0.108799 0.108486
18 0.361533 0.680094 0.0538604 0.0907546 0.0987347
19 0.448886 0.673826 0.0399644 0.0854444 0.0874663
22 0.307848 0.673535 0.0165096 0.0476294 0.0647732
10 0.408207 0.62163 0.00988263 0.0137173 0.0576325
25 0.728805 0.633392 0.319642 0.24557 0.0552998
2 0.168265 0.547993 0.0166819 0.0118073 0.0467263
25 0.530173 0.555392 0.276464 0.384855 0.0415069
18 0.479426 0.605414 0.0235187 0.0264252 0.0373822
18 0.353302 0.690793 0.0352401 0.0707166 0.0335341
26 0.30807 0.675115 0.0180871 0.0508334 0.0326036
18 0.448886 0.673826 0.0399644 0.0854444 0.0280177
18 0.483822 0.637823 0.0357276 0.0402092 0.0263795
1 0.168605 0.605002 0.0129336 0.0285808 0.0240417
19 0.467644 0.684286 0.0701777 0.114571 0.0209302
19 0.381103 0.660727 0.0493563 0.0975333 0.0194163
51 0.408207 0.62163 0.00988263 0.0137173 0.0185012
10 0.409038 0.615978 0.0107163 0.0243127 0.015442
18 0.308331 0.674725 0.021108 0.0513384 0.0142891
17 0.990966 0.555079 0.0138792 0.0149437 0.0138436
2 0.135255 0.586538 0.0103035 0.0266791 0.0127741
2 0.118721 0.564125 0.00743472 0.0134191 0.0125283
1 0.166472 0.619294 0.0194254 0.113336 0.00977243
7 0.166472 0.619294 0.0194254 0.113336 0.00902016
2 0.141643 0.569049 0.0127863 0.0119136 0.00737301
18 0.470858 0.607647 0.0213867 0.0260017 0.00735347
18 0.453321 0.624834 0.0304985 0.0282091 0.00672298
18 0.480729 0.610308 0.0291787 0.0270041 0.0066009
7 0.168274 0.59059 0.017649 0.0631188 0.00656077
2 0.103131 0.567092 0.0121293 0.0125558 0.00642459
1 0.213214 0.565547 0.0434409 0.11243 0.00631856
13 0.990966 0.555079 0.0138792 0.0149437 0.00590236
19 0.479485 0.689722 0.0451183 0.10919 0.00554009
18 0.430957 0.611442 0.0153178 0.0324867 0.00549486
10 0.417342 0.613488 0.0113176 0.028275 0.00541126
19 0.43199 0.604176 0.0381637 0.0492252 0.00540024
19 0.445405 0.634465 0.0447666 0.040535 0.00532451
1 0.162154 0.624459 0.0199261 0.109841 0.00521929
25 0.533535 0.411848 0.275476 0.103814 0.00521273
19 0.442066 0.609339 0.0234953 0.0324518 0.00520933
22 0.307427 0.672598 0.0215701 0.066994 0.00509996
19 0.368822 0.702582 0.0215495 0.0493642 0.00502357
22 0.311567 0.68337 0.0199219 0.0624359 0.00467257
18 0.368822 0.702582 0.0215495 0.0493642 0.00411746
2 0.156779 0.574482 0.00904399 0.0234747 0.00403704
10 0.418656 0.622053 0.0135609 0.0137176 0.00398017
18 0.458105 0.607539 0.010709 0.0309693 0.00389935
1 0.168274 0.59059 0.017649 0.0631188 0.00381099
10 0.458105 0.607539 0.010709 0.0309693 0.00378916
18 0.442066 0.609339 0.0234953 0.0324518 0.00376691
2 0.135183 0.598156 0.0130305 0.0369304 0.00353151
7 0.168605 0.605002 0.0129336 0.0285808 0.0034508
19 0.381292 0.690397 0.0313922 0.0774098 0.00344698
22 0.301445 0.674987 0.0182622 0.0511775 0.00329726
18 0.372316 0.673547 0.0689207 0.11735 0.00322542
14 0.166933 0.611997 0.0176949 0.126306 0.00314874
19 0.33885 0.696887 0.0389691 0.0479237 0.00302734
2 0.159607 0.549837 0.0101146 0.0153463 0.00302201
1 0.972991 0.683164 0.0501002 0.260379 0.00301203
30 0.408207 0.62163 0.00988263 0.0137173 0.0029964
18 0.311567 0.68337 0.0199219 0.0624359 0.00291463
0 0.408207 0.62163 0.00988263 0.0137173 0.00277818
2 0.141358 0.589732 0.0115055 0.0387074 0.00264826
19 0.483822 0.637823 0.0357276 0.0402092 0.0026231
19 0.417848 0.65325 0.0318236 0.0638047 0.00259441
18 0.445405 0.634465 0.0447666 0.040535 0.00252942
2 0.133834 0.57094 0.0111979 0.0116946 0.00251898
9 0.30807 0.675115 0.0180871 0.0508334 0.00250237
19 0.442461 0.685712 0.125956 0.101308 0.00239271
18 0.884164 0.754188 0.0351814 0.104119 0.00230788
18 0.417342 0.613488 0.0113176 0.028275 0.00220201
4 0.982756 0.659307 0.0304036 0.220993 0.00212787
19 0.453321 0.624834 0.0304985 0.0282091 0.00209763
10 0.307848 0.673535 0.0165096 0.0476294 0.00209336
32 0.353314 0.699994 0.035192 0.0519588 0.00206245
19 0.445355 0.601366 0.034186 0.038035 0.00195087
18 0.381103 0.660727 0.0493563 0.0975333 0.00190109
51 0.409038 0.615978 0.0107163 0.0243127 0.00184015
10 0.430957 0.611442 0.0153178 0.0324867 0.00183776
7 0.162154 0.624459 0.0199261 0.109841 0.0018361
19 0.479426 0.605414 0.0235187 0.0264252 0.00182786
18 0.348845 0.674896 0.0378947 0.0726607 0.00179483
18 0.33928 0.682078 0.0379321 0.0765195 0.00177393
54 0.408207 0.62163 0.00988263 0.0137173 0.00170039
18 0.345647 0.697124 0.0495571 0.0497773 0.00169027
0 0.448491 0.694845 0.0490907 0.0952175 0.00162947
18 0.43199 0.604176 0.0381637 0.0492252 0.00161114
27 0.408207 0.62163 0.00988263 0.0137173 0.00159397
2 0.140301 0.599363 0.0167012 0.0297917 0.0015475
34 0.408207 0.62163 0.00988263 0.0137173 0.00153234
18 0.435599 0.680669 0.0671585 0.106974 0.00148118
10 0.479426 0.605414 0.0235187 0.0264252 0.00145468
26 0.884008 0.754357 0.0354544 0.103692 0.00145318
19 0.470858 0.607647 0.0213867 0.0260017 0.00136405
43 0.365945 0.673571 0.0645743 0.104751 0.00136392
18 0.445355 0.601366 0.034186 0.038035 0.0013601
18 0.425409 0.620297 0.0185706 0.0206044 0.0013291
2 0.501137 0.518292 0.0100903 0.0175966 0.00131084
2 0.167822 0.585148 0.0198922 0.0863069 0.00129722
19 0.430174 0.686003 0.0343594 0.0892583 0.0012575
26 0.300745 0.674437 0.0165033 0.0479766 0.00125214
4 0.414503 0.675665 0.108204 0.108751 0.00122565
51 0.418656 0.622053 0.0135609 0.0137176 0.0012042
25 0.359248 0.406113 0.0964385 0.0320735 0.00119491
2 0.648633 0.559952 0.0260892 0.0354399 0.00116191
22 0.320682 0.692495 0.0102397 0.0538657 0.00115466
19 0.342079 0.683166 0.0437288 0.0740869 0.00112177
22 0.278006 0.679463 0.0158254 0.0586288 0.00108209
10 0.470858 0.607647 0.0213867 0.0260017 0.00107494
18 0.320682 0.692495 0.0102397 0.0538657 0.00104365
19 0.430957 0.611442 0.0153178 0.0324867 0.00104235
36 0.307848 0.673535 0.0165096 0.0476294 0.00102728
4 0.648513 0.560818 0.0278843 0.0350326 0.00102504
1 0.139335 0.627297 0.0238285 0.12982 0.00102015
32 0.448886 0.673826 0.0399644 0.0854444 0.00101832
19 0.480729 0.610308 0.0291787 0.0270041 0.00100759
5 0.414503 0.675665 0.108204 0.108751 0.00100118
