43 0.453043 0.615915 0.570808 0.591652 0.93283
43 0.98214 0.422503 0.0328736 0.280333 0.814572
43 0.181115 0.144776 0.360712 0.289551 0.799517
43 0.463853 0.138634 0.211725 0.270449 0.706132
43 0.568843 0.148839 0.163983 0.216356 0.231139
46 0.571795 0.403868 0.0494041 0.0926854 0.177568
43 0.965637 0.424243 0.0681539 0.286951 0.134064
46 0.986613 0.34138 0.0241374 0.115636 0.110145
10 0.969533 0.197205 0.0359767 0.0971986 0.11013
43 0.534302 0.389528 0.119144 0.133838 0.0945312
10 0.944881 0.219825 0.026765 0.0956812 0.0869381
46 0.651912 0.299006 0.0571543 0.048678 0.0785416
46 0.663511 0.371471 0.0574553 0.0353243 0.0784486
46 0.317656 0.495087 0.19704 0.226352 0.0718229
10 0.947435 0.231255 0.0147153 0.0740435 0.0636296
43 0.96167 0.360884 0.0698395 0.175335 0.055439
46 0.574573 0.379572 0.0621016 0.143583 0.0540066
10 0.962871 0.211932 0.0495148 0.0971352 0.0539664
46 0.533733 0.388851 0.119605 0.13547 0.0523348
10 0.993886 0.186295 0.00965265 0.0487148 0.0520644
10 0.95213 0.222201 0.0251732 0.0954574 0.0422449
46 0.648765 0.370007 0.0294738 0.0341296 0.0409071
43 0.985754 0.336643 0.0256783 0.106391 0.0342965
10 0.994856 0.170957 0.00888806 0.0672544 0.0327938
18 0.0521997 0.0243337 0.102905 0.0486675 0.0293637
43 0.094943 0.142249 0.189662 0.284498 0.0289936
46 0.619565 0.31552 0.0296655 0.0352819 0.0269872
46 0.579527 0.349782 0.0700701 0.0906024 0.0259094
10 0.952274 0.235133 0.0201025 0.0696451 0.0230525
43 0.29535 0.143682 0.493796 0.287363 0.0228033
46 0.684831 0.321879 0.0347917 0.0209493 0.0199358
46 0.656384 0.324815 0.022258 0.012211 0.0187562
46 0.678438 0.308966 0.0393612 0.0196157 0.0184086
43 0.762106 0.41658 0.0577887 0.222386 0.0172578
10 0.970219 0.233396 0.0325672 0.0707472 0.0164228
10 0.971984 0.25927 0.021873 0.0215859 0.0156953
10 0.702453 0.374106 0.0325647 0.0295318 0.013776
46 0.146801 0.037693 0.109494 0.0749632 0.0129587
43 0.98553 0.424398 0.02894 0.284427 0.0123308
43 0.604846 0.416396 0.262615 0.235187 0.011889
44 0.656384 0.324815 0.022258 0.012211 0.0117774
46 0.447264 0.0142505 0.0990551 0.0284751 0.0113936
10 0.995317 0.142113 0.00828308 0.0737137 0.011222
46 0.701401 0.372009 0.0291304 0.0304258 0.0109741
44 0.678438 0.308966 0.0393612 0.0196157 0.0109205
46 0.676733 0.32084 0.0353733 0.0182811 0.0101982
19 0.90111 0.411227 0.0500436 0.140872 0.00992138
18 0.4788 0.13423 0.183073 0.267163 0.0088855
18 0.572364 0.154529 0.157067 0.198803 0.00874009
45 0.967932 0.21303 0.039977 0.0999113 0.00863449
43 0.96096 0.18764 0.0660806 0.168875 0.00768803
56 0.968678 0.203295 0.0384327 0.092997 0.00736981
46 0.667172 0.337467 0.127565 0.0923646 0.00727646
43 0.637255 0.380407 0.187165 0.154396 0.00703507
46 0.0516057 0.0245173 0.101338 0.0479921 0.00669044
46 0.336786 0.561945 0.154325 0.09656 0.00626991
18 0.901366 0.411842 0.0475233 0.141803 0.00622524
44 0.676733 0.32084 0.0353733 0.0182811 0.00600071
46 0.676813 0.369049 0.0694346 0.0349254 0.00587175
10 0.729457 0.269072 0.0192409 0.0817602 0.00561838
46 0.635306 0.36847 0.0267715 0.0335428 0.00554772
10 0.978133 0.254397 0.0167969 0.0334519 0.00552939
44 0.638344 0.329095 0.0671781 0.0201613 0.00547506
10 0.690496 0.366671 0.0510763 0.0313691 0.00525346
46 0.596989 0.379113 0.109297 0.151525 0.00521933
44 0.651912 0.299006 0.0571543 0.048678 0.00521427
46 0.638344 0.329095 0.0671781 0.0201613 0.00491617
10 0.992035 0.220391 0.012908 0.101904 0.00490052
27 0.684831 0.321879 0.0347917 0.0209493 0.00487646
10 0.992649 0.244602 0.0123218 0.068712 0.00476913
10 0.938401 0.231699 0.0248066 0.0702807 0.00474495
45 0.969704 0.186134 0.0355971 0.0769137 0.00470208
46 0.690496 0.366671 0.0510763 0.0313691 0.00446479
46 0.644597 0.335018 0.0796368 0.0240161 0.0044373
44 0.962871 0.211932 0.0495148 0.0971352 0.00442332
43 0.416156 0.140102 0.154915 0.268244 0.00439501
56 0.95213 0.222201 0.0251732 0.0954574 0.00439172
46 0.362157 0.550789 0.103851 0.11393 0.00434063
27 0.678438 0.308966 0.0393612 0.0196157 0.00433079
44 0.986613 0.34138 0.0241374 0.115636 0.00420506
44 0.684831 0.321879 0.0347917 0.0209493 0.00405032
34 0.962871 0.211932 0.0495148 0.0971352 0.00398634
46 0.723648 0.371767 0.0275455 0.0413993 0.00380932
44 0.949169 0.218093 0.0344489 0.0915879 0.00370195
46 0.640653 0.349038 0.175249 0.0889606 0.00369213
46 0.541087 0.427465 0.0833911 0.0612761 0.00368047
10 0.971483 0.147436 0.0344741 0.0549996 0.00360844
10 0.674477 0.3715 0.0798857 0.0379956 0.00353597
56 0.960271 0.217043 0.0510414 0.0973347 0.00349909
46 0.710289 0.373418 0.0233771 0.0321192 0.00335123
18 0.949819 0.47139 0.0260755 0.0327166 0.00324612
46 0.683948 0.339956 0.0597988 0.0192865 0.00322903
46 0.567891 0.38393 0.0457803 0.0986364 0.00320044
46 0.638535 0.34082 0.0641616 0.0190799 0.00316327
31 0.995317 0.142113 0.00828308 0.0737137 0.00306849
56 0.952274 0.235133 0.0201025 0.0696451 0.0029589
10 0.648765 0.370007 0.0294738 0.0341296 0.00291983
34 0.970456 0.17938 0.0342268 0.0706082 0.00290447
10 0.969855 0.163212 0.0358478 0.096111 0.00288805
46 0.339704 0.528861 0.151112 0.158161 0.00282617
43 0.101364 0.0329878 0.198934 0.0655686 0.00281143
10 0.202597 0.304878 0.0225812 0.0339975 0.00280471
44 0.969533 0.197205 0.0359767 0.0971986 0.00279773
31 0.981663 0.424468 0.03357 0.279677 0.00271858
46 0.641436 0.336605 0.0669275 0.0160979 0.00262012
55 0.967932 0.21303 0.039977 0.0999113 0.00261052
18 0.98601 0.340902 0.0243748 0.114962 0.00256378
10 0.710289 0.373418 0.0233771 0.0321192 0.00255927
49 0.728754 0.268966 0.0207201 0.0826023 0.00249072
10 0.647877 0.300582 0.0490081 0.0463863 0.00246274
34 0.949169 0.218093 0.0344489 0.0915879 0.00234425
56 0.944881 0.219825 0.026765 0.0956812 0.00233147
43 0.254781 0.30985 0.198046 0.0428791 0.00224542
43 0.596989 0.379113 0.109297 0.151525 0.00223985
56 0.970219 0.233396 0.0325672 0.0707472 0.00222449
10 0.894956 0.345956 0.0119623 0.0169987 0.00212154
31 0.980721 0.136106 0.0344074 0.0618777 0.00210575
44 0.691673 0.322499 0.0593733 0.0268811 0.00210394
56 0.993886 0.186295 0.00965265 0.0487148 0.00208086
45 0.970695 0.144445 0.0362396 0.0622262 0.0020105
27 0.650312 0.298685 0.0551679 0.0471084 0.00196781
18 0.446188 0.0145279 0.0990137 0.0280659 0.00193978
46 0.987233 0.304535 0.0237188 0.0423081 0.00192371
34 0.970695 0.144445 0.0362396 0.0622262 0.00190049
43 0.500523 0.130012 0.135102 0.260025 0.00184999
10 0.948974 0.470889 0.0265153 0.0342564 0.00180976
19 0.667889 0.336428 0.135014 0.0807915 0.00178734
46 0.673102 0.349955 0.0800532 0.0417762 0.0017635
18 0.427668 0.140827 0.138602 0.265961 0.00175566
10 0.65903 0.37097 0.0505605 0.0335952 0.00174699
44 0.952274 0.235133 0.0201025 0.0696451 0.00171998
43 0.575164 0.379958 0.0630585 0.149072 0.00170306
10 0.61972 0.313581 0.0292617 0.0366302 0.00169986
18 0.532573 0.389253 0.117431 0.135896 0.00168881
46 0.691673 0.322499 0.0593733 0.0268811 0.00168796
34 0.61972 0.313581 0.0292617 0.0366302 0.00167166
44 0.947435 0.231255 0.0147153 0.0740435 0.00164682
56 0.970456 0.17938 0.0342268 0.0706082 0.00163052
44 0.970219 0.233396 0.0325672 0.0707472 0.00162945
56 0.947435 0.231255 0.0147153 0.0740435 0.00161082
44 0.68874 0.314269 0.0632611 0.0292301 0.00160255
55 0.970721 0.1794 0.0344623 0.0733678 0.00158674
10 0.759173 0.540724 0.0336514 0.0160705 0.00158613
9 0.969397 0.142733 0.0525676 0.0646887 0.00158188
18 0.101364 0.0329878 0.198934 0.0655686 0.0015738
27 0.676733 0.32084 0.0353733 0.0182811 0.00155003
43 0.0517545 0.0243553 0.102414 0.0487044 0.00154962
55 0.971483 0.147436 0.0344741 0.0549996 0.0015442
46 0.584758 0.41171 0.0584471 0.0914232 0.00153586
19 0.660638 0.329204 0.120889 0.0280501 0.00153304
10 0.978047 0.138287 0.027694 0.0573887 0.00152977
46 0.637255 0.380407 0.187165 0.154396 0.00147329
18 0.970721 0.1794 0.0344623 0.0733678 0.00146586
27 0.656384 0.324815 0.022258 0.012211 0.00145754
46 0.660638 0.329204 0.120889 0.0280501 0.00142578
30 0.894956 0.345956 0.0119623 0.0169987 0.00136185
33 0.728754 0.268966 0.0207201 0.0826023 0.00136047
44 0.619593 0.316266 0.0303759 0.0330717 0.00135772
18 0.969397 0.142733 0.0525676 0.0646887 0.0013523
44 0.661579 0.372115 0.0536003 0.0336925 0.00134667
46 0.634584 0.30581 0.0494615 0.0421646 0.00134147
45 0.970219 0.233396 0.0325672 0.0707472 0.00133597
18 0.146801 0.037693 0.109494 0.0749632 0.00132928
44 0.644597 0.335018 0.0796368 0.0240161 0.00129797
52 0.702471 0.368979 0.0308043 0.0315393 0.00129204
31 0.994856 0.170957 0.00888806 0.0672544 0.00125675
14 0.949819 0.47139 0.0260755 0.0327166 0.00121765
44 0.759759 0.54064 0.0335094 0.0169083 0.00121409
55 0.978047 0.138287 0.027694 0.0573887 0.00118476
10 0.635306 0.36847 0.0267715 0.0335428 0.0011815
43 0.667172 0.337467 0.127565 0.0923646 0.00117931
1 0.981663 0.424468 0.03357 0.279677 0.00114015
31 0.96274 0.188168 0.0646832 0.168325 0.00113551
46 0.674526 0.379565 0.0829022 0.050913 0.00112732
26 0.948974 0.470889 0.0265153 0.0342564 0.00111266
9 0.98601 0.340902 0.0243748 0.114962 0.00110744
30 0.728754 0.268966 0.0207201 0.0826023 0.00110713
46 0.960685 0.356711 0.0682299 0.169742 0.00110666
31 0.965088 0.144969 0.0643928 0.0817059 0.00110392
56 0.994856 0.170957 0.00888806 0.0672544 0.00109697
43 0.928047 0.401144 0.13528 0.274308 0.0010767
49 0.99539 0.138648 0.00803064 0.0688073 0.00105912
44 0.447264 0.0142505 0.0990551 0.0284751 0.00105266
10 0.98601 0.340902 0.0243748 0.114962 0.00104493
31 0.199533 0.309368 0.0871075 0.0457482 0.00103946
43 0.701009 0.271433 0.0848719 0.085277 0.00103143
27 0.619593 0.316266 0.0303759 0.0330717 0.00102252
46 0.624337 0.370625 0.022092 0.0301329 0.00100635
57 0.981663 0.424468 0.03357 0.279677 0.00100407
44 0.987233 0.304535 0.0237188 0.0423081 0.00100133
