18 0.348264 0.589934 0.247058 0.688069 0.938764
35 0.551658 0.641431 0.109774 0.161606 0.915153
35 0.655448 0.59183 0.140202 0.195127 0.755476
19 0.937575 0.270587 0.0559044 0.217585 0.61164
35 0.469779 0.700753 0.0611143 0.234591 0.567767
19 0.938238 0.229968 0.051585 0.14284 0.499621
18 0.934801 0.241 0.0510006 0.157716 0.217577
19 0.940634 0.171044 0.0481583 0.0224272 0.203283
0 0.946975 0.0901159 0.0303505 0.0720145 0.181406
10 0.966542 0.132231 0.00947095 0.0487041 0.130819
10 0.943532 0.144399 0.0128189 0.0356346 0.103304
10 0.953067 0.126884 0.0261059 0.0692136 0.0917729
10 0.956454 0.151994 0.0170389 0.0239607 0.0852616
10 0.947994 0.0947464 0.0288761 0.0806556 0.0804386
36 0.565293 0.699537 0.0626865 0.0485043 0.0647275
10 0.964343 0.144998 0.0116665 0.0366865 0.0470498
34 0.94653 0.0904467 0.0296436 0.0728366 0.0374841
10 0.9644 0.12413 0.010985 0.0417322 0.0369262
35 0.953067 0.126884 0.0261059 0.0692136 0.030244
11 0.947077 0.0923358 0.0300627 0.0762793 0.0268289
51 0.944052 0.141044 0.015802 0.0391313 0.0254985
10 0.928481 0.15294 0.0160782 0.0250721 0.0245047
51 0.956454 0.151994 0.0170389 0.0239607 0.0196613
19 0.957282 0.231269 0.045597 0.24786 0.0173683
0 0.95128 0.104274 0.0291172 0.0988755 0.0150218
10 0.932094 0.133565 0.0195555 0.0404161 0.0137717
51 0.953067 0.126884 0.0261059 0.0692136 0.0126929
19 0.965188 0.264016 0.0379525 0.314128 0.0117166
18 0.437424 0.63806 0.0747148 0.388136 0.0113438
35 0.449788 0.630403 0.0911289 0.377145 0.0103824
11 0.930455 0.105756 0.0303894 0.0828483 0.0101484
56 0.943532 0.144399 0.0128189 0.0356346 0.0100765
36 0.47042 0.739503 0.0307032 0.0387044 0.00894796
18 0.950523 0.267536 0.0402075 0.220515 0.00882813
18 0.94653 0.0904467 0.0296436 0.0728366 0.00871103
43 0.348836 0.590263 0.244669 0.689219 0.00784027
51 0.928481 0.15294 0.0160782 0.0250721 0.00767848
10 0.928028 0.139369 0.0229138 0.0260618 0.00725678
27 0.943532 0.144399 0.0128189 0.0356346 0.00690467
18 0.941977 0.26799 0.0576662 0.258907 0.00648244
2 0.103049 0.125309 0.0192028 0.0445787 0.00619444
18 0.963049 0.253407 0.0393326 0.294497 0.00614149
35 0.47364 0.676488 0.0521967 0.153651 0.00601025
0 0.948101 0.18111 0.0351969 0.252524 0.00551999
31 0.930438 0.106476 0.0288136 0.0867516 0.00529425
0 0.928481 0.15294 0.0160782 0.0250721 0.00526977
0 0.943532 0.144399 0.0128189 0.0356346 0.00506364
18 0.929303 0.280317 0.043046 0.1509 0.00469519
34 0.930455 0.105756 0.0303894 0.0828483 0.00448991
19 0.950523 0.267536 0.0402075 0.220515 0.00444952
56 0.956454 0.151994 0.0170389 0.0239607 0.00436732
31 0.949441 0.0929633 0.0275724 0.0771403 0.00426837
35 0.521378 0.64069 0.0434038 0.119852 0.00425593
31 0.932094 0.133565 0.0195555 0.0404161 0.004231
43 0.935917 0.238221 0.0519738 0.156727 0.00413692
10 0.930438 0.106476 0.0288136 0.0867516 0.00408752
49 0.947077 0.0923358 0.0300627 0.0762793 0.00403865
35 0.947994 0.0947464 0.0288761 0.0806556 0.0040073
34 0.928481 0.15294 0.0160782 0.0250721 0.00382076
36 0.472181 0.762624 0.0418488 0.112487 0.00375711
9 0.947994 0.0947464 0.0288761 0.0806556 0.00372275
9 0.944052 0.141044 0.015802 0.0391313 0.00362174
56 0.928481 0.15294 0.0160782 0.0250721 0.00345026
35 0.944052 0.141044 0.015802 0.0391313 0.00330763
9 0.930438 0.106476 0.0288136 0.0867516 0.00322181
19 0.961485 0.16059 0.0319988 0.0539706 0.00299798
18 0.930438 0.106476 0.0288136 0.0867516 0.00297788
54 0.943532 0.144399 0.0128189 0.0356346 0.00262116
20 0.926377 0.155324 0.0193398 0.0257185 0.00261304
27 0.956454 0.151994 0.0170389 0.0239607 0.00259965
36 0.516916 0.686147 0.0243583 0.0242208 0.00245845
31 0.944052 0.141044 0.015802 0.0391313 0.00244
43 0.655328 0.591413 0.140631 0.196326 0.00243602
39 0.928481 0.15294 0.0160782 0.0250721 0.00233793
51 0.932094 0.133565 0.0195555 0.0404161 0.00222265
34 0.937079 0.0958045 0.0376312 0.0886099 0.00220183
9 0.932094 0.133565 0.0195555 0.0404161 0.00219308
0 0.937737 0.231355 0.0510411 0.147756 0.00219137
18 0.933656 0.255376 0.0360535 0.107756 0.00215477
46 0.94867 0.0947535 0.0311111 0.0810671 0.00211321
43 0.939375 0.171681 0.0464107 0.0188652 0.00201068
34 0.944052 0.141044 0.015802 0.0391313 0.00198592
35 0.473032 0.770127 0.0412993 0.0976783 0.00193091
35 0.533018 0.642029 0.066818 0.146305 0.00190431
27 0.928481 0.15294 0.0160782 0.0250721 0.00184298
11 0.932094 0.133565 0.0195555 0.0404161 0.00181465
48 0.926377 0.155324 0.0193398 0.0257185 0.00177801
34 0.932094 0.133565 0.0195555 0.0404161 0.00174511
0 0.469786 0.695556 0.0611259 0.243879 0.00169371
17 0.949684 0.0941598 0.0321187 0.080719 0.00165741
51 0.947994 0.0947464 0.0288761 0.0806556 0.00165052
36 0.525999 0.693627 0.0251442 0.042256 0.00163539
39 0.943532 0.144399 0.0128189 0.0356346 0.00161617
18 0.926383 0.28696 0.0316618 0.0470019 0.00158343
18 0.906235 0.294772 0.0167004 0.121305 0.00154646
30 0.947994 0.0947464 0.0288761 0.0806556 0.00153649
36 0.943532 0.144399 0.0128189 0.0356346 0.00153334
36 0.471294 0.705824 0.0447047 0.171344 0.0015288
10 0.948101 0.18111 0.0351969 0.252524 0.00149851
31 0.928481 0.15294 0.0160782 0.0250721 0.00149679
0 0.925685 0.0349297 0.0161823 0.0698595 0.00148304
10 0.974103 0.132174 0.0177307 0.0415565 0.00145805
36 0.491757 0.711595 0.0123224 0.0308141 0.00144511
9 0.953067 0.126884 0.0261059 0.0692136 0.00142141
35 0.566929 0.696822 0.0693548 0.0529392 0.00140275
2 0.0810803 0.0951381 0.00975166 0.0238873 0.00137541
0 0.929938 0.106118 0.0285865 0.0837197 0.00133623
36 0.551945 0.684133 0.0423198 0.0697764 0.00129216
45 0.943532 0.144399 0.0128189 0.0356346 0.00127133
30 0.924534 0.0355149 0.0150349 0.0710299 0.00125676
2 0.0827529 0.111872 0.0137853 0.0460306 0.0012546
36 0.567245 0.685415 0.0702966 0.0713602 0.00124904
31 0.928028 0.139369 0.0229138 0.0260618 0.00124853
11 0.937079 0.0958045 0.0376312 0.0886099 0.00121964
0 0.953067 0.126884 0.0261059 0.0692136 0.00121682
36 0.956454 0.151994 0.0170389 0.0239607 0.00119706
54 0.928481 0.15294 0.0160782 0.0250721 0.00119475
18 0.655293 0.591603 0.140433 0.195907 0.00116876
35 0.47042 0.739503 0.0307032 0.0387044 0.00111576
34 0.956454 0.151994 0.0170389 0.0239607 0.0010882
9 0.948101 0.18111 0.0351969 0.252524 0.00107825
18 0.944052 0.141044 0.015802 0.0391313 0.00106631
35 0.403866 0.63649 0.17844 0.389929 0.00106595
35 0.9644 0.12413 0.010985 0.0417322 0.00106045
35 0.966542 0.132231 0.00947095 0.0487041 0.001059
0 0.937079 0.0958045 0.0376312 0.0886099 0.00104029
