4 0.0477282 0.463168 0.0951029 0.182719 0.922053
22 0.563763 0.725509 0.0673662 0.231589 0.919282
4 0.168226 0.423801 0.084864 0.102123 0.912513
22 0.681001 0.849293 0.0670415 0.299094 0.912187
4 0.0663873 0.434188 0.120947 0.176788 0.891503
22 0.407667 0.548046 0.0395521 0.12662 0.869383
8 0.943413 0.67703 0.112261 0.225897 0.867471
22 0.52567 0.656228 0.0446239 0.1836 0.862183
22 0.621671 0.571489 0.0356053 0.101356 0.857311
1 0.0474825 0.121157 0.0835796 0.0948462 0.835029
22 0.817773 0.621043 0.0282314 0.0939911 0.831562
4 0.212639 0.403107 0.0514715 0.0828916 0.816058
4 0.459977 0.380517 0.0526332 0.0593924 0.779406
4 0.219727 0.385612 0.056073 0.0907155 0.762876
1 0.139734 0.196304 0.0526683 0.0715717 0.733454
8 0.281717 0.425129 0.0241449 0.073734 0.714735
4 0.405356 0.396584 0.0705064 0.0696213 0.690539
4 0.154019 0.379515 0.079916 0.0861176 0.680952
4 0.255117 0.386323 0.0262864 0.0554119 0.643361
0 0.318316 0.393639 0.0200929 0.0812413 0.61645
0 0.28075 0.399461 0.0261927 0.0791168 0.583468
8 0.334295 0.427734 0.0224709 0.0768736 0.479396
0 0.378553 0.367791 0.0104842 0.0429534 0.439123
8 0.385875 0.446283 0.0722971 0.090391 0.373632
8 0.343202 0.424522 0.0378055 0.0842195 0.367408
1 0.220138 0.243608 0.0421094 0.0357411 0.35619
4 0.157207 0.362328 0.0777077 0.058629 0.320036
22 0.389836 0.45391 0.0249454 0.0798493 0.297916
4 0.400694 0.357007 0.0168587 0.0172582 0.278528
2 0.95038 0.0759517 0.0136148 0.0267688 0.264631
6 0.0572241 0.325961 0.113396 0.113197 0.254114
22 0.854569 0.603664 0.00974085 0.0342611 0.228635
4 0.248173 0.38959 0.0163204 0.0669014 0.223486
0 0.327049 0.384261 0.0154665 0.0656894 0.208084
22 0.385555 0.464551 0.0237629 0.0837928 0.207968
0 0.29353 0.366947 0.0157331 0.0403963 0.195292
4 0.39822 0.358717 0.0246127 0.0227778 0.190229
0 0.326563 0.373869 0.0125629 0.0453269 0.189095
0 0.369983 0.368855 0.0092793 0.0436424 0.181575
2 0.950244 0.0813982 0.0161234 0.0388393 0.17727
0 0.336781 0.383745 0.0147666 0.0382034 0.160657
0 0.345067 0.370328 0.0231687 0.0468536 0.151356
8 0.372938 0.435209 0.0451584 0.0972022 0.147351
4 0.198533 0.412365 0.0235119 0.0691935 0.145625
4 0.15958 0.348338 0.0736943 0.0378204 0.144274
0 0.365201 0.37196 0.0148196 0.0468741 0.135203
4 0.351041 0.370546 0.028247 0.0457867 0.128923
4 0.493668 0.386322 0.0434191 0.0518851 0.126354
8 0.36363 0.444871 0.0272134 0.092806 0.124228
0 0.374574 0.425471 0.0345473 0.10079 0.116565
0 0.306866 0.365081 0.00746964 0.0297379 0.113415
4 0.118301 0.414549 0.0266099 0.0910062 0.1133
4 0.406805 0.379163 0.0671268 0.0478526 0.112987
8 0.353769 0.435483 0.0208926 0.0652471 0.111447
4 0.385971 0.446326 0.0728875 0.0909949 0.1058
8 0.400386 0.449358 0.0387558 0.0886061 0.104937
22 0.406397 0.458099 0.0243712 0.0716197 0.102047
0 0.279446 0.367827 0.0194319 0.0366221 0.0996011
0 0.326887 0.399074 0.0204596 0.0760584 0.0974589
0 0.298332 0.365459 0.0110363 0.0293279 0.0966091
22 0.870055 0.617656 0.00798987 0.0226969 0.0907663
8 0.280209 0.410246 0.0271243 0.0702694 0.0894339
0 0.290054 0.350428 0.018559 0.0364907 0.0890257
4 0.261903 0.367862 0.036773 0.0434999 0.0888912
4 0.256863 0.353414 0.0261935 0.0207281 0.0817207
8 0.318034 0.39941 0.0207209 0.0725961 0.0777263
8 0.383266 0.449869 0.0321655 0.082549 0.0709941
4 0.444252 0.34875 0.0872404 0.0385931 0.0697583
0 0.303077 0.369535 0.0117268 0.0318181 0.0653864
22 0.407158 0.472515 0.0204777 0.0437773 0.0616134
4 0.239231 0.395772 0.0204556 0.066509 0.0543855
0 0.357005 0.377534 0.0210892 0.0446418 0.0510924
8 0.499342 0.3863 0.0301449 0.0485466 0.0506374
8 0.352643 0.419018 0.0426884 0.0937673 0.0489831
22 0.603048 0.552228 0.0215084 0.0641737 0.0476396
2 0.980129 0.204359 0.0173134 0.0202414 0.0473366
18 0.601599 0.551838 0.0194401 0.0588056 0.0467962
0 0.29024 0.334485 0.0143338 0.0210751 0.0462552
0 0.39822 0.358717 0.0246127 0.0227778 0.0450487
0 0.284508 0.335761 0.0103858 0.0219611 0.0436744
3 0.373888 0.449172 0.0478291 0.0850925 0.0397196
22 0.383266 0.449869 0.0321655 0.082549 0.0395649
6 0.32852 0.332952 0.0444926 0.0650055 0.039413
12 0.053207 0.325531 0.106414 0.110672 0.0389854
8 0.403885 0.397327 0.0605322 0.0698032 0.0380271
22 0.846859 0.601532 0.0150158 0.0335245 0.0356752
8 0.501425 0.398389 0.0265704 0.0668632 0.0353308
4 0.306866 0.365081 0.00746964 0.0297379 0.0350673
2 0.990939 0.20302 0.0171198 0.0202955 0.0347667
0 0.351846 0.37226 0.0224672 0.0429721 0.0335136
4 0.29353 0.366947 0.0157331 0.0403963 0.0330941
22 0.872763 0.612623 0.0138553 0.0318144 0.0323274
1 0.21343 0.251864 0.0279542 0.0329371 0.0317873
4 0.279567 0.393595 0.0269514 0.0662928 0.0312195
22 0.855604 0.609269 0.00867365 0.0265039 0.0304967
1 0.391539 0.328894 0.00982666 0.0242424 0.0304391
4 0.455664 0.351845 0.0633309 0.0291383 0.0292208
22 0.854157 0.593218 0.0128525 0.0536702 0.0282905
3 0.94325 0.675821 0.112722 0.229048 0.0278023
4 0.0860732 0.36983 0.0601145 0.0493235 0.0276624
4 0.279446 0.367827 0.0194319 0.0366221 0.0274012
4 0.43327 0.354677 0.0380935 0.0303567 0.0273728
8 0.346685 0.373578 0.0259213 0.0473766 0.0272583
4 0.05751 0.326315 0.112767 0.114579 0.0262316
22 0.836799 0.598617 0.0128039 0.0352396 0.0256137
22 0.40278 0.519734 0.0281631 0.0784088 0.0254942
0 0.403885 0.397327 0.0605322 0.0698032 0.0253277
4 0.336781 0.383745 0.0147666 0.0382034 0.0240031
3 0.361519 0.452435 0.0223744 0.0774457 0.0234684
8 0.490725 0.386406 0.0432071 0.050391 0.023408
0 0.341715 0.415515 0.0310026 0.092618 0.0231152
4 0.41153 0.365615 0.0523461 0.031233 0.0223075
4 0.379693 0.340753 0.0105042 0.0182329 0.0220356
5 0.385971 0.446326 0.0728875 0.0909949 0.021552
0 0.388197 0.353166 0.0173168 0.0275504 0.0211136
8 0.336781 0.383745 0.0147666 0.0382034 0.0206109
0 0.391539 0.328894 0.00982666 0.0242424 0.0202598
5 0.943119 0.678045 0.113045 0.222886 0.0198769
8 0.357005 0.377534 0.0210892 0.0446418 0.0197263
0 0.37099 0.344023 0.00939829 0.0226695 0.0194944
4 0.298332 0.365459 0.0110363 0.0293279 0.0181361
0 0.301395 0.343786 0.0118911 0.0333164 0.0178847
3 0.500154 0.385266 0.0317051 0.045028 0.0175632
0 0.359641 0.358593 0.0103229 0.0297762 0.0173851
5 0.493668 0.386322 0.0434191 0.0518851 0.0172333
22 0.340836 0.494177 0.0258889 0.145114 0.0172118
0 0.379693 0.340753 0.0105042 0.0182329 0.0164581
22 0.400386 0.449358 0.0387558 0.0886061 0.0164443
4 0.369983 0.368855 0.0092793 0.0436424 0.0159835
2 0.109597 0.0964822 0.0100068 0.0236828 0.0159726
4 0.303077 0.369535 0.0117268 0.0318181 0.0158937
3 0.405999 0.450002 0.0307287 0.0867862 0.0152786
8 0.406397 0.458099 0.0243712 0.0716197 0.0151707
4 0.317757 0.393377 0.0179534 0.0797267 0.0147016
2 0.107564 0.103833 0.0149982 0.0164654 0.0139409
8 0.326887 0.399074 0.0204596 0.0760584 0.0138588
8 0.327009 0.420675 0.031454 0.0779689 0.0137223
4 0.290054 0.350428 0.018559 0.0364907 0.0134251
4 0.255834 0.337318 0.0211952 0.0189328 0.0132871
4 0.314716 0.351606 0.0143564 0.0312021 0.013004
4 0.359641 0.358593 0.0103229 0.0297762 0.0129636
2 0.975508 0.204184 0.0161627 0.0235851 0.0129364
0 0.352643 0.419018 0.0426884 0.0937673 0.0128333
0 0.282296 0.418398 0.0259387 0.079491 0.0127422
4 0.37099 0.344023 0.00939829 0.0226695 0.0126587
3 0.318034 0.39941 0.0207209 0.0725961 0.0124183
8 0.516343 0.369212 0.0107493 0.0388714 0.0122336
4 0.29024 0.334485 0.0143338 0.0210751 0.0121225
0 0.516343 0.369212 0.0107493 0.0388714 0.0113861
1 0.26813 0.317243 0.011765 0.0321562 0.0112535
3 0.334823 0.428754 0.0218395 0.0767154 0.0110559
22 0.824743 0.592903 0.0200571 0.0430785 0.0108337
4 0.388197 0.353166 0.0173168 0.0275504 0.0107962
12 0.328606 0.334547 0.0468424 0.0684407 0.0106755
0 0.50007 0.415183 0.0158767 0.0854334 0.0106653
4 0.326563 0.373869 0.0125629 0.0453269 0.0106528
3 0.490725 0.386406 0.0432071 0.050391 0.0106341
3 0.281717 0.423678 0.0239663 0.073459 0.0104584
4 0.357005 0.377534 0.0210892 0.0446418 0.0101791
1 0.121545 0.26443 0.0124862 0.0567487 0.0101721
8 0.510592 0.369222 0.0202804 0.0375298 0.0101206
13 0.379693 0.340753 0.0105042 0.0182329 0.00993393
4 0.329687 0.346989 0.0434259 0.0503952 0.00991281
4 0.365201 0.37196 0.0148196 0.0468741 0.00984994
0 0.272279 0.338578 0.0114479 0.0190214 0.00982744
22 0.499445 0.422745 0.0133764 0.0715663 0.0098088
0 0.357827 0.338216 0.00862274 0.0339231 0.0096331
10 0.502074 0.425458 0.0126093 0.0635049 0.00955978
18 0.588382 0.42663 0.0126925 0.0688807 0.00952139
1 0.126511 0.264367 0.0194613 0.0618883 0.00949339
4 0.203764 0.407922 0.0347523 0.0783074 0.00943865
4 0.284508 0.335761 0.0103858 0.0219611 0.00940503
4 0.45727 0.353941 0.0812931 0.0503991 0.00939563
8 0.389836 0.45391 0.0249454 0.0798493 0.00939225
4 0.160356 0.405476 0.0750119 0.0729713 0.00923658
5 0.0568164 0.325136 0.111846 0.112942 0.00920339
15 0.328642 0.33438 0.0463849 0.0687568 0.00919935
1 0.156052 0.245897 0.0218882 0.0341455 0.00911839
4 0.301395 0.343786 0.0118911 0.0333164 0.0090508
15 0.0554269 0.326644 0.109435 0.117093 0.00885408
5 0.257118 0.379766 0.0307444 0.0599041 0.00883421
0 0.255337 0.387069 0.0249044 0.0570174 0.0084239
4 0.0620614 0.370788 0.102654 0.0515016 0.00835253
8 0.298332 0.365459 0.0110363 0.0293279 0.00832458
1 0.21603 0.233034 0.0312472 0.0219075 0.00824837
4 0.10251 0.38057 0.0346945 0.0601408 0.0079813
0 0.499342 0.3863 0.0301449 0.0485466 0.0077248
22 0.373835 0.451874 0.0457287 0.079341 0.00767195
8 0.365201 0.37196 0.0148196 0.0468741 0.00766403
1 0.276741 0.321369 0.0104438 0.0276776 0.00764891
1 0.126252 0.315308 0.0117379 0.0289964 0.00739403
22 0.361519 0.452435 0.0223744 0.0774457 0.00725606
0 0.406805 0.379163 0.0671268 0.0478526 0.00724176
1 0.228556 0.233784 0.0252341 0.0232936 0.00719513
3 0.501425 0.398389 0.0265704 0.0668632 0.00714632
6 0.329687 0.346989 0.0434259 0.0503952 0.00703957
18 0.385641 0.479743 0.0214214 0.0813421 0.00699012
4 0.445425 0.331155 0.0891411 0.0728544 0.00695698
18 0.598831 0.429436 0.028294 0.0834376 0.00693502
8 0.327049 0.384261 0.0154665 0.0656894 0.00682306
0 0.256863 0.353414 0.0261935 0.0207281 0.00672325
9 0.499445 0.422745 0.0133764 0.0715663 0.00666829
0 0.502074 0.425458 0.0126093 0.0635049 0.00659651
18 0.5871 0.438683 0.0129849 0.0300478 0.00656453
4 0.201207 0.430986 0.0195212 0.0832146 0.00648397
6 0.444252 0.34875 0.0872404 0.0385931 0.00644432
4 0.327049 0.384261 0.0154665 0.0656894 0.00629533
5 0.345067 0.370328 0.0231687 0.0468536 0.00624706
0 0.405999 0.450002 0.0307287 0.0867862 0.00615702
6 0.152239 0.378791 0.0833088 0.096164 0.00605314
8 0.326563 0.373869 0.0125629 0.0453269 0.00605033
8 0.385555 0.464551 0.0237629 0.0837928 0.00603422
2 0.116772 0.141591 0.00952053 0.0232762 0.0059803
22 0.336557 0.480377 0.0211819 0.176867 0.00588288
4 0.378553 0.367791 0.0104842 0.0429534 0.00576923
22 0.841665 0.59013 0.0201183 0.0537993 0.00575401
3 0.371927 0.425896 0.0402109 0.100084 0.00574844
2 0.951121 0.0999947 0.0151455 0.0224543 0.00572626
3 0.350104 0.426673 0.0459768 0.0906643 0.00566608
4 0.240196 0.337068 0.0117047 0.0187139 0.00565629
0 0.501425 0.398389 0.0265704 0.0668632 0.00560959
1 0.240196 0.337068 0.0117047 0.0187139 0.00559245
8 0.50007 0.415183 0.0158767 0.0854334 0.005583
3 0.353769 0.435483 0.0208926 0.0652471 0.00553615
3 0.336781 0.383745 0.0147666 0.0382034 0.00550637
8 0.369983 0.368855 0.0092793 0.0436424 0.00549121
0 0.4605 0.380846 0.0526895 0.0593324 0.00546747
4 0.272279 0.338578 0.0114479 0.0190214 0.00544706
2 0.978244 0.210678 0.0136501 0.0238299 0.00537424
8 0.378817 0.370101 0.0122592 0.0432908 0.00524432
14 0.0568164 0.325136 0.111846 0.112942 0.00523595
22 0.473187 0.533957 0.0106874 0.0342219 0.00520831
8 0.351846 0.37226 0.0224672 0.0429721 0.00517779
5 0.4605 0.380846 0.0526895 0.0593324 0.00515689
1 0.328606 0.334547 0.0468424 0.0684407 0.00515047
4 0.14952 0.411748 0.0599797 0.0997808 0.00510213
5 0.261903 0.367862 0.036773 0.0434999 0.00500752
7 0.218794 0.318422 0.00692873 0.0444923 0.00498674
0 0.334823 0.428754 0.0218395 0.0767154 0.0048107
8 0.306866 0.365081 0.00746964 0.0297379 0.00479911
2 0.972489 0.213274 0.0096153 0.0265803 0.00464503
13 0.29024 0.334485 0.0143338 0.0210751 0.00456447
0 0.490725 0.386406 0.0432071 0.050391 0.00448816
6 0.165077 0.346141 0.0631561 0.0338371 0.00448281
2 0.527341 0.341747 0.0142134 0.0243208 0.0044069
4 0.470581 0.36887 0.0860272 0.0755125 0.00437362
0 0.389836 0.45391 0.0249454 0.0798493 0.0043726
14 0.499342 0.3863 0.0301449 0.0485466 0.00436815
7 0.391539 0.328894 0.00982666 0.0242424 0.00434196
0 0.165342 0.350884 0.0623549 0.0413357 0.00432064
18 0.622324 0.571171 0.0325483 0.0993701 0.00430789
4 0.441958 0.310835 0.0636329 0.0337668 0.00430615
3 0.510592 0.369222 0.0202804 0.0375298 0.00428405
0 0.118807 0.4038 0.0235535 0.0679998 0.00424751
0 0.219475 0.381779 0.0543905 0.0850821 0.00424608
0 0.261903 0.367862 0.036773 0.0434999 0.0042371
9 0.502074 0.425458 0.0126093 0.0635049 0.00419839
3 0.403885 0.397327 0.0605322 0.0698032 0.00411463
18 0.547436 0.495137 0.0220967 0.0362605 0.0040848
6 0.257118 0.379766 0.0307444 0.0599041 0.00404763
35 0.598348 0.547514 0.0212433 0.0518187 0.00396471
6 0.290054 0.350428 0.018559 0.0364907 0.00395248
14 0.499445 0.422745 0.0133764 0.0715663 0.00391666
8 0.296878 0.432636 0.038023 0.0709618 0.00390713
8 0.118807 0.4038 0.0235535 0.0679998 0.00390402
42 0.400694 0.357007 0.0168587 0.0172582 0.00390022
3 0.357005 0.377534 0.0210892 0.0446418 0.00377093
0 0.400694 0.357007 0.0168587 0.0172582 0.00376374
2 0.527679 0.348725 0.014321 0.0191133 0.00375263
8 0.359641 0.358593 0.0103229 0.0297762 0.00374026
3 0.35898 0.43563 0.0340731 0.100401 0.00371432
1 0.526441 0.651799 0.0417125 0.190823 0.00366615
22 0.880256 0.616068 0.0150003 0.0282157 0.00365605
0 0.292394 0.322276 0.0129168 0.0254228 0.00365025
18 0.569355 0.491081 0.0235939 0.0448786 0.00354844
4 0.0929289 0.369911 0.0371765 0.0438032 0.00354761
6 0.158249 0.352472 0.0769058 0.0422738 0.00350392
8 0.303077 0.369535 0.0117268 0.0318181 0.00343227
7 0.26813 0.317243 0.011765 0.0321562 0.00341316
2 0.106676 0.282741 0.00777257 0.0186904 0.00338748
25 0.29024 0.334485 0.0143338 0.0210751 0.0033533
4 0.204803 0.339673 0.0187134 0.013895 0.00329538
3 0.395055 0.447376 0.0455185 0.0890795 0.00329079
6 0.459977 0.380517 0.0526332 0.0593924 0.00327201
5 0.29024 0.334485 0.0143338 0.0210751 0.00324158
4 0.353769 0.435483 0.0208926 0.0652471 0.0032011
4 0.442488 0.315066 0.0520972 0.0225019 0.00317013
2 0.0036391 0.150687 0.00678746 0.0267044 0.0031215
4 0.352643 0.419018 0.0426884 0.0937673 0.00311368
10 0.50007 0.415183 0.0158767 0.0854334 0.00309991
8 0.271585 0.412214 0.0352424 0.0721695 0.00304668
8 0.502074 0.425458 0.0126093 0.0635049 0.0030452
15 0.255834 0.337318 0.0211952 0.0189328 0.0030254
4 0.400499 0.346498 0.0174355 0.0346844 0.00300141
2 0.983466 0.131874 0.0178517 0.0241789 0.0029866
2 0.995909 0.160537 0.0077915 0.0155133 0.0029598
0 0.510592 0.369222 0.0202804 0.0375298 0.00295319
10 0.588854 0.440597 0.0115383 0.0292619 0.00294127
4 0.326887 0.399074 0.0204596 0.0760584 0.00291874
6 0.314716 0.351606 0.0143564 0.0312021 0.00288913
