22 0.588834 0.819313 0.093672 0.316217 0.951823
4 0.377542 0.437173 0.383168 0.246637 0.946082
4 0.102118 0.408473 0.204237 0.190839 0.944444
22 0.259921 0.664405 0.0620687 0.198322 0.921624
22 0.383456 0.726991 0.072464 0.231512 0.921343
4 0.861374 0.373089 0.199215 0.126774 0.90129
4 0.528615 0.394684 0.103256 0.142949 0.873526
8 0.906391 0.719275 0.186621 0.543672 0.844914
14 0.246746 0.504715 0.114806 0.176314 0.688417
4 0.987202 0.487259 0.0241245 0.0672847 0.0518845
4 0.244594 0.340472 0.0328542 0.0189341 0.0466406
4 0.240396 0.354203 0.0447942 0.0452634 0.0309965
8 0.987692 0.488061 0.0246166 0.0692783 0.0235795
2 0.450999 0.195809 0.0175134 0.017882 0.021373
0 0.116801 0.332738 0.0179517 0.0335641 0.0176218
0 0.222809 0.352114 0.0189482 0.0578368 0.0167864
4 0.528698 0.355893 0.100546 0.0661823 0.0157234
0 0.170033 0.359619 0.0222607 0.0291611 0.0155264
0 0.0894433 0.31871 0.0110536 0.0216909 0.0127881
0 0.0837339 0.312802 0.0127644 0.0125588 0.0126773
3 0.986881 0.483201 0.0253593 0.0637249 0.0122187
8 0.170033 0.359619 0.0222607 0.0291611 0.011399
22 0.295229 0.624531 0.0218923 0.0241477 0.0109632
22 0.262279 0.596815 0.0283958 0.0699817 0.0100627
5 0.986881 0.483201 0.0253593 0.0637249 0.00928429
0 0.940598 0.349128 0.015621 0.0296678 0.00901205
0 0.117048 0.325316 0.0141058 0.0350171 0.00878015
12 0.363376 0.324225 0.153631 0.467274 0.00843941
22 0.406834 0.667109 0.013627 0.0361305 0.00842521
0 0.236322 0.355339 0.043164 0.0493171 0.00815269
0 0.932059 0.328605 0.0207072 0.0356907 0.00795367
4 0.491671 0.316012 0.0180946 0.0258535 0.00773417
0 0.228068 0.321832 0.0210128 0.0380563 0.00731681
0 0.170182 0.347173 0.0154561 0.0379296 0.00730188
0 0.139144 0.341756 0.0137875 0.0447973 0.0072412
0 0.125845 0.337546 0.0197079 0.0380871 0.007068
14 0.987266 0.487881 0.0241714 0.0685421 0.00701471
22 0.283765 0.62108 0.0171163 0.0201087 0.00694866
0 0.130544 0.324414 0.0147969 0.0474246 0.00680895
0 0.109075 0.328554 0.0235441 0.0304651 0.00679773
0 0.236668 0.335374 0.0333521 0.0324979 0.00644582
0 0.161411 0.356885 0.0151029 0.0342406 0.00639435
0 0.939767 0.341844 0.0165336 0.0312336 0.0063763
4 0.232691 0.294125 0.0133306 0.0171565 0.00593071
4 0.905719 0.720885 0.187169 0.54947 0.00578538
4 0.236668 0.335374 0.0333521 0.0324979 0.00564018
0 0.916197 0.326994 0.0192086 0.0250036 0.00539959
0 0.929604 0.32204 0.0152504 0.0256213 0.00522175
0 0.920315 0.321354 0.0145709 0.0222165 0.00488032
1 0.371899 0.23091 0.0174689 0.0622617 0.00471646
4 0.916197 0.326994 0.0192086 0.0250036 0.00468899
0 0.130148 0.346458 0.028473 0.0353115 0.00464477
22 0.318893 0.539682 0.0253228 0.078296 0.00455464
4 0.558487 0.318655 0.0318546 0.0173722 0.0045008
4 0.227234 0.356456 0.0260671 0.050293 0.00440426
0 0.220658 0.36144 0.0163577 0.0418662 0.00438862
0 0.223162 0.328503 0.021206 0.0417581 0.00436314
8 0.116801 0.332738 0.0179517 0.0335641 0.00408143
8 0.890242 0.532521 0.085272 0.0902998 0.00407445
4 0.929604 0.32204 0.0152504 0.0256213 0.00403576
0 0.227234 0.356456 0.0260671 0.050293 0.00400595
0 0.107368 0.322122 0.0183747 0.0279946 0.00398483
0 0.987626 0.489559 0.0229347 0.0696558 0.00394802
4 0.937716 0.345098 0.0250175 0.0389253 0.00391666
8 0.971437 0.490403 0.0571265 0.071372 0.00383253
8 0.220658 0.36144 0.0163577 0.0418662 0.00383243
4 0.260359 0.328309 0.0249986 0.0164807 0.00374368
10 0.351134 0.644732 0.0119431 0.0177246 0.00372125
4 0.223162 0.328503 0.021206 0.0417581 0.00363124
4 0.940598 0.349128 0.015621 0.0296678 0.00349857
4 0.489378 0.319138 0.0212935 0.0360465 0.00328333
4 0.939767 0.341844 0.0165336 0.0312336 0.00323736
0 0.213931 0.354391 0.024841 0.0568846 0.00297051
0 0.100788 0.323013 0.0288775 0.0280545 0.00288901
0 0.13954 0.350411 0.021142 0.0411493 0.00283542
4 0.233378 0.347644 0.0517404 0.04899 0.00282645
2 0.448641 0.189025 0.022525 0.0254004 0.00281961
4 0.109075 0.328554 0.0235441 0.0304651 0.00281119
22 0.301134 0.627221 0.0227072 0.022428 0.00278829
22 0.407183 0.676548 0.0149328 0.0414846 0.002715
4 0.932059 0.328605 0.0207072 0.0356907 0.00263024
4 0.0837339 0.312802 0.0127644 0.0125588 0.00256932
4 0.925755 0.344885 0.070488 0.0531186 0.00254022
8 0.222809 0.352114 0.0189482 0.0578368 0.0025218
4 0.565327 0.318826 0.021092 0.0179949 0.00248874
8 0.817009 0.391949 0.0629593 0.0869131 0.00248695
0 0.505287 0.321287 0.0122631 0.0233097 0.00241853
13 0.958998 0.507289 0.0375612 0.0419968 0.00233535
4 0.116801 0.332738 0.0179517 0.0335641 0.00226235
4 0.223077 0.341311 0.019246 0.0545018 0.00206583
22 0.54306 0.718822 0.0294907 0.0260149 0.00205615
8 0.161411 0.356885 0.0151029 0.0342406 0.00198012
0 0.238467 0.321573 0.024985 0.0345939 0.00187834
4 0.769202 0.320991 0.0119336 0.0223449 0.00183952
0 0.2158 0.339988 0.0270398 0.052649 0.00182865
8 0.180345 0.367718 0.0421053 0.0237495 0.0018222
13 0.969583 0.492642 0.0581078 0.0715007 0.00180291
13 0.987692 0.488061 0.0246166 0.0692783 0.00178738
4 0.505287 0.321287 0.0122631 0.0233097 0.00174067
8 0.939767 0.341844 0.0165336 0.0312336 0.00172775
10 0.295229 0.624531 0.0218923 0.0241477 0.001691
10 0.344277 0.644144 0.0219764 0.0186103 0.00168027
4 0.920315 0.321354 0.0145709 0.0222165 0.00167311
0 0.136082 0.332108 0.0192637 0.0523222 0.00164641
8 0.940598 0.349128 0.015621 0.0296678 0.00160227
4 0.00855322 0.464276 0.0163056 0.0783293 0.00158372
4 0.252531 0.322391 0.0314448 0.0255103 0.00157903
8 0.125845 0.337546 0.0197079 0.0380871 0.00155237
4 0.94062 0.356075 0.0392715 0.0416499 0.00154321
4 0.100788 0.323013 0.0288775 0.0280545 0.00153342
0 0.157751 0.348951 0.0187542 0.0438151 0.00149684
8 0.21054 0.368097 0.0234534 0.0314884 0.00148269
4 0.228068 0.321832 0.0210128 0.0380563 0.0014587
4 0.236652 0.356941 0.0714342 0.0498506 0.00142215
4 0.336849 0.324208 0.302216 0.473299 0.00141447
0 0.937716 0.345098 0.0250175 0.0389253 0.00141383
4 0.238467 0.321573 0.024985 0.0345939 0.0014006
11 0.906169 0.720455 0.186337 0.548274 0.00138618
4 0.126007 0.343634 0.0368802 0.0356823 0.00136503
4 0.549331 0.396077 0.0613678 0.14321 0.00136084
4 0.568152 0.326797 0.0223198 0.0138375 0.00134797
4 0.944373 0.343071 0.0505779 0.050364 0.00132561
4 0.170746 0.35919 0.025097 0.0325041 0.00126505
4 0.0763427 0.321988 0.0675309 0.0304817 0.0012623
3 0.973879 0.49003 0.0522412 0.0725057 0.00125607
4 0.237063 0.295739 0.0151572 0.022283 0.00124407
8 0.19098 0.376292 0.023944 0.0176878 0.00122825
4 0.220658 0.36144 0.0163577 0.0418662 0.00122435
18 0.987266 0.487881 0.0241714 0.0685421 0.00120848
8 0.236668 0.335374 0.0333521 0.0324979 0.00120145
0 0.913054 0.320131 0.0178034 0.0209611 0.00119797
8 0.236322 0.355339 0.043164 0.0493171 0.00115523
4 0.973879 0.49003 0.0522412 0.0725057 0.00115159
0 0.558487 0.318655 0.0318546 0.0173722 0.00115138
0 0.252531 0.322391 0.0314448 0.0255103 0.0011213
8 0.13954 0.350411 0.021142 0.0411493 0.00110097
4 0.556819 0.326385 0.039464 0.0160939 0.00108089
1 0.450999 0.195809 0.0175134 0.017882 0.00106465
1 0.0903576 0.294113 0.0113794 0.0173246 0.00106395
8 0.130148 0.346458 0.028473 0.0353115 0.00106073
8 0.17167 0.366089 0.0270711 0.0242479 0.00105739
17 0.969583 0.492642 0.0581078 0.0715007 0.001041
0 0.565327 0.318826 0.021092 0.0179949 0.00102843
