0 0.408212 0.649462 0.0485031 0.179861 0.831502
0 0.44506 0.657928 0.0365301 0.167304 0.736746
0 0.878825 0.627285 0.02079 0.0915067 0.736118
0 0.895455 0.624444 0.0206589 0.099978 0.557453
0 0.904626 0.62889 0.0257783 0.106732 0.545756
0 0.662616 0.579592 0.0149472 0.0570815 0.520467
0 0.909378 0.624709 0.0153488 0.094254 0.484965
0 0.585087 0.591311 0.0129255 0.0680049 0.450142
0 0.658201 0.579501 0.0124423 0.051937 0.44274
0 0.885811 0.625241 0.020061 0.0983875 0.374954
0 0.682867 0.553419 0.0076228 0.0241854 0.329324
0 0.589687 0.589074 0.0159151 0.065166 0.32388
0 0.594612 0.588796 0.0141852 0.0651171 0.313952
0 0.711894 0.557826 0.00689453 0.0169029 0.305626
0 0.507009 0.573596 0.0131214 0.0464808 0.288949
0 0.455985 0.576453 0.0197735 0.0600887 0.266588
0 0.726319 0.558689 0.0167988 0.0188942 0.265726
0 0.861255 0.606563 0.0191259 0.0483786 0.239459
0 0.686054 0.55697 0.00709259 0.0209319 0.228963
0 0.930922 0.63915 0.0354946 0.108735 0.226565
0 0.452639 0.56645 0.0140097 0.0602004 0.225506
0 0.72064 0.557011 0.0117882 0.020136 0.197605
8 0.425263 0.687559 0.0844105 0.108885 0.157419
0 0.844875 0.591873 0.0114447 0.041634 0.155168
0 0.543334 0.610172 0.0199534 0.0510104 0.152819
0 0.518008 0.56564 0.00918799 0.0301514 0.152766
0 0.435664 0.660466 0.0356551 0.155065 0.147323
0 0.735722 0.55859 0.00742188 0.0177871 0.144111
0 0.690881 0.560265 0.00755426 0.0181918 0.143609
0 0.679867 0.55793 0.00657929 0.020353 0.142026
0 0.551478 0.616191 0.0380919 0.0640861 0.141969
0 0.575127 0.58683 0.0151697 0.0561569 0.136873
0 0.559363 0.637132 0.0533125 0.123859 0.131911
0 0.694591 0.555247 0.00762714 0.022037 0.124624
0 0.0821782 0.550768 0.0122779 0.0214381 0.119826
0 0.600561 0.570912 0.011353 0.0286449 0.119086
0 0.600009 0.585865 0.0126159 0.0546953 0.117759
25 0.833957 0.549066 0.0518714 0.018952 0.114231
0 0.544016 0.572454 0.0145354 0.0219737 0.10579
0 0.704588 0.555674 0.00858826 0.0195083 0.104257
0 0.113557 0.527641 0.0105682 0.0307864 0.104145
0 0.475221 0.580406 0.0135976 0.0501516 0.0944533
0 0.59142 0.600652 0.0195327 0.0907071 0.0926106
0 0.838076 0.603928 0.0209935 0.0356226 0.0868624
0 0.608891 0.630804 0.0505941 0.149287 0.0833189
0 0.471581 0.582504 0.0151118 0.0430648 0.0784722
0 0.832331 0.605706 0.0118934 0.0336873 0.0776419
17 0.413677 0.572632 0.0267678 0.0263748 0.0773605
0 0.45689 0.587465 0.0183681 0.0454217 0.074044
0 0.708951 0.558353 0.0107042 0.0174293 0.0729226
0 0.491865 0.580605 0.018374 0.060915 0.070693
0 0.509085 0.56801 0.0113025 0.0416194 0.0682242
0 0.669452 0.556548 0.00799774 0.0182868 0.0679559
18 0.832331 0.605706 0.0118934 0.0336873 0.0678519
0 0.431734 0.658706 0.0749501 0.175198 0.0590235
25 0.834415 0.553711 0.0545176 0.0302984 0.0571371
11 0.394929 0.633853 0.0203944 0.0764091 0.0553342
0 0.0717138 0.553969 0.00855718 0.0133769 0.0548684
0 0.423476 0.647293 0.0206803 0.175548 0.0540192
0 0.546782 0.616339 0.0254177 0.0906086 0.0494501
11 0.375653 0.640181 0.02261 0.0317263 0.0469958
0 0.094614 0.554632 0.0105969 0.0140622 0.0463723
0 0.551143 0.572195 0.0112974 0.0261909 0.0463479
0 0.557069 0.611259 0.0469045 0.0856155 0.0459564
9 0.393002 0.635333 0.016232 0.0733814 0.0440711
0 0.642678 0.566338 0.0136681 0.0443601 0.0440582
0 0.0821125 0.556488 0.0116051 0.0211524 0.0432022
0 0.10205 0.55579 0.0088899 0.0159117 0.0428989
0 0.46503 0.584208 0.0207619 0.0453396 0.0418681
18 0.815297 0.60344 0.0127798 0.0303979 0.0418576
0 0.738901 0.55786 0.00888348 0.0192461 0.0409336
0 0.919938 0.639101 0.0376462 0.117593 0.0403145
25 0.832768 0.572963 0.0602848 0.065569 0.0398395
0 0.853022 0.605128 0.0190978 0.0400149 0.0388356
0 0.548073 0.600236 0.0195942 0.0799557 0.0386296
0 0.449756 0.559077 0.0155929 0.0443199 0.0383683
0 0.531653 0.571068 0.012764 0.0214928 0.0376197
0 0.0836619 0.553745 0.0114284 0.0176313 0.0359856
1 0.653189 0.536554 0.00883405 0.0217943 0.0357743
0 0.988883 0.593666 0.0096264 0.0185881 0.0350355
0 0.598061 0.611173 0.023194 0.112436 0.0348308
8 0.409323 0.649981 0.0500167 0.179481 0.0336036
0 0.942965 0.604194 0.0122318 0.0290399 0.0330731
0 0.505698 0.565366 0.0112905 0.0405774 0.0312785
18 0.843367 0.601898 0.0146294 0.0382183 0.0296465
4 0.0649185 0.555133 0.0246532 0.0143802 0.0296448
0 0.843367 0.601898 0.0146294 0.0382183 0.0290398
14 0.832331 0.605706 0.0118934 0.0336873 0.0283712
0 0.54395 0.629297 0.0215251 0.0865535 0.0268881
0 0.642023 0.555679 0.00872949 0.0308199 0.0267801
0 0.593652 0.554359 0.00895856 0.0214751 0.0264393
0 0.943377 0.617138 0.0140381 0.050873 0.0261184
0 0.579292 0.61067 0.0218332 0.104726 0.0253599
0 0.083707 0.536841 0.00928777 0.0158946 0.0221529
18 0.861255 0.606563 0.0191259 0.0483786 0.021639
0 0.114254 0.516786 0.0089936 0.0164985 0.0204717
0 0.507626 0.584549 0.0199176 0.0659737 0.0201959
0 0.478045 0.556481 0.0083114 0.03159 0.019935
0 0.071572 0.558626 0.0078774 0.0162656 0.0198632
0 0.48636 0.58295 0.0297989 0.0739066 0.0186551
1 0.586528 0.528707 0.0274511 0.0142705 0.0182326
0 0.947433 0.607895 0.00990491 0.0331197 0.0176475
18 0.843245 0.607064 0.0217786 0.0332883 0.01743
0 0.5348 0.568086 0.0118998 0.0257034 0.0173606
0 0.486066 0.579142 0.0202643 0.0650106 0.0167302
14 0.815297 0.60344 0.0127798 0.0303979 0.0159492
9 0.396571 0.634384 0.0243016 0.0893724 0.0159407
0 0.43005 0.639745 0.0189392 0.114444 0.0158202
0 0.126329 0.535464 0.0103682 0.0149888 0.0154844
0 0.512824 0.575785 0.013834 0.04238 0.0154701
8 0.414026 0.700132 0.0619682 0.0787076 0.0149003
11 0.380247 0.630966 0.0237538 0.0449542 0.0145365
14 0.809198 0.602686 0.00907764 0.0297061 0.0144996
0 0.116558 0.540909 0.0144887 0.0180699 0.0143678
22 0.832331 0.605706 0.0118934 0.0336873 0.0143151
8 0.423888 0.669396 0.0338503 0.141116 0.0142149
8 0.861255 0.606563 0.0191259 0.0483786 0.0138189
0 0.6463 0.579467 0.0181616 0.0634446 0.013638
1 0.643471 0.536234 0.00797192 0.0197654 0.0124887
0 0.928944 0.61512 0.0196306 0.0540561 0.0124564
0 0.537017 0.606399 0.0306344 0.0576798 0.0123522
0 0.697984 0.549145 0.00756726 0.0255699 0.0117517
0 0.810601 0.602298 0.00984015 0.030969 0.0117201
10 0.557992 0.710351 0.0121874 0.0341695 0.0114505
0 0.0944506 0.532277 0.00851949 0.0263393 0.0113593
0 0.543743 0.656687 0.0267106 0.120891 0.0112043
0 0.0922143 0.558036 0.00652336 0.0174579 0.0110687
0 0.612064 0.602443 0.0292436 0.0830379 0.0108853
9 0.54294 0.609685 0.0198425 0.0545908 0.0106131
0 0.903962 0.670576 0.0217656 0.07245 0.0105401
0 0.0238798 0.571522 0.0114127 0.017316 0.00995801
3 0.426241 0.686545 0.0842051 0.121442 0.00965686
17 0.593652 0.554359 0.00895856 0.0214751 0.00905036
0 0.992895 0.59516 0.0106115 0.018812 0.00892228
0 0.467845 0.571033 0.0232905 0.0653573 0.00878926
0 0.0885755 0.524221 0.00681768 0.0186206 0.00874776
0 0.058821 0.553211 0.0079174 0.0116154 0.00859952
0 0.123286 0.558072 0.0121688 0.026511 0.00849725
0 0.450103 0.570726 0.0244148 0.067174 0.0084588
2 0.942105 0.257988 0.0233207 0.0227325 0.00805337
18 0.809198 0.602686 0.00907764 0.0297061 0.00784961
0 0.995382 0.611557 0.00923615 0.0328103 0.00778604
9 0.57371 0.58171 0.0122262 0.0423664 0.00769237
0 0.930031 0.59434 0.0151516 0.0229858 0.00760485
0 0.538276 0.585036 0.0247281 0.0371996 0.00737609
2 0.942793 0.264552 0.0232493 0.0323542 0.00713775
11 0.54294 0.609685 0.0198425 0.0545908 0.00706991
11 0.399642 0.661645 0.0313232 0.14374 0.0069797
8 0.843367 0.601898 0.0146294 0.0382183 0.00696748
0 0.111889 0.519782 0.0119684 0.023338 0.00696209
17 0.893201 0.575977 0.0106069 0.0188409 0.00692981
0 0.584312 0.555398 0.0127633 0.021321 0.00684262
11 0.373799 0.652212 0.0264996 0.0589616 0.00674598
0 0.954261 0.604273 0.0147509 0.0222115 0.00673592
0 0.683793 0.540575 0.00882611 0.0238396 0.0066918
2 0.991892 0.281842 0.0123225 0.0205694 0.00653608
2 0.114254 0.516786 0.0089936 0.0164985 0.00653186
0 0.90844 0.578252 0.011688 0.024486 0.00646773
1 0.0248084 0.571644 0.0131079 0.0160697 0.00640285
0 0.0712729 0.538777 0.0102035 0.0208296 0.00629347
1 0.763796 0.475581 0.0115903 0.0105162 0.00617349
1 0.719715 0.516083 0.00894782 0.0130117 0.00614493
0 0.399642 0.661645 0.0313232 0.14374 0.00613045
2 0.102598 0.558612 0.00848963 0.0163115 0.00604669
0 0.941996 0.596443 0.00962677 0.0235484 0.00599198
25 0.843638 0.581042 0.012986 0.0355047 0.00591574
9 0.471581 0.582504 0.0151118 0.0430648 0.00579316
35 0.977493 0.602224 0.0105141 0.0134075 0.00572715
17 0.90844 0.578252 0.011688 0.024486 0.00571362
0 0.8989 0.677504 0.0179144 0.0620575 0.00569364
0 0.650236 0.593972 0.0200917 0.0693298 0.00569091
0 0.101549 0.544232 0.0140649 0.0271799 0.00565071
42 0.833957 0.549066 0.0518714 0.018952 0.00560248
2 0.987056 0.267598 0.0217673 0.0317285 0.00559635
4 0.0558472 0.560664 0.110131 0.0290829 0.0055756
22 0.810601 0.602298 0.00984015 0.030969 0.00555749
0 0.423888 0.669396 0.0338503 0.141116 0.00553006
0 0.972212 0.606087 0.0108887 0.0184036 0.00543517
0 0.473586 0.603793 0.0255293 0.0860424 0.0052821
0 0.635731 0.568117 0.0113989 0.0471382 0.00528201
0 0.600669 0.561766 0.0112383 0.031329 0.00523077
17 0.584312 0.555398 0.0127633 0.021321 0.00514109
0 0.843638 0.581042 0.012986 0.0355047 0.00512274
22 0.815297 0.60344 0.0127798 0.0303979 0.00506244
0 0.67348 0.580582 0.0195206 0.0527341 0.00505159
2 0.113049 0.524836 0.00916146 0.0276439 0.00501761
25 0.844965 0.533803 0.0176901 0.0201425 0.00494758
1 0.102598 0.558612 0.00848963 0.0163115 0.00493593
8 0.711894 0.557826 0.00689453 0.0169029 0.00490731
8 0.853022 0.605128 0.0190978 0.0400149 0.004785
0 0.649214 0.545806 0.0109614 0.0242248 0.00477772
0 0.961188 0.601832 0.00874231 0.0228946 0.00474552
8 0.490733 0.686736 0.0710918 0.0966886 0.00469684
1 0.0327964 0.830429 0.049998 0.0245762 0.00463045
0 0.423588 0.584749 0.0187626 0.0494599 0.00461874
9 0.462729 0.667407 0.0174203 0.0462391 0.00457755
8 0.662833 0.581039 0.0139756 0.0550153 0.00455392
0 0.85756 0.58253 0.0137607 0.0362656 0.00450382
22 0.557992 0.710351 0.0121874 0.0341695 0.00444498
1 0.478543 0.541613 0.00854279 0.0337447 0.00435088
4 0.071572 0.558626 0.0078774 0.0162656 0.0043438
0 0.462517 0.61792 0.0262796 0.103776 0.0042308
19 0.843245 0.607064 0.0217786 0.0332883 0.00421735
8 0.832331 0.605706 0.0118934 0.0336873 0.00416585
0 0.893201 0.575977 0.0106069 0.0188409 0.00413623
11 0.57371 0.58171 0.0122262 0.0423664 0.0040474
0 0.642255 0.596039 0.0176048 0.0482196 0.00404157
35 0.992895 0.59516 0.0106115 0.018812 0.00400689
5 0.662833 0.581039 0.0139756 0.0550153 0.00394704
4 0.058821 0.553211 0.0079174 0.0116154 0.0039353
0 0.592037 0.623638 0.0245188 0.143522 0.0039251
25 0.836895 0.537713 0.0377533 0.0293159 0.0038125
0 0.557976 0.578843 0.028242 0.0510562 0.00375317
9 0.406564 0.638711 0.0418192 0.1588 0.00372131
2 0.763796 0.475581 0.0115903 0.0105162 0.00367745
9 0.399642 0.661645 0.0313232 0.14374 0.00366807
7 0.113049 0.524836 0.00916146 0.0276439 0.00366707
2 0.987741 0.2461 0.0208621 0.036324 0.00360422
17 0.410295 0.578125 0.029352 0.038001 0.00354638
0 0.43227 0.603733 0.0115567 0.0396983 0.00354419
0 0.429816 0.590947 0.0165469 0.0516355 0.00352103
0 0.10876 0.551483 0.0144225 0.0230451 0.00348916
18 0.844875 0.591873 0.0114447 0.041634 0.00347156
42 0.834415 0.553711 0.0545176 0.0302984 0.00341517
0 0.530147 0.558413 0.0100068 0.0328795 0.00336971
14 0.843367 0.601898 0.0146294 0.0382183 0.00329709
0 0.806808 0.561301 0.0100944 0.0311168 0.00327474
14 0.861255 0.606563 0.0191259 0.0483786 0.00327255
0 0.633801 0.621372 0.0114194 0.0349659 0.00318725
11 0.600561 0.570912 0.011353 0.0286449 0.00314315
18 0.372807 0.660095 0.0257274 0.0732602 0.00309773
4 0.861696 0.604434 0.0173441 0.0502201 0.00308734
0 0.843245 0.607064 0.0217786 0.0332883 0.00306348
8 0.843245 0.607064 0.0217786 0.0332883 0.00305841
0 0.721864 0.53582 0.00988684 0.0241565 0.00304907
0 0.65859 0.593909 0.0199036 0.0658496 0.00304046
9 0.446154 0.654796 0.0339734 0.161274 0.00303349
8 0.686054 0.55697 0.00709259 0.0209319 0.00303159
8 0.838076 0.603928 0.0209935 0.0356226 0.00302183
0 0.977493 0.602224 0.0105141 0.0134075 0.00301786
23 0.833132 0.607469 0.011116 0.0319913 0.0029715
9 0.380247 0.630966 0.0237538 0.0449542 0.00290495
0 0.615615 0.595524 0.0195155 0.0654248 0.00283433
0 0.580359 0.633297 0.031376 0.149503 0.00282002
0 0.98595 0.593769 0.0127708 0.0181244 0.00279556
25 0.957711 0.54027 0.0288318 0.0171492 0.00276618
42 0.832768 0.572963 0.0602848 0.065569 0.00273123
9 0.375653 0.640181 0.02261 0.0317263 0.00272652
11 0.406564 0.638711 0.0418192 0.1588 0.00269708
5 0.861255 0.606563 0.0191259 0.0483786 0.00268441
8 0.375653 0.640181 0.02261 0.0317263 0.00268353
8 0.844875 0.591873 0.0114447 0.041634 0.0026578
2 0.955266 0.536991 0.0206392 0.0164801 0.00262548
2 0.058821 0.553211 0.0079174 0.0116154 0.00261708
0 0.451759 0.537902 0.0112709 0.0181638 0.0025765
1 0.65303 0.485152 0.00960523 0.0210518 0.00257098
35 0.993185 0.614633 0.0114239 0.0532664 0.002566
8 0.372807 0.660095 0.0257274 0.0732602 0.00255826
8 0.463786 0.674447 0.0166757 0.0390176 0.00254138
2 0.0885755 0.524221 0.00681768 0.0186206 0.00250489
0 0.635204 0.590272 0.0112314 0.0578024 0.00249872
2 0.98232 0.274091 0.0308943 0.0378399 0.00247976
11 0.446154 0.654796 0.0339734 0.161274 0.00245803
0 0.605884 0.573568 0.0190747 0.0429201 0.00242061
0 0.443193 0.594147 0.0218687 0.0408271 0.00241626
17 0.57371 0.58171 0.0122262 0.0423664 0.00241207
0 0.646501 0.584164 0.0346456 0.0703678 0.00241064
3 0.861255 0.606563 0.0191259 0.0483786 0.00240631
11 0.456305 0.592462 0.0201195 0.0601298 0.00237399
8 0.735722 0.55859 0.00742188 0.0177871 0.00235694
11 0.844875 0.591873 0.0114447 0.041634 0.0023493
3 0.809198 0.602686 0.00907764 0.0297061 0.00234541
0 0.695069 0.539875 0.00856378 0.023605 0.0023349
0 0.815297 0.60344 0.0127798 0.0303979 0.00232161
9 0.397161 0.702567 0.0286661 0.0682904 0.0023077
3 0.660838 0.5811 0.0160247 0.0542008 0.00230386
0 0.635335 0.597252 0.0164812 0.0632343 0.00227662
8 0.46317 0.69136 0.0234029 0.075946 0.00223722
19 0.832331 0.605706 0.0118934 0.0336873 0.00222153
0 0.993185 0.614633 0.0114239 0.0532664 0.00221369
0 0.808825 0.599631 0.00907837 0.0330055 0.00220855
17 0.878537 0.62631 0.0200422 0.0927783 0.00220282
8 0.992895 0.59516 0.0106115 0.018812 0.00219068
1 0.721864 0.53582 0.00988684 0.0241565 0.0021588
8 0.431734 0.658706 0.0749501 0.175198 0.00215394
8 0.473037 0.694829 0.0467627 0.0865876 0.00214191
0 0.522718 0.602573 0.0417744 0.0597298 0.00213314
19 0.843367 0.601898 0.0146294 0.0382183 0.00211986
1 0.753855 0.530467 0.0075752 0.019997 0.00211025
20 0.414088 0.580176 0.0266289 0.0413893 0.00210611
11 0.658201 0.579501 0.0124423 0.051937 0.00207035
2 0.0238798 0.571522 0.0114127 0.017316 0.00205949
0 0.534403 0.669948 0.0326 0.107821 0.00204599
4 0.102598 0.558612 0.00848963 0.0163115 0.00202591
0 0.639074 0.604284 0.0196626 0.0588258 0.00199997
13 0.593652 0.554359 0.00895856 0.0214751 0.00196417
35 0.97752 0.61949 0.0124467 0.0416863 0.00195598
0 0.0102175 0.569007 0.0179806 0.0217363 0.00193908
25 0.856145 0.583084 0.0991299 0.0829855 0.00193526
3 0.711894 0.557826 0.00689453 0.0169029 0.00192494
