4 0.143208 0.679437 0.132645 0.115077 0.938953
4 0.34908 0.668527 0.0700148 0.0889881 0.928446
4 0.506897 0.681114 0.0739311 0.0863902 0.909413
4 0.613267 0.683473 0.0588937 0.0642801 0.897779
4 0.39738 0.670293 0.0425989 0.0629683 0.880288
7 0.417931 0.36183 0.023136 0.0770185 0.866837
7 0.357793 0.362163 0.0289924 0.0321247 0.821925
1 0.737975 0.594727 0.029003 0.0751514 0.798583
0 0.662349 0.678907 0.0218597 0.0564348 0.736893
7 0.467647 0.496614 0.0125957 0.039432 0.717787
14 0.743738 0.695079 0.0129854 0.0457868 0.678104
0 0.683181 0.679457 0.0201785 0.0687093 0.664986
1 0.545436 0.61856 0.0100966 0.0299261 0.627427
8 0.682544 0.702733 0.0199518 0.0482497 0.606445
7 0.388312 0.356851 0.0325207 0.066054 0.566256
4 0.414488 0.658338 0.024506 0.0373371 0.562841
0 0.310116 0.656098 0.0197644 0.0492066 0.543498
7 0.476336 0.493443 0.0278674 0.0305446 0.485515
7 0.482534 0.491791 0.0148408 0.026532 0.451934
8 0.309481 0.66273 0.0216079 0.0364193 0.437804
2 0.650048 0.242128 0.012501 0.0259747 0.401791
8 0.665029 0.692441 0.0254841 0.0417795 0.323421
7 0.498498 0.499251 0.0157876 0.0160205 0.246601
1 0.387364 0.358401 0.0310121 0.0662372 0.203711
2 0.633066 0.531852 0.00984064 0.0121436 0.181693
8 0.675052 0.698548 0.0325157 0.0481226 0.17345
2 0.514149 0.2363 0.0180725 0.0146073 0.167608
2 0.717809 0.250074 0.0124159 0.0175818 0.16452
4 0.389119 0.646115 0.0266772 0.0179656 0.152136
2 0.707966 0.24926 0.0121197 0.0187119 0.138367
2 0.579468 0.243557 0.00909705 0.0178689 0.126443
2 0.391203 0.520222 0.00889758 0.00892597 0.110541
0 0.0933367 0.639282 0.0199945 0.0513822 0.102198
4 0.30933 0.659299 0.0210433 0.043574 0.0917478
14 0.800833 0.693273 0.0135126 0.0173904 0.0908953
22 0.252798 0.675994 0.0129246 0.0267986 0.0889554
14 0.751236 0.697594 0.0195195 0.0479599 0.0867049
14 0.907007 0.74783 0.0185735 0.0674322 0.0847502
1 0.208351 0.600145 0.0127115 0.0163763 0.0810545
14 0.845314 0.682556 0.0147145 0.0331578 0.0710762
1 0.296032 0.617962 0.0124053 0.0219312 0.0688027
2 0.719731 0.258115 0.0150366 0.0218276 0.0685689
4 0.233402 0.649765 0.014535 0.0194154 0.0663235
2 0.712507 0.250525 0.0116448 0.0172846 0.0604573
0 0.260389 0.644914 0.0106347 0.0331156 0.0601946
5 0.414488 0.658338 0.024506 0.0373371 0.0593151
1 0.497364 0.501493 0.0154041 0.0193758 0.0549579
14 0.273219 0.656047 0.01294 0.0217943 0.0498074
8 0.0904892 0.667528 0.0252338 0.0560314 0.0497211
2 0.589348 0.528824 0.00774921 0.0120345 0.0482049
23 0.744009 0.696857 0.0133868 0.0468928 0.0478921
8 0.252798 0.675994 0.0129246 0.0267986 0.0467168
2 0.391561 0.517779 0.00670447 0.0144977 0.0458059
7 0.58089 0.606828 0.0100784 0.0162054 0.045513
7 0.500707 0.501852 0.0129123 0.0179313 0.0428043
2 0.391429 0.522177 0.00671744 0.0142167 0.0425457
14 0.818656 0.693872 0.00979956 0.0204987 0.0392186
4 0.845446 0.675558 0.0160517 0.0275693 0.0386009
1 0.559945 0.619336 0.0129067 0.0239258 0.0379838
1 0.58089 0.606828 0.0100784 0.0162054 0.037415
4 0.641578 0.676644 0.0108115 0.0234536 0.0373241
4 0.273219 0.656047 0.01294 0.0217943 0.0355468
0 0.268836 0.651864 0.0118446 0.0229627 0.0352821
0 0.845446 0.675558 0.0160517 0.0275693 0.0348769
0 0.239076 0.651495 0.0100055 0.0215216 0.0347146
8 0.845446 0.675558 0.0160517 0.0275693 0.0339346
3 0.663358 0.688266 0.0236417 0.0496297 0.0334847
7 0.561943 0.62552 0.0138298 0.0145006 0.033466
4 0.413945 0.661479 0.0154622 0.0411035 0.0329455
8 0.252337 0.66773 0.0133164 0.0223729 0.0319475
0 0.743344 0.696504 0.0156639 0.0514931 0.031761
1 0.781768 0.64299 0.0126558 0.0330154 0.0317598
4 0.475616 0.663336 0.0126251 0.0314341 0.0314982
8 0.239556 0.654801 0.0115757 0.0203869 0.0312889
1 0.292152 0.612871 0.0145658 0.0179042 0.0312217
14 0.738425 0.694968 0.0189147 0.0444482 0.0309251
0 0.0906301 0.65523 0.0251309 0.0818981 0.0297026
6 0.414628 0.65823 0.0248611 0.0361814 0.0295052
5 0.309481 0.66273 0.0216079 0.0364193 0.0285553
4 0.844999 0.670338 0.014633 0.0221527 0.0270619
2 0.63329 0.526885 0.00856622 0.0154781 0.0264873
1 0.738634 0.574772 0.0312767 0.116304 0.0259268
1 0.476336 0.493443 0.0278674 0.0305446 0.0250549
14 0.779555 0.694459 0.0108549 0.0210575 0.0249457
1 0.152175 0.597005 0.0273602 0.0521815 0.0246039
7 0.561075 0.627427 0.00968433 0.0125602 0.0240672
3 0.239556 0.654801 0.0115757 0.0203869 0.0238964
0 0.301486 0.632725 0.0112732 0.0221979 0.0238372
4 0.659762 0.681365 0.0281702 0.0569221 0.0235961
4 0.101258 0.674983 0.048778 0.106563 0.0235551
1 0.206398 0.534067 0.013244 0.0358694 0.0229044
14 0.767081 0.69785 0.0123231 0.0416186 0.0226698
2 0.725391 0.26188 0.0118538 0.0140398 0.0225181
14 0.876438 0.70506 0.0188553 0.0436014 0.0220887
1 0.503533 0.624256 0.0101314 0.0154935 0.021853
4 0.216552 0.648234 0.0141306 0.0174396 0.0217845
2 0.512888 0.2398 0.020043 0.0220788 0.021364
0 0.641578 0.676644 0.0108115 0.0234536 0.0206966
3 0.309481 0.66273 0.0216079 0.0364193 0.0195005
4 0.239076 0.651495 0.0100055 0.0215216 0.0191782
2 0.637527 0.532939 0.0112736 0.0117092 0.0191495
3 0.252337 0.66773 0.0133164 0.0223729 0.0188542
3 0.670641 0.697292 0.0368269 0.0426391 0.0185083
0 0.844999 0.670338 0.014633 0.0221527 0.0184903
8 0.301176 0.667645 0.0165444 0.0243263 0.0183977
4 0.426077 0.659669 0.010117 0.0268209 0.0181653
5 0.663358 0.688266 0.0236417 0.0496297 0.017671
8 0.299655 0.660961 0.0134934 0.03573 0.017006
4 0.325051 0.643687 0.018848 0.0368466 0.0166432
1 0.259743 0.631128 0.00906271 0.0169656 0.0164019
7 0.582025 0.633111 0.00949677 0.043464 0.016262
2 0.632797 0.541502 0.008508 0.0197334 0.0161001
2 0.630311 0.570219 0.00794934 0.0263404 0.0156176
4 0.43877 0.659933 0.0133074 0.0147119 0.0156006
14 0.907051 0.726062 0.0188915 0.111151 0.0154495
0 0.233402 0.649765 0.014535 0.0194154 0.0151114
8 0.273219 0.656047 0.01294 0.0217943 0.0149182
1 0.482534 0.491791 0.0148408 0.026532 0.0137204
0 0.426077 0.659669 0.010117 0.0268209 0.0135932
14 0.843524 0.674815 0.0146869 0.0267771 0.0130818
8 0.641578 0.676644 0.0108115 0.0234536 0.0125105
0 0.414488 0.658338 0.024506 0.0373371 0.0124812
0 0.302728 0.655575 0.023188 0.0434462 0.0122617
2 0.584121 0.56433 0.00748242 0.0152806 0.0122199
1 0.357754 0.362367 0.0291487 0.0313792 0.0122194
14 0.80084 0.689003 0.0117825 0.0233189 0.0117317
2 0.622577 0.531793 0.0101637 0.00889112 0.0116996
4 0.220292 0.651956 0.0324261 0.023266 0.0116801
14 0.756903 0.696363 0.0146035 0.0465601 0.0116779
2 0.587329 0.517767 0.00638684 0.0134637 0.0116766
14 0.23512 0.651964 0.0149493 0.0212443 0.0116356
1 0.164624 0.591846 0.013919 0.0608271 0.0115994
0 0.273219 0.656047 0.01294 0.0217943 0.0115639
3 0.252798 0.675994 0.0129246 0.0267986 0.0115125
8 0.23512 0.651964 0.0149493 0.0212443 0.0113836
1 0.207827 0.585981 0.0128347 0.0385945 0.0112545
0 0.252337 0.66773 0.0133164 0.0223729 0.0111377
7 0.559945 0.619336 0.0129067 0.0239258 0.0110683
1 0.561075 0.627427 0.00968433 0.0125602 0.0107642
4 0.491814 0.66046 0.0390941 0.0447195 0.0103454
4 0.482005 0.65416 0.0201078 0.0266173 0.010255
4 0.205193 0.64882 0.0163723 0.0198107 0.0102356
1 0.500707 0.501852 0.0129123 0.0179313 0.010098
4 0.0910988 0.653997 0.0255185 0.0694154 0.0100061
8 0.844999 0.670338 0.014633 0.0221527 0.0099364
5 0.845446 0.675558 0.0160517 0.0275693 0.00991517
2 0.714794 0.237876 0.0176734 0.0243357 0.00990677
7 0.35412 0.550713 0.0062948 0.0189697 0.00977255
14 0.793611 0.688786 0.0200504 0.0275847 0.00973696
14 0.780903 0.683586 0.0124749 0.0394522 0.00960254
5 0.0910988 0.653997 0.0255185 0.0694154 0.00912832
4 0.540027 0.663416 0.0101192 0.0269662 0.00912147
1 0.17166 0.577953 0.0166793 0.0701272 0.00904792
4 0.260389 0.644914 0.0106347 0.0331156 0.00902859
1 0.287429 0.619218 0.0142533 0.0224483 0.00895553
8 0.256345 0.668691 0.0158779 0.0248821 0.00888248
0 0.540027 0.663416 0.0101192 0.0269662 0.00861437
5 0.273219 0.656047 0.01294 0.0217943 0.00848589
0 0.0990752 0.629341 0.0145391 0.026035 0.0084787
2 0.370563 0.524825 0.00588187 0.010315 0.00834481
2 0.387635 0.357223 0.0313123 0.0654847 0.00829752
2 0.500707 0.501852 0.0129123 0.0179313 0.00825346
14 0.769673 0.689661 0.0125972 0.0464835 0.0081736
0 0.236455 0.644712 0.00859856 0.0260322 0.00808057
7 0.630311 0.570219 0.00794934 0.0263404 0.00798257
7 0.547217 0.618288 0.0108344 0.0264835 0.00796627
14 0.268836 0.651864 0.0118446 0.0229627 0.00749419
7 0.56951 0.610345 0.0178719 0.0267025 0.00738125
3 0.845446 0.675558 0.0160517 0.0275693 0.00727943
4 0.274494 0.652204 0.0161946 0.0228866 0.00719749
12 0.781768 0.64299 0.0126558 0.0330154 0.00703158
1 0.561943 0.62552 0.0138298 0.0145006 0.00697714
8 0.583693 0.675499 0.0114462 0.0247968 0.00696428
1 0.540108 0.622597 0.0086872 0.0237671 0.00689112
2 0.70992 0.239541 0.0154861 0.0299798 0.00683491
0 0.682715 0.698006 0.0202163 0.0528042 0.00668192
1 0.28732 0.613784 0.014098 0.0203351 0.00662796
0 0.906055 0.707724 0.0174747 0.0916665 0.00656453
2 0.706983 0.281501 0.0137252 0.020528 0.00652675
0 0.584259 0.669601 0.0108291 0.0253637 0.00639467
5 0.844999 0.670338 0.014633 0.0221527 0.00639447
2 0.588393 0.512753 0.00962885 0.0158645 0.0063356
14 0.781768 0.64299 0.0126558 0.0330154 0.00627459
0 0.90167 0.674624 0.00879443 0.0248323 0.00624831
4 0.535985 0.656201 0.0143822 0.0272081 0.00624642
22 0.845314 0.682556 0.0147145 0.0331578 0.0061595
0 0.845314 0.682556 0.0147145 0.0331578 0.00615535
13 0.301486 0.632725 0.0112732 0.0221979 0.00615428
2 0.724328 0.250684 0.0137636 0.0184692 0.00602708
4 0.583693 0.675499 0.0114462 0.0247968 0.00596533
2 0.498498 0.499251 0.0157876 0.0160205 0.00592795
4 0.45852 0.660245 0.0119757 0.015032 0.00582708
1 0.536391 0.62185 0.0143715 0.0204878 0.00581841
6 0.406119 0.656484 0.0414011 0.0500651 0.00576454
2 0.515051 0.498365 0.0112845 0.0152012 0.00569624
12 0.787231 0.645095 0.0244304 0.040451 0.00567754
3 0.256345 0.668691 0.0158779 0.0248821 0.0055859
1 0.861658 0.576221 0.0499557 0.104572 0.00556889
8 0.305003 0.670696 0.018874 0.0444999 0.00549241
12 0.781733 0.662219 0.0132215 0.0690252 0.00543352
14 0.260389 0.644914 0.0106347 0.0331156 0.00540721
4 0.268836 0.651864 0.0118446 0.0229627 0.00532057
23 0.751236 0.697594 0.0195195 0.0479599 0.00529653
8 0.0909431 0.647056 0.0232436 0.0654854 0.00528177
2 0.637583 0.544561 0.0113693 0.0190314 0.00521319
5 0.23512 0.651964 0.0149493 0.0212443 0.00517504
5 0.742575 0.695077 0.013404 0.0470155 0.00511621
0 0.299655 0.660961 0.0134934 0.03573 0.00509793
4 0.43461 0.660833 0.00969763 0.0221313 0.00504976
1 0.182231 0.561548 0.024769 0.107924 0.00501922
0 0.64595 0.671598 0.0133 0.0272397 0.00501524
8 0.659762 0.681365 0.0281702 0.0569221 0.00487312
2 0.28682 0.339933 0.0234166 0.015366 0.00480819
2 0.513939 0.502945 0.011649 0.0153765 0.0047966
2 0.413735 0.496907 0.00951682 0.0104359 0.00476132
14 0.801521 0.706093 0.0195104 0.0350798 0.00475992
8 0.742575 0.695077 0.013404 0.0470155 0.00471192
2 0.63291 0.557 0.00895282 0.0192596 0.00467784
1 0.784532 0.617848 0.0210106 0.0736207 0.00454496
2 0.630009 0.581481 0.00719977 0.0103431 0.00454086
7 0.584121 0.56433 0.00748242 0.0152806 0.0045338
1 0.177605 0.573094 0.0220898 0.094 0.00448639
0 0.205193 0.64882 0.0163723 0.0198107 0.00441972
8 0.216552 0.648234 0.0141306 0.0174396 0.00435161
3 0.0901296 0.670431 0.0261462 0.0563679 0.00433261
14 0.781733 0.662219 0.0132215 0.0690252 0.00432538
0 0.0929222 0.624622 0.0213546 0.0269278 0.00430921
0 0.43461 0.660833 0.00969763 0.0221313 0.00430151
8 0.426077 0.659669 0.010117 0.0268209 0.00429133
2 0.584595 0.506643 0.00870819 0.0117242 0.0042762
0 0.313932 0.633371 0.0174908 0.0213981 0.00426466
1 0.187193 0.553412 0.0204177 0.0931505 0.00421502
7 0.515051 0.498365 0.0112845 0.0152012 0.00416641
13 0.0944107 0.632968 0.0176054 0.0370256 0.00415895
1 0.145723 0.612132 0.0203183 0.0241666 0.00415037
1 0.207009 0.568213 0.0130355 0.072501 0.00414325
8 0.20316 0.660468 0.0131567 0.0322223 0.0041196
2 0.409301 0.49719 0.00728494 0.0112427 0.00410924
1 0.582025 0.633111 0.00949677 0.043464 0.00404624
4 0.251705 0.675406 0.0156382 0.0326114 0.00400241
1 0.746539 0.653643 0.0108638 0.0404024 0.0039949
3 0.845314 0.682556 0.0147145 0.0331578 0.00392273
0 0.216552 0.648234 0.0141306 0.0174396 0.00390596
8 0.845314 0.682556 0.0147145 0.0331578 0.00387767
0 0.259743 0.631128 0.00906271 0.0169656 0.00381295
4 0.64595 0.671598 0.0133 0.0272397 0.00374794
4 0.0933367 0.639282 0.0199945 0.0513822 0.00362786
1 0.188916 0.531163 0.0222036 0.0515035 0.00352643
3 0.23512 0.651964 0.0149493 0.0212443 0.0034876
2 0.58089 0.606828 0.0100784 0.0162054 0.00344157
22 0.357754 0.362367 0.0291487 0.0313792 0.00342265
8 0.220292 0.651956 0.0324261 0.023266 0.00338567
3 0.273219 0.656047 0.01294 0.0217943 0.00335971
12 0.788638 0.621363 0.0281372 0.0829872 0.00333563
3 0.301176 0.667645 0.0165444 0.0243263 0.00333252
8 0.540027 0.663416 0.0101192 0.0269662 0.0032723
7 0.513939 0.502945 0.011649 0.0153765 0.00326971
1 0.0336864 0.599494 0.0128525 0.0284577 0.00323189
8 0.388312 0.356851 0.0325207 0.066054 0.00320405
0 0.252798 0.675994 0.0129246 0.0267986 0.00319418
5 0.67156 0.697024 0.036616 0.0504616 0.00318764
4 0.378026 0.630985 0.0246029 0.0164409 0.00314667
8 0.238842 0.658735 0.00879501 0.0248573 0.00313773
2 0.708849 0.258049 0.0121619 0.0213155 0.00313706
0 0.473831 0.664557 0.0122227 0.0287866 0.00313462
4 0.331191 0.632809 0.0170721 0.0200555 0.00312561
14 0.239556 0.654801 0.0115757 0.0203869 0.00310617
4 0.356204 0.629019 0.0410578 0.012862 0.00308666
22 0.388231 0.357556 0.033783 0.0652803 0.00303702
1 0.259792 0.642885 0.00842571 0.0355987 0.00301449
4 0.847891 0.671042 0.0190087 0.0271452 0.00301197
4 0.37569 0.634832 0.0194823 0.0213778 0.00300997
14 0.814259 0.704952 0.0180951 0.034298 0.00297158
4 0.845314 0.682556 0.0147145 0.0331578 0.0029534
1 0.300685 0.614499 0.0121789 0.0226096 0.00291812
0 0.296032 0.617962 0.0124053 0.0219312 0.00288948
4 0.236455 0.644712 0.00859856 0.0260322 0.00288642
2 0.632707 0.521518 0.0113774 0.0237794 0.00285811
4 0.743738 0.695079 0.0129854 0.0457868 0.00284434
8 0.268836 0.651864 0.0118446 0.0229627 0.00276003
7 0.583461 0.584563 0.00888593 0.0259585 0.0027242
14 0.0909431 0.647056 0.0232436 0.0654854 0.00269216
1 0.301486 0.632725 0.0112732 0.0221979 0.00268737
0 0.325051 0.643687 0.018848 0.0368466 0.00267015
3 0.641578 0.676644 0.0108115 0.0234536 0.00266621
1 0.850123 0.54215 0.0194827 0.0354611 0.00265986
0 0.90148 0.669012 0.00895721 0.0179672 0.00265738
5 0.0933367 0.639282 0.0199945 0.0513822 0.00258914
1 0.559678 0.64644 0.0117307 0.0415667 0.00258524
4 0.305003 0.670696 0.018874 0.0444999 0.00258151
2 0.35412 0.550713 0.0062948 0.0189697 0.00257923
8 0.260389 0.644914 0.0106347 0.0331156 0.00255294
8 0.83701 0.676013 0.0157362 0.0239655 0.00253453
22 0.473726 0.669057 0.0114268 0.0306648 0.00252879
8 0.202811 0.669416 0.0140735 0.0469981 0.00252124
8 0.423872 0.669711 0.0141711 0.0203414 0.00252053
8 0.43461 0.660833 0.00969763 0.0221313 0.0025138
4 0.252337 0.66773 0.0133164 0.0223729 0.00250834
7 0.568071 0.638985 0.00610565 0.0237562 0.00250227
4 0.510555 0.657876 0.0643103 0.0384144 0.00249846
