27 0.700478 0.840993 0.119598 0.0819683 0.979949
27 0.247914 0.810826 0.108534 0.0715785 0.95724
27 0.47636 0.842751 0.156679 0.074697 0.924477
27 0.492378 0.375286 0.113934 0.0253546 0.57634
44 0.501753 0.407622 0.146272 0.0178207 0.422694
27 0.252419 0.419313 0.104564 0.0632913 0.411596
44 0.693669 0.399654 0.130682 0.0252534 0.376663
44 0.700678 0.356295 0.115488 0.0201898 0.368044
44 0.697576 0.375876 0.121328 0.0245623 0.364525
44 0.501732 0.42673 0.153912 0.0404812 0.357328
44 0.504056 0.412903 0.148391 0.0213799 0.355455
44 0.493413 0.374011 0.118043 0.022705 0.344424
27 0.492784 0.394446 0.12217 0.0278961 0.333511
44 0.68573 0.404479 0.146352 0.0188808 0.271925
60 0.499753 0.039393 0.0719692 0.0787859 0.264688
44 0.693285 0.409138 0.147178 0.0186771 0.25861
44 0.682293 0.411504 0.147255 0.0279817 0.225928
44 0.490006 0.394658 0.117737 0.0265456 0.204972
44 0.69532 0.382555 0.123537 0.0293247 0.199137
27 0.701486 0.351079 0.114716 0.0188206 0.165636
27 0.700678 0.356295 0.115488 0.0201898 0.156578
44 0.701486 0.351079 0.114716 0.0188206 0.147941
44 0.69856 0.369308 0.118673 0.0176011 0.141246
44 0.685599 0.424357 0.154381 0.0427606 0.137817
27 0.485329 0.380776 0.130921 0.0203713 0.122846
27 0.251792 0.401181 0.104751 0.0348768 0.117568
9 0.347794 0.0468502 0.102526 0.0937004 0.111425
27 0.371296 0.421658 0.106356 0.056886 0.0948991
46 0.218469 0.0405564 0.0815472 0.0811129 0.0826238
44 0.684885 0.455073 0.16683 0.0207756 0.0799091
44 0.476564 0.842898 0.156557 0.0740601 0.0740995
44 0.485329 0.380776 0.130921 0.0203713 0.062509
44 0.37382 0.398748 0.091292 0.0184731 0.057288
27 0.493066 0.369494 0.113084 0.0202605 0.0524585
44 0.686769 0.436604 0.158083 0.0302058 0.0515258
27 0.503351 0.417505 0.150733 0.0329257 0.0489369
47 0.666693 0.0311658 0.077403 0.0623316 0.0461448
44 0.687228 0.443764 0.160291 0.0263835 0.0429447
27 0.493921 0.408281 0.128208 0.0194431 0.0420003
44 0.690969 0.451842 0.162325 0.0125528 0.041106
27 0.694606 0.379746 0.125581 0.0289189 0.0361564
44 0.369251 0.427718 0.103452 0.046758 0.0352929
27 0.69856 0.369308 0.118673 0.0176011 0.0349686
60 0.666693 0.0311658 0.077403 0.0623316 0.0324947
44 0.25208 0.39785 0.104311 0.0287576 0.0298127
46 0.666693 0.0311658 0.077403 0.0623316 0.0279276
9 0.217582 0.041335 0.0787151 0.0826701 0.0261816
27 0.380181 0.379079 0.087293 0.0299703 0.0256015
27 0.497812 0.426354 0.142556 0.0392736 0.0244041
10 0.240125 0.760995 0.00966269 0.0268861 0.0238998
44 0.692496 0.391307 0.136447 0.021517 0.0199812
44 0.702537 0.841164 0.120851 0.0838407 0.0198332
10 0.705175 0.356052 0.137697 0.019839 0.0191133
44 0.485759 0.367614 0.129091 0.0176933 0.018516
27 0.367934 0.406738 0.100561 0.0309382 0.0157129
44 0.252513 0.417045 0.106074 0.0657822 0.0150822
46 0.348303 0.0475487 0.101666 0.095009 0.0148437
27 0.37382 0.398748 0.091292 0.0184731 0.014449
27 0.653466 0.399745 0.0927463 0.011237 0.0131194
46 0.501012 0.0400016 0.0730566 0.0800033 0.0122514
44 0.653466 0.399745 0.0927463 0.011237 0.0109669
27 0.694336 0.398873 0.123937 0.0227885 0.0103801
10 0.158923 0.740809 0.0133262 0.0391811 0.0101176
10 0.584911 0.037271 0.0570925 0.074542 0.00912799
27 0.694194 0.407289 0.129823 0.0187501 0.00905567
19 0.456014 0.902825 0.748809 0.194351 0.0080503
10 0.537075 0.29127 0.0495471 0.0712646 0.00800145
27 0.680167 0.403609 0.146577 0.0191536 0.00794646
9 0.211788 0.0516407 0.105606 0.102526 0.00781675
44 0.715587 0.412343 0.112349 0.0217371 0.00764778
27 0.702732 0.387261 0.12561 0.0306041 0.00764003
60 0.345482 0.0471071 0.0946217 0.0942143 0.0073964
10 0.234072 0.765248 0.0178289 0.0254547 0.00717715
10 0.492925 0.373605 0.116514 0.0229668 0.00684674
27 0.236242 0.39683 0.0709858 0.024211 0.00665601
44 0.716617 0.40125 0.11279 0.0123773 0.00624687
55 0.34815 0.0471242 0.102278 0.094186 0.00617073
27 0.251131 0.372857 0.101527 0.0303659 0.00563188
10 0.70367 0.385128 0.133355 0.0271369 0.00562448
9 0.501251 0.0400968 0.0743815 0.0801936 0.00539013
27 0.6574 0.408841 0.100037 0.0247623 0.00505974
47 0.499753 0.039393 0.0719692 0.0787859 0.00500159
27 0.506231 0.412028 0.14393 0.0189518 0.00462806
44 0.371154 0.404035 0.0999523 0.0268076 0.0046267
49 0.587736 0.0366011 0.0603032 0.0732022 0.00428112
27 0.537075 0.29127 0.0495471 0.0712646 0.00425446
2 0.834181 0.427276 0.02378 0.0229818 0.004048
10 0.719648 0.0283434 0.0314536 0.0566868 0.00394466
47 0.345482 0.0471071 0.0946217 0.0942143 0.00378785
17 0.501251 0.0400968 0.0743815 0.0801936 0.0036351
44 0.6574 0.408841 0.100037 0.0247623 0.00355567
44 0.500357 0.457626 0.149735 0.0157574 0.00340934
30 0.500096 0.0400004 0.0732984 0.0800009 0.00339068
51 0.667559 0.0302951 0.0799244 0.0605903 0.00335536
44 0.236242 0.39683 0.0709858 0.024211 0.00320539
27 0.686253 0.409332 0.159179 0.0297281 0.00319747
27 0.697855 0.341665 0.119334 0.0217254 0.00310464
44 0.380097 0.378782 0.108135 0.0303693 0.00309582
44 0.502972 0.453644 0.161473 0.0190514 0.00306306
10 0.698577 0.35019 0.12217 0.0174013 0.00290813
46 0.203691 0.0909029 0.0611922 0.0269996 0.00287391
27 0.234072 0.765248 0.0178289 0.0254547 0.00285719
9 0.665011 0.0305109 0.0747566 0.0610217 0.00275478
27 0.253891 0.417528 0.106412 0.0263352 0.00264681
27 0.685903 0.430725 0.156816 0.0352505 0.00250843
17 0.217582 0.041335 0.0787151 0.0826701 0.00250314
52 0.158923 0.740809 0.0133262 0.0391811 0.00249177
17 0.344843 0.0482231 0.0925988 0.0964461 0.00247349
59 0.244362 0.349275 0.0482996 0.0739389 0.00235187
10 0.637383 0.0316866 0.0249933 0.0633732 0.00231659
10 0.703817 0.396069 0.13015 0.0175578 0.00229523
47 0.203691 0.0909029 0.0611922 0.0269996 0.00224321
44 0.247447 0.811007 0.108055 0.0709815 0.00221279
0 0.177707 0.306945 0.176949 0.297175 0.00220572
33 0.402486 0.862703 0.0391732 0.0260812 0.00214396
33 0.238701 0.762896 0.0119109 0.0282803 0.00214023
10 0.732201 0.0282572 0.0600427 0.0565144 0.00203838
10 0.1637 0.729836 0.0221266 0.0602179 0.00201513
44 0.408075 0.867682 0.0383213 0.0316648 0.00188971
10 0.69856 0.369308 0.118673 0.0176011 0.00187302
55 0.500916 0.0404119 0.0739532 0.0799919 0.00180884
10 0.796011 0.486536 0.00895074 0.0222389 0.00177939
42 0.501012 0.0400016 0.0730566 0.0800033 0.0017519
44 0.18401 0.821913 0.0248596 0.0243706 0.0016947
46 0.178001 0.308189 0.177659 0.299033 0.00167984
18 0.227823 0.905918 0.147348 0.184368 0.00165986
29 0.501732 0.42673 0.153912 0.0404812 0.00161807
27 0.245779 0.352889 0.0913289 0.0803807 0.00160488
44 0.698422 0.3421 0.119159 0.024282 0.00155196
10 0.485329 0.380776 0.130921 0.0203713 0.00148357
27 0.225 0.791153 0.0590386 0.0339571 0.00146098
2 0.832209 0.13093 0.00954108 0.0222818 0.00142662
45 0.702296 0.840939 0.121189 0.0839206 0.00141918
44 0.422124 0.400969 0.0731574 0.0196231 0.00140827
10 0.236242 0.39683 0.0709858 0.024211 0.00138847
59 0.245779 0.352889 0.0913289 0.0803807 0.001352
45 0.485329 0.380776 0.130921 0.0203713 0.00134424
42 0.219214 0.0413791 0.0823831 0.0827582 0.00134092
51 0.348403 0.0475141 0.102125 0.0950281 0.00133715
27 0.493578 0.353359 0.119678 0.0626438 0.00132106
10 0.278222 0.0498732 0.0293072 0.0993198 0.00131043
9 0.585887 0.0365174 0.0568958 0.071585 0.00129452
49 0.536878 0.293004 0.0511191 0.0751047 0.0012805
44 0.245779 0.352889 0.0913289 0.0803807 0.00127761
33 0.234072 0.765248 0.0178289 0.0254547 0.00127626
27 0.254051 0.771895 0.0480562 0.012962 0.00125159
10 0.158798 0.730663 0.0148909 0.0619266 0.00123915
10 0.251792 0.401181 0.104751 0.0348768 0.00121717
27 0.715587 0.412343 0.112349 0.0217371 0.00120833
10 0.502384 0.0399864 0.0755309 0.0793465 0.00117783
34 0.503207 0.0397247 0.0783564 0.0794493 0.00116213
44 0.206364 0.0909216 0.0583183 0.0276908 0.00115171
10 0.789334 0.482861 0.0262882 0.0225491 0.00110419
44 0.704782 0.437866 0.128609 0.0188056 0.00106753
51 0.500916 0.0404119 0.0739532 0.0799919 0.00105257
