10 0.66108 0.695156 0.157081 0.51829 0.886624
10 0.321562 0.255172 0.102602 0.203474 0.839926
10 0.555864 0.502404 0.0709835 0.320818 0.753365
10 0.661241 0.428185 0.153332 0.603844 0.109944
10 0.658537 0.316258 0.143407 0.377902 0.102788
14 0.321651 0.256674 0.103181 0.206241 0.0407966
10 0.282715 0.375001 0.0828378 0.0808138 0.0142435
10 0.304436 0.375037 0.0493309 0.0707304 0.00709384
14 0.659118 0.694407 0.161083 0.524176 0.00299765
48 0.281913 0.374726 0.0820923 0.0813162 0.00252802
19 0.489148 0.474445 0.978295 0.948889 0.00236252
10 0.318282 0.373172 0.0687882 0.0655611 0.00196026
26 0.555827 0.502513 0.0705366 0.321813 0.00146035
10 0.264468 0.375949 0.0514598 0.0778053 0.00127295
