58 0.52287 0.523883 0.287094 0.697568 0.965761
29 0.162409 0.287932 0.319448 0.152438 0.796998
10 0.0308966 0.184658 0.0603746 0.129434 0.647491
29 0.120837 0.292752 0.231684 0.118048 0.0321203
55 0.905135 0.686617 0.189457 0.626766 0.00481885
10 0.117196 0.168019 0.0354646 0.0722018 0.00255387
29 0.00144367 0.382965 0.00288734 0.263111 0.0020469
10 0.00900212 0.217395 0.0142471 0.0626449 0.00173125
19 0.395199 0.000540121 0.445978 0.00108024 0.00146913
39 0.471271 0.205723 0.0518825 0.0240661 0.0014681
33 0.472022 0.204768 0.052239 0.0243799 0.00139135
52 0.471271 0.205723 0.0518825 0.0240661 0.00133343
29 0.00717539 0.468226 0.0143508 0.492503 0.00128958
10 0.00836918 0.183823 0.015531 0.122944 0.00106878
34 0.471271 0.205723 0.0518825 0.0240661 0.0010538
