1 0.631745 0.191108 0.262902 0.193537 0.969982
4 0.0461784 0.746921 0.0922455 0.11923 0.92972
4 0.458622 0.715865 0.0437762 0.0496366 0.899377
4 0.267019 0.704863 0.0774987 0.0426507 0.896212
4 0.553465 0.713759 0.0495518 0.0646509 0.864061
7 0.393288 0.525799 0.0108196 0.0405258 0.819802
4 0.418255 0.703914 0.0298424 0.0387907 0.808725
7 0.365451 0.529132 0.0166726 0.0128941 0.754494
1 0.418686 0.636259 0.0330101 0.0257789 0.71952
1 0.665299 0.616123 0.0265339 0.0468153 0.643419
7 0.281969 0.652472 0.00694675 0.0281525 0.582441
7 0.489966 0.576742 0.00676144 0.0278532 0.575673
1 0.0972769 0.598817 0.030849 0.103237 0.573297
4 0.393355 0.703552 0.0193399 0.0239078 0.528271
4 0.481038 0.69877 0.011425 0.0145522 0.505024
7 0.507925 0.575342 0.00982529 0.0172439 0.487573
4 0.510214 0.70429 0.0193448 0.0293483 0.442724
4 0.495695 0.700324 0.00841931 0.0122282 0.422155
4 0.584455 0.706056 0.0173057 0.0305473 0.363196
4 0.173818 0.696717 0.0361316 0.0240662 0.351198
6 0.510864 0.702785 0.0201284 0.0319363 0.290767
2 0.552898 0.459328 0.00752686 0.0116486 0.275777
1 0.533638 0.675224 0.00892517 0.0295992 0.255019
2 0.520056 0.457824 0.00544543 0.0160272 0.232642
2 0.54044 0.459131 0.00716748 0.0123096 0.224407
2 0.297576 0.571044 0.00844095 0.0118205 0.204934
5 0.510045 0.705002 0.0193341 0.0273192 0.194424
2 0.300476 0.570451 0.0109256 0.0107062 0.124787
4 0.180925 0.697248 0.0543909 0.0276252 0.10386
7 0.290613 0.655134 0.00690387 0.0214426 0.100525
1 0.538306 0.67556 0.0117846 0.0245706 0.0875981
4 0.587225 0.703242 0.0136262 0.0292662 0.0864157
4 0.484763 0.700231 0.00983597 0.0154788 0.0846332
2 0.540969 0.464397 0.00831757 0.0177064 0.0818232
1 0.60658 0.651252 0.0151362 0.0506693 0.0799522
2 0.143473 0.0935829 0.0308001 0.0418351 0.074576
4 0.442869 0.716526 0.0158275 0.0461527 0.0710194
6 0.66815 0.688576 0.0475851 0.0519373 0.0702574
1 0.465568 0.666364 0.0100409 0.0122634 0.0701549
1 0.496119 0.678115 0.0111745 0.0130813 0.064843
7 0.364426 0.609424 0.00951544 0.0107627 0.0597403
4 0.501345 0.69773 0.0105218 0.0215704 0.0582594
1 0.463901 0.667904 0.00775415 0.0112179 0.056632
2 0.552801 0.463921 0.00773547 0.0185554 0.0535908
4 0.441045 0.705605 0.0150332 0.0356351 0.0513444
4 0.241962 0.699261 0.0264575 0.0260247 0.0504518
7 0.396694 0.609149 0.0076926 0.0110092 0.0475463
7 0.288756 0.651929 0.00960114 0.0270017 0.0452108
1 0.496384 0.669068 0.0115746 0.0174158 0.0443396
1 0.467097 0.671911 0.0101828 0.0207813 0.0387372
5 0.392617 0.704013 0.0178822 0.0231157 0.0385382
6 0.479167 0.689401 0.0160411 0.0220334 0.0356766
2 0.549116 0.458384 0.00915338 0.0146118 0.0352054
2 0.266559 0.479809 0.0117802 0.0161117 0.0331327
0 0.587225 0.703242 0.0136262 0.0292662 0.0320035
2 0.330654 0.611104 0.00509485 0.0143614 0.0314359
4 0.533167 0.698704 0.0092663 0.0200404 0.0313147
5 0.584115 0.705435 0.0169598 0.0285639 0.0303893
15 0.669162 0.687802 0.0449943 0.046306 0.029451
2 0.364426 0.609424 0.00951544 0.0107627 0.0294134
4 0.47566 0.707833 0.0120689 0.0295102 0.0288918
4 0.49645 0.70596 0.00918317 0.0216556 0.0275364
12 0.603067 0.667102 0.0401032 0.0818471 0.0272044
6 0.644132 0.693631 0.034514 0.0548029 0.0270612
1 0.460313 0.666437 0.0164874 0.0124361 0.0266795
7 0.363804 0.617183 0.0117605 0.0254545 0.0265729
2 0.519913 0.46223 0.00638532 0.0219036 0.0263103
6 0.418611 0.703657 0.0310019 0.0398006 0.0256341
8 0.585244 0.705531 0.0159846 0.028185 0.0246905
4 0.421179 0.685611 0.0174556 0.0135479 0.0242891
6 0.604986 0.699926 0.0399507 0.0399773 0.0234347
7 0.360338 0.610644 0.00960715 0.0131944 0.0231587
12 0.66815 0.688576 0.0475851 0.0519373 0.0228051
14 0.651819 0.724539 0.0137317 0.0427088 0.022601
0 0.584115 0.705435 0.0169598 0.0285639 0.0217276
4 0.680832 0.702792 0.0187037 0.0162882 0.0214737
0 0.495695 0.700324 0.00841931 0.0122282 0.0212032
7 0.359767 0.616612 0.00966791 0.0237553 0.0205549
4 0.348 0.694412 0.00984546 0.0229049 0.0200117
4 0.898599 0.702281 0.0234933 0.0172664 0.019531
6 0.495695 0.700324 0.00841931 0.0122282 0.019434
5 0.587225 0.703242 0.0136262 0.0292662 0.0193733
1 0.607621 0.652028 0.0223183 0.0594691 0.0192603
6 0.481038 0.69877 0.011425 0.0145522 0.0184176
1 0.396667 0.637207 0.0111155 0.0277666 0.0183204
1 0.638859 0.66543 0.00930939 0.0157528 0.017803
2 0.260783 0.479432 0.00879471 0.0172382 0.0177636
7 0.333008 0.61672 0.00702478 0.016806 0.0175183
7 0.284264 0.645331 0.00706833 0.0265546 0.017509
6 0.659404 0.689245 0.0273912 0.0477056 0.0171351
6 0.496119 0.678115 0.0111745 0.0130813 0.0170474
4 0.448929 0.699758 0.0174684 0.0269515 0.0168427
4 0.24135 0.686837 0.0189583 0.015455 0.0167697
7 0.345219 0.678075 0.00734531 0.0148566 0.0167469
1 0.503761 0.668416 0.00712253 0.0169935 0.0166883
7 0.638859 0.66543 0.00930939 0.0157528 0.0164368
15 0.659404 0.689245 0.0273912 0.0477056 0.0163699
1 0.345219 0.678075 0.00734531 0.0148566 0.0163143
0 0.511167 0.705277 0.0197451 0.0286665 0.0160405
7 0.196434 0.656238 0.00972908 0.0223273 0.0153397
7 0.297576 0.571044 0.00844095 0.0118205 0.015324
6 0.655781 0.698685 0.0173209 0.0333349 0.0152397
2 0.619908 0.624124 0.0102826 0.0134244 0.0151591
6 0.180925 0.697248 0.0543909 0.0276252 0.0150413
12 0.607614 0.698346 0.0481263 0.052196 0.0148024
1 0.479167 0.689401 0.0160411 0.0220334 0.0145111
4 0.222493 0.696082 0.0264675 0.0186489 0.0139953
6 0.501345 0.69773 0.0105218 0.0215704 0.0129637
6 0.173818 0.696717 0.0361316 0.0240662 0.0128118
1 0.453838 0.673079 0.0151005 0.0194392 0.0126281
1 0.439932 0.66521 0.00782217 0.013364 0.0126034
2 0.539393 0.453961 0.00656116 0.0182696 0.0123115
0 0.533167 0.698704 0.0092663 0.0200404 0.0121861
1 0.665989 0.606709 0.0213713 0.0592102 0.0119167
7 0.534218 0.677171 0.00870575 0.0358458 0.011374
0 0.481038 0.69877 0.011425 0.0145522 0.0113483
1 0.422428 0.656642 0.025527 0.0398828 0.0112016
7 0.396626 0.620143 0.0107292 0.0197049 0.0111098
7 0.362066 0.623227 0.0102052 0.0316514 0.0110579
14 0.64854 0.728299 0.0127239 0.0330875 0.0109694
1 0.396626 0.620143 0.0107292 0.0197049 0.0109675
2 0.360338 0.610644 0.00960715 0.0131944 0.0109364
14 0.135881 0.691864 0.0101837 0.0265799 0.0109264
8 0.49645 0.70596 0.00918317 0.0216556 0.0108007
4 0.604986 0.699926 0.0399507 0.0399773 0.0107131
1 0.435589 0.669442 0.00854071 0.021063 0.0106956
7 0.283493 0.660999 0.00995956 0.0227234 0.0105994
14 0.206127 0.713052 0.0127666 0.0331953 0.0105041
14 0.364874 0.701033 0.0105421 0.0178048 0.0103525
2 0.771764 0.119961 0.0113971 0.0160769 0.0102805
7 0.330654 0.611104 0.00509485 0.0143614 0.0102775
7 0.274741 0.653877 0.014737 0.0307547 0.0102622
7 0.486179 0.576561 0.0109472 0.027485 0.0101516
7 0.40194 0.61067 0.0103599 0.0131907 0.0101436
8 0.511167 0.705277 0.0197451 0.0286665 0.0100946
4 0.170594 0.68936 0.0230272 0.0207194 0.0100496
8 0.39373 0.705277 0.0188521 0.0232437 0.00989042
0 0.344903 0.692416 0.00914725 0.0381806 0.00965341
0 0.484763 0.700231 0.00983597 0.0154788 0.00962966
1 0.364426 0.609424 0.00951544 0.0107627 0.00962523
6 0.393355 0.703552 0.0193399 0.0239078 0.00955974
1 0.635207 0.667619 0.0109346 0.0166127 0.00942947
4 0.367043 0.702498 0.0102744 0.0176133 0.00928762
7 0.511135 0.57818 0.0145213 0.0147522 0.00912656
8 0.484763 0.700231 0.00983597 0.0154788 0.00909208
1 0.40194 0.61067 0.0103599 0.0131907 0.0090036
2 0.268852 0.483198 0.00884335 0.0194131 0.00848869
1 0.418101 0.659541 0.023127 0.0310107 0.0084866
12 0.641172 0.688999 0.0305068 0.0591638 0.00829868
6 0.553747 0.698701 0.0413577 0.0347224 0.008159
6 0.605663 0.681691 0.0425966 0.0789206 0.0077844
4 0.310944 0.699941 0.0248786 0.0203173 0.00775648
1 0.507188 0.577698 0.00994046 0.0156511 0.00756418
6 0.584115 0.705435 0.0169598 0.0285639 0.00746976
7 0.282156 0.573333 0.0066637 0.0196199 0.00746668
12 0.639063 0.691809 0.0893359 0.0589742 0.00720942
6 0.423017 0.685994 0.0183109 0.0159661 0.00716019
2 0.534864 0.465018 0.0104727 0.0163792 0.00712033
1 0.413309 0.612566 0.0110369 0.0171047 0.00699745
5 0.495695 0.700324 0.00841931 0.0122282 0.00691159
1 0.396694 0.609149 0.0076926 0.0110092 0.00685617
8 0.367043 0.702498 0.0102744 0.0176133 0.00680356
6 0.509686 0.678169 0.0143317 0.0199989 0.006694
7 0.332296 0.634557 0.0102261 0.0374693 0.00666607
4 0.55197 0.684034 0.0317021 0.0189792 0.00663132
1 0.655147 0.618945 0.0187442 0.0406105 0.00629711
7 0.347113 0.621228 0.0137854 0.0155623 0.00612084
14 0.585904 0.705629 0.0161415 0.0324976 0.00611741
2 0.396694 0.609149 0.0076926 0.0110092 0.00609669
4 0.175572 0.703446 0.0584891 0.03653 0.00608521
6 0.63527 0.684842 0.0189944 0.042889 0.00607802
6 0.533167 0.698704 0.0092663 0.0200404 0.00606042
1 0.388988 0.634773 0.0269114 0.0321745 0.00595366
6 0.55197 0.684034 0.0317021 0.0189792 0.00594928
1 0.4771 0.668637 0.0119525 0.017249 0.00579107
4 0.564314 0.686008 0.0159412 0.0166916 0.00577529
6 0.599037 0.696364 0.0250005 0.0351914 0.0057548
15 0.509986 0.696995 0.0183283 0.0397849 0.00571138
1 0.489578 0.676659 0.0176939 0.0157978 0.00567647
2 0.605142 0.607209 0.0124939 0.0339801 0.00565455
4 0.652312 0.716845 0.0130574 0.0346371 0.00547034
15 0.647566 0.69173 0.0372231 0.0599574 0.00545861
2 0.771143 0.130685 0.0111949 0.0124576 0.00542962
6 0.448929 0.699758 0.0174684 0.0269515 0.00542153
6 0.587225 0.703242 0.0136262 0.0292662 0.0053821
6 0.639063 0.691809 0.0893359 0.0589742 0.00537965
2 0.89043 0.584258 0.0115655 0.014617 0.0053316
2 0.531897 0.460038 0.00488178 0.0125508 0.00532696
14 0.367043 0.702498 0.0102744 0.0176133 0.00531413
1 0.377282 0.683412 0.0114979 0.0159337 0.00526548
1 0.899535 0.487734 0.0552231 0.0517562 0.00522621
2 0.263575 0.455704 0.0106259 0.0155613 0.00520983
2 0.282156 0.573333 0.0066637 0.0196199 0.00517831
2 0.25992 0.453729 0.0107186 0.0200501 0.00516633
4 0.237134 0.687821 0.0180022 0.0177858 0.00513559
6 0.620252 0.698489 0.0181229 0.0410451 0.00513251
2 0.122537 0.103494 0.0249073 0.0266189 0.00511626
6 0.26608 0.704186 0.0796366 0.037966 0.0051045
8 0.364874 0.701033 0.0105421 0.0178048 0.00504613
14 0.511167 0.705277 0.0197451 0.0286665 0.00487268
4 0.305473 0.698399 0.0341543 0.0239627 0.00487166
0 0.743994 0.697554 0.0113594 0.0234778 0.00483645
1 0.360338 0.610644 0.00960715 0.0131944 0.00483075
1 0.382467 0.626072 0.0200993 0.0260514 0.004785
14 0.197225 0.722399 0.0169789 0.0344444 0.0047377
2 0.259713 0.473925 0.00932675 0.0253729 0.00465732
15 0.479167 0.689401 0.0160411 0.0220334 0.00463973
15 0.663795 0.684776 0.031443 0.0647421 0.00463514
4 0.479167 0.689401 0.0160411 0.0220334 0.00463036
8 0.495695 0.700324 0.00841931 0.0122282 0.00462864
1 0.359767 0.616612 0.00966791 0.0237553 0.00461046
1 0.60708 0.606545 0.0175229 0.038467 0.00460885
8 0.389157 0.702947 0.0188863 0.0231745 0.00460055
7 0.197341 0.645547 0.0116743 0.0303715 0.00457658
0 0.393355 0.703552 0.0193399 0.0239078 0.00456022
4 0.89481 0.730333 0.0423218 0.0685772 0.00455859
14 0.185526 0.707624 0.046892 0.0434733 0.00454284
4 0.661614 0.713498 0.0210642 0.029672 0.00452745
0 0.49645 0.70596 0.00918317 0.0216556 0.00451039
2 0.257738 0.530118 0.00871094 0.0191656 0.00450934
2 0.284264 0.645331 0.00706833 0.0265546 0.00450824
1 0.237993 0.534313 0.0495467 0.086881 0.00447246
1 0.522445 0.670548 0.0106362 0.0213412 0.00447124
1 0.583108 0.642626 0.00898926 0.0279875 0.00446691
2 0.866335 0.13369 0.0104976 0.0154218 0.00442207
0 0.348 0.694412 0.00984546 0.0229049 0.00441154
1 0.363804 0.617183 0.0117605 0.0254545 0.00437603
1 0.197909 0.621183 0.0159038 0.0512529 0.00435344
1 0.843915 0.678369 0.0129581 0.0214934 0.00434757
7 0.635207 0.667619 0.0109346 0.0166127 0.00424493
6 0.631551 0.697086 0.0292415 0.0458433 0.00421145
2 0.136525 0.102854 0.0191845 0.0317611 0.00418601
0 0.680832 0.702792 0.0187037 0.0162882 0.00413305
14 0.14857 0.714922 0.0118911 0.0330219 0.00412263
6 0.533638 0.675224 0.00892517 0.0295992 0.0041222
4 0.655781 0.698685 0.0173209 0.0333349 0.00406401
12 0.596108 0.666038 0.0381599 0.0554008 0.00405509
4 0.679995 0.70702 0.0199377 0.0201122 0.00405442
0 0.364874 0.701033 0.0105421 0.0178048 0.00400603
1 0.84339 0.661416 0.0120026 0.0269495 0.00398995
0 0.534218 0.677171 0.00870575 0.0358458 0.00396959
2 0.839904 0.241239 0.0102102 0.0158051 0.0039545
2 0.297027 0.575683 0.00838644 0.0199343 0.00392738
1 0.599906 0.654552 0.0356882 0.0638381 0.00386493
6 0.655446 0.693053 0.0602271 0.0498919 0.00382614
2 0.246024 0.560878 0.0104994 0.0224266 0.00382331
7 0.549116 0.458384 0.00915338 0.0146118 0.00370297
0 0.652312 0.716845 0.0130574 0.0346371 0.00367315
7 0.351137 0.683087 0.00981931 0.0233166 0.00363922
4 0.667885 0.694068 0.0396013 0.0397546 0.00358683
4 0.584691 0.695962 0.0161929 0.0363115 0.00357635
6 0.696397 0.68548 0.101366 0.0551612 0.00357386
4 0.496119 0.678115 0.0111745 0.0130813 0.00355311
7 0.24664 0.554422 0.0120959 0.0324676 0.00353861
14 0.680832 0.702792 0.0187037 0.0162882 0.00350593
12 0.479167 0.689401 0.0160411 0.0220334 0.00348064
5 0.604986 0.699926 0.0399507 0.0399773 0.00344064
14 0.20462 0.722436 0.01298 0.0313256 0.00343082
14 0.151661 0.710948 0.0126649 0.030812 0.0034179
6 0.616693 0.694125 0.026391 0.0432745 0.00337396
1 0.509986 0.696995 0.0183283 0.0397849 0.00332647
1 0.591771 0.661725 0.0268336 0.0492927 0.00332448
4 0.150181 0.695498 0.0371439 0.0285879 0.00329473
6 0.412394 0.69543 0.0307879 0.0452151 0.00328167
1 0.245861 0.542297 0.0197766 0.0483796 0.0032692
1 0.412647 0.659229 0.0219394 0.0287234 0.00326071
1 0.675865 0.604092 0.0255466 0.0632096 0.00325026
6 0.552152 0.679169 0.0439346 0.0312137 0.00320278
5 0.180925 0.697248 0.0543909 0.0276252 0.00315101
0 0.367043 0.702498 0.0102744 0.0176133 0.00308011
6 0.663795 0.684776 0.031443 0.0647421 0.00307133
4 0.893606 0.711028 0.0370212 0.0304272 0.00306228
1 0.362066 0.623227 0.0102052 0.0316514 0.00300888
5 0.49645 0.70596 0.00918317 0.0216556 0.00296161
8 0.680832 0.702792 0.0187037 0.0162882 0.00295476
2 0.559044 0.607017 0.00770544 0.00934236 0.00293068
1 0.423017 0.685994 0.0183109 0.0159661 0.00292756
14 0.392617 0.704013 0.0178822 0.0231157 0.00292659
12 0.599231 0.653022 0.0367398 0.0540821 0.00289018
5 0.481038 0.69877 0.011425 0.0145522 0.00287533
1 0.647953 0.590538 0.0261077 0.110685 0.00287236
14 0.534218 0.677171 0.00870575 0.0358458 0.0028571
14 0.620328 0.706517 0.0139655 0.0310527 0.00280597
1 0.196434 0.656238 0.00972908 0.0223273 0.0027992
1 0.240974 0.546632 0.0371298 0.0605528 0.00278643
22 0.507188 0.577698 0.00994046 0.0156511 0.00277787
12 0.607621 0.652028 0.0223183 0.0594691 0.00276169
4 0.599037 0.696364 0.0250005 0.0351914 0.00276168
7 0.334332 0.627095 0.00827145 0.0227005 0.00274786
7 0.282029 0.57897 0.00538034 0.0274563 0.00273844
1 0.202728 0.622276 0.0218393 0.0571615 0.00272692
7 0.355276 0.637097 0.0141086 0.0212308 0.00272629
22 0.549116 0.458384 0.00915338 0.0146118 0.00270728
22 0.365451 0.529132 0.0166726 0.0128941 0.00269629
6 0.862121 0.704128 0.0469586 0.0606673 0.00267095
2 0.245966 0.476626 0.0099057 0.0138963 0.00263998
5 0.418058 0.704343 0.030265 0.0387402 0.00258952
4 0.160288 0.692478 0.0532543 0.027774 0.00258455
4 0.553747 0.698701 0.0413577 0.0347224 0.00248944
4 0.63527 0.684842 0.0189944 0.042889 0.00247531
