4 0.87772 0.801317 0.241952 0.329883 0.955801
6 0.685008 0.661212 0.118435 0.224964 0.93632
4 0.488144 0.731072 0.138459 0.166997 0.935483
1 0.0528954 0.312496 0.105791 0.187467 0.933816
1 0.276748 0.303269 0.160538 0.194292 0.909178
4 0.567862 0.711224 0.068634 0.101601 0.909054
1 0.576717 0.59884 0.0487053 0.048341 0.851082
1 0.504579 0.601636 0.0490535 0.0467467 0.815934
4 0.782818 0.70706 0.0565002 0.0861333 0.782728
4 0.750792 0.702225 0.0238786 0.055967 0.682067
1 0.426254 0.661713 0.0131997 0.0254181 0.572191
4 0.618056 0.700449 0.0251576 0.0443884 0.562826
1 0.426448 0.646931 0.0111781 0.0191319 0.378158
6 0.613689 0.665767 0.0159269 0.0245836 0.171331
4 0.761206 0.700718 0.0167985 0.0569966 0.156192
6 0.622278 0.687506 0.0190875 0.070755 0.134774
6 0.617517 0.69577 0.024648 0.052825 0.1076
4 0.00870296 0.708972 0.0156331 0.0435875 0.102814
4 0.608588 0.703593 0.0105923 0.0393221 0.0981478
1 0.613689 0.665767 0.0159269 0.0245836 0.0881577
4 0.616587 0.688496 0.0240606 0.0698515 0.0721361
4 0.598458 0.703026 0.0148671 0.0403375 0.063506
1 0.425001 0.65322 0.0137611 0.0299575 0.0531074
1 0.189817 0.345132 0.0189656 0.0944921 0.0392532
1 0.747935 0.66213 0.01333 0.0301917 0.0337022
6 0.426254 0.661713 0.0131997 0.0254181 0.027148
4 0.747935 0.66213 0.01333 0.0301917 0.0252509
4 0.759015 0.677062 0.0180237 0.0171604 0.0239287
4 0.739303 0.705917 0.0212313 0.0540345 0.0230399
6 0.747935 0.66213 0.01333 0.0301917 0.0230007
7 0.134171 0.59252 0.0102325 0.0361484 0.0190961
8 0.00848282 0.709659 0.0161442 0.0446534 0.0175342
1 0.56406 0.662226 0.0139528 0.0104141 0.0163971
1 0.558085 0.650471 0.0156036 0.0291039 0.0158363
4 0.601436 0.694988 0.0124716 0.0386128 0.0156129
6 0.527114 0.661143 0.0153437 0.0195659 0.0153854
4 0.597864 0.689912 0.0157112 0.0437675 0.0150589
1 0.851347 0.616177 0.00896063 0.0426134 0.0148874
1 0.567756 0.651344 0.0169242 0.0253646 0.0146828
1 0.808824 0.641947 0.00935126 0.0280593 0.0132304
6 0.626776 0.674705 0.0164641 0.102858 0.0125931
1 0.755893 0.60323 0.00924725 0.0208736 0.012327
22 0.395779 0.7451 0.0176588 0.0735436 0.0107421
6 0.597864 0.689912 0.0157112 0.0437675 0.0104362
3 0.00848282 0.709659 0.0161442 0.0446534 0.0104145
6 0.610953 0.691765 0.0197018 0.0583685 0.0103815
8 0.75045 0.700399 0.0224361 0.0513636 0.0101215
0 0.75045 0.700399 0.0224361 0.0513636 0.00972563
4 0.610953 0.691765 0.0197018 0.0583685 0.00944657
1 0.747053 0.654433 0.0114806 0.0275034 0.00794935
0 0.598458 0.703026 0.0148671 0.0403375 0.00789952
6 0.595812 0.669371 0.0149775 0.0191545 0.00750089
1 0.557998 0.665102 0.0108589 0.0105678 0.0073608
4 0.527114 0.661143 0.0153437 0.0195659 0.00717043
1 0.589985 0.645774 0.0132805 0.0147991 0.00680322
7 0.851347 0.616177 0.00896063 0.0426134 0.00658717
0 0.761228 0.695994 0.0163024 0.0472338 0.00657272
6 0.523275 0.659396 0.0196984 0.0196021 0.00630895
1 0.808695 0.630286 0.00872418 0.0275221 0.00602711
1 0.151606 0.58411 0.0316725 0.0520035 0.00600804
0 0.608126 0.70449 0.0115439 0.0387953 0.00595498
1 0.44589 0.656458 0.00781854 0.0158576 0.00582367
4 0.545873 0.665821 0.0169309 0.01194 0.00580512
6 0.426448 0.646931 0.0111781 0.0191319 0.00565265
15 0.613689 0.665767 0.0159269 0.0245836 0.00556182
4 0.523275 0.659396 0.0196984 0.0196021 0.00553266
1 0.535347 0.635358 0.0116716 0.0171621 0.00519403
1 0.00870296 0.708972 0.0156331 0.0435875 0.00516448
1 0.606828 0.637187 0.0133565 0.0173094 0.00462484
1 0.616207 0.638096 0.0190321 0.0210515 0.00450069
15 0.747935 0.66213 0.01333 0.0301917 0.00444118
4 0.602676 0.72186 0.0145133 0.0571655 0.00442001
1 0.24318 0.688984 0.026414 0.0451663 0.00437702
1 0.43006 0.683341 0.0113551 0.0140318 0.00427506
6 0.42973 0.66296 0.0187755 0.0274395 0.00426417
22 0.390786 0.744073 0.0161489 0.0741436 0.0041409
1 0.42973 0.66296 0.0187755 0.0274395 0.00407133
1 0.23449 0.693476 0.010804 0.0361548 0.00399585
4 0.557998 0.665102 0.0108589 0.0105678 0.00392034
1 0.134171 0.59252 0.0102325 0.0361484 0.00368412
1 0.848143 0.610821 0.011153 0.0444528 0.00367888
4 0.543819 0.70358 0.0280717 0.0958275 0.00366205
1 0.54593 0.649165 0.0166277 0.0307128 0.00352782
1 0.426068 0.631115 0.0110015 0.0196525 0.00342081
4 0.546956 0.676448 0.0224564 0.02878 0.00339783
4 0.735371 0.713688 0.0150844 0.0587079 0.00336619
0 0.618056 0.700449 0.0251576 0.0443884 0.00332766
1 0.422178 0.624273 0.01145 0.0131399 0.00328381
4 0.525916 0.673774 0.0452603 0.050107 0.00319827
6 0.616207 0.638096 0.0190321 0.0210515 0.0030737
15 0.597864 0.689912 0.0157112 0.0437675 0.0030246
15 0.616587 0.688496 0.0240606 0.0698515 0.00299831
7 0.808824 0.641947 0.00935126 0.0280593 0.00291179
1 0.5829 0.649349 0.0121095 0.0240916 0.002881
1 0.245923 0.683776 0.0189306 0.0365376 0.0028555
6 0.504061 0.600914 0.0479903 0.0468939 0.00283738
4 0.43006 0.683341 0.0113551 0.0140318 0.00273435
5 0.616587 0.688496 0.0240606 0.0698515 0.00266099
6 0.43006 0.683341 0.0113551 0.0140318 0.00263451
1 0.595812 0.669371 0.0149775 0.0191545 0.00261277
4 0.607803 0.738644 0.0126041 0.0501588 0.00260643
4 0.24409 0.688302 0.0241633 0.0460499 0.00238295
7 0.808695 0.630286 0.00872418 0.0275221 0.00236442
4 0.595812 0.669371 0.0149775 0.0191545 0.00236249
2 0.136029 0.291315 0.0104133 0.0128711 0.00234283
5 0.00848282 0.709659 0.0161442 0.0446534 0.00231741
1 0.210449 0.73028 0.0187364 0.0308266 0.0022977
1 0.755169 0.62615 0.0196517 0.0270433 0.00224715
1 0.412511 0.646201 0.0154033 0.0181638 0.00220209
4 0.518856 0.648646 0.0172525 0.0160537 0.00219887
7 0.151262 0.584639 0.0305418 0.0522215 0.00213826
4 0.430831 0.695147 0.00859555 0.0211559 0.00212431
6 0.747053 0.654433 0.0114806 0.0275034 0.00210886
22 0.426448 0.646931 0.0111781 0.0191319 0.00208623
6 0.545873 0.665821 0.0169309 0.01194 0.00207067
6 0.557998 0.665102 0.0108589 0.0105678 0.00199664
1 0.817017 0.582201 0.0157892 0.0302517 0.0019878
1 0.767511 0.667776 0.0113694 0.0216379 0.0018772
1 0.424382 0.611622 0.014371 0.0199666 0.00187174
7 0.755893 0.60323 0.00924725 0.0208736 0.00185684
0 0.759015 0.677062 0.0180237 0.0171604 0.00183674
6 0.56406 0.662226 0.0139528 0.0104141 0.00182769
1 0.432039 0.642286 0.0139859 0.022539 0.00181836
1 0.53333 0.649476 0.0105152 0.0223367 0.00181779
4 0.53645 0.680729 0.0243939 0.0535597 0.00180681
22 0.389468 0.715597 0.0118075 0.0240355 0.00179466
1 0.307011 0.637619 0.0059606 0.0124026 0.0017804
6 0.617505 0.658185 0.0198428 0.0619511 0.0017405
4 0.580859 0.664424 0.0121254 0.00915587 0.00171693
6 0.425001 0.65322 0.0137611 0.0299575 0.0017146
4 0.613689 0.665767 0.0159269 0.0245836 0.00170888
4 0.56406 0.662226 0.0139528 0.0104141 0.00170887
6 0.580859 0.664424 0.0121254 0.00915587 0.0017075
22 0.425071 0.658839 0.0138561 0.0279548 0.0016982
4 0.44589 0.656458 0.00781854 0.0158576 0.00169529
1 0.622278 0.687506 0.0190875 0.070755 0.00169417
1 0.796978 0.629853 0.0101138 0.0353987 0.00168609
8 0.608126 0.70449 0.0115439 0.0387953 0.00168328
2 0.307011 0.637619 0.0059606 0.0124026 0.0016519
4 0.598525 0.716127 0.0162777 0.0869769 0.00162777
14 0.616587 0.688496 0.0240606 0.0698515 0.00161113
22 0.607803 0.738644 0.0126041 0.0501588 0.00160856
1 0.492593 0.571421 0.0152394 0.0138184 0.00160174
2 0.968972 0.533545 0.00751123 0.0140834 0.00159589
0 0.616587 0.688496 0.0240606 0.0698515 0.00154448
6 0.750262 0.701023 0.0234735 0.0540327 0.00152675
5 0.618056 0.700449 0.0251576 0.0443884 0.00151804
4 0.797346 0.694967 0.0507731 0.068211 0.00148572
1 0.616587 0.688496 0.0240606 0.0698515 0.00148323
6 0.53333 0.649476 0.0105152 0.0223367 0.0014391
1 0.139133 0.584908 0.0152367 0.0518906 0.00143635
15 0.557998 0.665102 0.0108589 0.0105678 0.00143136
1 0.796538 0.644983 0.0109382 0.0345159 0.0014231
1 0.523275 0.659396 0.0196984 0.0196021 0.00140705
6 0.767511 0.667776 0.0113694 0.0216379 0.0013956
2 0.976195 0.534373 0.0102845 0.0158061 0.00136262
0 0.00870296 0.708972 0.0156331 0.0435875 0.00133979
8 0.607803 0.738644 0.0126041 0.0501588 0.00133723
13 0.56406 0.662226 0.0139528 0.0104141 0.00133621
22 0.576624 0.598966 0.0494224 0.0487715 0.00133611
2 0.00870296 0.708972 0.0156331 0.0435875 0.00133319
1 0.545873 0.665821 0.0169309 0.01194 0.00133316
4 0.42973 0.66296 0.0187755 0.0274395 0.00132864
14 0.00870296 0.708972 0.0156331 0.0435875 0.0013283
6 0.781019 0.667504 0.0193082 0.0154679 0.00132264
1 0.444688 0.651608 0.00859964 0.0214755 0.00132249
6 0.44589 0.656458 0.00781854 0.0158576 0.00132055
4 0.622278 0.687506 0.0190875 0.070755 0.00131928
1 0.617505 0.658185 0.0198428 0.0619511 0.00131287
4 0.451875 0.654797 0.0210778 0.0145596 0.00130652
15 0.610953 0.691765 0.0197018 0.0583685 0.00128407
4 0.781019 0.667504 0.0193082 0.0154679 0.00128159
4 0.505912 0.659193 0.0643465 0.0228695 0.0012724
7 0.425001 0.65322 0.0137611 0.0299575 0.00126007
1 0.818315 0.574763 0.0204207 0.0401566 0.00125766
7 0.307011 0.637619 0.0059606 0.0124026 0.00125717
4 0.783639 0.7509 0.0577623 0.177814 0.00124661
2 0.136953 0.295835 0.0100226 0.0175358 0.00124379
7 0.430831 0.695147 0.00859555 0.0211559 0.00123762
4 0.423964 0.699182 0.0140107 0.0209586 0.00123458
0 0.782921 0.706965 0.056691 0.0868489 0.00121865
1 0.755815 0.652391 0.0215731 0.0378907 0.00119696
1 0.8054 0.666084 0.0118389 0.0127865 0.00115993
2 0.87772 0.801317 0.241952 0.329883 0.00115737
7 0.817017 0.582201 0.0157892 0.0302517 0.00115517
0 0.597864 0.689912 0.0157112 0.0437675 0.00114944
14 0.2439 0.68941 0.0231588 0.0467184 0.00112594
7 0.848143 0.610821 0.011153 0.0444528 0.00110417
0 0.430831 0.695147 0.00859555 0.0211559 0.00109974
4 0.767511 0.667776 0.0113694 0.0216379 0.00109777
42 0.545873 0.665821 0.0169309 0.01194 0.00109767
1 0.157082 0.714222 0.0254679 0.0120638 0.00109304
1 0.580859 0.664424 0.0121254 0.00915587 0.00109185
15 0.595812 0.669371 0.0149775 0.0191545 0.00108471
6 0.629989 0.651726 0.0317469 0.146523 0.00107581
1 0.309356 0.636633 0.0087637 0.0121021 0.00107116
1 0.615693 0.631094 0.0210028 0.0170993 0.00106656
15 0.56406 0.662226 0.0139528 0.0104141 0.00105154
6 0.635591 0.682584 0.0163714 0.0818131 0.00105009
0 0.216222 0.0720301 0.194313 0.14406 0.00104378
1 0.447374 0.625615 0.0144774 0.0174941 0.00104078
1 0.507496 0.643729 0.0166187 0.0124377 0.00104074
0 0.747935 0.66213 0.01333 0.0301917 0.00103746
4 0.42561 0.723687 0.015904 0.0793809 0.00103001
43 0.383704 0.457816 0.767407 0.915631 0.00101761
1 0.547439 0.624603 0.0218072 0.0206605 0.00101758
7 0.802914 0.607093 0.00937604 0.0224173 0.0010033
