4 0.859494 0.677051 0.280169 0.642811 0.95221
4 0.0995959 0.357405 0.197562 0.206845 0.938381
0 0.564557 0.439882 0.0638807 0.309381 0.900009
4 0.421568 0.406022 0.094854 0.136269 0.893133
4 0.828808 0.483759 0.33854 0.418341 0.881102
16 0.51985 0.546947 0.0432556 0.0606016 0.789027
4 0.0350776 0.413643 0.0695722 0.118831 0.786603
4 0.614831 0.373785 0.0370952 0.0553602 0.786358
4 0.659519 0.418597 0.0571708 0.123875 0.781191
1 0.884496 0.176649 0.0526438 0.0802389 0.765462
4 0.346192 0.378638 0.0576063 0.0616401 0.687107
4 0.533341 0.4144 0.0176199 0.103526 0.431313
7 0.534155 0.282501 0.00954608 0.0316892 0.386117
4 0.72508 0.48634 0.132566 0.417143 0.36268
4 0.643261 0.379291 0.0379421 0.052936 0.338956
4 0.193045 0.346439 0.12174 0.182741 0.333445
4 0.389186 0.373867 0.0299499 0.055771 0.324824
4 0.348104 0.327735 0.0618005 0.0820093 0.316148
4 0.534604 0.359987 0.016715 0.0281357 0.294402
4 0.301726 0.328426 0.151447 0.0859665 0.253537
7 0.532678 0.309346 0.011039 0.0493293 0.201332
4 0.600134 0.37388 0.017778 0.0527128 0.160721
7 0.703743 0.245489 0.00771771 0.0239848 0.142835
7 0.533824 0.289415 0.0114378 0.0377042 0.128247
4 0.597398 0.366129 0.0128323 0.0381353 0.123304
23 0.519943 0.547217 0.0439027 0.0579127 0.113786
4 0.236608 0.341383 0.0428594 0.0438927 0.112745
4 0.285143 0.369103 0.12696 0.101522 0.108422
4 0.646771 0.334043 0.0267245 0.0242537 0.105839
4 0.234867 0.360231 0.0463348 0.0821442 0.0883877
5 0.0351077 0.413789 0.0702154 0.117955 0.0830443
3 0.519071 0.546831 0.0431537 0.0600494 0.0795112
4 0.654991 0.397592 0.0563975 0.0853603 0.0736646
4 0.42342 0.369455 0.0966107 0.0611616 0.0703064
4 0.129153 0.298719 0.256333 0.298395 0.0691262
4 0.642107 0.349314 0.036335 0.0169117 0.0646089
4 0.538018 0.414494 0.0150451 0.102255 0.0524077
14 0.538259 0.419611 0.01369 0.0937639 0.0504334
4 0.302459 0.317504 0.119902 0.0599438 0.0475611
6 0.348111 0.327373 0.0633767 0.0804125 0.0467943
4 0.670223 0.410632 0.0420597 0.121543 0.0463002
1 0.884622 0.27003 0.036443 0.0204476 0.040505
5 0.348049 0.325322 0.0622944 0.0785411 0.039349
4 0.538859 0.35778 0.0196903 0.0352285 0.037683
4 0.21587 0.356676 0.0833042 0.127306 0.0373782
8 0.595756 0.416195 0.0135284 0.0330995 0.0372305
1 0.727676 0.246427 0.0098634 0.0143386 0.0318115
4 0.656647 0.350118 0.0280022 0.0190601 0.0304203
0 0.597037 0.392718 0.0134153 0.0750074 0.0304172
4 0.337431 0.292414 0.0417934 0.0175627 0.0269678
4 0.52934 0.362557 0.0279766 0.0319888 0.0268064
8 0.597037 0.392718 0.0134153 0.0750074 0.0250058
0 0.533059 0.353707 0.0147021 0.0281965 0.0249791
4 0.597037 0.392718 0.0134153 0.0750074 0.0245218
4 0.237121 0.391066 0.034352 0.078512 0.0242253
4 0.242778 0.371003 0.0443787 0.104492 0.0231113
14 0.501169 0.435579 0.0735774 0.146119 0.0230914
4 0.639186 0.393359 0.0266422 0.0841264 0.0229074
3 0.595756 0.416195 0.0135284 0.0330995 0.0228267
4 0.637663 0.33571 0.0401614 0.0210668 0.0227226
4 0.517006 0.409515 0.0514406 0.118303 0.022248
4 0.533059 0.353707 0.0147021 0.0281965 0.0218663
4 0.68498 0.33389 0.0202576 0.0262389 0.0210505
7 0.536918 0.291277 0.0146096 0.0325547 0.0205708
4 0.527039 0.417638 0.0208984 0.0982527 0.017902
4 0.402001 0.377038 0.0554108 0.0657642 0.0173664
0 0.600134 0.37388 0.017778 0.0527128 0.0173105
4 0.304246 0.375708 0.138542 0.0776484 0.0163558
4 0.563996 0.437185 0.0651129 0.309253 0.0160468
0 0.643261 0.379291 0.0379421 0.052936 0.0153405
1 0.703743 0.245489 0.00771771 0.0239848 0.0150979
14 0.533082 0.416426 0.0164625 0.101327 0.0150067
4 0.260754 0.313809 0.160876 0.114897 0.0149839
4 0.369261 0.376603 0.0215653 0.0558153 0.0148515
6 0.30603 0.326849 0.145432 0.0812658 0.0130331
7 0.533248 0.272734 0.0104194 0.0447472 0.0129837
2 0.703743 0.245489 0.00771771 0.0239848 0.0127738
4 0.680516 0.340383 0.0268925 0.0248579 0.0126463
4 0.440878 0.361369 0.0539551 0.0480337 0.0125181
4 0.137185 0.355215 0.245939 0.142435 0.0123869
4 0.325189 0.29368 0.0551016 0.0220573 0.0121426
7 0.753177 0.245398 0.00634222 0.0245797 0.0118952
4 0.620305 0.33584 0.0138434 0.0230578 0.011627
4 0.663605 0.354024 0.0460045 0.0209969 0.0116242
6 0.884622 0.27003 0.036443 0.0204476 0.011301
8 0.519071 0.546831 0.0431537 0.0600494 0.0112939
4 0.540174 0.396654 0.0174359 0.111214 0.0112914
4 0.560461 0.372937 0.0494871 0.0509418 0.0110396
7 0.727676 0.246427 0.0098634 0.0143386 0.0109341
3 0.597037 0.392718 0.0134153 0.0750074 0.0104482
0 0.533082 0.416426 0.0164625 0.101327 0.0103319
8 0.237121 0.391066 0.034352 0.078512 0.0101754
0 0.595756 0.416195 0.0135284 0.0330995 0.0100748
0 0.597398 0.366129 0.0128323 0.0381353 0.00985909
8 0.600404 0.413921 0.012192 0.0346439 0.0092431
22 0.595756 0.416195 0.0135284 0.0330995 0.00922651
0 0.597724 0.344617 0.0122259 0.0240583 0.00910182
0 0.237121 0.391066 0.034352 0.078512 0.00906916
22 0.600404 0.413921 0.012192 0.0346439 0.00871728
4 0.502466 0.432436 0.0731108 0.136882 0.00855646
42 0.646771 0.334043 0.0267245 0.0242537 0.0085381
0 0.642107 0.349314 0.036335 0.0169117 0.00838868
0 0.656647 0.350118 0.0280022 0.0190601 0.00836074
0 0.607074 0.336941 0.0129542 0.0268929 0.00829886
18 0.519687 0.545106 0.042633 0.0634618 0.00828908
4 0.597724 0.344617 0.0122259 0.0240583 0.00799082
0 0.537958 0.413092 0.0156379 0.105765 0.00770417
7 0.537484 0.280863 0.0162128 0.0370666 0.00764204
4 0.339082 0.329584 0.0461946 0.0441663 0.00757408
4 0.0129157 0.454512 0.0244362 0.0379941 0.00756253
4 0.595756 0.416195 0.0135284 0.0330995 0.00748988
8 0.369226 0.38195 0.0208135 0.0501455 0.00714979
1 0.883881 0.277375 0.0355591 0.0325613 0.00710452
4 0.305358 0.302227 0.101124 0.0432134 0.00707977
4 0.607074 0.336941 0.0129542 0.0268929 0.00695772
0 0.519687 0.545106 0.042633 0.0634618 0.00683994
0 0.369226 0.38195 0.0208135 0.0501455 0.00680455
2 0.94013 0.203787 0.00878314 0.0189987 0.00669918
2 0.95296 0.203793 0.00880792 0.0160679 0.00620482
4 0.817053 0.524965 0.197109 0.314335 0.00619895
5 0.595756 0.416195 0.0135284 0.0330995 0.00616443
7 0.70761 0.245975 0.0106813 0.0210071 0.00609438
3 0.588362 0.43111 0.0188022 0.0581919 0.00590806
15 0.30603 0.326849 0.145432 0.0812658 0.00584206
0 0.680516 0.340383 0.0268925 0.0248579 0.00582602
1 0.532618 0.325997 0.0130529 0.0318757 0.00577543
7 0.536968 0.312573 0.0159964 0.0505006 0.00575859
2 0.727676 0.246427 0.0098634 0.0143386 0.00571581
13 0.556449 0.294793 0.0133784 0.0218143 0.00554694
0 0.666769 0.33712 0.0127011 0.0219865 0.00538935
4 0.666686 0.383827 0.0481703 0.0573389 0.00523509
0 0.620305 0.33584 0.0138434 0.0230578 0.00521078
8 0.588362 0.43111 0.0188022 0.0581919 0.0051889
0 0.540174 0.396654 0.0174359 0.111214 0.00510693
4 0.666769 0.33712 0.0127011 0.0219865 0.00504597
17 0.556449 0.294793 0.0133784 0.0218143 0.00503666
4 0.681755 0.348432 0.0222471 0.0251104 0.00497493
4 0.0770422 0.256631 0.149505 0.0405485 0.00482348
0 0.1014 0.228994 0.00996175 0.0179042 0.00479302
0 0.647093 0.336334 0.0257996 0.0261251 0.00476024
5 0.501037 0.426443 0.0678283 0.122645 0.00472065
0 0.233406 0.372465 0.0481709 0.115181 0.00466016
3 0.600404 0.413921 0.012192 0.0346439 0.00464237
6 0.904582 0.283667 0.0734896 0.0406786 0.00456895
1 0.1014 0.228994 0.00996175 0.0179042 0.00454592
0 0.58173 0.423887 0.0229899 0.0527745 0.00442374
14 0.346074 0.379376 0.0566005 0.0593693 0.00423789
22 0.369226 0.38195 0.0208135 0.0501455 0.00409008
1 0.595756 0.416195 0.0135284 0.0330995 0.00384635
4 0.689475 0.320757 0.0121599 0.0218141 0.00378668
5 0.643261 0.379291 0.0379421 0.052936 0.00376322
14 0.0351077 0.413789 0.0702154 0.117955 0.00375341
14 0.421824 0.406282 0.09501 0.135857 0.00372649
1 0.607074 0.336941 0.0129542 0.0268929 0.00366472
13 0.595756 0.416195 0.0135284 0.0330995 0.00363635
3 0.49717 0.547015 0.0896272 0.0634685 0.00352607
14 0.369226 0.38195 0.0208135 0.0501455 0.00350084
4 0.882421 0.270824 0.0356769 0.020873 0.00340628
9 0.595756 0.416195 0.0135284 0.0330995 0.00336164
4 0.647533 0.323191 0.0225865 0.024674 0.00335079
28 0.519593 0.545995 0.0431209 0.0623727 0.00332873
4 0.642312 0.416497 0.0292082 0.117304 0.0032977
8 0.600134 0.37388 0.017778 0.0527128 0.00319634
7 0.693343 0.246783 0.012069 0.0156328 0.00306701
22 0.517332 0.548608 0.0451301 0.0598362 0.0030532
0 0.614977 0.375144 0.0362871 0.0508781 0.00304798
14 0.517332 0.548608 0.0451301 0.0598362 0.00301101
0 0.753177 0.245398 0.00634222 0.0245797 0.00299489
0 0.203689 0.358538 0.103097 0.147914 0.00294707
22 0.532556 0.420805 0.0164344 0.0956407 0.00292906
8 0.643261 0.379291 0.0379421 0.052936 0.0028758
0 0.346074 0.379376 0.0566005 0.0593693 0.00287328
17 0.570791 0.316252 0.0135373 0.0282727 0.00286306
6 0.646771 0.334043 0.0267245 0.0242537 0.00279884
17 0.595756 0.416195 0.0135284 0.0330995 0.00279807
8 0.533059 0.353707 0.0147021 0.0281965 0.00278839
25 0.646771 0.334043 0.0267245 0.0242537 0.00277171
14 0.527039 0.417638 0.0208984 0.0982527 0.00276829
1 0.609181 0.32455 0.0121414 0.0274551 0.00275642
20 0.595756 0.416195 0.0135284 0.0330995 0.00274671
4 0.00948421 0.321429 0.0173068 0.0654315 0.00272667
8 0.597398 0.366129 0.0128323 0.0381353 0.00272079
4 0.228098 0.382376 0.0513332 0.104356 0.00268352
22 0.538259 0.419611 0.01369 0.0937639 0.00267407
1 0.902536 0.278464 0.0726333 0.0354179 0.00265439
22 0.703743 0.245489 0.00771771 0.0239848 0.00261814
14 0.595756 0.416195 0.0135284 0.0330995 0.00261284
22 0.597037 0.392718 0.0134153 0.0750074 0.00261172
15 0.348111 0.327373 0.0633767 0.0804125 0.00259642
0 0.68498 0.33389 0.0202576 0.0262389 0.00257095
4 0.448629 0.351958 0.0403439 0.0303932 0.00256595
9 0.58326 0.437095 0.0199412 0.0534778 0.00255996
14 0.533059 0.353707 0.0147021 0.0281965 0.00253788
8 0.0354303 0.415634 0.0708607 0.115172 0.00246571
4 0.532618 0.325997 0.0130529 0.0318757 0.00244965
10 0.554877 0.576319 0.019839 0.0254071 0.00244226
2 0.1014 0.228994 0.00996175 0.0179042 0.0024212
4 0.686617 0.322549 0.0168651 0.0248706 0.00239471
0 0.654991 0.397592 0.0563975 0.0853603 0.00238578
0 0.571792 0.393152 0.0511154 0.104502 0.0023764
4 0.697086 0.502663 0.0766708 0.297582 0.00236877
5 0.646771 0.334043 0.0267245 0.0242537 0.00236654
0 0.538859 0.35778 0.0196903 0.0352285 0.00234458
0 0.578507 0.401883 0.0352169 0.0710135 0.00229183
2 0.83996 0.172643 0.00876276 0.0173605 0.00220305
5 0.337431 0.292414 0.0417934 0.0175627 0.00219419
4 0.727676 0.246427 0.0098634 0.0143386 0.00217731
1 0.533928 0.281095 0.0104017 0.0313321 0.00217259
5 0.533059 0.353707 0.0147021 0.0281965 0.00213139
0 0.658526 0.322827 0.013012 0.025797 0.00209346
5 0.421824 0.406282 0.09501 0.135857 0.00208073
2 0.753177 0.245398 0.00634222 0.0245797 0.00206247
1 0.455748 0.315716 0.0109413 0.0431854 0.00203821
0 0.587681 0.375797 0.0186353 0.0739978 0.00203047
2 0.859673 0.679682 0.280499 0.637046 0.00202142
1 0.766023 0.265421 0.00787567 0.0184696 0.00201
1 0.881992 0.22155 0.0490665 0.111615 0.00196163
4 0.1014 0.228994 0.00996175 0.0179042 0.00193196
8 0.639186 0.393359 0.0266422 0.0841264 0.00189847
0 0.347659 0.325384 0.0624662 0.0778251 0.00189389
0 0.639186 0.393359 0.0266422 0.0841264 0.00189011
0 0.703743 0.245489 0.00771771 0.0239848 0.00188899
5 0.533955 0.406379 0.0178347 0.12111 0.00188161
8 0.0246374 0.436975 0.048068 0.0746731 0.00187761
19 0.500964 0.425008 0.0698362 0.125555 0.00183467
2 0.327331 0.196514 0.0103861 0.0131859 0.00181217
4 0.182322 0.310222 0.106452 0.0969037 0.00181113
6 0.260754 0.313809 0.160876 0.114897 0.0018026
5 0.534604 0.359987 0.016715 0.0281357 0.00176922
14 0.517177 0.417494 0.0455815 0.104717 0.00174781
1 0.620305 0.33584 0.0138434 0.0230578 0.00174225
14 0.486856 0.421272 0.048617 0.115529 0.00171046
1 0.753177 0.245398 0.00634222 0.0245797 0.00168739
17 0.518961 0.549655 0.0425866 0.0596674 0.00168503
6 0.883881 0.277375 0.0355591 0.0325613 0.00167121
1 0.117058 0.181459 0.038709 0.0276178 0.00166833
10 0.578014 0.579178 0.0171987 0.024253 0.00166188
2 0.533928 0.281095 0.0104017 0.0313321 0.00164293
14 0.657255 0.417486 0.0549935 0.122224 0.00163327
5 0.642107 0.349314 0.036335 0.0169117 0.00162925
4 0.587681 0.375797 0.0186353 0.0739978 0.00161732
4 0.142864 0.40652 0.135144 0.0979198 0.00161142
1 0.532678 0.309346 0.011039 0.0493293 0.00159906
10 0.595756 0.416195 0.0135284 0.0330995 0.00159779
4 0.628572 0.321396 0.0113518 0.0211517 0.0015674
0 0.666827 0.318709 0.00855786 0.0253551 0.00155195
4 0.0191096 0.429955 0.0369173 0.0865279 0.00154689
0 0.580198 0.346293 0.0172336 0.0448577 0.00153106
4 0.686332 0.343106 0.0239475 0.0442537 0.00152863
20 0.578014 0.579178 0.0171987 0.024253 0.00152319
13 0.570791 0.316252 0.0135373 0.0282727 0.00150465
5 0.30603 0.326849 0.145432 0.0812658 0.00149114
1 0.868576 0.278671 0.0298065 0.0325094 0.00148636
0 0.637663 0.33571 0.0401614 0.0210668 0.00147754
4 0.658526 0.322827 0.013012 0.025797 0.0014767
9 0.58173 0.423887 0.0229899 0.0527745 0.00146627
9 0.578014 0.579178 0.0171987 0.024253 0.00144947
4 0.49437 0.404936 0.0614576 0.0941025 0.00144369
6 0.642107 0.349314 0.036335 0.0169117 0.00143693
2 0.932933 0.206718 0.0169729 0.0285514 0.00143218
1 0.556449 0.294793 0.0133784 0.0218143 0.00142742
3 0.369226 0.38195 0.0208135 0.0501455 0.00141778
0 0.533824 0.289415 0.0114378 0.0377042 0.00141423
11 0.559965 0.384106 0.0489589 0.104324 0.00136737
9 0.579561 0.453822 0.0332513 0.102648 0.00136158
0 0.532618 0.325997 0.0130529 0.0318757 0.00133675
0 0.534155 0.282501 0.00954608 0.0316892 0.00133556
4 0.674844 0.427482 0.0319183 0.101147 0.00130436
18 0.449127 0.561902 0.0166522 0.014833 0.00129896
5 0.659323 0.41689 0.0544182 0.121902 0.0012875
7 0.52349 0.292338 0.0227541 0.0521451 0.00127762
1 0.533898 0.264163 0.010818 0.0432728 0.00127351
6 0.68498 0.33389 0.0202576 0.0262389 0.00126537
0 0.58326 0.437095 0.0199412 0.0534778 0.00126339
0 0.337431 0.292414 0.0417934 0.0175627 0.00125623
8 0.680516 0.340383 0.0268925 0.0248579 0.00121778
1 0.533824 0.289415 0.0114378 0.0377042 0.00121503
1 0.883338 0.257466 0.0331512 0.0334317 0.00120637
7 0.748349 0.247095 0.00941272 0.017318 0.00119978
12 0.884622 0.27003 0.036443 0.0204476 0.00119918
2 0.413109 0.170162 0.00842743 0.0111144 0.00119691
3 0.538259 0.419611 0.01369 0.0937639 0.00119614
10 0.317937 0.737982 0.0116717 0.0368781 0.00118401
3 0.586017 0.439674 0.0278288 0.0776957 0.00118134
11 0.563652 0.391262 0.0427767 0.0674839 0.00117926
22 0.194538 0.401883 0.0188279 0.0772791 0.00116898
11 0.58173 0.423887 0.0229899 0.0527745 0.00116085
8 0.597724 0.344617 0.0122259 0.0240583 0.00115884
0 0.600404 0.413921 0.012192 0.0346439 0.00115854
8 0.242778 0.371003 0.0443787 0.104492 0.00115361
14 0.597037 0.392718 0.0134153 0.0750074 0.00114703
0 0.647533 0.323191 0.0225865 0.024674 0.00114699
2 0.0597494 0.0645117 0.0080657 0.0106526 0.00113539
18 0.595756 0.416195 0.0135284 0.0330995 0.0011328
17 0.556923 0.307064 0.0222019 0.0362502 0.00112795
4 0.0882009 0.266335 0.176402 0.0630427 0.00112484
1 0.534604 0.359987 0.016715 0.0281357 0.00112456
4 0.284096 0.31004 0.123291 0.0634851 0.0011227
7 0.556449 0.294793 0.0133784 0.0218143 0.0011169
3 0.639186 0.393359 0.0266422 0.0841264 0.00111673
