1 0.0580433 0.75515 0.0390669 0.0616873 0.901671
1 0.101612 0.752954 0.034988 0.0582769 0.874116
1 0.113533 0.714695 0.0126598 0.0171362 0.0998438
1 0.0231043 0.755798 0.0248886 0.0205259 0.0136085
1 0.701072 0.700037 0.0139089 0.0201053 0.0104943
1 0.661968 0.983803 0.0801536 0.0301832 0.0102886
2 0.377467 0.728656 0.021907 0.0143463 0.00998561
1 0.00357667 0.79233 0.00715333 0.0334143 0.00911159
1 0.11228 0.72202 0.0138017 0.0184817 0.00776028
7 0.114921 0.713966 0.0145829 0.0145724 0.00667761
2 0.388238 0.728962 0.010939 0.0142064 0.00234998
4 0.606385 0.981277 0.190064 0.0374461 0.0023433
4 0.00357667 0.79233 0.00715333 0.0334143 0.00225014
1 0.374801 0.72845 0.0199696 0.0147691 0.00216805
1 0.700505 0.709124 0.0122653 0.0157391 0.00204704
1 0.11496 0.707676 0.014908 0.0198917 0.00201927
1 0.606385 0.981277 0.190064 0.0374461 0.00143936
1 0.153579 0.750296 0.0173618 0.0227786 0.00133174
1 0.810781 0.707293 0.00772443 0.0041481 0.0012206
4 0.659575 0.985986 0.0820682 0.0271328 0.00121803
2 0.452203 0.730229 0.0124586 0.0131646 0.00113357
2 0.373638 0.724987 0.0164605 0.0168639 0.0010304
1 0.865497 0.66628 0.0234529 0.0140847 0.00102521
1 0.82037 0.710584 0.00792529 0.0129 0.00101738
