4 0.112706 0.635312 0.220074 0.290656 0.943937
15 0.426046 0.508641 0.23782 0.315636 0.911991
4 0.662875 0.559907 0.105483 0.0733115 0.904006
8 0.916429 0.636235 0.141186 0.193903 0.889122
0 0.279176 0.610286 0.0684211 0.202071 0.82323
8 0.788347 0.619274 0.111249 0.163161 0.81907
0 0.910201 0.588096 0.0528532 0.236392 0.743001
0 0.789594 0.568514 0.0441494 0.177912 0.688044
4 0.594041 0.558756 0.0455501 0.0550566 0.66029
0 0.874019 0.574929 0.0470057 0.220086 0.656028
8 0.277217 0.641515 0.0654394 0.161056 0.654657
7 0.577653 0.455321 0.00986047 0.0370833 0.630346
4 0.943219 0.597834 0.112442 0.214606 0.578083
0 0.761026 0.571821 0.0517203 0.16551 0.522373
4 0.200283 0.572005 0.031804 0.0512424 0.470529
7 0.622591 0.458079 0.00792682 0.0273512 0.411874
0 0.256894 0.611689 0.0249576 0.125868 0.3593
4 0.829357 0.558041 0.0324146 0.0562283 0.350219
13 0.264732 0.541372 0.0144381 0.0365468 0.264004
0 0.754459 0.570307 0.0239769 0.161868 0.24452
7 0.605347 0.400313 0.00910376 0.024451 0.234372
7 0.556573 0.452825 0.0106899 0.0476242 0.136143
13 0.256942 0.557906 0.0162266 0.0161323 0.135184
3 0.916753 0.640223 0.141511 0.178065 0.120308
8 0.551854 0.569931 0.0145089 0.0312316 0.115748
0 0.454579 0.509266 0.0196837 0.0338668 0.107713
7 0.628051 0.462854 0.0103415 0.0161175 0.105879
3 0.378081 0.582043 0.0186718 0.0607832 0.103771
0 0.861449 0.53155 0.0245148 0.0979663 0.100749
7 0.558361 0.45596 0.00782221 0.0421005 0.100391
0 0.251616 0.570312 0.0200662 0.0345061 0.095128
3 0.278606 0.647442 0.0485231 0.158231 0.0945777
8 0.0360865 0.64899 0.0709483 0.182621 0.0916603
8 0.724569 0.561425 0.0260634 0.0446922 0.0898511
4 0.72419 0.552064 0.0249932 0.0457104 0.0898098
4 0.196974 0.548124 0.0358702 0.0426068 0.0889134
0 0.271292 0.61383 0.0509881 0.151225 0.0858459
0 0.812148 0.590516 0.0234344 0.147153 0.0812953
0 0.551161 0.564731 0.0134877 0.0320422 0.0741468
7 0.369083 0.452445 0.0141378 0.0256251 0.073755
7 0.608914 0.458316 0.00867291 0.0222243 0.072415
0 0.806721 0.581719 0.02716 0.17756 0.068195
7 0.367799 0.461097 0.0168963 0.0420408 0.0608198
4 0.566591 0.55894 0.0261671 0.0394248 0.0592742
7 0.58141 0.458634 0.014654 0.0410056 0.0570402
7 0.626383 0.452035 0.0114948 0.0240037 0.0562366
5 0.725292 0.552799 0.0257557 0.0460408 0.0532052
4 0.694293 0.537694 0.0226461 0.0172312 0.0528045
0 0.537332 0.562809 0.0133318 0.0516219 0.0513109
4 0.838832 0.533674 0.0298779 0.0411809 0.0507986
0 0.249418 0.56457 0.0146916 0.0257005 0.0506453
7 0.547129 0.451038 0.0123457 0.0521586 0.0489309
1 0.234122 0.535181 0.0191417 0.0171487 0.0487322
13 0.279297 0.525375 0.0205136 0.037413 0.0479873
0 0.886407 0.571056 0.0710858 0.239973 0.0479146
1 0.539119 0.488421 0.00985352 0.0340055 0.046656
4 0.681098 0.536856 0.0124693 0.0163698 0.0465814
4 0.955276 0.52312 0.0894489 0.0641662 0.0446023
0 0.542806 0.555279 0.0153017 0.0459247 0.044596
0 0.231616 0.56924 0.00928706 0.0183077 0.0443743
0 0.746297 0.559945 0.0238055 0.0663823 0.0435188
7 0.535608 0.453567 0.0097569 0.03622 0.0419315
0 0.811443 0.568231 0.0257379 0.0906479 0.0411073
0 0.265237 0.537732 0.0172098 0.0433121 0.0410191
1 0.656664 0.515946 0.00747858 0.0149777 0.0402142
0 0.536298 0.552598 0.0131039 0.0372059 0.0398434
1 0.642139 0.51603 0.01115 0.0143162 0.0381081
4 0.746965 0.534095 0.067804 0.0565618 0.037891
8 0.540677 0.565201 0.0131816 0.0471062 0.0371001
7 0.557706 0.432161 0.00775928 0.0591053 0.03622
0 0.819365 0.581024 0.0359329 0.113497 0.036105
4 0.546947 0.538079 0.0127427 0.022347 0.0351032
7 0.574864 0.45571 0.0128335 0.0407485 0.0347617
4 0.846245 0.515988 0.0189974 0.0285397 0.0337119
0 0.237581 0.567223 0.0130752 0.0289216 0.0331899
4 0.0179924 0.577438 0.030471 0.0468972 0.0329144
13 0.778109 0.495061 0.0186356 0.030136 0.0324176
4 0.830658 0.54467 0.0500441 0.0568127 0.0322002
7 0.433487 0.390273 0.0171349 0.0284366 0.0320811
0 0.256942 0.557906 0.0162266 0.0161323 0.0312085
0 0.46224 0.506772 0.0159618 0.0324307 0.0304153
8 0.565354 0.566479 0.0296248 0.0397398 0.0302708
4 0.758065 0.560114 0.0611312 0.104831 0.0300269
1 0.666732 0.516831 0.00892444 0.0150864 0.0300013
4 0.702911 0.536503 0.0272134 0.0193422 0.0299039
0 0.200847 0.573002 0.0280799 0.0517726 0.0298803
0 0.287619 0.540721 0.0179645 0.0584978 0.0298308
0 0.276099 0.53461 0.0264609 0.0525579 0.0288723
1 0.636278 0.464561 0.021544 0.0156374 0.0287181
8 0.378153 0.586047 0.0175932 0.0584833 0.0284983
3 0.95718 0.634769 0.0625832 0.170403 0.0276794
7 0.59041 0.462192 0.00973468 0.0288943 0.0275727
0 0.92966 0.586147 0.0863601 0.255984 0.0270491
13 0.276099 0.53461 0.0264609 0.0525579 0.0268637
3 0.551854 0.569931 0.0145089 0.0312316 0.0268114
1 0.539618 0.517547 0.0102347 0.0251949 0.0268113
0 0.723547 0.546009 0.0237587 0.0458226 0.0263986
3 0.373394 0.586262 0.0196115 0.0607017 0.0261649
7 0.539813 0.462421 0.00909308 0.0413873 0.0261463
4 0.956716 0.544887 0.0865671 0.106618 0.025452
4 0.564594 0.54149 0.0325778 0.0414857 0.0243332
8 0.542806 0.555279 0.0153017 0.0459247 0.0237792
8 0.843308 0.568262 0.0246102 0.0438168 0.0236711
13 0.916352 0.489602 0.0231033 0.0360143 0.0234958
0 0.292943 0.61226 0.0508392 0.14166 0.0233971
8 0.231616 0.56924 0.00928706 0.0183077 0.0231214
1 0.581835 0.520726 0.0107094 0.0216226 0.022611
7 0.538215 0.479118 0.00776691 0.0284963 0.0225334
1 0.758464 0.469969 0.0124547 0.0163017 0.0221994
7 0.598095 0.406812 0.00901526 0.0301291 0.0220819
4 0.0181417 0.569333 0.0309782 0.028141 0.0213362
15 0.594712 0.555965 0.0443282 0.0582275 0.0208295
7 0.611681 0.455396 0.013649 0.0229918 0.0207431
4 0.559645 0.560788 0.017901 0.0446899 0.0204594
5 0.82498 0.557051 0.0411017 0.0639574 0.0204534
4 0.619306 0.574813 0.0165522 0.030513 0.0202332
7 0.57855 0.464983 0.0112605 0.0575969 0.0201779
4 0.264732 0.541372 0.0144381 0.0365468 0.0200535
0 0.455373 0.51725 0.0173555 0.0399892 0.0199473
1 0.209293 0.517192 0.00834699 0.0128387 0.0196453
4 0.556409 0.541543 0.0281498 0.0389252 0.0194301
0 0.530991 0.534887 0.0129948 0.0212358 0.019068
0 0.251409 0.539244 0.0132693 0.0234919 0.018561
4 0.726664 0.520352 0.0145633 0.0194393 0.0183518
1 0.308706 0.496054 0.00622644 0.0183935 0.0182544
1 0.569009 0.518169 0.0175775 0.0184715 0.017965
4 0.860453 0.526341 0.0223202 0.0739517 0.0178889
9 0.909084 0.589078 0.0425834 0.222339 0.0176499
7 0.636278 0.464561 0.021544 0.0156374 0.0174155
8 0.213123 0.572958 0.0122436 0.0252414 0.0169854
4 0.209975 0.557919 0.0295606 0.0383156 0.0169789
4 0.883013 0.56894 0.117941 0.126838 0.0168986
11 0.873584 0.550502 0.0388492 0.15127 0.0167121
8 0.725197 0.54286 0.0228644 0.0450697 0.0165733
13 0.910292 0.478711 0.0240673 0.0255302 0.0165687
0 0.823902 0.553388 0.0415314 0.0638387 0.0164686
4 0.234897 0.532711 0.0212218 0.0227914 0.0163597
7 0.688767 0.41369 0.0111884 0.0210763 0.0158542
0 0.540677 0.565201 0.0131816 0.0471062 0.0157992
1 0.22223 0.516983 0.0080958 0.0144523 0.0155658
7 0.688245 0.3992 0.0128723 0.041275 0.0154765
0 0.524305 0.528577 0.0128817 0.0267237 0.0154728
8 0.850928 0.57247 0.0307386 0.041353 0.0154169
7 0.539119 0.488421 0.00985352 0.0340055 0.015398
11 0.864822 0.525563 0.0303691 0.106709 0.0153609
7 0.536907 0.440253 0.00580597 0.0284591 0.0152048
4 0.843308 0.568262 0.0246102 0.0438168 0.0150933
4 0.71187 0.55155 0.0413624 0.0443304 0.0148438
7 0.534586 0.466057 0.00935877 0.0340079 0.014499
13 0.271052 0.528448 0.019531 0.0377282 0.0144346
4 0.755465 0.5419 0.0263926 0.0620977 0.0142572
0 0.536294 0.530046 0.0145445 0.0253121 0.0141088
4 0.581015 0.550539 0.0725651 0.0690608 0.014105
4 0.824217 0.526133 0.0660942 0.0515374 0.0139849
1 0.680312 0.51874 0.0189003 0.0223484 0.0138799
4 0.713843 0.525462 0.00820435 0.0165751 0.013873
7 0.557844 0.411535 0.00716022 0.0349986 0.0138196
0 0.480154 0.505494 0.0240137 0.0341485 0.0136117
7 0.715649 0.394749 0.0175052 0.0685276 0.0131115
13 0.76199 0.50533 0.0168844 0.028576 0.0131109
7 0.559951 0.452898 0.00804175 0.0483546 0.0129986
9 0.890248 0.547218 0.0196324 0.075167 0.0129519
7 0.714834 0.382348 0.0192917 0.0434167 0.0125382
0 0.279297 0.525375 0.0205136 0.037413 0.0121658
7 0.539618 0.517547 0.0102347 0.0251949 0.0121343
8 0.237581 0.567223 0.0130752 0.0289216 0.0121087
8 0.201994 0.578938 0.0287309 0.0513221 0.0120149
0 0.713843 0.525462 0.00820435 0.0165751 0.0118761
0 0.289183 0.552004 0.0133091 0.0373849 0.0117005
4 0.249418 0.56457 0.0146916 0.0257005 0.0116126
13 0.909201 0.485351 0.0270996 0.0310789 0.0115066
4 0.274647 0.53859 0.0310702 0.0577523 0.0115052
1 0.528389 0.495676 0.00973297 0.0263333 0.011464
2 0.754428 0.380997 0.00644745 0.0112859 0.0114002
1 0.589911 0.521219 0.0162083 0.0226186 0.0112718
4 0.819365 0.581024 0.0359329 0.113497 0.0111926
1 0.62222 0.455019 0.00730847 0.028451 0.0110231
3 0.540677 0.565201 0.0131816 0.0471062 0.0110173
8 0.373394 0.586262 0.0196115 0.0607017 0.0109313
8 0.536777 0.564134 0.0152881 0.0521696 0.0108085
8 0.559645 0.560788 0.017901 0.0446899 0.0107932
1 0.701799 0.518837 0.00986963 0.0183285 0.0106212
7 0.547914 0.439519 0.0116233 0.0469288 0.0105879
13 0.784033 0.540959 0.0315212 0.11757 0.0103653
4 0.811443 0.568231 0.0257379 0.0906479 0.010345
0 0.482704 0.495043 0.0202724 0.0303096 0.0103266
4 0.0146286 0.632227 0.0271017 0.158237 0.0102921
14 0.551854 0.569931 0.0145089 0.0312316 0.010035
7 0.566816 0.416365 0.013117 0.0218872 0.0100316
0 0.233504 0.563861 0.0154178 0.0267809 0.00999181
1 0.633632 0.517143 0.0102263 0.0151694 0.00988204
0 0.302125 0.619703 0.0316731 0.152634 0.00981788
7 0.271996 0.493286 0.00744714 0.0124514 0.00980045
8 0.249418 0.56457 0.0146916 0.0257005 0.00978934
17 0.759112 0.504928 0.0236613 0.028138 0.0097868
4 0.530991 0.534887 0.0129948 0.0212358 0.0097787
8 0.536298 0.552598 0.0131039 0.0372059 0.00973779
0 0.546947 0.538079 0.0127427 0.022347 0.00972063
1 0.696929 0.516832 0.00864374 0.0173491 0.00967006
8 0.831237 0.559826 0.030784 0.0570117 0.00958285
0 0.751013 0.539932 0.0439999 0.0744501 0.00948133
7 0.736088 0.374411 0.0116028 0.0176242 0.00939235
9 0.873584 0.550502 0.0388492 0.15127 0.00933089
4 0.537332 0.562809 0.0133318 0.0516219 0.00930005
17 0.916352 0.489602 0.0231033 0.0360143 0.0092811
7 0.606168 0.397749 0.0149426 0.0267154 0.00908186
4 0.715746 0.518924 0.0104786 0.0164061 0.00905897
4 0.755085 0.514554 0.0359753 0.0426541 0.00896578
8 0.252404 0.634729 0.0448029 0.10753 0.00863643
0 0.522855 0.507621 0.0108652 0.0197464 0.00851631
4 0.751013 0.539932 0.0439999 0.0744501 0.00851194
0 0.758012 0.541373 0.0414627 0.102287 0.00847284
4 0.251409 0.539244 0.0132693 0.0234919 0.00838178
4 0.256942 0.557906 0.0162266 0.0161323 0.00828372
0 0.307142 0.525304 0.0164717 0.037783 0.00826503
13 0.76862 0.498725 0.0323984 0.0256919 0.0082218
13 0.249418 0.56457 0.0146916 0.0257005 0.0082205
15 0.234122 0.535181 0.0191417 0.0171487 0.00820412
1 0.631221 0.421918 0.0112665 0.0242949 0.0081116
7 0.615233 0.464474 0.0149157 0.0308842 0.00806407
5 0.725197 0.54286 0.0228644 0.0450697 0.00801221
4 0.233504 0.563861 0.0154178 0.0267809 0.00800678
4 0.280232 0.612819 0.0675356 0.201999 0.00800538
0 0.928588 0.532491 0.0187137 0.0472745 0.00795891
4 0.861878 0.5365 0.0270286 0.112441 0.00785431
1 0.626383 0.452035 0.0114948 0.0240037 0.00783054
4 0.0362559 0.644649 0.0699354 0.179719 0.00773434
4 0.287619 0.540721 0.0179645 0.0584978 0.00763959
1 0.611681 0.455396 0.013649 0.0229918 0.00761182
4 0.727371 0.566918 0.0225753 0.0358227 0.00760728
7 0.60434 0.406433 0.00884546 0.0383008 0.0075531
1 0.352446 0.510302 0.0114162 0.025025 0.00751669
1 0.636143 0.450758 0.025123 0.0256245 0.00749294
8 0.746297 0.559945 0.0238055 0.0663823 0.00748043
1 0.245008 0.51031 0.00691472 0.0189792 0.00740289
17 0.778109 0.495061 0.0186356 0.030136 0.00737885
4 0.542806 0.555279 0.0153017 0.0459247 0.0073306
4 0.213123 0.572958 0.0122436 0.0252414 0.00731495
8 0.251409 0.539244 0.0132693 0.0234919 0.00729387
2 0.622591 0.458079 0.00792682 0.0273512 0.0071195
0 0.30644 0.643617 0.018841 0.145481 0.00706948
15 0.19741 0.548236 0.0366662 0.0425656 0.0069993
7 0.593012 0.457733 0.0100134 0.0290074 0.00690821
0 0.566591 0.55894 0.0261671 0.0394248 0.00690274
3 0.565354 0.566479 0.0296248 0.0397398 0.00688156
9 0.909765 0.530268 0.0359472 0.0812941 0.00684861
7 0.656664 0.515946 0.00747858 0.0149777 0.00684014
15 0.564594 0.54149 0.0325778 0.0414857 0.00680165
0 0.508238 0.536961 0.012517 0.0226514 0.00669141
0 0.715746 0.518924 0.0104786 0.0164061 0.00662643
13 0.259902 0.516598 0.0106766 0.0138347 0.00661903
6 0.594712 0.555965 0.0443282 0.0582275 0.00641958
0 0.373394 0.586262 0.0196115 0.0607017 0.0063532
5 0.200847 0.573002 0.0280799 0.0517726 0.00620244
7 0.631221 0.421918 0.0112665 0.0242949 0.00615314
0 0.288665 0.531377 0.0141801 0.0516483 0.00612772
4 0.789594 0.568514 0.0441494 0.177912 0.00610729
0 0.213123 0.572958 0.0122436 0.0252414 0.00610385
7 0.245008 0.51031 0.00691472 0.0189792 0.0060425
11 0.909084 0.589078 0.0425834 0.222339 0.00603151
7 0.701799 0.518837 0.00986963 0.0183285 0.00600982
4 0.200492 0.52954 0.0331037 0.0191317 0.00599418
0 0.559645 0.560788 0.017901 0.0446899 0.00595292
5 0.278606 0.647442 0.0485231 0.158231 0.00587982
3 0.542806 0.555279 0.0153017 0.0459247 0.00587014
1 0.227448 0.514164 0.00798807 0.0106513 0.00586386
4 0.874019 0.574929 0.0470057 0.220086 0.00584997
4 0.758386 0.578443 0.0454269 0.178797 0.00584719
0 0.830573 0.558577 0.0331894 0.0569983 0.00579983
8 0.758065 0.560114 0.0611312 0.104831 0.00573576
3 0.386847 0.578778 0.0154779 0.0440311 0.00570203
0 0.44947 0.518206 0.0173275 0.0375615 0.00563129
8 0.315052 0.616741 0.0172563 0.0880655 0.00563126
0 0.271052 0.528448 0.019531 0.0377282 0.00555141
1 0.308646 0.475667 0.0059856 0.0245825 0.00553188
0 0.378153 0.586047 0.0175932 0.0584833 0.0055003
1 0.994228 0.481431 0.0085415 0.0165871 0.00546954
8 0.546947 0.538079 0.0127427 0.022347 0.00545159
0 0.314367 0.600671 0.016755 0.106361 0.00541061
13 0.306346 0.565869 0.0111518 0.0340646 0.00540756
0 0.928125 0.523174 0.0178917 0.0345173 0.00537436
9 0.889657 0.529221 0.0153112 0.0513944 0.00536796
1 0.702504 0.49731 0.00831891 0.0173835 0.00531837
0 0.489162 0.494821 0.0151938 0.0283874 0.00528226
7 0.622292 0.446364 0.00940955 0.0530512 0.00526985
13 0.289183 0.552004 0.0133091 0.0373849 0.00524159
4 0.551161 0.564731 0.0134877 0.0320422 0.00523477
7 0.696929 0.516832 0.00864374 0.0173491 0.00522042
3 0.727371 0.566918 0.0225753 0.0358227 0.00520722
1 0.628051 0.462854 0.0103415 0.0161175 0.00517232
1 0.769036 0.471744 0.0323344 0.0198176 0.0051406
7 0.62131 0.47215 0.00932739 0.0519446 0.00513773
7 0.683443 0.414069 0.00982581 0.0197166 0.00512609
22 0.551854 0.569931 0.0145089 0.0312316 0.00509423
7 0.642139 0.51603 0.01115 0.0143162 0.00507214
1 0.608914 0.458316 0.00867291 0.0222243 0.00505542
3 0.276501 0.629857 0.0696796 0.165747 0.00499337
17 0.910292 0.478711 0.0240673 0.0255302 0.00498567
15 0.547609 0.556336 0.0185328 0.0447045 0.00498321
4 0.231616 0.56924 0.00928706 0.0183077 0.00494803
