4 0.892201 0.897555 0.213154 0.20489 0.942831
4 0.524441 0.921275 0.0949921 0.118959 0.917408
4 0.752687 0.9352 0.10895 0.125672 0.915546
4 0.661584 0.919168 0.0730705 0.079591 0.9122
4 0.454639 0.911005 0.0458386 0.0532369 0.887721
4 0.619256 0.90349 0.0447355 0.0751862 0.870683
6 0.742129 0.847829 0.100849 0.173037 0.841867
6 0.591668 0.884984 0.0429165 0.0756629 0.816201
4 0.0987378 0.919085 0.04399 0.0216459 0.683305
4 0.295619 0.905784 0.0304941 0.0208998 0.641385
1 0.445728 0.746186 0.0405332 0.0464572 0.455317
2 0.679575 0.527008 0.0143611 0.0257834 0.439675
6 0.56423 0.878695 0.0187755 0.0420677 0.414376
1 0.81915 0.844829 0.0206521 0.060187 0.377717
1 0.786149 0.835775 0.0189205 0.081585 0.340258
4 0.348222 0.90265 0.0203788 0.0116793 0.327599
2 0.461079 0.519675 0.0101906 0.0164572 0.257135
4 0.295825 0.914032 0.0312378 0.0376972 0.234487
2 0.440588 0.665854 0.00787039 0.0115232 0.2072
2 0.854472 0.513835 0.0189898 0.0137439 0.198865
2 0.387146 0.490436 0.0188221 0.0378998 0.182851
2 0.363697 0.525898 0.0270318 0.0486174 0.181262
2 0.400764 0.491246 0.0226706 0.0332208 0.144566
2 0.403417 0.415264 0.0129845 0.0303077 0.142332
2 0.364064 0.420818 0.00907196 0.0229002 0.141533
2 0.464196 0.665334 0.0083006 0.0102565 0.122708
2 0.462586 0.666048 0.00806986 0.0103274 0.120388
6 0.177687 0.886131 0.0420038 0.0745789 0.119757
2 0.531167 0.51882 0.00804987 0.0166455 0.118925
2 0.517043 0.52219 0.0138256 0.0135588 0.118313
4 0.563796 0.889375 0.0168018 0.0559047 0.117218
4 0.477949 0.890547 0.0187463 0.0382618 0.113065
4 0.481373 0.897811 0.0149285 0.0398941 0.104504
6 0.154864 0.890117 0.0509281 0.070671 0.100095
6 0.475881 0.876425 0.0154846 0.0242665 0.0886967
2 0.394153 0.491046 0.0274641 0.0350415 0.0811348
4 0.131528 0.918883 0.00936853 0.0145018 0.0781231
2 0.43406 0.499518 0.00906448 0.0159847 0.0694711
6 0.168616 0.890639 0.0238981 0.0654107 0.0653615
2 0.714932 0.543705 0.00663049 0.0118802 0.0645938
2 0.38911 0.695175 0.00850659 0.011366 0.0645589
2 0.434035 0.506956 0.0092193 0.0237804 0.0615816
4 0.501753 0.883317 0.0398715 0.0424347 0.0613407
4 0.479937 0.90677 0.0174042 0.0534717 0.0605278
2 0.862859 0.511619 0.0103085 0.0118952 0.0596264
6 0.477949 0.890547 0.0187463 0.0382618 0.059107
4 0.475881 0.876425 0.0154846 0.0242665 0.0588889
2 0.427995 0.6727 0.00682449 0.0129424 0.0575034
2 0.658825 0.525318 0.00929407 0.0173324 0.0570846
4 0.0436064 0.926613 0.0341497 0.0151893 0.0496211
4 0.50063 0.90489 0.0472347 0.0855047 0.0460992
2 0.851734 0.521602 0.0143805 0.0266236 0.043831
4 0.0506771 0.926029 0.0230206 0.0140227 0.0418225
4 0.348163 0.905189 0.022956 0.0216379 0.0385527
4 0.371198 0.903178 0.0213657 0.0091333 0.0375839
4 0.356227 0.901228 0.0140853 0.0138697 0.0349094
2 0.859518 0.513998 0.0114841 0.0145383 0.0336781
2 0.815018 0.541866 0.00637311 0.0124732 0.0313829
4 0.508076 0.875205 0.0389952 0.0269744 0.0302616
2 0.385555 0.695027 0.00955319 0.0116118 0.0301381
6 0.563989 0.856239 0.0167591 0.0193074 0.0298228
4 0.336581 0.901964 0.021559 0.0146201 0.0288908
2 0.587929 0.523263 0.00984393 0.00938041 0.0272003
2 0.364003 0.415674 0.00748749 0.0176485 0.0259012
4 0.378297 0.903246 0.017356 0.00920399 0.0244109
4 0.34535 0.900876 0.0215476 0.0160572 0.0243994
1 0.526345 0.845965 0.0120756 0.00897432 0.024262
6 0.618362 0.902866 0.0449963 0.0735352 0.0241591
2 0.0666084 0.42413 0.0281465 0.0327475 0.0238335
2 0.589109 0.52499 0.0100143 0.0105904 0.0236601
2 0.581218 0.525678 0.0121569 0.0106321 0.0235629
6 0.168587 0.902928 0.0169269 0.0406856 0.0224919
1 0.540255 0.848133 0.0102505 0.0120738 0.0219797
4 0.591248 0.884936 0.042294 0.0743226 0.0215728
4 0.48849 0.895398 0.0201308 0.0607899 0.0200293
2 0.816308 0.530226 0.00538025 0.0139253 0.019706
2 0.328498 0.512216 0.00883231 0.034952 0.0196088
6 0.228686 0.903479 0.0323607 0.0344339 0.0194656
2 0.679468 0.519321 0.0137429 0.0177021 0.0190077
2 0.428734 0.667283 0.00544846 0.0139995 0.0184582
1 0.452551 0.849669 0.012063 0.0121516 0.0178458
7 0.363017 0.529467 0.0271727 0.0546499 0.0175955
2 0.518192 0.519163 0.0125902 0.0173342 0.0171205
4 0.346035 0.895474 0.0166442 0.0209469 0.0169471
2 0.0752284 0.418697 0.0449685 0.0261488 0.0165343
1 0.425728 0.842579 0.0174316 0.013034 0.0156088
2 0.663503 0.523103 0.0158552 0.0132749 0.0154428
4 0.56423 0.878695 0.0187755 0.0420677 0.0154345
2 0.898288 0.502975 0.0112652 0.0234093 0.0153329
4 0.0162177 0.924358 0.0256464 0.024302 0.0149752
2 0.386957 0.698564 0.00488483 0.0182248 0.0146457
1 0.553361 0.851918 0.00992548 0.0135254 0.0144824
1 0.518049 0.847143 0.014909 0.010651 0.0136449
4 0.828589 0.902145 0.085864 0.193464 0.0135434
2 0.361694 0.421149 0.0121014 0.0247016 0.013151
4 0.534211 0.873567 0.0386031 0.0237588 0.0128757
4 0.561855 0.902728 0.0207026 0.0638665 0.0125347
4 0.0103167 0.92619 0.0189609 0.0241164 0.0123333
0 0.131528 0.918883 0.00936853 0.0145018 0.0120533
4 0.553361 0.851918 0.00992548 0.0135254 0.0120072
2 0.460203 0.665837 0.00919083 0.0112814 0.0119415
4 0.0733043 0.921547 0.0312701 0.0187917 0.0115299
2 0.507726 0.543827 0.0104342 0.0176339 0.0111376
2 0.840898 0.516925 0.0168059 0.0157381 0.0110263
2 0.881139 0.540428 0.00524969 0.015343 0.0108597
4 0.168817 0.915236 0.0140854 0.0178851 0.0104652
2 0.835264 0.5212 0.0145388 0.018313 0.00983069
1 0.506428 0.849198 0.0123115 0.0120455 0.00976523
15 0.74146 0.845229 0.10063 0.169153 0.00894172
4 0.382397 0.900512 0.0134644 0.0135498 0.00877732
4 0.563989 0.856239 0.0167591 0.0193074 0.00864998
2 0.40338 0.498566 0.0187588 0.0500979 0.00834611
1 0.793674 0.827491 0.0307333 0.0930677 0.00834329
6 0.501772 0.882237 0.0325237 0.0383404 0.00813451
6 0.553361 0.851918 0.00992548 0.0135254 0.00809286
4 0.540255 0.848133 0.0102505 0.0120738 0.00800656
6 0.563796 0.889375 0.0168018 0.0559047 0.00768859
4 0.350152 0.896508 0.0185402 0.0230913 0.00764292
8 0.131528 0.918883 0.00936853 0.0145018 0.00758592
2 0.415684 0.723201 0.0067601 0.0147178 0.00689945
1 0.447214 0.847209 0.0102437 0.0118866 0.00656435
2 0.665482 0.52463 0.0177856 0.0182684 0.00654151
4 0.389638 0.904095 0.0128574 0.00765755 0.0063291
4 0.518049 0.847143 0.014909 0.010651 0.00630472
7 0.445485 0.746257 0.0399959 0.0470262 0.00630434
2 0.433719 0.513895 0.00930664 0.0242354 0.00621109
6 0.481373 0.897811 0.0149285 0.0398941 0.00620526
2 0.440552 0.669978 0.00698694 0.0183643 0.00601943
4 0.506428 0.849198 0.0123115 0.0120455 0.00599452
2 0.836351 0.516721 0.0159752 0.0185323 0.00591815
6 0.540255 0.848133 0.0102505 0.0120738 0.0058894
7 0.233486 0.518364 0.0198401 0.0360153 0.00585136
2 0.67917 0.534204 0.013489 0.0280619 0.00580066
1 0.461739 0.856912 0.00920422 0.0135061 0.00570164
4 0.452551 0.849669 0.012063 0.0121516 0.00569152
2 0.381665 0.507499 0.0132803 0.0224088 0.00568715
2 0.962228 0.525727 0.0189543 0.021558 0.00533191
2 0.50592 0.523402 0.0140525 0.0144718 0.00528742
7 0.786617 0.835373 0.0174365 0.0757012 0.00516525
14 0.786617 0.835373 0.0174365 0.0757012 0.00511214
1 0.475881 0.876425 0.0154846 0.0242665 0.0050865
6 0.5352 0.862877 0.0589396 0.0197613 0.00507539
0 0.168817 0.915236 0.0140854 0.0178851 0.0050564
4 0.266653 0.907882 0.0254556 0.0176159 0.00497088
1 0.312961 0.419473 0.0580468 0.0430005 0.00483787
1 0.563989 0.856239 0.0167591 0.0193074 0.00483199
1 0.478349 0.851436 0.0105924 0.0112725 0.00477466
4 0.310313 0.904443 0.0245774 0.0166844 0.00474604
2 0.41308 0.490646 0.0135997 0.0305701 0.00468754
4 0.447214 0.847209 0.0102437 0.0118866 0.0045667
2 0.499067 0.522993 0.0132684 0.0145291 0.00450029
7 0.467922 0.85126 0.00479233 0.0141599 0.00446959
1 0.467922 0.85126 0.00479233 0.0141599 0.00434957
0 0.786885 0.83584 0.0147883 0.0770618 0.00431528
2 0.464403 0.670225 0.00810092 0.0178869 0.00429957
15 0.591248 0.884936 0.042294 0.0743226 0.00425966
4 0.526345 0.845965 0.0120756 0.00897432 0.00422171
6 0.526345 0.845965 0.0120756 0.00897432 0.00410377
4 0.5352 0.862877 0.0589396 0.0197613 0.00396967
6 0.445728 0.746186 0.0405332 0.0464572 0.00389129
2 0.653329 0.517641 0.00933392 0.016333 0.00384489
1 0.811231 0.84361 0.03413 0.0716597 0.00383086
6 0.150088 0.902562 0.047322 0.0448049 0.00378028
7 0.149198 0.515653 0.0505827 0.0541496 0.00373929
2 0.485508 0.518108 0.00964847 0.0173186 0.00373454
2 0.0783881 0.41232 0.0437965 0.0179838 0.00373095
2 0.407607 0.508779 0.0263727 0.0404497 0.00370583
2 0.388961 0.689603 0.00901474 0.0226576 0.00369311
2 0.386356 0.513055 0.0237243 0.0276192 0.00358956
0 0.168587 0.902928 0.0169269 0.0406856 0.00343615
1 0.564444 0.879482 0.0189146 0.0448482 0.00339981
2 0.983351 0.663017 0.00817865 0.0200644 0.00338281
6 0.164134 0.883859 0.070513 0.0856493 0.00335022
6 0.491196 0.866584 0.0282248 0.0268772 0.00332787
14 0.228371 0.904353 0.0307334 0.0361085 0.00326022
1 0.494307 0.851561 0.0181289 0.0112343 0.00325828
6 0.518049 0.847143 0.014909 0.010651 0.00325519
4 0.812704 0.931336 0.0530169 0.134998 0.00321392
2 0.657125 0.538085 0.00702454 0.0207968 0.00321139
4 0.546866 0.89872 0.0525768 0.0756351 0.00320151
7 0.679575 0.527008 0.0143611 0.0257834 0.00318072
6 0.295051 0.906393 0.030876 0.0200221 0.00313835
4 0.730212 0.904698 0.0730363 0.0697315 0.00309697
2 0.439231 0.516735 0.0107662 0.016459 0.0030543
1 0.528056 0.838303 0.0108525 0.0188809 0.00304095
2 0.377277 0.518965 0.0108913 0.0251262 0.00302019
6 0.244539 0.89919 0.0634661 0.0345486 0.00301422
2 0.589079 0.518483 0.0114923 0.0166256 0.00298121
6 0.785984 0.839064 0.0163123 0.0762858 0.00295116
7 0.898288 0.502975 0.0112652 0.0234093 0.00293199
15 0.475881 0.876425 0.0154846 0.0242665 0.00292264
4 0.698958 0.909079 0.0191335 0.0496558 0.00288409
4 0.351197 0.912101 0.0177693 0.0219069 0.00282176
4 0.0341095 0.932099 0.054658 0.0221216 0.00279717
15 0.619256 0.90349 0.0447355 0.0751862 0.00277384
0 0.131681 0.913976 0.00851497 0.0226559 0.00276187
6 0.540996 0.872311 0.039486 0.0269818 0.00275784
0 0.481373 0.897811 0.0149285 0.0398941 0.0027545
6 0.699414 0.860706 0.0141259 0.0802775 0.0027105
2 0.881238 0.533217 0.00606158 0.0100758 0.00269114
5 0.168817 0.915236 0.0140854 0.0178851 0.00263777
0 0.477949 0.890547 0.0187463 0.0382618 0.00263605
4 0.478349 0.851436 0.0105924 0.0112725 0.00263062
2 0.347157 0.519953 0.00993652 0.0290246 0.0026209
6 0.478349 0.851436 0.0105924 0.0112725 0.00248865
6 0.168817 0.915236 0.0140854 0.0178851 0.00247667
1 0.148849 0.517989 0.0512937 0.0526652 0.00247429
6 0.34535 0.900876 0.0215476 0.0160572 0.00246854
5 0.477949 0.890547 0.0187463 0.0382618 0.00244253
4 0.131681 0.913976 0.00851497 0.0226559 0.00243309
12 0.228686 0.903479 0.0323607 0.0344339 0.00242956
5 0.564099 0.888294 0.0185886 0.0598158 0.00239908
2 0.313361 0.419667 0.0584382 0.0408864 0.00239008
7 0.785462 0.828527 0.0240021 0.10305 0.0023739
7 0.452551 0.849669 0.012063 0.0121516 0.00235516
4 0.137933 0.916943 0.0236228 0.0171342 0.00233899
2 0.413011 0.51117 0.0283523 0.0304717 0.00232687
4 0.703251 0.902119 0.0170053 0.048632 0.00225813
15 0.56423 0.878695 0.0187755 0.0420677 0.00223876
2 0.514075 0.537667 0.012134 0.023234 0.00223564
2 0.497297 0.517834 0.0102465 0.0206386 0.00223431
4 0.425728 0.842579 0.0174316 0.013034 0.00221217
2 0.310515 0.51647 0.0107726 0.033124 0.00219156
1 0.428156 0.835944 0.0124058 0.018147 0.00218318
4 0.267126 0.917606 0.0240749 0.0321495 0.00217029
8 0.168817 0.915236 0.0140854 0.0178851 0.00214513
4 0.467922 0.85126 0.00479233 0.0141599 0.0021412
7 0.416066 0.732734 0.00646497 0.0285161 0.00213025
1 0.54096 0.838635 0.010573 0.0195727 0.00207597
0 0.356227 0.901228 0.0140853 0.0138697 0.00206519
12 0.74146 0.845229 0.10063 0.169153 0.0020581
2 0.558555 0.540232 0.00703333 0.0172909 0.0020384
6 0.452551 0.849669 0.012063 0.0121516 0.00203327
5 0.591683 0.885101 0.0426602 0.0743783 0.00202367
6 0.506428 0.849198 0.0123115 0.0120455 0.00199592
4 0.164473 0.915786 0.0212824 0.017 0.00198514
2 0.319175 0.513298 0.0160663 0.0385695 0.00196599
0 0.348222 0.90265 0.0203788 0.0116793 0.00195175
4 0.259538 0.906476 0.0433098 0.0288066 0.00193893
1 0.168587 0.902928 0.0169269 0.0406856 0.00193247
6 0.346035 0.895474 0.0166442 0.0209469 0.00191749
6 0.348222 0.90265 0.0203788 0.0116793 0.0019082
2 0.563125 0.521619 0.00994629 0.0115718 0.00190653
15 0.81821 0.844236 0.0220978 0.0592138 0.00190626
1 0.519855 0.838634 0.0149464 0.0197142 0.00187674
6 0.425728 0.842579 0.0174316 0.013034 0.001855
2 0.956661 0.657519 0.008982 0.0206324 0.00183552
4 0.00696382 0.931357 0.0124349 0.0227091 0.00179751
2 0.786617 0.835373 0.0174365 0.0757012 0.00177832
4 0.0440394 0.931359 0.0350247 0.0214553 0.00177228
5 0.481373 0.897811 0.0149285 0.0398941 0.0017365
4 0.460693 0.875028 0.0164387 0.0279649 0.00171197
0 0.475881 0.876425 0.0154846 0.0242665 0.00167548
2 0.851297 0.539715 0.0098941 0.0167029 0.00166818
4 0.334217 0.895603 0.018337 0.022259 0.00166719
4 0.228686 0.903479 0.0323607 0.0344339 0.00165708
2 0.448201 0.520868 0.0122541 0.0174589 0.00165484
7 0.447214 0.847209 0.0102437 0.0118866 0.00164941
2 0.588623 0.537956 0.0104985 0.0212283 0.00162655
8 0.481373 0.897811 0.0149285 0.0398941 0.00162563
15 0.477949 0.890547 0.0187463 0.0382618 0.00160618
1 0.591517 0.836874 0.0135787 0.0180572 0.00159898
6 0.467922 0.85126 0.00479233 0.0141599 0.00159841
2 0.71308 0.533062 0.0118986 0.0233699 0.00159585
4 0.821184 0.84847 0.0272618 0.0670466 0.00156397
4 0.809761 0.859547 0.0401575 0.0809395 0.00154368
2 0.514011 0.54555 0.0110043 0.0291072 0.00152356
6 0.81821 0.844236 0.0220978 0.0592138 0.00151003
6 0.229756 0.915851 0.0342883 0.0598804 0.001451
4 0.0988595 0.942961 0.0489843 0.0704886 0.00144545
4 0.0197642 0.933136 0.0378363 0.0272171 0.00143079
6 0.494307 0.851561 0.0181289 0.0112343 0.00142711
4 0.538983 0.886057 0.0513566 0.0479723 0.00142534
2 0.35023 0.52815 0.0163461 0.0507341 0.0014245
2 0.430131 0.514458 0.0128724 0.0309392 0.00141269
7 0.415684 0.723201 0.0067601 0.0147178 0.00140965
4 0.37584 0.895614 0.0172117 0.0213422 0.00138021
4 0.369881 0.895529 0.0234366 0.0215973 0.00137809
14 0.818285 0.847535 0.0224313 0.0677517 0.00135676
2 0.763115 0.684924 0.0100812 0.0118668 0.00132719
1 0.554003 0.839646 0.0123534 0.0219598 0.00131463
2 0.852474 0.532199 0.021282 0.0399516 0.00129203
2 0.33119 0.509645 0.00961609 0.0400441 0.00128929
4 0.507108 0.868384 0.0560236 0.0330419 0.00127577
6 0.508076 0.875205 0.0389952 0.0269744 0.00126756
5 0.131528 0.918883 0.00936853 0.0145018 0.00123214
4 0.378646 0.912564 0.0171681 0.0234095 0.00122559
22 0.445087 0.745768 0.0406111 0.0469635 0.00122262
8 0.4412 0.666612 0.00960037 0.0104506 0.00121336
6 0.579833 0.838611 0.0212744 0.0215164 0.00120794
6 0.447214 0.847209 0.0102437 0.0118866 0.00120407
7 0.518049 0.847143 0.014909 0.010651 0.0012013
6 0.461739 0.856912 0.00920422 0.0135061 0.00119464
0 0.563744 0.885189 0.0188071 0.0482595 0.00118994
1 0.571357 0.838326 0.0177666 0.020476 0.0011823
6 0.591517 0.836874 0.0135787 0.0180572 0.00117204
6 0.507108 0.868384 0.0560236 0.0330419 0.00114196
2 0.149198 0.515653 0.0505827 0.0541496 0.00113983
14 0.168817 0.915236 0.0140854 0.0178851 0.00113098
10 0.403417 0.415264 0.0129845 0.0303077 0.00112456
