1 0.651352 0.635444 0.0557107 0.150942 0.906249
1 0.683237 0.670496 0.0426684 0.0603644 0.819239
4 0.398568 0.760652 0.0280584 0.035131 0.819118
4 0.459113 0.768083 0.030168 0.0376583 0.701477
1 0.548999 0.704108 0.0384277 0.0581818 0.667558
1 0.441585 0.718259 0.0109253 0.0178722 0.308546
15 0.46656 0.746294 0.0284649 0.0662745 0.301898
6 0.465929 0.744577 0.0301634 0.058664 0.250068
4 0.43471 0.754588 0.0184809 0.0184784 0.157585
6 0.441585 0.718259 0.0109253 0.0178722 0.14758
4 0.443882 0.756945 0.00945203 0.0175659 0.142196
4 0.51535 0.750292 0.00853918 0.0116344 0.081549
6 0.355922 0.680078 0.0768258 0.043322 0.0799788
4 0.420571 0.752371 0.0123204 0.0144633 0.0523534
4 0.505743 0.749201 0.0136342 0.010824 0.0514718
1 0.553934 0.729693 0.00853119 0.0125381 0.0512226
6 0.43471 0.754588 0.0184809 0.0184784 0.043858
4 0.441585 0.718259 0.0109253 0.0178722 0.0428292
1 0.531494 0.741748 0.017012 0.0114527 0.042266
1 0.515363 0.681963 0.0209242 0.0263176 0.0365623
4 0.488521 0.751427 0.0111567 0.00915917 0.0316406
6 0.531132 0.747804 0.0171744 0.0156017 0.0304433
1 0.537824 0.737515 0.0215486 0.00930734 0.0264327
4 0.513684 0.746577 0.0101529 0.0123497 0.0263235
4 0.465722 0.745518 0.0282736 0.060528 0.0260992
1 0.655297 0.687254 0.0554238 0.0424662 0.0244497
6 0.51535 0.750292 0.00853918 0.0116344 0.0198716
1 0.531132 0.747804 0.0171744 0.0156017 0.0192199
4 0.508742 0.740232 0.0146662 0.0117744 0.0170286
4 0.531132 0.747804 0.0171744 0.0156017 0.0157375
15 0.434608 0.753314 0.013899 0.019537 0.0114906
6 0.508742 0.740232 0.0146662 0.0117744 0.0114701
4 0.491072 0.742543 0.0100656 0.0184687 0.0109114
1 0.44118 0.704285 0.0115854 0.0226461 0.0104873
1 0.522755 0.722562 0.0112665 0.0171908 0.00979226
15 0.459213 0.768889 0.0299118 0.037192 0.00943309
1 0.515418 0.740425 0.00872073 0.0130144 0.00914027
1 0.508742 0.740232 0.0146662 0.0117744 0.00885406
6 0.515418 0.740425 0.00872073 0.0130144 0.00801573
6 0.53221 0.739831 0.0206134 0.0112688 0.00736644
4 0.515418 0.740425 0.00872073 0.0130144 0.00732728
6 0.44118 0.704285 0.0115854 0.0226461 0.0072072
6 0.460355 0.767918 0.0313896 0.0406635 0.0070148
1 0.43471 0.754588 0.0184809 0.0184784 0.00669005
6 0.445352 0.725169 0.0110912 0.0234516 0.00645774
1 0.433936 0.718708 0.0101456 0.0154073 0.00606554
1 0.353668 0.678463 0.0809985 0.0429208 0.00587404
1 0.51535 0.750292 0.00853918 0.0116344 0.00540942
6 0.505743 0.749201 0.0136342 0.010824 0.0053296
6 0.433936 0.718708 0.0101456 0.0154073 0.00524294
1 0.465722 0.745518 0.0282736 0.060528 0.00517478
4 0.472313 0.7575 0.0240654 0.0412529 0.00489376
6 0.443882 0.756945 0.00945203 0.0175659 0.00488358
1 0.550712 0.684856 0.0394351 0.0403892 0.00476111
1 0.491072 0.742543 0.0100656 0.0184687 0.00457028
1 0.423891 0.716602 0.0146045 0.012426 0.00450721
15 0.531132 0.747804 0.0171744 0.0156017 0.004283
4 0.487911 0.765315 0.0125835 0.0206948 0.00404273
6 0.491072 0.742543 0.0100656 0.0184687 0.00402
1 0.653327 0.698366 0.0509258 0.0278626 0.00400436
6 0.479745 0.741166 0.0169991 0.0475395 0.00396247
4 0.445352 0.725169 0.0110912 0.0234516 0.00372415
1 0.512202 0.721874 0.0170167 0.0151868 0.00371346
6 0.309103 0.689981 0.0355403 0.044001 0.00362035
1 0.756532 0.79013 0.00942249 0.0122143 0.00340263
1 0.445352 0.725169 0.0110912 0.0234516 0.00339802
15 0.479745 0.741166 0.0169991 0.0475395 0.00339129
4 0.553934 0.729693 0.00853119 0.0125381 0.00334781
15 0.39871 0.7604 0.0282876 0.0342632 0.00315257
4 0.433936 0.718708 0.0101456 0.0154073 0.00309366
4 0.435769 0.747526 0.0150501 0.02622 0.00309129
6 0.464612 0.694116 0.0238087 0.0221505 0.0029964
6 0.435769 0.747526 0.0150501 0.02622 0.00294432
15 0.441585 0.718259 0.0109253 0.0178722 0.00288437
6 0.513684 0.746577 0.0101529 0.0123497 0.00271389
6 0.420571 0.752371 0.0123204 0.0144633 0.00267593
6 0.548484 0.702447 0.0379841 0.0561585 0.00259859
15 0.443882 0.756945 0.00945203 0.0175659 0.00258325
1 0.464612 0.694116 0.0238087 0.0221505 0.00256777
6 0.472313 0.7575 0.0240654 0.0412529 0.00255238
1 0.308146 0.686837 0.0336016 0.0432455 0.00251882
15 0.472313 0.7575 0.0240654 0.0412529 0.00251507
4 0.434786 0.760233 0.0173621 0.0264265 0.00244519
6 0.502717 0.68177 0.044473 0.0300793 0.00242627
6 0.334095 0.684142 0.027199 0.0391437 0.00222748
15 0.51535 0.750292 0.00853918 0.0116344 0.00218937
1 0.377383 0.735656 0.0120762 0.0212225 0.00218507
6 0.39871 0.7604 0.0282876 0.0342632 0.00210759
1 0.536576 0.685874 0.0221451 0.0247425 0.00209596
4 0.393084 0.745748 0.0135795 0.0223331 0.00205388
6 0.454337 0.695299 0.0179526 0.0251001 0.0020107
1 0.535169 0.746087 0.0169377 0.0177431 0.00197728
6 0.437705 0.68572 0.0229274 0.0205938 0.00192221
6 0.488521 0.751427 0.0111567 0.00915917 0.00187167
4 0.537824 0.737515 0.0215486 0.00930734 0.0017548
4 0.518771 0.762811 0.00929767 0.0215567 0.00175332
6 0.42305 0.683854 0.0499048 0.0262331 0.00169135
6 0.535169 0.746087 0.0169377 0.0177431 0.00165974
5 0.460355 0.767918 0.0313896 0.0406635 0.00163907
1 0.37816 0.717568 0.0147257 0.0125208 0.00161356
12 0.531132 0.747804 0.0171744 0.0156017 0.00159531
4 0.53221 0.739831 0.0206134 0.0112688 0.00158107
1 0.562365 0.668311 0.022543 0.023269 0.00156641
1 0.513684 0.746577 0.0101529 0.0123497 0.00155505
1 0.307075 0.668396 0.0236658 0.0181254 0.00144065
4 0.464612 0.694116 0.0238087 0.0221505 0.0014299
15 0.508742 0.740232 0.0146662 0.0117744 0.0014067
4 0.417814 0.760875 0.010912 0.026616 0.00140094
15 0.491072 0.742543 0.0100656 0.0184687 0.00139877
7 0.475745 0.68094 0.0117255 0.0285539 0.00131709
1 0.454337 0.695299 0.0179526 0.0251001 0.00130317
6 0.430272 0.679211 0.240766 0.041942 0.00127194
4 0.449061 0.779184 0.0178326 0.0256565 0.00127044
15 0.53221 0.739831 0.0206134 0.0112688 0.00125291
6 0.512202 0.721874 0.0170167 0.0151868 0.00124137
6 0.537824 0.737515 0.0215486 0.00930734 0.00122891
7 0.441585 0.718259 0.0109253 0.0178722 0.00117802
1 0.466137 0.681371 0.0234291 0.0271867 0.00117055
15 0.513684 0.746577 0.0101529 0.0123497 0.00115409
6 0.434786 0.760233 0.0173621 0.0264265 0.00114783
12 0.465572 0.743571 0.036386 0.0584823 0.0011441
15 0.355922 0.680078 0.0768258 0.043322 0.0011221
1 0.491556 0.721793 0.00839969 0.0125312 0.00111287
6 0.515363 0.681963 0.0209242 0.0263176 0.00108985
4 0.44118 0.704285 0.0115854 0.0226461 0.00105278
6 0.370812 0.677169 0.0485912 0.0375159 0.00103958
6 0.460499 0.684316 0.0197159 0.0215294 0.00102427
1 0.516264 0.687252 0.0229443 0.021772 0.00101386
1 0.435769 0.747526 0.0150501 0.02622 0.00101153
