4 0.974113 0.803159 0.0507746 0.0887777 0.896746
4 0.991719 0.836751 0.0149313 0.101255 0.775788
8 0.124791 0.817457 0.0524893 0.0978211 0.726389
2 0.472013 0.561385 0.0134577 0.0283971 0.55447
6 0.93378 0.774796 0.027527 0.0476986 0.405134
0 0.121534 0.806803 0.0416159 0.111465 0.383025
4 0.933825 0.775451 0.0267293 0.0473342 0.319402
2 0.490445 0.566129 0.0112479 0.0169916 0.240843
15 0.933894 0.774805 0.026856 0.0483666 0.197885
2 0.430309 0.548707 0.0305576 0.0471389 0.19109
4 0.821453 0.787777 0.0150125 0.0165891 0.0930003
2 0.489446 0.560507 0.0153457 0.0187509 0.0820121
14 0.78811 0.794223 0.0232742 0.0249921 0.0723629
13 0.128469 0.760411 0.0148442 0.0220076 0.0336857
14 0.821453 0.787777 0.0150125 0.0165891 0.0283498
2 0.512917 0.533816 0.0115491 0.0261965 0.0228619
17 0.128469 0.760411 0.0148442 0.0220076 0.0223548
1 0.958111 0.759309 0.0203058 0.0174278 0.0159028
14 0.773189 0.790914 0.0182046 0.0248555 0.0151185
2 0.466682 0.559498 0.020511 0.0299188 0.0147274
4 0.956148 0.772329 0.0145707 0.0197491 0.0135462
2 0.512274 0.546247 0.013583 0.0195926 0.0102016
0 0.128469 0.760411 0.0148442 0.0220076 0.0094118
2 0.510405 0.553168 0.0137838 0.0147235 0.0092111
0 0.991719 0.836751 0.0149313 0.101255 0.00893134
3 0.119014 0.824152 0.041485 0.0856745 0.00870851
11 0.121878 0.806359 0.0410058 0.108693 0.008005
2 0.510854 0.529187 0.0109137 0.0222472 0.00752578
2 0.490204 0.579275 0.0179142 0.0308348 0.00725305
4 0.954599 0.78286 0.0112471 0.0277869 0.00621399
1 0.430056 0.548798 0.0325533 0.047833 0.00605482
6 0.958111 0.759309 0.0203058 0.0174278 0.00601604
1 0.422222 0.706164 0.0140644 0.0305668 0.0059438
1 0.692914 0.736734 0.0155098 0.0250446 0.00587348
4 0.121832 0.807606 0.0414538 0.112456 0.00566033
42 0.128469 0.760411 0.0148442 0.0220076 0.00500303
1 0.941705 0.737497 0.0157583 0.0266679 0.00456082
4 0.786492 0.791938 0.0239939 0.0240136 0.00433222
2 0.857279 0.701792 0.00621991 0.0100655 0.00432001
2 0.930211 0.60521 0.00517316 0.0101504 0.00422681
4 0.828016 0.788825 0.0227103 0.017848 0.00406443
1 0.933479 0.773668 0.0270374 0.0474945 0.00399366
1 0.941275 0.719385 0.0116328 0.0125063 0.00387713
7 0.430207 0.549311 0.0312804 0.046195 0.00372799
11 0.128469 0.760411 0.0148442 0.0220076 0.00371562
13 0.121832 0.807606 0.0414538 0.112456 0.00355297
2 0.844613 0.661829 0.00778516 0.0151829 0.00327262
0 0.818213 0.787231 0.0151173 0.0163472 0.00326281
17 0.121229 0.804782 0.0431618 0.100426 0.00326277
2 0.842689 0.618665 0.00932324 0.014962 0.00315785
12 0.854895 0.775123 0.0108469 0.0184312 0.00307575
2 0.485775 0.570925 0.0181648 0.0400843 0.00306191
12 0.845937 0.779379 0.0120422 0.0177105 0.00299555
6 0.963956 0.762179 0.0267839 0.0186595 0.00287848
1 0.963956 0.762179 0.0267839 0.0186595 0.00280052
14 0.84597 0.788853 0.0116545 0.0146817 0.00277968
14 0.790676 0.798756 0.0174171 0.0238254 0.00271858
14 0.702389 0.79345 0.0138862 0.0283265 0.00270403
1 0.914838 0.74011 0.0129177 0.0136558 0.00265678
14 0.856579 0.78978 0.0285775 0.0165396 0.0026526
5 0.121832 0.807606 0.0414538 0.112456 0.00252044
6 0.941705 0.737497 0.0157583 0.0266679 0.00247338
1 0.878394 0.732779 0.00561688 0.017705 0.00246492
4 0.84597 0.788853 0.0116545 0.0146817 0.00243651
4 0.958111 0.759309 0.0203058 0.0174278 0.00239965
2 0.511667 0.559719 0.0157794 0.0226492 0.00234423
6 0.956148 0.772329 0.0145707 0.0197491 0.00233536
1 0.932974 0.742763 0.0138174 0.023009 0.00217391
4 0.856579 0.78978 0.0285775 0.0165396 0.00214301
1 0.42399 0.703974 0.0204935 0.0352227 0.0020677
5 0.821453 0.787777 0.0150125 0.0165891 0.00201716
8 0.821453 0.787777 0.0150125 0.0165891 0.00200934
4 0.825832 0.783126 0.0221996 0.0226036 0.00199259
2 0.50315 0.568599 0.0184681 0.021731 0.00197808
13 0.128166 0.811738 0.0589156 0.0839291 0.00193317
14 0.854895 0.775123 0.0108469 0.0184312 0.00193294
1 0.882232 0.762859 0.0076734 0.0219321 0.00186599
2 0.842343 0.70238 0.00738757 0.0126745 0.00185813
1 0.854895 0.775123 0.0108469 0.0184312 0.00184383
14 0.828016 0.788825 0.0227103 0.017848 0.00182641
1 0.350726 0.509552 0.030815 0.0485876 0.00173839
5 0.93378 0.774796 0.027527 0.0476986 0.00173708
14 0.691016 0.792807 0.0235223 0.0265888 0.00168517
4 0.452056 0.776056 0.0116255 0.0133222 0.00163443
4 0.812355 0.786988 0.0202794 0.0128326 0.00157804
14 0.786139 0.799112 0.0190618 0.0231663 0.00156191
1 0.938779 0.714798 0.0119066 0.0178213 0.00155823
4 0.963956 0.762179 0.0267839 0.0186595 0.00155717
1 0.993679 0.761596 0.00998425 0.0168397 0.00155406
12 0.864421 0.779676 0.0292545 0.0193663 0.00154076
4 0.2282 0.766498 0.0117808 0.0170302 0.00152159
1 0.919163 0.720705 0.00900336 0.0335785 0.00152125
4 0.988359 0.822131 0.0217175 0.10479 0.00152081
0 0.702389 0.79345 0.0138862 0.0283265 0.00149654
1 0.842317 0.756994 0.0105564 0.0282564 0.0014669
1 0.904742 0.739101 0.0134869 0.0118333 0.00141471
42 0.121832 0.807606 0.0414538 0.112456 0.00124784
14 0.878191 0.786504 0.00748834 0.0153857 0.00119026
4 0.926278 0.776857 0.0336984 0.0408015 0.00118829
2 0.489016 0.58557 0.0211206 0.0258189 0.00117152
1 0.954025 0.739622 0.0351928 0.029541 0.00115115
1 0.878523 0.720382 0.00805786 0.0341121 0.00112674
32 0.821453 0.787777 0.0150125 0.0165891 0.00112083
2 0.500527 0.583845 0.0152419 0.030999 0.0011199
4 0.601918 0.772203 0.0462739 0.0340654 0.00109621
14 0.992404 0.835842 0.0137988 0.103822 0.00107833
3 0.821453 0.787777 0.0150125 0.0165891 0.00107513
32 0.856579 0.78978 0.0285775 0.0165396 0.00105631
6 0.973079 0.763483 0.0486639 0.0229423 0.00103634
12 0.786492 0.791938 0.0239939 0.0240136 0.00103099
