4 0.64192 0.65336 0.31485 0.292506 0.956452
1 0.389881 0.420261 0.0841914 0.0740208 0.931692
1 0.24984 0.418787 0.0882805 0.0763434 0.925484
4 0.916181 0.565996 0.0978784 0.0766789 0.922577
1 0.0833078 0.424154 0.0950965 0.0763787 0.92121
4 0.433284 0.593356 0.113479 0.132119 0.915569
4 0.0482067 0.600134 0.0304134 0.03616 0.865001
4 0.98268 0.565261 0.033162 0.0861609 0.859637
4 0.235797 0.581353 0.0300318 0.0318123 0.84463
1 0.347246 0.510621 0.0184437 0.0530018 0.828519
4 0.840887 0.567988 0.0739373 0.0661114 0.813485
4 0.785904 0.566588 0.0632598 0.0567201 0.803641
1 0.215335 0.493364 0.0303505 0.0221766 0.786439
4 0.0802819 0.605804 0.0183849 0.0206216 0.749865
4 0.19054 0.575627 0.0272241 0.0290816 0.714484
4 0.0215913 0.559743 0.0419042 0.183188 0.7141
4 0.365291 0.583402 0.0309002 0.0379081 0.680122
1 0.32362 0.514069 0.0195858 0.0579628 0.67207
4 0.20237 0.55034 0.0160325 0.0203079 0.66484
1 0.309953 0.532184 0.0138913 0.0410773 0.619647
4 0.749634 0.547437 0.0296768 0.0296265 0.572781
1 0.17039 0.516086 0.0179909 0.0503969 0.548689
4 0.15679 0.549102 0.0128684 0.0186762 0.472234
0 0.513727 0.570342 0.0245688 0.0452621 0.401417
6 0.0212849 0.559834 0.0407725 0.187343 0.313399
1 0.265945 0.531005 0.0194636 0.0228486 0.302224
0 0.334676 0.578321 0.0102075 0.0341965 0.28462
1 0.309004 0.521731 0.0148445 0.0344503 0.253225
4 0.75746 0.547358 0.0428898 0.0382033 0.238183
4 0.106767 0.587924 0.0113009 0.0156799 0.221259
4 0.493546 0.571748 0.0206427 0.0228589 0.214797
4 0.181988 0.550602 0.00828479 0.0115748 0.212765
0 0.337651 0.5774 0.0148793 0.0359986 0.199251
4 0.19001 0.546738 0.00921915 0.0185635 0.195448
4 0.373633 0.582976 0.0186584 0.0363968 0.172659
4 0.215023 0.548479 0.00831918 0.0132957 0.158589
1 0.294236 0.515867 0.0201359 0.0236426 0.148004
1 0.160055 0.499126 0.0117807 0.0213928 0.147283
1 0.18163 0.496471 0.0127282 0.019016 0.1447
1 0.312216 0.522575 0.0164439 0.0561139 0.137614
1 0.27979 0.530476 0.0111772 0.0243622 0.131694
4 0.161178 0.55321 0.0124191 0.0188656 0.130613
1 0.210193 0.526412 0.00947968 0.0242185 0.129401
4 0.166591 0.554905 0.0125948 0.0204363 0.128556
4 0.205956 0.550243 0.0146009 0.0188428 0.124711
0 0.506059 0.579144 0.0406168 0.0613773 0.121492
4 0.751103 0.554513 0.0294027 0.0343769 0.120993
4 0.0833753 0.563504 0.0167869 0.0209766 0.116574
8 0.334363 0.580042 0.0103943 0.0338808 0.107288
1 0.292092 0.499665 0.0188955 0.0168096 0.106073
4 0.503566 0.5822 0.038968 0.0515422 0.0934777
4 0.496217 0.580945 0.024637 0.0427781 0.0918925
4 0.0385162 0.599335 0.0158778 0.0338897 0.0876604
4 0.102773 0.554534 0.0089036 0.0139039 0.0806973
4 0.170824 0.559163 0.0155955 0.0214952 0.0791356
8 0.338384 0.580188 0.013543 0.0317351 0.0782805
6 0.20237 0.55034 0.0160325 0.0203079 0.0730031
4 0.114602 0.56612 0.0095983 0.0127635 0.0709281
14 0.334363 0.580042 0.0103943 0.0338808 0.0703461
1 0.26295 0.524704 0.0175537 0.0172272 0.0697244
4 0.201095 0.558122 0.0135189 0.0178666 0.0663079
6 0.15679 0.549102 0.0128684 0.0186762 0.0649904
4 0.749139 0.539972 0.0280131 0.0217029 0.0641453
4 0.145863 0.548729 0.0130906 0.0143694 0.0630009
15 0.20237 0.55034 0.0160325 0.0203079 0.058265
4 0.0718333 0.602778 0.0126021 0.020793 0.057408
4 0.0814584 0.589844 0.0172906 0.019129 0.0570184
6 0.0833753 0.563504 0.0167869 0.0209766 0.0525071
15 0.19001 0.546738 0.00921915 0.0185635 0.0508281
1 0.212852 0.529777 0.0123494 0.0194174 0.0483158
1 0.267663 0.526123 0.0208751 0.0178253 0.0479086
1 0.294361 0.521071 0.0176251 0.0211107 0.0470497
4 0.513106 0.575756 0.0254304 0.0540223 0.0470231
4 0.103072 0.558805 0.00869417 0.0164771 0.0464484
4 0.267539 0.546475 0.010493 0.00837569 0.0462043
4 0.377321 0.588933 0.0110817 0.0350608 0.045573
4 0.259661 0.549048 0.00858052 0.00847697 0.0436227
4 0.156935 0.55618 0.0136234 0.0226396 0.0411025
0 0.130269 0.588565 0.0211888 0.0453573 0.0404324
6 0.139003 0.568436 0.0252961 0.0469841 0.0361252
4 0.0918805 0.561322 0.0110198 0.0198247 0.0358511
1 0.207887 0.522469 0.0111458 0.0275034 0.0350277
4 0.108985 0.587304 0.0131988 0.0189009 0.0349283
4 0.114246 0.56059 0.00879421 0.0140511 0.0339151
15 0.0217978 0.559106 0.0425911 0.181623 0.0338357
6 0.205956 0.550243 0.0146009 0.0188428 0.0329283
4 0.0461025 0.580598 0.0245855 0.0427335 0.0312535
4 0.483932 0.572244 0.0205495 0.0245423 0.0304763
4 0.5173 0.568793 0.0313312 0.045178 0.0289959
4 0.261483 0.552205 0.00751529 0.0127931 0.0289957
2 0.331534 0.34053 0.00543387 0.010622 0.0285445
4 0.0960375 0.553771 0.0101128 0.0128644 0.0283771
0 0.907922 0.518837 0.0127996 0.0180077 0.0279316
4 0.983324 0.542502 0.0299824 0.0403344 0.0267197
1 0.26155 0.518044 0.0302505 0.0173659 0.0264607
4 0.0834324 0.556525 0.0123356 0.0173039 0.0250268
4 0.226464 0.555122 0.0118368 0.0174193 0.0246115
6 0.102773 0.554534 0.0089036 0.0139039 0.0242901
15 0.15679 0.549102 0.0128684 0.0186762 0.0231131
6 0.161178 0.55321 0.0124191 0.0188656 0.0228419
1 0.0833753 0.563504 0.0167869 0.0209766 0.0223931
1 0.102773 0.554534 0.0089036 0.0139039 0.0223691
8 0.504867 0.583836 0.0378743 0.060218 0.0218461
4 0.188982 0.566466 0.024059 0.0256491 0.0215034
4 0.170979 0.573799 0.0146951 0.0307411 0.0213985
15 0.0839991 0.563079 0.0179628 0.0190909 0.0212065
4 0.338384 0.580188 0.013543 0.0317351 0.0210989
6 0.114602 0.56612 0.0095983 0.0127635 0.0207277
2 0.418074 0.350115 0.0149433 0.0165586 0.0203133
15 0.205956 0.550243 0.0146009 0.0188428 0.020308
3 0.334965 0.581478 0.0131496 0.0319685 0.0199302
1 0.305483 0.531053 0.0178502 0.0349724 0.0198909
1 0.988982 0.473301 0.0141029 0.0667104 0.0195662
0 0.91104 0.519195 0.0172607 0.0198763 0.0193956
1 0.172964 0.536832 0.0186596 0.0193073 0.0190657
6 0.865995 0.528827 0.0240387 0.0180996 0.0188758
0 0.134305 0.578102 0.0141931 0.0606889 0.0186503
15 0.139003 0.568436 0.0252961 0.0469841 0.0185976
4 0.334363 0.580042 0.0103943 0.0338808 0.018533
1 0.202578 0.547206 0.0159767 0.0208209 0.0183877
4 0.139003 0.568436 0.0252961 0.0469841 0.0180375
6 0.0918805 0.561322 0.0110198 0.0198247 0.0178298
4 0.112009 0.581514 0.0147375 0.0205049 0.017702
4 0.137164 0.555757 0.0143317 0.0201047 0.0166588
6 0.19001 0.546738 0.00921915 0.0185635 0.0165418
4 0.917259 0.53464 0.0615407 0.0176363 0.0165125
6 0.114246 0.56059 0.00879421 0.0140511 0.0162831
4 0.24564 0.55528 0.0105671 0.0163353 0.0162713
4 0.140553 0.56056 0.0227039 0.031685 0.0158646
14 0.338384 0.580188 0.013543 0.0317351 0.0158273
4 0.869828 0.53089 0.0339459 0.023984 0.0157223
6 0.145863 0.548729 0.0130906 0.0143694 0.0149532
6 0.267539 0.546475 0.010493 0.00837569 0.0147615
6 0.166591 0.554905 0.0125948 0.0204363 0.0144631
6 0.134305 0.578102 0.0141931 0.0606889 0.014226
4 0.821316 0.548492 0.025476 0.0241227 0.0140151
6 0.265945 0.531005 0.0194636 0.0228486 0.0139455
4 0.900185 0.525563 0.0269269 0.0141488 0.0138626
1 0.988233 0.48358 0.0184448 0.0908444 0.0134994
6 0.215023 0.548479 0.00831918 0.0132957 0.0133838
14 0.131117 0.588522 0.0222393 0.0467671 0.0133538
1 0.0509515 0.55423 0.0123227 0.0187633 0.0132647
1 0.114602 0.56612 0.0095983 0.0127635 0.0129655
6 0.259661 0.549048 0.00858052 0.00847697 0.0129226
5 0.334363 0.580042 0.0103943 0.0338808 0.0123886
4 0.115306 0.55584 0.00803881 0.0168782 0.0121756
12 0.865995 0.528827 0.0240387 0.0180996 0.0118131
1 0.19001 0.546738 0.00921915 0.0185635 0.0116372
4 0.0478584 0.555513 0.013007 0.0226062 0.011583
4 0.180457 0.600884 0.0117061 0.0241801 0.0115107
4 0.97226 0.539868 0.040864 0.0396262 0.0114082
0 0.139592 0.587493 0.0126998 0.0274905 0.0113559
15 0.161178 0.55321 0.0124191 0.0188656 0.0109707
4 0.134305 0.578102 0.0141931 0.0606889 0.0109414
2 0.643467 0.194442 0.013387 0.0132819 0.0109277
4 0.926238 0.537617 0.0738115 0.0218867 0.0108844
4 0.866033 0.549217 0.0285508 0.0235555 0.0107498
4 0.904735 0.521719 0.0308439 0.0188589 0.0107489
1 0.0721457 0.553081 0.00929167 0.014706 0.0107404
4 0.0388928 0.605891 0.0174338 0.0523283 0.0104644
4 0.151181 0.543823 0.0191665 0.0150099 0.0104436
6 0.208344 0.526131 0.00934366 0.0258254 0.0103367
15 0.166591 0.554905 0.0125948 0.0204363 0.00983229
6 0.0960375 0.553771 0.0101128 0.0128644 0.00982369
6 0.130269 0.588565 0.0211888 0.0453573 0.0098032
4 0.0958955 0.584043 0.0104798 0.0131604 0.00968863
4 0.47367 0.571389 0.0289132 0.057204 0.00956591
1 0.15679 0.549102 0.0128684 0.0186762 0.00950882
6 0.106767 0.587924 0.0113009 0.0156799 0.00949863
6 0.156935 0.55618 0.0136234 0.0226396 0.00937844
15 0.145863 0.548729 0.0130906 0.0143694 0.00937334
4 0.130269 0.588565 0.0211888 0.0453573 0.00933549
4 0.520713 0.552759 0.0266627 0.0269838 0.00933163
6 0.27979 0.530476 0.0111772 0.0243622 0.00926753
1 0.283389 0.51652 0.0152877 0.0252884 0.00924938
6 0.103072 0.558805 0.00869417 0.0164771 0.00905301
1 0.196636 0.4961 0.012856 0.0227304 0.00896396
5 0.12912 0.592668 0.0176857 0.0378744 0.00884055
8 0.512167 0.578419 0.0243605 0.0620505 0.00873257
4 0.23727 0.565512 0.0263308 0.0223257 0.00866307
15 0.181988 0.550602 0.00828479 0.0115748 0.00858229
1 0.115306 0.55584 0.00803881 0.0168782 0.00856463
6 0.181988 0.550602 0.00828479 0.0115748 0.00850656
4 0.139592 0.587493 0.0126998 0.0274905 0.00844352
1 0.215358 0.499208 0.0268684 0.0317266 0.00844266
8 0.140914 0.598802 0.0104528 0.0284132 0.00838022
1 0.251466 0.540037 0.0110521 0.0118209 0.0080309
2 0.309171 0.355295 0.00694922 0.0112419 0.00795803
1 0.296806 0.539983 0.0133305 0.0214757 0.00777379
4 0.0673514 0.596593 0.012526 0.0271753 0.00777347
2 0.419319 0.35308 0.0159602 0.0153984 0.00776842
1 0.0709388 0.533824 0.00913095 0.0165754 0.0077305
0 0.336067 0.56432 0.00959998 0.0180005 0.00765471
4 0.977441 0.546627 0.0315867 0.0444363 0.00763887
4 0.108952 0.593263 0.0117104 0.0224691 0.00759488
8 0.131117 0.588522 0.0222393 0.0467671 0.00751823
6 0.140553 0.56056 0.0227039 0.031685 0.00751445
0 0.140914 0.598802 0.0104528 0.0284132 0.00730295
15 0.114246 0.56059 0.00879421 0.0140511 0.00721069
1 0.259661 0.549048 0.00858052 0.00847697 0.00709996
4 0.386213 0.586555 0.0164629 0.0357669 0.00702674
2 0.330532 0.38683 0.00852527 0.0190921 0.00688804
4 0.320331 0.57011 0.00889987 0.0129379 0.00669748
4 0.892837 0.539669 0.0576276 0.0341828 0.00669296
4 0.755194 0.563869 0.0427333 0.0559251 0.00668799
1 0.267539 0.546475 0.010493 0.00837569 0.00661337
4 0.19127 0.538555 0.0101256 0.0189613 0.00656181
1 0.0960375 0.553771 0.0101128 0.0128644 0.00648471
4 0.336067 0.56432 0.00959998 0.0180005 0.0064751
0 0.36515 0.582885 0.0315091 0.0388859 0.00645896
1 0.187324 0.522342 0.0119051 0.0391855 0.00644452
6 0.267663 0.526123 0.0208751 0.0178253 0.00643963
4 0.0456598 0.607667 0.0327768 0.0628862 0.00636166
22 0.334965 0.581478 0.0131496 0.0319685 0.00624712
0 0.496217 0.580945 0.024637 0.0427781 0.00616891
1 0.135417 0.497921 0.0229517 0.0356452 0.00612668
1 0.19127 0.538555 0.0101256 0.0189613 0.00611066
6 0.212852 0.529777 0.0123494 0.0194174 0.00609698
7 0.985623 0.477446 0.0192074 0.0749027 0.00609244
4 0.959331 0.544933 0.0218806 0.0287954 0.00602595
4 0.0880989 0.600206 0.0120715 0.0168303 0.00594659
4 0.764873 0.538356 0.0197464 0.0187345 0.00586266
5 0.338384 0.580188 0.013543 0.0317351 0.00576573
2 0.42384 0.350362 0.0142979 0.0173694 0.00570118
1 0.137164 0.555757 0.0143317 0.0201047 0.00554333
14 0.140914 0.598802 0.0104528 0.0284132 0.00553925
1 0.157314 0.537422 0.0122694 0.0194771 0.00552641
15 0.215023 0.548479 0.00831918 0.0132957 0.00552489
0 0.915329 0.518796 0.0451275 0.0261475 0.00549015
6 0.0834324 0.556525 0.0123356 0.0173039 0.00539356
1 0.0930612 0.530605 0.0103906 0.012568 0.00527038
1 0.0478584 0.555513 0.013007 0.0226062 0.00523963
4 0.158227 0.572304 0.0336544 0.0438504 0.00509008
4 0.86396 0.52869 0.0209144 0.0188913 0.00508845
4 0.84751 0.536092 0.0218105 0.018676 0.00507624
4 0.222281 0.56385 0.00940746 0.010067 0.00503934
6 0.19127 0.538555 0.0101256 0.0189613 0.00498476
3 0.338384 0.580188 0.013543 0.0317351 0.00497696
6 0.309953 0.532184 0.0138913 0.0410773 0.0049402
15 0.102773 0.554534 0.0089036 0.0139039 0.00482723
6 0.885718 0.527247 0.0554722 0.0236988 0.0047964
4 0.946407 0.540337 0.0341735 0.0226762 0.00472694
4 0.267745 0.558587 0.00936801 0.0166103 0.0047097
1 0.215023 0.548479 0.00831918 0.0132957 0.00470083
0 0.493546 0.571748 0.0206427 0.0228589 0.00456634
4 0.0722581 0.569101 0.0115255 0.0186382 0.0045652
2 0.652442 0.172664 0.00958197 0.0176632 0.00455949
6 0.115306 0.55584 0.00803881 0.0168782 0.00455268
1 0.0834324 0.556525 0.0123356 0.0173039 0.00454865
4 0.0619386 0.576548 0.0206692 0.0615246 0.00452276
2 0.33002 0.440529 0.00837515 0.0105848 0.00449413
1 0.309784 0.504881 0.0180018 0.0294115 0.00448339
6 0.26295 0.524704 0.0175537 0.0172272 0.00443642
0 0.904735 0.521719 0.0308439 0.0188589 0.00439261
4 0.440119 0.563593 0.0951406 0.0728641 0.00435233
2 0.352021 0.356295 0.00795136 0.0090558 0.00429436
15 0.0918805 0.561322 0.0110198 0.0198247 0.00428311
4 0.500056 0.563563 0.0416079 0.0408709 0.00424639
5 0.502463 0.585286 0.0364879 0.0517737 0.0042252
1 0.248649 0.514195 0.0160772 0.012925 0.004197
6 0.137164 0.555757 0.0143317 0.0201047 0.00413523
4 0.278599 0.542254 0.0124992 0.0126857 0.00408471
8 0.493546 0.571748 0.0206427 0.0228589 0.00403604
8 0.332822 0.587802 0.0108991 0.03313 0.00401902
8 0.503454 0.604728 0.0369029 0.0723861 0.00400986
4 0.385435 0.601721 0.0195998 0.0703728 0.00399274
6 0.278599 0.542254 0.0124992 0.0126857 0.00398158
6 0.151181 0.543823 0.0191665 0.0150099 0.00394337
4 0.949427 0.556194 0.0328564 0.0530959 0.00384977
6 0.869828 0.53089 0.0339459 0.023984 0.00384417
3 0.504867 0.583836 0.0378743 0.060218 0.00383978
4 0.885718 0.527247 0.0554722 0.0236988 0.00380135
1 0.336067 0.56432 0.00959998 0.0180005 0.00367641
1 0.0831105 0.529406 0.0110094 0.0112495 0.00366466
4 0.95912 0.537044 0.0374498 0.0312444 0.00365955
1 0.19468 0.512372 0.0134526 0.0337806 0.00363375
7 0.196636 0.4961 0.012856 0.0227304 0.0036239
6 0.112009 0.581514 0.0147375 0.0205049 0.00362266
4 0.0509515 0.55423 0.0123227 0.0187633 0.00356463
15 0.267539 0.546475 0.010493 0.00837569 0.00348653
12 0.309953 0.532184 0.0138913 0.0410773 0.00348352
12 0.296806 0.539983 0.0133305 0.0214757 0.00347018
6 0.188982 0.566466 0.024059 0.0256491 0.00345986
4 0.456217 0.560363 0.0615233 0.0634539 0.00344922
1 0.86396 0.52869 0.0209144 0.0188913 0.0034461
15 0.114602 0.56612 0.0095983 0.0127635 0.00344131
1 0.181988 0.550602 0.00828479 0.0115748 0.00343746
6 0.261483 0.552205 0.00751529 0.0127931 0.00341726
4 0.745145 0.552976 0.0408396 0.0411477 0.00335666
2 0.412729 0.350507 0.0160908 0.0175979 0.00326308
1 0.24746 0.525571 0.00974271 0.0133458 0.00321941
1 0.278599 0.542254 0.0124992 0.0126857 0.00321765
15 0.156935 0.55618 0.0136234 0.0226396 0.00319375
0 0.137164 0.555757 0.0143317 0.0201047 0.00317799
4 0.517968 0.564572 0.0483647 0.0730829 0.00312445
4 0.479083 0.555046 0.017713 0.0347006 0.00311122
6 0.0478584 0.555513 0.013007 0.0226062 0.0030997
7 0.18163 0.496471 0.0127282 0.019016 0.00307564
1 0.907922 0.518837 0.0127996 0.0180077 0.00305417
4 0.309287 0.564761 0.0126459 0.0191101 0.00296105
