4 0.372582 0.498261 0.0650073 0.0370388 0.88469
6 0.215456 0.62653 0.150006 0.133046 0.883413
4 0.529323 0.318614 0.015363 0.0231283 0.865809
4 0.622669 0.444061 0.0585187 0.028895 0.860107
4 0.206271 0.4904 0.064204 0.0406317 0.856535
7 0.782705 0.631888 0.020199 0.0637782 0.737226
4 0.508416 0.263179 0.00866095 0.0164442 0.686553
7 0.72422 0.629685 0.0183561 0.0650926 0.581437
1 0.0512039 0.977578 0.101436 0.0448445 0.522787
8 0.208366 0.418592 0.0198808 0.0236935 0.487975
7 0.25765 0.318004 0.0127464 0.0239874 0.413691
4 0.641687 0.322187 0.00682739 0.0161856 0.361253
7 0.153165 0.375006 0.00720531 0.0254918 0.35229
8 0.874922 0.590392 0.0367175 0.0336611 0.343275
4 0.495911 0.264516 0.00740402 0.0151238 0.274055
7 0.620473 0.282807 0.00610736 0.0107543 0.267695
7 0.400712 0.360199 0.010368 0.0134334 0.267402
4 0.187847 0.593093 0.038413 0.0338325 0.251715
1 0.620473 0.282807 0.00610736 0.0107543 0.228394
8 0.770196 0.412954 0.00833722 0.0215962 0.221615
7 0.397906 0.358511 0.00951566 0.0170513 0.205755
2 0.641131 0.669985 0.0155627 0.0288572 0.179616
0 0.706447 0.367135 0.00708252 0.0154197 0.169512
8 0.212122 0.418228 0.0133514 0.022312 0.156128
8 0.881429 0.589487 0.0223334 0.0334966 0.155534
4 0.576434 0.259484 0.010916 0.016243 0.155518
0 0.178484 0.381299 0.00632411 0.0222717 0.154081
4 0.507531 0.256482 0.00815839 0.0165689 0.152638
7 0.0512903 0.396149 0.00993869 0.0310192 0.150351
4 0.646266 0.321246 0.0118962 0.0179919 0.142947
7 0.603627 0.281963 0.00558545 0.0107901 0.14291
7 0.609249 0.678817 0.0102262 0.0421896 0.138533
0 0.209902 0.417779 0.015739 0.022131 0.130645
0 0.0512903 0.396149 0.00993869 0.0310192 0.123006
8 0.706447 0.367135 0.00708252 0.0154197 0.121811
7 0.263211 0.318685 0.0107088 0.0214173 0.120202
4 0.65067 0.323717 0.0106545 0.0143659 0.116522
7 0.789444 0.366646 0.00774426 0.0123548 0.11576
0 0.789444 0.366646 0.00774426 0.0123548 0.115687
4 0.503242 0.306437 0.00955399 0.00974511 0.106125
4 0.987006 0.421561 0.0173096 0.0163916 0.103874
7 0.178295 0.359914 0.0108505 0.00867835 0.103376
4 0.758989 0.337498 0.0130513 0.0166241 0.102548
8 0.976179 0.702732 0.0360414 0.0269621 0.101135
1 0.480155 0.224356 0.00606149 0.0179351 0.0995132
1 0.178295 0.359914 0.0108505 0.00867835 0.0974252
2 0.644337 0.670294 0.0107161 0.0284214 0.0958531
8 0.886244 0.595218 0.014291 0.0249833 0.0954298
6 0.576434 0.259484 0.010916 0.016243 0.0925652
5 0.711684 0.369138 0.0104573 0.0163451 0.0924356
8 0.711684 0.369138 0.0104573 0.0163451 0.0919782
2 0.782726 0.631326 0.0217114 0.064954 0.0905019
0 0.724589 0.629369 0.0184357 0.0667197 0.0901353
4 0.576225 0.255767 0.010184 0.0157483 0.0889697
8 0.963153 0.702101 0.00998419 0.0234709 0.0866312
7 0.607173 0.693179 0.0106829 0.0349779 0.0859457
8 0.789444 0.366646 0.00774426 0.0123548 0.0848295
6 0.576225 0.255767 0.010184 0.0157483 0.0845122
1 0.0514432 0.38646 0.00989216 0.0203271 0.0841113
7 0.178484 0.381299 0.00632411 0.0222717 0.0822563
4 0.96311 0.385384 0.0163429 0.0163553 0.0784087
4 0.977718 0.703291 0.0415934 0.029692 0.0766362
5 0.789444 0.366646 0.00774426 0.0123548 0.0746852
7 0.128066 0.403558 0.00954207 0.0212995 0.0707201
4 0.496561 0.252777 0.00777908 0.00937977 0.0703844
1 0.576225 0.255767 0.010184 0.0157483 0.0697344
1 0.640832 0.669601 0.0148384 0.030527 0.0692696
7 0.413296 0.375812 0.0103287 0.0145272 0.0688137
7 0.610081 0.661523 0.0141433 0.0725918 0.0665164
4 0.511918 0.26594 0.0126764 0.0078959 0.0654834
1 0.54313 0.226633 0.00857501 0.0126161 0.0646366
7 0.153364 0.391143 0.0075004 0.0472487 0.0639671
4 0.432637 0.172236 0.00873712 0.0126052 0.0634674
5 0.641687 0.322187 0.00682739 0.0161856 0.0627512
7 0.0514432 0.38646 0.00989216 0.0203271 0.06228
14 0.711684 0.369138 0.0104573 0.0163451 0.0620544
4 0.823258 0.362372 0.0192249 0.0167568 0.0610154
4 0.620473 0.282807 0.00610736 0.0107543 0.0607915
2 0.72403 0.629299 0.0188751 0.0653545 0.0602796
4 0.947951 0.384748 0.0359648 0.0219514 0.0598607
7 0.397011 0.345523 0.00885794 0.0120266 0.0595403
0 0.770196 0.412954 0.00833722 0.0215962 0.0584235
0 0.78928 0.370992 0.00777435 0.0169352 0.0579783
1 0.576434 0.259484 0.010916 0.016243 0.0572761
8 0.713771 0.372133 0.0105983 0.0149012 0.0569425
7 0.401254 0.350029 0.00983081 0.0181922 0.0557933
0 0.641131 0.669985 0.0155627 0.0288572 0.0546398
8 0.708501 0.371113 0.0072674 0.0166767 0.0542325
4 0.956607 0.381271 0.0349976 0.0235457 0.0539711
14 0.770196 0.412954 0.00833722 0.0215962 0.0536011
1 0.4811 0.216557 0.00542365 0.0126286 0.0528655
14 0.743503 0.39245 0.00918012 0.015315 0.052555
0 0.71289 0.369485 0.0114659 0.0193035 0.0522049
4 0.546122 0.269947 0.00741614 0.00950099 0.0520895
4 0.96357 0.392955 0.0129717 0.0113878 0.0518157
0 0.766028 0.414419 0.0109611 0.0213187 0.0513984
1 0.789444 0.366646 0.00774426 0.0123548 0.0497293
1 0.413296 0.375812 0.0103287 0.0145272 0.0490725
4 0.99263 0.393438 0.0122646 0.0119698 0.0483713
0 0.178769 0.390488 0.00611452 0.015408 0.0481428
0 0.782726 0.631326 0.0217114 0.064954 0.0467092
5 0.706447 0.367135 0.00708252 0.0154197 0.0465016
4 0.994134 0.386997 0.00967859 0.0156284 0.0461307
8 0.743503 0.39245 0.00918012 0.015315 0.0450802
0 0.963153 0.702101 0.00998419 0.0234709 0.0447507
7 0.345304 0.348296 0.00834427 0.0144786 0.0439159
7 0.640832 0.669601 0.0148384 0.030527 0.0436869
4 0.737773 0.337319 0.00853021 0.0109476 0.0434473
0 0.0514432 0.38646 0.00989216 0.0203271 0.0430955
8 0.9912 0.62144 0.0140007 0.0350031 0.0423346
7 0.411735 0.374156 0.00762152 0.0128506 0.0412103
0 0.208228 0.410698 0.0138988 0.0261485 0.041096
8 0.766028 0.414419 0.0109611 0.0213187 0.0403033
1 0.395325 0.966792 0.0115177 0.0660854 0.0401209
5 0.713771 0.372133 0.0105983 0.0149012 0.0401051
7 0.410082 0.374021 0.0122371 0.0141956 0.0393487
7 0.672392 0.670052 0.0115483 0.020629 0.0386597
1 0.603627 0.281963 0.00558545 0.0107901 0.038411
0 0.77105 0.407197 0.00784766 0.0186652 0.0382011
4 0.942675 0.390161 0.0287584 0.0195027 0.0380803
8 0.78928 0.370992 0.00777435 0.0169352 0.037764
7 0.0490539 0.386878 0.0109038 0.0216476 0.0376177
0 0.708501 0.371113 0.0072674 0.0166767 0.0375387
4 0.116069 0.33819 0.0208876 0.0149638 0.0373209
7 0.594529 0.677769 0.00879602 0.0329148 0.0368764
4 0.758094 0.341958 0.0116083 0.0114595 0.0363513
4 0.517158 0.251569 0.00364203 0.00801935 0.0359699
4 0.592286 0.269091 0.00459204 0.00766195 0.0356894
14 0.789444 0.366646 0.00774426 0.0123548 0.0356053
1 0.0512903 0.396149 0.00993869 0.0310192 0.0349874
1 0.713771 0.372133 0.0105983 0.0149012 0.0343846
8 0.413296 0.375812 0.0103287 0.0145272 0.0343766
4 0.478732 0.26597 0.00541092 0.00883648 0.0337095
7 0.15201 0.389194 0.00792682 0.0317566 0.0333673
4 0.603627 0.281963 0.00558545 0.0107901 0.0333033
1 0.0490539 0.386878 0.0109038 0.0216476 0.0322266
4 0.0519851 0.353428 0.00987362 0.0145909 0.0320516
4 0.0785661 0.464714 0.030764 0.0168599 0.0318493
0 0.644337 0.670294 0.0107161 0.0284214 0.031411
4 0.4811 0.216557 0.00542365 0.0126286 0.0311107
8 0.65067 0.323717 0.0106545 0.0143659 0.0308671
7 0.78928 0.370992 0.00777435 0.0169352 0.0303591
4 0.952734 0.391018 0.0183016 0.0165543 0.0296358
0 0.0490539 0.386878 0.0109038 0.0216476 0.0290672
4 0.641302 0.324062 0.010109 0.0178926 0.0287315
1 0.44144 0.601147 0.0470918 0.0303412 0.0281129
8 0.970009 0.704594 0.0240204 0.0267534 0.028089
4 0.368207 0.31182 0.0142048 0.0156705 0.0279057
8 0.207105 0.426068 0.0187919 0.0191177 0.0276106
4 0.446657 0.171843 0.00875598 0.011477 0.0275842
4 0.74169 0.338385 0.0121293 0.00860353 0.0274774
0 0.743503 0.39245 0.00918012 0.015315 0.0272697
4 0.57779 0.315539 0.0083197 0.0178 0.0269737
7 0.157045 0.37542 0.0111218 0.0197853 0.0267603
8 0.77105 0.407197 0.00784766 0.0186652 0.0264857
1 0.0519851 0.353428 0.00987362 0.0145909 0.0262269
4 0.507626 0.204221 0.00672427 0.0134756 0.0260683
7 0.12688 0.40793 0.00963414 0.0185746 0.0257402
4 0.54313 0.226633 0.00857501 0.0126161 0.0256034
8 0.761907 0.415971 0.0145427 0.0188709 0.0255332
4 0.732105 0.338906 0.017595 0.00876649 0.0253621
4 0.577386 0.309475 0.00819867 0.0129917 0.0250559
4 0.0519625 0.349628 0.0103774 0.0156523 0.0249493
5 0.874162 0.59083 0.0370744 0.0325367 0.0247203
8 0.0512903 0.396149 0.00993869 0.0310192 0.0246705
5 0.209902 0.417779 0.015739 0.022131 0.0246058
7 0.614312 0.639208 0.00950177 0.0267208 0.0242168
4 0.0176952 0.375023 0.0106733 0.01337 0.0241847
4 0.970707 0.386475 0.0271731 0.0159476 0.0240862
6 0.508416 0.263179 0.00866095 0.0164442 0.0239689
4 0.0401757 0.355341 0.00844149 0.0118992 0.0239401
7 0.329462 0.346804 0.0111866 0.0114344 0.0239279
5 0.65067 0.323717 0.0106545 0.0143659 0.0239204
4 0.956519 0.416721 0.0159802 0.0163728 0.0237198
7 0.413042 0.369728 0.0111503 0.0197542 0.0236871
4 0.761592 0.343231 0.0145074 0.0124194 0.0236653
7 0.318579 0.348711 0.0100722 0.0144432 0.0235453
4 0.789444 0.366646 0.00774426 0.0123548 0.0234193
8 0.758094 0.341958 0.0116083 0.0114595 0.0232082
1 0.153165 0.375006 0.00720531 0.0254918 0.0231007
22 0.766028 0.414419 0.0109611 0.0213187 0.0228648
0 0.691542 0.355686 0.00446161 0.0142249 0.0227529
8 0.178484 0.381299 0.00632411 0.0222717 0.0226287
4 0.552185 0.270241 0.00769354 0.00941915 0.0224735
1 0.517032 0.20439 0.00414276 0.0138244 0.0223492
7 0.612466 0.659428 0.0122288 0.0609926 0.0222781
8 0.691542 0.355686 0.00446161 0.0142249 0.0222416
0 0.976179 0.702732 0.0360414 0.0269621 0.0222147
5 0.65069 0.370614 0.0266741 0.0193628 0.0221839
12 0.44144 0.601147 0.0470918 0.0303412 0.0221784
4 0.605923 0.29651 0.0071604 0.0172628 0.0221515
1 0.502501 0.195772 0.0070842 0.0097604 0.0218561
1 0.25765 0.318004 0.0127464 0.0239874 0.0217622
7 0.258865 0.358802 0.0112986 0.0135551 0.0213775
14 0.713771 0.372133 0.0105983 0.0149012 0.0211931
4 0.571222 0.309076 0.00712726 0.0115106 0.0211559
7 0.0519851 0.353428 0.00987362 0.0145909 0.0211095
4 0.533572 0.268647 0.00727264 0.00838334 0.0210526
4 0.9912 0.62144 0.0140007 0.0350031 0.0208307
5 0.708501 0.371113 0.0072674 0.0166767 0.0208271
4 0.416123 0.232616 0.00624423 0.00969488 0.0208131
3 0.706447 0.367135 0.00708252 0.0154197 0.0206442
7 0.0401757 0.355341 0.00844149 0.0118992 0.0205853
1 0.521316 0.199981 0.00820721 0.0182502 0.0205419
5 0.78928 0.370992 0.00777435 0.0169352 0.0204769
8 0.641687 0.322187 0.00682739 0.0161856 0.020351
8 0.951857 0.712431 0.0292289 0.0319724 0.0200036
4 0.480155 0.224356 0.00606149 0.0179351 0.0199944
1 0.508416 0.263179 0.00866095 0.0164442 0.0194845
1 0.644337 0.670294 0.0107161 0.0284214 0.019249
4 0.478093 0.248407 0.0062352 0.00635372 0.0189255
0 0.178295 0.359914 0.0108505 0.00867835 0.018704
1 0.467175 0.30616 0.00489417 0.0076943 0.0186036
5 0.786549 0.364818 0.0134425 0.0109506 0.0185536
6 0.432637 0.172236 0.00873712 0.0126052 0.0185304
14 0.78928 0.370992 0.00777435 0.0169352 0.0184626
0 0.65067 0.323717 0.0106545 0.0143659 0.0182051
14 0.766028 0.414419 0.0109611 0.0213187 0.0180773
4 0.116077 0.331909 0.022022 0.0204183 0.018024
0 0.413296 0.375812 0.0103287 0.0145272 0.017934
4 0.971943 0.395887 0.0386589 0.0161583 0.0176385
5 0.641302 0.324062 0.010109 0.0178926 0.0175568
4 0.988898 0.42572 0.0192661 0.0225741 0.017379
1 0.392701 0.215341 0.00750949 0.00942922 0.0172882
4 0.64143 0.315907 0.009008 0.0245664 0.0172086
4 0.716584 0.34488 0.00580566 0.0098564 0.0171516
4 0.33997 0.286545 0.00836777 0.0131171 0.0170798
3 0.770196 0.412954 0.00833722 0.0215962 0.0170267
4 0.557294 0.306891 0.00588995 0.00772486 0.0170078
4 0.557019 0.248043 0.00615039 0.00795801 0.0169554
4 0.491462 0.283504 0.00515997 0.00926283 0.01677
4 0.441261 0.60161 0.0463778 0.0310623 0.0166174
4 0.0990534 0.464261 0.0736872 0.0196373 0.0165798
1 0.442911 0.385586 0.00899094 0.035396 0.0164565
8 0.672392 0.670052 0.0115483 0.020629 0.0164407
1 0.526297 0.208256 0.00929706 0.0130341 0.0163467
8 0.9867 0.421794 0.0170052 0.0182183 0.0162755
0 0.6724 0.668726 0.0120321 0.0186479 0.0162641
0 0.882518 0.581597 0.0153625 0.0308802 0.016263
7 0.174194 0.382141 0.0113939 0.014358 0.016208
4 0.71289 0.369485 0.0114659 0.0193035 0.0161812
6 0.579756 0.260032 0.0158575 0.0137882 0.0160912
5 0.620473 0.282807 0.00610736 0.0107543 0.0156775
13 0.72403 0.629299 0.0188751 0.0653545 0.015436
8 0.258147 0.414822 0.00691739 0.0115119 0.0153685
4 0.467175 0.30616 0.00489417 0.0076943 0.0153413
4 0.60258 0.275072 0.00691064 0.016712 0.0152689
1 0.956519 0.416721 0.0159802 0.0163728 0.015254
6 0.620473 0.282807 0.00610736 0.0107543 0.0152055
1 0.619751 0.297852 0.00630719 0.0187211 0.0151997
4 0.571313 0.314722 0.00771454 0.0175648 0.015024
1 0.507626 0.204221 0.00672427 0.0134756 0.0148214
7 0.611271 0.670145 0.014415 0.0464973 0.0148049
4 0.360889 0.312028 0.0150838 0.0160505 0.0148021
8 0.644337 0.670294 0.0107161 0.0284214 0.0147969
14 0.706447 0.367135 0.00708252 0.0154197 0.0146554
5 0.743503 0.39245 0.00918012 0.015315 0.0146268
1 0.0517207 0.409032 0.00914291 0.0158397 0.0145748
1 0.78928 0.370992 0.00777435 0.0169352 0.0145051
7 0.442911 0.385586 0.00899094 0.035396 0.0144413
8 0.863766 0.591149 0.0181187 0.0255233 0.0144175
4 0.760166 0.333456 0.0139196 0.0211672 0.0143364
5 0.214976 0.627651 0.150214 0.131143 0.0143001
22 0.789439 0.367693 0.00747479 0.0140502 0.0142987
4 0.0205538 0.535476 0.0403537 0.0372829 0.0142577
7 0.644337 0.670294 0.0107161 0.0284214 0.0141817
4 0.579756 0.260032 0.0158575 0.0137882 0.0141718
4 0.619751 0.297852 0.00630719 0.0187211 0.0141708
4 0.786549 0.364818 0.0134425 0.0109506 0.0140379
4 0.598307 0.281738 0.0108664 0.0112941 0.0140244
1 0.711684 0.369138 0.0104573 0.0163451 0.0139268
4 0.421788 0.170671 0.0077511 0.00857997 0.013858
6 0.65067 0.323717 0.0106545 0.0143659 0.0137564
1 0.605923 0.29651 0.0071604 0.0172628 0.0136243
4 0.505354 0.31434 0.00895578 0.0191867 0.0134658
0 0.885102 0.590263 0.0164408 0.0321343 0.0132485
8 0.744845 0.390225 0.0108422 0.0152562 0.0132077
7 0.392994 0.966331 0.0139601 0.0673386 0.0131934
6 0.603627 0.281963 0.00558545 0.0107901 0.0131124
4 0.636993 0.320959 0.0134257 0.0135938 0.0130858
0 0.400712 0.360199 0.010368 0.0134334 0.013064
8 0.641302 0.324062 0.010109 0.0178926 0.0129671
4 0.496174 0.305974 0.00843857 0.0115974 0.0128957
8 0.0490539 0.386878 0.0109038 0.0216476 0.0128151
7 0.124288 0.404048 0.0133366 0.018296 0.012813
6 0.641687 0.322187 0.00682739 0.0161856 0.0127792
13 0.782726 0.631326 0.0217114 0.064954 0.0125676
0 0.411735 0.374156 0.00762152 0.0128506 0.01239
6 0.592286 0.269091 0.00459204 0.00766195 0.0123437
4 0.815114 0.366106 0.00875983 0.0123155 0.0123231
7 0.591466 0.665942 0.0127205 0.060114 0.0122891
8 0.640832 0.669601 0.0148384 0.030527 0.0121384
1 0.420853 0.20955 0.00644717 0.0102765 0.012133
7 0.368849 0.380355 0.00739841 0.0222117 0.0120695
4 0.517032 0.20439 0.00414276 0.0138244 0.0120664
4 0.420853 0.20955 0.00644717 0.0102765 0.0120586
8 0.786549 0.364818 0.0134425 0.0109506 0.0120518
7 0.65067 0.323717 0.0106545 0.0143659 0.0119996
3 0.713771 0.372133 0.0105983 0.0149012 0.0118659
8 0.410082 0.374021 0.0122371 0.0141956 0.0117893
