0 0.375437 0.334274 0.0625737 0.242563 0.880427
0 0.720344 0.51555 0.129116 0.550665 0.838833
0 0.189478 0.48188 0.138708 0.633271 0.828576
0 0.326537 0.340008 0.0431088 0.223746 0.823142
0 0.285461 0.343955 0.0460885 0.24196 0.706879
16 0.478042 0.618793 0.0427999 0.168407 0.568498
0 0.597349 0.466828 0.14137 0.616367 0.515307
35 0.950474 0.519338 0.0972409 0.435698 0.424156
0 0.230787 0.244727 0.0224119 0.0477048 0.311542
22 0.9809 0.626293 0.0352938 0.225826 0.270535
10 0.256552 0.527748 0.0225242 0.0509795 0.262389
0 0.250459 0.414586 0.0483077 0.39756 0.154641
28 0.478442 0.620097 0.0436142 0.170796 0.143874
9 0.144433 0.447995 0.0466113 0.144222 0.119269
9 0.732534 0.471658 0.0265605 0.0832559 0.0971722
0 0.347026 0.309603 0.0215045 0.139764 0.096858
0 0.258762 0.35752 0.0501672 0.278268 0.0879981
18 0.249244 0.579887 0.0405768 0.166316 0.0713852
0 0.228762 0.419641 0.0735877 0.451287 0.0619107
0 0.349589 0.325214 0.0157219 0.113062 0.0530376
9 0.131505 0.490525 0.0213866 0.0589727 0.0498893
0 0.241531 0.312509 0.0388711 0.167572 0.0478283
0 0.103749 0.158474 0.0154769 0.0457399 0.044837
25 0.719891 0.515077 0.12937 0.552511 0.0445842
0 0.237599 0.24732 0.0318671 0.049628 0.0417259
0 0.397178 0.350634 0.0220699 0.169781 0.0416163
0 0.115751 0.169513 0.0227734 0.0949812 0.0394675
0 0.340002 0.258906 0.0163746 0.0440636 0.0391295
0 0.950082 0.519384 0.0989446 0.436419 0.0352807
17 0.241817 0.193268 0.0158828 0.0230836 0.0352674
0 0.258455 0.302643 0.0324943 0.134258 0.035172
37 0.248364 0.578416 0.037326 0.168573 0.0319507
22 0.249244 0.579887 0.0405768 0.166316 0.0318263
34 0.132655 0.4905 0.0235654 0.0596312 0.0308926
22 0.988377 0.625809 0.0191125 0.231995 0.0266535
9 0.746283 0.429785 0.0521464 0.164516 0.0256566
20 0.132655 0.4905 0.0235654 0.0596312 0.0255213
9 0.144407 0.549861 0.0522599 0.134828 0.024385
0 0.342092 0.293674 0.0198747 0.113317 0.0241613
9 0.294988 0.292655 0.0271049 0.0695213 0.0226851
3 0.248918 0.581174 0.0403617 0.164523 0.0224199
17 0.371005 0.224548 0.0208827 0.0236361 0.0223565
9 0.626273 0.718077 0.0396237 0.0933149 0.0192144
0 0.32641 0.192493 0.0194751 0.027583 0.0190378
17 0.230505 0.243674 0.0219815 0.0460636 0.0188087
17 0.251189 0.246991 0.0136577 0.0207058 0.0187422
9 0.658005 0.412796 0.0283261 0.195313 0.0187046
10 0.771096 0.545758 0.0147028 0.0187657 0.0186801
17 0.322979 0.194778 0.019091 0.0293708 0.0185813
17 0.258918 0.202542 0.0157791 0.0313593 0.0179781
17 0.307737 0.232063 0.0134013 0.0263152 0.0178104
0 0.325637 0.249566 0.0153722 0.0261295 0.0177428
0 0.108263 0.172149 0.0187853 0.0932661 0.0175865
9 0.735768 0.440162 0.0324048 0.131424 0.0173772
9 0.351106 0.35854 0.0157997 0.0591232 0.0171268
25 0.228762 0.419641 0.0735877 0.451287 0.0153557
25 0.674778 0.386373 0.0603019 0.281545 0.0153483
17 0.256891 0.195 0.014929 0.0223031 0.0151927
10 0.252449 0.568005 0.027707 0.152036 0.014949
22 0.256759 0.529205 0.0223888 0.0518693 0.0147984
10 0.668975 0.491947 0.0131763 0.0278966 0.0142921
25 0.772369 0.105955 0.118132 0.035657 0.0139624
17 0.242876 0.202437 0.0189087 0.0376205 0.0134569
0 0.100928 0.143538 0.0158314 0.0707138 0.0130191
10 0.781788 0.550252 0.0147294 0.0144599 0.0129316
30 0.114325 0.0499519 0.0163139 0.020051 0.0127022
0 0.264979 0.322582 0.0225919 0.0798135 0.0126189
9 0.143233 0.584702 0.0492175 0.0659617 0.0125237
0 0.241817 0.193268 0.0158828 0.0230836 0.0121733
8 0.0152204 0.691281 0.0301422 0.235233 0.01175
26 0.249244 0.579887 0.0405768 0.166316 0.0116045
25 0.241847 0.404388 0.0538488 0.401107 0.0115896
0 0.256546 0.188267 0.0145826 0.0287313 0.0111744
39 0.132655 0.4905 0.0235654 0.0596312 0.011149
0 0.227485 0.235583 0.0231032 0.0284264 0.0106421
0 0.331006 0.260983 0.010298 0.0302396 0.010463
0 0.105325 0.121211 0.0200845 0.0320763 0.0104225
25 0.547787 0.393337 0.0475524 0.247284 0.0102764
0 0.100981 0.122351 0.0156761 0.0310672 0.0101546
9 0.659801 0.471015 0.0313742 0.0861649 0.00985417
0 0.269895 0.330443 0.0509765 0.238513 0.00983821
9 0.294436 0.308138 0.0313009 0.152117 0.00976796
0 0.256891 0.195 0.014929 0.0223031 0.00963004
20 0.29378 0.24847 0.0198829 0.0233952 0.00962209
0 0.111329 0.160405 0.0202774 0.081631 0.00923851
10 0.351106 0.35854 0.0157997 0.0591232 0.00923167
20 0.331006 0.260983 0.010298 0.0302396 0.00912436
3 0.908656 0.451425 0.0173893 0.0644813 0.00828822
20 0.281309 0.247962 0.0178873 0.0208574 0.00820788
9 0.544968 0.459924 0.0225117 0.116288 0.0080746
17 0.339349 0.257827 0.0147418 0.0449472 0.00804433
9 0.324024 0.31282 0.0402797 0.108025 0.00799459
10 0.331006 0.260983 0.010298 0.0302396 0.00796866
0 0.29378 0.24847 0.0198829 0.0233952 0.00793033
9 0.148166 0.516212 0.0606206 0.203276 0.0077923
9 0.256552 0.527748 0.0225242 0.0509795 0.00771383
8 0.248317 0.578617 0.0363648 0.170602 0.00765724
0 0.353814 0.306151 0.0252773 0.144515 0.00755141
0 0.248317 0.578617 0.0363648 0.170602 0.00753372
17 0.264168 0.214629 0.0240451 0.0489338 0.00747769
9 0.347742 0.365902 0.0196951 0.043585 0.00746973
9 0.264869 0.334364 0.0218984 0.0618206 0.00734703
0 0.258918 0.202542 0.0157791 0.0313593 0.00726155
0 0.308037 0.301018 0.0164115 0.170517 0.00724611
10 0.0795158 0.277572 0.0124186 0.050209 0.0072206
17 0.230545 0.219374 0.0212185 0.0208054 0.00721419
17 0.266952 0.193442 0.0150267 0.0234114 0.00703567
10 0.252469 0.531047 0.0278214 0.0768907 0.00691824
14 0.00974919 0.68611 0.0194984 0.245878 0.00686786
9 0.297778 0.29377 0.0263537 0.09849 0.00675777
20 0.256552 0.527748 0.0225242 0.0509795 0.00665294
17 0.324187 0.251222 0.0184008 0.0297276 0.00658115
22 0.0152204 0.691281 0.0301422 0.235233 0.00657067
22 0.983612 0.660443 0.030282 0.160299 0.00655756
3 0.478645 0.616009 0.0437743 0.16584 0.00628196
17 0.298795 0.203105 0.0212659 0.0210526 0.00600998
0 0.326231 0.204878 0.0247498 0.0459222 0.00600267
9 0.334833 0.30221 0.0255383 0.0895613 0.00590219
20 0.771096 0.545758 0.0147028 0.0187657 0.00586445
17 0.24676 0.182499 0.0222061 0.0268336 0.00585095
28 0.249103 0.579835 0.0378865 0.166864 0.00579778
0 0.253846 0.264279 0.0168869 0.0509563 0.0057659
16 0.249103 0.579835 0.0378865 0.166864 0.00575387
18 0.0154397 0.688376 0.0308793 0.240239 0.00575325
20 0.251189 0.246991 0.0136577 0.0207058 0.00569147
18 0.235629 0.57801 0.0684304 0.170872 0.00553026
9 0.754736 0.408354 0.0299552 0.102829 0.00552025
0 0.659942 0.409033 0.0319874 0.207112 0.00548859
10 0.131505 0.490525 0.0213866 0.0589727 0.00546661
9 0.909854 0.450626 0.0193224 0.0686721 0.00544515
42 0.241847 0.404388 0.0538488 0.401107 0.00534297
17 0.478616 0.616071 0.0438743 0.164904 0.00533628
18 0.478042 0.618793 0.0427999 0.168407 0.00532442
9 0.267402 0.273761 0.0350263 0.0694268 0.00524434
0 0.152005 0.241525 0.0158445 0.0276431 0.00520359
11 0.733485 0.476745 0.0293528 0.0786593 0.00519407
0 0.145775 0.240823 0.0139798 0.021512 0.00507294
3 0.980783 0.616113 0.0365018 0.245075 0.00506525
0 0.350721 0.297564 0.0171732 0.126898 0.00502077
10 0.732534 0.471658 0.0265605 0.0832559 0.00501085
9 0.347862 0.316997 0.0194807 0.140478 0.0050067
0 0.323082 0.256985 0.0181121 0.030615 0.00496124
3 0.235629 0.57801 0.0684304 0.170872 0.00495062
2 0.99402 0.149844 0.00912659 0.0253266 0.00494554
0 0.273395 0.247003 0.0149267 0.020909 0.00494111
9 0.321183 0.293297 0.027136 0.0653442 0.00476035
30 0.770893 0.106546 0.1198 0.0352118 0.00473818
17 0.301066 0.210183 0.0226639 0.0183946 0.00473645
9 0.273036 0.281851 0.0233741 0.0523169 0.00471211
17 0.25281 0.161419 0.0142389 0.0187248 0.00463734
9 0.742952 0.408466 0.041295 0.119725 0.00463549
9 0.143238 0.482268 0.0450801 0.080686 0.00453655
17 0.331006 0.260983 0.010298 0.0302396 0.00451734
17 0.235351 0.195217 0.0182759 0.0273198 0.0044971
9 0.249153 0.580786 0.0407891 0.164471 0.00448227
17 0.265279 0.22596 0.0219319 0.0405114 0.00447764
3 0.0152204 0.691281 0.0301422 0.235233 0.00445611
37 0.223789 0.578659 0.0816248 0.163062 0.00443353
0 0.349989 0.248839 0.0171406 0.0256834 0.00431692
0 0.371005 0.224548 0.0208827 0.0236361 0.00430024
0 0.332808 0.23275 0.0147639 0.0310489 0.00426239
8 0.980783 0.616113 0.0365018 0.245075 0.00425132
20 0.544821 0.471368 0.0218359 0.0918877 0.00410326
25 0.28572 0.341399 0.0444942 0.247842 0.00407817
0 0.338493 0.194672 0.0306691 0.0270818 0.0039985
17 0.252841 0.179773 0.02231 0.0358247 0.00393119
0 0.338929 0.239251 0.0138235 0.0238088 0.00390951
0 0.145565 0.234086 0.0171575 0.0233708 0.00389812
9 0.276038 0.297537 0.0261085 0.0463095 0.00377216
17 0.105325 0.121211 0.0200845 0.0320763 0.00376731
17 0.232184 0.166769 0.0174893 0.0240413 0.0036972
0 0.281309 0.247962 0.0178873 0.0208574 0.00364573
9 0.260019 0.317399 0.0212166 0.123655 0.00359167
25 0.6619 0.384383 0.0358709 0.266759 0.00358628
0 0.251189 0.246991 0.0136577 0.0207058 0.00356136
9 0.745755 0.391251 0.0315319 0.0878378 0.00350944
9 0.294568 0.256349 0.0226115 0.0388889 0.00348099
0 0.264168 0.214629 0.0240451 0.0489338 0.00345618
10 0.655863 0.481625 0.020594 0.0659049 0.0034419
17 0.233662 0.161856 0.0126321 0.0212966 0.00338277
0 0.327852 0.244345 0.0342347 0.0831551 0.00335675
0 0.242876 0.202437 0.0189087 0.0376205 0.00332357
0 0.302994 0.248189 0.0195178 0.0354501 0.00331105
17 0.29378 0.24847 0.0198829 0.0233952 0.00329562
25 0.597215 0.467373 0.143845 0.62289 0.00328193
25 0.689699 0.409886 0.0865025 0.342855 0.0032549
0 0.26131 0.226654 0.0247947 0.0419105 0.00319329
9 0.548966 0.526054 0.0257434 0.114498 0.00316175
22 0.235629 0.57801 0.0684304 0.170872 0.00315054
2 0.921121 0.2142 0.00991449 0.0145983 0.00314668
0 0.341223 0.213061 0.0198389 0.0361495 0.00313587
17 0.281431 0.234153 0.019399 0.0264852 0.00302811
17 0.100344 0.122208 0.0143321 0.0311358 0.00301473
0 0.233446 0.309152 0.0781499 0.149426 0.00297537
9 0.398596 0.358383 0.0224504 0.15301 0.00294676
0 0.268199 0.265037 0.0370718 0.135037 0.00290853
9 0.544056 0.494314 0.0215799 0.0479425 0.00289306
17 0.302644 0.197126 0.0231565 0.0248932 0.00283675
20 0.145225 0.21441 0.0184033 0.0241669 0.00281771
10 0.100344 0.122208 0.0143321 0.0311358 0.00277784
17 0.332808 0.23275 0.0147639 0.0310489 0.00276442
42 0.228762 0.419641 0.0735877 0.451287 0.00275931
33 0.132655 0.4905 0.0235654 0.0596312 0.00273265
32 0.0154397 0.688376 0.0308793 0.240239 0.00272722
10 0.105325 0.121211 0.0200845 0.0320763 0.0027205
9 0.668975 0.491947 0.0131763 0.0278966 0.00271833
17 0.320605 0.236892 0.0219437 0.0416348 0.00268281
0 0.298314 0.301038 0.0269482 0.109744 0.00266868
0 0.25281 0.161419 0.0142389 0.0187248 0.00266696
18 0.00877549 0.695734 0.017551 0.222598 0.0026313
3 0.251019 0.462172 0.0358282 0.338812 0.00261815
0 0.320993 0.198631 0.0249697 0.0353621 0.00260324
17 0.326534 0.183426 0.0147187 0.0216507 0.0025955
0 0.368849 0.233859 0.0292728 0.0378872 0.00259237
4 0.793812 0.377109 0.359765 0.570163 0.00259038
17 0.237599 0.24732 0.0318671 0.049628 0.00257711
22 0.00877549 0.695734 0.017551 0.222598 0.0025739
0 0.354394 0.230679 0.0109991 0.0341097 0.00253938
17 0.248888 0.580006 0.0417855 0.167251 0.00253323
17 0.235629 0.57801 0.0684304 0.170872 0.00251789
2 0.478479 0.616506 0.0442812 0.164975 0.00251018
8 0.235629 0.57801 0.0684304 0.170872 0.00250304
0 0.351106 0.35854 0.0157997 0.0591232 0.00247073
2 0.995037 0.102533 0.00633008 0.010572 0.00245532
26 0.254456 0.528633 0.0262593 0.0697729 0.0024288
2 0.105325 0.121211 0.0200845 0.0320763 0.00233692
10 0.394912 0.395365 0.016578 0.066445 0.00232595
13 0.62676 0.71851 0.0398113 0.0934701 0.00232357
11 0.249103 0.579835 0.0378865 0.166864 0.0023223
17 0.269189 0.178053 0.0131317 0.013453 0.00230419
11 0.334833 0.30221 0.0255383 0.0895613 0.00226544
0 0.286389 0.124058 0.0182383 0.170503 0.00226275
9 0.662964 0.503591 0.0288333 0.111239 0.00225075
0 0.2984 0.25962 0.0230461 0.0410062 0.00223318
17 0.145225 0.21441 0.0184033 0.0241669 0.00223006
0 0.124409 0.166684 0.0212128 0.0503481 0.00221372
10 0.544821 0.471368 0.0218359 0.0918877 0.00219661
9 0.746462 0.376767 0.0236879 0.06282 0.00219225
0 0.748091 0.432929 0.0574027 0.183689 0.00218668
17 0.352436 0.212837 0.0136818 0.0194519 0.00217811
10 0.323082 0.256985 0.0181121 0.030615 0.0021731
9 0.394912 0.395365 0.016578 0.066445 0.00216213
9 0.157403 0.580088 0.0771483 0.0926752 0.00214787
0 0.252841 0.179773 0.02231 0.0358247 0.00211468
34 0.139495 0.461931 0.0363011 0.116601 0.00211446
30 0.0908185 0.074862 0.0169297 0.0270389 0.00211196
14 0.248364 0.578416 0.037326 0.168573 0.0020947
10 0.662964 0.503591 0.0288333 0.111239 0.00205608
17 0.338493 0.194672 0.0306691 0.0270818 0.00205162
20 0.323082 0.256985 0.0181121 0.030615 0.00204484
20 0.325637 0.249566 0.0153722 0.0261295 0.00201564
30 0.112685 0.0459895 0.0178418 0.029259 0.00200867
0 0.389144 0.229141 0.017972 0.0237748 0.00200662
0 0.100626 0.162671 0.0150683 0.0388547 0.00200467
0 0.307737 0.232063 0.0134013 0.0263152 0.00198708
25 0.261657 0.406549 0.0567755 0.378048 0.00197416
34 0.544821 0.471368 0.0218359 0.0918877 0.00196671
0 0.251019 0.462172 0.0358282 0.338812 0.00193833
9 0.270409 0.270272 0.0258721 0.0520245 0.00193526
9 0.264694 0.295254 0.0363194 0.127661 0.0019129
20 0.280073 0.259203 0.0177105 0.0346924 0.00180803
20 0.307737 0.232063 0.0134013 0.0263152 0.001808
26 0.251529 0.569649 0.0260312 0.163116 0.00180157
0 0.551234 0.364043 0.0540237 0.329016 0.00177495
25 0.553464 0.367659 0.0579534 0.399403 0.00176949
9 0.847359 0.530911 0.0679562 0.326668 0.00176511
20 0.145565 0.234086 0.0171575 0.0233708 0.00176257
14 0.2221 0.576882 0.0850442 0.15749 0.00175029
30 0.547787 0.393337 0.0475524 0.247284 0.00174731
10 0.280073 0.259203 0.0177105 0.0346924 0.00173184
1 0.105325 0.121211 0.0200845 0.0320763 0.00172597
30 0.142223 0.111365 0.0160953 0.0160972 0.00170407
0 0.294436 0.308138 0.0313009 0.152117 0.00170125
0 0.130279 0.184424 0.0193138 0.0491185 0.00169102
42 0.28572 0.341399 0.0444942 0.247842 0.00167612
0 0.574139 0.2465 0.0251837 0.0276363 0.00166468
17 0.243623 0.160863 0.0229175 0.0212958 0.00165926
9 0.264455 0.318102 0.018913 0.170143 0.00165503
17 0.296023 0.237071 0.0203094 0.0238021 0.00163883
0 0.282966 0.108189 0.0510756 0.20935 0.00163636
0 0.24676 0.182499 0.0222061 0.0268336 0.00161634
9 0.342092 0.293674 0.0198747 0.113317 0.00161027
8 0.988377 0.625809 0.0191125 0.231995 0.00160241
22 0.0212315 0.623839 0.0372839 0.0941737 0.00159774
0 0.15096 0.217378 0.0179317 0.0473337 0.001596
0 0.260739 0.417085 0.0618198 0.481089 0.00158816
0 0.291111 0.0847368 0.0191053 0.169474 0.00158773
17 0.285201 0.342684 0.0468549 0.240886 0.00158301
51 0.668975 0.491947 0.0131763 0.0278966 0.00157381
0 0.352436 0.212837 0.0136818 0.0194519 0.00157225
0 0.233662 0.161856 0.0126321 0.0212966 0.0015494
11 0.270409 0.270272 0.0258721 0.0520245 0.001525
10 0.294568 0.256349 0.0226115 0.0388889 0.00151929
17 0.327172 0.343158 0.0422886 0.219455 0.001515
0 0.569124 0.21937 0.025931 0.0833014 0.00151086
0 0.320605 0.236892 0.0219437 0.0416348 0.00149754
0 0.478442 0.620097 0.0436142 0.170796 0.00149643
11 0.294988 0.292655 0.0271049 0.0695213 0.00149377
10 0.29378 0.24847 0.0198829 0.0233952 0.00149091
34 0.307737 0.232063 0.0134013 0.0263152 0.00148394
