1 0.20811 0.323682 0.167207 0.156389 0.939708
4 0.596932 0.672461 0.0373499 0.0452601 0.885427
12 0.28698 0.650881 0.0581566 0.101609 0.879849
1 0.67198 0.567088 0.0462659 0.0447912 0.841961
8 0.345555 0.684529 0.0243449 0.0515054 0.677892
8 0.276871 0.697174 0.0282756 0.0671404 0.67061
14 0.750454 0.674814 0.0168139 0.0390315 0.643572
4 0.666704 0.663726 0.0115571 0.0150312 0.611051
0 0.276884 0.677028 0.0268798 0.0781061 0.600456
0 0.347204 0.671834 0.0180983 0.0564877 0.599078
1 0.569259 0.626748 0.0193518 0.0163393 0.507981
8 0.687564 0.675256 0.0154885 0.028473 0.468359
0 0.685404 0.669529 0.0132674 0.0300767 0.392624
1 0.676655 0.63222 0.0121727 0.0192362 0.390302
1 0.50734 0.617379 0.0102642 0.0186281 0.293907
2 0.319653 0.564074 0.00609323 0.00904749 0.260401
4 0.86664 0.656057 0.0438688 0.0191236 0.25574
1 0.747494 0.605164 0.0183167 0.0339956 0.215244
4 0.622519 0.661078 0.0169265 0.0237028 0.194773
2 0.340833 0.549644 0.005992 0.00847166 0.192208
1 0.735888 0.607606 0.0113152 0.0265899 0.170067
1 0.567543 0.632734 0.0192365 0.0249248 0.165058
1 0.564647 0.586558 0.0312954 0.0169536 0.153098
4 0.552088 0.665374 0.0108687 0.0109041 0.144795
12 0.727244 0.641991 0.0290954 0.019351 0.11991
2 0.360461 0.561311 0.0053334 0.00994626 0.109301
6 0.623648 0.660893 0.0165812 0.0221735 0.104616
2 0.358717 0.56227 0.00643295 0.0104703 0.102091
0 0.48125 0.664653 0.00653165 0.0238275 0.101884
2 0.363329 0.562593 0.0101995 0.0120744 0.0954133
1 0.627716 0.627587 0.0164532 0.012374 0.0951608
4 0.709092 0.663547 0.0094361 0.0125161 0.0839286
0 0.341007 0.672696 0.0219748 0.052419 0.0813794
4 0.660285 0.664301 0.0104225 0.0118461 0.0744682
1 0.625884 0.641557 0.0120584 0.0165022 0.0730731
4 0.547559 0.666252 0.0113492 0.0127619 0.0602656
1 0.744039 0.551761 0.0454591 0.140814 0.0577074
5 0.750454 0.674814 0.0168139 0.0390315 0.05334
4 0.685404 0.669529 0.0132674 0.0300767 0.0479238
1 0.738253 0.610168 0.0139101 0.0351003 0.0474463
2 0.330412 0.564851 0.00368741 0.00874703 0.0382774
1 0.0103655 0.643372 0.0171664 0.0385219 0.0377201
4 0.560152 0.665523 0.0095799 0.0115781 0.037111
7 0.534238 0.621055 0.00810834 0.0193979 0.0363371
1 0.545423 0.643369 0.00838464 0.0199316 0.0359852
2 0.0535593 0.358915 0.00811557 0.0157329 0.0350632
1 0.681019 0.635183 0.017994 0.0209109 0.0332088
6 0.726348 0.640767 0.0295207 0.0193924 0.0317704
0 0.346568 0.681749 0.0244412 0.0553373 0.0313907
1 0.563893 0.625335 0.02051 0.0147794 0.0300324
6 0.625884 0.641557 0.0120584 0.0165022 0.0294136
1 0.577696 0.647893 0.0118259 0.0307972 0.0289562
4 0.191811 0.661415 0.0180937 0.0258817 0.0281563
8 0.665941 0.664052 0.0105362 0.0138657 0.028026
5 0.687564 0.675256 0.0154885 0.028473 0.0272565
4 0.178456 0.663359 0.0445003 0.032958 0.026654
1 0.735722 0.615797 0.0124157 0.0416422 0.026064
4 0.864818 0.660915 0.0488076 0.0297817 0.0255828
14 0.48125 0.664653 0.00653165 0.0238275 0.0250294
4 0.749635 0.67383 0.0181448 0.039908 0.0249703
6 0.616389 0.650874 0.00922052 0.0304809 0.0234542
2 0.34494 0.570807 0.00936874 0.0148313 0.0228281
4 0.552356 0.670265 0.0108636 0.0178483 0.0227242
1 0.534238 0.621055 0.00810834 0.0193979 0.0218797
0 0.665941 0.664052 0.0105362 0.0138657 0.019094
2 0.338485 0.553548 0.00575439 0.0107598 0.0178609
3 0.346346 0.680834 0.0243368 0.0594901 0.017805
1 0.596044 0.628408 0.00893817 0.0141905 0.0175976
12 0.728899 0.659687 0.0215488 0.0258072 0.0174353
1 0.616389 0.650874 0.00922052 0.0304809 0.0166205
5 0.665941 0.664052 0.0105362 0.0138657 0.0164273
1 0.545796 0.622892 0.00910523 0.0167696 0.0162541
2 0.356161 0.554682 0.00513968 0.0134754 0.0161601
3 0.279076 0.696077 0.0315867 0.0657022 0.0159098
12 0.736468 0.650394 0.0182297 0.0370145 0.0154029
5 0.687767 0.668607 0.0138657 0.0295944 0.0153366
1 0.674311 0.639112 0.0161342 0.0268119 0.0152183
2 0.339341 0.602212 0.00877869 0.0208773 0.0150392
4 0.639516 0.663717 0.0137393 0.0138297 0.0144337
1 0.592099 0.646468 0.0104431 0.0133441 0.0140781
8 0.480657 0.667805 0.00756912 0.0250402 0.0138065
7 0.545796 0.622892 0.00910523 0.0167696 0.0137628
4 0.44255 0.663416 0.024818 0.016007 0.0134112
2 0.334298 0.552278 0.00762354 0.00941265 0.0132467
8 0.685404 0.669529 0.0132674 0.0300767 0.0129731
1 0.612949 0.636512 0.00805359 0.0137456 0.0126717
2 0.0795449 0.359018 0.0143633 0.0137854 0.0126134
2 0.0737672 0.359196 0.0122695 0.0149355 0.0121446
2 0.319784 0.554543 0.00604834 0.013421 0.0119637
4 0.545434 0.670664 0.00862347 0.0170964 0.0119408
1 0.73028 0.638456 0.022433 0.015075 0.0117825
2 0.342541 0.583242 0.00517502 0.00989658 0.0117609
6 0.640762 0.65122 0.0258597 0.0375345 0.0115674
4 0.66786 0.668273 0.0126868 0.0219189 0.0115291
5 0.346346 0.680834 0.0243368 0.0594901 0.0115206
8 0.552088 0.665374 0.0108687 0.0109041 0.0110526
0 0.276839 0.69681 0.0283396 0.0662238 0.0108867
1 0.535789 0.624687 0.00603516 0.0196822 0.0107168
4 0.714131 0.663822 0.0105746 0.016161 0.0105653
0 0.709092 0.663547 0.0094361 0.0125161 0.0104477
4 0.691979 0.67578 0.0174832 0.0310064 0.0103693
0 0.687564 0.675256 0.0154885 0.028473 0.0103244
6 0.572755 0.664176 0.0107974 0.0134839 0.0102296
8 0.279232 0.67927 0.0302863 0.0762405 0.0100158
4 0.634462 0.663847 0.00968121 0.015135 0.00991193
1 0.722302 0.631701 0.0165796 0.0227691 0.00959742
4 0.592099 0.646468 0.0104431 0.0133441 0.00926165
4 0.864441 0.671719 0.0503403 0.0505398 0.00917918
6 0.666704 0.663726 0.0115571 0.0150312 0.00916242
4 0.572755 0.664176 0.0107974 0.0134839 0.0090512
1 0.710135 0.642795 0.0110335 0.0221706 0.00893423
4 0.346346 0.680834 0.0243368 0.0594901 0.008933
8 0.697038 0.671379 0.0182675 0.0218999 0.00852028
8 0.66786 0.668273 0.0126868 0.0219189 0.00850876
14 0.0597953 0.708077 0.0276638 0.0258392 0.00830741
2 0.33949 0.59907 0.00711881 0.0170227 0.0081324
1 0.504353 0.615362 0.0135237 0.017564 0.00756335
6 0.749635 0.67383 0.0181448 0.039908 0.00746924
15 0.623648 0.660893 0.0165812 0.0221735 0.00734088
4 0.617053 0.66564 0.0120698 0.0277083 0.00693053
15 0.727244 0.641991 0.0290954 0.019351 0.0067421
2 0.0807318 0.324606 0.0194679 0.0197581 0.006638
6 0.728899 0.659687 0.0215488 0.0258072 0.00661252
4 0.623956 0.666673 0.0156014 0.0252047 0.00652452
8 0.709092 0.663547 0.0094361 0.0125161 0.00646752
14 0.346346 0.680834 0.0243368 0.0594901 0.00639102
4 0.514694 0.663096 0.0109354 0.0126536 0.0061888
1 0.660481 0.627979 0.0138993 0.0158274 0.00616974
2 0.364349 0.555195 0.00863712 0.0147237 0.00611277
1 0.602024 0.628831 0.0101681 0.0144239 0.00604331
1 0.627882 0.615668 0.0190552 0.0283406 0.00589775
1 0.684892 0.631562 0.0225277 0.0220319 0.00589352
3 0.687564 0.675256 0.0154885 0.028473 0.00582306
3 0.279232 0.67927 0.0302863 0.0762405 0.00580211
6 0.639516 0.663717 0.0137393 0.0138297 0.00559809
8 0.691979 0.67578 0.0174832 0.0310064 0.00557177
13 0.276745 0.677547 0.026511 0.0784699 0.00549376
0 0.552088 0.665374 0.0108687 0.0109041 0.00537884
8 0.482925 0.664964 0.00893369 0.0224514 0.00529835
1 0.534666 0.638748 0.00972766 0.0253206 0.00524276
4 0.535126 0.665909 0.0105154 0.0137396 0.00514889
6 0.552088 0.665374 0.0108687 0.0109041 0.00513701
4 0.408192 0.657134 0.0106844 0.013653 0.00504515
2 0.357883 0.576606 0.00820383 0.0256947 0.00502166
1 0.609533 0.648233 0.0127586 0.0189503 0.00492614
6 0.577696 0.647893 0.0118259 0.0307972 0.00487297
8 0.35196 0.681395 0.0371146 0.0508736 0.00474069
0 0.750371 0.674679 0.0168494 0.0393964 0.00458901
6 0.567543 0.632734 0.0192365 0.0249248 0.00458252
22 0.480657 0.667805 0.00756912 0.0250402 0.00457714
4 0.278831 0.661365 0.0314808 0.0995635 0.0045494
8 0.552356 0.670265 0.0108636 0.0178483 0.00451442
2 0.0534837 0.371295 0.00872368 0.0182163 0.00450743
0 0.691979 0.67578 0.0174832 0.0310064 0.00447361
4 0.48125 0.664653 0.00653165 0.0238275 0.00444733
23 0.480657 0.667805 0.00756912 0.0250402 0.00432519
7 0.735888 0.607606 0.0113152 0.0265899 0.00431111
8 0.688788 0.681517 0.0157891 0.0335505 0.00430246
2 0.0525527 0.323141 0.00976149 0.0148749 0.00426647
4 0.512134 0.663845 0.0170029 0.0132941 0.00425644
7 0.535789 0.624687 0.00603516 0.0196822 0.00423901
2 0.392031 0.509475 0.0103607 0.0196583 0.0041691
1 0.688206 0.652222 0.0150825 0.0272614 0.00416081
14 0.288141 0.652886 0.0550602 0.10191 0.00414939
5 0.552088 0.665374 0.0108687 0.0109041 0.00411331
4 0.474636 0.66338 0.0152455 0.0202325 0.00410908
1 0.560071 0.646483 0.013167 0.02825 0.00409328
0 0.474636 0.66338 0.0152455 0.0202325 0.00403742
1 0.630412 0.62933 0.015765 0.0123257 0.00403484
4 0.538473 0.666123 0.0081579 0.0119886 0.00396516
1 0.726348 0.640767 0.0295207 0.0193924 0.00396364
0 0.688206 0.652222 0.0150825 0.0272614 0.00393823
1 0.623648 0.660893 0.0165812 0.0221735 0.00393751
1 0.512469 0.616494 0.0125629 0.0183823 0.00375277
1 0.507646 0.629441 0.0116933 0.0408996 0.00368753
6 0.709092 0.663547 0.0094361 0.0125161 0.00367473
12 0.710135 0.642795 0.0110335 0.0221706 0.00365724
4 0.48679 0.662534 0.0163852 0.0190012 0.00363427
4 0.192277 0.667294 0.0168339 0.0260676 0.00353809
6 0.676203 0.633461 0.0113665 0.0176376 0.00352062
6 0.674311 0.639112 0.0161342 0.0268119 0.00350079
6 0.547559 0.666252 0.0113492 0.0127619 0.0034986
14 0.538473 0.666123 0.0081579 0.0119886 0.0034815
11 0.347204 0.671834 0.0180983 0.0564877 0.00330505
1 0.482925 0.664964 0.00893369 0.0224514 0.0033021
2 0.0541305 0.306786 0.0080649 0.0222555 0.00324813
2 0.0841355 0.362254 0.0103523 0.0202144 0.00321961
5 0.547559 0.666252 0.0113492 0.0127619 0.00318103
1 0.569785 0.615298 0.0190161 0.0250147 0.00316498
9 0.279232 0.67927 0.0302863 0.0762405 0.00314214
0 0.360739 0.662423 0.0174564 0.0236599 0.0030954
4 0.573478 0.669874 0.0116246 0.0191202 0.00304143
1 0.66138 0.601702 0.0181512 0.022551 0.0029944
1 0.584152 0.632969 0.0145209 0.0216194 0.00297193
8 0.27161 0.682549 0.0334559 0.0655417 0.00296944
22 0.482925 0.664964 0.00893369 0.0224514 0.00293597
6 0.688206 0.652222 0.0150825 0.0272614 0.00292549
5 0.622519 0.661078 0.0169265 0.0237028 0.00292368
2 0.0936791 0.356427 0.0102713 0.0127799 0.00289119
2 0.0536362 0.284196 0.00861233 0.0121108 0.00287235
7 0.533547 0.615018 0.00727155 0.0220816 0.00282132
7 0.545423 0.643369 0.00838464 0.0199316 0.00279483
1 0.750173 0.675192 0.0169586 0.0398192 0.00278807
2 0.0820374 0.370852 0.0124885 0.0213276 0.0027632
11 0.341007 0.672696 0.0219748 0.052419 0.00276182
8 0.685764 0.685966 0.0149893 0.0486171 0.00275461
6 0.681019 0.635183 0.017994 0.0209109 0.00274582
4 0.276745 0.677547 0.026511 0.0784699 0.00274042
14 0.514694 0.663096 0.0109354 0.0126536 0.00271174
8 0.545434 0.670664 0.00862347 0.0170964 0.00266736
12 0.749635 0.67383 0.0181448 0.039908 0.00265666
14 0.741039 0.669564 0.0241686 0.0343807 0.00258569
1 0.769675 0.622304 0.00760626 0.0162984 0.00255183
2 0.332544 0.581985 0.00526144 0.0145145 0.00254887
2 0.390069 0.522513 0.00918662 0.0180804 0.00253478
1 0.499054 0.616872 0.0129901 0.0178186 0.00253295
2 0.0779488 0.341502 0.0138424 0.0216349 0.002529
6 0.646229 0.647666 0.0359457 0.0419615 0.00251678
4 0.288141 0.652886 0.0550602 0.10191 0.0024743
5 0.66786 0.668273 0.0126868 0.0219189 0.00245668
6 0.560071 0.646483 0.013167 0.02825 0.00244971
6 0.710135 0.642795 0.0110335 0.0221706 0.00244125
6 0.866235 0.656547 0.0461941 0.020013 0.0024329
0 0.711463 0.663169 0.00799487 0.016218 0.00241808
3 0.27161 0.682549 0.0334559 0.0655417 0.00238798
1 0.98953 0.429695 0.0171027 0.226077 0.00235384
0 0.622519 0.661078 0.0169265 0.0237028 0.00235299
6 0.660285 0.664301 0.0104225 0.0118461 0.00234432
7 0.596044 0.628408 0.00893817 0.0141905 0.00234155
3 0.480657 0.667805 0.00756912 0.0250402 0.00233091
14 0.709092 0.663547 0.0094361 0.0125161 0.00229597
5 0.276513 0.696152 0.0276796 0.0669468 0.00228906
6 0.714131 0.663822 0.0105746 0.016161 0.00228551
6 0.687767 0.668607 0.0138657 0.0295944 0.00228338
2 0.0790115 0.269163 0.00759843 0.0105441 0.00225389
8 0.660285 0.664301 0.0104225 0.0118461 0.00224261
14 0.711463 0.663169 0.00799487 0.016218 0.00222824
1 0.561482 0.612972 0.0268808 0.0214252 0.0022083
1 0.702564 0.608764 0.0294143 0.0314678 0.00211359
14 0.824954 0.680967 0.0158856 0.0258804 0.00211245
0 0.547559 0.666252 0.0113492 0.0127619 0.00210179
13 0.347204 0.671834 0.0180983 0.0564877 0.0020874
4 0.609533 0.648233 0.0127586 0.0189503 0.00208495
0 0.572755 0.664176 0.0107974 0.0134839 0.00208479
2 0.314344 0.561637 0.00732535 0.0108894 0.00204857
5 0.691979 0.67578 0.0174832 0.0310064 0.00204339
1 0.720187 0.611627 0.00910022 0.0222037 0.00201674
1 0.94075 0.619054 0.00900256 0.0258014 0.00199884
1 0.736468 0.650394 0.0182297 0.0370145 0.00198217
4 0.437903 0.664134 0.0188618 0.0207247 0.00197564
0 0.660285 0.664301 0.0104225 0.0118461 0.00194043
14 0.547559 0.666252 0.0113492 0.0127619 0.00193984
15 0.625884 0.641557 0.0120584 0.0165022 0.00193726
6 0.592099 0.646468 0.0104431 0.0133441 0.00191853
8 0.547559 0.666252 0.0113492 0.0127619 0.00185245
7 0.512469 0.616494 0.0125629 0.0183823 0.00185217
4 0.711463 0.663169 0.00799487 0.016218 0.00183875
5 0.709092 0.663547 0.0094361 0.0125161 0.00181275
15 0.728899 0.659687 0.0215488 0.0258072 0.00177578
3 0.482925 0.664964 0.00893369 0.0224514 0.00176248
6 0.736468 0.650394 0.0182297 0.0370145 0.00174467
4 0.341007 0.672696 0.0219748 0.052419 0.00174089
1 0.70617 0.625021 0.0200626 0.0290884 0.00173199
7 0.822945 0.581061 0.010811 0.0418754 0.00172058
1 0.739526 0.558117 0.0280606 0.116423 0.00171837
4 0.417415 0.661891 0.0244646 0.0241294 0.00170646
6 0.73028 0.638456 0.022433 0.015075 0.0016877
1 0.685404 0.669529 0.0132674 0.0300767 0.00168408
4 0.659604 0.668778 0.0107589 0.020914 0.00164069
8 0.750371 0.674679 0.0168494 0.0393964 0.00163883
12 0.73028 0.638456 0.022433 0.015075 0.00163093
12 0.676203 0.633461 0.0113665 0.0176376 0.00162574
4 0.728899 0.659687 0.0215488 0.0258072 0.00162373
4 0.625884 0.641557 0.0120584 0.0165022 0.00162014
2 0.310312 0.551019 0.0107293 0.0102665 0.00160817
4 0.347204 0.671834 0.0180983 0.0564877 0.00160523
1 0.345555 0.684529 0.0243449 0.0515054 0.00159848
2 0.311402 0.565356 0.01248 0.0129101 0.00158513
3 0.691979 0.67578 0.0174832 0.0310064 0.00158094
14 0.552088 0.665374 0.0108687 0.0109041 0.00156743
4 0.688206 0.652222 0.0150825 0.0272614 0.00156658
0 0.4812 0.65139 0.00835968 0.020133 0.00151915
8 0.538473 0.666123 0.0081579 0.0119886 0.0015108
22 0.67198 0.567088 0.0462659 0.0447912 0.00150757
14 0.474636 0.66338 0.0152455 0.0202325 0.00150445
12 0.714131 0.663822 0.0105746 0.016161 0.00149061
12 0.623648 0.660893 0.0165812 0.0221735 0.00145333
14 0.00854844 0.687887 0.0168646 0.0481906 0.00143205
14 0.665941 0.664052 0.0105362 0.0138657 0.00141146
1 0.339341 0.602212 0.00877869 0.0208773 0.00140994
8 0.474636 0.66338 0.0152455 0.0202325 0.00140904
1 0.596596 0.612949 0.0107109 0.0202668 0.00140854
3 0.552088 0.665374 0.0108687 0.0109041 0.00140765
3 0.552356 0.670265 0.0108636 0.0178483 0.00140564
11 0.279232 0.67927 0.0302863 0.0762405 0.00140372
6 0.634462 0.663847 0.00968121 0.015135 0.00140159
4 0.849532 0.660569 0.0652498 0.031261 0.00139361
12 0.275737 0.677355 0.028055 0.0769069 0.00139288
15 0.572755 0.664176 0.0107974 0.0134839 0.00139166
4 0.208308 0.323546 0.166988 0.156694 0.00139058
