4 0.359937 0.557314 0.350165 0.30766 0.924464
0 0.399326 0.567921 0.111685 0.340319 0.899698
3 0.388357 0.678926 0.130498 0.226617 0.888523
0 0.159846 0.609366 0.194516 0.419146 0.839089
12 0.569752 0.390747 0.0347608 0.0332011 0.647368
5 0.720541 0.696911 0.55323 0.606179 0.6111
13 0.40813 0.414013 0.0350193 0.032465 0.529598
13 0.178634 0.437831 0.0588789 0.0734248 0.3145
8 0.151006 0.705146 0.295083 0.283481 0.150585
4 0.178849 0.436277 0.0575427 0.0701835 0.129172
8 0.045022 0.949389 0.0893101 0.0986111 0.0987697
4 0.00639698 0.456647 0.0121874 0.042306 0.0790993
4 0.549694 0.420757 0.0499484 0.0333378 0.0588564
13 0.407461 0.422703 0.0393348 0.0499335 0.0565567
3 0.151046 0.716131 0.293296 0.379632 0.055763
4 0.857776 0.637109 0.0392399 0.0860178 0.0508732
0 0.179256 0.43486 0.0586342 0.0681921 0.0499341
0 0.857776 0.637109 0.0392399 0.0860178 0.0407723
6 0.569736 0.390495 0.0352814 0.0335781 0.0388661
1 0.569736 0.390495 0.0352814 0.0335781 0.0309138
17 0.407579 0.412757 0.0339236 0.032413 0.0238039
3 0.240718 0.899248 0.480225 0.201504 0.0235748
4 0.439668 0.564043 0.187095 0.214314 0.0218835
1 0.746073 0.304383 0.0177751 0.0732004 0.0187651
17 0.178634 0.437831 0.0588789 0.0734248 0.0181733
4 0.569677 0.390544 0.0357747 0.0332822 0.0172146
14 0.569677 0.390544 0.0357747 0.0332822 0.0169017
4 0.985589 0.605109 0.0266914 0.082376 0.0167981
14 0.00568438 0.456782 0.0113688 0.043551 0.0142333
0 0.535439 0.417732 0.0213862 0.0274611 0.0139557
4 0.98785 0.58678 0.022859 0.111864 0.0130389
4 0.0357118 0.447686 0.0426975 0.0312646 0.0122099
2 0.646361 0.177627 0.00821991 0.0218561 0.010979
0 0.407579 0.412757 0.0339236 0.032413 0.0105282
0 0.721376 0.602017 0.0324083 0.0959917 0.0104961
15 0.569677 0.390544 0.0357747 0.0332822 0.010323
4 0.879159 0.449779 0.240485 0.131067 0.0102025
14 0.104107 0.449716 0.0328039 0.0397597 0.009926
0 0.731281 0.600285 0.0540278 0.096436 0.00986437
4 0.961034 0.571469 0.0765995 0.226612 0.00982589
2 0.995434 0.341543 0.00737494 0.0204244 0.0093436
8 0.202153 0.900237 0.404305 0.196325 0.00931851
4 0.173697 0.41233 0.0439221 0.0260329 0.00908347
4 0.977065 0.553121 0.0458703 0.190692 0.00836239
2 0.563871 0.252905 0.00656226 0.0130174 0.00819137
1 0.278543 0.357316 0.0140674 0.0394047 0.00787463
4 0.980895 0.588153 0.0377522 0.116415 0.0076408
4 0.788256 0.39261 0.0322001 0.0344489 0.0069454
0 0.428049 0.49178 0.0602249 0.206719 0.00692143
2 0.407579 0.412757 0.0339236 0.032413 0.00675657
1 0.0812976 0.352071 0.0119296 0.0490383 0.00661661
4 0.014207 0.456233 0.0270943 0.0428436 0.00640866
3 0.190374 0.765934 0.216895 0.361898 0.00636182
0 0.155418 0.699301 0.285211 0.347103 0.00628656
4 0.531077 0.408317 0.0111717 0.0172964 0.00620004
4 0.927362 0.428882 0.135226 0.0734181 0.00615404
1 0.231051 0.38337 0.0159172 0.022038 0.00614171
4 0.0216205 0.449771 0.0169898 0.0312496 0.00613116
0 0.0816339 0.451622 0.0207111 0.0444272 0.00596709
2 0.565435 0.247509 0.0112648 0.0205347 0.00595867
5 0.973069 0.564647 0.0528238 0.212505 0.00574284
8 0.332194 0.914772 0.321531 0.168848 0.00572045
1 0.265694 0.398841 0.0106213 0.0194293 0.00556518
4 0.535439 0.417732 0.0213862 0.0274611 0.00530317
0 0.913838 0.605741 0.041065 0.161709 0.00524251
4 0.096692 0.449822 0.0482039 0.0463362 0.00514716
2 0.529148 0.31885 0.00764545 0.0175068 0.00511447
14 0.176346 0.437949 0.0540386 0.0702477 0.00476369
1 0.353757 0.366899 0.0120833 0.0300123 0.00464593
2 0.283164 0.309449 0.00856726 0.0198201 0.00459488
1 0.228003 0.403542 0.0250994 0.0218968 0.00446223
2 0.30964 0.30448 0.00985367 0.0185797 0.00427135
2 0.372071 0.338551 0.0111551 0.015891 0.00424579
0 0.662062 0.395152 0.0157263 0.0287832 0.00412253
1 0.0796231 0.448879 0.0151502 0.0413743 0.00388517
5 0.945149 0.575855 0.10726 0.235632 0.00383861
1 0.275268 0.359698 0.017862 0.0467651 0.00381
2 0.618479 0.150106 0.00753705 0.0180354 0.00375226
1 0.100576 0.354297 0.0251068 0.0411992 0.00371958
2 0.53152 0.259547 0.00941278 0.0153555 0.0036996
4 0.0359339 0.453026 0.0547838 0.0419006 0.0036787
0 0.668216 0.39805 0.0278505 0.0359677 0.00362371
2 0.995346 0.348717 0.00782776 0.0258916 0.00352801
13 0.407793 0.400369 0.033844 0.0538617 0.00351508
1 0.0866781 0.353075 0.0243951 0.0557249 0.00350669
7 0.479882 0.358764 0.00990887 0.0254902 0.00347305
1 0.576992 0.312909 0.0104182 0.0235329 0.00332322
4 0.787086 0.385617 0.0247709 0.0225108 0.00332281
5 0.387639 0.677763 0.132987 0.223324 0.0033036
1 0.660918 0.382046 0.0132811 0.0164037 0.00328981
1 0.576684 0.342622 0.010758 0.0531299 0.00325832
2 0.285453 0.30842 0.00828775 0.0200319 0.00325339
14 0.014207 0.456233 0.0270943 0.0428436 0.00324543
4 0.291395 0.403556 0.0229703 0.0093571 0.00318134
7 0.283164 0.309449 0.00856726 0.0198201 0.0031567
5 0.569743 0.390767 0.0358502 0.0326394 0.00312876
4 0.671971 0.390828 0.0372234 0.0247915 0.00308609
2 0.568243 0.263848 0.00835345 0.0126777 0.003086
4 0.332194 0.914772 0.321531 0.168848 0.00308122
8 0.535439 0.417732 0.0213862 0.0274611 0.00306314
2 0.178849 0.436277 0.0575427 0.0701835 0.00305328
3 0.542918 0.801832 0.910079 0.396335 0.00301958
4 0.590335 0.41929 0.0432359 0.03362 0.0030055
1 0.272158 0.324205 0.0120249 0.0406103 0.00295436
1 0.479882 0.358764 0.00990887 0.0254902 0.00293678
4 0.0452114 0.947818 0.0888382 0.102183 0.0029152
1 0.288415 0.325046 0.0115376 0.042905 0.00281773
2 0.569061 0.228034 0.0114546 0.0163463 0.0028042
14 0.13382 0.447846 0.0303913 0.0360441 0.00276561
2 0.576992 0.312909 0.0104182 0.0235329 0.00270312
2 0.30933 0.29745 0.00968594 0.0192594 0.00268843
1 0.283164 0.309449 0.00856726 0.0198201 0.00266594
0 0.92926 0.611904 0.0716563 0.161317 0.00265293
0 0.78586 0.394285 0.0235901 0.0332489 0.00263037
0 0.985589 0.605109 0.0266914 0.082376 0.0026253
4 0.521859 0.418001 0.02253 0.022299 0.00256375
4 0.682136 0.399675 0.0594504 0.0399782 0.00255143
0 0.101386 0.453451 0.0273948 0.0436551 0.00250136
4 0.139331 0.447849 0.0274582 0.0371665 0.00249386
0 0.531077 0.408317 0.0111717 0.0172964 0.00245272
4 0.156526 0.433177 0.0771546 0.0554226 0.00244975
42 0.177779 0.437087 0.0574839 0.0731026 0.00244036
12 0.556534 0.39345 0.0654972 0.0368811 0.00240474
7 0.288354 0.313162 0.011377 0.0242701 0.00240295
4 0.596062 0.407206 0.0529249 0.0166503 0.00240017
0 0.421247 0.427574 0.0226489 0.049378 0.00238682
0 0.840362 0.638396 0.0729899 0.0869554 0.00238332
13 0.38975 0.443065 0.0834175 0.090476 0.00236243
0 0.90436 0.554503 0.0640297 0.25264 0.00233321
4 0.653846 0.404501 0.0342156 0.0210617 0.00232027
1 0.773069 0.364438 0.0116898 0.0310031 0.00231639
4 0.809088 0.393889 0.0738909 0.0307963 0.00230682
4 0.644152 0.413249 0.0860156 0.0478215 0.00229659
4 0.556051 0.407678 0.0626077 0.0200873 0.00229607
4 0.609752 0.419681 0.0899451 0.0397816 0.00228927
4 0.305386 0.404019 0.0406683 0.00940321 0.00227106
2 0.367494 0.359899 0.0149157 0.0366779 0.00224182
2 0.288354 0.313162 0.011377 0.0242701 0.00222097
5 0.857776 0.637109 0.0392399 0.0860178 0.00220723
4 0.440607 0.422694 0.0209601 0.0139427 0.00220361
4 0.0774444 0.450176 0.0762104 0.0477059 0.00219375
3 0.332194 0.914772 0.321531 0.168848 0.00218169
1 0.0965393 0.343755 0.0303174 0.0387327 0.00216903
8 0.557626 0.720796 0.884748 0.558408 0.00208435
4 0.668216 0.39805 0.0278505 0.0359677 0.00208305
2 0.515188 0.260405 0.0123801 0.015244 0.00205933
0 0.775825 0.361571 0.0114286 0.0414074 0.00204272
12 0.556925 0.415414 0.0624462 0.0517553 0.00203323
0 0.531576 0.426402 0.0134398 0.0382251 0.00201479
6 0.556534 0.39345 0.0654972 0.0368811 0.00201018
1 0.574035 0.343881 0.0116393 0.0519128 0.00201001
7 0.407648 0.414146 0.033816 0.032487 0.00196934
0 0.00568438 0.456782 0.0113688 0.043551 0.00195273
8 0.857832 0.636668 0.0399561 0.0861049 0.00193048
1 0.281939 0.327773 0.0122386 0.0465379 0.00192091
2 0.616186 0.142904 0.00895191 0.021478 0.00191873
8 0.681572 0.415385 0.0456313 0.0410519 0.00191759
4 0.144225 0.405303 0.0317726 0.0126568 0.00189864
1 0.469193 0.393973 0.0193376 0.0199458 0.00189349
4 0.410609 0.417087 0.0435649 0.0331219 0.00188958
2 0.280525 0.29913 0.0077291 0.021266 0.00188609
0 0.781639 0.386833 0.019387 0.0273458 0.00186666
6 0.104554 0.45014 0.0337525 0.0410399 0.00185681
14 0.11088 0.452289 0.0303768 0.042866 0.00184915
4 0.666567 0.409039 0.0341205 0.050184 0.00184629
4 0.681224 0.413114 0.0576604 0.0520667 0.00183758
0 0.934002 0.647264 0.0709816 0.100532 0.00183352
0 0.680369 0.403599 0.0550127 0.0427722 0.0018108
4 0.454886 0.422126 0.0224728 0.0113141 0.00180687
1 0.227592 0.385449 0.0229295 0.0223391 0.00178084
8 0.669845 0.414131 0.0310362 0.0408308 0.00177604
0 0.897506 0.609745 0.0777153 0.161659 0.00171902
8 0.0816339 0.451622 0.0207111 0.0444272 0.00171787
0 0.917481 0.57333 0.055743 0.225442 0.00170818
1 0.270916 0.312398 0.00956818 0.0237078 0.00170036
2 0.646432 0.168555 0.00950256 0.0276279 0.00169541
2 0.829449 0.144587 0.0122615 0.0273562 0.00168661
4 0.282201 0.40214 0.0189986 0.0111625 0.00166591
7 0.285453 0.30842 0.00828775 0.0200319 0.00166001
8 0.014207 0.456233 0.0270943 0.0428436 0.00163117
0 0.265694 0.398841 0.0106213 0.0194293 0.00162305
2 0.361944 0.360085 0.0221899 0.0422675 0.00161488
4 0.343976 0.404274 0.0146339 0.0102918 0.00160978
4 0.218185 0.413559 0.0260069 0.0258487 0.00160564
1 0.658846 0.367977 0.0175842 0.030947 0.00159538
8 0.101386 0.453451 0.0273948 0.0436551 0.00155987
13 0.421247 0.427574 0.0226489 0.049378 0.00155951
1 0.574732 0.356971 0.0150552 0.052796 0.00155573
13 0.402652 0.413025 0.0466246 0.0240704 0.00154674
1 0.0824545 0.398973 0.0161818 0.0180822 0.00154304
3 0.210377 0.792664 0.332022 0.393152 0.00154152
7 0.41451 0.14861 0.00925598 0.0376592 0.00152343
2 0.41074 0.151084 0.0100137 0.0299886 0.00145078
0 0.941724 0.573844 0.108445 0.217894 0.00144123
4 0.622039 0.409251 0.071286 0.0207579 0.00143826
2 0.772945 0.19459 0.00966779 0.0437665 0.00143801
2 0.0304684 0.397829 0.00798714 0.00966187 0.00142842
4 0.0607619 0.452255 0.0430874 0.041974 0.001428
4 0.512564 0.418668 0.0441677 0.0218542 0.00142638
0 0.407231 0.422413 0.0352182 0.047083 0.00142259
4 0.0824545 0.398973 0.0161818 0.0180822 0.00139657
4 0.982684 0.621788 0.0338842 0.0926559 0.00139599
4 0.491549 0.420764 0.0154836 0.0118963 0.00139447
1 0.270988 0.384935 0.0145393 0.0321925 0.00139
1 0.280728 0.371918 0.0145437 0.0417979 0.001388
4 0.875988 0.538163 0.246008 0.310453 0.00138319
1 0.470057 0.386605 0.0170042 0.0239268 0.00138068
4 0.104107 0.449716 0.0328039 0.0397597 0.00134567
4 0.15865 0.687669 0.277046 0.392688 0.0013406
2 0.41451 0.14861 0.00925598 0.0376592 0.00132392
2 0.609784 0.137438 0.0114951 0.0183986 0.00131802
4 0.662062 0.395152 0.0157263 0.0287832 0.00131171
4 0.633108 0.413416 0.0926275 0.0324626 0.00131113
7 0.270916 0.312398 0.00956818 0.0237078 0.00131004
0 0.911531 0.637058 0.0598328 0.115532 0.00129443
4 0.0816339 0.451622 0.0207111 0.0444272 0.00128975
1 0.295737 0.377348 0.0110622 0.0374322 0.00127715
1 0.357543 0.363227 0.0183902 0.0351732 0.00127689
1 0.288354 0.313162 0.011377 0.0242701 0.00126975
2 0.560601 0.263058 0.0097746 0.0110015 0.00126398
2 0.414829 0.287517 0.00897199 0.0214355 0.00126396
4 0.890631 0.53814 0.149703 0.282418 0.00125599
2 0.405527 0.282249 0.013299 0.0174062 0.00124383
4 0.510014 0.396922 0.0185035 0.0094413 0.00123819
3 0.179256 0.43486 0.0586342 0.0681921 0.00122961
2 0.530073 0.253171 0.0108927 0.0191845 0.00121735
1 0.225492 0.40781 0.0328124 0.0277856 0.00121489
3 0.856307 0.63517 0.0415907 0.0875859 0.00120612
15 0.557626 0.720796 0.884748 0.558408 0.00120024
1 0.227522 0.39069 0.0259017 0.0198844 0.00119994
8 0.680369 0.403599 0.0550127 0.0427722 0.00119568
0 0.857873 0.364928 0.0193272 0.0252626 0.00119294
2 0.357543 0.363227 0.0183902 0.0351732 0.00118408
1 0.577013 0.356997 0.0123513 0.0395157 0.00116839
4 0.810477 0.416603 0.0895328 0.0593989 0.0011681
0 0.500721 0.990875 0.0213475 0.0182503 0.00116774
4 0.19902 0.415854 0.0586442 0.0357676 0.00115994
8 0.531576 0.426402 0.0134398 0.0382251 0.00115498
1 0.397028 0.305757 0.0089548 0.0508071 0.00115448
0 0.909888 0.704214 0.0854507 0.2341 0.00114297
0 0.933717 0.697851 0.084139 0.210671 0.00111416
6 0.977065 0.553121 0.0458703 0.190692 0.00111352
7 0.443144 0.348444 0.00835123 0.019564 0.00111262
1 0.747914 0.359296 0.0133978 0.0366914 0.00111155
4 0.0518061 0.459089 0.102002 0.0524633 0.00110763
42 0.407579 0.412757 0.0339236 0.032413 0.00110215
8 0.00568438 0.456782 0.0113688 0.043551 0.00110033
4 0.932916 0.565604 0.132774 0.250846 0.00108813
4 0.0622604 0.446463 0.0164271 0.0291282 0.00108729
2 0.528149 0.324848 0.0109916 0.0195061 0.00108003
6 0.556925 0.415414 0.0624462 0.0517553 0.00107601
1 0.317283 0.30512 0.0240742 0.0354508 0.00107328
8 0.180558 0.432305 0.0598282 0.0646586 0.00107025
4 0.586795 0.405432 0.0273292 0.0229309 0.00106674
4 0.839126 0.632005 0.0753315 0.0888043 0.00106048
7 0.646361 0.177627 0.00821991 0.0218561 0.00105353
13 0.176025 0.418543 0.049354 0.0390975 0.00104218
1 0.802568 0.334489 0.00883276 0.0200692 0.00103034
0 0.202153 0.900237 0.404305 0.196325 0.00102927
6 0.00568438 0.456782 0.0113688 0.043551 0.00102512
4 0.517819 0.40044 0.0293554 0.00877279 0.00102218
14 0.0216205 0.449771 0.0169898 0.0312496 0.00101752
38 0.569677 0.390544 0.0357747 0.0332822 0.0010175
1 0.124737 0.381933 0.02247 0.0282179 0.00101662
7 0.281939 0.327773 0.0122386 0.0465379 0.00101413
12 0.104554 0.45014 0.0337525 0.0410399 0.00100514
8 0.388052 0.679308 0.130343 0.225079 0.00100263
4 0.0905651 0.402498 0.0205307 0.0202769 0.00100005
