10 0.477588 0.686477 0.113447 0.486647 0.906722
10 0.80979 0.794993 0.0783821 0.24823 0.783479
59 0.684552 0.796618 0.121714 0.253154 0.770052
10 0.573681 0.799384 0.130807 0.260387 0.767204
10 0.68358 0.796427 0.12456 0.252376 0.643363
10 0.480072 0.808446 0.111916 0.239711 0.365547
10 0.23721 0.570058 0.124904 0.298974 0.347015
59 0.759991 0.79816 0.0473608 0.226659 0.149575
10 0.358008 0.701197 0.0957655 0.463807 0.0814081
59 0.475227 0.817423 0.0984186 0.262169 0.0408282
56 0.480084 0.807504 0.11231 0.241125 0.0338228
10 0.234749 0.685872 0.143152 0.527962 0.0275718
59 0.48062 0.719605 0.114692 0.418622 0.0130911
59 0.366593 0.808461 0.0803979 0.222271 0.0110026
59 0.766764 0.787563 0.0733474 0.235421 0.00946182
10 0.245221 0.824674 0.168875 0.255745 0.00866569
10 0.756707 0.793585 0.0535843 0.234494 0.0067817
10 0.884428 0.783738 0.175654 0.243535 0.00646554
59 0.342207 0.804781 0.0885714 0.24281 0.00495456
59 0.603813 0.809436 0.0920308 0.245793 0.00472351
59 0.494065 0.803665 0.0740803 0.250404 0.00471104
56 0.245434 0.823852 0.165905 0.257085 0.00387364
59 0.718812 0.80856 0.0589156 0.234065 0.00347352
59 0.352359 0.755242 0.098998 0.255262 0.00304052
59 0.551586 0.801848 0.090207 0.248072 0.00291054
59 0.743282 0.79574 0.0761337 0.242774 0.00270781
19 0.511106 0.489421 0.977787 0.978841 0.00266682
59 0.286386 0.828126 0.0957038 0.262094 0.0024004
59 0.845103 0.793268 0.153374 0.248446 0.00177737
30 0.684552 0.796618 0.121714 0.253154 0.00167399
10 0.772168 0.790185 0.0883979 0.235495 0.00164702
59 0.794486 0.792899 0.0707359 0.225227 0.00151454
59 0.245123 0.574523 0.102564 0.342512 0.00141013
19 0.511402 0.175071 0.975721 0.350143 0.00138809
59 0.31461 0.815262 0.0966137 0.242753 0.00125306
59 0.947005 0.843225 0.041939 0.122579 0.00123498
59 0.94484 0.802291 0.0522643 0.204779 0.00117596
49 0.481226 0.807265 0.113734 0.23794 0.00112772
59 0.784952 0.779857 0.044263 0.214671 0.00108079
10 0.319777 0.710883 0.183005 0.459605 0.0010443
59 0.642392 0.805279 0.100115 0.223756 0.00101533
