4 0.0935606 0.756081 0.148486 0.154213 0.931157
4 0.882465 0.760217 0.228046 0.238533 0.916322
4 0.71585 0.746159 0.126927 0.130578 0.911866
4 0.445051 0.717562 0.0346708 0.0810601 0.800984
0 0.466717 0.719651 0.0366085 0.103874 0.762432
4 0.632082 0.736735 0.0520211 0.105187 0.725165
8 0.467134 0.741477 0.0389534 0.0841265 0.699189
4 0.586107 0.726324 0.0767079 0.0881075 0.679846
4 0.552163 0.702993 0.0214373 0.0310531 0.551225
2 0.514393 0.464566 0.00906369 0.0172724 0.347343
2 0.106023 0.619987 0.00674432 0.0107083 0.332903
4 0.610736 0.732779 0.0336157 0.089666 0.24868
1 0.228726 0.681125 0.00921501 0.0151919 0.231577
4 0.612788 0.718454 0.0628196 0.0946099 0.160564
13 0.465428 0.715671 0.0298579 0.0967925 0.112876
13 0.463677 0.669331 0.0129036 0.0180756 0.0731647
4 0.613444 0.684589 0.063476 0.0464749 0.0727382
4 0.555951 0.727799 0.0172456 0.078736 0.0705504
4 0.612416 0.681442 0.0611989 0.0274801 0.0704576
2 0.507183 0.460555 0.0131218 0.0224851 0.0677783
2 0.0965291 0.618796 0.0119565 0.0110106 0.0676115
4 0.445826 0.692193 0.0279384 0.029559 0.0615589
2 0.507992 0.46355 0.00925101 0.0196932 0.0496599
0 0.631072 0.736774 0.0535476 0.104962 0.0457956
17 0.465428 0.715671 0.0298579 0.0967925 0.0415956
5 0.44519 0.716504 0.0354645 0.0808596 0.0369539
2 0.104209 0.61255 0.00891624 0.0171849 0.0326339
17 0.463677 0.669331 0.0129036 0.0180756 0.0316591
8 0.445761 0.720972 0.0368267 0.0796274 0.0283019
0 0.551091 0.704324 0.0207609 0.0308356 0.0256043
4 0.528073 0.70221 0.0203849 0.0209618 0.0205071
2 0.0921902 0.61123 0.0108782 0.0146118 0.0203178
4 0.466606 0.719706 0.0354524 0.101945 0.0199513
0 0.446522 0.716043 0.0431804 0.0854335 0.0198411
2 0.084097 0.610566 0.00772597 0.0134649 0.018872
1 0.561959 0.607752 0.0338888 0.0252159 0.0185736
2 0.517627 0.455437 0.0160521 0.0245563 0.0182609
0 0.612409 0.726108 0.0545879 0.0874621 0.0181005
2 0.0850608 0.617051 0.00888271 0.0155518 0.017835
6 0.614341 0.684831 0.0647166 0.0459182 0.017501
1 0.567062 0.630803 0.0435853 0.0575383 0.0173633
6 0.612741 0.717687 0.0707791 0.0977935 0.0140314
4 0.563665 0.713776 0.0297981 0.0587393 0.0133536
1 0.890199 0.626298 0.0240985 0.0369956 0.0128285
17 0.45673 0.669756 0.0235747 0.019672 0.0125043
4 0.543176 0.703431 0.0148485 0.0271102 0.0120056
42 0.612416 0.681442 0.0611989 0.0274801 0.0111569
42 0.613444 0.684589 0.063476 0.0464749 0.0096871
2 0.0709719 0.619179 0.0103484 0.0122682 0.00960063
8 0.463342 0.74947 0.0501544 0.111809 0.00951349
5 0.614341 0.684831 0.0647166 0.0459182 0.00910942
4 0.983783 0.679392 0.0292808 0.0445545 0.00881162
4 0.49748 0.69718 0.0233693 0.0353654 0.00841797
5 0.578813 0.725528 0.0621191 0.0902265 0.00840188
4 0.619858 0.735328 0.0428001 0.0975566 0.0082764
42 0.614007 0.709109 0.0658698 0.0852425 0.00769696
4 0.153799 0.759025 0.0282793 0.0800248 0.00750349
42 0.552163 0.702993 0.0214373 0.0310531 0.00711109
13 0.45952 0.682849 0.0257637 0.0284602 0.00676851
0 0.582881 0.7256 0.0681752 0.0870842 0.00629651
17 0.45952 0.682849 0.0257637 0.0284602 0.00615992
13 0.45673 0.669756 0.0235747 0.019672 0.00602836
0 0.45952 0.682849 0.0257637 0.0284602 0.00597394
1 0.224395 0.681416 0.0165426 0.0137712 0.0057748
4 0.980858 0.671313 0.0349055 0.0453957 0.00567251
1 0.557484 0.604629 0.0231797 0.022377 0.00562379
1 0.948878 0.615501 0.0422696 0.0819433 0.00555887
1 0.911229 0.597767 0.0294134 0.0927749 0.00548288
1 0.942676 0.597086 0.0213192 0.0357963 0.00525857
2 0.500547 0.45962 0.0155612 0.0188611 0.0052156
1 0.564668 0.617111 0.0418001 0.0511932 0.00508635
2 0.525693 0.453358 0.0223374 0.0216165 0.00488669
1 0.983214 0.567618 0.0309084 0.119319 0.00486707
7 0.379094 0.637813 0.00732324 0.0129609 0.00483656
5 0.556771 0.728937 0.0190029 0.0791593 0.00462938
4 0.610581 0.671325 0.0555746 0.0314999 0.00461667
42 0.445826 0.692193 0.0279384 0.029559 0.00460656
6 0.574351 0.689546 0.0592801 0.0561077 0.00448385
2 0.515973 0.469518 0.0104159 0.0271825 0.0044209
0 0.555951 0.727799 0.0172456 0.078736 0.00440141
5 0.61116 0.732382 0.0347382 0.0903206 0.00434453
4 0.550756 0.695977 0.0213044 0.0369028 0.00430405
4 0.561866 0.72929 0.0355731 0.0821962 0.00427093
6 0.578813 0.725528 0.0621191 0.0902265 0.00424951
1 0.905336 0.625732 0.0441611 0.0412943 0.00418924
42 0.610581 0.671325 0.0555746 0.0314999 0.00418107
6 0.552163 0.702993 0.0214373 0.0310531 0.00403128
15 0.445826 0.692193 0.0279384 0.029559 0.00402508
1 0.0889049 0.654388 0.0102945 0.0241625 0.00394193
4 0.551506 0.723965 0.0204421 0.0667153 0.00388217
0 0.619655 0.640744 0.0129147 0.0323495 0.00378583
4 0.596792 0.686472 0.0628757 0.0478667 0.00376759
6 0.610581 0.671325 0.0555746 0.0314999 0.00370629
8 0.782321 0.71824 0.0248229 0.0392076 0.00343947
5 0.600734 0.726856 0.0517563 0.0877617 0.00335973
5 0.633612 0.737215 0.0511387 0.104478 0.00328415
4 0.785868 0.734874 0.0367042 0.0757079 0.00327499
4 0.453463 0.722405 0.058566 0.0926874 0.0032677
6 0.567356 0.628896 0.0454025 0.0611362 0.00312213
0 0.543176 0.703431 0.0148485 0.0271102 0.00293075
0 0.610736 0.732779 0.0336157 0.089666 0.00292581
2 0.109573 0.627783 0.00703706 0.0155578 0.00282589
8 0.56691 0.750861 0.0224971 0.0523046 0.00279927
2 0.177448 0.589613 0.0100741 0.017445 0.00278093
2 0.100992 0.615798 0.0137692 0.0161434 0.00275852
0 0.563665 0.713776 0.0297981 0.0587393 0.00272475
6 0.445096 0.716566 0.0339758 0.0783537 0.00271051
2 0.112906 0.626779 0.0123485 0.0155844 0.00270998
5 0.551091 0.704324 0.0207609 0.0308356 0.00265497
0 0.445826 0.692193 0.0279384 0.029559 0.00262285
1 0.467011 0.742657 0.0402375 0.0864038 0.00253552
1 0.942266 0.617299 0.0305254 0.0557576 0.00249788
6 0.445826 0.692193 0.0279384 0.029559 0.00249532
6 0.596275 0.634104 0.101836 0.0685832 0.00241301
1 0.619655 0.640744 0.0129147 0.0323495 0.00233905
4 0.45952 0.682849 0.0257637 0.0284602 0.00232669
8 0.468023 0.76182 0.0391453 0.156127 0.00232478
1 0.370015 0.625382 0.0126021 0.0275893 0.00225032
6 0.61116 0.732382 0.0347382 0.0903206 0.00224816
4 0.782148 0.72679 0.0277493 0.0538788 0.0022326
2 0.0892731 0.649176 0.0097778 0.0254917 0.00222425
1 0.316149 0.694543 0.0207907 0.0233763 0.00220317
17 0.445826 0.692193 0.0279384 0.029559 0.00214926
2 0.00508969 0.379586 0.00970671 0.0121626 0.00214158
1 0.707901 0.66801 0.0150399 0.0249281 0.00207987
1 0.231503 0.679116 0.0134903 0.0200236 0.00207319
0 0.613444 0.684589 0.063476 0.0464749 0.00199398
4 0.537372 0.706236 0.0185386 0.0227238 0.00198404
25 0.610581 0.671325 0.0555746 0.0314999 0.00198311
0 0.528073 0.70221 0.0203849 0.0209618 0.0019187
2 0.379094 0.637813 0.00732324 0.0129609 0.00190958
42 0.45673 0.669756 0.0235747 0.019672 0.00190001
6 0.624168 0.731007 0.069277 0.10033 0.00185397
1 0.556287 0.603509 0.0341372 0.026537 0.00182056
1 0.495294 0.667055 0.00858041 0.0174406 0.00176509
4 0.98239 0.655377 0.0322625 0.055555 0.00171918
4 0.565485 0.689474 0.026676 0.0356142 0.00170169
42 0.463677 0.669331 0.0129036 0.0180756 0.00169868
4 0.782262 0.707728 0.0219826 0.0346288 0.00166397
8 0.784315 0.728319 0.0313672 0.0594594 0.00166362
7 0.106023 0.619987 0.00674432 0.0107083 0.00164909
0 0.551506 0.723965 0.0204421 0.0667153 0.00164032
2 0.08714 0.6293 0.00623037 0.0189045 0.00162276
6 0.561959 0.607752 0.0338888 0.0252159 0.00160813
1 0.0866885 0.659649 0.0132611 0.0167164 0.00160222
3 0.445761 0.720972 0.0368267 0.0796274 0.00154935
2 0.359617 0.581563 0.00897864 0.0114322 0.00153834
1 0.379094 0.637813 0.00732324 0.0129609 0.00153583
1 0.97402 0.64435 0.0269663 0.0441385 0.00151673
1 0.614922 0.638205 0.0172601 0.0396977 0.00150036
2 0.557484 0.604629 0.0231797 0.022377 0.00150035
6 0.501131 0.687058 0.0258414 0.0365977 0.00149622
1 0.981165 0.642554 0.0342863 0.0441895 0.00143819
4 0.510324 0.700205 0.025534 0.0305673 0.00141164
0 0.0066578 0.740075 0.0131644 0.0641226 0.00139517
0 0.614007 0.709109 0.0658698 0.0852425 0.00136852
6 0.612416 0.681442 0.0611989 0.0274801 0.0013555
1 0.228946 0.687108 0.00981815 0.0217082 0.00133929
3 0.56691 0.750861 0.0224971 0.0523046 0.001333
6 0.557484 0.604629 0.0231797 0.022377 0.0012764
0 0.782262 0.707728 0.0219826 0.0346288 0.00126563
1 0.973598 0.637146 0.0427061 0.0570257 0.00126133
8 0.543176 0.703431 0.0148485 0.0271102 0.00122904
5 0.467255 0.741801 0.0395415 0.0849058 0.00120002
3 0.467255 0.741801 0.0395415 0.0849058 0.001199
42 0.553066 0.695748 0.0227242 0.0360808 0.00119668
0 0.782321 0.71824 0.0248229 0.0392076 0.00117822
1 0.371643 0.638555 0.0119796 0.0123374 0.00117305
13 0.445826 0.692193 0.0279384 0.029559 0.00116806
2 0.321402 0.579725 0.00841028 0.0221446 0.00115838
0 0.613469 0.66973 0.0611425 0.0377572 0.00115452
8 0.453463 0.722405 0.058566 0.0926874 0.0011439
2 0.173796 0.590097 0.0120298 0.0160491 0.0011423
17 0.614143 0.685779 0.0650136 0.0497847 0.00110008
6 0.564668 0.617111 0.0418001 0.0511932 0.00105306
2 0.366623 0.581321 0.00818222 0.0153895 0.00105164
6 0.555951 0.727799 0.0172456 0.078736 0.00103711
1 0.596392 0.647905 0.0185334 0.020772 0.00102967
7 0.378074 0.630987 0.00822513 0.0187042 0.00102921
