1 0.415197 0.667005 0.0570159 0.142477 0.949509
4 0.0675033 0.852808 0.0796125 0.0909138 0.89746
4 0.147908 0.832155 0.0357847 0.0452703 0.868591
1 0.147808 0.784151 0.0165602 0.0401734 0.761387
0 0.371242 0.839107 0.0366258 0.0914725 0.722436
1 0.0667254 0.760691 0.0271308 0.0309726 0.717128
8 0.371578 0.858949 0.0599685 0.0621801 0.569003
13 0.379974 0.798802 0.0125858 0.0146887 0.550109
4 0.0331263 0.821756 0.0240627 0.0336394 0.297847
17 0.379974 0.798802 0.0125858 0.0146887 0.133353
6 0.0333419 0.820947 0.023352 0.0323769 0.129552
8 0.359194 0.859526 0.0375061 0.0623026 0.10598
4 0.209418 0.80635 0.0199502 0.0147162 0.100321
15 0.0333419 0.820947 0.023352 0.0323769 0.079132
1 0.115616 0.783318 0.0171786 0.0361844 0.0725188
1 0.185034 0.651907 0.0571742 0.0703283 0.0621464
3 0.371515 0.857773 0.0590827 0.0592793 0.0502213
22 0.416138 0.858835 0.0100379 0.0402532 0.0468053
0 0.416506 0.854928 0.0110642 0.0442232 0.0452161
13 0.375779 0.80018 0.0185817 0.0175773 0.0445382
1 0.0275248 0.797832 0.0115276 0.0172539 0.0406345
4 0.00362891 0.825875 0.006539 0.0169172 0.0405656
0 0.368644 0.85516 0.049823 0.0633832 0.0336967
4 0.107792 0.829913 0.0103149 0.0161695 0.0324562
1 0.209418 0.80635 0.0199502 0.0147162 0.0317973
2 0.458045 0.589267 0.0076423 0.0158477 0.0302082
4 0.980869 0.873969 0.0359385 0.080281 0.0275141
7 0.635696 0.798573 0.0158175 0.176751 0.0247515
8 0.405274 0.84892 0.0281752 0.0373272 0.0240248
1 0.165716 0.762242 0.0139729 0.0518922 0.0234311
8 0.416138 0.858835 0.0100379 0.0402532 0.023301
4 0.0106353 0.824897 0.0123823 0.0207657 0.0217927
3 0.405274 0.84892 0.0281752 0.0373272 0.0212296
3 0.359194 0.859526 0.0375061 0.0623026 0.0200862
4 0.0253686 0.825078 0.0148933 0.0220317 0.0199912
4 0.370026 0.839969 0.0398319 0.0912128 0.0178873
17 0.375779 0.80018 0.0185817 0.0175773 0.0176866
6 0.209418 0.80635 0.0199502 0.0147162 0.0172239
0 0.384646 0.851536 0.029346 0.0519116 0.0160417
3 0.416138 0.858835 0.0100379 0.0402532 0.0156865
4 0.283671 0.806598 0.0103568 0.0111165 0.0154515
4 0.115095 0.827162 0.0186916 0.0208321 0.0151588
1 0.272048 0.758919 0.0294916 0.0227571 0.0147982
0 0.380028 0.836176 0.0318504 0.0805387 0.0145941
0 0.40968 0.846577 0.0332569 0.0500481 0.0143558
8 0.352679 0.856908 0.0238349 0.0504035 0.0140529
1 0.283671 0.806598 0.0103568 0.0111165 0.0134842
4 0.208396 0.809639 0.0192904 0.0226967 0.0124849
4 0.110599 0.826449 0.0128754 0.0229668 0.0111333
4 0.368644 0.85516 0.049823 0.0633832 0.0105965
4 0.0332042 0.832857 0.022888 0.0393549 0.0100171
5 0.0333419 0.820947 0.023352 0.0323769 0.00992848
1 0.17095 0.762555 0.0220708 0.0536292 0.00961131
12 0.0333419 0.820947 0.023352 0.0323769 0.00875112
8 0.409572 0.852111 0.0251535 0.0494888 0.0083403
1 0.0678007 0.795025 0.0213936 0.0232877 0.00797092
4 0.0516513 0.814703 0.0283011 0.0182093 0.0077945
3 0.409572 0.852111 0.0251535 0.0494888 0.00771262
4 0.407331 0.838327 0.0344516 0.0413073 0.00771085
3 0.352679 0.856908 0.0238349 0.0504035 0.00724613
1 0.184736 0.647949 0.0332317 0.0699623 0.00707143
1 0.0596534 0.798234 0.0165383 0.021892 0.00613383
15 0.209418 0.80635 0.0199502 0.0147162 0.00573101
7 0.63571 0.734189 0.012936 0.0475994 0.00562699
7 0.17835 0.654812 0.0131167 0.0714825 0.00558597
4 0.344147 0.832199 0.0223989 0.0271215 0.00550641
1 0.167402 0.770877 0.0169412 0.0514276 0.00538477
4 0.0328288 0.84753 0.0233135 0.0573264 0.0053769
22 0.267741 0.852334 0.013318 0.0172405 0.00478274
14 0.416506 0.854928 0.0110642 0.0442232 0.00458812
1 0.28343 0.801182 0.0115084 0.020959 0.00453644
8 0.384646 0.851536 0.029346 0.0519116 0.00453384
4 0.00415965 0.820735 0.00679051 0.0218623 0.00434504
7 0.164911 0.692308 0.0120586 0.0303069 0.00431478
1 0.163237 0.779601 0.0119131 0.0336731 0.00420268
4 0.178575 0.829429 0.0147054 0.0170246 0.00419972
23 0.416138 0.858835 0.0100379 0.0402532 0.00407188
1 0.267727 0.755134 0.0353928 0.0301754 0.00404995
1 0.45366 0.702919 0.012881 0.0231946 0.00386996
15 0.0275248 0.797832 0.0115276 0.0172539 0.00384465
4 0.0496066 0.829824 0.0506197 0.0469839 0.00375406
0 0.00362891 0.825875 0.006539 0.0169172 0.00367426
22 0.407586 0.85586 0.0259049 0.0403979 0.00365969
1 0.280135 0.764226 0.0132326 0.0174229 0.00344735
12 0.209418 0.80635 0.0199502 0.0147162 0.00331862
5 0.370622 0.859784 0.0584295 0.0605446 0.00304206
4 0.108172 0.837518 0.0145438 0.0280851 0.00299385
1 0.379974 0.798802 0.0125858 0.0146887 0.00292991
4 0.095747 0.824974 0.0249682 0.0340585 0.00291373
1 0.199026 0.67625 0.0290041 0.02484 0.00289705
1 0.025057 0.796304 0.0132964 0.0179523 0.00285385
2 0.45366 0.702919 0.012881 0.0231946 0.00284878
4 0.210196 0.801924 0.021343 0.0214021 0.00284353
4 0.188092 0.824933 0.0227424 0.0220338 0.00279914
2 0.461469 0.592321 0.0152646 0.015825 0.00279298
4 0.204369 0.807871 0.0252686 0.0156211 0.00275192
0 0.405274 0.84892 0.0281752 0.0373272 0.00269426
8 0.191311 0.830189 0.0105811 0.014635 0.00264883
42 0.209418 0.80635 0.0199502 0.0147162 0.00259301
14 0.5132 0.852113 0.0261425 0.0543551 0.00255937
1 0.114956 0.794821 0.0146416 0.0592163 0.00254374
2 0.462652 0.598116 0.013485 0.0141287 0.00252888
6 0.0275248 0.797832 0.0115276 0.0172539 0.00250745
8 0.178575 0.829429 0.0147054 0.0170246 0.00250092
14 0.405274 0.84892 0.0281752 0.0373272 0.0024433
7 0.197255 0.6762 0.0257239 0.0227262 0.00238552
4 0.00410195 0.835455 0.00820389 0.0318935 0.0023396
7 0.184736 0.647949 0.0332317 0.0699623 0.00223193
0 0.397243 0.840392 0.0228777 0.0468108 0.00221526
4 0.191311 0.830189 0.0105811 0.014635 0.00221508
7 0.272048 0.758919 0.0294916 0.0227571 0.00219363
4 0.11642 0.837891 0.0274271 0.0336216 0.00212737
8 0.407331 0.838327 0.0344516 0.0413073 0.00211833
0 0.352679 0.856908 0.0238349 0.0504035 0.00205594
0 0.375779 0.80018 0.0185817 0.0175773 0.00196612
1 0.210058 0.802381 0.0208486 0.0231257 0.00196004
7 0.112329 0.783469 0.0131484 0.0364583 0.00189226
2 0.459178 0.594732 0.0107769 0.021794 0.00187354
1 0.635696 0.798573 0.0158175 0.176751 0.00182064
42 0.379974 0.798802 0.0125858 0.0146887 0.00180694
4 0.161723 0.829904 0.0140488 0.0378541 0.00175427
4 0.0027083 0.826017 0.0054166 0.0168177 0.00172724
4 0.352679 0.856908 0.0238349 0.0504035 0.00171514
8 0.513358 0.856032 0.0269769 0.0655701 0.00169864
7 0.165716 0.762242 0.0139729 0.0518922 0.00168171
1 0.208396 0.809639 0.0192904 0.0226967 0.00164404
0 0.402533 0.842015 0.0484381 0.05479 0.00159471
2 0.209418 0.80635 0.0199502 0.0147162 0.00159361
0 0.178575 0.829429 0.0147054 0.0170246 0.00154653
1 0.0333419 0.820947 0.023352 0.0323769 0.00154223
9 0.384646 0.851536 0.029346 0.0519116 0.00153204
23 0.5132 0.852113 0.0261425 0.0543551 0.00152692
4 0.0753205 0.811194 0.0335003 0.0159328 0.00151823
2 0.63958 0.664339 0.0173971 0.0221766 0.0015075
7 0.18005 0.689861 0.0142302 0.0307214 0.0014992
4 0.286612 0.807943 0.0140878 0.0103156 0.00147386
0 0.191311 0.830189 0.0105811 0.014635 0.00145648
3 0.407331 0.838327 0.0344516 0.0413073 0.00142629
4 0.357146 0.831242 0.0550372 0.0430497 0.00142585
14 0.291972 0.832505 0.0287768 0.0244796 0.00140131
4 0.0691605 0.812621 0.0492609 0.0173603 0.00139984
3 0.384646 0.851536 0.029346 0.0519116 0.00139559
8 0.00362891 0.825875 0.006539 0.0169172 0.00139271
1 0.0477572 0.761436 0.0131399 0.0244687 0.00139193
6 0.210196 0.801924 0.021343 0.0214021 0.00134563
6 0.0381414 0.801645 0.0135486 0.0220133 0.00130123
4 0.413454 0.847696 0.0454226 0.041443 0.00127113
0 0.107792 0.829913 0.0103149 0.0161695 0.00121881
4 0.512854 0.85146 0.0256927 0.0536041 0.00121855
13 0.371242 0.839107 0.0366258 0.0914725 0.00121374
0 0.379974 0.798802 0.0125858 0.0146887 0.00120013
0 0.512827 0.851527 0.0251227 0.052697 0.00116488
1 0.980324 0.894597 0.0360463 0.122982 0.00116413
0 0.0106353 0.824897 0.0123823 0.0207657 0.00115462
4 0.325705 0.814196 0.0189283 0.00919566 0.00113118
22 0.0667254 0.760691 0.0271308 0.0309726 0.00112488
1 0.107792 0.829913 0.0103149 0.0161695 0.00110011
4 0.979564 0.916394 0.040872 0.167212 0.00108756
4 0.415504 0.667641 0.0569542 0.140918 0.00108341
0 0.0331322 0.82125 0.0227838 0.0345478 0.00101832
1 0.077123 0.799134 0.0143588 0.0175072 0.00101302
4 0.647577 0.0707963 0.0618236 0.060415 0.00101221
14 0.191311 0.830189 0.0105811 0.014635 0.00100428
