5 0.689488 0.902205 0.0311202 0.0616371 0.693583
4 0.689551 0.90118 0.0307557 0.0593572 0.340376
4 0.656417 0.626223 0.0167534 0.00983724 0.184803
4 0.432201 0.63481 0.0117336 0.0137954 0.134657
6 0.689579 0.902297 0.031231 0.0619763 0.130546
4 0.530884 0.64203 0.0154054 0.0127391 0.123675
8 0.7311 0.937112 0.0152448 0.0233786 0.118134
0 0.731482 0.936894 0.0162532 0.0206865 0.0869211
4 0.481106 0.636838 0.0131974 0.0105882 0.0854545
4 0.430976 0.6277 0.00980148 0.00997575 0.0844645
8 0.811025 0.963888 0.0129295 0.0347975 0.0836606
0 0.811025 0.963888 0.0129295 0.0347975 0.0777108
4 0.432879 0.631543 0.011053 0.00867729 0.0772863
4 0.483547 0.634337 0.012812 0.0074097 0.0751835
1 0.811025 0.963888 0.0129295 0.0347975 0.0520866
6 0.656417 0.626223 0.0167534 0.00983724 0.0412114
1 0.554609 0.715955 0.0093208 0.01978 0.0387525
6 0.497294 0.624454 0.0115057 0.00890413 0.0379168
4 0.480387 0.627664 0.01067 0.0100318 0.0364325
4 0.658223 0.628146 0.017405 0.0115158 0.0348958
4 0.505478 0.655725 0.00791324 0.00993541 0.0323909
4 0.444429 0.634944 0.0282845 0.01386 0.0307457
6 0.499795 0.620775 0.0125235 0.00998206 0.0293699
4 0.731482 0.936894 0.0162532 0.0206865 0.0265355
4 0.83418 0.686177 0.0207158 0.0153694 0.0247678
4 0.494019 0.639408 0.0137231 0.00942428 0.0240779
0 0.810852 0.956435 0.0141509 0.0309404 0.022972
4 0.457857 0.608925 0.00724484 0.00982652 0.0226132
4 0.501048 0.643315 0.0107182 0.00837624 0.0225857
4 0.686398 0.639305 0.0156292 0.0100978 0.0223044
6 0.480387 0.627664 0.01067 0.0100318 0.0220719
4 0.968239 0.622932 0.0149435 0.00943197 0.021778
5 0.731482 0.936894 0.0162532 0.0206865 0.0214316
6 0.494019 0.639408 0.0137231 0.00942428 0.0211363
4 0.93182 0.638603 0.0121035 0.00881763 0.020542
4 0.849687 0.666227 0.0168857 0.0141364 0.0199469
6 0.501048 0.643315 0.0107182 0.00837624 0.0197801
4 0.689248 0.625533 0.0121779 0.00580892 0.0192705
4 0.53086 0.638494 0.0148094 0.0142178 0.0190835
4 0.552522 0.625358 0.00867627 0.0131394 0.0186382
4 0.497294 0.624454 0.0115057 0.00890413 0.0185521
7 0.811933 0.964734 0.0132589 0.0338993 0.0182555
6 0.481108 0.607469 0.00845783 0.00788681 0.0169303
4 0.634109 0.632378 0.0110238 0.00840999 0.0168069
4 0.5189 0.643437 0.0114973 0.00969584 0.0158126
4 0.438381 0.607257 0.00994037 0.00697014 0.0156909
6 0.432879 0.631543 0.011053 0.00867729 0.0146621
4 0.728484 0.657362 0.0114363 0.00935953 0.01427
4 0.457078 0.621096 0.00872876 0.00517141 0.0142327
4 0.852412 0.670514 0.0132782 0.0174243 0.0140985
6 0.483547 0.634337 0.012812 0.0074097 0.0138919
6 0.481106 0.636838 0.0131974 0.0105882 0.0138394
4 0.943409 0.634 0.0122498 0.0160432 0.0137852
8 0.744217 0.963522 0.0211046 0.0154152 0.0135637
5 0.81137 0.964005 0.0131338 0.0356548 0.0129147
4 0.634042 0.637024 0.0138306 0.010067 0.0124365
4 0.473708 0.637847 0.0150655 0.00809391 0.0121791
4 0.634682 0.630382 0.0111346 0.0153989 0.0121032
4 0.688918 0.636302 0.0156539 0.0136315 0.0120754
4 0.690003 0.633041 0.0150577 0.0107842 0.0120426
4 0.567966 0.665791 0.0186721 0.0177314 0.0119867
4 0.507728 0.674933 0.0103708 0.0117831 0.0119168
4 0.44729 0.625903 0.0197021 0.00769918 0.0116971
4 0.810069 0.680969 0.0190098 0.0143328 0.0116964
6 0.689248 0.625533 0.0121779 0.00580892 0.0111632
4 0.720159 0.657886 0.0115255 0.00763338 0.011157
4 0.513886 0.654839 0.0101986 0.0116163 0.0111097
6 0.660856 0.628686 0.0148156 0.012105 0.0109963
4 0.60585 0.71045 0.0273198 0.0139174 0.0108082
4 0.459272 0.684025 0.0103363 0.0131216 0.0107859
6 0.495703 0.609242 0.00864157 0.0109769 0.0107825
22 0.81137 0.964005 0.0131338 0.0356548 0.0105535
4 0.546488 0.622861 0.0100864 0.0101919 0.0104145
4 0.42148 0.621891 0.0116754 0.0133216 0.0101582
4 0.654635 0.632901 0.0137635 0.0177728 0.0101124
4 0.515449 0.624576 0.0102254 0.00805838 0.00986244
4 0.944684 0.628976 0.0125267 0.0137051 0.00971753
4 0.950941 0.624333 0.00973767 0.0102512 0.00955017
6 0.502603 0.608964 0.0107239 0.0113583 0.00949014
5 0.744217 0.963522 0.0211046 0.0154152 0.00937367
6 0.438381 0.607257 0.00994037 0.00697014 0.00933746
6 0.530884 0.64203 0.0154054 0.0127391 0.0092319
4 0.499795 0.620775 0.0125235 0.00998206 0.00922048
4 0.640242 0.6287 0.0108868 0.0122242 0.00899454
4 0.459356 0.633589 0.00805405 0.00737422 0.00899279
4 0.615889 0.643542 0.0138344 0.00890339 0.00820942
8 0.735061 0.942034 0.0205328 0.0326282 0.00813163
6 0.457857 0.608925 0.00724484 0.00982652 0.00811746
4 0.566829 0.643763 0.00844898 0.00988683 0.00797928
4 0.43497 0.610088 0.00924768 0.0122661 0.00791632
4 0.618489 0.604863 0.0116325 0.0096556 0.00786742
4 0.753534 0.677177 0.0123368 0.00687669 0.00786734
6 0.509408 0.634319 0.0100699 0.00868155 0.00781293
8 0.738549 0.951559 0.0257338 0.0297298 0.00777122
4 0.481108 0.607469 0.00845783 0.00788681 0.00773999
5 0.735061 0.942034 0.0205328 0.0326282 0.00763381
0 0.735061 0.942034 0.0205328 0.0326282 0.00738238
4 0.897959 0.648472 0.0150623 0.0148165 0.00718348
4 0.793921 0.662553 0.0135568 0.00973934 0.007154
4 0.566275 0.666652 0.0158102 0.0123288 0.00689081
6 0.513681 0.605773 0.0107563 0.0087299 0.00674987
4 0.732246 0.64589 0.00975659 0.0100046 0.00671233
4 0.47148 0.625376 0.00968335 0.00611038 0.00670868
6 0.688918 0.636302 0.0156539 0.0136315 0.00665531
4 0.964182 0.604762 0.00990949 0.00760407 0.00663814
4 0.498783 0.615611 0.011169 0.00750714 0.00653962
4 0.532219 0.628616 0.0130369 0.0134816 0.00642916
6 0.42148 0.621891 0.0116754 0.0133216 0.00639001
6 0.448985 0.635761 0.0233602 0.0125313 0.00617986
4 0.764372 0.664045 0.0126794 0.0114151 0.00607966
6 0.473708 0.637847 0.0150655 0.00809391 0.00602753
6 0.685083 0.624874 0.0165657 0.00527819 0.00600838
4 0.509408 0.634319 0.0100699 0.00868155 0.00569284
6 0.552522 0.625358 0.00867627 0.0131394 0.00567942
6 0.690003 0.633041 0.0150577 0.0107842 0.0056657
4 0.495886 0.652089 0.0103289 0.0167827 0.00552643
14 0.81137 0.964005 0.0131338 0.0356548 0.00552642
6 0.515449 0.624576 0.0102254 0.00805838 0.00550096
4 0.984839 0.641754 0.0139355 0.0103691 0.00542267
4 0.663255 0.634787 0.0106046 0.0139232 0.00539564
1 0.481108 0.607469 0.00845783 0.00788681 0.00537123
6 0.430976 0.6277 0.00980148 0.00997575 0.00528783
1 0.499795 0.620775 0.0125235 0.00998206 0.00519647
6 0.459356 0.633589 0.00805405 0.00737422 0.00510874
6 0.498783 0.615611 0.011169 0.00750714 0.00505209
1 0.513681 0.605773 0.0107563 0.0087299 0.00501143
14 0.7311 0.937112 0.0152448 0.0233786 0.00494967
4 0.942867 0.632384 0.0215284 0.0134309 0.00492395
4 0.731021 0.666908 0.0153581 0.0110678 0.00491554
4 0.477994 0.651682 0.0186143 0.0176464 0.0048917
4 0.725671 0.674309 0.0147448 0.0105898 0.00482184
1 0.42148 0.621891 0.0116754 0.0133216 0.00482063
6 0.5189 0.643437 0.0114973 0.00969584 0.00478071
4 0.706255 0.655189 0.00895471 0.0113457 0.00473023
6 0.432201 0.63481 0.0117336 0.0137954 0.00466303
4 0.919858 0.644179 0.0105627 0.00745458 0.00464992
8 0.691743 0.906725 0.0283976 0.0539128 0.00463912
1 0.810852 0.956435 0.0141509 0.0309404 0.00463523
4 0.618267 0.622323 0.0119599 0.00689198 0.00459055
4 0.745887 0.625557 0.0115432 0.00950404 0.00457304
1 0.656417 0.626223 0.0167534 0.00983724 0.00455894
6 0.47148 0.625376 0.00968335 0.00611038 0.00455756
4 0.469756 0.691339 0.00514652 0.0137897 0.00454968
6 0.719566 0.628112 0.0120085 0.0111184 0.00454867
4 0.754358 0.662717 0.0118419 0.0108648 0.0044542
4 0.685083 0.624874 0.0165657 0.00527819 0.00444181
4 0.534742 0.640791 0.0187612 0.00866113 0.00439156
4 0.969032 0.636765 0.0133758 0.0118098 0.0043746
4 0.991194 0.645065 0.0125134 0.0144629 0.00430836
4 0.735061 0.942034 0.0205328 0.0326282 0.00426021
4 0.558591 0.733369 0.00939258 0.00833824 0.0042261
13 0.810852 0.956435 0.0141509 0.0309404 0.00422336
1 0.497294 0.624454 0.0115057 0.00890413 0.00419652
4 0.457026 0.65269 0.0103213 0.0162951 0.00418672
8 0.726812 0.936 0.0189296 0.0190986 0.00417479
4 0.719566 0.628112 0.0120085 0.0111184 0.00412756
1 0.438381 0.607257 0.00994037 0.00697014 0.00406776
4 0.703194 0.64355 0.00990765 0.00680137 0.00400247
4 0.855376 0.66747 0.0173786 0.0105013 0.00399435
4 0.830003 0.62251 0.0157376 0.0127096 0.00384654
4 0.91899 0.657251 0.0127408 0.00917716 0.00382198
1 0.629767 0.602604 0.0148608 0.0120266 0.00380345
6 0.457078 0.621096 0.00872876 0.00517141 0.00378086
4 0.604311 0.625165 0.0182595 0.00918275 0.00377069
6 0.775337 0.625444 0.0198863 0.0168177 0.0037499
6 0.55104 0.615889 0.0110608 0.00962322 0.00373279
6 0.686398 0.639305 0.0156292 0.0100978 0.00370235
13 0.811025 0.963888 0.0129295 0.0347975 0.00353881
4 0.722268 0.674951 0.0142567 0.0118682 0.00350821
6 0.53086 0.638494 0.0148094 0.0142178 0.00349901
4 0.513681 0.605773 0.0107563 0.0087299 0.0034934
4 0.740093 0.660313 0.0174364 0.00960752 0.00345735
4 0.741201 0.634114 0.0142471 0.017641 0.00343321
1 0.527678 0.607476 0.00884259 0.0113913 0.00339732
4 0.602258 0.713898 0.0244877 0.00864112 0.0033886
4 0.450384 0.614527 0.0119365 0.00610924 0.00335969
4 0.406712 0.64644 0.00925443 0.0120661 0.00334826
4 0.512182 0.676789 0.0126622 0.00948087 0.00334724
4 0.935209 0.627804 0.0156676 0.0127665 0.00328961
4 0.608099 0.646938 0.0122234 0.0117348 0.00322088
6 0.741201 0.634114 0.0142471 0.017641 0.00320175
5 0.74143 0.97082 0.0279823 0.0348058 0.00319464
4 0.552956 0.634585 0.00868182 0.0145457 0.00319394
4 0.508498 0.668951 0.0107519 0.010424 0.00318895
6 0.467 0.607945 0.00596787 0.00813141 0.00317219
6 0.43497 0.610088 0.00924768 0.0122661 0.00317131
4 0.744217 0.963522 0.0211046 0.0154152 0.00314966
1 0.430976 0.6277 0.00980148 0.00997575 0.00313892
8 0.74143 0.97082 0.0279823 0.0348058 0.00313134
4 0.716377 0.640658 0.0139771 0.00699661 0.00312894
6 0.745887 0.625557 0.0115432 0.00950404 0.00311833
4 0.945664 0.61874 0.0241252 0.0176933 0.00305833
6 0.505478 0.655725 0.00791324 0.00993541 0.00302422
1 0.55571 0.707348 0.00835437 0.0205854 0.00295986
6 0.507728 0.674933 0.0103708 0.0117831 0.0029502
4 0.629767 0.602604 0.0148608 0.0120266 0.00293156
6 0.634109 0.632378 0.0110238 0.00840999 0.00292911
1 0.494315 0.588087 0.00742929 0.00905752 0.00292063
4 0.742404 0.676295 0.018824 0.00813654 0.00291784
4 0.943421 0.603547 0.0104465 0.0105317 0.00289872
22 0.7311 0.937112 0.0152448 0.0233786 0.00289633
1 0.731482 0.936894 0.0162532 0.0206865 0.00279328
4 0.504064 0.692275 0.0085788 0.016404 0.0027636
4 0.55104 0.615889 0.0110608 0.00962322 0.00276311
4 0.614297 0.714566 0.0146895 0.00827317 0.0027595
6 0.943409 0.634 0.0122498 0.0160432 0.00275404
4 0.892376 0.656138 0.0137963 0.0135781 0.00275363
4 0.62811 0.695243 0.0152118 0.0119156 0.00273842
6 0.546488 0.622861 0.0100864 0.0101919 0.00271308
4 0.753088 0.640519 0.0107213 0.00851305 0.00270117
4 0.420203 0.637912 0.00701389 0.00935871 0.0026953
6 0.968239 0.622932 0.0149435 0.00943197 0.00268133
4 0.809445 0.67311 0.0188488 0.0107442 0.00267799
4 0.55907 0.633024 0.0104428 0.00680933 0.00265575
1 0.689887 0.902139 0.0316158 0.0615098 0.0026227
4 0.74145 0.632005 0.0132795 0.00902533 0.00262197
4 0.637068 0.636554 0.0166863 0.012866 0.00259076
4 0.418742 0.610814 0.0100888 0.0144718 0.00258351
4 0.730385 0.626192 0.00799188 0.00859552 0.00258056
4 0.396565 0.588071 0.00944116 0.0126287 0.00255762
2 0.811938 0.963469 0.0138091 0.0354137 0.00253718
6 0.663255 0.634787 0.0106046 0.0139232 0.00252002
6 0.944684 0.628976 0.0125267 0.0137051 0.00249899
1 0.480387 0.627664 0.01067 0.0100318 0.00249655
4 0.760287 0.668389 0.0129593 0.00900431 0.00249206
6 0.654635 0.632901 0.0137635 0.0177728 0.00248133
6 0.566275 0.666652 0.0158102 0.0123288 0.00243379
4 0.954742 0.634896 0.0121666 0.0144418 0.00241957
4 0.589599 0.655979 0.0192442 0.0144743 0.00241189
4 0.576402 0.644718 0.0108372 0.00867272 0.00239785
1 0.502603 0.608964 0.0107239 0.0113583 0.00238143
6 0.604311 0.625165 0.0182595 0.00918275 0.00236474
4 0.566893 0.670638 0.0156721 0.0174718 0.00234721
6 0.707576 0.626053 0.00995428 0.00790742 0.00233177
4 0.900185 0.651668 0.019327 0.0181982 0.00230168
1 0.745887 0.625557 0.0115432 0.00950404 0.00223069
4 0.929702 0.657868 0.0114937 0.0102934 0.00222485
4 0.653458 0.704049 0.0187734 0.0151673 0.00219365
4 0.561433 0.664374 0.0138685 0.0125698 0.00219047
1 0.552522 0.625358 0.00867627 0.0131394 0.00215616
0 0.738549 0.951559 0.0257338 0.0297298 0.00214365
4 0.466244 0.685867 0.00709793 0.0147734 0.00211816
6 0.93182 0.638603 0.0121035 0.00881763 0.00211746
1 0.457857 0.608925 0.00724484 0.00982652 0.00210929
4 0.551358 0.610705 0.00988184 0.0139885 0.00210101
4 0.546457 0.608295 0.0104912 0.0100303 0.00208961
1 0.495703 0.609242 0.00864157 0.0109769 0.00208674
1 0.501048 0.643315 0.0107182 0.00837624 0.00207051
6 0.554609 0.715955 0.0093208 0.01978 0.00206738
6 0.716377 0.640658 0.0139771 0.00699661 0.00204713
1 0.618489 0.604863 0.0116325 0.0096556 0.00204525
5 0.738549 0.951559 0.0257338 0.0297298 0.00204421
13 0.744217 0.963522 0.0211046 0.0154152 0.00204142
6 0.942867 0.632384 0.0215284 0.0134309 0.0020355
6 0.44729 0.625903 0.0197021 0.00769918 0.00201636
1 0.432201 0.63481 0.0117336 0.0137954 0.0019802
1 0.775337 0.625444 0.0198863 0.0168177 0.00195084
4 0.577705 0.660461 0.0333635 0.0199741 0.00194698
1 0.515449 0.624576 0.0102254 0.00805838 0.00194374
4 0.613522 0.632537 0.0140777 0.00821671 0.00194124
6 0.532219 0.628616 0.0130369 0.0134816 0.00193151
6 0.618489 0.604863 0.0116325 0.0096556 0.00191098
4 0.763096 0.676585 0.0163214 0.00812752 0.00190977
4 0.527678 0.607476 0.00884259 0.0113913 0.0019044
4 0.771283 0.624322 0.0240789 0.0175994 0.00189525
4 0.707576 0.626053 0.00995428 0.00790742 0.0018604
6 0.717039 0.631731 0.0158769 0.00917418 0.00185009
6 0.74145 0.632005 0.0132795 0.00902533 0.00183181
0 0.744217 0.963522 0.0211046 0.0154152 0.00182203
1 0.655556 0.611433 0.0139093 0.015763 0.00180876
1 0.43497 0.610088 0.00924768 0.0122661 0.00180668
4 0.781703 0.660858 0.0154582 0.00824703 0.00180103
4 0.603947 0.655533 0.0171782 0.0124226 0.00179078
4 0.563929 0.625762 0.0111773 0.00951105 0.00178612
4 0.812819 0.688271 0.0221649 0.0194526 0.00177963
4 0.591843 0.646609 0.0139813 0.010977 0.00177514
6 0.732246 0.64589 0.00975659 0.0100046 0.00177356
4 0.811025 0.963888 0.0129295 0.0347975 0.00177329
4 0.843422 0.672884 0.0156493 0.0156316 0.00172016
3 0.7311 0.937112 0.0152448 0.0233786 0.00170826
7 0.731482 0.936894 0.0162532 0.0206865 0.00170436
1 0.439136 0.589679 0.00855042 0.0107791 0.00168473
6 0.728484 0.657362 0.0114363 0.00935953 0.00167863
1 0.514047 0.592312 0.00995374 0.0162343 0.00167482
4 0.650815 0.657757 0.0120994 0.0115412 0.00166567
6 0.605631 0.599318 0.0203528 0.0137505 0.00164328
1 0.558591 0.733369 0.00939258 0.00833824 0.00163022
6 0.634682 0.630382 0.0111346 0.0153989 0.00160272
4 0.876858 0.619094 0.0119514 0.00939172 0.00158975
23 0.811933 0.964734 0.0132589 0.0338993 0.00157698
6 0.950941 0.624333 0.00973767 0.0102512 0.00157642
1 0.418742 0.610814 0.0100888 0.0144718 0.00155801
4 0.805206 0.688344 0.0254929 0.019733 0.00155439
6 0.629767 0.602604 0.0148608 0.0120266 0.00155435
4 0.716997 0.668196 0.0160281 0.0130108 0.00154413
8 0.810852 0.956435 0.0141509 0.0309404 0.0015357
6 0.991194 0.645065 0.0125134 0.0144629 0.00153106
6 0.655556 0.611433 0.0139093 0.015763 0.00152723
0 0.743663 0.973064 0.0226376 0.0325819 0.00152655
6 0.640242 0.6287 0.0108868 0.0122242 0.00150916
