4 0.0971822 0.648085 0.194364 0.220563 0.920462
15 0.509405 0.515931 0.343958 0.271143 0.868879
15 0.178781 0.571974 0.103812 0.0759023 0.778301
4 0.93003 0.603841 0.138815 0.106043 0.695145
4 0.298652 0.586739 0.0894573 0.081389 0.503124
0 0.779655 0.598515 0.0105295 0.0557337 0.194155
4 0.186198 0.574774 0.0934228 0.0798236 0.168398
8 0.19615 0.595983 0.0230258 0.0371603 0.11834
8 0.202512 0.595882 0.0246564 0.0385787 0.113883
4 0.924743 0.579856 0.126524 0.058988 0.0815452
0 0.170506 0.597273 0.0153185 0.0471751 0.0789727
4 0.241053 0.58318 0.0478325 0.049837 0.0740527
8 0.231113 0.6082 0.0223726 0.052015 0.0704416
0 0.0154882 0.579868 0.029181 0.0558372 0.0625312
0 0.23006 0.599379 0.0217652 0.061263 0.0522463
8 0.223256 0.610492 0.0169392 0.0490793 0.0508982
8 0.217807 0.597448 0.016194 0.0385252 0.0502676
8 0.179233 0.597244 0.018074 0.0490997 0.0467205
8 0.191853 0.613248 0.0240519 0.0638946 0.0430108
4 0.200834 0.584787 0.032631 0.0554371 0.0395099
8 0.238733 0.608773 0.0153397 0.0477735 0.0365896
8 0.186287 0.6093 0.0279918 0.0688372 0.0352063
4 0.82127 0.596669 0.0891619 0.0781876 0.0344113
4 0.026931 0.533352 0.0512408 0.0193019 0.0304485
0 0.201959 0.588854 0.0261757 0.0444396 0.0283908
8 0.170506 0.597273 0.0153185 0.0471751 0.0283902
15 0.120731 0.535392 0.0729635 0.0340246 0.0277665
0 0.179233 0.597244 0.018074 0.0490997 0.0264075
0 0.239996 0.603259 0.0144267 0.0495894 0.0262707
3 0.231113 0.6082 0.0223726 0.052015 0.0241675
0 0.222281 0.583432 0.0239794 0.0470647 0.0222824
0 0.217807 0.597448 0.016194 0.0385252 0.0222563
3 0.330393 0.623818 0.0236162 0.050008 0.0208798
3 0.170506 0.597273 0.0153185 0.0471751 0.018443
3 0.202512 0.595882 0.0246564 0.0385787 0.0180973
4 0.940969 0.570495 0.116843 0.0411711 0.0172462
4 0.19615 0.595983 0.0230258 0.0371603 0.0171565
4 0.227843 0.571215 0.0175215 0.024736 0.0164344
4 0.667899 0.607614 0.0990783 0.0797298 0.015414
4 0.747629 0.591385 0.0796404 0.0470059 0.0153137
0 0.19615 0.595983 0.0230258 0.0371603 0.0153035
42 0.184279 0.569416 0.0997397 0.066525 0.0144935
3 0.238733 0.608773 0.0153397 0.0477735 0.0134097
4 0.590041 0.551507 0.0529974 0.0279472 0.013359
0 0.781848 0.584558 0.0142515 0.0439215 0.0132236
3 0.19615 0.595983 0.0230258 0.0371603 0.0131317
15 0.776845 0.508234 0.173515 0.30434 0.0124713
8 0.190755 0.636516 0.0271982 0.0891663 0.0121484
3 0.217807 0.597448 0.016194 0.0385252 0.0119305
3 0.325066 0.622127 0.0141856 0.0437147 0.0112939
8 0.173743 0.600601 0.0175246 0.0530487 0.0112891
8 0.240432 0.596854 0.0325109 0.0669259 0.0111488
42 0.227316 0.564389 0.0138461 0.0182326 0.0106197
4 0.263431 0.581688 0.0311445 0.0468836 0.0105259
4 0.202512 0.595882 0.0246564 0.0385787 0.0104433
8 0.779655 0.598515 0.0105295 0.0557337 0.0104389
0 0.00776416 0.565193 0.0147944 0.0384665 0.00997911
4 0.0716901 0.560183 0.14338 0.0692117 0.00986574
3 0.223256 0.610492 0.0169392 0.0490793 0.00975134
42 0.227843 0.571215 0.0175215 0.024736 0.00953102
4 0.827825 0.573437 0.0803267 0.0390604 0.0089392
4 0.899292 0.59539 0.200239 0.0851239 0.00846543
12 0.771488 0.507692 0.186092 0.298297 0.00829023
4 0.973205 0.57331 0.052948 0.0404519 0.00820118
4 0.222281 0.583432 0.0239794 0.0470647 0.00812901
0 0.227843 0.571215 0.0175215 0.024736 0.00791308
4 0.33793 0.559525 0.0163261 0.0283607 0.00783327
25 0.184279 0.569416 0.0997397 0.066525 0.00775471
6 0.5116 0.514308 0.349977 0.279956 0.00773166
4 0.26492 0.589259 0.0561642 0.0640128 0.00733063
4 0.659689 0.590358 0.0746937 0.0435138 0.00729343
0 0.328126 0.622355 0.016429 0.044133 0.00718052
3 0.179233 0.597244 0.018074 0.0490997 0.00714032
25 0.0297187 0.532923 0.0560713 0.0184138 0.0070811
0 0.779709 0.576785 0.0124161 0.0448887 0.00704111
0 0.159058 0.593411 0.0216759 0.0438418 0.00695681
4 0.533721 0.548784 0.0342749 0.0243687 0.00679252
3 0.173743 0.600601 0.0175246 0.0530487 0.00677853
8 0.24692 0.606988 0.0272927 0.0512067 0.00647183
0 0.173743 0.600601 0.0175246 0.0530487 0.00615134
4 0.985303 0.577371 0.0274918 0.0355779 0.00613876
4 0.601095 0.556178 0.0708025 0.0373535 0.00609974
15 0.606193 0.50666 0.51177 0.300113 0.0060736
2 0.84424 0.386625 0.0395805 0.0414303 0.00593588
3 0.159058 0.593411 0.0216759 0.0438418 0.00581876
8 0.325066 0.622127 0.0141856 0.0437147 0.00578243
4 0.147295 0.554001 0.0458631 0.0380941 0.00577635
4 0.227316 0.564389 0.0138461 0.0182326 0.00562855
3 0.333753 0.631379 0.0215069 0.0461966 0.00553626
8 0.783932 0.59936 0.016548 0.0508084 0.00543328
4 0.929703 0.561808 0.107728 0.0257672 0.00536047
4 0.217807 0.597448 0.016194 0.0385252 0.00530744
25 0.1207 0.539864 0.0776007 0.0409737 0.00528038
8 0.787789 0.594364 0.0184647 0.0345883 0.00519458
0 0.783932 0.59936 0.016548 0.0508084 0.00515002
0 0.631341 0.604184 0.0420986 0.0919859 0.00511054
4 0.789492 0.587916 0.0162371 0.0259556 0.00509984
4 0.0513371 0.529451 0.0743512 0.0151798 0.00504946
4 0.142355 0.556612 0.03643 0.0267996 0.00491789
6 0.179174 0.573142 0.103339 0.0773166 0.0048978
1 0.0747605 0.178847 0.147699 0.355853 0.00488221
0 0.33094 0.611112 0.0205328 0.0643354 0.0048075
4 0.781848 0.584558 0.0142515 0.0439215 0.00480176
4 0.532112 0.543234 0.0250403 0.0291534 0.00466162
3 0.240432 0.596854 0.0325109 0.0669259 0.00455685
42 0.213275 0.563752 0.0405286 0.0260556 0.00442034
42 0.0297187 0.532923 0.0560713 0.0184138 0.00432648
15 0.147295 0.554001 0.0458631 0.0380941 0.00430413
2 0.882259 0.375266 0.0120685 0.0219269 0.00420816
8 0.220325 0.62315 0.0262036 0.0626229 0.00418231
4 0.240432 0.596854 0.0325109 0.0669259 0.00415793
4 0.239839 0.568543 0.0420371 0.0295983 0.00405891
8 0.330393 0.623818 0.0236162 0.050008 0.00404737
4 0.525434 0.548931 0.0209085 0.0224897 0.00397471
7 0.797207 0.485572 0.0143631 0.0409397 0.0039167
4 0.737154 0.595065 0.084553 0.0653651 0.00387151
4 0.647316 0.585382 0.0511509 0.0328225 0.00387009
4 0.0185104 0.571542 0.0359599 0.0547706 0.00381526
4 0.743611 0.575624 0.090683 0.0711173 0.00377182
0 0.133761 0.568599 0.0203425 0.0293893 0.00374436
0 0.789492 0.587916 0.0162371 0.0259556 0.00373221
4 0.179233 0.597244 0.018074 0.0490997 0.00367948
42 0.142355 0.556612 0.03643 0.0267996 0.00367556
4 0.0506752 0.533835 0.0982145 0.0267112 0.00366158
4 0.547887 0.548979 0.0407327 0.0295358 0.00365856
4 0.61518 0.567333 0.111723 0.0671111 0.00361728
4 0.0648281 0.54478 0.129656 0.0362033 0.00360908
4 0.81162 0.592162 0.0627788 0.0626782 0.00360663
4 0.783932 0.59936 0.016548 0.0508084 0.00358685
1 0.84424 0.386625 0.0395805 0.0414303 0.00354697
4 0.095468 0.531512 0.0241541 0.0212127 0.00350454
1 0.153387 0.520064 0.009987 0.0198328 0.00347889
3 0.186287 0.6093 0.0279918 0.0688372 0.00345521
1 0.843845 0.399357 0.0397449 0.0468854 0.00343422
2 0.351444 0.281505 0.0212253 0.0201821 0.00342696
42 0.151919 0.540573 0.0140864 0.0158903 0.00340759
4 0.787789 0.594364 0.0184647 0.0345883 0.00340535
22 0.328126 0.622355 0.016429 0.044133 0.00337077
4 0.213275 0.563752 0.0405286 0.0260556 0.0033614
8 0.159058 0.593411 0.0216759 0.0438418 0.00333684
15 0.185626 0.554498 0.0924197 0.0431648 0.00331769
25 0.142355 0.556612 0.03643 0.0267996 0.00328584
0 0.240432 0.596854 0.0325109 0.0669259 0.0032841
4 0.775878 0.588378 0.0172989 0.0458145 0.0032018
4 0.109161 0.531782 0.0546661 0.0306197 0.00319362
4 0.612173 0.547616 0.0891252 0.0346996 0.00317795
4 0.00776416 0.565193 0.0147944 0.0384665 0.00308031
15 0.0340063 0.532108 0.0654716 0.0176919 0.00306092
2 0.791858 0.411755 0.0164493 0.0316465 0.00302505
4 0.617158 0.546391 0.113873 0.0517683 0.00300777
0 0.186287 0.6093 0.0279918 0.0688372 0.00299805
0 0.183367 0.575521 0.0807084 0.0814019 0.00298222
2 0.829609 0.418519 0.0127941 0.0341965 0.00293589
4 0.239996 0.603259 0.0144267 0.0495894 0.00293028
7 0.798361 0.476339 0.0144005 0.0392543 0.00291675
4 0.0901917 0.53352 0.110964 0.0324943 0.00288836
3 0.24692 0.606988 0.0272927 0.0512067 0.00286597
4 0.174776 0.561462 0.100795 0.0553107 0.0028495
4 0.779655 0.598515 0.0105295 0.0557337 0.00279042
15 0.0716901 0.560183 0.14338 0.0692117 0.00278569
2 0.208291 0.312462 0.0101701 0.0154954 0.00274346
4 0.712029 0.561313 0.0324824 0.0308113 0.00272347
13 0.227316 0.564389 0.0138461 0.0182326 0.00266237
4 0.523441 0.543401 0.019428 0.0271768 0.00264617
2 0.00373389 0.239868 0.00665764 0.0210705 0.00259617
25 0.147295 0.554001 0.0458631 0.0380941 0.00254116
4 0.144147 0.571902 0.0394377 0.0635212 0.00253675
15 0.109161 0.531782 0.0546661 0.0306197 0.00251047
4 0.574908 0.544427 0.08576 0.0391021 0.00246651
4 0.831038 0.564287 0.0656799 0.0313378 0.00246205
0 0.223256 0.610492 0.0169392 0.0490793 0.00243734
7 0.848039 0.401413 0.0281374 0.0661028 0.00242152
4 0.589324 0.474843 0.034866 0.0238916 0.00240007
0 0.705896 0.572671 0.0207756 0.0229567 0.00239631
0 0.0800152 0.517683 0.0105896 0.0154066 0.0023931
42 0.147295 0.554001 0.0458631 0.0380941 0.00236749
8 0.781848 0.584558 0.0142515 0.0439215 0.00236149
0 0.775878 0.588378 0.0172989 0.0458145 0.0023573
4 0.23006 0.599379 0.0217652 0.061263 0.00235616
4 0.877774 0.577137 0.0169632 0.034652 0.00235343
4 0.133761 0.568599 0.0203425 0.0293893 0.00233436
2 0.843845 0.399357 0.0397449 0.0468854 0.00232611
15 0.0506752 0.533835 0.0982145 0.0267112 0.00231924
0 0.716426 0.589246 0.0205973 0.0442182 0.00223556
3 0.191004 0.641323 0.0241556 0.0793709 0.00221138
8 0.789492 0.587916 0.0162371 0.0259556 0.00220311
15 0.0901917 0.53352 0.110964 0.0324943 0.00214259
4 0.7438 0.608411 0.0855724 0.0669724 0.00213914
2 0.0173531 0.26794 0.0165655 0.0189339 0.00212733
4 0.708452 0.563349 0.0238912 0.0250603 0.00211399
4 0.867502 0.582853 0.0129841 0.0269328 0.0021059
15 0.0513371 0.529451 0.0743512 0.0151798 0.00206488
0 0.787789 0.594364 0.0184647 0.0345883 0.00202034
0 0.189099 0.63289 0.0273026 0.0972204 0.00201732
3 0.369243 0.630904 0.0496561 0.0553443 0.0020157
3 0.191853 0.613248 0.0240519 0.0638946 0.00200799
0 0.191853 0.613248 0.0240519 0.0638946 0.00199917
3 0.186437 0.577143 0.0789369 0.0797995 0.00191073
4 0.0129069 0.581251 0.0245995 0.0555917 0.00190789
4 0.164921 0.573085 0.081158 0.0778219 0.00190525
4 0.804137 0.604174 0.0589478 0.0577147 0.00189071
0 0.867502 0.582853 0.0129841 0.0269328 0.00186643
4 0.0788003 0.531991 0.05321 0.0254262 0.00184072
0 0.422455 0.609448 0.0226398 0.0472783 0.00182491
0 0.428958 0.62543 0.0186681 0.0684613 0.00179381
4 0.303686 0.571534 0.0826436 0.0513054 0.00177346
4 0.572908 0.511864 0.0964053 0.102003 0.0017488
0 0.142355 0.556612 0.03643 0.0267996 0.00174588
3 0.742017 0.610726 0.082848 0.0683621 0.00174298
4 0.86565 0.58867 0.0128632 0.0292572 0.00174181
0 0.985303 0.577371 0.0274918 0.0355779 0.0017062
3 0.787789 0.594364 0.0184647 0.0345883 0.00166757
4 0.692845 0.557428 0.041972 0.0318998 0.00166707
15 0.576709 0.602274 0.444666 0.104162 0.00165587
8 0.228638 0.619752 0.0279455 0.0655594 0.00163252
12 0.18035 0.57188 0.100356 0.0761154 0.00162472
4 0.253215 0.57341 0.0667421 0.0447051 0.00160588
5 0.19615 0.595983 0.0230258 0.0371603 0.00158802
8 0.20363 0.634055 0.0339172 0.0688727 0.00155577
8 0.774153 0.603253 0.0199308 0.0537265 0.00155177
0 0.708452 0.563349 0.0238912 0.0250603 0.00154333
0 0.149917 0.586481 0.0259609 0.0508346 0.00150105
4 0.98539 0.601928 0.0277015 0.078112 0.00149127
25 0.144399 0.544495 0.0280205 0.0258878 0.00143501
4 0.328023 0.578003 0.0325506 0.0611195 0.00142506
4 0.582365 0.586966 0.112426 0.101752 0.001421
3 0.709382 0.62485 0.0310391 0.0393704 0.00139424
4 0.159058 0.593411 0.0216759 0.0438418 0.00138751
4 0.700986 0.604665 0.162522 0.0802613 0.00138587
0 0.144147 0.571902 0.0394377 0.0635212 0.00138328
13 0.779796 0.589805 0.0117813 0.0498378 0.00137533
4 0.170506 0.597273 0.0153185 0.0471751 0.00135572
2 0.883629 0.363627 0.0110798 0.0229023 0.00135471
7 0.836206 0.478265 0.035849 0.0414086 0.00134544
4 0.742498 0.639265 0.0849214 0.0468874 0.00134136
4 0.639967 0.556246 0.065429 0.0387118 0.00132821
0 0.636239 0.614901 0.0442833 0.0613652 0.00132748
7 0.795279 0.447786 0.0222446 0.123806 0.00131922
3 0.779361 0.602948 0.0108929 0.0530321 0.00131356
3 0.394125 0.630014 0.0154324 0.0347888 0.00130571
4 0.953384 0.602298 0.093108 0.0937522 0.00130448
4 0.700518 0.581647 0.0363079 0.0395179 0.00130277
8 0.182568 0.625606 0.0384102 0.106297 0.0013017
3 0.781848 0.584558 0.0142515 0.0439215 0.00129075
4 0.0953239 0.520302 0.0176062 0.0191395 0.00127214
1 0.822953 0.53028 0.0120941 0.0242234 0.0012448
4 0.930217 0.641999 0.137742 0.17765 0.00120988
13 0.19615 0.595983 0.0230258 0.0371603 0.00120701
15 0.299518 0.587103 0.0888838 0.0853659 0.00120476
4 0.603837 0.503141 0.0637266 0.0845078 0.00119075
4 0.12053 0.536082 0.0758459 0.037239 0.00118976
4 0.779709 0.576785 0.0124161 0.0448887 0.00118712
3 0.742498 0.639265 0.0849214 0.0468874 0.00118619
12 0.606193 0.50666 0.51177 0.300113 0.00118414
7 0.153387 0.520064 0.009987 0.0198328 0.00118018
4 0.642398 0.60351 0.0456947 0.0677957 0.00116188
42 0.144399 0.544495 0.0280205 0.0258878 0.00116178
0 0.182568 0.625606 0.0384102 0.106297 0.00115451
4 0.683853 0.558891 0.0349282 0.0228543 0.00115433
4 0.336347 0.565808 0.0197583 0.0361044 0.0011535
0 0.0260915 0.535865 0.0506187 0.0191766 0.0011383
4 0.886044 0.581079 0.0564888 0.0539859 0.00113638
7 0.831327 0.477477 0.036509 0.0849928 0.00113011
3 0.783932 0.59936 0.016548 0.0508084 0.00112408
3 0.358394 0.630911 0.0350016 0.0576769 0.00112222
0 0.774153 0.603253 0.0199308 0.0537265 0.00111965
13 0.0154882 0.579868 0.029181 0.0558372 0.0011173
2 0.872966 0.38031 0.0116547 0.0232215 0.00111283
8 0.333753 0.631379 0.0215069 0.0461966 0.00108156
6 0.109161 0.531782 0.0546661 0.0306197 0.00107887
15 0.576224 0.512176 0.0958503 0.10188 0.00107726
15 0.616933 0.511003 0.107808 0.103704 0.00107048
8 0.222281 0.583432 0.0239794 0.0470647 0.00106555
0 0.718462 0.600389 0.0167604 0.0588021 0.00105718
5 0.297803 0.588078 0.0940498 0.0848994 0.00105343
4 0.122712 0.546363 0.0389015 0.0422474 0.0010508
2 0.848039 0.401413 0.0281374 0.0661028 0.00104512
4 0.144399 0.544495 0.0280205 0.0258878 0.00103638
1 0.00436434 0.432058 0.00775812 0.0967652 0.00103528
4 0.718649 0.559194 0.0453474 0.0475946 0.00102031
15 0.117653 0.566558 0.211508 0.0723068 0.00100598
7 0.391947 0.369264 0.010845 0.0330581 0.00100575
4 0.149917 0.586481 0.0259609 0.0508346 0.00100571
14 0.19615 0.595983 0.0230258 0.0371603 0.00100101
