4 0.393171 0.688944 0.22602 0.369288 0.934317
7 0.102288 0.425731 0.0115947 0.0422681 0.816056
7 0.134149 0.427237 0.0186599 0.0203756 0.799694
7 0.28333 0.505513 0.00966812 0.0114504 0.620028
7 0.260582 0.505388 0.00921491 0.0267746 0.577186
7 0.242101 0.505335 0.0121372 0.0158118 0.557953
7 0.301608 0.5071 0.00865994 0.0268267 0.477574
7 0.263328 0.504867 0.0102971 0.0260757 0.390152
2 0.551568 0.543407 0.00926202 0.0101641 0.354299
2 0.396566 0.3551 0.00706232 0.0128862 0.321862
2 0.568017 0.37624 0.00808234 0.0160506 0.261733
2 0.217175 0.431966 0.00770766 0.0129053 0.239541
4 0.290992 0.68766 0.0352443 0.186108 0.239124
2 0.44014 0.364387 0.00708841 0.0127501 0.230961
14 0.584689 0.661382 0.0196819 0.0329118 0.221957
2 0.54606 0.542509 0.00611554 0.0117245 0.218326
2 0.489804 0.367859 0.00708023 0.0145099 0.218159
2 0.504493 0.372314 0.00750931 0.0146937 0.193587
4 0.287145 0.669726 0.0258766 0.0984094 0.189399
2 0.360344 0.354322 0.00900415 0.0137694 0.188895
8 0.586214 0.661445 0.0214858 0.0341686 0.179412
2 0.564544 0.52924 0.00763391 0.0123525 0.162585
7 0.298451 0.50693 0.0100831 0.0221052 0.158506
7 0.522229 0.49036 0.0110521 0.0272741 0.121544
2 0.609371 0.384855 0.00873291 0.0154892 0.117242
2 0.362998 0.354014 0.0108088 0.013997 0.115354
2 0.550137 0.536728 0.00681158 0.0147829 0.110694
2 0.489671 0.371491 0.00747595 0.015835 0.105758
2 0.730286 0.400094 0.0115704 0.0183171 0.0902125
2 0.563136 0.527826 0.00644568 0.0161793 0.0864663
5 0.58834 0.661677 0.026947 0.031599 0.0835291
8 0.592454 0.664072 0.0349647 0.0302749 0.072545
4 0.294263 0.618698 0.0274287 0.0477218 0.072523
1 0.28333 0.505513 0.00966812 0.0114504 0.068718
1 0.20691 0.58315 0.0105641 0.0178138 0.0648774
1 0.106437 0.54635 0.0218683 0.0283675 0.0631228
4 0.293137 0.657241 0.0280758 0.119601 0.0604502
0 0.584615 0.656652 0.0157106 0.0330511 0.0592452
7 0.283031 0.501239 0.0087038 0.0189086 0.0568153
2 0.546261 0.536588 0.0067099 0.0150624 0.0535785
6 0.295198 0.618981 0.0212597 0.0399313 0.0512135
7 0.107744 0.533839 0.00886984 0.0100078 0.0480085
1 0.522229 0.49036 0.0110521 0.0272741 0.0461034
2 0.561239 0.554601 0.00744257 0.0124384 0.0444659
1 0.242101 0.505335 0.0121372 0.0158118 0.0440214
2 0.39656 0.350441 0.00732575 0.0170798 0.0430367
1 0.0967746 0.546355 0.0344204 0.0272933 0.0401396
4 0.281485 0.637709 0.0137878 0.0208504 0.0376021
1 0.0916186 0.543446 0.0220638 0.023813 0.0373011
1 0.295198 0.618981 0.0212597 0.0399313 0.0364307
2 0.554853 0.534532 0.00455975 0.0111052 0.0350678
7 0.222995 0.486404 0.00981329 0.0162366 0.0336312
15 0.295198 0.618981 0.0212597 0.0399313 0.0303737
2 0.564142 0.54902 0.010589 0.0210356 0.0297207
2 0.719307 0.402435 0.00957129 0.0143363 0.0238176
0 0.586214 0.661445 0.0214858 0.0341686 0.0222392
1 0.109936 0.543453 0.0151168 0.0251923 0.0214935
2 0.36021 0.350435 0.00881793 0.0171313 0.0210531
14 0.592454 0.664072 0.0349647 0.0302749 0.0179443
7 0.562703 0.581626 0.0117332 0.0274001 0.0163732
2 0.128051 0.532031 0.00641242 0.00697261 0.0153234
1 0.652483 0.604178 0.0113408 0.0180548 0.0152432
2 0.554924 0.4123 0.00829382 0.0166484 0.0147934
2 0.602096 0.382622 0.0101046 0.0157417 0.0144258
7 0.219915 0.568351 0.0115959 0.0542824 0.014079
7 0.232596 0.504305 0.00744872 0.0147342 0.0131164
2 0.107744 0.533839 0.00886984 0.0100078 0.0131055
4 0.592454 0.664072 0.0349647 0.0302749 0.0128142
1 0.396813 0.499366 0.00987866 0.0155766 0.0127734
2 0.612554 0.385498 0.0112721 0.0152896 0.0123955
2 0.561072 0.582784 0.00905334 0.0267866 0.0111763
2 0.22245 0.480777 0.00905658 0.0161186 0.0110766
8 0.584615 0.656652 0.0157106 0.0330511 0.0108237
1 0.283031 0.501239 0.0087038 0.0189086 0.0105901
14 0.640709 0.663965 0.0127109 0.0277329 0.0104935
5 0.592643 0.665881 0.0352576 0.0281239 0.0102669
8 0.639972 0.66568 0.0134669 0.0313173 0.00975616
2 0.21642 0.427547 0.00822002 0.0219162 0.00957361
2 0.740036 0.415291 0.0105402 0.0136744 0.00938472
1 0.058995 0.548125 0.0123621 0.0170947 0.00932392
2 0.506981 0.370588 0.0104686 0.0114665 0.0087368
1 0.0706971 0.546344 0.00962466 0.0163676 0.00838658
7 0.0706971 0.546344 0.00962466 0.0163676 0.00826256
2 0.222995 0.486404 0.00981329 0.0162366 0.00770242
1 0.107744 0.533839 0.00886984 0.0100078 0.00751579
2 0.73469 0.403568 0.0138009 0.0157019 0.00725977
7 0.550137 0.536728 0.00681158 0.0147829 0.0071634
2 0.360729 0.359316 0.00647336 0.0217921 0.00708779
1 0.562703 0.581626 0.0117332 0.0274001 0.00707254
4 0.271485 0.657257 0.0119038 0.0162087 0.0070438
3 0.639972 0.66568 0.0134669 0.0313173 0.00676367
7 0.225378 0.497466 0.0118115 0.0225216 0.00648369
2 0.39963 0.356667 0.0125894 0.0104543 0.00635107
14 0.576165 0.660397 0.0207567 0.0300695 0.00625094
7 0.241179 0.509239 0.00977528 0.022209 0.00594819
7 0.128051 0.532031 0.00641242 0.00697261 0.00573134
2 0.0706971 0.546344 0.00962466 0.0163676 0.00566118
0 0.640709 0.663965 0.0127109 0.0277329 0.00564001
1 0.0963906 0.538299 0.011369 0.0182997 0.00556529
2 0.609356 0.380528 0.00746564 0.0214165 0.00545436
7 0.20691 0.58315 0.0105641 0.0178138 0.00540294
7 0.238674 0.573891 0.0101613 0.0277024 0.00538804
7 0.120293 0.534339 0.00718077 0.0109046 0.00522755
2 0.0800648 0.534926 0.00417755 0.0116644 0.00517696
2 0.522229 0.49036 0.0110521 0.0272741 0.00517542
7 0.225083 0.568734 0.0137804 0.0548307 0.00506034
2 0.155622 0.533669 0.00680278 0.00994539 0.00497384
2 0.583853 0.392141 0.0122794 0.0132705 0.00484908
2 0.439948 0.369577 0.00778464 0.0196755 0.00480947
2 0.485199 0.367936 0.00909189 0.0150189 0.00479373
2 0.581074 0.384864 0.0114096 0.0125615 0.00473208
1 0.238673 0.586672 0.0116259 0.0234815 0.00469854
2 0.564013 0.564718 0.0101498 0.0208818 0.00466575
22 0.28333 0.505513 0.00966812 0.0114504 0.00461023
7 0.564013 0.564718 0.0101498 0.0208818 0.00454069
7 0.396813 0.499366 0.00987866 0.0155766 0.00450406
22 0.550137 0.536728 0.00681158 0.0147829 0.00447484
1 0.222995 0.486404 0.00981329 0.0162366 0.00433343
7 0.222237 0.500088 0.0104071 0.0358658 0.00427459
1 0.406508 0.506775 0.00930246 0.00923261 0.00419547
2 0.384818 0.355308 0.0175239 0.0128563 0.00416288
7 0.109936 0.543453 0.0151168 0.0251923 0.00407124
0 0.550137 0.536728 0.00681158 0.0147829 0.00394014
3 0.58834 0.661677 0.026947 0.031599 0.00392233
2 0.560099 0.565393 0.0101012 0.0151706 0.00383639
2 0.148243 0.533415 0.0100772 0.00891667 0.00382317
1 0.416899 0.511311 0.0162897 0.00998618 0.00378836
7 0.301744 0.516442 0.00855139 0.0257864 0.00378212
2 0.535697 0.542423 0.0112637 0.0143374 0.00370497
7 0.0800648 0.534926 0.00417755 0.0116644 0.00354455
8 0.576165 0.660397 0.0207567 0.0300695 0.0035417
1 0.396956 0.503433 0.0112853 0.0146525 0.00342281
2 0.21114 0.431211 0.0108268 0.0107811 0.00334075
2 0.43656 0.364778 0.0119497 0.0115792 0.00334049
2 0.714934 0.402135 0.010838 0.0130423 0.00333813
14 0.587174 0.657715 0.0130385 0.0342955 0.00324713
7 0.652393 0.605625 0.0126674 0.02147 0.00323107
1 0.405596 0.49979 0.00528287 0.0166963 0.00318084
1 0.226544 0.587234 0.0102416 0.0218037 0.00309387
0 0.592669 0.66325 0.0351351 0.0341488 0.00307767
7 0.217175 0.431966 0.00770766 0.0129053 0.00305199
1 0.259496 0.641247 0.0100298 0.0159966 0.00302635
7 0.405596 0.49979 0.00528287 0.0166963 0.00302067
2 0.484687 0.372285 0.0085079 0.0145838 0.0029651
8 0.637083 0.663134 0.0149116 0.027716 0.00282746
7 0.0963906 0.538299 0.011369 0.0182997 0.00276658
2 0.216206 0.436385 0.00961484 0.0195864 0.00274875
7 0.22245 0.480777 0.00905658 0.0161186 0.00270263
22 0.102288 0.425731 0.0115947 0.0422681 0.00270019
1 0.297579 0.590912 0.0152828 0.0180695 0.00267036
7 0.518408 0.48979 0.0147856 0.0268206 0.00266157
22 0.260582 0.505388 0.00921491 0.0267746 0.0026572
7 0.122548 0.427049 0.0288187 0.0213424 0.0026408
1 0.119714 0.54487 0.00817081 0.0274727 0.00258737
6 0.291102 0.624378 0.0261284 0.0427418 0.00252811
1 0.273593 0.574212 0.018068 0.0245495 0.00241366
2 0.518408 0.48979 0.0147856 0.0268206 0.0023914
7 0.0592853 0.548528 0.0123995 0.020742 0.00238448
7 0.46444 0.437951 0.0102008 0.0261827 0.00236261
22 0.640413 0.663518 0.010876 0.0269752 0.00234721
1 0.759219 0.643565 0.00827667 0.0282034 0.00233115
7 0.0915269 0.426 0.023828 0.0374719 0.00231819
2 0.568245 0.370681 0.00856567 0.0202298 0.0023022
7 0.236183 0.564037 0.00764735 0.0427298 0.00229825
7 0.119714 0.54487 0.00817081 0.0274727 0.00228706
2 0.595175 0.385893 0.0100941 0.0141869 0.00211123
2 0.652483 0.604178 0.0113408 0.0180548 0.00209188
1 0.283571 0.577093 0.0360012 0.0328409 0.00200933
12 0.295198 0.618981 0.0212597 0.0399313 0.00200737
1 0.22895 0.597021 0.00959689 0.0152087 0.00195233
1 0.238674 0.573891 0.0101613 0.0277024 0.00189316
3 0.645755 0.664226 0.0214859 0.0286336 0.00189293
1 0.306592 0.572745 0.00923285 0.0260627 0.00189103
18 0.58834 0.661677 0.026947 0.031599 0.00180744
2 0.258031 0.382756 0.00851801 0.00953513 0.00179637
2 0.058995 0.548125 0.0123621 0.0170947 0.00178861
4 0.586214 0.661445 0.0214858 0.0341686 0.00178141
22 0.263328 0.504867 0.0102971 0.0260757 0.00176999
2 0.534621 0.536484 0.00937079 0.0187987 0.0017313
3 0.592643 0.665881 0.0352576 0.0281239 0.00166754
8 0.645755 0.664226 0.0214859 0.0286336 0.00165397
2 0.575869 0.546347 0.011157 0.0145217 0.00164302
22 0.652393 0.605625 0.0126674 0.02147 0.00164172
19 0.58834 0.661677 0.026947 0.031599 0.0016278
3 0.576165 0.660397 0.0207567 0.0300695 0.00157443
6 0.297093 0.650162 0.0276857 0.108816 0.00157221
3 0.637083 0.663134 0.0149116 0.027716 0.00156828
22 0.301608 0.5071 0.00865994 0.0268267 0.00154883
2 0.588056 0.392761 0.0116199 0.0127589 0.00152611
1 0.305992 0.583376 0.00772565 0.0237969 0.00144898
7 0.106437 0.54635 0.0218683 0.0283675 0.00143496
7 0.226544 0.587234 0.0102416 0.0218037 0.00143203
2 0.0712213 0.536974 0.0100052 0.0157642 0.00142793
7 0.148243 0.533415 0.0100772 0.00891667 0.00141604
2 0.569377 0.389606 0.0100686 0.0262778 0.0014152
2 0.588657 0.409896 0.0107 0.0172254 0.00139191
7 0.141514 0.430161 0.0332616 0.0183089 0.00137964
7 0.0985271 0.547116 0.0313874 0.0289119 0.00133526
9 0.98395 0.145719 0.0320991 0.230142 0.00133494
2 0.58022 0.530933 0.00942743 0.0172159 0.00132298
2 0.719494 0.40733 0.00922467 0.0203903 0.001302
5 0.584615 0.656652 0.0157106 0.0330511 0.00129275
2 0.571277 0.429705 0.0114732 0.0175504 0.00126623
4 0.378384 0.550604 0.133101 0.0888235 0.00123231
7 0.125139 0.542997 0.0129879 0.027783 0.00122102
1 0.292617 0.578296 0.0245798 0.0340871 0.00120695
22 0.134149 0.427237 0.0186599 0.0203756 0.00120108
2 0.570114 0.412258 0.0111597 0.0186433 0.00119699
2 0.58618 0.522233 0.00867462 0.016849 0.00119166
32 0.58834 0.661677 0.026947 0.031599 0.00118607
4 0.274644 0.644311 0.0182611 0.0174266 0.00118102
42 0.295198 0.618981 0.0212597 0.0399313 0.00118029
2 0.582939 0.410883 0.0107446 0.0186991 0.00117785
22 0.242101 0.505335 0.0121372 0.0158118 0.00116207
1 0.550137 0.536728 0.00681158 0.0147829 0.00115051
15 0.291102 0.624378 0.0261284 0.0427418 0.00114199
7 0.514021 0.489593 0.0187008 0.0250997 0.00112903
7 0.169335 0.434305 0.0234486 0.0202352 0.00112582
4 0.307928 0.604754 0.0125215 0.0268107 0.00110035
14 0.637083 0.663134 0.0149116 0.027716 0.00109957
1 0.2605 0.505313 0.0091377 0.0277747 0.00108843
1 0.263328 0.504867 0.0102971 0.0260757 0.00108469
6 0.281485 0.637709 0.0137878 0.0208504 0.00107403
7 0.14711 0.566715 0.00946793 0.0111148 0.00105942
23 0.586214 0.661445 0.0214858 0.0341686 0.00105786
2 0.207397 0.423616 0.00845494 0.0164522 0.00105667
7 0.312371 0.562078 0.00568268 0.0191151 0.00104915
4 0.259496 0.641247 0.0100298 0.0159966 0.0010415
7 0.317434 0.56248 0.00922635 0.0230014 0.00103338
22 0.20691 0.58315 0.0105641 0.0178138 0.00103194
0 0.637083 0.663134 0.0149116 0.027716 0.00103107
15 0.297093 0.650162 0.0276857 0.108816 0.00103043
22 0.298451 0.50693 0.0100831 0.0221052 0.00102549
7 0.317489 0.512516 0.012476 0.0126949 0.0010128
2 0.549406 0.560897 0.0139367 0.0232352 0.00100794
1 0.0800648 0.534926 0.00417755 0.0116644 0.00100125
