22 0.564272 0.682245 0.0190635 0.044198 0.775373
22 0.0738744 0.673412 0.0196774 0.0442157 0.651831
4 0.739679 0.621884 0.0255144 0.0335976 0.620955
4 0.251875 0.612231 0.0310946 0.0388572 0.502377
22 0.915778 0.698327 0.0254559 0.0704654 0.324929
4 0.807787 0.618595 0.0166492 0.0198097 0.284326
8 0.221591 0.667242 0.0406992 0.0606656 0.258287
4 0.0201923 0.622045 0.0276762 0.0375627 0.245172
4 0.825358 0.62297 0.0106919 0.0157582 0.199222
4 0.818992 0.619811 0.0122527 0.0170923 0.187599
6 0.735673 0.612279 0.0329423 0.0535123 0.182079
23 0.585762 0.646579 0.0263271 0.066669 0.175507
23 0.597969 0.645501 0.0500944 0.0667619 0.114583
4 0.802378 0.617316 0.0151897 0.0200583 0.112509
4 0.791301 0.618311 0.0105154 0.0224349 0.102288
22 0.0892926 0.672564 0.0158565 0.037465 0.102238
8 0.263612 0.649324 0.0547697 0.0504709 0.0943975
4 0.719644 0.61728 0.0253304 0.0465914 0.0917654
4 0.845243 0.629778 0.00913593 0.01733 0.090765
8 0.235662 0.66013 0.0687659 0.0710479 0.0881791
6 0.0174194 0.592332 0.0326267 0.0966833 0.086229
23 0.074022 0.673027 0.0204486 0.0436111 0.0784204
22 0.447194 0.678624 0.0211899 0.0457058 0.0734646
4 0.729322 0.612346 0.0463571 0.0529448 0.0672254
22 0.548326 0.671209 0.0138007 0.0238643 0.0642099
6 0.226717 0.607242 0.0798196 0.0739567 0.063845
4 0.810021 0.621353 0.0141633 0.0225659 0.0601696
6 0.483342 0.60607 0.119114 0.151254 0.0590571
4 0.320711 0.648967 0.051891 0.0683325 0.0537036
4 0.0456212 0.625894 0.0185746 0.0271959 0.0523328
4 0.282701 0.65121 0.0372222 0.0438867 0.0513953
6 0.0201923 0.622045 0.0276762 0.0375627 0.0495336
1 0.762176 0.478694 0.0148913 0.0220162 0.0490819
4 0.806243 0.614235 0.0168133 0.0202765 0.0484543
8 0.599498 0.645199 0.053337 0.0680047 0.0483106
4 0.844938 0.633968 0.00882098 0.017577 0.0454689
6 0.807787 0.618595 0.0166492 0.0198097 0.0446734
8 0.279977 0.650752 0.0368448 0.0454848 0.0442767
4 0.838748 0.630082 0.0111476 0.0149343 0.0405944
4 0.228403 0.604935 0.0766495 0.0579347 0.040145
23 0.447194 0.678624 0.0211899 0.0457058 0.0379726
22 0.585762 0.646579 0.0263271 0.066669 0.0314356
4 0.888528 0.624557 0.0112764 0.0083794 0.0313219
4 0.244148 0.607855 0.0447676 0.0493168 0.0308327
22 0.54828 0.661961 0.0142015 0.0335608 0.0289125
4 0.816863 0.613474 0.0102681 0.0186516 0.0287622
5 0.807787 0.618595 0.0166492 0.0198097 0.0277294
5 0.0201923 0.622045 0.0276762 0.0375627 0.0269659
4 0.886067 0.629294 0.0114083 0.0123671 0.0241606
4 0.896753 0.639963 0.0134665 0.0203001 0.0234837
22 0.0880349 0.670457 0.0315184 0.0382125 0.0224675
6 0.719644 0.61728 0.0253304 0.0465914 0.0224346
6 0.739886 0.620353 0.0249845 0.0380719 0.0223543
4 0.881993 0.62686 0.00921631 0.013103 0.0211575
8 0.585884 0.645776 0.026011 0.0664776 0.0207871
5 0.59918 0.642787 0.0548348 0.0655641 0.0193938
4 0.70468 0.624051 0.0181149 0.0307769 0.0193058
14 0.599493 0.643574 0.0546536 0.0656435 0.0185735
7 0.882182 0.530073 0.00740222 0.0287623 0.0180997
4 0.846254 0.618935 0.0109282 0.0170365 0.0176804
4 0.829731 0.61232 0.00580609 0.0165011 0.016985
6 0.727165 0.611317 0.0372986 0.0539983 0.0166624
4 0.78984 0.612396 0.00906433 0.0196433 0.0161039
6 0.244148 0.607855 0.0447676 0.0493168 0.0158127
22 0.160303 0.660089 0.0163907 0.0194621 0.0156455
6 0.226909 0.584997 0.0816799 0.0951514 0.0151932
6 0.791301 0.618311 0.0105154 0.0224349 0.0145148
8 0.747592 0.678952 0.0248904 0.0311517 0.014406
7 0.744851 0.513222 0.00718439 0.0251844 0.0141715
15 0.0170574 0.594932 0.0319113 0.0935633 0.0141537
1 0.0205023 0.553043 0.0148618 0.0217992 0.0131882
7 0.837167 0.563583 0.00758954 0.0195391 0.0130967
8 0.916254 0.698522 0.0250756 0.0682213 0.0130108
4 0.835477 0.631751 0.0163973 0.0200347 0.0120641
6 0.806243 0.614235 0.0168133 0.0202765 0.012021
4 0.0073196 0.62803 0.0128469 0.0323732 0.0118535
8 0.216628 0.658051 0.0463711 0.0503356 0.0117591
6 0.818992 0.619811 0.0122527 0.0170923 0.0117537
7 0.0205023 0.553043 0.0148618 0.0217992 0.0110101
4 0.270313 0.650197 0.0538855 0.0468767 0.0108416
22 0.599687 0.64367 0.0544513 0.0668069 0.0107675
6 0.251891 0.61248 0.0313417 0.0389883 0.01062
6 0.226869 0.576667 0.0741838 0.044661 0.010611
23 0.563841 0.680159 0.0192838 0.048135 0.0100736
4 0.738315 0.611837 0.0276303 0.053347 0.0100497
15 0.807787 0.618595 0.0166492 0.0198097 0.0100362
23 0.916254 0.698522 0.0250756 0.0682213 0.00977479
1 0.84455 0.609389 0.00855707 0.0123201 0.00972943
4 0.84455 0.609389 0.00855707 0.0123201 0.00961518
14 0.585884 0.645776 0.026011 0.0664776 0.00933586
8 0.318368 0.655181 0.0464127 0.0511229 0.0089673
1 0.925684 0.585079 0.0227598 0.0279141 0.00868845
22 0.747592 0.678952 0.0248904 0.0311517 0.00862573
6 0.825358 0.62297 0.0106919 0.0157582 0.00818327
8 0.563898 0.681701 0.0195219 0.0473667 0.00813025
6 0.802378 0.617316 0.0151897 0.0200583 0.00792809
24 0.0180114 0.593646 0.0346278 0.0949892 0.00748633
6 0.212715 0.614057 0.106828 0.0950882 0.00740497
5 0.791301 0.618311 0.0105154 0.0224349 0.00733938
4 0.787286 0.618558 0.014798 0.0237073 0.00717685
6 0.78984 0.612396 0.00906433 0.0196433 0.00712983
1 0.81561 0.563694 0.0134511 0.0159209 0.00708184
4 0.897756 0.62113 0.00989923 0.0180281 0.00706721
1 0.738315 0.611837 0.0276303 0.053347 0.0069801
5 0.818992 0.619811 0.0122527 0.0170923 0.00694561
8 0.0456212 0.625894 0.0185746 0.0271959 0.00690001
8 0.0741154 0.672937 0.0202413 0.0439736 0.00689194
4 0.884173 0.633395 0.0146069 0.0180589 0.00666059
5 0.222719 0.662904 0.0442989 0.0640063 0.0066508
4 0.344183 0.647081 0.0931478 0.0783297 0.00659
5 0.329902 0.646736 0.0669563 0.0755978 0.00642992
7 0.0263839 0.554677 0.0151912 0.0200031 0.0063897
4 0.255746 0.639679 0.0811768 0.0736451 0.00633652
7 0.0273189 0.561634 0.0125784 0.0269067 0.00623599
4 0.902304 0.621439 0.00720844 0.00760064 0.0061609
8 0.0990395 0.624146 0.0191697 0.0342848 0.00613418
4 0.59918 0.642787 0.0548348 0.0655641 0.00580108
4 0.225468 0.618373 0.0852869 0.0954149 0.00579543
8 0.844938 0.633968 0.00882098 0.017577 0.00577804
5 0.275369 0.650671 0.0500712 0.051312 0.00577319
8 0.307104 0.659829 0.0295244 0.0481206 0.00573131
6 0.599446 0.64316 0.0553187 0.066209 0.00560652
8 0.70468 0.624051 0.0181149 0.0307769 0.00554765
22 0.146234 0.656091 0.0190171 0.0243 0.00552827
5 0.251963 0.612153 0.0310788 0.0393789 0.00547925
4 0.0990395 0.624146 0.0191697 0.0342848 0.00532369
4 0.239562 0.630436 0.071449 0.0715606 0.00527755
7 0.0174689 0.592632 0.029616 0.0994965 0.00527291
5 0.237535 0.661887 0.072216 0.0678108 0.00519845
1 0.867288 0.562236 0.0345953 0.0324833 0.00517365
7 0.745249 0.502963 0.00781281 0.0284664 0.00515377
4 0.851246 0.624521 0.00950977 0.0125232 0.00506627
7 0.744901 0.526496 0.00828766 0.0226536 0.00502344
1 0.0174689 0.592632 0.029616 0.0994965 0.0050178
6 0.202337 0.596472 0.129683 0.122878 0.00494787
1 0.837167 0.563583 0.00758954 0.0195391 0.00491615
4 0.27308 0.63354 0.0568706 0.0759838 0.00470565
8 0.0073196 0.62803 0.0128469 0.0323732 0.00466439
5 0.228264 0.624149 0.0836701 0.09029 0.0046114
0 0.825358 0.62297 0.0106919 0.0157582 0.00453905
24 0.735673 0.612279 0.0329423 0.0535123 0.00449697
4 0.699897 0.624724 0.0151093 0.0271522 0.00448903
7 0.883573 0.539719 0.00989581 0.0388723 0.0043702
2 0.0310892 0.497958 0.014012 0.0240341 0.00436295
22 0.164182 0.659612 0.022986 0.0223872 0.00434016
4 0.219301 0.667717 0.0438119 0.0592704 0.00433948
4 0.899251 0.642863 0.0130679 0.0193972 0.00433081
22 0.221591 0.667242 0.0406992 0.0606656 0.00431015
5 0.239562 0.630436 0.071449 0.0715606 0.00429919
6 0.846254 0.618935 0.0109282 0.0170365 0.00414599
5 0.0174194 0.592332 0.0326267 0.0966833 0.00411962
5 0.735673 0.612279 0.0329423 0.0535123 0.00411909
5 0.354032 0.613153 0.111911 0.140822 0.0040118
1 0.729005 0.61182 0.04355 0.054129 0.00397155
15 0.735673 0.612279 0.0329423 0.0535123 0.00392488
5 0.719644 0.61728 0.0253304 0.0465914 0.00392378
6 0.239562 0.630436 0.071449 0.0715606 0.00389227
5 0.255746 0.639679 0.0811768 0.0736451 0.00386134
15 0.791301 0.618311 0.0105154 0.0224349 0.00385585
0 0.017625 0.622313 0.0317417 0.0382197 0.00378488
0 0.818992 0.619811 0.0122527 0.0170923 0.0037141
1 0.774305 0.479965 0.0133992 0.019733 0.00370636
4 0.2299 0.657164 0.0675318 0.0594488 0.00369124
15 0.806243 0.614235 0.0168133 0.0202765 0.00366867
23 0.0892926 0.672564 0.0158565 0.037465 0.00359415
4 0.714172 0.620977 0.042863 0.0385153 0.00356452
1 0.78984 0.612396 0.00906433 0.0196433 0.00352297
4 0.910112 0.627892 0.00706689 0.0115561 0.00350093
5 0.825358 0.62297 0.0106919 0.0157582 0.00344253
0 0.0456212 0.625894 0.0185746 0.0271959 0.00342652
2 0.058665 0.447909 0.0121815 0.0168863 0.00327485
6 0.350915 0.618579 0.109817 0.129604 0.00325961
8 0.0955358 0.632062 0.0177193 0.0252082 0.00321977
0 0.91671 0.701476 0.0263859 0.0652293 0.00318877
4 0.350915 0.618579 0.109817 0.129604 0.00314867
6 0.816863 0.613474 0.0102681 0.0186516 0.00305236
1 0.829731 0.61232 0.00580609 0.0165011 0.00300441
5 0.739886 0.620353 0.0249845 0.0380719 0.00299537
1 0.790343 0.594832 0.00798773 0.0211457 0.00298143
8 0.825358 0.62297 0.0106919 0.0157582 0.0029649
5 0.348087 0.643998 0.100453 0.0835664 0.0029549
8 0.294465 0.657822 0.0342878 0.050748 0.0029449
1 0.00884791 0.575214 0.0165505 0.0606176 0.0029398
8 0.818992 0.619811 0.0122527 0.0170923 0.00291721
15 0.78984 0.612396 0.00906433 0.0196433 0.00284641
15 0.818992 0.619811 0.0122527 0.0170923 0.00282577
14 0.563683 0.680808 0.0206435 0.0474539 0.00281685
8 0.899251 0.642863 0.0130679 0.0193972 0.00277455
8 0.722336 0.620574 0.0318687 0.0390374 0.00277012
3 0.0073196 0.62803 0.0128469 0.0323732 0.00275313
4 0.307104 0.659829 0.0295244 0.0481206 0.00268081
1 0.828265 0.586791 0.0168992 0.0272791 0.00263305
0 0.802378 0.617316 0.0151897 0.0200583 0.0026013
0 0.844938 0.633968 0.00882098 0.017577 0.00256004
5 0.802378 0.617316 0.0151897 0.0200583 0.0025588
6 0.224945 0.563758 0.0768328 0.0515874 0.00255434
0 0.251891 0.61248 0.0313417 0.0389883 0.00253426
23 0.0880349 0.670457 0.0315184 0.0382125 0.00252722
0 0.25979 0.647895 0.0495257 0.0582892 0.00251812
8 0.322705 0.647979 0.057864 0.071926 0.00249821
15 0.0171988 0.617806 0.0311994 0.0466323 0.0023914
1 0.837642 0.598917 0.00828693 0.0148733 0.00238065
2 0.0205023 0.553043 0.0148618 0.0217992 0.00234095
4 0.894064 0.612826 0.0075213 0.0183355 0.00232138
6 0.829731 0.61232 0.00580609 0.0165011 0.00231142
6 0.344183 0.647081 0.0931478 0.0783297 0.00231055
0 0.0073196 0.62803 0.0128469 0.0323732 0.00230344
8 0.810021 0.621353 0.0141633 0.0225659 0.00226865
5 0.228403 0.604935 0.0766495 0.0579347 0.00224478
1 0.734687 0.578035 0.0244758 0.0284435 0.00223031
24 0.727165 0.611317 0.0372986 0.0539983 0.00220935
0 0.78984 0.612396 0.00906433 0.0196433 0.0022049
15 0.227083 0.602659 0.0753468 0.0665165 0.00219024
0 0.807787 0.618595 0.0166492 0.0198097 0.00215525
6 0.27308 0.63354 0.0568706 0.0759838 0.00215525
5 0.806243 0.614235 0.0168133 0.0202765 0.00213695
4 0.808149 0.627672 0.0154725 0.0285906 0.00213681
4 0.25979 0.647895 0.0495257 0.0582892 0.0021318
8 0.447891 0.677824 0.0206003 0.0492581 0.00209176
0 0.845243 0.629778 0.00913593 0.01733 0.00208266
8 0.209971 0.6518 0.0359192 0.0434708 0.00207847
14 0.899251 0.642863 0.0130679 0.0193972 0.00207548
4 0.820267 0.629935 0.0104413 0.0238586 0.0020709
4 0.786593 0.612413 0.0139114 0.0217155 0.0020451
6 0.810021 0.621353 0.0141633 0.0225659 0.00201391
4 0.281126 0.611027 0.03608 0.0405286 0.00198462
1 0.944927 0.607815 0.00931427 0.0208797 0.00196487
8 0.807787 0.618595 0.0166492 0.0198097 0.00196185
0 0.791301 0.618311 0.0105154 0.0224349 0.00194702
3 0.0990395 0.624146 0.0191697 0.0342848 0.00193585
1 0.866406 0.554839 0.0308779 0.0309479 0.00192833
4 0.586108 0.645964 0.0264617 0.0662862 0.00191565
8 0.017625 0.622313 0.0317417 0.0382197 0.00191246
4 0.0180114 0.593646 0.0346278 0.0949892 0.00190158
6 0.84455 0.609389 0.00855707 0.0123201 0.00187107
7 0.740205 0.523245 0.0123343 0.018423 0.00186988
8 0.791301 0.618311 0.0105154 0.0224349 0.00186637
1 0.840339 0.559339 0.0104684 0.0242671 0.00185719
6 0.268355 0.603213 0.0588849 0.0591598 0.00185596
4 0.873572 0.626308 0.0126166 0.0137671 0.0018468
0 0.806243 0.614235 0.0168133 0.0202765 0.00182562
7 0.840339 0.559339 0.0104684 0.0242671 0.00181603
6 0.255746 0.639679 0.0811768 0.0736451 0.001815
10 0.160303 0.660089 0.0163907 0.0194621 0.00179329
0 0.70468 0.624051 0.0181149 0.0307769 0.00178098
22 0.556216 0.68312 0.0319715 0.0470473 0.00177574
8 0.886067 0.629294 0.0114083 0.0123671 0.00177282
1 0.564272 0.682245 0.0190635 0.044198 0.00177086
1 0.835818 0.566619 0.0114876 0.0162152 0.00176712
2 0.744901 0.526496 0.00828766 0.0226536 0.00169868
1 0.927903 0.576231 0.0184047 0.0369524 0.00163881
7 0.835818 0.566619 0.0114876 0.0162152 0.00163456
0 0.881993 0.62686 0.00921631 0.013103 0.00162884
4 0.763417 0.622714 0.0676914 0.0404932 0.00161769
1 0.810854 0.561838 0.0127502 0.0165169 0.0016169
0 0.722336 0.620574 0.0318687 0.0390374 0.00160244
4 0.0154909 0.611663 0.0309817 0.0572007 0.00159659
6 0.281126 0.611027 0.03608 0.0405286 0.00157757
22 0.899251 0.642863 0.0130679 0.0193972 0.00156414
14 0.91671 0.701476 0.0263859 0.0652293 0.00153244
2 0.0263839 0.554677 0.0151912 0.0200031 0.00152061
8 0.0880349 0.670457 0.0315184 0.0382125 0.00151772
1 0.121986 0.541801 0.0835696 0.0534049 0.00149417
8 0.54828 0.661961 0.0142015 0.0335608 0.00148419
4 0.761274 0.621243 0.0461657 0.0348078 0.001482
6 0.586108 0.645964 0.0264617 0.0662862 0.00144975
3 0.0955358 0.632062 0.0177193 0.0252082 0.00144639
4 0.858568 0.629902 0.013134 0.0162053 0.00144449
4 0.789332 0.602703 0.00991235 0.0203167 0.00143262
5 0.810021 0.621353 0.0141633 0.0225659 0.00143223
5 0.0456212 0.625894 0.0185746 0.0271959 0.00141254
2 0.0516609 0.468767 0.0125465 0.0101337 0.00139948
6 0.897756 0.62113 0.00989923 0.0180281 0.00139115
8 0.548326 0.671209 0.0138007 0.0238643 0.00139093
0 0.739633 0.618049 0.0246553 0.0427383 0.00138455
0 0.902304 0.621439 0.00720844 0.00760064 0.00137865
4 0.00937666 0.650443 0.0168525 0.043694 0.00136602
8 0.896753 0.639963 0.0134665 0.0203001 0.00134484
8 0.251891 0.61248 0.0313417 0.0389883 0.00134422
1 0.842782 0.583717 0.00710211 0.0192347 0.00132843
6 0.325297 0.649478 0.057331 0.0698814 0.00132604
2 0.734545 0.530807 0.0122468 0.0170703 0.00130517
25 0.0170574 0.594932 0.0319113 0.0935633 0.00129644
23 0.54828 0.661961 0.0142015 0.0335608 0.00129241
22 0.0963255 0.672846 0.0329524 0.042854 0.00128254
1 0.599493 0.643574 0.0546536 0.0656435 0.00128103
1 0.744851 0.513222 0.00718439 0.0251844 0.00127599
6 0.789332 0.602703 0.00991235 0.0203167 0.00127521
1 0.882182 0.530073 0.00740222 0.0287623 0.00126963
1 0.144929 0.539188 0.0371904 0.0452836 0.00125248
5 0.0990395 0.624146 0.0191697 0.0342848 0.00124528
4 0.79523 0.627356 0.013476 0.0309879 0.0012276
8 0.745518 0.661886 0.0216956 0.0474838 0.00121405
8 0.255746 0.639679 0.0811768 0.0736451 0.00121277
8 0.699897 0.624724 0.0151093 0.0271522 0.0011997
1 0.91637 0.69911 0.0246469 0.0679286 0.00119536
1 0.820091 0.587707 0.0103323 0.0289994 0.00118559
1 0.88343 0.561345 0.0128543 0.0295663 0.00115782
22 0.0138884 0.653807 0.0230683 0.0386315 0.00115743
4 0.106797 0.624577 0.0289228 0.0338975 0.0011568
