1 0.612571 0.689211 0.0559027 0.0706456 0.917376
4 0.426899 0.777594 0.0236904 0.0294067 0.869386
1 0.5602 0.718685 0.0163649 0.0464145 0.837971
4 0.466355 0.778264 0.020236 0.0238994 0.799424
1 0.504104 0.742723 0.0121453 0.0257731 0.40619
4 0.443127 0.764226 0.012365 0.0226067 0.360206
1 0.507371 0.720997 0.0183447 0.0148605 0.268802
1 0.443472 0.761316 0.0112979 0.0192899 0.147289
1 0.506007 0.737973 0.0159213 0.0398198 0.122526
6 0.443472 0.761316 0.0112979 0.0192899 0.066076
1 0.478473 0.748186 0.00618451 0.0174777 0.0520217
6 0.466355 0.778264 0.020236 0.0238994 0.0398805
15 0.443472 0.761316 0.0112979 0.0192899 0.0236718
1 0.379234 0.76322 0.00974423 0.0271096 0.0231591
1 0.479401 0.741652 0.00607016 0.0177265 0.0166707
4 0.408682 0.769745 0.0080733 0.00998147 0.0132618
4 0.443128 0.778246 0.0112054 0.029326 0.0129596
1 0.506685 0.714401 0.0159264 0.0184036 0.0122769
4 0.447797 0.77103 0.0100046 0.0177788 0.0115434
4 0.402523 0.757635 0.00774634 0.00904547 0.0102842
4 0.391515 0.769287 0.00806577 0.00900092 0.00961365
1 0.402523 0.757635 0.00774634 0.00904547 0.00922288
1 0.508231 0.770805 0.00882623 0.0127493 0.00814528
1 0.395392 0.760736 0.0110799 0.0154984 0.00805077
1 0.507558 0.704006 0.0163539 0.0263863 0.00659107
1 0.500097 0.745708 0.0151554 0.0210381 0.0065345
1 0.50048 0.739118 0.0162652 0.0358881 0.00635373
0 0.697025 0.787487 0.00926715 0.00933714 0.00518881
6 0.426262 0.7772 0.0247517 0.0306331 0.00514981
4 0.378115 0.765864 0.00943582 0.0232652 0.00503053
4 0.343582 0.790538 0.0136443 0.0159038 0.00492165
4 0.42361 0.768945 0.0159966 0.0301233 0.00475507
4 0.49875 0.772224 0.0185415 0.0100767 0.00464995
1 0.384264 0.739779 0.0105657 0.01142 0.00420322
1 0.384808 0.747989 0.00881241 0.0171123 0.00405933
15 0.466355 0.778264 0.020236 0.0238994 0.0039006
4 0.508231 0.770805 0.00882623 0.0127493 0.00356284
6 0.379234 0.76322 0.00974423 0.0271096 0.00354936
1 0.509668 0.741392 0.019132 0.0386194 0.00345594
4 0.430112 0.767299 0.0189349 0.0271039 0.00312082
1 0.388375 0.741274 0.0105061 0.0142326 0.00304939
1 0.502434 0.721191 0.0203873 0.0163749 0.00294362
0 0.700422 0.788542 0.0108106 0.00746772 0.00281939
4 0.475126 0.773139 0.011616 0.0132883 0.00272216
6 0.508231 0.770805 0.00882623 0.0127493 0.00261378
4 0.395392 0.760736 0.0110799 0.0154984 0.00248893
1 0.552615 0.775111 0.00947595 0.0092583 0.00246682
1 0.484373 0.746289 0.0112127 0.0225863 0.00228509
1 0.547631 0.718992 0.0117679 0.039608 0.00221253
5 0.443127 0.764226 0.012365 0.0226067 0.00217593
7 0.507558 0.704006 0.0163539 0.0263863 0.00216718
6 0.447797 0.77103 0.0100046 0.0177788 0.00206968
0 0.443127 0.764226 0.012365 0.0226067 0.00204053
5 0.466355 0.778264 0.020236 0.0238994 0.00196067
1 0.466355 0.778264 0.020236 0.0238994 0.00188429
1 0.551513 0.721847 0.0198483 0.0350173 0.00182522
4 0.467986 0.76665 0.0168512 0.0270447 0.00173508
1 0.552514 0.714525 0.0223366 0.0374007 0.0016285
4 0.754519 0.792513 0.00986115 0.0092974 0.00157783
4 0.516652 0.773101 0.00905457 0.00745517 0.00150112
1 0.447797 0.77103 0.0100046 0.0177788 0.00146368
6 0.395392 0.760736 0.0110799 0.0154984 0.00142691
1 0.552288 0.784456 0.00904895 0.0177137 0.00142591
1 0.511758 0.70275 0.0184164 0.0280124 0.00140694
4 0.341096 0.787568 0.01378 0.0151914 0.0014026
1 0.502306 0.764031 0.0132505 0.0143791 0.00134676
1 0.480599 0.726777 0.00761508 0.0236651 0.00131825
6 0.402523 0.757635 0.00774634 0.00904547 0.00129269
2 0.754519 0.792513 0.00986115 0.0092974 0.00127365
6 0.391515 0.769287 0.00806577 0.00900092 0.00123891
4 0.441842 0.751957 0.0113414 0.0158727 0.00115984
6 0.49875 0.772224 0.0185415 0.0100767 0.00113752
1 0.697025 0.787487 0.00926715 0.00933714 0.00113011
1 0.391515 0.769287 0.00806577 0.00900092 0.0010407
7 0.507371 0.720997 0.0183447 0.0148605 0.0010265
6 0.478473 0.748186 0.00618451 0.0174777 0.00100609
