4 0.895731 0.869303 0.205449 0.259333 0.957192
4 0.707987 0.87402 0.280559 0.196218 0.950356
4 0.0328829 0.83076 0.0652363 0.253825 0.937293
4 0.496858 0.827886 0.276854 0.170525 0.895098
4 0.57868 0.857471 0.236749 0.164801 0.86068
4 0.0629608 0.780505 0.0419876 0.0702663 0.80928
4 0.231178 0.793518 0.0572555 0.0637196 0.786419
4 0.275716 0.802057 0.038637 0.0580762 0.725595
4 0.0916276 0.770969 0.0158897 0.0229666 0.674227
4 0.339309 0.799169 0.0961344 0.0932194 0.638212
4 0.393205 0.816729 0.137027 0.127879 0.618184
6 0.345739 0.764785 0.110298 0.0711578 0.602547
4 0.201543 0.781689 0.021196 0.0314191 0.565402
4 0.10899 0.768403 0.0108995 0.0126356 0.480694
6 0.175821 0.768512 0.0370172 0.0415342 0.432725
4 0.259364 0.776541 0.0301836 0.0204521 0.358182
4 0.0877147 0.772309 0.0162574 0.0216722 0.33182
2 0.659281 0.541036 0.0227643 0.0183566 0.294666
4 0.613361 0.760283 0.0641061 0.0285537 0.285688
4 0.172086 0.778801 0.0241257 0.0229641 0.267415
6 0.172977 0.77906 0.0232324 0.0229341 0.26361
4 0.207814 0.781606 0.0169839 0.0346203 0.220719
4 0.267154 0.779096 0.0375426 0.0233609 0.2198
6 0.345161 0.750996 0.122366 0.0417183 0.210501
4 0.218026 0.776651 0.0313117 0.0332117 0.207532
4 0.121568 0.768792 0.00658074 0.0156539 0.1998
4 0.0578969 0.739618 0.0331174 0.0143068 0.196823
4 0.189199 0.780737 0.0125797 0.0272834 0.182921
4 0.270357 0.78536 0.0375224 0.0332246 0.179164
4 0.0976247 0.771121 0.0107847 0.0178273 0.157753
4 0.159583 0.778015 0.00871256 0.0135674 0.147501
4 0.127307 0.768877 0.00819553 0.0189104 0.144527
4 0.32106 0.816434 0.060573 0.0594639 0.14043
4 0.138768 0.771495 0.0124505 0.0151511 0.1352
4 0.0617762 0.745312 0.0368878 0.0142395 0.131028
4 0.619537 0.800922 0.137468 0.0523933 0.12826
4 0.428914 0.807614 0.20967 0.132106 0.0974447
4 0.39713 0.771645 0.105111 0.03813 0.0927501
2 0.543174 0.643503 0.0137189 0.0150724 0.0808908
4 0.252337 0.76973 0.0400385 0.0200559 0.0759683
4 0.0770783 0.782725 0.0178351 0.058835 0.0759118
4 0.363741 0.820559 0.0763112 0.0815024 0.0731403
4 0.612953 0.752576 0.0604045 0.0214886 0.0716231
6 0.127307 0.768877 0.00819553 0.0189104 0.0703947
4 0.266966 0.796853 0.0522306 0.0587158 0.0680674
4 0.38123 0.804031 0.106109 0.0903882 0.0649954
4 0.620621 0.83601 0.1496 0.124676 0.0636341
4 0.432135 0.769923 0.133918 0.0526641 0.0556873
15 0.059554 0.742787 0.0339893 0.0170015 0.0550158
2 0.468378 0.627965 0.0111442 0.0139603 0.0545602
4 0.232209 0.75746 0.0140694 0.00970459 0.0528124
4 0.348415 0.754801 0.115734 0.0477165 0.0522157
4 0.110579 0.773002 0.00915694 0.018741 0.0508186
4 0.10866 0.763641 0.00971513 0.019197 0.050013
2 0.654366 0.623602 0.00943054 0.00994933 0.0477962
4 0.385401 0.778569 0.128851 0.0497632 0.0458829
2 0.479408 0.592263 0.0138447 0.0208935 0.0442341
2 0.480465 0.605139 0.0104404 0.020017 0.0423463
0 0.127307 0.768877 0.00819553 0.0189104 0.0398644
5 0.127307 0.768877 0.00819553 0.0189104 0.0397497
4 0.249492 0.770672 0.0262443 0.0253208 0.0390101
2 0.469465 0.635611 0.0101974 0.0258712 0.0369279
4 0.209929 0.79533 0.0161147 0.0518733 0.036754
2 0.468734 0.605077 0.012007 0.0272172 0.0361895
2 0.681199 0.709777 0.00988568 0.0141959 0.0360163
4 0.238105 0.761513 0.025556 0.0155201 0.0352719
4 0.2573 0.763284 0.0303439 0.0188272 0.0352324
12 0.338431 0.760924 0.0938659 0.0648412 0.0348059
4 0.218716 0.760972 0.0183219 0.0140741 0.034088
2 0.658622 0.546191 0.0229252 0.0252056 0.0336065
4 0.136421 0.772566 0.00885916 0.0196007 0.032331
2 0.489581 0.600972 0.0102765 0.022277 0.0308733
0 0.121568 0.768792 0.00658074 0.0156539 0.029852
24 0.0156356 0.587034 0.0312712 0.132408 0.0274496
6 0.183191 0.769736 0.0254677 0.0351949 0.0273515
2 0.471911 0.594122 0.015199 0.0211656 0.0269169
6 0.158501 0.763456 0.0152904 0.0363784 0.0258837
4 0.203858 0.761708 0.0164241 0.0164828 0.0256927
4 0.149333 0.770365 0.0132177 0.0185195 0.0236922
6 0.340545 0.795432 0.0990747 0.0891848 0.0236169
6 0.059554 0.742787 0.0339893 0.0170015 0.0234042
6 0.121568 0.768792 0.00658074 0.0156539 0.022221
6 0.159583 0.778015 0.00871256 0.0135674 0.0206596
4 0.623461 0.763204 0.0475561 0.0269641 0.0194592
2 0.47963 0.615888 0.00903046 0.0148351 0.0193924
4 0.340102 0.779568 0.0940713 0.0477958 0.0193699
2 0.482376 0.597809 0.0147888 0.0248673 0.0187483
4 0.371318 0.771689 0.0335599 0.0282009 0.0185617
4 0.407928 0.766358 0.0577866 0.0299428 0.0178665
2 0.481229 0.552834 0.0132014 0.018949 0.0168032
4 0.59993 0.761819 0.0873079 0.038064 0.0163356
2 0.655698 0.612769 0.0103298 0.0247281 0.0155075
2 0.480083 0.562864 0.0155802 0.0336653 0.0145098
4 0.602493 0.797575 0.0900966 0.0465811 0.0141816
2 0.658331 0.520019 0.0203568 0.0286422 0.0137073
4 0.122043 0.763895 0.00853844 0.0196726 0.01306
6 0.249492 0.770672 0.0262443 0.0253208 0.0126433
2 0.689304 0.695688 0.00848944 0.0122745 0.0126185
12 0.345161 0.750996 0.122366 0.0417183 0.0125014
0 0.159583 0.778015 0.00871256 0.0135674 0.0123076
6 0.200113 0.781439 0.02186 0.0289916 0.0121357
4 0.357589 0.772915 0.059959 0.0297698 0.0121015
6 0.10899 0.768403 0.0108995 0.0126356 0.0119967
6 0.138768 0.771495 0.0124505 0.0151511 0.011694
2 0.683522 0.706029 0.0106309 0.0167096 0.0112012
5 0.121568 0.768792 0.00658074 0.0156539 0.0109252
2 0.920362 0.640983 0.0129795 0.0145603 0.0109118
4 0.503664 0.864821 0.107526 0.108476 0.0107817
0 0.0976247 0.771121 0.0107847 0.0178273 0.0106621
0 0.10899 0.768403 0.0108995 0.0126356 0.0105728
2 0.694737 0.711122 0.012051 0.0172654 0.0105625
4 0.422031 0.760426 0.055206 0.0205284 0.0104949
5 0.170689 0.777617 0.023694 0.0213504 0.0104817
6 0.189199 0.780737 0.0125797 0.0272834 0.0103732
4 0.437045 0.763305 0.0517016 0.0356388 0.00967639
4 0.390688 0.754731 0.0311382 0.024362 0.00947141
2 0.814043 0.63683 0.00893854 0.0173012 0.00928646
6 0.127082 0.764495 0.0092906 0.0209773 0.00909529
2 0.542601 0.650068 0.0124304 0.0236737 0.00883299
6 0.146342 0.76351 0.0270996 0.0296804 0.00868718
2 0.808824 0.638667 0.0117758 0.0190561 0.00867369
6 0.10866 0.763641 0.00971513 0.019197 0.0085283
4 0.439884 0.829006 0.152189 0.168476 0.00846693
1 0.222284 0.716465 0.0239671 0.0813782 0.00772662
8 0.159583 0.778015 0.00871256 0.0135674 0.00755462
4 0.645621 0.797975 0.11226 0.0458697 0.00731373
8 0.121568 0.768792 0.00658074 0.0156539 0.00710521
4 0.0748709 0.763691 0.0185117 0.03466 0.00702526
0 0.136421 0.772566 0.00885916 0.0196007 0.0069931
6 0.379321 0.75143 0.0526718 0.0321971 0.0068882
4 0.338972 0.768709 0.093718 0.0801828 0.00679698
6 0.0916276 0.770969 0.0158897 0.0229666 0.00651931
6 0.149333 0.770365 0.0132177 0.0185195 0.00651283
6 0.203858 0.761708 0.0164241 0.0164828 0.00621657
4 0.333763 0.821675 0.0206694 0.0669583 0.00557558
4 0.490232 0.788165 0.301916 0.0938835 0.00549742
2 0.48681 0.597009 0.0173129 0.0262833 0.00544557
4 0.127082 0.764495 0.0092906 0.0209773 0.00541126
4 0.637985 0.778088 0.0594449 0.0123971 0.00537677
0 0.138768 0.771495 0.0124505 0.0151511 0.00537159
2 0.92644 0.630209 0.0106473 0.0161018 0.00520364
5 0.339855 0.800785 0.0950922 0.0920748 0.00519386
2 0.778423 0.620243 0.00788068 0.0101453 0.00513558
2 0.656505 0.590493 0.0117965 0.017835 0.00494582
8 0.127307 0.768877 0.00819553 0.0189104 0.00487094
2 0.546777 0.64424 0.0196774 0.0174685 0.00479704
4 0.462337 0.763221 0.104432 0.0463813 0.0047582
2 0.691981 0.686763 0.00536975 0.0159695 0.00472921
2 0.700537 0.715815 0.0180067 0.0160041 0.00464462
8 0.0877147 0.772309 0.0162574 0.0216722 0.00458487
24 0.175821 0.768512 0.0370172 0.0415342 0.00437606
6 0.0976247 0.771121 0.0107847 0.0178273 0.00432528
5 0.189199 0.780737 0.0125797 0.0272834 0.00432252
15 0.176729 0.768427 0.0363072 0.0401473 0.00427212
8 0.110579 0.773002 0.00915694 0.018741 0.00422245
1 0.478203 0.722726 0.00722894 0.0369582 0.00421921
2 0.925641 0.635976 0.0154058 0.0177644 0.00417449
2 0.662173 0.509367 0.018084 0.0161388 0.00414924
1 0.158391 0.740269 0.0108743 0.0118981 0.00411146
8 0.136421 0.772566 0.00885916 0.0196007 0.0040818
4 0.183191 0.769736 0.0254677 0.0351949 0.00386043
0 0.189199 0.780737 0.0125797 0.0272834 0.00381898
2 0.490158 0.617236 0.0102901 0.0134235 0.00375406
2 0.713328 0.718513 0.010585 0.0109367 0.00374854
0 0.110579 0.773002 0.00915694 0.018741 0.00363417
6 0.347863 0.748289 0.114244 0.140583 0.00359937
2 0.66444 0.431561 0.0207192 0.0280411 0.0035969
14 0.127307 0.768877 0.00819553 0.0189104 0.00354324
6 0.122043 0.763895 0.00853844 0.0196726 0.00352045
8 0.138768 0.771495 0.0124505 0.0151511 0.00349158
4 0.47164 0.8675 0.0463301 0.0863935 0.0033934
4 0.54045 0.83992 0.184406 0.170838 0.00334706
2 0.654771 0.449212 0.0134812 0.015871 0.00325678
2 0.658674 0.437439 0.0195736 0.0212074 0.00320557
5 0.199969 0.781317 0.0206821 0.0288087 0.00319516
5 0.0976247 0.771121 0.0107847 0.0178273 0.00314145
4 0.0200136 0.731802 0.0387531 0.0546058 0.00312482
2 0.921282 0.632606 0.011418 0.0203063 0.00312373
2 0.682269 0.635771 0.00662878 0.0132109 0.00306458
6 0.077981 0.754313 0.0275773 0.0247135 0.00305052
5 0.10899 0.768403 0.0108995 0.0126356 0.00304883
1 0.0151313 0.589116 0.0291604 0.128684 0.00295158
0 0.199969 0.781317 0.0206821 0.0288087 0.00293214
8 0.10899 0.768403 0.0108995 0.0126356 0.00293162
15 0.127307 0.768877 0.00819553 0.0189104 0.00284334
5 0.0916276 0.770969 0.0158897 0.0229666 0.00277801
15 0.172086 0.778801 0.0241257 0.0229641 0.00276208
4 0.0327446 0.768942 0.0654892 0.126503 0.00269771
1 0.206702 0.744353 0.00969241 0.0212331 0.0026354
2 0.66258 0.627993 0.0137769 0.014621 0.0025679
6 0.214212 0.747576 0.0254777 0.0342157 0.00254882
0 0.0916276 0.770969 0.0158897 0.0229666 0.00246524
6 0.335506 0.780791 0.0870285 0.0558078 0.00242135
6 0.232209 0.75746 0.0140694 0.00970459 0.00241478
22 0.65802 0.541828 0.0229658 0.0246785 0.00237567
4 0.379321 0.75143 0.0526718 0.0321971 0.00236641
1 0.290029 0.705424 0.00727951 0.0214518 0.00234199
6 0.218716 0.760972 0.0183219 0.0140741 0.00231695
5 0.138768 0.771495 0.0124505 0.0151511 0.00231477
0 0.127082 0.764495 0.0092906 0.0209773 0.00230344
6 0.0160105 0.586793 0.0320209 0.132822 0.00228391
8 0.47164 0.8675 0.0463301 0.0863935 0.00225948
18 0.973464 0.955455 0.0507329 0.0862521 0.002209
14 0.617801 0.760804 0.0577666 0.0267842 0.00220327
5 0.338972 0.768709 0.093718 0.0801828 0.00216785
1 0.127082 0.764495 0.0092906 0.0209773 0.00216521
5 0.159583 0.778015 0.00871256 0.0135674 0.00215878
8 0.12191 0.777978 0.00789207 0.0275954 0.00209432
4 0.0554539 0.761133 0.0323004 0.0524896 0.00208493
4 0.460789 0.877683 0.0251253 0.0699717 0.00207447
4 0.0578071 0.72681 0.0227503 0.0216662 0.00206544
5 0.0877147 0.772309 0.0162574 0.0216722 0.0020276
4 0.651186 0.77923 0.0726713 0.0136516 0.00202109
0 0.170689 0.777617 0.023694 0.0213504 0.00200678
4 0.65802 0.541828 0.0229658 0.0246785 0.00193977
4 0.974046 0.961482 0.0494801 0.0753982 0.00193453
0 0.716294 0.772783 0.0118201 0.0128345 0.00193029
8 0.973484 0.957044 0.0506475 0.0855227 0.00192371
0 0.122043 0.763895 0.00853844 0.0196726 0.0019035
4 0.0521293 0.780676 0.0253605 0.0743362 0.00189023
6 0.491362 0.827695 0.292631 0.169688 0.0018835
46 0.973213 0.95659 0.0504142 0.0868191 0.00187588
2 0.476321 0.650425 0.0109875 0.0344013 0.00187484
2 0.952336 0.658969 0.00898596 0.0182145 0.00186153
6 0.222284 0.716465 0.0239671 0.0813782 0.00174223
42 0.0617762 0.745312 0.0368878 0.0142395 0.00173835
1 0.0157176 0.613656 0.0284046 0.0722173 0.00173455
6 0.390688 0.754731 0.0311382 0.024362 0.00166773
2 0.909716 0.637567 0.0103832 0.0127562 0.00166728
1 0.135653 0.706308 0.0191087 0.0268273 0.00165632
1 0.192666 0.745037 0.0129534 0.0223094 0.00165519
14 0.159583 0.778015 0.00871256 0.0135674 0.00164978
1 0.755782 0.728143 0.00950824 0.0242976 0.00164977
3 0.47164 0.8675 0.0463301 0.0863935 0.00163673
2 0.0406182 0.588952 0.00893834 0.0156796 0.00160848
2 0.461874 0.618195 0.0141938 0.0159252 0.00159058
0 0.232209 0.75746 0.0140694 0.00970459 0.0015723
1 0.232209 0.75746 0.0140694 0.00970459 0.00156283
8 0.0976247 0.771121 0.0107847 0.0178273 0.001537
4 0.339922 0.839268 0.0254553 0.0760301 0.00151141
15 0.077981 0.754313 0.0275773 0.0247135 0.00150147
4 0.484027 0.869061 0.0686513 0.106936 0.00149597
6 0.0748709 0.763691 0.0185117 0.03466 0.00148883
2 0.460057 0.635759 0.0117572 0.0181157 0.00147605
14 0.136421 0.772566 0.00885916 0.0196007 0.00147503
14 0.338431 0.760924 0.0938659 0.0648412 0.00146267
2 0.671318 0.704815 0.0169977 0.0169903 0.0014453
8 0.189199 0.780737 0.0125797 0.0272834 0.001445
5 0.613026 0.758244 0.0640347 0.0325622 0.00143727
1 0.131706 0.741695 0.0138657 0.0239575 0.00140536
15 0.10899 0.768403 0.0108995 0.0126356 0.00140113
6 0.230024 0.75186 0.0247515 0.0252111 0.00139335
0 0.278657 0.797954 0.0314031 0.0628832 0.00138165
7 0.290029 0.705424 0.00727951 0.0214518 0.00137434
2 0.482109 0.62837 0.0132047 0.0191916 0.00137047
2 0.0441401 0.604991 0.00880552 0.0112971 0.00136376
2 0.445336 0.625836 0.0107504 0.0142376 0.00136088
1 0.0328978 0.82922 0.0642098 0.257187 0.00130327
4 0.274464 0.762384 0.0300866 0.0218168 0.00129844
22 0.657698 0.761509 0.0119973 0.0248199 0.00126469
2 0.813697 0.632487 0.0103537 0.0213137 0.00126456
1 0.127307 0.768877 0.00819553 0.0189104 0.00125506
4 0.652852 0.824643 0.14185 0.101711 0.00123404
4 0.175821 0.768512 0.0370172 0.0415342 0.00123147
1 0.176729 0.768427 0.0363072 0.0401473 0.00122802
2 0.946895 0.655456 0.0144727 0.0226456 0.00121336
2 0.665868 0.420556 0.0127089 0.0154357 0.00120288
1 0.0261563 0.693555 0.0165939 0.0199659 0.00117663
8 0.126878 0.777404 0.00915022 0.0285448 0.00117578
0 0.0877147 0.772309 0.0162574 0.0216722 0.00117505
1 0.293108 0.709991 0.00815582 0.0176416 0.00117409
3 0.333763 0.821675 0.0206694 0.0669583 0.0011616
2 0.605106 0.459188 0.0243597 0.021394 0.00115417
12 0.176729 0.768427 0.0363072 0.0401473 0.00114899
15 0.183191 0.769736 0.0254677 0.0351949 0.00113665
2 0.810979 0.635879 0.0101111 0.0182459 0.00113592
14 0.138768 0.771495 0.0124505 0.0151511 0.00112805
5 0.149333 0.770365 0.0132177 0.0185195 0.00111018
6 0.258673 0.762424 0.0683597 0.0437509 0.00110802
6 0.062629 0.779546 0.0400912 0.0751376 0.00110388
4 0.608776 0.745421 0.0505176 0.0207512 0.00109578
5 0.136421 0.772566 0.00885916 0.0196007 0.00109443
2 0.728011 0.71814 0.0103569 0.0103746 0.00109303
1 0.293672 0.702729 0.00908334 0.0218081 0.0010771
1 0.0296053 0.680319 0.0125183 0.0399939 0.00107159
1 0.203858 0.761708 0.0164241 0.0164828 0.00106243
1 0.158501 0.763456 0.0152904 0.0363784 0.00105894
25 0.176729 0.768427 0.0363072 0.0401473 0.00105662
1 0.0148554 0.629009 0.0265805 0.0582358 0.00104555
8 0.173481 0.7806 0.0238573 0.0242467 0.00104234
8 0.107246 0.778334 0.00987746 0.0268235 0.00103732
2 0.551759 0.578162 0.0108232 0.0172166 0.00103718
2 0.689242 0.636904 0.0100148 0.0159409 0.00103548
6 0.134257 0.753798 0.0129975 0.0257045 0.00102741
4 0.598836 0.744281 0.0374448 0.0185007 0.00102217
8 0.458512 0.875007 0.0214106 0.0693154 0.00102026
6 0.0554539 0.761133 0.0323004 0.0524896 0.00101345
2 0.67219 0.70957 0.0123568 0.0149375 0.00101033
