18 0.323732 0.653167 0.0539654 0.104076 0.95658
0 0.0573447 0.542925 0.0885324 0.386964 0.937666
0 0.975532 0.464694 0.045974 0.0949434 0.86323
23 0.494528 0.661421 0.0374835 0.149395 0.856575
17 0.125423 0.371905 0.0272634 0.0166998 0.551199
17 0.135261 0.345181 0.0177848 0.0158603 0.204087
17 0.124855 0.389926 0.024084 0.0342992 0.114316
0 0.992635 0.393348 0.0115325 0.0409758 0.0743608
0 0.993246 0.381845 0.0105916 0.0593583 0.0691405
0 0.802664 0.418632 0.0279531 0.0566056 0.0633777
0 0.990505 0.455557 0.0161849 0.0781211 0.061141
18 0.100061 0.546371 0.0316705 0.0559814 0.0527198
0 0.15491 0.388547 0.0207215 0.032617 0.0491349
17 0.155003 0.369581 0.020293 0.0262856 0.0481757
0 0.802628 0.407895 0.02633 0.0370686 0.0400952
0 0.743004 0.414784 0.0162357 0.0404743 0.0395493
30 0.613498 0.248341 0.0117423 0.0294039 0.0386876
18 0.0192355 0.567516 0.0371175 0.11557 0.0368234
0 0.990182 0.425165 0.0165746 0.040326 0.035551
17 0.15074 0.392872 0.0215797 0.0253996 0.032278
0 0.989996 0.387536 0.0165168 0.0531956 0.0315422
2 0.00475597 0.232561 0.0093203 0.0218137 0.0302394
18 0.627709 0.479732 0.0088429 0.0199539 0.0301135
17 0.129141 0.370654 0.0289442 0.0237778 0.0300655
2 0.155036 0.372042 0.0181798 0.018464 0.0283583
17 0.985936 0.425043 0.021193 0.0256654 0.0281347
0 0.300845 0.36238 0.0334352 0.0421436 0.0257716
0 0.799442 0.402771 0.0207096 0.0253901 0.0228732
2 0.010248 0.228979 0.0159045 0.0224844 0.0217528
17 0.147582 0.436277 0.0173087 0.0348043 0.0214848
2 0.153006 0.393458 0.0185555 0.0232815 0.0186159
0 0.995244 0.385495 0.00945087 0.0562597 0.0174707
17 0.149477 0.347715 0.0279796 0.0178398 0.01732
30 0.618006 0.282556 0.0199461 0.0248165 0.014235
0 0.00475597 0.232561 0.0093203 0.0218137 0.0140636
30 0.644965 0.190554 0.0161735 0.0246433 0.0139605
17 0.151988 0.433348 0.0240134 0.0287466 0.0136397
17 0.143945 0.374405 0.0251769 0.0199545 0.0136223
0 0.756295 0.418726 0.0116852 0.0268029 0.0134909
17 0.148707 0.413714 0.0246394 0.0259015 0.012609
17 0.121654 0.345479 0.012583 0.0131414 0.012449
0 0.985936 0.425043 0.021193 0.0256654 0.0113026
30 0.618298 0.27281 0.0217545 0.0259135 0.011224
17 0.154063 0.37624 0.0201964 0.0257923 0.0107029
0 0.0928205 0.451687 0.0243711 0.0984149 0.0105927
30 0.125423 0.371905 0.0272634 0.0166998 0.0103489
23 0.494099 0.625984 0.0348384 0.0806434 0.0101797
30 0.612929 0.233649 0.0129979 0.0254841 0.0100977
0 0.147582 0.436277 0.0173087 0.0348043 0.00977376
26 0.493509 0.662131 0.0372087 0.147577 0.00929706
18 0.619023 0.482725 0.0221886 0.0237142 0.00909397
18 0.915139 0.469908 0.0147309 0.0389544 0.00873732
0 0.987223 0.401965 0.0166671 0.0270492 0.00811779
0 0.813427 0.403733 0.0128072 0.0311877 0.0080869
18 0.963228 0.51714 0.0251206 0.0350661 0.0079519
0 0.00353992 0.381493 0.00650274 0.019735 0.0078334
2 0.129175 0.37078 0.0276119 0.0187171 0.00775595
0 0.0304155 0.232816 0.0186764 0.0670569 0.00740676
0 0.68088 0.396594 0.00777844 0.0203694 0.00738358
2 0.409334 0.300012 0.048088 0.0840683 0.0069962
0 0.124855 0.389926 0.024084 0.0342992 0.00687319
14 0.494284 0.659325 0.0370169 0.1502 0.0067455
2 0.290786 0.0187691 0.0387341 0.0344408 0.00674049
46 0.125124 0.372689 0.0265948 0.0163816 0.00667345
0 0.125124 0.372689 0.0265948 0.0163816 0.00664041
17 0.151881 0.417942 0.0247245 0.0259686 0.00646767
0 0.755299 0.412051 0.0138986 0.0303035 0.00636843
17 0.146016 0.448513 0.0137933 0.0265113 0.00625858
0 0.744387 0.430688 0.0243574 0.0744553 0.00620081
30 0.602514 0.223622 0.0320692 0.0316288 0.00606139
18 0.904476 0.453216 0.0192318 0.063583 0.00599087
18 0.0191953 0.602608 0.0370534 0.035986 0.00598864
8 0.494848 0.661753 0.0389974 0.147303 0.00596815
18 0.616237 0.478592 0.016619 0.0187427 0.00591478
2 0.729354 0.190331 0.0165262 0.0163053 0.00588049
2 0.915659 0.248928 0.0106702 0.00903623 0.00580372
17 0.975532 0.464694 0.045974 0.0949434 0.00564453
18 0.830538 0.440848 0.0306218 0.046634 0.00560112
2 0.0156721 0.228844 0.0125584 0.0189288 0.00557037
0 0.0159618 0.43496 0.0106868 0.0261016 0.00547322
18 0.957259 0.500345 0.0141046 0.0277785 0.00546649
0 0.00681469 0.401545 0.0108169 0.0193323 0.0054481
30 0.806931 0.338035 0.0160723 0.0188506 0.00529523
18 0.840415 0.428483 0.0133281 0.0202035 0.00521061
0 0.146016 0.448513 0.0137933 0.0265113 0.00519161
22 0.494848 0.661753 0.0389974 0.147303 0.00514623
30 0.135261 0.345181 0.0177848 0.0158603 0.00501051
2 0.143945 0.374405 0.0251769 0.0199545 0.00496261
2 0.641307 0.189951 0.0189352 0.0248788 0.00483258
0 0.151988 0.433348 0.0240134 0.0287466 0.00481344
18 0.668588 0.450698 0.0228749 0.0420076 0.0047749
17 0.105541 0.344024 0.0120279 0.0126245 0.00466337
0 0.151165 0.445461 0.021742 0.0248242 0.00454508
0 0.309651 0.359544 0.0225434 0.0302303 0.00452635
0 0.754984 0.426984 0.0117541 0.0389687 0.00442305
10 0.0239273 0.476723 0.0205471 0.04482 0.00440741
18 0.838153 0.457779 0.0251744 0.0718591 0.00433078
0 0.795108 0.386472 0.0106595 0.0313322 0.00430801
2 0.649663 0.189377 0.0120308 0.0191494 0.00430554
0 0.0156721 0.228844 0.0125584 0.0189288 0.00425748
18 0.106677 0.549875 0.0444387 0.0662323 0.00424213
17 0.0719704 0.368584 0.0309651 0.0325027 0.00418566
18 0.0183951 0.551073 0.0353952 0.0724835 0.00411628
2 0.789072 0.105049 0.0111398 0.017972 0.00410421
11 0.963261 0.461542 0.0218109 0.0727105 0.00403013
9 0.0185962 0.565531 0.0354249 0.117448 0.0039748
2 0.205177 0.225584 0.00872861 0.0289249 0.00388243
18 0.650634 0.447615 0.0175497 0.0216356 0.00386977
10 0.0838846 0.563376 0.0106392 0.0214613 0.00384428
11 0.975105 0.467098 0.0450834 0.0924738 0.00383098
26 0.493766 0.628304 0.0331769 0.0819815 0.00377695
17 0.972424 0.431342 0.0236035 0.0345106 0.00376912
0 0.0249344 0.453677 0.0227723 0.0769519 0.00376648
2 0.194995 0.204996 0.0114625 0.0118926 0.00374362
0 0.735771 0.39455 0.0217599 0.0301638 0.00367518
17 0.137996 0.371097 0.0224428 0.0345595 0.00366898
18 0.640205 0.521124 0.0217086 0.0110481 0.00357584
0 0.135261 0.345181 0.0177848 0.0158603 0.00357009
2 0.310722 0.313783 0.0172697 0.0251348 0.00356912
30 0.643887 0.18512 0.0150297 0.0247713 0.00356292
2 0.932343 0.155015 0.0118833 0.0166549 0.00351688
18 0.903189 0.442705 0.0152025 0.0530724 0.00350544
0 0.154227 0.403257 0.0191822 0.0167524 0.00340787
0 0.00999342 0.407747 0.00988956 0.0105117 0.00337398
0 0.311347 0.313642 0.0169247 0.0256398 0.00334885
30 0.633452 0.195598 0.00951129 0.0139727 0.00330501
0 0.304312 0.349594 0.0175172 0.0176331 0.00326701
17 0.174284 0.432596 0.0147401 0.0231318 0.00323204
18 0.0705893 0.596132 0.0345843 0.0428247 0.00322477
30 0.808354 0.333693 0.0193434 0.0222353 0.00315707
18 0.923101 0.474853 0.0285334 0.0367213 0.00312256
0 0.175343 0.434028 0.0131712 0.0255662 0.003086
18 0.713577 0.442444 0.018587 0.051971 0.00291588
25 0.410414 0.301085 0.0504355 0.0843393 0.00291066
17 0.987223 0.401965 0.0166671 0.0270492 0.00284268
9 0.963261 0.461542 0.0218109 0.0727105 0.00280447
11 0.125124 0.372689 0.0265948 0.0163816 0.0027766
9 0.0240855 0.469037 0.0204152 0.0539561 0.00274515
10 0.0052705 0.450348 0.00889556 0.0277353 0.00273564
2 0.204077 0.221228 0.00877686 0.0276638 0.00273547
10 0.00612374 0.464629 0.011104 0.0351699 0.00271838
0 0.0052705 0.450348 0.00889556 0.0277353 0.00268183
0 0.151881 0.417942 0.0247245 0.0259686 0.002679
8 0.990505 0.455557 0.0161849 0.0781211 0.00263566
0 0.155003 0.369581 0.020293 0.0262856 0.00261728
0 0.15074 0.392872 0.0215797 0.0253996 0.00261028
0 0.883646 0.387973 0.0092948 0.0196304 0.00260434
9 0.975105 0.467098 0.0450834 0.0924738 0.00260395
18 0.858646 0.466237 0.0149921 0.0516413 0.0025489
18 0.641326 0.479547 0.0213835 0.0190542 0.00251822
20 0.0240855 0.469037 0.0204152 0.0539561 0.00251746
17 0.106852 0.397844 0.0140712 0.0153513 0.00243752
10 0.019202 0.484888 0.0206809 0.0274178 0.00243573
0 0.963261 0.461542 0.0218109 0.0727105 0.00242429
30 0.625086 0.265773 0.0119435 0.0165432 0.00237283
9 0.992205 0.499405 0.0122068 0.0266905 0.00236121
0 0.832089 0.398512 0.0128221 0.0437465 0.00231528
18 0.633601 0.480382 0.0146283 0.0190973 0.0022829
32 0.494091 0.662644 0.0376771 0.146384 0.00228154
2 0.898207 0.268528 0.0183896 0.0221316 0.00224888
17 0.142417 0.404732 0.0220705 0.0137637 0.00224251
17 0.990182 0.425165 0.0165746 0.040326 0.0022318
14 0.0185585 0.563915 0.0348842 0.114156 0.00222042
0 0.760922 0.416797 0.0153358 0.0255982 0.00221691
0 0.81497 0.40671 0.0185935 0.0335912 0.00220588
18 0.0564182 0.653015 0.0656156 0.154542 0.00219442
17 0.151165 0.445461 0.021742 0.0248242 0.00218312
2 0.734132 0.194076 0.0192725 0.0131465 0.00217913
2 0.154227 0.403257 0.0191822 0.0167524 0.00217077
20 0.0845226 0.397312 0.0104673 0.0127066 0.00216584
0 0.0845226 0.397312 0.0104673 0.0127066 0.00212018
18 0.612642 0.478983 0.0109623 0.0224398 0.00203955
10 0.0159618 0.43496 0.0106868 0.0261016 0.00202789
0 0.022915 0.39806 0.0143677 0.0177292 0.00196761
18 0.494848 0.661753 0.0389974 0.147303 0.00195341
17 0.992635 0.393348 0.0115325 0.0409758 0.00193571
30 0.817204 0.338842 0.0337455 0.0176069 0.0019144
18 0.916571 0.484288 0.0179465 0.0219153 0.00188557
2 0.812938 0.337095 0.0275221 0.0174767 0.00187559
26 0.904476 0.453216 0.0192318 0.063583 0.00186469
18 0.872474 0.456198 0.0173445 0.0717858 0.00185395
3 0.990505 0.455557 0.0161849 0.0781211 0.00184571
10 0.0875748 0.547182 0.0223722 0.0551909 0.00183659
18 0.834224 0.410204 0.0148742 0.0255303 0.00182028
30 0.988623 0.307182 0.0193406 0.0282851 0.00179849
17 0.310722 0.313783 0.0172697 0.0251348 0.00175783
0 0.114045 0.444611 0.0312457 0.066789 0.00175363
0 0.142417 0.404732 0.0220705 0.0137637 0.00175053
0 0.0162868 0.450587 0.00995967 0.0288219 0.00174267
0 0.754515 0.438683 0.0119475 0.0493436 0.00173653
17 0.0409076 0.394009 0.0132831 0.0150648 0.00172526
19 0.0181051 0.556997 0.0349785 0.0950143 0.00170291
2 0.0311427 0.231549 0.0178313 0.0687306 0.00170078
10 0.841822 0.493284 0.015185 0.0107766 0.00168946
10 0.0223914 0.464335 0.020182 0.0565358 0.00168522
3 0.989996 0.387536 0.0165168 0.0531956 0.00166969
9 0.0244841 0.453712 0.0233028 0.0859053 0.0016401
0 0.154794 0.440587 0.0210418 0.0254414 0.00163752
0 0.29893 0.351266 0.0225721 0.0229334 0.00163522
17 0.17059 0.344517 0.0110122 0.0179218 0.00163293
2 0.00510784 0.223778 0.0102157 0.0300705 0.00162401
0 0.757132 0.433985 0.0196441 0.0561736 0.00161674
19 0.990505 0.455557 0.0161849 0.0781211 0.00159761
2 0.136366 0.341726 0.0188221 0.0188916 0.00159559
18 0.123907 0.585822 0.0803767 0.0499559 0.00158703
0 0.148707 0.413714 0.0246394 0.0259015 0.00158416
0 0.149477 0.347715 0.0279796 0.0178398 0.00156245
24 0.993246 0.381845 0.0105916 0.0593583 0.00154781
22 0.402321 0.636774 0.0132504 0.0272503 0.00153814
18 0.916013 0.475285 0.0202695 0.0310528 0.00153783
8 0.978142 0.463115 0.041382 0.0930266 0.00153586
0 0.803539 0.385928 0.0199128 0.0302543 0.00152515
46 0.812938 0.337095 0.0275221 0.0174767 0.00151247
0 0.0184961 0.237743 0.020854 0.0264487 0.00149821
17 0.022915 0.39806 0.0143677 0.0177292 0.00149784
10 0.0845226 0.397312 0.0104673 0.0127066 0.00147062
11 0.992205 0.499405 0.0122068 0.0266905 0.00145905
18 0.0976471 0.584554 0.0316716 0.0454762 0.00145085
18 0.666507 0.472985 0.024337 0.0281677 0.00144939
0 0.0287657 0.412999 0.0153653 0.0149735 0.00144851
9 0.0336026 0.452463 0.0407549 0.0941602 0.00143574
0 0.023268 0.387394 0.0125037 0.0173316 0.00143163
20 0.0896582 0.398534 0.0156537 0.0129254 0.00143021
2 0.148707 0.413714 0.0246394 0.0259015 0.00142662
2 0.00999342 0.407747 0.00988956 0.0105117 0.00142416
0 0.00524091 0.43759 0.00943984 0.0283498 0.00141784
10 0.0162868 0.450587 0.00995967 0.0288219 0.00140344
4 0.15491 0.388547 0.0207215 0.032617 0.00138603
17 0.0949407 0.382573 0.00993643 0.0139256 0.00137597
43 0.826225 0.449048 0.0746436 0.0895431 0.00136401
20 0.019202 0.484888 0.0206809 0.0274178 0.00135289
0 0.681776 0.404126 0.00896234 0.0371423 0.00135191
17 0.0287657 0.412999 0.0153653 0.0149735 0.00133045
0 0.125898 0.401922 0.0307386 0.0175064 0.00131733
17 0.993246 0.381845 0.0105916 0.0593583 0.00129174
0 0.00612374 0.464629 0.011104 0.0351699 0.00128703
2 0.0184961 0.237743 0.020854 0.0264487 0.00127224
2 0.15491 0.388547 0.0207215 0.032617 0.00126186
18 0.992205 0.499405 0.0122068 0.0266905 0.00126111
17 0.138638 0.40752 0.0218667 0.0222677 0.00125737
18 0.94971 0.501999 0.0208057 0.0244021 0.00125049
10 0.68088 0.396594 0.00777844 0.0203694 0.00124884
30 0.105541 0.344024 0.0120279 0.0126245 0.00124754
0 0.329036 0.354041 0.0161112 0.020169 0.00123498
0 0.326498 0.350844 0.0140765 0.0208672 0.0012332
18 0.872195 0.471579 0.0162358 0.0416803 0.00122348
9 0.990505 0.455557 0.0161849 0.0781211 0.00121863
9 0.0162868 0.450587 0.00995967 0.0288219 0.00121129
0 0.0223914 0.464335 0.020182 0.0565358 0.00121066
30 0.125961 0.390592 0.0259245 0.0330949 0.00120616
2 0.00389695 0.231524 0.00779389 0.0207974 0.00120496
25 0.993035 0.380576 0.0110135 0.0589782 0.00119394
18 0.925918 0.485106 0.026457 0.0227075 0.00118844
30 0.633805 0.17998 0.00994171 0.0149031 0.001187
17 0.990505 0.455557 0.0161849 0.0781211 0.00117664
17 0.154227 0.403257 0.0191822 0.0167524 0.00117595
0 0.00634266 0.417747 0.0116161 0.0200388 0.00117573
10 0.494284 0.659325 0.0370169 0.1502 0.00117562
0 0.78061 0.419981 0.0142485 0.0208576 0.00117483
18 0.839725 0.416933 0.0130002 0.0188529 0.00116662
2 0.722538 0.188049 0.00984497 0.0143747 0.00116642
30 0.649663 0.189377 0.0120308 0.0191494 0.00116212
18 0.947371 0.492423 0.0157541 0.0273168 0.00116099
2 0.426666 0.320631 0.0178045 0.034312 0.00115319
0 0.834224 0.410204 0.0148742 0.0255303 0.00114535
0 0.019292 0.419856 0.0126638 0.0152223 0.00114091
30 0.121654 0.345479 0.012583 0.0131414 0.00113288
0 0.100378 0.450305 0.0172596 0.0754151 0.00112737
0 0.762305 0.425827 0.0139161 0.0250083 0.00112594
18 0.803302 0.432287 0.0273495 0.0841517 0.0011101
2 0.156817 0.338817 0.0155815 0.0162411 0.00110081
2 0.142417 0.404732 0.0220705 0.0137637 0.00108698
0 0.309509 0.366341 0.024999 0.0279322 0.00106665
11 0.155036 0.372042 0.0181798 0.018464 0.00106649
10 0.839725 0.416933 0.0130002 0.0188529 0.00106576
30 0.0424351 0.357002 0.00483034 0.00861138 0.00106337
18 0.657498 0.461243 0.0282486 0.0499381 0.00106258
17 0.00353992 0.381493 0.00650274 0.019735 0.0010499
30 0.129141 0.370654 0.0289442 0.0237778 0.00104439
17 0.302829 0.361726 0.0335406 0.0382583 0.00104325
17 0.0209783 0.358879 0.00581927 0.0088821 0.00104288
0 0.321519 0.353069 0.0113772 0.0254448 0.00103266
18 0.975105 0.467098 0.0450834 0.0924738 0.00102205
17 0.0654741 0.346627 0.0163605 0.0139358 0.00101977
0 0.977878 0.506561 0.0411748 0.056767 0.00101165
0 0.154063 0.37624 0.0201964 0.0257923 0.00101163
0 0.0273088 0.413702 0.0318579 0.100643 0.00101143
18 0.0628056 0.607088 0.0499047 0.0666173 0.00100365
