6 0.678358 0.767681 0.108485 0.144872 0.939641
4 0.226899 0.800015 0.104253 0.117546 0.934994
4 0.429103 0.782964 0.0592084 0.0681358 0.919299
4 0.501414 0.791202 0.0780297 0.106356 0.91225
4 0.357044 0.779728 0.0531973 0.0556609 0.899797
6 0.55198 0.752377 0.0357229 0.0733714 0.888802
6 0.26176 0.726578 0.0254928 0.0444519 0.805118
6 0.406017 0.730432 0.049458 0.108725 0.803871
1 0.738119 0.695197 0.0249725 0.0338116 0.664126
6 0.222235 0.719927 0.0254395 0.0331614 0.634085
4 0.457663 0.771325 0.0275488 0.0506306 0.619767
1 0.131144 0.66485 0.0279059 0.027514 0.496561
4 0.0505821 0.745605 0.0294834 0.0250444 0.422471
6 0.0501009 0.744686 0.0307975 0.0247618 0.323518
6 0.445496 0.723859 0.0240006 0.0457661 0.276801
4 0.498676 0.732335 0.025623 0.0150491 0.233908
4 0.377615 0.732326 0.0138588 0.0177076 0.205462
6 0.139817 0.735901 0.0203867 0.0227391 0.19698
4 0.155931 0.74152 0.0111321 0.0152739 0.193713
4 0.135486 0.756857 0.0150598 0.0147777 0.191026
1 0.741719 0.665811 0.016238 0.0221491 0.173597
4 0.37787 0.768345 0.0155841 0.0337884 0.171785
1 0.739236 0.678199 0.024562 0.0349403 0.1587
4 0.100912 0.769633 0.0221305 0.0185952 0.158601
6 0.377615 0.732326 0.0138588 0.0177076 0.152874
1 0.222113 0.719232 0.0250016 0.0323699 0.149885
6 0.155931 0.74152 0.0111321 0.0152739 0.118144
4 0.138632 0.747206 0.019288 0.0189621 0.0889541
6 0.142454 0.740799 0.0255181 0.0202905 0.0873762
4 0.155079 0.745357 0.0128481 0.0175494 0.0841198
6 0.498655 0.732155 0.0243641 0.0134818 0.0834315
4 0.139817 0.735901 0.0203867 0.0227391 0.0745897
6 0.529228 0.758779 0.0152811 0.0485088 0.0726733
6 0.0922765 0.747437 0.0832418 0.0391255 0.068833
4 0.459749 0.752749 0.0266504 0.0178713 0.0637183
6 0.112183 0.76546 0.0457598 0.0229287 0.0601359
1 0.446356 0.720847 0.0232868 0.0417187 0.0458763
4 0.124878 0.762233 0.0199155 0.0207297 0.0379575
6 0.443739 0.722917 0.0284516 0.066617 0.0374838
4 0.401232 0.760736 0.0354637 0.0507714 0.0367187
4 0.112183 0.76546 0.0457598 0.0229287 0.0356744
4 0.414348 0.764159 0.0278845 0.0263674 0.0305951
6 0.088062 0.742988 0.0925621 0.0609571 0.0298403
6 0.376679 0.725362 0.0114326 0.0184129 0.0291515
6 0.468177 0.738296 0.0354496 0.0221889 0.0290101
6 0.630484 0.733833 0.0115621 0.0389336 0.0285601
4 0.468177 0.738296 0.0354496 0.0221889 0.0282872
4 0.461656 0.738938 0.0246142 0.0177356 0.0256998
15 0.498655 0.732155 0.0243641 0.0134818 0.024055
6 0.443263 0.702868 0.0250058 0.0220627 0.0234247
6 0.09737 0.756717 0.0716569 0.0359104 0.0232941
1 0.205073 0.70188 0.00896759 0.0253557 0.0228779
6 0.140628 0.725305 0.0184768 0.0177963 0.0219017
6 0.437021 0.698856 0.0150588 0.017086 0.0215406
4 0.129412 0.763371 0.0146333 0.0199873 0.0214734
15 0.139817 0.735901 0.0203867 0.0227391 0.0214613
4 0.393838 0.768847 0.023485 0.0347451 0.0214483
4 0.507215 0.737775 0.0413965 0.0131096 0.0210355
6 0.135486 0.756857 0.0150598 0.0147777 0.0204284
6 0.254096 0.724997 0.0387604 0.0417925 0.0193443
6 0.507215 0.737775 0.0413965 0.0131096 0.019048
6 0.260194 0.738956 0.0316431 0.0660952 0.0184876
6 0.102747 0.768492 0.0256532 0.0200636 0.0176248
1 0.155931 0.74152 0.0111321 0.0152739 0.0165864
6 0.437238 0.749851 0.0170406 0.0156992 0.0165046
6 0.124878 0.762233 0.0199155 0.0207297 0.016475
1 0.448234 0.705107 0.0183574 0.0170463 0.0155847
6 0.528193 0.743282 0.0155721 0.0180398 0.0151825
6 0.448234 0.705107 0.0183574 0.0170463 0.0149749
6 0.138632 0.747206 0.019288 0.0189621 0.0148875
15 0.155931 0.74152 0.0111321 0.0152739 0.0136522
4 0.437238 0.749851 0.0170406 0.0156992 0.0134099
4 0.376679 0.725362 0.0114326 0.0184129 0.0133659
6 0.226567 0.799966 0.10415 0.118502 0.0130468
15 0.140628 0.725305 0.0184768 0.0177963 0.0127547
4 0.371279 0.774851 0.026454 0.0459533 0.0124777
1 0.377615 0.732326 0.0138588 0.0177076 0.0122157
6 0.242748 0.731007 0.013365 0.0359787 0.0121623
6 0.378035 0.765316 0.0152018 0.0294873 0.0115782
6 0.133804 0.722055 0.0149787 0.0126262 0.0115088
1 0.133804 0.722055 0.0149787 0.0126262 0.0113794
1 0.117786 0.664221 0.0158477 0.0267106 0.0113491
15 0.050529 0.745421 0.0296004 0.024804 0.0112455
1 0.217541 0.679382 0.0107885 0.0227869 0.0108108
6 0.461656 0.738938 0.0246142 0.0177356 0.0106178
6 0.52431 0.761015 0.0267341 0.0570786 0.0105797
6 0.155079 0.745357 0.0128481 0.0175494 0.0101891
7 0.131114 0.664222 0.0275795 0.0280573 0.00939827
6 0.401232 0.760736 0.0354637 0.0507714 0.00925999
4 0.499328 0.726701 0.0242637 0.0204849 0.00887653
4 0.52431 0.761015 0.0267341 0.0570786 0.00878634
15 0.469603 0.735536 0.0384507 0.0227846 0.00876236
4 0.500432 0.769504 0.0820047 0.0653039 0.00867041
6 0.465066 0.720245 0.0167019 0.01831 0.00839136
4 0.528193 0.743282 0.0155721 0.0180398 0.00839038
4 0.46599 0.74744 0.036873 0.031172 0.00820926
1 0.140628 0.725305 0.0184768 0.0177963 0.00811272
1 0.630484 0.733833 0.0115621 0.0389336 0.0080941
6 0.219348 0.714181 0.0303273 0.0233131 0.0079738
4 0.429929 0.764955 0.0549211 0.0330249 0.00771776
6 0.154408 0.72545 0.0137525 0.0183797 0.00759749
1 0.498676 0.732335 0.025623 0.0150491 0.00729229
4 0.204143 0.747664 0.0178717 0.0132761 0.00724689
4 0.196696 0.7474 0.0103967 0.0136596 0.0071721
1 0.376679 0.725362 0.0114326 0.0184129 0.00714874
6 0.458074 0.772817 0.0275646 0.052576 0.00705585
4 0.630484 0.733833 0.0115621 0.0389336 0.00700883
5 0.0503169 0.745274 0.0299621 0.0245299 0.00651777
1 0.465066 0.720245 0.0167019 0.01831 0.00613986
1 0.552548 0.705508 0.0126948 0.0192957 0.00571742
6 0.205073 0.70188 0.00896759 0.0253557 0.00566494
6 0.215978 0.739846 0.0292444 0.0206809 0.00557505
4 0.316824 0.720172 0.0120027 0.00927423 0.00557191
4 0.140628 0.725305 0.0184768 0.0177963 0.00552809
6 0.0884605 0.762341 0.0880697 0.0651104 0.00541692
6 0.193623 0.745002 0.0208662 0.0139453 0.00532392
1 0.316824 0.720172 0.0120027 0.00927423 0.00523483
6 0.113001 0.774544 0.0489796 0.0431008 0.00520724
1 0.261537 0.726349 0.0254709 0.0442189 0.00509558
0 0.37787 0.768345 0.0155841 0.0337884 0.00486387
6 0.197178 0.74356 0.010538 0.0168417 0.00481001
15 0.377615 0.732326 0.0138588 0.0177076 0.00479027
15 0.133804 0.722055 0.0149787 0.0126262 0.00478749
6 0.459265 0.710554 0.0187856 0.0161352 0.00475864
1 0.443263 0.702868 0.0250058 0.0220627 0.00472327
15 0.223097 0.721278 0.0265022 0.0363555 0.00470067
1 0.196625 0.706149 0.014247 0.0198497 0.00467017
6 0.129412 0.763371 0.0146333 0.0199873 0.00464327
6 0.0643571 0.76488 0.0622335 0.0643556 0.00455803
1 0.358262 0.718854 0.0105287 0.010831 0.00445931
1 0.37056 0.721444 0.0161432 0.0142262 0.00441959
4 0.142454 0.740799 0.0255181 0.0202905 0.00439263
6 0.532786 0.761415 0.0117247 0.0501795 0.00434051
6 0.37056 0.721444 0.0161432 0.0142262 0.00427115
4 0.400102 0.765646 0.0263589 0.03644 0.00419892
4 0.221164 0.746871 0.033835 0.0154673 0.00414626
1 0.449756 0.690319 0.0141313 0.0235282 0.00408576
4 0.193623 0.745002 0.0208662 0.0139453 0.00406638
1 0.252487 0.685366 0.00857747 0.012972 0.00403759
1 0.551877 0.751846 0.0360908 0.0744066 0.00401749
7 0.110896 0.666209 0.00995103 0.0209964 0.0039365
4 0.197178 0.74356 0.010538 0.0168417 0.00389208
4 0.502193 0.754303 0.0756984 0.0605287 0.00380674
6 0.51813 0.725387 0.0254761 0.0212059 0.00377889
1 0.46394 0.705586 0.0163008 0.0166114 0.00374224
6 0.43986 0.733386 0.0217063 0.0338761 0.00371816
6 0.475706 0.723171 0.0220631 0.016623 0.00363172
6 0.499328 0.726701 0.0242637 0.0204849 0.0035495
6 0.393838 0.768847 0.023485 0.0347451 0.00334922
4 0.411436 0.767903 0.0502821 0.0518718 0.00331829
1 0.154408 0.72545 0.0137525 0.0183797 0.00330668
6 0.193542 0.713432 0.018082 0.00962753 0.00320276
1 0.437021 0.698856 0.0150588 0.017086 0.00311754
15 0.142454 0.740799 0.0255181 0.0202905 0.00306009
6 0.370065 0.713124 0.0256132 0.0304126 0.00299669
6 0.316824 0.720172 0.0120027 0.00927423 0.00298057
22 0.131414 0.664952 0.0280354 0.0278715 0.00297339
7 0.741719 0.665811 0.016238 0.0221491 0.00295583
1 0.443469 0.687613 0.0136538 0.01786 0.0029016
1 0.197178 0.74356 0.010538 0.0168417 0.00283934
1 0.36923 0.704235 0.018275 0.0137502 0.00282726
4 0.483012 0.74614 0.0591452 0.0368868 0.00278042
4 0.529228 0.758779 0.0152811 0.0485088 0.00270049
6 0.500432 0.769504 0.0820047 0.0653039 0.00266287
6 0.0497624 0.768086 0.0328695 0.0714653 0.00262178
1 0.468177 0.738296 0.0354496 0.0221889 0.00259498
6 0.147272 0.75546 0.0210426 0.0245839 0.00259382
12 0.0502221 0.745656 0.0290897 0.0247966 0.00258755
4 0.154408 0.72545 0.0137525 0.0183797 0.00255495
4 0.347454 0.739825 0.0378173 0.0307282 0.0025389
4 0.115186 0.774643 0.0534839 0.0449999 0.00252524
6 0.176647 0.720509 0.0492114 0.0134003 0.002518
4 0.532786 0.761415 0.0117247 0.0501795 0.00245506
6 0.266074 0.775508 0.022628 0.0479635 0.00244285
1 0.139817 0.735901 0.0203867 0.0227391 0.00237967
6 0.122538 0.74263 0.0256063 0.0229595 0.00229898
1 0.483352 0.702362 0.00991379 0.023035 0.00221536
1 0.193542 0.713432 0.018082 0.00962753 0.00209834
6 0.443469 0.687613 0.0136538 0.01786 0.00208084
6 0.347454 0.739825 0.0378173 0.0307282 0.0020707
1 0.196696 0.7474 0.0103967 0.0136596 0.00206035
1 0.545941 0.705414 0.0165341 0.0209798 0.00204641
6 0.221164 0.746871 0.033835 0.0154673 0.00203723
4 0.222179 0.744597 0.0656375 0.0122367 0.00202407
6 0.269968 0.727873 0.0285609 0.0432396 0.00201767
1 0.209408 0.686601 0.0118896 0.0194927 0.00194497
1 0.132188 0.6954 0.0244739 0.0449036 0.00193356
1 0.229361 0.682582 0.0113882 0.0182174 0.00192857
1 0.355638 0.704214 0.00936865 0.0135093 0.00192441
6 0.246925 0.713831 0.0283998 0.0415438 0.00183704
6 0.185344 0.715382 0.0414842 0.0222684 0.00182871
1 0.405458 0.723186 0.0473816 0.0943612 0.00182648
0 0.401232 0.760736 0.0354637 0.0507714 0.00181735
6 0.196696 0.7474 0.0103967 0.0136596 0.00176675
6 0.312758 0.721251 0.0168199 0.0123065 0.00175634
6 0.637192 0.729597 0.0254285 0.05136 0.00174672
15 0.507215 0.737775 0.0413965 0.0131096 0.00173489
6 0.234408 0.75053 0.0836028 0.0238576 0.00172073
4 0.258055 0.764637 0.0374643 0.0463513 0.00170742
6 0.289692 0.734164 0.0349012 0.0281559 0.00168385
6 0.404271 0.709598 0.0450882 0.0689939 0.00168209
4 0.37056 0.721444 0.0161432 0.0142262 0.00167329
1 0.744954 0.676671 0.0227453 0.022346 0.00166552
4 0.262887 0.773064 0.0362299 0.0638836 0.00165653
15 0.0974809 0.744163 0.0752515 0.0470733 0.00160724
6 0.301232 0.733627 0.044189 0.0251761 0.00158595
4 0.470507 0.769327 0.0253635 0.0538997 0.00156201
6 0.46599 0.74744 0.036873 0.031172 0.00156149
4 0.728175 0.769995 0.00871051 0.0240199 0.00155962
1 0.750789 0.667799 0.010713 0.0235293 0.00155801
6 0.172091 0.737834 0.0393875 0.0221945 0.0015545
4 0.122538 0.74263 0.0256063 0.0229595 0.00155256
1 0.530862 0.67823 0.013328 0.0124558 0.00155177
1 0.312758 0.721251 0.0168199 0.0123065 0.00155032
15 0.154408 0.72545 0.0137525 0.0183797 0.00154363
6 0.0499433 0.755365 0.0314771 0.0436406 0.00152248
6 0.097828 0.726258 0.0692082 0.0471886 0.00150782
6 0.232317 0.746249 0.0568038 0.0179891 0.00150066
1 0.123957 0.650198 0.0135629 0.0171453 0.00149108
4 0.133804 0.722055 0.0149787 0.0126262 0.00144728
1 0.127202 0.687302 0.0310603 0.0472548 0.00143218
6 0.326907 0.723344 0.0176333 0.0145638 0.00141792
4 0.223097 0.721278 0.0265022 0.0363555 0.00141556
15 0.135486 0.756857 0.0150598 0.0147777 0.00138385
6 0.217541 0.679382 0.0107885 0.0227869 0.00137147
1 0.289692 0.734164 0.0349012 0.0281559 0.00136715
1 0.155079 0.745357 0.0128481 0.0175494 0.00136541
7 0.217541 0.679382 0.0107885 0.0227869 0.00132627
5 0.552045 0.752402 0.0361197 0.0724457 0.00131716
6 0.33316 0.732661 0.0267184 0.0204049 0.00126203
6 0.430077 0.687416 0.0114773 0.0187032 0.00125595
6 0.31999 0.730089 0.0247068 0.0208567 0.00125467
6 0.644316 0.731383 0.0394136 0.0664075 0.00125303
1 0.246202 0.685384 0.0106185 0.013348 0.00123032
0 0.375089 0.732412 0.015389 0.0187187 0.00122629
4 0.326907 0.723344 0.0176333 0.0145638 0.00121937
7 0.738982 0.67725 0.0218132 0.0392962 0.00117462
6 0.262887 0.773064 0.0362299 0.0638836 0.00116682
1 0.105541 0.699049 0.00811813 0.0188785 0.00114649
6 0.252487 0.685366 0.00857747 0.012972 0.00112943
4 0.138 0.762967 0.0179779 0.0237922 0.00112663
4 0.33316 0.732661 0.0267184 0.0204049 0.00111317
6 0.131144 0.66485 0.0279059 0.027514 0.00110907
6 0.46394 0.705586 0.0163008 0.0166114 0.00109323
6 0.127226 0.722008 0.0219185 0.0230381 0.00109289
1 0.050529 0.745421 0.0296004 0.024804 0.00109176
4 0.445502 0.726977 0.0232588 0.0437952 0.00107965
6 0.196625 0.706149 0.014247 0.0198497 0.00107718
4 0.09737 0.756717 0.0716569 0.0359104 0.00107308
15 0.461656 0.738938 0.0246142 0.0177356 0.00106503
1 0.142454 0.740799 0.0255181 0.0202905 0.0010578
5 0.458074 0.772817 0.0275646 0.052576 0.00105732
4 0.215978 0.739846 0.0292444 0.0206809 0.0010504
15 0.138632 0.747206 0.019288 0.0189621 0.00103344
6 0.343526 0.749692 0.0363932 0.027993 0.00102694
1 0.730729 0.695591 0.0282798 0.0250869 0.00102535
1 0.732682 0.684092 0.0329589 0.0400082 0.00101586
4 0.0246297 0.844692 0.0455292 0.0404838 0.00100732
1 0.719838 0.665472 0.00919702 0.0159192 0.00100176
