58 0.581753 0.627695 0.177739 0.548578 0.946488
58 0.0359957 0.854503 0.0719913 0.282329 0.908436
29 0.0366942 0.853962 0.0724826 0.286904 0.797869
10 0.57501 0.07726 0.0294714 0.109496 0.773439
10 0.609411 0.0749288 0.0268484 0.10859 0.65415
10 0.657577 0.067432 0.0336805 0.131555 0.392582
10 0.538263 0.0998416 0.0278975 0.0650456 0.348856
10 0.64638 0.0664748 0.0508221 0.12868 0.294902
10 0.511552 0.101392 0.0297946 0.0658501 0.220365
10 0.634178 0.0662378 0.0270631 0.125196 0.134758
10 0.554324 0.0984152 0.0148462 0.064207 0.0850739
10 0.681616 0.064467 0.0263482 0.126646 0.0670944
10 0.616883 0.0739403 0.0198124 0.110955 0.0581632
58 0.0350647 0.674392 0.0688867 0.498226 0.0528049
10 0.52263 0.0410772 0.0385749 0.0797621 0.0355429
51 0.538165 0.100358 0.0280414 0.0652972 0.0199655
10 0.489874 0.0661892 0.0325746 0.13032 0.0188098
29 0.0210757 0.852924 0.0411136 0.250718 0.0174687
10 0.596095 0.0750934 0.0173712 0.110213 0.0170227
56 0.538165 0.100358 0.0280414 0.0652972 0.0166185
10 0.67919 0.0804962 0.0200887 0.0923706 0.016536
10 0.520463 0.0675673 0.0425838 0.135135 0.011368
10 0.593903 0.0866707 0.0140248 0.086398 0.0106876
10 0.0176682 0.620303 0.0330668 0.114548 0.0100316
14 0.0367472 0.855046 0.0731244 0.287448 0.00769831
10 0.541249 0.0691557 0.0261459 0.126537 0.00764916
10 0.487893 0.106308 0.0227226 0.0465584 0.00601002
56 0.657752 0.0651828 0.031832 0.126916 0.00574805
10 0.672008 0.0659956 0.0246885 0.124338 0.00544448
44 0.0359957 0.854503 0.0719913 0.282329 0.00536285
45 0.0367641 0.854519 0.0729092 0.286163 0.00534808
51 0.554324 0.0984152 0.0148462 0.064207 0.00429473
4 0.0364758 0.854431 0.0729516 0.286739 0.00417029
14 0.187638 0.54488 0.0292717 0.0846748 0.00393689
56 0.511762 0.1009 0.0299961 0.0667461 0.00387988
58 0.0372562 0.577299 0.0745124 0.7225 0.00360923
51 0.616883 0.0739403 0.0198124 0.110955 0.00344275
10 0.561407 0.0641738 0.0424988 0.127756 0.00335801
26 0.018062 0.617834 0.0335679 0.119373 0.00335431
19 0.0359957 0.854503 0.0719913 0.282329 0.00312316
26 0.609576 0.0730537 0.0273769 0.106636 0.00300508
51 0.606566 0.0741035 0.022252 0.110872 0.00297113
51 0.511762 0.1009 0.0299961 0.0667461 0.00281945
10 0.0345304 0.676943 0.0553328 0.0611175 0.00277446
10 0.659621 0.0745759 0.0221515 0.109047 0.00275388
10 0.591755 0.072862 0.017936 0.112754 0.00271969
29 0.0323081 0.678668 0.0594467 0.0647246 0.00222924
56 0.554324 0.0984152 0.0148462 0.064207 0.00195132
14 0.657957 0.0670902 0.0334769 0.130914 0.00181492
56 0.680808 0.0649762 0.0238194 0.124265 0.00171325
10 0.688841 0.0663653 0.0175323 0.122276 0.00167751
10 0.490979 0.0319595 0.0316943 0.0617718 0.00161452
56 0.522569 0.0365066 0.0384282 0.0715589 0.0015436
51 0.575784 0.0748866 0.0279796 0.110941 0.00146202
10 0.557957 0.0414093 0.0396758 0.0819493 0.00143124
56 0.672008 0.0659956 0.0246885 0.124338 0.00136802
56 0.64638 0.0664748 0.0508221 0.12868 0.00126325
12 0.0359957 0.854503 0.0719913 0.282329 0.00122611
56 0.52229 0.0616624 0.0403654 0.122224 0.00115467
56 0.49049 0.0671653 0.0332171 0.132214 0.00114419
10 0.503189 0.0385571 0.0487512 0.0763922 0.00112579
51 0.593903 0.0866707 0.0140248 0.086398 0.00109493
26 0.574955 0.0753506 0.0297209 0.111394 0.00108972
50 0.0366221 0.854276 0.0725878 0.286672 0.00107343
29 0.0268438 0.700293 0.0492705 0.0339279 0.00102627
51 0.630416 0.0721719 0.0187017 0.115219 0.00102586
