1 0.526406 0.542565 0.230154 0.280346 0.81958
10 0.0301048 0.37286 0.0451623 0.193919 0.74456
10 0.2385 0.385006 0.0485256 0.192937 0.71178
10 0.334362 0.381455 0.0416009 0.200353 0.706496
10 0.301752 0.374571 0.0420603 0.214665 0.697763
1 0.75888 0.500616 0.0791199 0.123503 0.616245
10 0.767483 0.434181 0.0340297 0.115506 0.569155
10 0.50235 0.493897 0.0518332 0.198946 0.568561
1 0.89989 0.526552 0.187664 0.327357 0.535427
10 0.564094 0.536438 0.0855446 0.106939 0.475445
10 0.572065 0.34804 0.0256071 0.0540999 0.399034
10 0.267898 0.384454 0.040442 0.184449 0.320079
10 0.785102 0.384955 0.0250126 0.10162 0.177327
10 0.0129223 0.316778 0.023493 0.0960822 0.164613
10 0.815395 0.387657 0.0351928 0.0870471 0.142132
10 0.580093 0.536511 0.0465835 0.0958018 0.115393
10 0.822531 0.389432 0.0409685 0.073701 0.102114
10 0.962603 0.41258 0.0590236 0.0535595 0.0892402
10 0.952053 0.410626 0.0800916 0.073556 0.0870132
10 0.268176 0.336021 0.0346146 0.0917458 0.0862635
6 0.361042 0.416738 0.0456292 0.118565 0.0676592
10 0.763037 0.444905 0.0513472 0.149536 0.0585051
10 0.807561 0.392078 0.0310599 0.094204 0.0577923
10 0.688177 0.413793 0.0402685 0.103226 0.0566401
10 0.46015 0.388406 0.0394897 0.123823 0.0491386
10 0.827637 0.375381 0.0405439 0.0600544 0.0348394
10 0.957882 0.38152 0.0293394 0.0977426 0.0344638
10 0.565845 0.340685 0.0387957 0.0690923 0.0307572
10 0.955702 0.359756 0.0214363 0.0784654 0.0302421
10 0.612814 0.460622 0.0527192 0.153968 0.0247645
10 0.746047 0.430323 0.0301616 0.0880975 0.0220086
9 0.938974 0.411554 0.10403 0.0799596 0.0165922
10 0.458263 0.361802 0.0293196 0.0705529 0.0156362
10 0.0324438 0.325257 0.0360592 0.0985089 0.0154916
10 0.962487 0.368955 0.039083 0.0872448 0.0150449
10 0.949904 0.392391 0.0559606 0.0651639 0.0146379
10 0.362311 0.36486 0.0219365 0.108133 0.0140591
10 0.364268 0.393122 0.0415885 0.161091 0.0136191
10 0.67541 0.420773 0.0826726 0.101717 0.0107857
10 0.315142 0.380062 0.0610829 0.209125 0.0101007
0 0.931578 0.412181 0.116714 0.0836945 0.00886324
10 0.543686 0.531279 0.0631249 0.107352 0.00860546
10 0.88662 0.366006 0.0265427 0.0674696 0.00811342
10 0.603321 0.417764 0.0233834 0.0807419 0.00722527
11 0.950761 0.407899 0.0865155 0.069537 0.00679011
1 0.589673 0.455244 0.103763 0.167244 0.00639295
10 0.0131233 0.362421 0.0206493 0.200121 0.00592106
10 0.975954 0.484873 0.0375524 0.101012 0.00580713
10 0.745674 0.442219 0.0427974 0.0877358 0.00536606
1 0.568815 0.477417 0.142298 0.200168 0.00534514
10 0.966156 0.461339 0.0552571 0.10195 0.00501335
10 0.608851 0.430552 0.0372612 0.102085 0.00475107
10 0.971661 0.428617 0.0465283 0.0843342 0.00421753
10 0.560315 0.351797 0.0407999 0.0611923 0.00416933
10 0.781398 0.419081 0.0246416 0.102748 0.00414754
10 0.950735 0.365701 0.0421256 0.085836 0.00394001
10 0.980746 0.509864 0.0277554 0.115359 0.00384806
10 0.941209 0.382844 0.0487374 0.0549255 0.00374858
11 0.939532 0.442686 0.113421 0.111363 0.00369667
8 0.561688 0.534812 0.0976014 0.116022 0.00354294
10 0.239905 0.330164 0.0415937 0.0835916 0.00352565
10 0.976883 0.366883 0.0255446 0.0606496 0.00341916
11 0.302175 0.375706 0.0418693 0.213059 0.00339797
9 0.813582 0.392303 0.0360603 0.0889937 0.00336092
11 0.960195 0.419078 0.0672448 0.0684699 0.00326961
10 0.577223 0.352694 0.0377112 0.0594028 0.00326331
9 0.823076 0.378079 0.0406575 0.0655151 0.00310452
10 0.570244 0.412601 0.0245593 0.0698125 0.00291953
6 0.266352 0.405109 0.0438311 0.151712 0.00283976
6 0.371163 0.418591 0.0317236 0.126567 0.00282092
4 0.962603 0.41258 0.0590236 0.0535595 0.00262276
10 0.893405 0.387125 0.0465212 0.0519996 0.00243315
11 0.2385 0.385006 0.0485256 0.192937 0.0023296
9 0.963165 0.405708 0.0526753 0.0579964 0.0023241
10 0.931578 0.412181 0.116714 0.0836945 0.00225176
10 0.656349 0.424361 0.0551586 0.0795912 0.00220085
10 0.921729 0.365343 0.0193767 0.0648426 0.00219659
10 0.584965 0.422661 0.0531329 0.107777 0.0021224
10 0.75809 0.46694 0.0745215 0.185601 0.00208204
1 0.67348 0.429652 0.0891382 0.102774 0.00206036
11 0.266237 0.385712 0.041696 0.18455 0.00203027
10 0.488265 0.507861 0.0662295 0.180237 0.00202185
10 0.538421 0.399578 0.0260737 0.0666807 0.00187699
11 0.958987 0.448111 0.0717387 0.114159 0.00186419
10 0.922359 0.376725 0.0271437 0.0577913 0.00185829
10 0.820354 0.36734 0.0423488 0.0818904 0.0018504
10 0.529788 0.525714 0.0515237 0.102702 0.00184932
10 0.645651 0.420902 0.0351121 0.0776532 0.00177153
10 0.681822 0.311897 0.0321681 0.0388481 0.00173313
10 0.929041 0.365998 0.0268453 0.0674996 0.00173059
10 0.959265 0.468515 0.0720489 0.137717 0.00162704
10 0.620123 0.427257 0.0493183 0.0830462 0.001605
11 0.963165 0.405708 0.0526753 0.0579964 0.00155548
10 0.732798 0.429776 0.0298994 0.0775389 0.0015283
8 0.53582 0.529632 0.0470712 0.104398 0.00151181
10 0.966621 0.392841 0.0497928 0.0885257 0.00148954
10 0.300266 0.315681 0.03688 0.105984 0.00147706
4 0.889286 0.392812 0.0634202 0.0561154 0.00147661
4 0.950761 0.407899 0.0865155 0.069537 0.00141554
11 0.929407 0.411804 0.0772687 0.0740779 0.0013493
10 0.953267 0.38639 0.0794739 0.114085 0.00134597
10 0.987763 0.382448 0.0167316 0.100426 0.00132983
4 0.826793 0.376348 0.0436989 0.060915 0.0013193
10 0.827658 0.463561 0.0216962 0.0701355 0.00127942
11 0.914416 0.461013 0.14616 0.152992 0.0012776
10 0.259284 0.415472 0.0468026 0.136252 0.00125143
4 0.816141 0.38912 0.0414705 0.0831131 0.00123646
10 0.827951 0.480731 0.0237849 0.0882794 0.00118508
10 0.841894 0.369144 0.0449635 0.0607021 0.00109591
10 0.89744 0.371407 0.0476061 0.0706494 0.00105532
6 0.948581 0.420099 0.0922085 0.0798063 0.00103789
1 0.551956 0.56072 0.178715 0.201519 0.00103366
10 0.990749 0.36493 0.0130815 0.0766971 0.00102211
