10 0.279268 0.534503 0.239428 0.658128 0.81891
6 0.615001 0.610734 0.567549 0.415315 0.369291
2 0.59851 0.690324 0.163069 0.532422 0.0451668
6 0.220518 0.750036 0.13973 0.311278 0.0279855
6 0.282553 0.580589 0.281173 0.536161 0.011034
10 0.743269 0.522135 0.303591 0.243434 0.00616422
7 0.238246 0.740683 0.0923394 0.272231 0.00592125
7 0.220512 0.744585 0.144206 0.324348 0.00537904
2 0.0756687 0.708849 0.122946 0.480817 0.00509009
6 0.531285 0.563859 0.335351 0.310628 0.00460168
10 0.751609 0.596975 0.291236 0.388953 0.00457911
10 0.369031 0.5377 0.429881 0.681731 0.00346485
7 0.596249 0.685817 0.161913 0.517057 0.00324601
10 0.668698 0.54863 0.364385 0.290445 0.00319131
10 0.602629 0.667947 0.610361 0.527217 0.00300962
7 0.231608 0.680646 0.100562 0.220324 0.00288166
6 0.369031 0.5377 0.429881 0.681731 0.0022278
7 0.209181 0.735225 0.0981368 0.256305 0.00217517
7 0.0774032 0.567707 0.101486 0.183256 0.00214943
10 0.65622 0.505964 0.280563 0.215508 0.00207364
6 0.256334 0.701245 0.351221 0.392637 0.00196655
6 0.469263 0.575594 0.204168 0.331228 0.00171154
6 0.736351 0.663672 0.350501 0.518328 0.00164618
7 0.264459 0.618959 0.0364744 0.082122 0.00124762
10 0.540607 0.514996 0.805655 0.701611 0.00118137
11 0.4856 0.592003 0.158107 0.183843 0.00113879
