4 0.30449 0.520328 0.352331 0.222717 0.890134
4 0.581217 0.459666 0.0992861 0.112752 0.855264
4 0.499384 0.477624 0.12363 0.142294 0.817791
4 0.650109 0.448599 0.0779112 0.0932506 0.752296
4 0.973655 0.413097 0.0455969 0.0958609 0.598053
4 0.0773275 0.584335 0.147484 0.261931 0.517366
4 0.941717 0.409216 0.0525635 0.0667286 0.103217
4 0.895026 0.40518 0.0624248 0.0629836 0.101986
4 0.956931 0.411983 0.077644 0.0858704 0.0449397
4 0.698244 0.420147 0.0538258 0.0472929 0.0287627
4 0.376179 0.457787 0.106634 0.0766611 0.0140931
4 0.719067 0.414893 0.0630475 0.0537294 0.0067586
4 0.834601 0.405855 0.0422947 0.0354427 0.00563181
4 0.849986 0.39935 0.0726813 0.0565807 0.00363751
9 0.894376 0.402615 0.0612979 0.0589218 0.00348667
4 0.627934 0.44285 0.0514661 0.0751818 0.00285326
4 0.876186 0.401054 0.0811272 0.0652938 0.00235581
9 0.941919 0.413513 0.0541974 0.0727323 0.00225256
4 0.0373616 0.511743 0.0672296 0.0695081 0.00215994
9 0.974193 0.415241 0.0433691 0.0945356 0.00183422
4 0.664838 0.440498 0.0584682 0.0800175 0.0014434
4 0.906435 0.413093 0.0469059 0.0709873 0.00138112
9 0.903296 0.411257 0.0507065 0.0689748 0.00118846
4 0.883045 0.398871 0.0503351 0.0598149 0.00105996
4 0.841315 0.404585 0.0508465 0.0490574 0.00102787
