6 0.266591 0.755488 0.20087 0.375733 0.890131
6 0.750503 0.759109 0.191915 0.391281 0.880173
11 0.416995 0.767385 0.0840952 0.143232 0.460264
11 0.584454 0.765534 0.0905123 0.148255 0.444367
6 0.504683 0.672523 0.246796 0.304759 0.36648
11 0.493315 0.742679 0.154062 0.168082 0.322771
6 0.506263 0.732717 0.221335 0.181758 0.0981536
11 0.527012 0.760985 0.203738 0.150587 0.0456654
10 0.490614 0.680905 0.0687771 0.0789518 0.0327594
6 0.227424 0.680777 0.126277 0.230383 0.0101614
10 0.49607 0.270157 0.127345 0.148523 0.00658673
2 0.0848401 0.392212 0.0279281 0.0668444 0.0050811
11 0.204261 0.681619 0.144532 0.227377 0.00301958
11 0.48572 0.686911 0.0967747 0.0835995 0.00292316
6 0.496649 0.747423 0.133043 0.180306 0.00239428
2 0.492225 0.681254 0.0716402 0.0801721 0.00237507
10 0.484986 0.69393 0.105971 0.0959627 0.0023435
11 0.169311 0.681939 0.0847608 0.223769 0.00173469
11 0.503662 0.678373 0.247697 0.301508 0.00161349
6 0.191424 0.682789 0.125647 0.223159 0.00136197
