8 0.535633 0.554995 0.69159 0.656238 0.475269
6 0.430722 0.6036 0.824377 0.721596 0.196277
8 0.474134 0.643322 0.382107 0.27442 0.0370966
8 0.605628 0.538158 0.570379 0.326342 0.0195505
8 0.534842 0.462466 0.390059 0.241147 0.0119736
8 0.507259 0.61705 0.293626 0.382447 0.00880317
10 0.432094 0.595198 0.828313 0.743452 0.00863655
8 0.602087 0.753751 0.45303 0.207926 0.00831327
8 0.58337 0.507448 0.359851 0.312206 0.00665303
8 0.60457 0.625406 0.529004 0.418251 0.00479492
8 0.519952 0.553171 0.339575 0.571556 0.00253591
6 0.228994 0.578125 0.414072 0.698461 0.0019521
8 0.508567 0.548402 0.361779 0.289727 0.00159419
5 0.535219 0.55408 0.68817 0.663029 0.00120074
