4 0.132601 0.593808 0.0892457 0.106507 0.793052
10 0.379216 0.577057 0.0577776 0.165915 0.790464
10 0.251424 0.544834 0.0405547 0.0963219 0.574151
10 0.189327 0.559864 0.0354945 0.11238 0.342438
10 0.217149 0.559261 0.0355367 0.106408 0.0195247
10 0.200419 0.556886 0.0573559 0.110643 0.0134846
4 0.84968 0.574194 0.300639 0.305085 0.0112208
10 0.307631 0.544671 0.0339155 0.107161 0.00953786
10 0.355009 0.53822 0.0411151 0.0953118 0.00725631
10 0.397731 0.548906 0.0317828 0.114271 0.00256127
9 0.250968 0.546701 0.0375384 0.100596 0.00223786
2 0.740832 0.14856 0.266283 0.287155 0.00201826
9 0.218644 0.569265 0.0405275 0.0890186 0.00196733
11 0.378869 0.576546 0.0563786 0.163942 0.00182519
10 0.279594 0.523324 0.027374 0.0644885 0.0017006
9 0.106407 0.610732 0.0340085 0.0725673 0.00147136
0 0.210351 0.576188 0.0448432 0.0837392 0.0014253
9 0.132364 0.599955 0.0879244 0.0946541 0.00141569
10 0.348891 0.549852 0.0414658 0.0799555 0.00118614
10 0.211687 0.546526 0.0395903 0.0927888 0.00106869
0 0.18798 0.566222 0.0306495 0.101117 0.00103678
