4 0.503338 0.752716 0.139158 0.162743 0.906613
10 0.761172 0.83629 0.127107 0.28852 0.869344
4 0.695291 0.725357 0.0470528 0.0550915 0.812164
0 0.751749 0.894062 0.122357 0.201927 0.788731
9 0.284141 0.767878 0.153853 0.114293 0.709856
10 0.865667 0.753468 0.0440846 0.125831 0.647699
9 0.943343 0.83209 0.106176 0.150546 0.494763
9 0.412212 0.754938 0.0441089 0.0684586 0.487586
10 0.946527 0.801163 0.0739463 0.200701 0.474692
0 0.943531 0.835265 0.101609 0.140904 0.468769
0 0.851043 0.776604 0.0854038 0.0915557 0.348535
9 0.245732 0.770037 0.0742882 0.116466 0.289014
4 0.729307 0.722859 0.0409269 0.0463477 0.269255
9 0.847638 0.779284 0.0867337 0.0852425 0.118502
10 0.892907 0.741199 0.0350783 0.107197 0.0953541
10 0.834572 0.743012 0.0580244 0.0890193 0.0784381
0 0.828074 0.780815 0.0510157 0.0793251 0.0378503
10 0.950134 0.70411 0.0402562 0.0656342 0.0322373
4 0.580705 0.729917 0.0422491 0.0779329 0.0300602
10 0.578882 0.728494 0.0392131 0.0750318 0.0240259
10 0.412524 0.751465 0.0411274 0.073858 0.0147814
9 0.579311 0.732969 0.0416473 0.0703029 0.0135509
10 0.950845 0.718988 0.0520642 0.0948473 0.0134205
9 0.420251 0.750808 0.067281 0.0882015 0.0131192
4 0.71589 0.722207 0.0533071 0.0523751 0.0114483
9 0.750967 0.894726 0.124331 0.199083 0.00990885
9 0.828199 0.781009 0.0560068 0.0775784 0.00935691
10 0.634866 0.72384 0.0395621 0.0568767 0.00873932
4 0.735637 0.716321 0.0354991 0.0523521 0.00792006
10 0.422297 0.736695 0.0379072 0.0704117 0.00784409
10 0.944645 0.830411 0.103778 0.15612 0.00725109
10 0.428982 0.725108 0.0257715 0.0534103 0.00657275
10 0.340212 0.730676 0.0519474 0.0688037 0.00644354
0 0.412682 0.756287 0.0446044 0.0675044 0.00604978
10 0.37617 0.74352 0.0377998 0.107174 0.00575705
4 0.147834 0.732503 0.145703 0.298786 0.00524564
10 0.846234 0.752575 0.0784124 0.108624 0.00468013
9 0.422297 0.736695 0.0379072 0.0704117 0.00451482
4 0.823131 0.742291 0.0704499 0.0805703 0.00420063
10 0.966321 0.822013 0.0573313 0.1657 0.00351306
9 0.96434 0.873228 0.0649367 0.241136 0.00329715
9 0.982863 0.82444 0.0275846 0.189925 0.00294704
10 0.949291 0.751417 0.0593201 0.130692 0.00293422
9 0.88854 0.765901 0.0405287 0.102129 0.00270486
0 0.633917 0.727277 0.0400318 0.0514675 0.00256245
2 0.152901 0.432108 0.0493018 0.193497 0.00225821
10 0.958043 0.751504 0.0581005 0.0925631 0.0021769
10 0.978438 0.745021 0.0189807 0.0641679 0.00216545
9 0.397358 0.749372 0.0646257 0.0874867 0.00213782
4 0.339397 0.725723 0.0533631 0.0618254 0.00208565
10 0.240229 0.768443 0.0632524 0.114421 0.00200166
9 0.310409 0.76855 0.0993141 0.103173 0.00200045
0 0.875387 0.777191 0.0432812 0.091176 0.00186875
4 0.634997 0.725829 0.0381093 0.052874 0.00185198
0 0.579311 0.732969 0.0416473 0.0703029 0.00169098
4 0.41415 0.755048 0.0490389 0.0677906 0.00156807
10 0.628157 0.729788 0.0399108 0.0491753 0.00141351
9 0.866977 0.760946 0.047233 0.123895 0.00137841
10 0.979486 0.765633 0.0280393 0.111346 0.00133053
10 0.973827 0.795698 0.0415966 0.158299 0.00121288
9 0.428982 0.725108 0.0257715 0.0534103 0.00108353
