5 0.58974 0.422757 0.423124 0.35615 0.392744
8 0.594034 0.418135 0.423469 0.354862 0.311289
5 0.528353 0.454512 0.675021 0.397342 0.11633
5 0.533781 0.533975 0.847625 0.616374 0.0887497
6 0.595505 0.411973 0.419167 0.350339 0.0238784
6 0.510076 0.503778 0.90218 0.682736 0.00985779
11 0.495018 0.670939 0.932945 0.353548 0.00797305
8 0.510076 0.503778 0.90218 0.682736 0.00562559
5 0.545455 0.444399 0.272545 0.317164 0.00477071
5 0.496937 0.669293 0.934504 0.350989 0.00356561
8 0.528998 0.443609 0.673574 0.38244 0.00270391
6 0.496937 0.669293 0.934504 0.350989 0.00231563
8 0.491594 0.680973 0.944184 0.374803 0.00160734
11 0.503471 0.517073 0.912093 0.643522 0.00147296
5 0.429512 0.458594 0.421931 0.363919 0.00132558
6 0.646128 0.474754 0.629877 0.496812 0.00121452
