10 0.44318 0.433936 0.085573 0.191082 0.846822
3 0.606972 0.365215 0.173945 0.164718 0.44339
10 0.134846 0.821709 0.238741 0.344048 0.304477
4 0.936614 0.368029 0.0980415 0.0956475 0.111437
4 0.17111 0.461867 0.144278 0.076816 0.0450974
4 0.136788 0.46572 0.225547 0.0856715 0.0169395
1 0.606694 0.364622 0.176531 0.17506 0.00199735
4 0.180748 0.441488 0.173547 0.110951 0.00184028
0 0.606694 0.364622 0.176531 0.17506 0.00161683
10 0.499343 0.382333 0.0368584 0.0883402 0.00161632
4 0.606822 0.367465 0.173032 0.162794 0.00161265
4 0.706218 0.352776 0.0854414 0.0557694 0.00125001
6 0.896896 0.0724522 0.0973295 0.136335 0.00101271
