4 0.324231 0.683595 0.114659 0.152671 0.672122
10 0.0259425 0.647501 0.0414143 0.145383 0.436516
4 0.514785 0.641771 0.0751806 0.0712262 0.378228
9 0.0251516 0.70325 0.0471685 0.10428 0.370411
4 0.148448 0.648217 0.171502 0.203371 0.178827
10 0.0279344 0.679316 0.0390333 0.101884 0.0554451
4 0.417917 0.620312 0.0584942 0.0404616 0.0231722
1 0.147671 0.64304 0.172906 0.215297 0.0198518
4 0.0250134 0.70066 0.0458086 0.107705 0.0142925
0 0.0259343 0.706659 0.0460093 0.0990289 0.013746
10 0.026082 0.701932 0.0440921 0.102754 0.013525
9 0.025682 0.676923 0.043248 0.133019 0.0119751
3 0.324166 0.682786 0.115634 0.155342 0.00999555
3 0.34604 0.630298 0.16311 0.264472 0.00905158
3 0.147481 0.640207 0.173709 0.22027 0.00864527
1 0.36555 0.630321 0.198643 0.267786 0.00615465
10 0.0777065 0.672308 0.0285888 0.13665 0.00456058
4 0.60836 0.617874 0.0418421 0.036097 0.00252688
4 0.148583 0.620185 0.11343 0.0598969 0.00228975
4 0.0252462 0.65402 0.0413172 0.168581 0.00224155
10 0.0216014 0.608816 0.0258723 0.0827732 0.00219444
10 0.593425 0.61428 0.0313796 0.0405774 0.00156654
1 0.324166 0.682786 0.115634 0.155342 0.00135961
1 0.330017 0.636833 0.120891 0.233664 0.00132533
4 0.360477 0.673899 0.185251 0.172325 0.00125663
4 0.693646 0.621995 0.0929219 0.0881012 0.00107466
10 0.603255 0.617541 0.0452218 0.0371444 0.00106963
