7 0.374481 0.617876 0.108914 0.263616 0.911526
11 0.499246 0.682977 0.780376 0.581332 0.724392
6 0.756106 0.394169 0.367673 0.756565 0.127717
6 0.905942 0.482994 0.144193 0.56319 0.026028
6 0.751807 0.59235 0.431025 0.769697 0.0223748
2 0.211319 0.439538 0.0805032 0.199337 0.00790654
4 0.479756 0.691632 0.792344 0.590834 0.00781516
6 0.894428 0.601976 0.168511 0.772571 0.00692266
7 0.480377 0.535971 0.107005 0.155823 0.00652736
7 0.550859 0.565065 0.0804457 0.106044 0.0061989
6 0.871039 0.39214 0.204494 0.763867 0.00532283
7 0.211319 0.439538 0.0805032 0.199337 0.00445321
6 0.737905 0.226197 0.327745 0.41773 0.00242582
