9 0.147429 0.532666 0.211701 0.420926 0.914238
9 0.408525 0.509791 0.190467 0.450095 0.87498
9 0.839981 0.420348 0.273059 0.335218 0.823992
9 0.666589 0.486454 0.258053 0.441009 0.714651
9 0.759103 0.477416 0.445291 0.440357 0.141349
6 0.46023 0.40355 0.0829782 0.178616 0.00862647
6 0.483069 0.406803 0.044191 0.156672 0.00498301
0 0.146236 0.531956 0.213368 0.424012 0.00310035
0 0.408323 0.509607 0.189046 0.456208 0.00291817
6 0.47015 0.420435 0.0600197 0.137593 0.00241968
10 0.847194 0.420418 0.263423 0.33568 0.00189914
7 0.972126 0.0737957 0.0557486 0.131951 0.00170034
0 0.847194 0.420418 0.263423 0.33568 0.00143014
6 0.426449 0.40576 0.144223 0.19692 0.00116918
9 0.0979863 0.45436 0.118975 0.270255 0.00106282
