1 0.466561 0.519813 0.117832 0.130866 0.848899
1 0.31113 0.520724 0.115432 0.13861 0.264149
4 0.644958 0.427905 0.0377113 0.0414052 0.0306145
1 0.0522962 0.536055 0.0979036 0.22602 0.0115866
1 0.470172 0.444763 0.105448 0.0677413 0.0110478
1 0.447221 0.45215 0.0685158 0.0636291 0.00850752
1 0.27508 0.522967 0.193081 0.149592 0.0059046
4 0.612089 0.40523 0.0416709 0.0376961 0.00388855
0 0.64488 0.427844 0.0378712 0.0415913 0.00309156
10 0.644351 0.427566 0.0379429 0.0414389 0.00295387
1 0.11355 0.407624 0.0779308 0.158959 0.00247932
10 0.31748 0.530365 0.0671416 0.0842903 0.00230644
