10 0.249848 0.800066 0.107491 0.377983 0.845046
10 0.144794 0.799122 0.0994453 0.375686 0.843351
10 0.336013 0.727468 0.0676806 0.239112 0.830449
10 0.854761 0.745712 0.0688273 0.266266 0.811277
9 0.702548 0.770158 0.0809747 0.123582 0.80386
10 0.063146 0.792018 0.0682277 0.333485 0.77814
10 0.505849 0.69432 0.0362993 0.111132 0.718416
10 0.971629 0.773193 0.0472567 0.231609 0.713408
9 0.167505 0.873232 0.217516 0.235456 0.694574
10 0.933699 0.716703 0.0362169 0.0943689 0.635461
9 0.458631 0.728441 0.0382556 0.0852491 0.56112
9 0.548214 0.727307 0.0398785 0.0887331 0.522327
10 0.645361 0.728643 0.0479109 0.123539 0.500932
10 0.699695 0.728394 0.0454114 0.166842 0.477244
10 0.784019 0.725669 0.0410106 0.149093 0.265631
4 0.37872 0.673364 0.0402423 0.0742004 0.241378
10 0.458993 0.680051 0.0334088 0.0722763 0.203423
10 0.549909 0.720111 0.0407429 0.101006 0.185027
10 0.896483 0.716344 0.0486556 0.129182 0.177688
10 0.566142 0.68775 0.0346595 0.0684049 0.161583
10 0.560935 0.701152 0.0448533 0.0967799 0.150737
4 0.42259 0.672348 0.0490998 0.0641571 0.133058
10 0.0624246 0.736342 0.0639635 0.210835 0.097095
10 0.447481 0.684887 0.0349847 0.0813022 0.0895876
10 0.429156 0.674674 0.0578136 0.0684992 0.0857606
0 0.956439 0.820657 0.0749384 0.16789 0.0628925
10 0.510435 0.712135 0.0370563 0.0966809 0.0582101
4 0.297295 0.6589 0.0385091 0.0442654 0.0581398
9 0.424095 0.673507 0.048312 0.0640079 0.0488429
9 0.502117 0.704016 0.0377982 0.0904856 0.0452425
10 0.909669 0.769436 0.0397892 0.200794 0.0437454
10 0.935342 0.745568 0.0370549 0.163642 0.0429997
9 0.957595 0.82242 0.0766645 0.169669 0.0428964
10 0.687167 0.703338 0.0353648 0.0942158 0.0400402
10 0.486824 0.687463 0.0248575 0.0829462 0.0355481
10 0.913637 0.802416 0.0386401 0.134119 0.0353405
10 0.546036 0.698765 0.0377001 0.0960766 0.0311166
10 0.632661 0.740916 0.0544812 0.103379 0.0299273
9 0.75807 0.766483 0.053308 0.11328 0.0278657
0 0.171531 0.875712 0.231958 0.235164 0.0258454
10 0.929271 0.76617 0.0402943 0.193811 0.0222123
10 0.693824 0.71457 0.0482419 0.112029 0.0210714
10 0.785004 0.707295 0.0358675 0.102072 0.0209193
9 0.644179 0.732408 0.0534826 0.119943 0.0207099
10 0.910579 0.720664 0.0543868 0.109237 0.0205405
10 0.112856 0.688654 0.0423901 0.116332 0.0204186
9 0.487732 0.70358 0.0284596 0.0762176 0.015139
10 0.598002 0.70114 0.0307574 0.040228 0.0137385
0 0.0202237 0.891921 0.0349693 0.204783 0.0136934
9 0.510435 0.712135 0.0370563 0.0966809 0.0135538
9 0.74285 0.767307 0.0827027 0.121661 0.0131573
10 0.455286 0.716425 0.0362655 0.0961322 0.0123637
10 0.749792 0.733863 0.0422813 0.135451 0.011263
10 0.538694 0.70054 0.0314393 0.109622 0.0111404
10 0.661808 0.70696 0.0494436 0.0808656 0.00896072
9 0.123911 0.870902 0.131277 0.234624 0.00851814
9 0.915255 0.805192 0.0451825 0.133298 0.0073021
10 0.971911 0.712437 0.0460791 0.118178 0.00699202
6 0.775857 0.76749 0.0619352 0.114717 0.00698938
10 0.418885 0.667945 0.047265 0.0743587 0.00643059
0 0.550178 0.728858 0.0421069 0.0859451 0.00578012
10 0.585556 0.690175 0.048748 0.0681749 0.00546572
10 0.893734 0.687952 0.0441326 0.0882769 0.0052297
10 0.761197 0.747866 0.0486158 0.13039 0.0045336
10 0.797901 0.726248 0.0584989 0.13224 0.00405803
10 0.774021 0.696655 0.0308024 0.0851143 0.0040165
9 0.447481 0.684887 0.0349847 0.0813022 0.00394908
0 0.246643 0.876319 0.107496 0.231427 0.00393969
10 0.282301 0.743977 0.0256889 0.14215 0.00386916
0 0.702606 0.771891 0.075459 0.115172 0.00372037
6 0.0224697 0.856366 0.0400473 0.209568 0.00360987
4 0.19429 0.688372 0.0883315 0.100834 0.00354368
10 0.976373 0.802941 0.0366457 0.190938 0.00352348
10 0.743745 0.71268 0.0391825 0.107064 0.00351413
6 0.510435 0.712135 0.0370563 0.0966809 0.00350747
6 0.0497569 0.826289 0.067246 0.24886 0.00316321
10 0.38105 0.669902 0.0395447 0.0770821 0.00310999
6 0.760132 0.765672 0.0505809 0.111126 0.00310406
10 0.792076 0.703843 0.0375039 0.087262 0.00303762
6 0.912964 0.806906 0.0429975 0.130925 0.00274209
10 0.715445 0.741725 0.0682098 0.161034 0.00266494
4 0.293816 0.668436 0.0420327 0.0624374 0.00263285
9 0.378955 0.674609 0.0411161 0.0691323 0.00242833
11 0.591996 0.726847 0.0594611 0.0784074 0.00241352
9 0.597872 0.703421 0.0326631 0.0385612 0.00237301
0 0.757375 0.767549 0.0552976 0.116612 0.00232917
9 0.976373 0.802941 0.0366457 0.190938 0.00221006
4 0.458363 0.722306 0.039575 0.0990352 0.00212114
4 0.34564 0.664201 0.0502961 0.112921 0.00209279
6 0.588559 0.728595 0.0567179 0.079102 0.00205696
10 0.535443 0.693254 0.072168 0.123318 0.00205374
10 0.553068 0.695422 0.0548845 0.131584 0.00195656
6 0.644179 0.732408 0.0534826 0.119943 0.00176896
0 0.500038 0.718832 0.0385154 0.0840379 0.00175253
4 0.31774 0.672025 0.0337997 0.0968979 0.00173742
9 0.54255 0.7149 0.03331 0.0990073 0.00169729
9 0.456087 0.702557 0.0342307 0.093205 0.00164072
0 0.457943 0.724624 0.037525 0.090837 0.00163317
0 0.510435 0.712135 0.0370563 0.0966809 0.00162915
3 0.396031 0.635353 0.0524288 0.102631 0.00161056
10 0.487732 0.70358 0.0284596 0.0762176 0.00158339
4 0.447481 0.684887 0.0349847 0.0813022 0.00156571
10 0.102684 0.697735 0.0468255 0.132768 0.00155862
11 0.0230815 0.873139 0.0424279 0.195618 0.00141258
10 0.608125 0.700911 0.0470498 0.0568347 0.0014016
10 0.815767 0.711736 0.0345748 0.109587 0.00137059
6 0.632661 0.740916 0.0544812 0.103379 0.00134386
11 0.505531 0.693517 0.0358781 0.110525 0.00131625
10 0.649801 0.69986 0.0371319 0.0702724 0.00126012
6 0.034015 0.812366 0.0386349 0.195468 0.00125924
6 0.550178 0.728858 0.0421069 0.0859451 0.00118169
10 0.603642 0.725656 0.0542001 0.0851071 0.00108073
0 0.912687 0.807346 0.0439296 0.129558 0.00107511
10 0.348575 0.66568 0.0451191 0.103099 0.00105263
10 0.28275 0.699351 0.0234353 0.0688423 0.00101594
10 0.705917 0.703873 0.0453021 0.119844 0.00101021
10 0.582053 0.719337 0.0699648 0.0912759 0.00100669
