6 0.769287 0.711516 0.244238 0.410187 0.799116
6 0.519732 0.650404 0.232102 0.371724 0.724029
11 0.681424 0.687975 0.501613 0.425078 0.705327
11 0.712577 0.600622 0.449781 0.256787 0.0408007
11 0.807006 0.586993 0.244961 0.239514 0.0323738
11 0.604246 0.607551 0.329435 0.279165 0.0135362
6 0.467575 0.643629 0.129806 0.355136 0.00849001
11 0.614731 0.559439 0.369155 0.173957 0.00752131
6 0.667206 0.681315 0.473098 0.393113 0.00546304
11 0.536427 0.676506 0.224063 0.410056 0.00496646
11 0.762335 0.704303 0.268193 0.409743 0.00457848
11 0.785427 0.807213 0.268289 0.246289 0.00132828
11 0.678329 0.581419 0.517168 0.132703 0.00114482
11 0.621868 0.682729 0.45817 0.313523 0.00111653
10 0.521043 0.653893 0.227354 0.382128 0.00107277
