6 0.516326 0.740705 0.34693 0.465842 0.761557
11 0.453131 0.524772 0.215681 0.315362 0.146968
6 0.455576 0.668717 0.23416 0.604375 0.0657752
11 0.789931 0.707268 0.395963 0.546431 0.0307187
6 0.558103 0.537227 0.452273 0.882772 0.0262827
11 0.455576 0.668717 0.23416 0.604375 0.0142338
6 0.450369 0.421767 0.215699 0.515562 0.00787859
6 0.417925 0.444977 0.312733 0.809598 0.00751033
11 0.639159 0.699114 0.695212 0.550722 0.00443071
11 0.0976572 0.566282 0.178095 0.416238 0.00419694
6 0.443021 0.519652 0.774599 0.901668 0.00234135
6 0.093413 0.564362 0.167635 0.400422 0.00121201
2 0.31825 0.73389 0.0722047 0.231415 0.00101866
6 0.491863 0.323476 0.587143 0.49295 0.00101092
