1 0.0888641 0.724391 0.16655 0.134383 0.71951
4 0.18298 0.539633 0.0893579 0.0629676 0.700094
1 0.167054 0.646771 0.210542 0.131494 0.511111
1 0.221854 0.667658 0.128506 0.0972794 0.317753
1 0.0861604 0.689263 0.166454 0.151252 0.2528
1 0.445851 0.610671 0.105075 0.0890772 0.248908
1 0.50972 0.603348 0.0606913 0.0779334 0.203468
1 0.641724 0.557844 0.0601204 0.0561803 0.12577
4 0.158438 0.541043 0.0406051 0.0527207 0.0797443
1 0.633414 0.536767 0.0493507 0.0746708 0.0741471
4 0.0207789 0.572526 0.0354585 0.0430542 0.068648
1 0.0629736 0.585071 0.111006 0.0672602 0.0663873
1 0.832992 0.604528 0.0545094 0.0711763 0.0649903
4 0.397925 0.516177 0.0609629 0.0445999 0.0273302
1 0.383587 0.582672 0.234908 0.171154 0.0269125
4 0.0339629 0.573768 0.0619776 0.0465661 0.026194
4 0.308385 0.52261 0.0313864 0.0402917 0.0186387
4 0.0267237 0.564922 0.0487931 0.054698 0.0170302
1 0.890126 0.582585 0.174854 0.137674 0.0166832
1 0.144375 0.626833 0.199805 0.0984115 0.0161026
1 0.177877 0.586077 0.133383 0.0914892 0.0158433
10 0.24499 0.540762 0.0470814 0.0448226 0.0140762
4 0.411388 0.518778 0.0972857 0.0471961 0.0076429
1 0.417956 0.568642 0.162704 0.153762 0.00541974
10 0.154928 0.540948 0.0335871 0.0541023 0.00502296
5 0.182253 0.539913 0.0901709 0.0646062 0.00417967
0 0.0399367 0.573316 0.0738715 0.0545263 0.00359437
10 0.0528689 0.561735 0.043071 0.0566848 0.0029741
0 0.0594338 0.576401 0.103522 0.05749 0.00249505
1 0.113535 0.729293 0.106236 0.128581 0.00249379
1 0.18033 0.611845 0.126237 0.0674176 0.00248891
1 0.552693 0.55576 0.0380648 0.0417003 0.00247325
10 0.0232076 0.566654 0.0404394 0.0597274 0.00232575
1 0.0477769 0.659414 0.0901449 0.124258 0.00225335
1 0.481789 0.533588 0.0412373 0.0481756 0.00216718
10 0.195307 0.54034 0.0621269 0.0580902 0.00211036
1 0.514884 0.588932 0.0511745 0.0812313 0.00207855
1 0.865293 0.525364 0.069278 0.0515927 0.00207529
0 0.247111 0.54161 0.0511676 0.0423497 0.00204981
9 0.0339629 0.573768 0.0619776 0.0465661 0.00193374
1 0.418674 0.520319 0.0925374 0.0475498 0.00190032
3 0.411388 0.518778 0.0972857 0.0471961 0.00160846
0 0.0528689 0.561735 0.043071 0.0566848 0.00155424
1 0.199235 0.622614 0.104433 0.0624101 0.0015191
1 0.80979 0.55633 0.127925 0.0502205 0.00142962
9 0.243305 0.540061 0.0426894 0.0435599 0.00142667
1 0.870811 0.543716 0.184637 0.0838849 0.00136282
1 0.89057 0.565257 0.0236382 0.0369284 0.00132831
1 0.787002 0.553551 0.0860127 0.0488105 0.00132259
1 0.0630302 0.674817 0.119684 0.133079 0.00129588
3 0.0198373 0.564135 0.0352946 0.0549324 0.00127201
10 0.0391993 0.566362 0.0693344 0.0582923 0.0012664
1 0.83347 0.574127 0.0479782 0.0590208 0.00125067
1 0.0232076 0.566654 0.0404394 0.0597274 0.00121526
4 0.0417965 0.643116 0.0787243 0.0965254 0.00117776
10 0.0663789 0.56069 0.0669838 0.0647223 0.00106893
10 0.95916 0.711421 0.0506855 0.0546961 0.00106015
9 0.0225634 0.573474 0.0392981 0.0433839 0.00104232
10 0.239298 0.53224 0.0391603 0.0520054 0.0010199
