2 0.240164 0.544526 0.216154 0.788761 0.918353
2 0.489436 0.554782 0.184897 0.661299 0.906191
2 0.67447 0.538049 0.157719 0.605639 0.876884
2 0.820832 0.51727 0.146205 0.57722 0.860179
7 0.0293335 0.830261 0.0554903 0.257996 0.0760277
2 0.0305689 0.544795 0.0559911 0.453158 0.0242538
11 0.490174 0.833414 0.959512 0.289934 0.0122454
2 0.0296263 0.67525 0.0550976 0.558175 0.00748115
11 0.227205 0.822409 0.350327 0.246889 0.00187591
7 0.0277253 0.674473 0.0513824 0.55956 0.00166434
11 0.354094 0.848064 0.693467 0.229719 0.00159728
10 0.671304 0.53847 0.154994 0.614032 0.0013518
