7 0.145246 0.711787 0.169934 0.237947 0.908335
7 0.521682 0.70702 0.14946 0.1939 0.889474
7 0.132539 0.556812 0.120858 0.1085 0.88832
2 0.42007 0.567567 0.144339 0.274308 0.852228
10 0.792673 0.384272 0.266223 0.19901 0.846705
2 0.74895 0.552021 0.124266 0.251715 0.843117
2 0.652891 0.526439 0.129875 0.252626 0.83901
2 0.863311 0.557507 0.125731 0.219194 0.82234
2 0.29194 0.609452 0.153214 0.241942 0.789079
2 0.950241 0.524255 0.0788946 0.253542 0.769207
7 0.324627 0.714291 0.157098 0.194086 0.760176
2 0.0516751 0.546351 0.0817469 0.228485 0.69137
2 0.116858 0.290919 0.199643 0.529431 0.0893658
2 0.945103 0.483086 0.0799483 0.158024 0.0615403
11 0.794827 0.383309 0.270425 0.200236 0.0362989
2 0.353968 0.505795 0.0722977 0.122409 0.0196006
2 0.463432 0.487886 0.0877764 0.326278 0.0104969
2 0.0476907 0.617666 0.0761883 0.393065 0.00602731
6 0.125521 0.40869 0.224096 0.305573 0.00506825
2 0.132858 0.557324 0.121023 0.111222 0.00496133
7 0.0510336 0.539292 0.0822712 0.217503 0.00283733
7 0.127094 0.404021 0.226413 0.298157 0.00265362
2 0.97015 0.456154 0.0596997 0.380515 0.00226956
2 0.468748 0.436433 0.0820286 0.219128 0.00154756
2 0.116413 0.189161 0.17879 0.313901 0.00112838
2 0.800051 0.429015 0.0513311 0.0721165 0.00111038
2 0.715049 0.556055 0.0840009 0.243752 0.0010981
