6 0.483473 0.73543 0.331496 0.501182 0.908628
6 0.276282 0.708908 0.230031 0.547642 0.847562
10 0.782235 0.418655 0.166502 0.319646 0.844561
11 0.648449 0.719758 0.551015 0.423841 0.61205
7 0.739439 0.529528 0.0469816 0.110605 0.0136332
11 0.499746 0.663043 0.329782 0.349178 0.00878549
7 0.660255 0.569352 0.0615902 0.0594429 0.00476845
7 0.736536 0.48792 0.039321 0.126078 0.00403614
11 0.782624 0.418777 0.166312 0.322065 0.0028373
10 0.65996 0.721988 0.528105 0.426205 0.0019619
7 0.626629 0.564838 0.0312658 0.0430728 0.00165278
10 0.964251 0.479309 0.0714984 0.945617 0.00161904
7 0.677546 0.532211 0.0657358 0.050265 0.0014698
7 0.77174 0.514401 0.0369245 0.110829 0.00119114
10 0.756716 0.46441 0.231415 0.41891 0.00102651
