3 0.415183 0.439409 0.649818 0.584391 0.927157
10 0.960818 0.603792 0.061017 0.206723 0.200739
10 0.0312512 0.527481 0.0270056 0.0707695 0.0495696
10 0.668218 0.296563 0.0365268 0.0509338 0.0405744
10 0.572815 0.28055 0.0491745 0.0583299 0.0198037
10 0.162159 0.506078 0.029344 0.0481527 0.0102961
10 0.626801 0.283328 0.0373162 0.051314 0.00429139
10 0.661792 0.289028 0.0453087 0.0603544 0.00308447
10 0.677034 0.530124 0.0247667 0.0480522 0.00246119
0 0.0315441 0.532976 0.0244152 0.0634445 0.00209157
10 0.650913 0.285282 0.0574117 0.0595559 0.00161713
10 0.0356429 0.509412 0.0257536 0.0635731 0.00139338
10 0.636843 0.289697 0.0570604 0.0579791 0.00132845
10 0.150524 0.501631 0.0250722 0.0514804 0.00128784
