3 0.451012 0.48421 0.761091 0.425023 0.89773
10 0.634438 0.421777 0.0316689 0.056604 0.741969
10 0.505824 0.613197 0.0721832 0.296374 0.49716
0 0.94207 0.484915 0.0389423 0.0414176 0.301122
0 0.84889 0.516044 0.0537882 0.0667105 0.293408
9 0.846738 0.516398 0.0505783 0.0659249 0.0563905
10 0.937421 0.484939 0.0302069 0.0464341 0.0300144
9 0.94207 0.484915 0.0389423 0.0414176 0.0202725
4 0.937421 0.484939 0.0302069 0.0464341 0.0183495
0 0.861472 0.513101 0.0512535 0.0610646 0.0138333
4 0.983354 0.482106 0.0230793 0.044532 0.00981485
10 0.983354 0.482106 0.0230793 0.044532 0.0075178
4 0.909182 0.4834 0.0331318 0.0328602 0.00650753
0 0.964602 0.485554 0.0581715 0.0406989 0.00636547
4 0.951403 0.483037 0.0503208 0.0431481 0.00561217
4 0.924969 0.48433 0.0545708 0.0375221 0.00535249
10 0.934297 0.472273 0.0247646 0.0495612 0.00482034
0 0.983354 0.482106 0.0230793 0.044532 0.00226186
0 0.923849 0.485188 0.0435406 0.0385373 0.0021123
10 0.882727 0.463995 0.0389263 0.0765747 0.00207904
4 0.84601 0.505375 0.0579994 0.0762762 0.0018577
9 0.983354 0.482106 0.0230793 0.044532 0.00172632
6 0.850463 0.515062 0.0537476 0.0647987 0.00158027
10 0.645657 0.416227 0.0465468 0.0577571 0.00144456
2 0.528272 0.194389 0.0606714 0.216176 0.0011019
10 0.605102 0.409006 0.0685738 0.0700904 0.00100485
