4 0.391279 0.443537 0.224191 0.0619628 0.0385618
0 0.295153 0.549602 0.515504 0.829241 0.0376235
0 0.511327 0.545405 0.91584 0.817901 0.0117608
10 0.198965 0.416796 0.0234331 0.0504961 0.00843967
4 0.533771 0.430892 0.120879 0.0841286 0.00765801
0 0.260779 0.697814 0.441916 0.540757 0.00301852
6 0.684116 0.449922 0.0408349 0.0517966 0.00280744
6 0.6763 0.445443 0.0445 0.057989 0.00232438
6 0.618472 0.440607 0.0423564 0.0505888 0.002179
4 0.651936 0.413149 0.019618 0.023598 0.00180095
6 0.834598 0.455089 0.0865807 0.0757607 0.00154233
4 0.415123 0.439053 0.147322 0.0582639 0.00141947
4 0.641568 0.420253 0.0375576 0.0287708 0.00130162
6 0.662912 0.441542 0.0680288 0.0620529 0.0011665
6 0.577957 0.444778 0.0506738 0.0428224 0.00113332
4 0.305321 0.453388 0.127551 0.0602819 0.00112368
4 0.645394 0.415769 0.032477 0.025829 0.00110625
4 0.574149 0.444212 0.0473972 0.0430076 0.00106561
