10 0.810484 0.746151 0.0470718 0.2035 0.813576
10 0.174987 0.711929 0.0394472 0.0768519 0.773279
10 0.636715 0.710672 0.0287636 0.105062 0.764732
10 0.458504 0.686491 0.0221064 0.0878939 0.758811
0 0.496937 0.884666 0.283075 0.218027 0.755304
10 0.212315 0.715273 0.0435599 0.085508 0.743413
10 0.122204 0.715437 0.0621763 0.0862942 0.681714
10 0.602091 0.707318 0.0329688 0.101138 0.6158
10 0.875531 0.697845 0.032865 0.097909 0.60842
0 0.728003 0.730039 0.0667171 0.0723405 0.601597
10 0.917857 0.694107 0.0304226 0.0942224 0.594911
10 0.500911 0.697167 0.027419 0.0871697 0.576768
10 0.668727 0.6984 0.027162 0.0953394 0.575876
9 0.517017 0.719906 0.0761774 0.0886017 0.564335
10 0.559325 0.680356 0.0219501 0.069288 0.559004
0 0.147722 0.795606 0.199341 0.133757 0.545714
0 0.334523 0.871725 0.633699 0.242366 0.539852
10 0.908635 0.694295 0.0269276 0.0911661 0.519761
10 0.395371 0.676845 0.0202344 0.0567854 0.515107
10 0.508985 0.70182 0.0458403 0.0996592 0.377721
10 0.58779 0.703044 0.026193 0.0988747 0.361748
0 0.361082 0.767776 0.195444 0.114661 0.252222
10 0.419336 0.672831 0.0201671 0.0613775 0.238083
10 0.517391 0.709399 0.0713637 0.108563 0.207934
0 0.328678 0.779522 0.129904 0.138673 0.184038
10 0.314156 0.67463 0.0181223 0.0521571 0.170823
10 0.708556 0.682596 0.0319773 0.0824026 0.159542
10 0.83436 0.679377 0.0226559 0.0704449 0.159154
10 0.436848 0.667064 0.0187049 0.0569444 0.157298
10 0.922742 0.68891 0.0200533 0.0921056 0.145134
10 0.84418 0.681008 0.0283619 0.0719697 0.139826
0 0.517266 0.718318 0.0758787 0.0930608 0.129431
4 0.56062 0.584677 0.0583269 0.043491 0.121893
10 0.701438 0.689171 0.0282764 0.0818326 0.117078
10 0.303554 0.821589 0.0766859 0.2151 0.105508
0 0.429233 0.751073 0.0446629 0.0745556 0.0725588
10 0.532908 0.676875 0.0320932 0.0555051 0.0725294
10 0.850272 0.685613 0.020406 0.0715696 0.0681744
10 0.442039 0.682658 0.0232904 0.0770438 0.0647599
10 0.543392 0.676844 0.0191433 0.0630761 0.0621044
10 0.660188 0.694453 0.0224758 0.0866338 0.0595468
0 0.397411 0.758767 0.117229 0.0987711 0.0527127
0 0.136256 0.821975 0.239489 0.190432 0.0502989
10 0.389931 0.674387 0.0224694 0.0583398 0.045469
0 0.301016 0.783522 0.0882135 0.144276 0.0438577
0 0.14654 0.879911 0.235513 0.225477 0.0409067
10 0.19029 0.30829 0.0893309 0.270776 0.0377293
10 0.730763 0.679657 0.0558315 0.0769364 0.0370856
10 0.0509949 0.741467 0.0346007 0.0977832 0.035814
10 0.740636 0.674095 0.0323013 0.0682731 0.0342971
10 0.354745 0.686055 0.0252553 0.0558873 0.0318013
10 0.714682 0.675154 0.0256166 0.0754654 0.0317329
10 0.356152 0.70493 0.0282396 0.0649122 0.0305445
10 0.542417 0.663188 0.0214675 0.0515033 0.0289027
10 0.438283 0.656377 0.020738 0.0492226 0.0276466
10 0.527177 0.690954 0.0325449 0.0755561 0.0271227
10 0.250193 0.680141 0.0199486 0.0422704 0.0264193
4 0.517221 0.712976 0.0749346 0.0966457 0.0258836
10 0.414063 0.674725 0.0157502 0.0590504 0.0255305
0 0.707845 0.718793 0.0360298 0.0665856 0.0245589
0 0.353751 0.809335 0.222081 0.183824 0.0232188
10 0.352866 0.668758 0.022407 0.0466858 0.0223618
10 0.982138 0.684216 0.0184696 0.0714945 0.0220135
10 0.309166 0.770212 0.0658198 0.120488 0.0209645
10 0.839631 0.667772 0.0236691 0.0612787 0.0208386
10 0.25183 0.696247 0.0227829 0.0580452 0.0202583
0 0.209456 0.873697 0.385747 0.239242 0.0180871
0 0.895459 0.920369 0.197963 0.159262 0.0171242
10 0.341878 0.666027 0.0264136 0.0416401 0.0166427
10 0.607499 0.68282 0.024686 0.0595673 0.0164101
10 0.863407 0.696808 0.0283131 0.073296 0.0160875
10 0.747411 0.672297 0.0254801 0.058833 0.0160111
9 0.729805 0.725344 0.0662672 0.0770393 0.0158929
10 0.473067 0.675801 0.0235491 0.0592266 0.0156339
0 0.70184 0.707044 0.0259602 0.0759188 0.0145461
10 0.614694 0.667654 0.0187816 0.0280261 0.0143134
3 0.674854 0.588266 0.0860415 0.0497966 0.0124692
10 0.357043 0.718352 0.0363271 0.076322 0.0110907
10 0.902333 0.694458 0.0224276 0.0881742 0.0108014
0 0.874524 0.706756 0.0357384 0.08814 0.0107996
10 0.474537 0.652609 0.0208657 0.0474165 0.0102151
10 0.30636 0.665537 0.0239086 0.0598977 0.00987391
10 0.870378 0.660507 0.0256985 0.0483696 0.00950488
10 0.854194 0.656664 0.0200798 0.0414909 0.00949818
10 0.478353 0.689693 0.0153728 0.0773359 0.00944419
10 0.53201 0.655985 0.0263533 0.0386463 0.00940732
9 0.162568 0.792999 0.170723 0.133837 0.00937708
4 0.0342455 0.651299 0.0538241 0.0576412 0.00885257
10 0.484259 0.691452 0.0149246 0.0796094 0.0087922
10 0.335771 0.675381 0.0446824 0.0476417 0.00817989
4 0.660658 0.588234 0.0612721 0.0417979 0.0080568
9 0.70184 0.707044 0.0259602 0.0759188 0.00790142
10 0.70184 0.707044 0.0259602 0.0759188 0.0076679
10 0.330738 0.754393 0.104932 0.102212 0.00763745
10 0.743824 0.657455 0.0269772 0.0437539 0.00734583
0 0.934596 0.919399 0.119477 0.154099 0.00728362
10 0.106092 0.711344 0.0581717 0.0919192 0.00707146
10 0.48916 0.707337 0.0223349 0.0771227 0.0069776
10 0.699268 0.673659 0.0259703 0.0715401 0.00696318
10 0.404182 0.670923 0.0261005 0.0706705 0.00687074
9 0.314156 0.67463 0.0181223 0.0521571 0.00650522
9 0.558804 0.686905 0.0218821 0.0746014 0.00637685
10 0.685405 0.692799 0.0312331 0.0901794 0.00619556
11 0.124938 0.717 0.0564815 0.0835276 0.00602019
10 0.816709 0.656298 0.0209595 0.0422277 0.00580498
0 0.264465 0.795496 0.160509 0.160985 0.00567956
4 0.0401498 0.667553 0.0487062 0.0385958 0.00549715
0 0.307242 0.822755 0.114443 0.215346 0.00546409
9 0.329946 0.773152 0.124222 0.129808 0.00514871
10 0.495371 0.653835 0.0182134 0.0443871 0.00495392
0 0.457566 0.696258 0.0209205 0.0872431 0.00483509
10 0.746465 0.689463 0.0288476 0.0634617 0.00475418
10 0.727823 0.701931 0.0651436 0.0826763 0.00471863
4 0.255175 0.698191 0.0250692 0.0511377 0.00458082
3 0.691691 0.589604 0.0587906 0.0480178 0.00451929
10 0.296094 0.662522 0.0363332 0.0559413 0.00437558
0 0.964127 0.925909 0.0640955 0.138812 0.00436653
0 0.914787 0.694292 0.0372273 0.0950984 0.00435691
9 0.540706 0.710454 0.0304051 0.0827352 0.00424243
11 0.875531 0.697845 0.032865 0.097909 0.00421423
0 0.324591 0.734729 0.0937346 0.0987287 0.00408431
0 0.670737 0.708946 0.0345429 0.0807406 0.00396201
0 0.205948 0.813347 0.302259 0.192582 0.00373694
3 0.660658 0.588234 0.0612721 0.0417979 0.00366081
3 0.546662 0.662037 0.223975 0.163544 0.00349683
10 0.441383 0.643009 0.0263542 0.0582139 0.00343671
10 0.540706 0.710454 0.0304051 0.0827352 0.00339696
10 0.796655 0.74742 0.0196224 0.181948 0.00336219
11 0.91561 0.695353 0.0348591 0.0944217 0.00333808
0 0.919561 0.711403 0.029908 0.0603466 0.00331957
10 0.668778 0.662159 0.0224228 0.0470932 0.00327804
10 0.192569 0.433905 0.103315 0.521618 0.00326278
10 0.0546105 0.707207 0.0425016 0.0902756 0.00325655
10 0.341497 0.723786 0.0696665 0.0836537 0.00322521
10 0.0482976 0.695251 0.0369679 0.073312 0.00315801
10 0.254996 0.705221 0.0229038 0.0520345 0.00307956
4 0.523772 0.583735 0.0317024 0.0366008 0.00304908
11 0.636879 0.710463 0.0303513 0.106369 0.00302661
6 0.135798 0.800964 0.223248 0.13743 0.00300102
0 0.347132 0.723913 0.050257 0.0807544 0.0029917
0 0.343359 0.760232 0.111655 0.0869532 0.00296849
10 0.284401 0.661627 0.040885 0.052217 0.00294146
10 0.481463 0.586028 0.0176766 0.0257747 0.00293242
10 0.290198 0.680599 0.0478393 0.0667411 0.00280001
4 0.674854 0.588266 0.0860415 0.0497966 0.0027835
10 0.452708 0.63971 0.0360905 0.0619081 0.0027774
9 0.301013 0.792755 0.089364 0.161276 0.0027696
10 0.522411 0.651694 0.0202317 0.0341754 0.00276011
10 0.49019 0.58482 0.0224701 0.0282128 0.00273184
10 0.510326 0.583308 0.0148903 0.0322507 0.00272014
0 0.346913 0.743938 0.0870422 0.0691868 0.0027127
11 0.668605 0.699879 0.0305851 0.0940434 0.00268194
0 0.315015 0.675481 0.0177002 0.0533453 0.00263262
4 0.582784 0.583324 0.081703 0.046045 0.00253891
9 0.397411 0.758767 0.117229 0.0987711 0.00239304
0 0.706595 0.721966 0.0871986 0.0657645 0.00234474
4 0.691961 0.589337 0.0576217 0.0485104 0.0022642
10 0.797109 0.697534 0.0213984 0.0914325 0.00222035
10 0.336602 0.660855 0.0247035 0.0476944 0.00220123
0 0.558804 0.686905 0.0218821 0.0746014 0.00217455
9 0.591644 0.706845 0.0341253 0.0938485 0.00215081
10 0.262015 0.679423 0.0257149 0.0496389 0.00214955
0 0.802583 0.92591 0.382535 0.14818 0.00208665
4 0.252763 0.681318 0.022658 0.0423917 0.00207592
10 0.561422 0.695132 0.0291993 0.0809827 0.00205973
10 0.0599241 0.724572 0.0508014 0.104683 0.00202801
10 0.252572 0.668275 0.0217911 0.0492202 0.00198168
0 0.435224 0.766261 0.0652075 0.101185 0.0019442
10 0.503792 0.653104 0.0206295 0.0356311 0.00191115
9 0.361082 0.767776 0.195444 0.114661 0.00190443
6 0.517266 0.718318 0.0758787 0.0930608 0.00189308
10 0.27286 0.661513 0.0257175 0.0470463 0.00187044
0 0.156798 0.781796 0.144933 0.105344 0.00186418
10 0.259656 0.697503 0.0301874 0.0496173 0.00184721
0 0.727823 0.701931 0.0651436 0.0826763 0.00178404
10 0.326448 0.781323 0.125268 0.141513 0.00177207
3 0.843934 0.613833 0.104171 0.0799436 0.00171076
9 0.338173 0.668089 0.0261132 0.0450203 0.00165051
10 0.81109 0.656163 0.0224064 0.0427451 0.00163663
4 0.0391176 0.678937 0.053887 0.0548718 0.00163632
9 0.395355 0.676846 0.0199619 0.0570697 0.00162369
9 0.727823 0.701931 0.0651436 0.0826763 0.00162243
10 0.0104861 0.695765 0.0184896 0.119442 0.0015984
10 0.389712 0.706047 0.0325727 0.0819927 0.0015966
4 0.338173 0.668089 0.0261132 0.0450203 0.00158519
11 0.500777 0.698696 0.0291885 0.0907976 0.00156224
10 0.312819 0.732138 0.0535108 0.0530018 0.0014985
6 0.977657 0.695004 0.0231789 0.0685511 0.00143672
0 0.298076 0.717403 0.0947132 0.075873 0.00141816
10 0.333562 0.734734 0.0941268 0.0859125 0.00140154
0 0.746465 0.689463 0.0288476 0.0634617 0.00139328
0 0.491499 0.720675 0.026006 0.070865 0.00136359
10 0.675996 0.66347 0.0224295 0.0510409 0.00133412
9 0.354745 0.686055 0.0252553 0.0558873 0.00131297
9 0.707845 0.718793 0.0360298 0.0665856 0.00130451
10 0.653857 0.653958 0.0187142 0.0326149 0.00127996
10 0.0767267 0.719592 0.0792708 0.0879079 0.0012536
10 0.521731 0.58461 0.026335 0.0334709 0.00124346
9 0.964127 0.925909 0.0640955 0.138812 0.00122822
10 0.0980535 0.678837 0.0488612 0.0678365 0.00121835
9 0.435427 0.67508 0.0196194 0.0629218 0.0012168
0 0.395355 0.676846 0.0199619 0.0570697 0.00119377
9 0.458435 0.686959 0.0233635 0.0903836 0.00117311
6 0.435427 0.67508 0.0196194 0.0629218 0.00115163
3 0.702797 0.589891 0.0336213 0.0441194 0.00114714
10 0.0522144 0.678334 0.0350724 0.0519539 0.00112802
3 0.560797 0.584897 0.0622389 0.0435039 0.00111038
4 0.346132 0.668234 0.0252712 0.043791 0.00108618
10 0.825633 0.681793 0.0472691 0.0741315 0.00107198
10 0.0874687 0.732842 0.0579025 0.0852959 0.00105395
10 0.604582 0.65418 0.0213533 0.0342139 0.00103908
9 0.25183 0.696247 0.0227829 0.0580452 0.00103694
0 0.741595 0.742883 0.0437308 0.0769836 0.00103641
9 0.346132 0.668234 0.0252712 0.043791 0.00101607
0 0.873586 0.725025 0.0369837 0.0652388 0.00101545
