10 0.476799 0.560747 0.0828153 0.325112 0.835759
10 0.20653 0.675414 0.103334 0.371595 0.793575
10 0.358263 0.459837 0.0568992 0.183298 0.764834
10 0.39553 0.433214 0.0435613 0.134285 0.761843
10 0.598552 0.585422 0.0868605 0.286946 0.748886
10 0.296113 0.464176 0.0468786 0.161797 0.725699
10 0.654892 0.549293 0.0543876 0.27101 0.683409
10 0.555024 0.527827 0.0640885 0.250033 0.645732
10 0.444464 0.43236 0.0457794 0.145597 0.521332
10 0.482298 0.402483 0.0487657 0.0856823 0.344336
10 0.527276 0.426375 0.043932 0.136151 0.239509
10 0.623997 0.543754 0.0651066 0.250543 0.184124
10 0.636838 0.557102 0.0593073 0.283273 0.0889941
10 0.0449815 0.460261 0.0667424 0.158522 0.0865882
10 0.655321 0.485138 0.0463341 0.138782 0.0544816
10 0.446936 0.408445 0.0369564 0.0934631 0.0485455
10 0.448064 0.394721 0.0321693 0.0644131 0.0455301
10 0.546625 0.489977 0.0548006 0.171533 0.0279291
10 0.482918 0.510198 0.0753876 0.22255 0.0221673
10 0.562407 0.410315 0.0587162 0.104555 0.0217198
10 0.898209 0.577556 0.0944158 0.254395 0.0182841
11 0.958412 0.802976 0.0754019 0.384992 0.0171865
10 0.574126 0.557724 0.0899099 0.272048 0.0164149
11 0.963892 0.861075 0.0628633 0.251258 0.0123938
11 0.95962 0.774873 0.077408 0.158029 0.0115078
10 0.907895 0.657243 0.116134 0.439812 0.00827206
10 0.479377 0.438427 0.0470797 0.093758 0.00714549
11 0.873287 0.914454 0.21347 0.153299 0.00699488
10 0.539635 0.455569 0.0479353 0.143173 0.00641828
10 0.530887 0.404172 0.0381588 0.0868994 0.00455642
10 0.501033 0.416722 0.0947184 0.119101 0.00436051
6 0.961853 0.860941 0.066111 0.248802 0.00393114
10 0.954658 0.741816 0.0873625 0.348666 0.00383928
10 0.48721 0.456361 0.0649018 0.112694 0.00353685
9 0.206748 0.674359 0.102034 0.369844 0.00324016
11 0.971014 0.814252 0.0553911 0.163094 0.00300902
10 0.623178 0.478521 0.0652837 0.116515 0.00281622
10 0.362905 0.397718 0.0350688 0.0666778 0.00193256
10 0.536815 0.484143 0.0447945 0.248872 0.00169944
10 0.491541 0.462932 0.0878865 0.171883 0.00156052
10 0.405543 0.412876 0.0370233 0.0969682 0.00143116
10 0.035143 0.642765 0.0629423 0.513546 0.00136225
10 0.927169 0.58222 0.113704 0.28089 0.00128894
10 0.0236581 0.664997 0.0427075 0.516416 0.00112995
10 0.554549 0.460694 0.0605503 0.119099 0.00105517
