11 0.703712 0.857991 0.391921 0.263063 0.919491
6 0.467246 0.726724 0.234563 0.254776 0.229865
6 0.144684 0.737159 0.249458 0.30603 0.15801
6 0.78004 0.766929 0.335094 0.405895 0.157284
6 0.874277 0.724009 0.0890255 0.148704 0.155298
6 0.314747 0.699337 0.162512 0.287398 0.111942
6 0.808719 0.675615 0.345533 0.217529 0.107707
7 0.784428 0.755288 0.0299454 0.0584041 0.00883967
11 0.625241 0.854747 0.231508 0.260864 0.00651718
10 0.704978 0.855875 0.39174 0.261369 0.00511485
10 0.770542 0.771234 0.313826 0.393665 0.00397009
6 0.841079 0.711622 0.169402 0.16703 0.00229
7 0.791458 0.753085 0.0320503 0.0563179 0.00196402
6 0.25085 0.701447 0.338618 0.27165 0.00188714
7 0.779938 0.755749 0.0350933 0.0768666 0.00187324
6 0.44322 0.271873 0.830758 0.486879 0.00134583
6 0.406467 0.711413 0.355334 0.264002 0.00123957
7 0.780575 0.773863 0.0434235 0.109316 0.00103245
