11 0.384395 0.510713 0.145067 0.276963 0.804364
10 0.685585 0.312517 0.0469266 0.226741 0.663649
6 0.630922 0.376865 0.0484772 0.130686 0.218763
6 0.575284 0.408218 0.0624805 0.142785 0.108383
10 0.732856 0.259692 0.0505007 0.149331 0.0445439
11 0.630175 0.367627 0.0600368 0.132276 0.0290328
6 0.793137 0.465785 0.0959762 0.250604 0.0265756
11 0.618378 0.371006 0.0942608 0.141182 0.0248534
11 0.726606 0.379282 0.0846653 0.130051 0.0192605
6 0.531351 0.37186 0.113807 0.170861 0.0174137
6 0.610788 0.378992 0.0622207 0.154709 0.0169782
10 0.416142 0.318106 0.0321598 0.0936902 0.0131991
11 0.754247 0.385277 0.149767 0.14122 0.0125157
11 0.789352 0.45395 0.0950472 0.273584 0.0122061
11 0.754155 0.429097 0.16147 0.229306 0.0110574
11 0.694857 0.363463 0.0793376 0.149395 0.00881643
6 0.690921 0.365907 0.0593754 0.157942 0.00880531
6 0.533237 0.369986 0.064197 0.143789 0.00868479
11 0.641562 0.336108 0.100743 0.0894762 0.00723622
6 0.7089 0.368577 0.0810696 0.130695 0.00639272
11 0.653296 0.362448 0.109475 0.144182 0.00625088
11 0.521258 0.376706 0.0785866 0.153694 0.00533951
6 0.653208 0.358355 0.0854163 0.132147 0.00497471
11 0.605187 0.355217 0.152432 0.140876 0.00468909
11 0.685472 0.315446 0.0483746 0.229609 0.00419693
6 0.628107 0.411097 0.056945 0.189474 0.00419627
11 0.783384 0.40629 0.0907803 0.158123 0.0040351
11 0.628645 0.331816 0.0568291 0.0716812 0.00337814
6 0.564692 0.379446 0.0852382 0.171767 0.00316875
6 0.593981 0.40262 0.0873004 0.154666 0.00307874
6 0.221826 0.695922 0.120559 0.236398 0.00286246
6 0.724281 0.385461 0.0707674 0.1306 0.00283461
11 0.732128 0.407652 0.121287 0.188708 0.00228612
11 0.767871 0.362633 0.113164 0.103624 0.00224643
10 0.40615 0.322238 0.0495815 0.124404 0.00185051
6 0.620597 0.358129 0.0610531 0.117211 0.00181287
11 0.603549 0.401799 0.106458 0.175748 0.00180844
11 0.567513 0.385225 0.103232 0.159024 0.00179878
11 0.650974 0.399999 0.120495 0.213047 0.00159296
11 0.502843 0.367376 0.0881847 0.129755 0.00153602
11 0.588836 0.292459 0.127758 0.0892528 0.0013725
11 0.616511 0.336072 0.05994 0.080239 0.00133867
10 0.404826 0.345565 0.0347811 0.121878 0.00132238
11 0.193582 0.766487 0.136306 0.178629 0.00131775
6 0.579492 0.346302 0.110021 0.150155 0.00125276
10 0.952226 0.676 0.0631908 0.168285 0.00114058
7 0.488799 0.307577 0.0277723 0.0638764 0.00109641
6 0.198581 0.719044 0.126633 0.256983 0.001057
11 0.540971 0.3815 0.126398 0.166994 0.00105425
