10 0.839136 0.722364 0.296298 0.528294 0.908671
7 0.466077 0.74403 0.0528834 0.162146 0.853408
10 0.587881 0.554962 0.245141 0.380718 0.849069
10 0.182857 0.637728 0.348318 0.516087 0.840604
7 0.567842 0.860266 0.0816633 0.164208 0.785723
11 0.423444 0.855314 0.800465 0.284052 0.783602
7 0.552514 0.781584 0.03867 0.0737485 0.659235
7 0.43076 0.947765 0.064419 0.104469 0.57859
7 0.170632 0.961002 0.0939167 0.0742716 0.515241
2 0.0755838 0.928714 0.0762218 0.138732 0.389739
7 0.406545 0.826486 0.0683527 0.136639 0.262725
7 0.342519 0.863698 0.0436649 0.10483 0.228539
7 0.472805 0.948329 0.0499045 0.10049 0.158721
7 0.456022 0.947648 0.0853403 0.103503 0.157732
10 0.785417 0.880849 0.228304 0.229464 0.0847274
10 0.232651 0.599499 0.232483 0.447781 0.0226532
7 0.42723 0.828829 0.110681 0.164421 0.0132866
7 0.190864 0.961924 0.0541078 0.0732996 0.00942959
7 0.358066 0.876152 0.0753903 0.135046 0.00821598
2 0.0836487 0.929364 0.101925 0.141271 0.00613012
7 0.395827 0.81798 0.047111 0.103972 0.00602001
11 0.588213 0.553058 0.245363 0.382867 0.00556831
7 0.500612 0.806692 0.0591476 0.121992 0.00548661
7 0.552224 0.809557 0.0475792 0.109278 0.00217376
7 0.57683 0.837173 0.0514965 0.115718 0.00191256
10 0.208 0.550265 0.164599 0.352069 0.00162693
10 0.149524 0.547423 0.25129 0.334944 0.00153381
2 0.569328 0.84933 0.0729111 0.139558 0.0015197
7 0.538101 0.795241 0.0711722 0.0959748 0.00148206
11 0.235036 0.840303 0.451035 0.270959 0.00128486
