7 0.344758 0.69618 0.0814788 0.23634 0.881532
11 0.53529 0.803235 0.861396 0.365731 0.784031
2 0.686186 0.604202 0.072937 0.293766 0.782391
10 0.579284 0.542637 0.0945528 0.272096 0.462371
7 0.278038 0.723082 0.0648144 0.120964 0.461275
7 0.760223 0.653415 0.0525255 0.192263 0.274145
10 0.68985 0.593593 0.192724 0.27678 0.21783
7 0.549977 0.707378 0.0605507 0.146145 0.138336
7 0.609385 0.666215 0.0612876 0.0591306 0.0810506
7 0.55874 0.721191 0.0432051 0.124651 0.0673037
7 0.4238 0.703798 0.0750211 0.133146 0.0658083
2 0.57931 0.545278 0.0945203 0.282069 0.0514144
7 0.443888 0.703165 0.0872181 0.128118 0.0249644
7 0.485796 0.694436 0.0545124 0.112201 0.01574
7 0.604835 0.676182 0.0825022 0.0749271 0.0155589
7 0.618559 0.688637 0.106089 0.0995199 0.0108053
2 0.757175 0.617003 0.0545 0.271373 0.0101425
7 0.655841 0.732043 0.075134 0.192097 0.00716219
10 0.758625 0.655144 0.054662 0.196634 0.00606558
2 0.595161 0.608292 0.063405 0.15375 0.00583808
7 0.601166 0.617903 0.0498963 0.12145 0.00583142
2 0.61022 0.610356 0.0365677 0.130621 0.00284589
7 0.605521 0.707387 0.0919392 0.11262 0.00276412
7 0.550138 0.627993 0.053766 0.0967598 0.00213642
2 0.706378 0.604304 0.153151 0.287408 0.00208936
7 0.546084 0.660386 0.0535626 0.163466 0.00206801
6 0.691197 0.589762 0.192213 0.272447 0.00181289
7 0.589453 0.726643 0.0755973 0.122188 0.00151437
2 0.534081 0.616264 0.0890059 0.308586 0.00150183
7 0.637356 0.722943 0.121068 0.170804 0.00143695
10 0.692554 0.436444 0.214117 0.562974 0.00125403
2 0.628642 0.611018 0.0583068 0.141871 0.0012185
6 0.101031 0.84051 0.1727 0.282054 0.00114567
2 0.344854 0.695585 0.0809305 0.233925 0.00102406
