6 0.60647 0.64457 0.3934 0.278264 0.873958
11 0.521131 0.74036 0.290527 0.224372 0.851397
6 0.851601 0.76995 0.271452 0.316178 0.617653
11 0.850691 0.76968 0.271573 0.323149 0.00667333
10 0.522614 0.738373 0.292227 0.212126 0.00631464
11 0.243609 0.8235 0.447724 0.329107 0.00511509
11 0.599228 0.643469 0.403777 0.287171 0.00490506
11 0.577789 0.747652 0.17807 0.209631 0.00399648
6 0.553661 0.603232 0.275817 0.175414 0.00291375
6 0.362726 0.830175 0.216076 0.298079 0.00160229
11 0.968588 0.774639 0.0628237 0.103806 0.0014707
6 0.748199 0.618927 0.363431 0.192065 0.001426
10 0.606691 0.642171 0.389444 0.277237 0.00129206
