5 0.592194 0.499153 0.403198 0.221271 0.687189
5 0.527808 0.478148 0.268772 0.179743 0.378226
5 0.599073 0.629866 0.550684 0.482876 0.147091
6 0.575241 0.669764 0.631153 0.456139 0.141845
8 0.585965 0.501583 0.392546 0.226535 0.0542184
6 0.431316 0.628515 0.833067 0.505834 0.014369
8 0.575376 0.657488 0.625477 0.466278 0.0103805
5 0.396595 0.617231 0.767829 0.475528 0.00963299
5 0.381747 0.434217 0.217147 0.106017 0.00485649
5 0.471727 0.445521 0.17966 0.120547 0.00483779
5 0.441853 0.572425 0.330281 0.388919 0.00389079
5 0.421267 0.471387 0.285705 0.180691 0.00239613
5 0.646245 0.550399 0.525306 0.329592 0.00222274
6 0.309018 0.594137 0.577531 0.439423 0.001438
5 0.486906 0.459537 0.210841 0.180024 0.0014233
8 0.520572 0.473208 0.246348 0.169607 0.00128867
