10 0.660932 0.669985 0.262506 0.435362 0.759217
10 0.186101 0.641484 0.14465 0.333855 0.73308
10 0.380023 0.63939 0.196476 0.312547 0.723509
7 0.517469 0.653456 0.0352148 0.0533633 0.4887
10 0.525575 0.616983 0.0792631 0.140721 0.259558
7 0.479752 0.653729 0.0371987 0.0575649 0.188012
10 0.300389 0.566525 0.0635968 0.135624 0.110749
11 0.407743 0.780494 0.3105 0.266784 0.091331
6 0.363459 0.765708 0.34194 0.306963 0.0753494
11 0.503902 0.783272 0.137278 0.273774 0.038873
6 0.658008 0.798983 0.278471 0.337256 0.0341854
11 0.409333 0.6745 0.29264 0.0740834 0.031766
11 0.501858 0.679832 0.112744 0.0699895 0.0236162
10 0.50178 0.611908 0.12416 0.140189 0.0228923
11 0.501241 0.789563 0.649071 0.299015 0.0228783
2 0.490608 0.634962 0.0233301 0.0854355 0.0194439
11 0.56268 0.785956 0.2256 0.286545 0.0130188
7 0.526345 0.62109 0.070636 0.130328 0.0110758
6 0.390217 0.789074 0.209288 0.323275 0.00888981
10 0.334995 0.711567 0.297952 0.372432 0.00688683
11 0.491198 0.62507 0.105934 0.104214 0.00587854
10 0.537827 0.620721 0.0569978 0.120781 0.00465911
7 0.489547 0.637964 0.0272376 0.0803823 0.00463303
11 0.531285 0.685701 0.16137 0.202651 0.00393734
10 0.120833 0.629462 0.109897 0.306365 0.00342269
7 0.461536 0.641494 0.0430258 0.0863711 0.00329497
6 0.520969 0.612604 0.0822343 0.132699 0.00255826
10 0.431825 0.645036 0.0927456 0.122955 0.00246358
2 0.48245 0.646271 0.0382972 0.0762105 0.00237143
10 0.440445 0.609182 0.169838 0.199703 0.00213556
2 0.0805167 0.680066 0.060411 0.254248 0.00181036
10 0.128597 0.580725 0.0977859 0.211453 0.00171717
10 0.392667 0.561063 0.079413 0.137388 0.00159335
11 0.417828 0.665261 0.267597 0.170634 0.00119547
7 0.85021 0.485295 0.0657653 0.0784571 0.00115773
10 0.373416 0.552511 0.0974437 0.136795 0.00111953
11 0.524157 0.617459 0.0805591 0.140404 0.00106745
