4 0.289415 0.442104 0.465953 0.281594 0.817006
4 0.529151 0.426452 0.285795 0.214963 0.809873
4 0.655828 0.396803 0.188685 0.116438 0.592896
9 0.448052 0.496152 0.183693 0.247323 0.200397
9 0.408142 0.514377 0.100475 0.205961 0.0571787
5 0.656318 0.393914 0.196465 0.119522 0.030526
4 0.620986 0.396349 0.141775 0.106176 0.0257717
10 0.403327 0.535336 0.0931624 0.177377 0.0209251
4 0.712044 0.365085 0.344446 0.206066 0.0165864
10 0.766453 0.515042 0.206916 0.444904 0.0146483
10 0.438542 0.487197 0.165843 0.264071 0.0112711
4 0.81014 0.37604 0.234783 0.254639 0.00683452
0 0.438012 0.489967 0.164679 0.257493 0.003522
11 0.771533 0.897115 0.281486 0.191219 0.00319432
4 0.604119 0.342044 0.406295 0.174594 0.00298794
4 0.77608 0.437066 0.260497 0.394501 0.00286891
5 0.686464 0.343209 0.156309 0.143599 0.00280336
4 0.575676 0.385758 0.646345 0.273387 0.00183392
4 0.665759 0.372445 0.180377 0.110307 0.00155804
10 0.770865 0.431971 0.195172 0.283671 0.00144045
0 0.408142 0.514377 0.100475 0.205961 0.00109319
