0 0.531631 0.896407 0.270864 0.0918365 0.880943
0 0.214213 0.897754 0.211856 0.0840323 0.691203
10 0.739426 0.92599 0.196669 0.134746 0.289853
0 0.350531 0.887209 0.0794448 0.0932394 0.227658
10 0.950755 0.924223 0.0864253 0.127713 0.152592
10 0.712108 0.884048 0.0945917 0.0898369 0.131445
0 0.125602 0.897155 0.163682 0.0829418 0.119749
10 0.904868 0.893687 0.0924465 0.0798178 0.0921363
10 0.873761 0.924412 0.234589 0.136076 0.0839632
9 0.808718 0.91958 0.334618 0.14314 0.0688875
10 0.92394 0.901139 0.121474 0.0896221 0.0268716
10 0.744633 0.346797 0.107806 0.0980093 0.0234596
0 0.271028 0.892166 0.204293 0.0869604 0.0232573
9 0.347078 0.887271 0.0853091 0.0950951 0.0193129
0 0.814878 0.91924 0.341396 0.144312 0.0185868
10 0.810229 0.920368 0.337361 0.145702 0.0158219
9 0.529993 0.896165 0.2727 0.0913552 0.00742655
9 0.9074 0.894755 0.0986512 0.0817467 0.00612967
10 0.83877 0.944678 0.179235 0.0958395 0.00587794
9 0.708857 0.883662 0.0859735 0.0874397 0.00511757
11 0.160581 0.971394 0.236854 0.053268 0.00333118
10 0.725717 0.895523 0.162666 0.10434 0.0028256
10 0.0458058 0.89717 0.0529041 0.0777073 0.00197854
2 0.0417375 0.136121 0.062725 0.048868 0.00190483
10 0.532556 0.933842 0.334471 0.112176 0.00180148
0 0.231805 0.957224 0.389542 0.0740755 0.00168459
0 0.196824 0.891006 0.310481 0.102249 0.00165434
9 0.737276 0.902941 0.178833 0.129074 0.00159666
10 0.422345 0.945107 0.499023 0.0922375 0.00136302
2 0.421579 0.322715 0.0491964 0.0536235 0.00133348
