5 0.430112 0.609588 0.140972 0.178166 0.912815
10 0.833015 0.47829 0.298896 0.30665 0.302359
4 0.0956539 0.721717 0.154564 0.489435 0.172849
4 0.833591 0.477307 0.297344 0.306526 0.0113156
9 0.834443 0.478366 0.294059 0.308597 0.00942862
0 0.833692 0.479562 0.297148 0.309574 0.00942582
5 0.83189 0.482033 0.298072 0.304366 0.00663039
9 0.760192 0.524861 0.41926 0.299181 0.00382352
5 0.637096 0.529176 0.180406 0.26054 0.00348669
5 0.683329 0.528692 0.0830676 0.182153 0.00241053
8 0.832863 0.481247 0.297161 0.306416 0.00233287
0 0.760192 0.524861 0.41926 0.299181 0.00221348
6 0.834154 0.477136 0.295346 0.306952 0.00172829
2 0.884742 0.541857 0.155236 0.15362 0.00158448
5 0.743345 0.520387 0.215563 0.237947 0.00138745
2 0.202361 0.788263 0.0875043 0.174214 0.00118547
