3 0.55737 0.544251 0.675214 0.518233 0.904133
4 0.0414129 0.620848 0.0797218 0.0744147 0.766132
4 0.136975 0.618149 0.13796 0.078362 0.622143
10 0.592882 0.543445 0.0454095 0.076137 0.378331
10 0.618501 0.54349 0.0777338 0.0715122 0.332138
10 0.641905 0.543879 0.031294 0.0704407 0.289405
10 0.692989 0.53277 0.0459785 0.0821474 0.0709689
10 0.538722 0.554336 0.055484 0.0649178 0.0324687
10 0.558235 0.544485 0.0792269 0.0721266 0.0244829
4 0.981788 0.563059 0.0313591 0.0428995 0.0209315
10 0.905003 0.554964 0.0257587 0.0682164 0.0191868
4 0.965261 0.563187 0.0679653 0.0441059 0.015971
10 0.703876 0.523415 0.0450785 0.0872648 0.0149547
4 0.11813 0.614418 0.100917 0.0533086 0.0137657
10 0.656396 0.53645 0.0422564 0.0699375 0.00893871
4 0.0953404 0.612355 0.0663218 0.0509601 0.00746743
10 0.580719 0.545293 0.0390245 0.07519 0.00581724
10 0.397072 0.558638 0.0668356 0.156158 0.00569717
4 0.952311 0.564092 0.0419952 0.0416381 0.00259502
7 0.734114 0.389827 0.0287016 0.0653856 0.00256026
10 0.621588 0.562716 0.107463 0.108045 0.00160352
3 0.968981 0.561111 0.0569491 0.0467304 0.00153752
5 0.0419119 0.622114 0.0802403 0.0727652 0.00108887
