10 0.630358 0.679733 0.0950761 0.341269 0.860424
10 0.476928 0.59857 0.0347429 0.136487 0.801379
10 0.51613 0.619422 0.0395267 0.148965 0.775501
10 0.552033 0.599974 0.0376002 0.125037 0.733311
10 0.16205 0.586658 0.0412105 0.0859258 0.12716
10 0.127718 0.566721 0.0326901 0.0940871 0.0145672
4 0.425643 0.595241 0.0447503 0.0665446 0.00827729
11 0.55255 0.600116 0.0376947 0.123682 0.00743469
10 0.111477 0.60464 0.0669103 0.169822 0.00516868
8 0.692372 0.838165 0.0713051 0.0736336 0.00370616
8 0.302968 0.705869 0.0895873 0.0938496 0.00344314
11 0.515902 0.619221 0.039333 0.145819 0.00280187
6 0.378926 0.668706 0.0659128 0.0972216 0.00272469
9 0.162311 0.586805 0.0415025 0.0849869 0.00235006
10 0.150958 0.586665 0.0600664 0.111342 0.0022678
9 0.378926 0.668706 0.0659128 0.0972216 0.00167715
8 0.375928 0.668087 0.0693146 0.0979982 0.00126032
0 0.378926 0.668706 0.0659128 0.0972216 0.00118173
10 0.430376 0.596202 0.0419389 0.0795249 0.00109876
