7 0.695521 0.803458 0.127353 0.376743 0.904313
7 0.199119 0.4918 0.0721249 0.213095 0.897601
7 0.128405 0.807637 0.120836 0.368794 0.894693
7 0.816324 0.816911 0.136817 0.354041 0.892091
7 0.223663 0.829484 0.130183 0.325055 0.888845
7 0.120837 0.496693 0.0758605 0.231579 0.888162
7 0.75129 0.459506 0.0736401 0.236123 0.885234
11 0.51203 0.73836 0.975941 0.523279 0.869039
7 0.638111 0.51702 0.12389 0.284546 0.850178
10 0.0333116 0.129502 0.0640971 0.259003 0.787634
7 0.425096 0.724028 0.0750357 0.146291 0.766515
7 0.970984 0.516348 0.0498096 0.281374 0.711382
10 0.613461 0.144051 0.132161 0.257222 0.61946
10 0.367679 0.259205 0.107251 0.518411 0.617767
10 0.172713 0.147344 0.0853597 0.249895 0.522166
7 0.133978 0.217141 0.0690824 0.150873 0.461895
7 0.398487 0.620651 0.0626496 0.109191 0.387507
7 0.121074 0.206281 0.0428922 0.164784 0.307526
7 0.841416 0.476771 0.0787233 0.361758 0.179785
10 0.236721 0.164832 0.126404 0.26517 0.136948
7 0.342993 0.718845 0.0775562 0.234331 0.130295
7 0.349108 0.666789 0.0713135 0.126521 0.124958
10 0.0969837 0.125399 0.101202 0.182626 0.0774772
7 0.14627 0.23779 0.0532518 0.110856 0.0469817
7 0.716011 0.132769 0.0395963 0.113787 0.0415505
7 0.0710169 0.263075 0.0492729 0.0784722 0.0359746
7 0.0737336 0.234921 0.0442541 0.130282 0.033363
7 0.483965 0.651158 0.0832281 0.20211 0.022654
10 0.917392 0.202416 0.154256 0.39919 0.0222234
10 0.239431 0.277774 0.126865 0.488068 0.0151632
7 0.333289 0.773887 0.0852245 0.152277 0.00899679
2 0.120611 0.203111 0.0433022 0.159105 0.00889584
7 0.127076 0.237201 0.058004 0.11224 0.00877865
7 0.0512019 0.26474 0.0904813 0.0829949 0.00827596
2 0.078928 0.209487 0.0336877 0.127721 0.00714487
6 0.840975 0.46799 0.0808922 0.38268 0.00615418
7 0.326782 0.487816 0.0613176 0.349427 0.00578138
7 0.1568 0.235376 0.0333895 0.114306 0.00519566
11 0.11599 0.396084 0.222153 0.408526 0.00465353
10 0.89931 0.324443 0.18709 0.637091 0.00457864
7 0.837038 0.584848 0.0730835 0.143814 0.00427813
7 0.141648 0.176395 0.0710358 0.229827 0.00344225
10 0.0850568 0.142035 0.142389 0.281693 0.00296486
2 0.429168 0.479296 0.0610559 0.26077 0.00281165
10 0.195888 0.156567 0.184088 0.267619 0.00280711
10 0.121074 0.206281 0.0428922 0.164784 0.00278521
7 0.705153 0.164965 0.0480854 0.0780129 0.00236998
7 0.078928 0.209487 0.0336877 0.127721 0.00194375
11 0.173079 0.136634 0.0841654 0.215999 0.00184129
11 0.101178 0.130387 0.0872941 0.195742 0.00176545
2 0.84109 0.459605 0.0729465 0.415933 0.00170124
6 0.483965 0.651158 0.0832281 0.20211 0.0016959
2 0.224509 0.827984 0.128606 0.331103 0.00161151
6 0.117253 0.390287 0.220097 0.404556 0.00142407
2 0.638229 0.516304 0.125028 0.289456 0.00137968
7 0.428764 0.477062 0.0634941 0.261201 0.00123235
2 0.0326531 0.13022 0.0628751 0.26044 0.00118868
7 0.951559 0.528307 0.0867447 0.281414 0.00116356
