4 0.664855 0.286689 0.479222 0.165209 0.929998
4 0.228362 0.269256 0.126307 0.0611618 0.822826
4 0.0307686 0.272511 0.0563964 0.0543466 0.63764
2 0.542406 0.788518 0.593084 0.218197 0.0638169
9 0.0318498 0.272546 0.0543792 0.0534366 0.0253555
10 0.097206 0.257029 0.0421994 0.0350373 0.0219162
5 0.0307686 0.272511 0.0563964 0.0543466 0.00804369
10 0.0318498 0.272546 0.0543792 0.0534366 0.00545637
7 0.542011 0.786552 0.599173 0.223692 0.00223168
4 0.187025 0.257888 0.0429336 0.0385017 0.00145966
4 0.0138338 0.27656 0.0269447 0.0568752 0.00102258
4 0.102421 0.256597 0.0494972 0.0356076 0.00100471
