2 0.701003 0.564656 0.0655688 0.264309 0.859099
2 0.374232 0.552688 0.066384 0.265961 0.851837
11 0.498007 0.794293 0.938775 0.343736 0.85169
2 0.455565 0.563972 0.0658055 0.259404 0.844395
2 0.619475 0.554295 0.0644252 0.258339 0.837209
2 0.289862 0.558673 0.063217 0.265135 0.828538
2 0.213857 0.554687 0.0598454 0.250891 0.828301
2 0.5372 0.553101 0.0626528 0.258836 0.80486
2 0.780675 0.553573 0.0551954 0.246565 0.767796
2 0.862566 0.551631 0.0597584 0.237513 0.766307
2 0.13764 0.555945 0.0632473 0.260479 0.745185
7 0.332889 0.642596 0.0389404 0.0706032 0.147662
2 0.819077 0.55939 0.040493 0.25309 0.126053
2 0.836121 0.558953 0.0752132 0.237564 0.0457965
7 0.414806 0.641128 0.0460367 0.0717871 0.018066
7 0.819048 0.580344 0.0445068 0.209793 0.00189038
2 0.478453 0.558411 0.0497705 0.252637 0.00169482
7 0.135299 0.618166 0.0503871 0.144701 0.00152054
