9 0.585989 0.589581 0.0582735 0.133991 0.873164
10 0.40151 0.693283 0.13176 0.43627 0.829456
10 0.584875 0.538683 0.0544051 0.157378 0.817931
10 0.134003 0.541856 0.0348783 0.111727 0.774861
4 0.372312 0.519796 0.077257 0.102331 0.54494
9 0.243487 0.56905 0.0397266 0.102609 0.185663
9 0.132946 0.543991 0.0357213 0.108423 0.126456
9 0.31748 0.551707 0.0378065 0.101274 0.107542
9 0.294558 0.540309 0.0829752 0.11001 0.03837
4 0.279709 0.525738 0.113904 0.161394 0.0269372
10 0.316567 0.51752 0.0320517 0.0808941 0.0215563
10 0.241143 0.552582 0.0363222 0.115967 0.0213224
10 0.236016 0.53152 0.0312942 0.11802 0.0183845
10 0.208863 0.507828 0.0244401 0.067658 0.0182086
9 0.249083 0.553314 0.0528558 0.125464 0.0142221
9 0.271977 0.537259 0.0291757 0.0930539 0.0133831
9 0.207863 0.509896 0.0235748 0.0701324 0.0133792
9 0.279029 0.541331 0.109646 0.143105 0.0101744
10 0.231495 0.51445 0.0311823 0.0978662 0.00846518
10 0.317139 0.539014 0.0360181 0.102501 0.00621027
10 0.280689 0.506876 0.0436744 0.110457 0.00556924
0 0.133325 0.544425 0.0342615 0.106453 0.00485839
9 0.20213 0.516741 0.0289412 0.0721846 0.00448531
9 0.516143 0.537339 0.0706416 0.0669819 0.0042917
9 0.192037 0.529949 0.0454338 0.0663531 0.00280505
10 0.223534 0.502467 0.0415676 0.0766084 0.00255569
9 0.501417 0.532616 0.0553871 0.0629422 0.0024598
10 0.272239 0.524613 0.0374505 0.114401 0.0021719
10 0.45161 0.641406 0.115453 0.306364 0.00163878
10 0.215245 0.506088 0.0344495 0.0746745 0.00149939
10 0.203759 0.518701 0.0257994 0.0698616 0.00144311
10 0.245816 0.535686 0.0485725 0.138681 0.00121699
9 0.605829 0.573529 0.0305192 0.0799955 0.00103911
