9 0.51146 0.91506 0.107743 0.115366 0.828941
10 0.464083 0.882325 0.0296184 0.0988858 0.644979
4 0.0384172 0.882792 0.0652728 0.0674825 0.629169
6 0.322941 0.918716 0.0416625 0.0721069 0.476119
10 0.37628 0.86796 0.0291806 0.0788339 0.270664
10 0.52677 0.877019 0.0340845 0.0875155 0.246888
4 0.0698973 0.892303 0.0504732 0.0705925 0.0990635
10 0.197056 0.903436 0.0353924 0.0751256 0.0833447
11 0.368741 0.909903 0.0531864 0.0688474 0.0803934
11 0.323189 0.92115 0.0424339 0.0707529 0.0670875
6 0.370207 0.909303 0.0513885 0.0695996 0.0269013
6 0.294854 0.916099 0.034877 0.0796635 0.0262891
6 0.312653 0.915895 0.0645898 0.0785374 0.0188703
6 0.332793 0.917277 0.0397132 0.0638548 0.0167413
6 0.272618 0.913727 0.061907 0.0781943 0.0107523
10 0.106736 0.891512 0.0263327 0.0685611 0.010275
6 0.201951 0.904812 0.0420467 0.0743467 0.00911513
10 0.166748 0.879609 0.0298835 0.0486528 0.00700353
6 0.344758 0.913465 0.0382419 0.0655804 0.00682921
10 0.363445 0.885715 0.0517687 0.0857675 0.00662072
11 0.314855 0.913028 0.0516503 0.075061 0.00470984
10 0.139897 0.892879 0.0384357 0.0717863 0.00470836
11 0.355682 0.90752 0.0502091 0.0636989 0.00470011
6 0.355682 0.90752 0.0502091 0.0636989 0.0044026
10 0.0832536 0.892935 0.0453769 0.071848 0.00407935
10 0.360539 0.902949 0.0531193 0.0676411 0.00370822
9 0.464797 0.881951 0.0289427 0.102062 0.00368713
10 0.0702278 0.894678 0.0446521 0.0692313 0.00351497
9 0.0367495 0.881075 0.0638355 0.0680296 0.00337628
10 0.36771 0.869625 0.0433711 0.0790239 0.00333226
10 0.183207 0.895526 0.0397987 0.0696319 0.00314914
6 0.294348 0.916129 0.148714 0.0800808 0.00283056
10 0.0378697 0.881735 0.0645647 0.0669827 0.00263817
10 0.105565 0.897075 0.0846614 0.0731792 0.00261277
10 0.238192 0.862509 0.0240868 0.0527746 0.00257919
9 0.363895 0.91178 0.0716182 0.0658512 0.00246126
6 0.395079 0.901622 0.0350603 0.0716939 0.00244733
10 0.123938 0.895379 0.0642645 0.0725604 0.00239547
6 0.341586 0.913633 0.107336 0.0686746 0.002346
10 0.216139 0.894187 0.0371334 0.0785338 0.00207136
10 0.490588 0.871701 0.0327816 0.0648368 0.00206444
10 0.263519 0.874565 0.0352274 0.0384943 0.00200907
10 0.139644 0.894206 0.069777 0.0793618 0.00193378
11 0.381559 0.906322 0.0553799 0.0723533 0.00188605
10 0.155703 0.890211 0.0386315 0.0698204 0.00185801
11 0.344758 0.913465 0.0382419 0.0655804 0.00178838
11 0.341586 0.913633 0.107336 0.0686746 0.00178198
10 0.389596 0.892383 0.0420367 0.0755518 0.00173505
5 0.203435 0.422876 0.396612 0.845752 0.00168383
5 0.0384172 0.882792 0.0652728 0.0674825 0.00160086
11 0.298109 0.914007 0.0422444 0.0786404 0.00144533
10 0.513935 0.875 0.0547979 0.083897 0.00126658
6 0.0730268 0.893115 0.0519239 0.0740399 0.00124252
3 0.0367895 0.850831 0.0659468 0.0783691 0.00123854
10 0.0166754 0.869414 0.0257989 0.0580786 0.00117596
11 0.263517 0.874815 0.0444124 0.0361516 0.00114713
4 0.0832536 0.892935 0.0453769 0.071848 0.00107477
6 0.266969 0.891296 0.0473586 0.0612221 0.00104813
11 0.0698973 0.892303 0.0504732 0.0705925 0.00104576
