10 0.53692 0.589818 0.101456 0.229428 0.878082
11 0.432326 0.897393 0.830375 0.189278 0.871832
10 0.430464 0.578131 0.141335 0.243347 0.847629
11 0.383681 0.746877 0.384557 0.137192 0.734085
6 0.818541 0.907027 0.332401 0.181491 0.371943
6 0.357017 0.65023 0.0949092 0.106792 0.341305
11 0.299101 0.651171 0.151176 0.0836903 0.101649
6 0.789787 0.669028 0.153019 0.145909 0.027598
11 0.782005 0.849454 0.277461 0.268758 0.0131893
6 0.488035 0.742405 0.354116 0.151938 0.0101472
6 0.133622 0.86001 0.249175 0.245363 0.00963807
2 0.345184 0.560291 0.0286428 0.0601194 0.00912414
11 0.324534 0.642431 0.157308 0.0855179 0.00888045
2 0.356275 0.562017 0.0335318 0.0622968 0.00826359
6 0.543237 0.832564 0.243281 0.334872 0.0059489
2 0.333493 0.566972 0.0314447 0.061989 0.00577262
6 0.366206 0.65943 0.12076 0.162098 0.00438071
6 0.351771 0.736791 0.125509 0.178158 0.00426992
11 0.488035 0.742405 0.354116 0.151938 0.00376393
7 0.329938 0.597863 0.0267426 0.0365673 0.00370529
2 0.329938 0.597863 0.0267426 0.0365673 0.00342073
2 0.360535 0.571683 0.0488198 0.0616091 0.00297762
6 0.75734 0.846419 0.323132 0.270364 0.00296048
10 0.374256 0.61061 0.0602385 0.154784 0.0027502
11 0.328724 0.637385 0.0996116 0.0829872 0.00261944
2 0.333514 0.557857 0.0246377 0.053306 0.00249186
11 0.807238 0.906853 0.325585 0.175426 0.0023779
7 0.303134 0.613679 0.0319357 0.0384363 0.00221897
10 0.388579 0.746824 0.401298 0.136214 0.00216825
2 0.340809 0.580061 0.0437802 0.0570546 0.00198727
6 0.555352 0.74716 0.224101 0.166299 0.00174169
6 0.381141 0.608865 0.0506113 0.166798 0.00142807
2 0.319491 0.591749 0.0572216 0.0494356 0.00119541
11 0.792099 0.725341 0.206178 0.0761099 0.0011952
11 0.133408 0.740391 0.248245 0.0856028 0.00111379
2 0.334433 0.590342 0.0356915 0.0506361 0.0010439
