11 0.492125 0.563485 0.955115 0.814788 0.84709
2 0.654547 0.181692 0.071049 0.142257 0.0186636
7 0.656446 0.184408 0.0718435 0.145285 0.0148113
6 0.654547 0.181692 0.071049 0.142257 0.00535027
11 0.42484 0.430107 0.812939 0.48409 0.00398283
6 0.218454 0.77461 0.414441 0.409166 0.00391579
6 0.741346 0.777289 0.451529 0.390889 0.00244838
2 0.216862 0.0572079 0.0744191 0.10404 0.00175323
2 0.970846 0.429066 0.052568 0.373977 0.00118182
7 0.652285 0.468855 0.0754596 0.102944 0.00118036
2 0.474722 0.265135 0.0379384 0.0987262 0.00104201
