4 0.522876 0.733264 0.202662 0.240466 0.649915
4 0.723855 0.708639 0.161456 0.190395 0.539076
4 0.886236 0.739287 0.222421 0.220883 0.297258
4 0.324979 0.74207 0.24738 0.307344 0.207811
4 0.839816 0.750128 0.131831 0.133221 0.0796047
4 0.66984 0.717468 0.149083 0.200325 0.0490595
10 0.32541 0.593393 0.259394 0.571107 0.0471132
4 0.953302 0.677814 0.0860245 0.153161 0.0397741
4 0.373969 0.692944 0.120039 0.153372 0.026827
4 0.374578 0.71501 0.149025 0.220596 0.0232807
4 0.87093 0.757269 0.203577 0.144833 0.0198683
4 0.31837 0.600848 0.273254 0.583822 0.0193331
4 0.694598 0.630109 0.238963 0.349234 0.0181221
4 0.42228 0.725804 0.21817 0.242161 0.0164104
4 0.920566 0.685293 0.149643 0.18322 0.0129296
4 0.600008 0.755848 0.266493 0.305227 0.0103009
4 0.457142 0.766243 0.554108 0.339667 0.00974714
5 0.703205 0.709403 0.203163 0.191346 0.00852828
4 0.919794 0.787597 0.150072 0.154872 0.00690883
4 0.848921 0.776157 0.277801 0.190765 0.00552966
10 0.953656 0.670533 0.0926889 0.15996 0.00529537
5 0.890135 0.725959 0.211879 0.23468 0.0050195
5 0.665081 0.706466 0.130012 0.181949 0.00388834
10 0.367713 0.556311 0.174543 0.496968 0.00345773
6 0.326425 0.575241 0.257057 0.539006 0.00322563
4 0.649069 0.663888 0.183704 0.308727 0.00313435
10 0.405297 0.590106 0.0725237 0.143045 0.00255481
11 0.56378 0.808936 0.354853 0.281655 0.00254771
2 0.362552 0.584166 0.190484 0.545784 0.00240996
10 0.905386 0.707273 0.179569 0.18314 0.00231853
10 0.664866 0.705102 0.130888 0.18245 0.00223812
1 0.31837 0.600848 0.273254 0.583822 0.00197096
2 0.442288 0.402647 0.258013 0.575831 0.00182936
4 0.786775 0.602525 0.383705 0.451057 0.00170308
10 0.296414 0.507775 0.253467 0.457046 0.00163511
4 0.375388 0.651393 0.0976088 0.0816856 0.00159569
4 0.431343 0.619232 0.605889 0.617901 0.00146703
5 0.520983 0.733943 0.200193 0.24154 0.00140102
10 0.662154 0.591624 0.220684 0.474815 0.00115942
2 0.381261 0.495308 0.141558 0.35983 0.00111765
3 0.521304 0.733068 0.197048 0.238465 0.00105134
7 0.649107 0.7583 0.170479 0.275836 0.00102896
