10 0.489252 0.548205 0.183434 0.56614 0.882123
10 0.248855 0.665298 0.248026 0.582057 0.84889
0 0.502006 0.701117 0.340732 0.393537 0.843012
10 0.658805 0.507583 0.0942795 0.392259 0.841885
10 0.0347644 0.469285 0.0562974 0.113259 0.76872
10 0.118321 0.501026 0.0565657 0.230271 0.74991
10 0.236719 0.406616 0.0742157 0.1048 0.728234
0 0.946425 0.640802 0.101411 0.336813 0.715241
10 0.191505 0.42839 0.0312004 0.0634946 0.712407
4 0.381357 0.499994 0.154611 0.23719 0.545585
10 0.134322 0.43605 0.029468 0.0794794 0.443295
10 0.0756449 0.44923 0.0352597 0.0674 0.22522
10 0.0478161 0.584488 0.0808428 0.34805 0.14171
10 0.454477 0.366024 0.0447316 0.0723187 0.0993578
0 0.0620376 0.691355 0.106575 0.348832 0.0899467
10 0.115767 0.461578 0.0449319 0.141723 0.0424313
10 0.0789278 0.475567 0.0456694 0.104417 0.0269423
0 0.948763 0.594231 0.0971573 0.207451 0.0219441
10 0.0484342 0.402686 0.0346975 0.0604888 0.0158399
10 0.176948 0.429879 0.04397 0.062448 0.0122289
10 0.153906 0.424381 0.0279781 0.07609 0.0117281
2 0.0701553 0.12349 0.048111 0.164878 0.0112899
10 0.190306 0.444932 0.038803 0.085884 0.0110247
5 0.236388 0.407067 0.0758662 0.1047 0.0106665
0 0.399696 0.671104 0.110374 0.216599 0.00946057
10 0.0874349 0.459826 0.0407259 0.115958 0.00886056
10 0.16088 0.418443 0.0349649 0.0750959 0.00872336
10 0.0385141 0.39938 0.0464575 0.0624753 0.00717291
10 0.119123 0.425249 0.0371205 0.0688904 0.00637039
11 0.235715 0.407416 0.0722506 0.104879 0.00454934
10 0.138649 0.487185 0.0447746 0.182563 0.00396942
0 0.0461832 0.591417 0.0872563 0.302345 0.00383309
0 0.0815889 0.490614 0.0539828 0.10133 0.00379859
0 0.398227 0.582551 0.130721 0.383256 0.00354248
10 0.015743 0.437822 0.0218606 0.0657462 0.00341124
10 0.023544 0.460559 0.0366864 0.100528 0.00338318
10 0.104545 0.463505 0.0319796 0.129149 0.00331467
10 0.016853 0.39581 0.0257704 0.0675946 0.00319841
10 0.0959095 0.443925 0.0508832 0.103857 0.00316321
10 0.0346224 0.426158 0.0424985 0.0769862 0.00311322
10 0.983187 0.572194 0.0293987 0.267701 0.00291919
10 0.970875 0.585712 0.0530233 0.238618 0.00288712
10 0.041097 0.513012 0.0688604 0.204645 0.00282211
0 0.0835383 0.516707 0.0711062 0.115321 0.00236744
10 0.0491886 0.421183 0.0403425 0.0858446 0.00190067
11 0.0346312 0.468941 0.0557716 0.114931 0.00188793
4 0.949748 0.582213 0.0965733 0.196527 0.00188016
6 0.252252 0.661375 0.245237 0.531807 0.0018751
0 0.454211 0.673095 0.265904 0.257007 0.00184904
6 0.061381 0.686812 0.104597 0.360547 0.00183626
10 0.0605625 0.676362 0.104847 0.377138 0.00182946
10 0.317456 0.658773 0.10877 0.62337 0.00180101
10 0.0618239 0.446481 0.0506401 0.0686713 0.00179564
7 0.962866 0.945305 0.0672047 0.105013 0.0017565
11 0.949748 0.582213 0.0965733 0.196527 0.00172189
10 0.0322095 0.439941 0.0569784 0.177845 0.00157915
10 0.255533 0.416157 0.0466661 0.0800131 0.0012692
0 0.72574 0.753872 0.142626 0.160124 0.00115255
10 0.450037 0.375713 0.0571101 0.0975831 0.001117
6 0.256154 0.746374 0.212119 0.359274 0.00109772
6 0.193038 0.0797504 0.0789568 0.159501 0.00109026
10 0.192371 0.407393 0.0435018 0.0777176 0.00107701
10 0.122035 0.444714 0.0396929 0.105856 0.00105481
10 0.768307 0.604113 0.100503 0.391933 0.00104074
