6 0.206186 0.546336 0.151267 0.263434 0.889827
6 0.776341 0.765737 0.425149 0.430256 0.490156
6 0.670696 0.562187 0.619092 0.514017 0.320837
2 0.581633 0.446068 0.0393629 0.0843358 0.286484
2 0.565933 0.446009 0.0293803 0.0827026 0.212055
6 0.515163 0.507915 0.232416 0.237592 0.0535437
6 0.448528 0.648856 0.254564 0.327399 0.0449755
2 0.610623 0.458116 0.0284156 0.0760233 0.0290644
11 0.50916 0.523218 0.226523 0.0944473 0.0279598
6 0.534181 0.648737 0.298634 0.363294 0.0193434
6 0.779743 0.546849 0.415613 0.471131 0.019336
2 0.579649 0.453729 0.0628169 0.102449 0.0169653
2 0.568319 0.457711 0.0404389 0.113521 0.00771936
11 0.909786 0.558503 0.16059 0.13151 0.00445382
11 0.0713304 0.76296 0.127612 0.450849 0.00435075
10 0.675373 0.56461 0.611015 0.51476 0.00375406
6 0.537044 0.571524 0.286425 0.227715 0.00360562
11 0.884101 0.573727 0.214315 0.166632 0.00293056
11 0.568303 0.491809 0.127306 0.102083 0.00251269
10 0.552771 0.644678 0.325567 0.363701 0.00243548
6 0.486807 0.492355 0.139184 0.199397 0.00238506
10 0.537044 0.571524 0.286425 0.227715 0.00224708
6 0.610685 0.651847 0.498587 0.344354 0.00215822
11 0.425178 0.655095 0.210225 0.241618 0.00198071
11 0.553711 0.512316 0.312042 0.108977 0.00194033
10 0.553711 0.512316 0.312042 0.108977 0.00175099
6 0.428853 0.630173 0.21616 0.216624 0.00160524
2 0.865154 0.519338 0.0407614 0.0755246 0.00150775
11 0.0449134 0.507224 0.0844794 0.116257 0.00122514
6 0.476327 0.66793 0.165189 0.331076 0.00116676
6 0.495621 0.601518 0.213454 0.40638 0.0010188
