9 0.329815 0.63985 0.242036 0.254631 0.882427
9 0.656325 0.648033 0.267699 0.272204 0.87913
10 0.0483185 0.603049 0.0609321 0.273836 0.828103
9 0.471844 0.640341 0.1637 0.264341 0.817317
10 0.491929 0.573105 0.0827741 0.337 0.816108
10 0.35472 0.597275 0.10178 0.317414 0.794951
10 0.871713 0.493741 0.051321 0.127743 0.788449
10 0.616189 0.497735 0.0710482 0.166182 0.779575
10 0.0978103 0.601659 0.0564109 0.246623 0.751063
10 0.805637 0.521992 0.0783715 0.218265 0.738815
10 0.665622 0.570875 0.0879859 0.268393 0.706403
9 0.815117 0.643701 0.194786 0.257034 0.457556
10 0.698308 0.467875 0.0702389 0.117756 0.30921
10 0.766427 0.504435 0.0655132 0.147703 0.290936
10 0.124118 0.587201 0.0510169 0.254484 0.181352
10 0.146731 0.481545 0.050527 0.111932 0.170087
9 0.752987 0.64493 0.314291 0.264261 0.0580888
10 0.907919 0.513048 0.0482136 0.204422 0.0520796
10 0.687049 0.457929 0.0483068 0.0939361 0.0478302
10 0.897227 0.513932 0.0637814 0.169163 0.0239408
10 0.780183 0.603307 0.114975 0.287845 0.0185884
10 0.62827 0.562405 0.101134 0.260633 0.0153863
10 0.78766 0.456101 0.0359301 0.0930159 0.0141937
10 0.136957 0.581517 0.0610198 0.282544 0.012263
10 0.145232 0.525059 0.0542375 0.206777 0.012219
10 0.683344 0.446229 0.0382079 0.0694919 0.00819875
10 0.321058 0.460009 0.0365691 0.0695845 0.00814592
10 0.785764 0.471094 0.0442785 0.130755 0.00722229
10 0.0196314 0.598462 0.0275466 0.228758 0.00515521
10 0.367344 0.574742 0.07267 0.262722 0.00498749
10 0.316649 0.585138 0.0667222 0.310981 0.00428818
10 0.662999 0.493052 0.0947485 0.157045 0.00420185
0 0.329766 0.639341 0.242213 0.25422 0.00294929
10 0.324384 0.483781 0.0502181 0.116327 0.00253208
10 0.675359 0.473174 0.0671463 0.126941 0.00221719
2 0.727317 0.527649 0.0267733 0.0788973 0.00161135
10 0.758927 0.54348 0.0819044 0.218674 0.00140749
9 0.502668 0.595403 0.0720936 0.238699 0.00117009
10 0.773568 0.475517 0.0597799 0.121884 0.00102548
