4 0.901905 0.741066 0.181159 0.171482 0.845048
4 0.259449 0.880988 0.309671 0.182547 0.843222
4 0.0570397 0.828705 0.106532 0.15868 0.842575
4 0.392232 0.548769 0.112763 0.0885668 0.804766
4 0.359697 0.814696 0.213234 0.16277 0.679656
4 0.788984 0.514892 0.0293838 0.0359137 0.215889
10 0.529103 0.53766 0.0333888 0.0619536 0.154169
4 0.779028 0.511939 0.0476664 0.0411933 0.111388
4 0.528527 0.537096 0.0348125 0.0598551 0.0699083
4 0.710743 0.519843 0.0520884 0.0396105 0.0560224
4 0.768708 0.505045 0.042648 0.0414097 0.0557284
4 0.158045 0.793728 0.102678 0.0625653 0.0410588
0 0.474658 0.63568 0.0524221 0.103577 0.0325571
4 0.965101 0.708902 0.0556389 0.0563524 0.0235281
4 0.742928 0.720951 0.111767 0.061703 0.0194167
4 0.486255 0.560426 0.0470695 0.0706816 0.018106
10 0.966365 0.522599 0.0424063 0.154932 0.0159708
4 0.447652 0.555022 0.0313863 0.0506884 0.0121472
4 0.732972 0.730393 0.142501 0.0761003 0.0107559
4 0.710152 0.531698 0.0475476 0.046182 0.0106508
0 0.48346 0.655098 0.0351823 0.0652539 0.00986325
4 0.978146 0.715983 0.0315359 0.04461 0.00936233
4 0.662545 0.702269 0.0417719 0.046416 0.00864579
4 0.719182 0.509372 0.0539685 0.0486688 0.00763882
4 0.739694 0.511602 0.0817362 0.0493904 0.00760254
9 0.52784 0.537096 0.0350007 0.0607444 0.00708915
4 0.46704 0.547913 0.0980353 0.0733064 0.00665507
4 0.749459 0.503929 0.0691402 0.0477213 0.00661883
4 0.941549 0.701436 0.107097 0.0677786 0.00638998
4 0.655839 0.691027 0.0703955 0.0643558 0.00555464
4 0.770296 0.510392 0.0569817 0.0507529 0.00497838
4 0.159437 0.852655 0.125534 0.166989 0.00485684
4 0.434873 0.546566 0.058315 0.0653947 0.00443908
4 0.640862 0.686766 0.0916161 0.0775946 0.00430743
4 0.689374 0.52843 0.0307706 0.0339163 0.00420992
4 0.15585 0.820863 0.106382 0.118692 0.00387062
0 0.725085 0.682343 0.0607446 0.0724186 0.00370133
0 0.528728 0.537022 0.0343697 0.0613161 0.00369481
4 0.201405 0.938004 0.39414 0.123992 0.00328113
9 0.375373 0.812422 0.181368 0.15831 0.00318281
4 0.72858 0.51929 0.0722264 0.0515753 0.00307548
4 0.489727 0.54758 0.0486757 0.0532174 0.00287957
4 0.36168 0.78441 0.150565 0.102009 0.002783
0 0.942493 0.847579 0.0913888 0.112726 0.00246328
10 0.928488 0.510258 0.0303119 0.140686 0.00226422
4 0.563466 0.534313 0.019495 0.0449068 0.00219893
10 0.972849 0.715829 0.0296667 0.0452992 0.00200938
4 0.581586 0.531222 0.0600731 0.0461874 0.00195224
4 0.691113 0.521821 0.0362353 0.0385214 0.00194796
4 0.505709 0.537674 0.0612385 0.0615056 0.00194289
4 0.473974 0.531286 0.0840153 0.0792933 0.00187848
4 0.746722 0.696744 0.107591 0.0773262 0.00183171
4 0.80009 0.509896 0.0780815 0.048282 0.00155763
10 0.560868 0.532174 0.0191163 0.0516125 0.00152694
4 0.589046 0.525764 0.0860797 0.0597998 0.00147144
4 0.491476 0.540457 0.0644377 0.0741435 0.00142852
4 0.730803 0.70991 0.141083 0.0853246 0.00133856
5 0.392482 0.550495 0.113598 0.089748 0.00130702
10 0.37114 0.521789 0.0541723 0.052339 0.00124584
4 0.184007 0.798087 0.108399 0.0645345 0.00122329
4 0.820194 0.521533 0.0442228 0.0449909 0.00120191
4 0.37114 0.521789 0.0541723 0.052339 0.00119144
4 0.3603 0.54541 0.0636645 0.0775195 0.00118908
9 0.253991 0.878564 0.311145 0.182817 0.00117369
4 0.676853 0.529939 0.0394553 0.0377182 0.00113366
4 0.427832 0.532756 0.0721124 0.0656065 0.00113184
5 0.0570397 0.828705 0.106532 0.15868 0.00112956
4 0.811291 0.516865 0.0575281 0.0410477 0.00110199
