1 0.924516 0.809438 0.145326 0.103921 0.792085
1 0.741208 0.808567 0.28209 0.0931366 0.77102
1 0.926362 0.679182 0.0930561 0.0386612 0.219417
1 0.360252 0.676386 0.239497 0.0728881 0.0762845
1 0.640008 0.671826 0.146925 0.0511381 0.0441227
1 0.856016 0.633556 0.283775 0.0918203 0.0113919
1 0.554275 0.665996 0.144876 0.0598408 0.00700052
1 0.547947 0.675387 0.126564 0.040985 0.00520903
1 0.335894 0.680815 0.166622 0.0526566 0.0040289
1 0.591365 0.671805 0.232987 0.0523857 0.00375171
1 0.392616 0.672803 0.169098 0.0510881 0.00298107
1 0.933999 0.669113 0.115312 0.0504072 0.00242241
1 0.815513 0.813938 0.133183 0.0568499 0.00199896
1 0.687664 0.807571 0.172172 0.0907865 0.0019401
1 0.0492413 0.685353 0.097301 0.0701558 0.00178838
1 0.502636 0.686898 0.117357 0.0317017 0.0015449
1 0.512307 0.680619 0.124793 0.0363533 0.00134436
1 0.645686 0.65873 0.133562 0.0539714 0.00130462
1 0.756017 0.65565 0.139417 0.0539158 0.00128552
1 0.41093 0.659825 0.114725 0.029631 0.00126373
1 0.93663 0.65338 0.122388 0.0820761 0.00106592
1 0.816616 0.647905 0.183576 0.0650308 0.00103948
