9 0.695922 0.647276 0.533214 0.624898 0.904043
1 0.270483 0.783686 0.0728988 0.0512942 0.375301
1 0.226781 0.78519 0.16005 0.0493132 0.084872
1 0.194713 0.786253 0.0908945 0.0457443 0.0751776
1 0.257924 0.782956 0.0638322 0.0343503 0.00401805
1 0.230862 0.770591 0.172463 0.0774147 0.00308911
1 0.115256 0.790194 0.0380008 0.0437411 0.00295255
1 0.36614 0.742827 0.112063 0.122262 0.00286526
1 0.0821356 0.791575 0.0991796 0.0553763 0.00253339
1 0.277302 0.749277 0.0905344 0.0807218 0.00187358
1 0.263072 0.771913 0.0866684 0.0653512 0.00156237
1 0.0416661 0.780673 0.0407715 0.0314142 0.00145216
1 0.0992506 0.753395 0.132681 0.1151 0.00139849
1 0.206193 0.784661 0.0693847 0.032223 0.00112345
1 0.279447 0.749333 0.0461766 0.0792471 0.001079
