6 0.36272 0.726249 0.449047 0.410868 0.584762
8 0.467111 0.685345 0.248293 0.178096 0.177165
6 0.295815 0.85525 0.149222 0.131586 0.0746031
6 0.451267 0.735526 0.30199 0.278597 0.0677959
5 0.469638 0.684265 0.244792 0.177149 0.0306558
6 0.390839 0.817018 0.348145 0.216401 0.0188019
8 0.413994 0.736759 0.342704 0.28204 0.0167904
11 0.459021 0.749928 0.582579 0.366795 0.0136722
6 0.697597 0.55473 0.559099 0.28298 0.0119342
6 0.55254 0.394498 0.850973 0.666636 0.0108393
6 0.47388 0.686963 0.244028 0.181112 0.00975646
6 0.493105 0.801478 0.209097 0.147776 0.00811941
6 0.521045 0.620515 0.237576 0.205914 0.00787959
8 0.372707 0.742619 0.443681 0.381292 0.00786216
6 0.560601 0.775396 0.373963 0.211266 0.00664147
10 0.456554 0.71404 0.275595 0.236965 0.00635195
6 0.46281 0.777154 0.572187 0.322625 0.0036464
6 0.361699 0.848243 0.286818 0.152878 0.00350188
5 0.413994 0.736759 0.342704 0.28204 0.00234964
6 0.686915 0.417168 0.583446 0.571405 0.0022658
11 0.483319 0.807962 0.784324 0.287851 0.00224469
2 0.472604 0.686636 0.240379 0.182008 0.00184533
6 0.323517 0.511119 0.625123 0.852268 0.00178698
6 0.482801 0.646395 0.35861 0.24214 0.00172051
6 0.212533 0.736823 0.15922 0.134223 0.00170181
10 0.378668 0.74721 0.423937 0.370689 0.00142978
11 0.697597 0.55473 0.559099 0.28298 0.00139209
11 0.296356 0.857096 0.149848 0.130576 0.00123203
6 0.600123 0.566905 0.354519 0.284623 0.00113679
10 0.411024 0.652485 0.523284 0.260905 0.00110906
6 0.331516 0.68022 0.403597 0.282088 0.00105399
