10 0.491588 0.60976 0.0662982 0.244896 0.807265
10 0.636084 0.60558 0.0948738 0.34741 0.799658
6 0.378113 0.684133 0.0597899 0.150196 0.597926
6 0.181179 0.853963 0.170833 0.269278 0.356914
10 0.521153 0.585975 0.0308524 0.126661 0.326382
6 0.398864 0.69323 0.0799751 0.162822 0.268453
11 0.711728 0.726204 0.158875 0.129058 0.198061
6 0.440166 0.71861 0.0508205 0.104682 0.139613
11 0.716452 0.765228 0.16677 0.206383 0.109417
6 0.681609 0.777667 0.103606 0.203543 0.0850826
6 0.729498 0.642475 0.0594252 0.124258 0.0627711
6 0.719217 0.656138 0.0852999 0.144036 0.0362042
6 0.401723 0.678099 0.0536021 0.138061 0.0318008
11 0.708622 0.707902 0.144285 0.0848702 0.0221548
6 0.406245 0.646341 0.0519171 0.0829002 0.0182427
6 0.795182 0.814658 0.0911074 0.194035 0.0150605
11 0.671793 0.928593 0.161058 0.122485 0.0133371
6 0.672059 0.746041 0.0800918 0.158218 0.0124981
0 0.17258 0.851267 0.187607 0.265297 0.0124907
6 0.648431 0.750268 0.0871197 0.175802 0.0111109
6 0.431966 0.702694 0.0608774 0.136332 0.0105612
6 0.623185 0.752966 0.0626286 0.157474 0.00993024
11 0.821752 0.928555 0.222356 0.122828 0.00821179
6 0.840664 0.835849 0.199782 0.295893 0.00812615
11 0.407628 0.68849 0.0698012 0.154165 0.00800749
6 0.192552 0.867621 0.117473 0.20786 0.00643449
2 0.694059 0.682722 0.0292979 0.0515625 0.0062783
11 0.443581 0.722742 0.0460953 0.096038 0.00625468
10 0.521893 0.582969 0.0456202 0.145872 0.00471979
11 0.767144 0.920451 0.343863 0.127168 0.00423207
6 0.631173 0.72809 0.0771383 0.210418 0.00407337
11 0.833616 0.838693 0.213258 0.297973 0.00355646
2 0.77544 0.694998 0.0255715 0.053661 0.00311834
11 0.406505 0.664418 0.0557622 0.115306 0.00293957
11 0.688702 0.743339 0.113705 0.174914 0.00265144
10 0.422008 0.59994 0.036044 0.135412 0.00247757
6 0.586443 0.656752 0.0442571 0.0918529 0.00246038
11 0.793962 0.929684 0.136988 0.118521 0.00229368
6 0.23184 0.780574 0.254388 0.358909 0.00214274
10 0.51653 0.61406 0.043333 0.217597 0.00213621
10 0.374469 0.646185 0.0317108 0.112295 0.00207402
6 0.683639 0.718409 0.102709 0.109163 0.00206912
6 0.423634 0.659249 0.0620602 0.0858081 0.00194116
6 0.417433 0.687559 0.0741133 0.135849 0.00186586
10 0.664246 0.605616 0.0354884 0.107799 0.00185969
11 0.683639 0.718409 0.102709 0.109163 0.00182595
7 0.694059 0.682722 0.0292979 0.0515625 0.0017444
10 0.498245 0.501456 0.0429166 0.0804384 0.00173784
10 0.421381 0.558194 0.0295867 0.0457999 0.00166456
6 0.718261 0.786862 0.166455 0.22064 0.00152372
11 0.763564 0.813372 0.274539 0.284943 0.00151685
6 0.442239 0.643802 0.0475795 0.106175 0.00139634
6 0.580451 0.642642 0.0387023 0.11575 0.00116193
2 0.693009 0.67398 0.0411418 0.0616653 0.001054
10 0.375464 0.619525 0.0268574 0.0767584 0.00103784
10 0.662066 0.560134 0.043895 0.17836 0.00103669
2 0.698098 0.6909 0.0927653 0.0671115 0.00103476
6 0.822521 0.913326 0.20227 0.151787 0.00101375
