6 0.300556 0.635816 0.208143 0.4072 0.896562
6 0.464264 0.576155 0.0920042 0.205725 0.865462
11 0.137654 0.659767 0.267664 0.355375 0.805413
6 0.755046 0.64281 0.136449 0.236726 0.742918
6 0.905043 0.620641 0.167122 0.508031 0.475854
11 0.463357 0.583767 0.0897777 0.193934 0.199161
6 0.761308 0.572157 0.133444 0.344504 0.156303
11 0.836151 0.55565 0.297104 0.338335 0.074254
6 0.860436 0.554403 0.252024 0.382502 0.0348281
11 0.908465 0.734119 0.161029 0.236547 0.01838
6 0.768046 0.637481 0.099027 0.194572 0.0155079
6 0.22728 0.576367 0.105234 0.235029 0.00998558
11 0.753837 0.646856 0.139734 0.23269 0.00757106
6 0.141238 0.528329 0.100015 0.252304 0.00751247
10 0.136961 0.659007 0.267311 0.358161 0.00568145
6 0.14275 0.445534 0.0929356 0.0819222 0.00521605
6 0.344001 0.554534 0.123505 0.236375 0.00399526
6 0.771932 0.46592 0.0922985 0.111106 0.0039785
11 0.902738 0.587848 0.170882 0.427257 0.00379325
11 0.0946448 0.655315 0.180988 0.305977 0.003339
6 0.769868 0.533431 0.105645 0.252169 0.00301119
6 0.464081 0.615469 0.0860767 0.131396 0.00213154
7 0.313519 0.469556 0.0489851 0.114769 0.00212921
11 0.135039 0.57392 0.200556 0.234113 0.00175528
2 0.818857 0.38617 0.0215698 0.0642588 0.00167446
10 0.22612 0.421423 0.0560818 0.132943 0.00165556
11 0.301577 0.637952 0.211379 0.405126 0.00156728
6 0.129916 0.568809 0.137721 0.290795 0.00148752
6 0.235081 0.631481 0.122543 0.373563 0.001425
11 0.795706 0.620387 0.192946 0.234825 0.00138363
6 0.124262 0.573209 0.205834 0.231154 0.00123055
11 0.183893 0.5828 0.195124 0.232891 0.00122965
6 0.29705 0.533694 0.134744 0.194637 0.00121782
