10 0.185404 0.600589 0.290661 0.760401 0.901768
10 0.868044 0.549057 0.147041 0.590323 0.853544
6 0.473929 0.697215 0.120295 0.311657 0.836479
10 0.56596 0.478049 0.143111 0.446787 0.825471
6 0.759433 0.645428 0.202579 0.368227 0.80009
10 0.298159 0.526336 0.151323 0.567373 0.79885
6 0.723188 0.756886 0.130184 0.200047 0.735419
11 0.739481 0.898684 0.366753 0.17736 0.671459
11 0.0640772 0.779654 0.121262 0.397283 0.123445
11 0.57222 0.801852 0.195345 0.292589 0.0478283
10 0.0296306 0.385815 0.0534894 0.212896 0.0238269
6 0.354887 0.553225 0.0693184 0.212401 0.0199684
7 0.515843 0.758626 0.0558644 0.134786 0.0110558
6 0.657642 0.630811 0.0785927 0.181788 0.0102533
7 0.521022 0.723139 0.0404253 0.0708434 0.009766
6 0.84551 0.577052 0.194807 0.524995 0.00789621
11 0.504912 0.669715 0.246759 0.254624 0.00783276
7 0.547757 0.689742 0.0370807 0.0793484 0.00693611
11 0.451505 0.637431 0.197913 0.308844 0.00673129
6 0.0780316 0.77339 0.136205 0.40873 0.00540766
6 0.555008 0.803135 0.158395 0.291599 0.00535409
11 0.0632456 0.666913 0.12422 0.203372 0.00413898
11 0.422731 0.518989 0.262765 0.127927 0.0038999
10 0.0619229 0.377344 0.103552 0.220887 0.00369232
6 0.523722 0.805602 0.0973116 0.273133 0.00354057
10 0.0570316 0.427066 0.0423224 0.12404 0.00317764
2 0.38822 0.512766 0.0274489 0.0607876 0.00317029
2 0.546133 0.753883 0.0680994 0.216157 0.00316306
11 0.469469 0.680467 0.130395 0.285521 0.00283055
6 0.788955 0.671192 0.329826 0.37191 0.00272012
11 0.407974 0.538474 0.186243 0.188695 0.00227212
6 0.932179 0.81468 0.109328 0.323695 0.0022026
10 0.354887 0.553225 0.0693184 0.212401 0.00208441
6 0.915237 0.717223 0.15354 0.342806 0.00207172
2 0.549095 0.703071 0.0465801 0.103137 0.00203524
6 0.68642 0.637835 0.136331 0.21707 0.00199248
10 0.738329 0.899056 0.356483 0.180273 0.0019804
10 0.0864832 0.368882 0.0948099 0.228801 0.00196802
11 0.0433911 0.747499 0.0814963 0.381801 0.00189005
10 0.0627308 0.385602 0.0530839 0.19608 0.00161176
6 0.188208 0.74116 0.302819 0.482639 0.00142295
11 0.395397 0.573282 0.0896886 0.159068 0.00141006
11 0.0645088 0.611958 0.126247 0.16857 0.0012835
11 0.0216054 0.831682 0.0388693 0.286898 0.00122083
10 0.252726 0.415839 0.0660889 0.360517 0.00120752
10 0.067656 0.785147 0.122628 0.386087 0.00116008
10 0.105909 0.735465 0.148131 0.529071 0.00105144
7 0.544955 0.707107 0.051299 0.113402 0.00104647
6 0.0191816 0.646317 0.0340055 0.329493 0.00102355
11 0.701398 0.82936 0.462309 0.284151 0.00100982
6 0.0558136 0.665011 0.106237 0.282728 0.00100454
