5 0.281925 0.49796 0.550146 0.954841 0.794878
5 0.452584 0.663517 0.718684 0.577078 0.0804474
6 0.416202 0.657137 0.792051 0.591037 0.0501711
8 0.266932 0.49557 0.520685 0.955728 0.0450154
5 0.437578 0.504945 0.787656 0.990109 0.0345512
10 0.437578 0.504945 0.787656 0.990109 0.00652104
5 0.411775 0.829358 0.238916 0.269585 0.00643017
6 0.428756 0.497417 0.776596 0.98193 0.00554114
5 0.351357 0.314607 0.433738 0.610724 0.00331988
10 0.906805 0.319494 0.17148 0.608665 0.00271478
8 0.422185 0.663599 0.783025 0.596559 0.00201634
5 0.517786 0.646939 0.426952 0.361945 0.00129185
