8 0.525278 0.596714 0.153655 0.519124 0.889617
10 0.88067 0.329757 0.0902781 0.284966 0.778736
4 0.32751 0.321058 0.111153 0.0987948 0.108367
4 0.625858 0.337917 0.0728821 0.0829243 0.106429
4 0.723987 0.317535 0.0948744 0.0990291 0.0985757
4 0.27976 0.317312 0.0784355 0.0830376 0.0671033
4 0.620021 0.337662 0.0687431 0.056144 0.0334758
4 0.639476 0.332838 0.0603909 0.0765998 0.00812261
4 0.52559 0.330544 0.0655487 0.0619755 0.00798921
4 0.600241 0.334346 0.0512009 0.0466326 0.00688811
4 0.560206 0.334394 0.0418871 0.0544041 0.00618548
10 0.129144 0.3118 0.0347802 0.102547 0.00565757
4 0.657219 0.330334 0.0599107 0.0699436 0.00485903
4 0.568927 0.308459 0.0253229 0.0488177 0.00384376
10 0.846123 0.252116 0.0440704 0.106881 0.00362561
4 0.567608 0.318608 0.0315742 0.0656354 0.00333371
4 0.673527 0.327833 0.0599648 0.0678316 0.00316563
4 0.653819 0.328404 0.14029 0.0993147 0.0026025
10 0.929534 0.309226 0.0558441 0.147387 0.00247013
4 0.744851 0.334213 0.0934976 0.066726 0.00219255
4 0.582929 0.333965 0.0280722 0.0448838 0.0020174
4 0.574991 0.333064 0.0339748 0.0470944 0.00181206
6 0.525083 0.594392 0.157804 0.525448 0.00180831
4 0.626831 0.338349 0.113913 0.0906154 0.00172062
4 0.930871 0.278425 0.0519606 0.0899829 0.00170066
4 0.617711 0.321396 0.0840107 0.0827493 0.00158295
4 0.567733 0.331733 0.154681 0.0828089 0.00151891
10 0.676586 0.311215 0.0337629 0.0859523 0.00131285
