10 0.231552 0.469895 0.441753 0.890507 0.661117
8 0.625994 0.828498 0.342542 0.310709 0.0274874
6 0.229883 0.485335 0.441208 0.92074 0.020768
6 0.266915 0.77421 0.515042 0.418648 0.0107114
10 0.411239 0.43634 0.474757 0.837005 0.0101525
10 0.519158 0.361435 0.488085 0.656527 0.00908299
11 0.354412 0.519334 0.223909 0.250665 0.00669478
6 0.350732 0.499627 0.193831 0.309735 0.00667656
2 0.547851 0.756182 0.0263641 0.057888 0.00549038
8 0.518707 0.343287 0.497699 0.64126 0.00456929
6 0.494674 0.490164 0.24552 0.361306 0.00418332
10 0.586291 0.465998 0.561042 0.900551 0.00397872
6 0.401352 0.468392 0.273277 0.334487 0.0034808
8 0.257651 0.769656 0.497551 0.416889 0.00288303
8 0.230011 0.479036 0.443297 0.905891 0.00284384
11 0.449125 0.482314 0.217606 0.325816 0.00276086
5 0.295789 0.716525 0.311123 0.280669 0.00272266
7 0.349281 0.515429 0.199557 0.263316 0.00202916
10 0.258234 0.77083 0.27945 0.378808 0.00185339
10 0.276717 0.331641 0.410309 0.633433 0.00177299
10 0.492564 0.494375 0.240572 0.342753 0.00174028
8 0.300165 0.634706 0.313909 0.410966 0.00151457
10 0.300165 0.634706 0.313909 0.410966 0.00150523
10 0.257651 0.769656 0.497551 0.416889 0.00139897
10 0.625994 0.828498 0.342542 0.310709 0.00120867
6 0.508581 0.516166 0.128373 0.172303 0.00119367
6 0.625923 0.833744 0.340589 0.309597 0.00119265
8 0.293541 0.734518 0.312913 0.312711 0.00109112
