8 0.274494 0.616152 0.16836 0.279226 0.897238
4 0.910582 0.327009 0.173147 0.248271 0.884726
10 0.670064 0.455449 0.171542 0.673238 0.852962
10 0.593509 0.293011 0.101096 0.422038 0.829448
8 0.556076 0.752301 0.302223 0.474221 0.6223
8 0.491622 0.639151 0.157974 0.242219 0.24792
4 0.794319 0.311431 0.209729 0.208496 0.0110478
6 0.180147 0.547354 0.341399 0.442382 0.00497136
10 0.831466 0.166833 0.0213123 0.0443824 0.00484366
4 0.775794 0.312414 0.360662 0.228134 0.0035131
7 0.655744 0.34631 0.0338913 0.0562033 0.00257775
4 0.765961 0.348286 0.234694 0.283157 0.00208951
10 0.557158 0.752853 0.300935 0.474416 0.0019485
8 0.516821 0.688274 0.220146 0.332578 0.0014076
7 0.650349 0.314781 0.0411057 0.126995 0.00123904
