6 0.504539 0.728092 0.241074 0.371046 0.872551
6 0.154779 0.738319 0.249845 0.399934 0.826109
6 0.844252 0.708892 0.126345 0.198049 0.807486
11 0.349369 0.758943 0.308194 0.290238 0.796322
6 0.679096 0.717054 0.115602 0.22186 0.757556
6 0.18986 0.752603 0.184799 0.329863 0.250018
6 0.362494 0.74183 0.236795 0.304152 0.177888
6 0.780575 0.717609 0.103259 0.176437 0.0468332
6 0.287566 0.753061 0.332605 0.276182 0.0273929
11 0.733522 0.71913 0.169993 0.183234 0.0213004
10 0.728098 0.5799 0.124911 0.480373 0.0145551
6 0.480565 0.671499 0.186781 0.31246 0.0128276
6 0.587582 0.713961 0.101911 0.256331 0.0123315
11 0.75546 0.703403 0.188548 0.134492 0.00992071
6 0.549892 0.732235 0.139557 0.346046 0.00818135
11 0.773539 0.719191 0.118465 0.178169 0.0076765
6 0.0928351 0.730582 0.125865 0.387603 0.0068599
11 0.949723 0.702441 0.0807781 0.117887 0.00675425
6 0.734289 0.716408 0.157079 0.191438 0.0053627
10 0.351094 0.759542 0.308301 0.286371 0.00242225
6 0.424677 0.663736 0.204948 0.33493 0.00238594
2 0.11071 0.315421 0.131353 0.105008 0.00217936
6 0.948681 0.701526 0.0812885 0.117582 0.00193371
6 0.208126 0.678773 0.218137 0.184594 0.00184942
6 0.37452 0.763593 0.123558 0.246313 0.00184007
11 0.243251 0.743942 0.421517 0.273107 0.00145121
11 0.840006 0.709168 0.137601 0.199367 0.00144321
