1 0.689353 0.792699 0.510108 0.194387 0.643662
1 0.751659 0.559717 0.0863524 0.126912 0.202306
1 0.441328 0.708992 0.122926 0.108722 0.131779
1 0.122641 0.603312 0.153332 0.0891871 0.068783
1 0.512287 0.685022 0.267718 0.148621 0.0680711
1 0.676456 0.586049 0.575165 0.630562 0.00767467
1 0.678308 0.702333 0.550908 0.392056 0.00726984
1 0.0403582 0.488205 0.0773541 0.464125 0.00726095
1 0.604808 0.694253 0.280223 0.124134 0.0064961
1 0.575524 0.668488 0.25035 0.172029 0.00550169
1 0.58235 0.7978 0.289766 0.187151 0.00527
1 0.540958 0.713508 0.30916 0.0840816 0.00513159
2 0.849064 0.923325 0.298683 0.147625 0.00511157
1 0.473154 0.670931 0.182884 0.183462 0.0041054
1 0.747511 0.585878 0.0795294 0.0689808 0.00400259
10 0.767365 0.738784 0.0322468 0.0560829 0.00362802
1 0.592474 0.709332 0.302734 0.0679577 0.00312087
1 0.784314 0.576312 0.154195 0.0922704 0.00281027
1 0.520155 0.669397 0.189233 0.114987 0.00207146
1 0.527436 0.661248 0.069739 0.0900693 0.0017154
1 0.618912 0.719239 0.311077 0.098896 0.00165419
1 0.70449 0.553736 0.173918 0.112086 0.00162512
1 0.540776 0.655055 0.325904 0.224243 0.00144345
1 0.0397548 0.632072 0.0731584 0.128978 0.00141317
10 0.763543 0.745715 0.02614 0.044 0.00125312
1 0.718258 0.575101 0.13456 0.0637591 0.00119318
1 0.621878 0.744655 0.322749 0.179485 0.00107259
