10 0.618722 0.59513 0.148815 0.569626 0.793518
9 0.672342 0.716224 0.31389 0.453146 0.768412
4 0.311059 0.656272 0.11122 0.130607 0.723157
10 0.0798515 0.657379 0.0329064 0.158985 0.386236
10 0.424634 0.622636 0.0284351 0.128852 0.352766
10 0.180929 0.633156 0.029026 0.127036 0.135621
4 0.369452 0.630207 0.037391 0.0773477 0.103615
10 0.435101 0.611263 0.0269873 0.125185 0.0685655
4 0.40089 0.639394 0.0283384 0.0886292 0.0346073
9 0.594652 0.694101 0.157135 0.381921 0.0336254
9 0.526001 0.616823 0.0532827 0.152241 0.0317
4 0.523223 0.622991 0.0526228 0.141171 0.0253247
10 0.419627 0.633558 0.0302523 0.0990708 0.0203649
9 0.419627 0.633558 0.0302523 0.0990708 0.0179887
4 0.3769 0.634722 0.054595 0.0887792 0.0179498
9 0.429337 0.620345 0.027837 0.122861 0.0149642
9 0.563031 0.611897 0.120923 0.176949 0.0109685
10 0.403243 0.634638 0.0320286 0.100357 0.00978447
10 0.280365 0.61203 0.0215606 0.0996332 0.00890733
10 0.517917 0.62458 0.0433891 0.141086 0.00829189
4 0.264144 0.634062 0.0534811 0.138338 0.00735879
5 0.0249561 0.69315 0.0355433 0.0936218 0.00727471
9 0.477684 0.624281 0.0369706 0.117627 0.00675653
9 0.408502 0.638314 0.0437936 0.0945309 0.00598225
10 0.672793 0.655896 0.133569 0.436556 0.00514031
4 0.398248 0.635797 0.0527255 0.086038 0.00477197
9 0.566911 0.677811 0.105613 0.307133 0.00436823
4 0.361121 0.638526 0.05253 0.0953687 0.00399505
10 0.19296 0.617322 0.0361427 0.166291 0.00391837
9 0.399853 0.638845 0.0277691 0.0917235 0.00345047
9 0.581091 0.62042 0.130401 0.247121 0.00342909
4 0.421663 0.628727 0.0320731 0.112953 0.00320161
10 0.270298 0.637053 0.0423722 0.145758 0.00290522
10 0.431215 0.591648 0.0292376 0.154324 0.00277172
9 0.492099 0.618847 0.0567482 0.13812 0.00264717
4 0.477684 0.624281 0.0369706 0.117627 0.00231425
10 0.638078 0.666724 0.115475 0.400517 0.00227245
4 0.846259 0.591296 0.0546959 0.0623983 0.00188485
9 0.674584 0.555584 0.310839 0.776738 0.00174714
0 0.675461 0.718268 0.312359 0.453756 0.00160744
10 0.318068 0.579219 0.0199134 0.0803393 0.00158445
1 0.675586 0.673444 0.309406 0.542267 0.00142556
4 0.304173 0.632387 0.0527916 0.0947506 0.00140831
10 0.677277 0.48325 0.0376588 0.114347 0.00138945
10 0.397097 0.615987 0.027051 0.125669 0.0013765
4 0.832462 0.591623 0.0250259 0.0558741 0.00133538
4 0.429337 0.620345 0.027837 0.122861 0.00129624
9 0.311423 0.655382 0.112414 0.132676 0.00111793
5 0.311059 0.656272 0.11122 0.130607 0.0010724
10 0.437839 0.522392 0.0201808 0.0962789 0.00106776
0 0.408502 0.638314 0.0437936 0.0945309 0.00106034
10 0.429626 0.513304 0.0256973 0.109571 0.00105865
4 0.346613 0.650305 0.0568393 0.106701 0.00105693
2 0.380379 0.146674 0.0843917 0.270229 0.00105569
0 0.42294 0.631285 0.0308174 0.111962 0.00104147
9 0.396216 0.629136 0.0472286 0.10024 0.00102827
4 0.473133 0.597737 0.0277473 0.109967 0.0010048
