8 0.480558 0.843604 0.137847 0.176629 0.835553
10 0.38115 0.75894 0.0760557 0.326896 0.832814
8 0.449948 0.855203 0.0774605 0.138104 0.049685
10 0.507992 0.786702 0.0619641 0.184097 0.0264646
8 0.509556 0.845145 0.0769966 0.161727 0.0199634
4 0.751545 0.742346 0.12336 0.0534159 0.00908977
10 0.828168 0.758666 0.0448803 0.0886856 0.00881038
10 0.480745 0.806863 0.114541 0.224129 0.00868284
10 0.515678 0.750725 0.0438122 0.108607 0.00806753
4 0.77443 0.748228 0.086004 0.0549542 0.00764759
0 0.775981 0.749216 0.0811381 0.0519105 0.00513494
9 0.783277 0.752251 0.0651237 0.050369 0.00253655
0 0.787492 0.753788 0.0548728 0.0484779 0.00233313
4 0.787492 0.753788 0.0548728 0.0484779 0.00172114
6 0.568913 0.704347 0.0824193 0.0606988 0.00143658
4 0.728702 0.753698 0.0797564 0.0822073 0.00139465
10 0.587196 0.228253 0.034287 0.0739099 0.00128282
6 0.783395 0.753422 0.0667934 0.050114 0.0012206
