5 0.473241 0.489655 0.340533 0.43379 0.677731
8 0.473671 0.485135 0.339768 0.448256 0.040623
5 0.61311 0.368679 0.617119 0.661716 0.0151397
7 0.474243 0.510772 0.310303 0.444352 0.00861284
2 0.482549 0.532072 0.284256 0.515809 0.00841257
8 0.596296 0.518241 0.650371 0.833831 0.00505142
2 0.426014 0.518977 0.246416 0.469014 0.00383528
7 0.607086 0.360434 0.615205 0.657526 0.00199438
10 0.586758 0.42462 0.667715 0.776187 0.00181023
5 0.849603 0.481359 0.280566 0.962718 0.00149398
6 0.596296 0.518241 0.650371 0.833831 0.00147615
5 0.556296 0.497874 0.768094 0.919111 0.00145736
7 0.464183 0.594273 0.283964 0.281942 0.00121543
