7 0.475882 0.773455 0.0899804 0.326506 0.891738
0 0.205474 0.597114 0.403995 0.474482 0.873379
7 0.35787 0.749685 0.102555 0.477975 0.592694
4 0.9508 0.840691 0.0904377 0.108726 0.00786207
11 0.488264 0.895742 0.965512 0.178837 0.00441237
11 0.652982 0.708029 0.276311 0.206395 0.0027178
7 0.430673 0.71036 0.0612642 0.235955 0.00271771
2 0.35787 0.749685 0.102555 0.477975 0.00250795
10 0.0962036 0.296826 0.0386567 0.0745792 0.00148256
6 0.757585 0.618096 0.0626468 0.134885 0.00133842
7 0.420109 0.702855 0.0684735 0.302043 0.00117768
0 0.732151 0.400211 0.074733 0.0336908 0.00109993
2 0.908385 0.548791 0.0252562 0.124232 0.00105419
7 0.845462 0.483469 0.0386658 0.113478 0.00103945
