3 0.415985 0.548145 0.308847 0.510761 0.916066
3 0.16746 0.563707 0.214367 0.456734 0.850307
10 0.164108 0.744172 0.0635399 0.324585 0.815044
10 0.240941 0.735148 0.0887572 0.378667 0.812486
10 0.0656531 0.670308 0.0347142 0.15991 0.737552
10 0.751587 0.653091 0.0325523 0.110779 0.700462
0 0.0280958 0.721628 0.0509055 0.129709 0.689634
10 0.958064 0.652838 0.0293053 0.0949377 0.664431
4 0.796645 0.630595 0.0458586 0.0572664 0.618361
4 0.691752 0.650705 0.0639745 0.0998468 0.598637
4 0.619017 0.651622 0.130203 0.129048 0.534739
4 0.889666 0.646535 0.0674524 0.0949404 0.532719
4 0.603913 0.660167 0.0809313 0.116362 0.479707
4 0.833348 0.626788 0.0486992 0.055096 0.356418
10 0.992066 0.656591 0.0158681 0.0600755 0.339299
4 0.813381 0.628982 0.079636 0.0574771 0.253369
4 0.652723 0.65385 0.0646578 0.10685 0.161909
9 0.885043 0.648695 0.0561066 0.0876043 0.1038
10 0.726994 0.643536 0.0189113 0.0874972 0.0968606
10 0.884739 0.647339 0.0557076 0.0909062 0.0693512
10 0.733501 0.648537 0.0292637 0.0953481 0.0687572
3 0.589723 0.631314 0.0661662 0.0884112 0.0665643
3 0.670168 0.575609 0.100768 0.104483 0.0491443
9 0.991907 0.654712 0.0156776 0.0611847 0.0344806
10 0.98975 0.650141 0.0200794 0.0795465 0.0263142
10 0.40891 0.379787 0.0327478 0.053153 0.0243523
10 0.967304 0.634911 0.030633 0.0764658 0.0241445
3 0.5955 0.650607 0.0828073 0.127434 0.0230594
10 0.720427 0.645326 0.0187023 0.0836679 0.0191208
4 0.671149 0.651907 0.0457708 0.107663 0.0187774
4 0.842072 0.622212 0.0421383 0.0463657 0.0184974
10 0.949726 0.661308 0.031744 0.0821748 0.0178867
0 0.0631575 0.703492 0.0380852 0.0903666 0.0169965
10 0.842072 0.622212 0.0421383 0.0463657 0.0168846
10 0.935415 0.653904 0.036739 0.0749272 0.0144062
10 0.796995 0.628673 0.0448233 0.0531632 0.0140929
10 0.866736 0.616312 0.0261333 0.0382958 0.0127719
10 0.652641 0.650456 0.059763 0.110141 0.0118764
10 0.249093 0.440728 0.0398677 0.0575633 0.0117376
10 0.983653 0.638858 0.0289814 0.0777368 0.0105575
10 0.693794 0.652233 0.0608896 0.0988584 0.00929277
10 0.992141 0.617599 0.0113369 0.0474359 0.00880596
10 0.498676 0.614255 0.0260706 0.055795 0.00859682
3 0.655459 0.571256 0.0614635 0.092599 0.0083658
10 0.928431 0.629679 0.0350487 0.0705898 0.00789145
3 0.673632 0.609184 0.0982183 0.147279 0.00769017
10 0.909639 0.605551 0.0265152 0.0374273 0.0073013
10 0.981048 0.61352 0.0308992 0.0352564 0.00730122
10 0.405417 0.391072 0.0322807 0.0362898 0.00702504
10 0.40005 0.39438 0.0275511 0.0321332 0.00697837
10 0.714126 0.650311 0.0245159 0.0895852 0.00664479
6 0.935801 0.660888 0.0376213 0.0787348 0.00612994
10 0.671149 0.651907 0.0457708 0.107663 0.00542607
0 0.0584008 0.707568 0.0527814 0.166248 0.00542337
10 0.914774 0.645758 0.0568211 0.0876631 0.00531428
3 0.838337 0.625259 0.0453768 0.0530031 0.00521109
10 0.917182 0.631506 0.0397564 0.0823569 0.00477564
10 0.364207 0.391165 0.0264041 0.0341962 0.00446726
10 0.926865 0.602785 0.0250492 0.0353637 0.00417137
9 0.839109 0.625692 0.0417446 0.0517807 0.00414705
10 0.92036 0.603274 0.0304218 0.0327481 0.00398079
10 0.879542 0.621959 0.0407635 0.0538213 0.00395003
10 0.940871 0.610111 0.0203554 0.0374536 0.00385681
3 0.61373 0.581954 0.0345703 0.0710636 0.00377346
10 0.819892 0.626581 0.0721149 0.0570436 0.003748
5 0.884974 0.647427 0.0561823 0.0899878 0.00368984
10 0.89505 0.625577 0.0414162 0.0718477 0.00351482
1 0.796645 0.630595 0.0458586 0.0572664 0.00341181
4 0.92036 0.603274 0.0304218 0.0327481 0.00328673
0 0.956653 0.658967 0.0320925 0.0880374 0.00298162
3 0.58926 0.566436 0.077561 0.123758 0.00291075
9 0.956653 0.658967 0.0320925 0.0880374 0.00289265
4 0.645902 0.643006 0.0459519 0.0987397 0.00287513
3 0.580708 0.607283 0.0514412 0.0815824 0.00281058
10 0.0279315 0.718782 0.0500035 0.130027 0.00275111
0 0.944893 0.667312 0.0342747 0.0754194 0.00271045
4 0.926865 0.602785 0.0250492 0.0353637 0.00269251
4 0.992066 0.656591 0.0158681 0.0600755 0.00268984
3 0.796885 0.63001 0.0453445 0.0560266 0.00266625
4 0.917182 0.631506 0.0397564 0.0823569 0.00262046
10 0.652077 0.631239 0.0402866 0.0864162 0.00260441
10 0.201937 0.687207 0.0490331 0.168665 0.00257632
3 0.698247 0.594288 0.0431219 0.0902485 0.00252301
3 0.955674 0.596915 0.0340235 0.0596343 0.00250195
6 0.88539 0.648552 0.0582607 0.0893878 0.00248624
4 0.914774 0.645758 0.0568211 0.0876631 0.00248532
9 0.655161 0.656104 0.0597855 0.101389 0.00231977
10 0.642711 0.633869 0.0417074 0.0824146 0.00231846
0 0.991907 0.654712 0.0156776 0.0611847 0.00222485
6 0.759727 0.664891 0.0313076 0.0873277 0.00218788
4 0.59149 0.64473 0.0720245 0.117824 0.00214022
3 0.815659 0.627944 0.0836016 0.05634 0.00205866
3 0.680727 0.586225 0.0692982 0.0825678 0.00202581
3 0.977228 0.589992 0.0359432 0.0751526 0.00201005
9 0.0285618 0.720293 0.0514834 0.130949 0.00200272
10 0.960677 0.634562 0.0509537 0.11183 0.00196906
3 0.866749 0.589299 0.0353462 0.0953301 0.00190128
4 0.669603 0.618284 0.0420712 0.0616051 0.00184077
4 0.679976 0.632741 0.0541327 0.0726504 0.00182754
4 0.652077 0.631239 0.0402866 0.0864162 0.00180625
10 0.635984 0.654818 0.0553348 0.116702 0.00175959
6 0.916678 0.650474 0.0428499 0.0850481 0.0016918
6 0.251267 0.0523656 0.097712 0.0970538 0.00168215
3 0.698865 0.599066 0.0339416 0.0587411 0.00167071
10 0.31542 0.561922 0.0274125 0.0412381 0.00165013
6 0.944893 0.667312 0.0342747 0.0754194 0.00163371
3 0.580978 0.583861 0.0469972 0.0617387 0.00157576
3 0.608708 0.601411 0.0394907 0.0579208 0.00152812
3 0.92036 0.603274 0.0304218 0.0327481 0.00148692
9 0.707908 0.661261 0.0317048 0.0829949 0.00147913
0 0.134825 0.691736 0.125646 0.195621 0.00147468
9 0.693822 0.65214 0.0607296 0.0994073 0.00145398
9 0.93498 0.658735 0.0386669 0.078215 0.0014496
10 0.461057 0.668153 0.0298136 0.122935 0.00139215
6 0.79567 0.630151 0.0426346 0.0576981 0.00139001
10 0.0108818 0.65707 0.018477 0.123153 0.00138151
10 0.0668668 0.604293 0.0223718 0.0477915 0.00136076
11 0.0655918 0.670493 0.0346621 0.157587 0.00134146
10 0.0430781 0.610714 0.0157501 0.0565077 0.00132002
10 0.829334 0.641272 0.0272644 0.0511077 0.00123514
4 0.958602 0.649996 0.0335754 0.0938017 0.0011871
10 0.758939 0.657605 0.0323338 0.100731 0.00118051
4 0.939974 0.648293 0.0675594 0.0903672 0.00117612
0 0.0720182 0.71063 0.0361901 0.0863286 0.00117563
10 0.305213 0.563737 0.0297879 0.0392047 0.0011725
4 0.984784 0.646133 0.0289993 0.0777541 0.00116963
10 0.992969 0.599778 0.00969696 0.0716098 0.00115155
0 0.935801 0.660888 0.0376213 0.0787348 0.0011296
6 0.956653 0.658967 0.0320925 0.0880374 0.00112878
10 0.703372 0.622233 0.03796 0.0529239 0.00110771
10 0.00744241 0.633954 0.0143536 0.086764 0.00109228
9 0.944893 0.667312 0.0342747 0.0754194 0.00107081
10 0.669603 0.618284 0.0420712 0.0616051 0.00103022
3 0.932541 0.600144 0.0245121 0.0375178 0.00102134
3 0.834323 0.580538 0.0339123 0.0837201 0.00100961
3 0.848686 0.581942 0.0298244 0.0861431 0.00100164
