6 0.300575 0.812315 0.328969 0.194044 0.90809
6 0.636935 0.812592 0.322349 0.179539 0.883207
6 0.0679632 0.719562 0.129419 0.136182 0.845876
6 0.250325 0.671894 0.0890235 0.0826493 0.842904
6 0.328762 0.647778 0.054752 0.06419 0.644874
0 0.14519 0.619855 0.105651 0.071845 0.32826
6 0.978125 0.723895 0.0410557 0.107771 0.283584
11 0.594405 0.628706 0.216051 0.0696009 0.0739909
6 0.644232 0.62995 0.117359 0.0698486 0.0703862
11 0.543751 0.626857 0.116159 0.0723356 0.0642056
11 0.330424 0.647657 0.0527026 0.0643311 0.0437002
11 0.374609 0.631266 0.059966 0.061313 0.0415366
6 0.245886 0.61542 0.0284937 0.0532229 0.034118
0 0.166029 0.620454 0.0737784 0.0676647 0.0313702
10 0.530259 0.593435 0.0319754 0.0484397 0.030494
10 0.503561 0.618964 0.0361131 0.0784294 0.0304025
6 0.387359 0.610662 0.0331938 0.0387768 0.0272691
11 0.977461 0.720869 0.0429001 0.103145 0.0272183
6 0.504069 0.619488 0.0357605 0.080023 0.0234426
6 0.373562 0.627617 0.0658428 0.066416 0.0233569
10 0.245655 0.614619 0.028694 0.0546837 0.0226918
11 0.35811 0.636019 0.0854189 0.0597424 0.0161711
6 0.445913 0.629404 0.0348539 0.0637133 0.0112797
11 0.644232 0.62995 0.117359 0.0698486 0.0107873
11 0.245828 0.615161 0.0291561 0.0548293 0.00990373
6 0.524296 0.619942 0.0799704 0.0776348 0.00861265
11 0.250607 0.671074 0.0912263 0.0787401 0.00819867
10 0.527818 0.590496 0.0515842 0.0535576 0.00761978
6 0.391009 0.604305 0.0287841 0.0300728 0.00751386
6 0.975023 0.698476 0.0438442 0.134637 0.00736567
8 0.329205 0.647562 0.0536662 0.0642864 0.0060762
11 0.543153 0.650191 0.121877 0.120218 0.00521277
11 0.0699219 0.719005 0.13172 0.134352 0.00475284
6 0.138693 0.627984 0.111195 0.0740748 0.00457949
11 0.472726 0.628941 0.0765146 0.0670064 0.00445563
6 0.103116 0.694518 0.0695527 0.129333 0.00393935
6 0.701609 0.628129 0.0479133 0.0595383 0.00390567
9 0.150152 0.623112 0.0867917 0.0660165 0.00366541
10 0.50812 0.60071 0.0403519 0.0496206 0.00343398
8 0.245934 0.618019 0.0281285 0.0519293 0.00315678
11 0.878611 0.680319 0.105257 0.0705419 0.00243771
11 0.253661 0.602118 0.0590685 0.0751409 0.0023295
11 0.946044 0.654162 0.0885542 0.0444729 0.00222242
6 0.543751 0.626857 0.116159 0.0723356 0.00220092
6 0.942244 0.939632 0.112701 0.11356 0.00196173
6 0.516888 0.605713 0.0682058 0.0780326 0.00188597
6 0.843465 0.643073 0.0542984 0.100098 0.00184865
6 0.450178 0.609246 0.0356682 0.0569204 0.00184667
6 0.494443 0.618471 0.0696617 0.0803719 0.00174036
9 0.85259 0.638691 0.0712639 0.100835 0.00158203
6 0.971783 0.675237 0.0541691 0.0855156 0.00156952
6 0.947638 0.660422 0.0878761 0.0783936 0.00155346
11 0.256659 0.617697 0.0446034 0.0454562 0.00135805
10 0.550282 0.590698 0.0293463 0.0404312 0.00133647
11 0.878415 0.658959 0.107178 0.0939429 0.00130168
2 0.245934 0.618019 0.0281285 0.0519293 0.00121356
6 0.457227 0.632503 0.0520296 0.0583025 0.00116019
0 0.848161 0.636832 0.0629099 0.0946846 0.00108751
10 0.392059 0.604845 0.0254046 0.0282827 0.00107653
6 0.285697 0.645051 0.0547359 0.0533019 0.00103738
6 0.466139 0.623101 0.0716471 0.0761381 0.00102899
6 0.35811 0.636019 0.0854189 0.0597424 0.0010078
