3 0.603014 0.576777 0.243235 0.177761 0.869224
4 0.209427 0.576042 0.0378174 0.0310742 0.171371
4 0.132399 0.585534 0.0271246 0.0278801 0.102257
4 0.230102 0.574971 0.0773489 0.034357 0.078883
4 0.251154 0.574078 0.0410333 0.0330556 0.0422074
9 0.21073 0.576196 0.038128 0.0302483 0.011221
3 0.747255 0.571384 0.0868452 0.0687864 0.00588326
3 0.977081 0.585129 0.0397232 0.0398848 0.00498497
4 0.158569 0.579096 0.0294802 0.0290064 0.0048325
4 0.141332 0.580206 0.0481795 0.031732 0.00378151
4 0.981431 0.584694 0.0306198 0.0392273 0.00322104
4 0.190113 0.573814 0.048245 0.0311356 0.00294576
4 0.230552 0.564432 0.0807485 0.0504055 0.00290355
10 0.0226413 0.591513 0.0219642 0.0396165 0.00258789
4 0.963091 0.584028 0.0705668 0.0444134 0.00257118
6 0.91091 0.169332 0.120629 0.229176 0.00241517
0 0.21073 0.576196 0.038128 0.0302483 0.00226479
3 0.968067 0.581438 0.057748 0.0472784 0.00215296
10 0.380219 0.563881 0.0322623 0.0462196 0.0020725
10 0.162593 0.576947 0.023735 0.0301354 0.00157808
6 0.868441 0.169193 0.223865 0.220171 0.00122035
1 0.603001 0.578743 0.244037 0.17144 0.00121271
4 0.744708 0.57639 0.0663527 0.0520371 0.0011933
6 0.209851 0.57628 0.0372719 0.0293669 0.00104286
6 0.158569 0.579096 0.0294802 0.0290064 0.00102506
