1 0.497655 0.595596 0.494827 0.200276 0.857073
1 0.678245 0.445311 0.060332 0.0382278 0.077658
4 0.68042 0.445203 0.0589905 0.0363739 0.0680243
10 0.495968 0.438859 0.05549 0.038866 0.0365592
10 0.57943 0.437339 0.0351789 0.0351338 0.0330996
10 0.42417 0.245086 0.119888 0.038719 0.0250377
1 0.418231 0.445349 0.114766 0.0394444 0.0218186
4 0.276285 0.441657 0.0805838 0.0415859 0.0129896
10 0.435048 0.44347 0.0846845 0.0347528 0.0114541
10 0.452572 0.441706 0.0500195 0.0356597 0.0111459
10 0.1189 0.445843 0.0732465 0.0314217 0.0100045
10 0.56588 0.439204 0.0676543 0.0373809 0.00878319
10 0.506903 0.435306 0.0492977 0.0392042 0.00836266
10 0.755171 0.44019 0.106542 0.0426691 0.0069186
10 0.402397 0.244569 0.0710286 0.0370029 0.00662114
10 0.178741 0.433307 0.0469701 0.0408914 0.00636828
10 0.512049 0.439358 0.0757159 0.0378878 0.00417824
10 0.117204 0.436688 0.0647893 0.0442485 0.00374808
10 0.678858 0.445351 0.0587977 0.0381838 0.00308264
10 0.465326 0.441913 0.0574902 0.0421858 0.0029224
10 0.447121 0.246484 0.0725967 0.0328136 0.00291613
10 0.480865 0.439647 0.0659457 0.0381189 0.00269414
10 0.170286 0.435044 0.0739248 0.0423204 0.00254018
10 0.255686 0.439831 0.0456501 0.0391914 0.00219757
4 0.418473 0.445551 0.122815 0.0361206 0.00216325
10 0.0733204 0.449106 0.0560404 0.0279735 0.00197927
10 0.446756 0.240935 0.057482 0.0262033 0.00196306
10 0.315785 0.435489 0.053802 0.0490595 0.00174506
10 0.694607 0.44371 0.0502766 0.0398257 0.0017261
4 0.294422 0.439893 0.127292 0.0488987 0.0013802
10 0.584617 0.439761 0.0617629 0.0406859 0.00129789
10 0.603714 0.441611 0.0797207 0.038242 0.0012821
10 0.283071 0.437484 0.0762577 0.0505194 0.00123446
