0 0.272576 0.48437 0.222661 0.372904 0.874381
0 0.829137 0.530448 0.154973 0.375951 0.81494
4 0.667252 0.309339 0.0894224 0.0944161 0.753669
0 0.562576 0.478599 0.171073 0.331383 0.695574
4 0.81925 0.3017 0.156757 0.12089 0.434737
4 0.572912 0.318148 0.132547 0.0952715 0.286555
3 0.665704 0.309478 0.087374 0.0963565 0.0279345
4 0.67313 0.326499 0.0840875 0.0563243 0.0141229
4 0.572932 0.447555 0.135945 0.357513 0.0110437
0 0.606018 0.387681 0.0632547 0.127309 0.0104355
4 0.591934 0.314413 0.094891 0.0789909 0.00839462
4 0.703434 0.329935 0.0450025 0.0503114 0.0083468
0 0.691813 0.511421 0.426181 0.387528 0.00739776
4 0.889511 0.335494 0.0307661 0.0386623 0.00665708
4 0.528779 0.32303 0.0497177 0.0550481 0.00650733
10 0.726381 0.21559 0.0997127 0.253807 0.00602413
4 0.959458 0.326874 0.0323322 0.0628961 0.00602042
0 0.578885 0.370828 0.114732 0.0963847 0.00522008
4 0.933497 0.324929 0.0868821 0.0734565 0.00510652
10 0.76955 0.217597 0.188155 0.259982 0.00322473
10 0.960586 0.326906 0.0333818 0.0679727 0.00293181
4 0.868424 0.330115 0.0719999 0.0493289 0.0028252
4 0.982622 0.334803 0.0291785 0.0515542 0.00277706
4 0.551523 0.317125 0.0943397 0.0764965 0.00179039
3 0.819297 0.302575 0.15723 0.124603 0.00170311
10 0.463943 0.316565 0.0316832 0.0556789 0.00162946
4 0.61411 0.30989 0.19304 0.0950242 0.00148285
0 0.570511 0.347247 0.131114 0.125748 0.00142461
10 0.583599 0.450136 0.14798 0.370761 0.00140967
4 0.521931 0.31713 0.0380669 0.0475299 0.00134925
9 0.830094 0.530669 0.152388 0.382436 0.0012928
