8 0.269455 0.5642 0.344113 0.470362 0.895692
8 0.695777 0.474186 0.223063 0.573734 0.716273
8 0.625238 0.481367 0.36611 0.59768 0.115108
8 0.486728 0.671835 0.0982116 0.131842 0.035534
8 0.341189 0.573207 0.192659 0.45278 0.0199788
5 0.486728 0.671835 0.0982116 0.131842 0.0161563
8 0.343137 0.660402 0.181259 0.278127 0.00825194
6 0.506627 0.792279 0.801202 0.381067 0.00682809
8 0.619025 0.680019 0.365071 0.192522 0.00318602
10 0.628493 0.486338 0.349093 0.598517 0.00287098
6 0.655988 0.723855 0.501904 0.515447 0.00247047
6 0.744489 0.802193 0.314558 0.370297 0.0017128
8 0.170787 0.628273 0.150427 0.223104 0.00148489
5 0.694857 0.470305 0.217503 0.570948 0.00103464
10 0.694857 0.470305 0.217503 0.570948 0.00102477
