2 0.45243 0.469069 0.390033 0.882515 0.861285
7 0.457249 0.18341 0.228452 0.299334 0.0458501
2 0.456735 0.183323 0.224685 0.297591 0.0100531
11 0.492974 0.734641 0.976946 0.501994 0.00980834
7 0.876423 0.612765 0.230593 0.199467 0.00911407
7 0.651191 0.564481 0.199659 0.22139 0.0080632
7 0.533042 0.576171 0.442324 0.247433 0.00308885
10 0.510855 0.187863 0.97829 0.36362 0.00258833
10 0.195476 0.111254 0.361159 0.216645 0.00145161
7 0.456225 0.469575 0.395185 0.884155 0.00137836
7 0.666243 0.514614 0.177651 0.11759 0.00126989
