1 0.917521 0.800297 0.150557 0.28275 0.821513
1 0.526647 0.507767 0.0837252 0.106939 0.818156
1 0.74989 0.553565 0.1214 0.163528 0.813382
1 0.37344 0.699244 0.141119 0.226394 0.793854
1 0.466389 0.586067 0.120414 0.177399 0.72528
10 0.393846 0.497968 0.0204882 0.0701622 0.133743
10 0.384162 0.495632 0.0200869 0.0684747 0.0341799
10 0.403808 0.495658 0.0254244 0.0648952 0.0179608
1 0.667915 0.465858 0.0995736 0.0874159 0.00622797
10 0.372043 0.492482 0.0199103 0.0607144 0.00518095
4 0.526834 0.50942 0.081682 0.107292 0.00496381
1 0.610649 0.411759 0.0651402 0.0592637 0.0022422
1 0.587826 0.414645 0.0449814 0.0595855 0.00159419
10 0.379895 0.479365 0.017273 0.0820358 0.00153904
1 0.648784 0.464591 0.055842 0.0646899 0.00136876
10 0.720958 0.341738 0.0198841 0.0335675 0.00132795
10 0.412836 0.493939 0.0228039 0.057455 0.0011812
1 0.556961 0.437363 0.0568059 0.0602995 0.00117971
1 0.579078 0.415433 0.0353665 0.054037 0.00109108
10 0.396699 0.484949 0.0206636 0.0826142 0.00105608
