4 0.0737979 0.554985 0.143032 0.405351 0.859627
10 0.285096 0.582734 0.0586529 0.34696 0.832707
10 0.49348 0.656235 0.0898122 0.523274 0.829983
10 0.712755 0.598439 0.0754778 0.386783 0.829263
10 0.414828 0.626281 0.0695729 0.494924 0.82562
10 0.365396 0.672647 0.0668951 0.425313 0.810851
10 0.551231 0.538472 0.052392 0.225992 0.664036
10 0.582878 0.519549 0.0430922 0.202222 0.648776
10 0.237092 0.53251 0.0508674 0.209497 0.570803
6 0.762973 0.693078 0.0585216 0.202065 0.56954
10 0.549689 0.659826 0.0543889 0.47586 0.468491
10 0.607275 0.594523 0.0706052 0.353348 0.465926
10 0.384249 0.473756 0.0340628 0.113826 0.306782
10 0.674812 0.567271 0.0573401 0.378387 0.235706
6 0.687847 0.83703 0.159886 0.281514 0.219346
2 0.963859 0.79213 0.0389009 0.136247 0.20087
11 0.686663 0.862689 0.162982 0.236276 0.134949
10 0.586183 0.631944 0.0972487 0.43562 0.0651496
10 0.673646 0.491195 0.0558312 0.23549 0.0186578
10 0.11244 0.471337 0.0509656 0.0945152 0.017688
6 0.767738 0.744613 0.0586738 0.189231 0.0155447
10 0.578283 0.485321 0.0355278 0.138579 0.0155196
10 0.387721 0.656842 0.0531532 0.433142 0.0111493
10 0.876362 0.603223 0.215626 0.486386 0.00930748
10 0.59713 0.531053 0.0682596 0.217912 0.00908372
6 0.785354 0.761691 0.0817459 0.160043 0.00817138
10 0.582692 0.465294 0.0389941 0.102617 0.00344364
6 0.718537 0.781776 0.0930688 0.329384 0.00306301
6 0.762433 0.763503 0.0598323 0.279724 0.00295332
11 0.658872 0.917202 0.210795 0.145742 0.00269116
10 0.657898 0.579283 0.056281 0.312779 0.00254439
10 0.442427 0.614264 0.0489165 0.473642 0.00250779
10 0.548739 0.516907 0.0397557 0.172863 0.00220383
11 0.586809 0.914657 0.0723115 0.140257 0.00217943
10 0.436629 0.557127 0.0421027 0.354802 0.00213783
9 0.0735796 0.550464 0.142281 0.415068 0.00177864
10 0.75547 0.698953 0.0804043 0.234829 0.00176428
2 0.76289 0.711239 0.0673975 0.241022 0.00159335
2 0.594699 0.90567 0.0408322 0.126666 0.00158073
10 0.453716 0.574058 0.0498724 0.347053 0.00157829
10 0.551079 0.471212 0.0318362 0.100831 0.00154259
10 0.68586 0.557333 0.0691087 0.290259 0.00151941
2 0.680753 0.71676 0.0218571 0.123532 0.00148424
6 0.705426 0.780864 0.169168 0.360436 0.00136285
10 0.536037 0.562271 0.0396816 0.310268 0.00134513
2 0.662331 0.903048 0.0351284 0.156281 0.00121819
6 0.79443 0.749328 0.0531155 0.136366 0.00115654
10 0.839914 0.59436 0.139137 0.451465 0.00114456
10 0.607468 0.455046 0.0270284 0.073369 0.00110045
10 0.615796 0.56937 0.0431497 0.28688 0.00106235
10 0.536126 0.644753 0.0576248 0.522274 0.00105954
2 0.668567 0.71633 0.0201682 0.120694 0.00103854
6 0.575017 0.750564 0.0789064 0.253279 0.00100726
