10 0.472888 0.598539 0.137114 0.52269 0.875041
10 0.691716 0.616649 0.133405 0.613908 0.873599
10 0.119794 0.492371 0.145386 0.574091 0.485605
10 0.803033 0.545807 0.0686832 0.373966 0.0396649
10 0.770637 0.536365 0.0515338 0.357928 0.0250951
9 0.311693 0.705229 0.372549 0.401586 0.0153784
10 0.565769 0.143527 0.101215 0.267076 0.00772173
10 0.786155 0.543978 0.0680616 0.37833 0.00647169
6 0.806423 0.559606 0.0627281 0.354945 0.00559889
11 0.243087 0.871175 0.277634 0.200117 0.00548873
11 0.307649 0.783047 0.570638 0.356168 0.00475636
11 0.315067 0.710099 0.367478 0.393015 0.00423349
1 0.149727 0.0648973 0.299454 0.129795 0.00390584
6 0.247346 0.719643 0.232038 0.27526 0.00338219
11 0.304643 0.85987 0.391441 0.231856 0.00297643
11 0.25107 0.779752 0.275135 0.372135 0.00190353
9 0.358354 0.630314 0.227437 0.246788 0.00186294
9 0.421139 0.663536 0.146265 0.387946 0.00168491
6 0.315067 0.710099 0.367478 0.393015 0.00150032
10 0.297002 0.510815 0.056081 0.227659 0.00104042
6 0.907952 0.465604 0.150817 0.584617 0.00103621
6 0.0349308 0.598317 0.0648052 0.360496 0.00100555
