10 0.439448 0.635055 0.472796 0.714671 0.821902
10 0.721694 0.640686 0.271505 0.666595 0.809973
10 0.897077 0.652489 0.198161 0.680371 0.75922
10 0.138632 0.518387 0.13896 0.254596 0.698156
10 0.031631 0.56543 0.0590117 0.308649 0.302351
10 0.0311022 0.509156 0.0533416 0.193288 0.169284
10 0.343399 0.581005 0.267216 0.606108 0.152892
10 0.131594 0.597016 0.149512 0.400006 0.0600669
10 0.21548 0.441799 0.109586 0.098539 0.0517857
10 0.224483 0.621436 0.130071 0.491654 0.0372141
10 0.220538 0.469957 0.1123 0.163629 0.0290076
10 0.208555 0.446669 0.14913 0.12241 0.0140982
10 0.190649 0.442863 0.0884144 0.0870157 0.00911043
10 0.19288 0.539784 0.168333 0.317808 0.00909452
10 0.21382 0.610166 0.226964 0.555025 0.00727483
10 0.24133 0.435919 0.0703864 0.102498 0.00643733
10 0.646118 0.462375 0.102885 0.124001 0.00488697
10 0.225261 0.428539 0.0822493 0.0874287 0.0047015
10 0.902282 0.471641 0.184988 0.317816 0.00437822
10 0.023979 0.607497 0.0419258 0.241822 0.00427006
10 0.0541924 0.512376 0.0868372 0.208921 0.00405457
10 0.225389 0.530137 0.0905725 0.215667 0.00269244
10 0.195528 0.492248 0.103448 0.19019 0.00265978
10 0.250628 0.447439 0.116783 0.121328 0.00242878
10 0.0203392 0.518427 0.0315773 0.277456 0.0015474
2 0.182816 0.4456 0.225806 0.145499 0.00144928
10 0.638901 0.427235 0.102257 0.140395 0.00137432
2 0.895372 0.651391 0.195918 0.68028 0.00106313
