4 0.132393 0.685696 0.264786 0.215374 0.944953
4 0.514006 0.61554 0.163439 0.116713 0.895828
12 0.352612 0.604895 0.228853 0.257645 0.893851
4 0.961027 0.644493 0.0739247 0.129896 0.759517
4 0.687633 0.683116 0.257867 0.190349 0.699225
4 0.738811 0.611294 0.108783 0.0562614 0.693348
8 0.831981 0.627531 0.0411559 0.0429347 0.420899
0 0.887885 0.633674 0.0206711 0.0606362 0.408313
4 0.62161 0.637109 0.127662 0.101557 0.374286
1 0.73964 0.532652 0.0365236 0.0228134 0.222393
3 0.829596 0.627958 0.0437649 0.0427944 0.191398
3 0.838232 0.629096 0.0297884 0.0402566 0.177097
4 0.109948 0.61524 0.208033 0.0755341 0.177036
3 0.460204 0.643777 0.0520541 0.0941743 0.123692
4 0.639795 0.604385 0.0906622 0.0397519 0.104613
3 0.833505 0.624241 0.0238787 0.0462911 0.102824
8 0.820221 0.626502 0.0494191 0.044324 0.0727051
4 0.229121 0.625737 0.043241 0.052375 0.0694106
4 0.874681 0.614404 0.0297446 0.0496312 0.0654239
8 0.224623 0.734728 0.0194342 0.0781935 0.0521803
4 0.738976 0.597513 0.113439 0.0286299 0.0500279
4 0.2244 0.616989 0.0671413 0.0676507 0.0486522
14 0.23711 0.715239 0.0484057 0.120987 0.0436942
22 0.224685 0.737164 0.0192188 0.0727018 0.0429197
4 0.136063 0.598723 0.111211 0.0426397 0.0420229
3 0.879978 0.627476 0.0363152 0.049853 0.0375014
8 0.876467 0.630516 0.0468099 0.0464275 0.036501
4 0.626434 0.615311 0.118884 0.0582903 0.0352205
4 0.080243 0.602256 0.0903816 0.0481229 0.02971
1 0.951823 0.510385 0.0511859 0.0325488 0.029168
4 0.468938 0.599035 0.0721953 0.0776914 0.0289021
0 0.879862 0.619695 0.027244 0.0570197 0.0271484
2 0.345693 0.66203 0.0201922 0.0189443 0.0263961
8 0.842662 0.630476 0.0286326 0.037987 0.0256666
14 0.916503 0.630633 0.0269756 0.0300648 0.0251181
4 0.0998954 0.600043 0.0513038 0.0431443 0.0246474
2 0.532907 0.478979 0.0121112 0.0161802 0.0234061
8 0.875244 0.6208 0.0291874 0.0544151 0.0213805
7 0.664847 0.528813 0.00850067 0.0263349 0.021354
2 0.788181 0.434022 0.0112509 0.0144974 0.0209347
3 0.446465 0.63927 0.0233436 0.0662017 0.020305
4 0.248734 0.626759 0.0825166 0.062466 0.02017
2 0.784672 0.468615 0.00944348 0.0152784 0.0191037
2 0.235041 0.590285 0.0217939 0.0182317 0.0181645
0 0.884869 0.612921 0.0194079 0.0414121 0.0176154
2 0.784872 0.434949 0.010098 0.0130008 0.0175243
8 0.836634 0.62393 0.0262855 0.0469316 0.0171916
13 0.876602 0.593965 0.0204429 0.0172849 0.0168348
4 0.308522 0.645397 0.138705 0.0843983 0.0161244
4 0.510811 0.555351 0.0356365 0.0149075 0.0159534
4 0.632243 0.597253 0.0693087 0.0311848 0.0153687
4 0.0702605 0.614668 0.112516 0.0740352 0.0151115
4 0.149607 0.613235 0.110504 0.0742123 0.0150967
2 0.734063 0.468593 0.00795801 0.0106305 0.0144224
3 0.901261 0.637658 0.0549248 0.0458619 0.0143389
4 0.280533 0.641356 0.114208 0.0931934 0.0143215
2 0.533067 0.483826 0.0111791 0.0188557 0.0139894
14 0.226217 0.735514 0.0215691 0.0833562 0.0136535
2 0.239328 0.58964 0.0140975 0.0177539 0.0136011
4 0.679917 0.636259 0.230742 0.104958 0.0126975
3 0.884713 0.656614 0.0294816 0.0664548 0.0125253
3 0.875244 0.6208 0.0291874 0.0544151 0.0117391
4 0.901261 0.637658 0.0549248 0.0458619 0.0115831
1 0.664847 0.528813 0.00850067 0.0263349 0.0114029
13 0.884869 0.612921 0.0194079 0.0414121 0.01088
42 0.876602 0.593965 0.0204429 0.0172849 0.0108633
4 0.828903 0.627268 0.0447454 0.0439335 0.0107356
4 0.574087 0.577811 0.0344806 0.0330251 0.0102152
2 0.195579 0.427237 0.0143848 0.032178 0.00994043
2 0.259019 0.451667 0.0124691 0.021106 0.00989377
4 0.69732 0.620208 0.207683 0.0710193 0.0097121
14 0.346059 0.670965 0.0213559 0.0360834 0.00964017
0 0.837425 0.627559 0.0328267 0.0473916 0.00928807
4 0.246942 0.652096 0.0792965 0.0981862 0.0092291
9 0.887736 0.631458 0.0199406 0.0544599 0.00911198
0 0.793997 0.618777 0.0133712 0.0452894 0.00911001
5 0.874681 0.614404 0.0297446 0.0496312 0.00846172
2 0.344742 0.68002 0.0182843 0.0531309 0.00832929
17 0.884869 0.612921 0.0194079 0.0414121 0.00815972
0 0.82613 0.624735 0.0326415 0.0479656 0.00808673
11 0.884869 0.612921 0.0194079 0.0414121 0.00797335
2 0.768499 0.436654 0.0162073 0.0131817 0.0078678
2 0.599952 0.444996 0.0168396 0.0231449 0.00781345
8 0.901261 0.637658 0.0549248 0.0458619 0.00781265
8 0.883763 0.647308 0.0306763 0.0718897 0.00780017
4 0.914866 0.632382 0.0315873 0.0333835 0.00768119
17 0.876602 0.593965 0.0204429 0.0172849 0.00736823
9 0.884869 0.612921 0.0194079 0.0414121 0.00725961
0 0.791616 0.615582 0.00919574 0.0403946 0.00724588
3 0.863282 0.620256 0.0543038 0.0533575 0.00724516
0 0.874681 0.614404 0.0297446 0.0496312 0.007191
3 0.914866 0.632382 0.0315873 0.0333835 0.00719014
2 0.767881 0.359426 0.0117258 0.0148819 0.00716989
5 0.831981 0.627531 0.0411559 0.0429347 0.00700971
2 0.600087 0.449451 0.0143137 0.0199946 0.00700365
8 0.887244 0.632201 0.0221876 0.0607011 0.00673195
8 0.914866 0.632382 0.0315873 0.0333835 0.00635439
14 0.347623 0.700449 0.0237169 0.0939587 0.00619944
4 0.0680419 0.697085 0.136084 0.182635 0.00618573
4 0.0829267 0.636399 0.164497 0.117804 0.00608283
4 0.293166 0.667026 0.137896 0.0530402 0.0060291
2 0.645335 0.495975 0.00594782 0.0120959 0.00599397
3 0.869322 0.650781 0.0649517 0.0685944 0.00596042
3 0.427737 0.653882 0.0395427 0.0620173 0.00578347
4 0.0226568 0.707953 0.0453135 0.176056 0.00572406
0 0.883763 0.647308 0.0306763 0.0718897 0.00562386
2 0.783532 0.457782 0.00841663 0.013493 0.00560402
8 0.810625 0.623441 0.0383992 0.0486726 0.00552664
2 0.785984 0.441753 0.00768976 0.0132096 0.00552039
3 0.913934 0.643002 0.0363577 0.0539359 0.00551366
1 0.830458 0.584002 0.0131921 0.0351855 0.0054638
4 0.339313 0.640855 0.184148 0.107607 0.0054362
4 0.884869 0.612921 0.0194079 0.0414121 0.00536487
0 0.880971 0.628095 0.0458481 0.0532381 0.00526437
14 0.908519 0.633321 0.0436992 0.0336254 0.00525246
4 0.509003 0.560295 0.0406772 0.0154167 0.00524934
4 0.0585626 0.628127 0.0814265 0.0385705 0.00505577
3 0.915408 0.675639 0.0574519 0.117998 0.00478892
7 0.740777 0.418642 0.0134929 0.0320999 0.00471711
1 0.833168 0.555656 0.0129608 0.0160955 0.00469743
2 0.668153 0.497834 0.0107058 0.0138271 0.00463951
17 0.887289 0.624073 0.0200372 0.0534079 0.00459973
4 0.876602 0.593965 0.0204429 0.0172849 0.00458799
14 0.462345 0.648917 0.0525645 0.0987866 0.00457652
0 0.863308 0.574573 0.00962335 0.0237547 0.00457449
4 0.464622 0.584285 0.0618225 0.0431993 0.00456208
2 0.596827 0.448019 0.0117612 0.0208524 0.00453891
4 0.295631 0.643379 0.0863488 0.0287148 0.00447696
8 0.447135 0.633298 0.0252781 0.0751434 0.00439797
0 0.834526 0.618117 0.0164743 0.0511133 0.00435112
11 0.887736 0.631458 0.0199406 0.0544599 0.00430596
4 0.863282 0.620256 0.0543038 0.0533575 0.00422214
4 0.433229 0.628884 0.049275 0.0814891 0.00419774
8 0.869322 0.650781 0.0649517 0.0685944 0.00407607
4 0.479596 0.58506 0.0909369 0.0511664 0.00402138
2 0.766534 0.449203 0.0131557 0.0232355 0.00394485
22 0.593374 0.60034 0.0100881 0.0233682 0.00393079
14 0.879862 0.619695 0.027244 0.0570197 0.00384952
4 0.836634 0.62393 0.0262855 0.0469316 0.00383885
2 0.199878 0.431039 0.0126997 0.0197313 0.00382622
8 0.913934 0.643002 0.0363577 0.0539359 0.00380672
14 0.887244 0.632201 0.0221876 0.0607011 0.00377638
14 0.345555 0.686511 0.0206512 0.0668555 0.00371235
4 0.346059 0.670965 0.0213559 0.0360834 0.00369143
0 0.886205 0.600471 0.0165818 0.0317254 0.00366743
4 0.0278768 0.634499 0.0233421 0.0253949 0.00364216
4 0.501285 0.557033 0.0525958 0.0193306 0.0036331
11 0.876602 0.593965 0.0204429 0.0172849 0.00356893
0 0.593374 0.60034 0.0100881 0.0233682 0.00351148
5 0.876467 0.630516 0.0468099 0.0464275 0.00349774
8 0.458571 0.637904 0.049056 0.0883167 0.00348346
8 0.793997 0.618777 0.0133712 0.0452894 0.00343958
0 0.591445 0.592568 0.0106199 0.0374932 0.00342951
13 0.887289 0.624073 0.0200372 0.0534079 0.00335171
4 0.695742 0.593524 0.174077 0.0229521 0.00329078
4 0.810625 0.623441 0.0383992 0.0486726 0.00327736
23 0.22438 0.735938 0.0193801 0.0728415 0.00327009
3 0.883574 0.697008 0.0506096 0.135337 0.00318474
4 0.350251 0.676562 0.0311993 0.0447522 0.00315266
3 0.9149 0.691762 0.0806859 0.139343 0.00314552
4 0.0345177 0.632696 0.0311811 0.0264644 0.00305735
8 0.593374 0.60034 0.0100881 0.0233682 0.00302296
4 0.879862 0.619695 0.027244 0.0570197 0.00298652
2 0.259966 0.44326 0.0154715 0.0161963 0.00295512
4 0.574997 0.586407 0.0412396 0.0486058 0.00295044
8 0.797782 0.628742 0.0219881 0.0424902 0.00293176
3 0.898422 0.685442 0.0608698 0.131931 0.00287011
3 0.900948 0.655227 0.058509 0.0698248 0.00282709
2 0.664847 0.528813 0.00850067 0.0263349 0.00281219
0 0.830458 0.584002 0.0131921 0.0351855 0.00275842
4 0.454576 0.588541 0.0393983 0.0310685 0.00272336
2 0.794185 0.3622 0.00683533 0.0161071 0.00269721
4 0.233936 0.682366 0.0602703 0.130523 0.0026828
7 0.224279 0.736653 0.0192398 0.0718705 0.00267469
0 0.864918 0.588226 0.0112515 0.01534 0.0026269
0 0.740777 0.418642 0.0134929 0.0320999 0.00261475
42 0.511236 0.554836 0.0297182 0.0138631 0.00261129
2 0.745496 0.49573 0.00651093 0.0141118 0.0026068
14 0.791616 0.615582 0.00919574 0.0403946 0.00259899
4 0.793997 0.618777 0.0133712 0.0452894 0.00258835
4 0.458571 0.637904 0.049056 0.0883167 0.00258786
1 0.952379 0.49653 0.0514336 0.0580323 0.00249742
8 0.863282 0.620256 0.0543038 0.0533575 0.00249726
42 0.884869 0.612921 0.0194079 0.0414121 0.0024809
2 0.959378 0.0170713 0.0147762 0.028752 0.00244054
4 0.791616 0.615582 0.00919574 0.0403946 0.00243822
0 0.797782 0.628742 0.0219881 0.0424902 0.00239759
3 0.934524 0.663541 0.025486 0.0933122 0.00237665
2 0.738454 0.4681 0.00938214 0.0135209 0.00237273
8 0.591445 0.592568 0.0106199 0.0374932 0.00236492
3 0.225346 0.734072 0.0198148 0.0811725 0.00231894
3 0.877332 0.642703 0.0386257 0.0647306 0.0022917
2 0.732958 0.462048 0.0116783 0.0170121 0.0022678
2 0.522981 0.48002 0.0146714 0.0198098 0.00226139
5 0.820221 0.626502 0.0494191 0.044324 0.00225568
1 0.836055 0.556046 0.0139478 0.0177904 0.00222513
1 0.22412 0.737467 0.0191354 0.0691721 0.00221077
4 0.876467 0.630516 0.0468099 0.0464275 0.00220842
3 0.887457 0.640566 0.0223029 0.0768837 0.00219723
14 0.282726 0.719135 0.144239 0.133275 0.00219085
4 0.447135 0.633298 0.0252781 0.0751434 0.00217864
4 0.456521 0.61732 0.0466522 0.0929875 0.00215349
0 0.22412 0.737467 0.0191354 0.0691721 0.002141
7 0.796531 0.376072 0.00775623 0.0237718 0.00211184
1 0.741959 0.419034 0.0151289 0.0353499 0.00207801
4 0.304954 0.634234 0.0844487 0.048861 0.00204469
7 0.659797 0.529766 0.0109847 0.0204444 0.00200113
0 0.708192 0.689365 0.230672 0.183034 0.0019944
2 0.722156 0.403973 0.0117318 0.0245442 0.00198724
0 0.822935 0.605967 0.0140972 0.0596641 0.00194971
4 0.347113 0.661461 0.0224375 0.0177072 0.00193983
2 0.228665 0.601836 0.0368134 0.0413509 0.00192617
14 0.218138 0.732535 0.030805 0.0868921 0.00188719
9 0.876602 0.593965 0.0204429 0.0172849 0.00184619
14 0.833505 0.624241 0.0238787 0.0462911 0.00183111
4 0.418902 0.573162 0.027794 0.03963 0.00182576
3 0.810625 0.623441 0.0383992 0.0486726 0.00181094
4 0.153681 0.643037 0.219202 0.118828 0.00180799
2 0.655555 0.497554 0.00916699 0.01321 0.00175856
14 0.880971 0.628095 0.0458481 0.0532381 0.0017382
4 0.384204 0.626557 0.124448 0.0839827 0.00169681
3 0.793997 0.618777 0.0133712 0.0452894 0.00168999
14 0.874681 0.614404 0.0297446 0.0496312 0.00168812
3 0.797782 0.628742 0.0219881 0.0424902 0.00168757
5 0.879862 0.619695 0.027244 0.0570197 0.00168124
0 0.73934 0.425646 0.0115894 0.0209036 0.00166691
2 0.870249 0.527297 0.0071947 0.0137065 0.0016425
4 0.228665 0.601836 0.0368134 0.0413509 0.00163272
1 0.728913 0.533039 0.0259292 0.0212662 0.00161799
2 0.788315 0.454962 0.0110333 0.0172729 0.00156717
6 0.874681 0.614404 0.0297446 0.0496312 0.00155433
2 0.722635 0.41726 0.0138407 0.0228569 0.00154098
1 0.788123 0.469578 0.0112774 0.0263202 0.0015401
2 0.227735 0.617792 0.0413947 0.0636504 0.00153765
8 0.884869 0.612921 0.0194079 0.0414121 0.00153409
14 0.82613 0.624735 0.0326415 0.0479656 0.00152654
4 0.195381 0.613916 0.0399797 0.0587717 0.00147435
4 0.109378 0.580851 0.204731 0.131404 0.00145613
3 0.844944 0.639837 0.0375136 0.0529138 0.00144913
8 0.898422 0.685442 0.0608698 0.131931 0.00144757
3 0.591445 0.592568 0.0106199 0.0374932 0.00142768
4 0.591445 0.592568 0.0106199 0.0374932 0.00141509
8 0.838521 0.637868 0.0328484 0.0503267 0.00141005
4 0.0653632 0.632158 0.116306 0.0682595 0.00139194
12 0.154255 0.562958 0.058894 0.122548 0.00137406
42 0.887289 0.624073 0.0200372 0.0534079 0.00133694
0 0.961027 0.644493 0.0739247 0.129896 0.00133656
4 0.0566052 0.638023 0.0948758 0.037832 0.00132092
8 0.822165 0.619265 0.0294119 0.0544681 0.00131903
0 0.193265 0.611628 0.0338072 0.0491812 0.0013091
2 0.507632 0.361652 0.00871903 0.0161801 0.00129218
5 0.836634 0.62393 0.0262855 0.0469316 0.00127481
2 0.67998 0.335826 0.0108932 0.0221889 0.00127434
0 0.235715 0.701057 0.0513325 0.137413 0.00127083
0 0.810625 0.623441 0.0383992 0.0486726 0.00126966
4 0.442987 0.580582 0.0794294 0.0425679 0.00121375
2 0.704602 0.323273 0.00825031 0.0172589 0.00118843
4 0.444635 0.598802 0.0195157 0.0209993 0.00118777
8 0.791616 0.615582 0.00919574 0.0403946 0.00117572
4 0.0230032 0.63753 0.0291063 0.0290358 0.00116027
14 0.619705 0.642788 0.134345 0.109919 0.00115101
2 0.788123 0.469578 0.0112774 0.0263202 0.00114653
8 0.925 0.629492 0.0146524 0.0323924 0.00113772
4 0.763222 0.622277 0.109136 0.0698864 0.00110974
12 0.339313 0.640855 0.184148 0.107607 0.00110541
1 0.788181 0.434022 0.0112509 0.0144974 0.00108616
7 0.768844 0.393716 0.0208475 0.0669186 0.00107813
8 0.346059 0.670965 0.0213559 0.0360834 0.00106881
14 0.901261 0.637658 0.0549248 0.0458619 0.00106879
5 0.863282 0.620256 0.0543038 0.0533575 0.00106687
8 0.819857 0.637534 0.056264 0.0600715 0.00106006
2 0.63153 0.602608 0.0734369 0.0326612 0.00105427
8 0.915408 0.675639 0.0574519 0.117998 0.00103656
4 0.279305 0.630311 0.0233937 0.0353813 0.00103221
4 0.235041 0.590285 0.0217939 0.0182317 0.00102585
13 0.830458 0.584002 0.0131921 0.0351855 0.00102503
7 0.743202 0.386204 0.0130178 0.0389138 0.00102462
8 0.935142 0.610713 0.0144075 0.0383659 0.00102341
0 0.664847 0.528813 0.00850067 0.0263349 0.00102187
0 0.909178 0.585813 0.00914069 0.0141779 0.00101678
8 0.218138 0.732535 0.030805 0.0868921 0.00100468
