4 0.112347 0.637522 0.223474 0.291639 0.944613
15 0.423714 0.504576 0.239039 0.312347 0.944504
8 0.917441 0.641043 0.145837 0.181996 0.912219
4 0.663751 0.559686 0.104466 0.0733962 0.886205
8 0.791015 0.616254 0.112371 0.17181 0.883601
4 0.592457 0.558329 0.0447537 0.0538199 0.740356
0 0.279774 0.622634 0.0625326 0.191286 0.69615
0 0.787257 0.571447 0.0462089 0.183069 0.691452
0 0.761882 0.574432 0.0487995 0.170317 0.604768
7 0.577944 0.454461 0.00678882 0.0288357 0.58697
4 0.926497 0.57851 0.147005 0.178448 0.577567
8 0.275514 0.643776 0.0716054 0.16602 0.573158
0 0.909393 0.595286 0.0557007 0.252199 0.549409
7 0.622551 0.458251 0.00764539 0.0233806 0.371038
4 0.201909 0.576842 0.0272117 0.044732 0.36466
4 0.958677 0.579866 0.0826454 0.176053 0.348047
0 0.872974 0.533201 0.0468269 0.135242 0.347223
4 0.54583 0.54818 0.0209093 0.0319163 0.284613
1 0.234228 0.534908 0.0186324 0.0158372 0.261562
0 0.876316 0.561165 0.0542206 0.19845 0.236549
0 0.251184 0.623662 0.0396953 0.14193 0.210961
0 0.864093 0.522089 0.0289562 0.104116 0.193863
4 0.566976 0.550793 0.0222422 0.0305028 0.190269
0 0.890414 0.559641 0.0851475 0.218461 0.159585
13 0.917241 0.491139 0.0219593 0.0353334 0.136625
4 0.5352 0.541886 0.0161495 0.0234765 0.123804
4 0.553613 0.548309 0.0228591 0.0310957 0.0962335
4 0.230304 0.570028 0.0121626 0.019008 0.0949537
4 0.253409 0.563925 0.0184689 0.0233017 0.0848329
3 0.948127 0.640168 0.0790661 0.17784 0.0811304
7 0.606011 0.460092 0.00621436 0.0165637 0.0802374
8 0.731012 0.570209 0.0169378 0.0273553 0.0791031
4 0.233507 0.567053 0.0196351 0.025319 0.0772157
4 0.549125 0.545092 0.0184923 0.0304884 0.0748915
4 0.248329 0.565649 0.0150988 0.0232154 0.0742947
7 0.626141 0.457452 0.0102907 0.022093 0.0725447
7 0.433415 0.388 0.0170881 0.0356893 0.0677855
8 0.273755 0.65166 0.0455597 0.152183 0.0643828
8 0.72897 0.554509 0.017866 0.041242 0.0616491
7 0.607774 0.45355 0.00589539 0.0185443 0.0600352
4 0.535504 0.549301 0.0146408 0.0341397 0.0591448
13 0.910729 0.488808 0.0283318 0.0349127 0.0553704
0 0.754365 0.567551 0.0381937 0.126981 0.0543706
4 0.56414 0.557621 0.0268522 0.0361755 0.0515468
0 0.252622 0.619765 0.0234687 0.130664 0.0511197
0 0.902105 0.542577 0.0533434 0.141052 0.0488661
0 0.890264 0.576514 0.0552889 0.229946 0.0472919
0 0.718101 0.549259 0.0133004 0.0429215 0.0469914
0 0.296707 0.631729 0.0321505 0.164128 0.046211
0 0.913227 0.536704 0.0441435 0.130918 0.0445578
0 0.715631 0.539907 0.00897846 0.0400054 0.0428541
7 0.559592 0.458437 0.00753326 0.037265 0.0418135
1 0.537096 0.476151 0.00854706 0.0258551 0.0411812
4 0.523337 0.532297 0.0150401 0.0192001 0.0394446
15 0.272702 0.540628 0.0311874 0.0401935 0.0387618
0 0.535504 0.549301 0.0146408 0.0341397 0.036835
0 0.249352 0.567319 0.0169147 0.0257702 0.0361866
8 0.230304 0.570028 0.0121626 0.019008 0.0354875
0 0.199708 0.569181 0.0260799 0.043222 0.0346582
7 0.574108 0.455774 0.010819 0.0372948 0.0337907
4 0.509265 0.530725 0.0155545 0.017267 0.0334716
1 0.538833 0.490068 0.010072 0.0273043 0.0317337
7 0.603539 0.398043 0.00869818 0.0235501 0.0315384
1 0.771086 0.474302 0.0316778 0.0260245 0.0310005
0 0.7277 0.543097 0.0127773 0.0339654 0.0300917
4 0.838926 0.530149 0.0335623 0.0412494 0.0300453
0 0.750788 0.548749 0.0274785 0.0769248 0.0300372
8 0.945018 0.638939 0.0865776 0.178547 0.0287388
11 0.874594 0.524657 0.0412783 0.108705 0.028701
4 0.821163 0.525559 0.0700474 0.0619571 0.0286406
1 0.715422 0.520473 0.00748651 0.0206229 0.0286241
0 0.92222 0.601683 0.128065 0.261615 0.0283994
4 0.753489 0.54437 0.038768 0.0783188 0.0265116
13 0.760653 0.50773 0.0202785 0.0342031 0.0263027
7 0.279989 0.521389 0.0160338 0.0275953 0.0261049
1 0.536276 0.495065 0.0113839 0.0259833 0.0256268
0 0.862706 0.564249 0.0271888 0.130625 0.0234237
4 0.314324 0.575297 0.0147596 0.0302185 0.0232203
8 0.753489 0.54437 0.038768 0.0783188 0.0230231
4 0.273487 0.633354 0.0762856 0.168176 0.0227771
3 0.837201 0.55305 0.029385 0.0493506 0.0220849
1 0.535375 0.461525 0.00925275 0.0253391 0.0219145
8 0.718101 0.549259 0.0133004 0.0429215 0.0217551
1 0.184834 0.534356 0.0140489 0.0199831 0.0215883
1 0.522487 0.508052 0.0126711 0.0152853 0.0211176
1 0.234567 0.530783 0.0171216 0.0194468 0.0203501
7 0.537096 0.476151 0.00854706 0.0258551 0.0202381
8 0.72314 0.559414 0.0247967 0.0440143 0.0201132
8 0.617812 0.573288 0.0158253 0.032753 0.0200129
9 0.771756 0.542422 0.02139 0.0683656 0.019998
11 0.862413 0.527471 0.0261654 0.0840921 0.0199239
7 0.702801 0.498609 0.00747748 0.020788 0.0196858
7 0.274911 0.528805 0.0277245 0.0424644 0.0188795
8 0.84459 0.531113 0.0159077 0.0397137 0.01849
12 0.234228 0.534908 0.0186324 0.0158372 0.0183614
1 0.556064 0.45009 0.00743561 0.0500726 0.017843
7 0.556064 0.45009 0.00743561 0.0500726 0.0177752
4 0.270346 0.611559 0.0576305 0.1568 0.0177377
4 0.623137 0.543306 0.0222964 0.0339665 0.0176997
4 0.20931 0.576577 0.0208082 0.0319953 0.0176222
8 0.837201 0.55305 0.029385 0.0493506 0.017492
0 0.755285 0.523908 0.0303138 0.0624398 0.0174593
0 0.714271 0.525757 0.00657062 0.0234529 0.0171033
4 0.535973 0.533459 0.0141188 0.0251366 0.017039
4 0.701619 0.549845 0.0355604 0.039901 0.016901
4 0.831541 0.538987 0.0353611 0.0385887 0.0164536
8 0.20931 0.576577 0.0208082 0.0319953 0.016247
8 0.204879 0.584232 0.0315352 0.0452842 0.0162109
8 0.535504 0.549301 0.0146408 0.0341397 0.0161383
8 0.551197 0.569575 0.0149815 0.0286222 0.0159727
0 0.72897 0.554509 0.017866 0.041242 0.0157808
0 0.887095 0.533405 0.0220144 0.0840074 0.0157773
4 0.708132 0.553954 0.0234531 0.0446852 0.0155313
0 0.23675 0.566916 0.0200001 0.026286 0.0151837
4 0.252622 0.619765 0.0234687 0.130664 0.0150248
4 0.846664 0.521405 0.0190087 0.0445052 0.0150113
9 0.815008 0.596115 0.0269085 0.126282 0.0149624
13 0.861255 0.494987 0.017034 0.0230192 0.0148628
7 0.535083 0.450355 0.00888373 0.036625 0.0148327
4 0.72897 0.554509 0.017866 0.041242 0.0148175
4 0.697121 0.541617 0.0259667 0.019852 0.01481
1 0.995238 0.476152 0.00720593 0.0245763 0.0146921
4 0.654533 0.547076 0.0842816 0.045461 0.0146198
2 0.782847 0.324586 0.00985925 0.0361371 0.0145723
1 0.227091 0.534538 0.0186316 0.0190987 0.0144483
13 0.777238 0.492495 0.0166066 0.0303902 0.0144084
8 0.255791 0.634594 0.0491523 0.136147 0.0143435
0 0.860716 0.544695 0.0368447 0.0930513 0.0143193
3 0.84459 0.531113 0.0159077 0.0397137 0.0142305
7 0.545751 0.449957 0.0123647 0.0513302 0.0140589
4 0.264731 0.551166 0.0126436 0.0223721 0.0138939
0 0.846664 0.521405 0.0190087 0.0445052 0.0135528
0 0.79851 0.58391 0.03989 0.147188 0.0135447
4 0.22131 0.56637 0.0139298 0.0260961 0.0129183
0 0.790492 0.526477 0.0186182 0.0695778 0.0128891
17 0.883307 0.478542 0.0215687 0.0305028 0.0126052
1 0.657224 0.514418 0.00781311 0.0153092 0.0124376
0 0.915176 0.522458 0.0336544 0.0848985 0.0123335
8 0.754365 0.567551 0.0381937 0.126981 0.0122943
0 0.762531 0.508891 0.015457 0.0338089 0.0122815
5 0.20144 0.573417 0.0275683 0.0499593 0.0122761
3 0.731012 0.570209 0.0169378 0.0273553 0.0122151
0 0.278199 0.531915 0.0213996 0.0440537 0.0120486
4 0.649682 0.559589 0.0832335 0.0586078 0.012004
0 0.5352 0.541886 0.0161495 0.0234765 0.0119858
13 0.908446 0.479442 0.0234056 0.0279399 0.0119472
4 0.7277 0.543097 0.0127773 0.0339654 0.0117485
11 0.753243 0.545764 0.0298248 0.0845214 0.0117155
4 0.766443 0.573433 0.0573406 0.164574 0.0116354
17 0.910729 0.488808 0.0283318 0.0349127 0.0115305
1 0.552026 0.438927 0.0104052 0.0729372 0.0112098
4 0.84459 0.531113 0.0159077 0.0397137 0.0111687
4 0.862162 0.528888 0.0261135 0.0756504 0.0111291
0 0.781727 0.527171 0.0272412 0.0793471 0.0110791
1 0.678272 0.516812 0.0138179 0.0208108 0.0110534
4 0.302533 0.56194 0.0132047 0.0207187 0.0108896
9 0.808302 0.599158 0.0275368 0.14457 0.0107977
1 0.559592 0.458437 0.00753326 0.037265 0.0107583
0 0.535309 0.562151 0.0130959 0.0447778 0.0107562
4 0.567147 0.5354 0.0230305 0.0328392 0.0106588
4 0.197626 0.569374 0.0348485 0.0476124 0.010631
22 0.304775 0.651554 0.0204695 0.132096 0.0104958
7 0.704487 0.505194 0.00524103 0.0219026 0.0104896
3 0.72897 0.554509 0.017866 0.041242 0.0104341
0 0.264731 0.551166 0.0126436 0.0223721 0.0104229
1 0.64161 0.515406 0.00732996 0.0148241 0.0103438
1 0.665702 0.515379 0.00749933 0.0171853 0.0102869
4 0.958498 0.529864 0.0826077 0.0768118 0.0101472
8 0.535309 0.562151 0.0130959 0.0447778 0.0101126
0 0.20931 0.576577 0.0208082 0.0319953 0.0101057
1 0.208108 0.517627 0.00636913 0.0148231 0.0100505
3 0.551197 0.569575 0.0149815 0.0286222 0.00987837
8 0.831208 0.559747 0.0469246 0.058134 0.0097903
4 0.341993 0.575714 0.04789 0.0529357 0.00958291
8 0.7277 0.543097 0.0127773 0.0339654 0.00952828
8 0.749539 0.593662 0.0272659 0.0631439 0.00948266
9 0.753243 0.545764 0.0298248 0.0845214 0.00939239
1 0.758764 0.471308 0.0145121 0.0172737 0.00919481
15 0.278199 0.531915 0.0213996 0.0440537 0.00918964
7 0.715422 0.520473 0.00748651 0.0206229 0.00916844
3 0.96723 0.626284 0.0565704 0.154063 0.00901589
7 0.588242 0.459305 0.0123435 0.018643 0.00885336
0 0.749539 0.593662 0.0272659 0.0631439 0.00883688
1 0.715631 0.539907 0.00897846 0.0400054 0.0088216
1 0.534182 0.513214 0.0168688 0.0188021 0.00880637
1 0.535976 0.446273 0.00737421 0.0374552 0.00877916
2 0.815334 0.332716 0.00800061 0.0183267 0.00872591
7 0.612598 0.465197 0.00663129 0.0314045 0.00870417
4 0.570702 0.563219 0.0306464 0.0416975 0.00860797
17 0.917241 0.491139 0.0219593 0.0353334 0.00860734
11 0.771756 0.542422 0.02139 0.0683656 0.00853856
0 0.861255 0.494987 0.017034 0.0230192 0.00852139
4 0.306794 0.61575 0.0204195 0.117624 0.0085178
5 0.273487 0.633354 0.0762856 0.168176 0.00851086
17 0.777238 0.492495 0.0166066 0.0303902 0.0084426
0 0.230304 0.570028 0.0121626 0.019008 0.00833031
4 0.760653 0.50773 0.0202785 0.0342031 0.00830742
1 0.525061 0.466474 0.0156496 0.0306378 0.00810201
4 0.831208 0.559747 0.0469246 0.058134 0.00798456
0 0.253409 0.563925 0.0184689 0.0233017 0.00797727
7 0.587877 0.453992 0.0139639 0.0199972 0.00797438
4 0.192936 0.563933 0.0258376 0.0383485 0.0079627
13 0.883307 0.478542 0.0215687 0.0305028 0.00796041
0 0.771756 0.542422 0.02139 0.0683656 0.00793378
3 0.72314 0.559414 0.0247967 0.0440143 0.00780188
13 0.890385 0.490216 0.0139704 0.0337861 0.00775302
3 0.617812 0.573288 0.0158253 0.032753 0.00767046
0 0.862743 0.510805 0.018306 0.0612789 0.00751759
4 0.380527 0.576495 0.0198349 0.0292464 0.00750884
4 0.268565 0.541886 0.0369242 0.0445026 0.00748951
1 0.642448 0.461831 0.00922601 0.013955 0.00736034
8 0.288681 0.646989 0.0472688 0.145145 0.00730352
4 0.708538 0.54428 0.0212 0.0353082 0.00717301
13 0.264731 0.551166 0.0126436 0.0223721 0.00717127
13 0.888448 0.480123 0.0208244 0.0299551 0.00705699
1 0.279989 0.521389 0.0160338 0.0275953 0.00696933
11 0.887095 0.533405 0.0220144 0.0840074 0.00689665
9 0.798323 0.587507 0.0425047 0.167279 0.00684441
1 0.606011 0.460092 0.00621436 0.0165637 0.00678875
0 0.890299 0.535332 0.0144157 0.0645141 0.00675058
1 0.994677 0.480758 0.00855334 0.0211937 0.00674329
1 0.190874 0.540609 0.0240396 0.0306375 0.00671575
17 0.760653 0.50773 0.0202785 0.0342031 0.00670011
1 0.353242 0.510872 0.00797519 0.0255108 0.00664392
8 0.846664 0.521405 0.0190087 0.0445052 0.00662502
1 0.570195 0.413321 0.0273995 0.0312447 0.00661958
4 0.205597 0.600051 0.0338224 0.0679647 0.00657003
22 0.577944 0.454461 0.00678882 0.0288357 0.00655249
0 0.84459 0.531113 0.0159077 0.0397137 0.00654976
4 0.718101 0.549259 0.0133004 0.0429215 0.00654457
1 0.308349 0.509861 0.00724585 0.0153689 0.00654281
0 0.509265 0.530725 0.0155545 0.017267 0.00653631
4 0.619978 0.558718 0.0196932 0.0569533 0.00652354
4 0.837201 0.55305 0.029385 0.0493506 0.00652146
4 0.905302 0.562303 0.137644 0.140122 0.00649449
7 0.222814 0.510637 0.00863461 0.0164147 0.00630062
0 0.22131 0.56637 0.0139298 0.0260961 0.00622823
3 0.831541 0.538987 0.0353611 0.0385887 0.00615844
0 0.72889 0.519798 0.00895807 0.0194839 0.00615481
8 0.81528 0.539197 0.0145832 0.0316047 0.00611664
7 0.651323 0.392449 0.0250634 0.031619 0.00606746
13 0.278199 0.531915 0.0213996 0.0440537 0.00595147
7 0.208108 0.517627 0.00636913 0.0148231 0.0058736
0 0.306794 0.61575 0.0204195 0.117624 0.00587178
3 0.826914 0.559523 0.0420742 0.0548848 0.00584076
8 0.200776 0.571934 0.0314091 0.0450528 0.00584013
0 0.758076 0.605841 0.0438147 0.0996232 0.00583722
15 0.280264 0.541967 0.0334098 0.0546559 0.00581938
6 0.567913 0.54467 0.0227333 0.0336349 0.00581669
1 0.631873 0.513856 0.00550665 0.0177677 0.00579699
1 0.622947 0.454592 0.00845184 0.0223005 0.00575877
4 0.617812 0.573288 0.0158253 0.032753 0.00575302
11 0.915176 0.522458 0.0336544 0.0848985 0.00572584
1 0.714271 0.525757 0.00657062 0.0234529 0.00566402
8 0.0384463 0.693243 0.0748635 0.199077 0.00564214
4 0.874255 0.550576 0.0478539 0.169369 0.00562725
13 0.762641 0.500609 0.0238261 0.0303423 0.00560983
0 0.272702 0.540628 0.0311874 0.0401935 0.00558204
8 0.56414 0.557621 0.0268522 0.0361755 0.00556751
1 0.973014 0.471757 0.0106018 0.0362759 0.00549888
4 0.314137 0.564985 0.020175 0.0251234 0.00547327
5 0.233507 0.567053 0.0196351 0.025319 0.00540473
4 0.925748 0.496729 0.0125316 0.0242854 0.0052102
0 0.925748 0.496729 0.0125316 0.0242854 0.005175
1 0.538924 0.469482 0.0100118 0.0258574 0.00517291
8 0.842028 0.569311 0.0240804 0.0385444 0.00511261
1 0.523657 0.499685 0.0137709 0.0220665 0.00508667
6 0.233507 0.567053 0.0196351 0.025319 0.00506145
0 0.383746 0.578457 0.0150534 0.0359842 0.00505446
7 0.686033 0.476664 0.00709302 0.0205273 0.00499989
11 0.890299 0.535332 0.0144157 0.0645141 0.00498323
4 0.994677 0.480758 0.00855334 0.0211937 0.00497021
13 0.253409 0.563925 0.0184689 0.0233017 0.00497008
8 0.896094 0.571953 0.0923662 0.227002 0.00496579
13 0.277548 0.553159 0.0190289 0.0276613 0.00495013
15 0.233507 0.567053 0.0196351 0.025319 0.00490793
0 0.549782 0.566099 0.0158431 0.0360936 0.00489909
8 0.248329 0.565649 0.0150988 0.0232154 0.00489503
9 0.890299 0.535332 0.0144157 0.0645141 0.00487513
4 0.497581 0.526985 0.0247856 0.0181553 0.00477534
4 0.190874 0.540609 0.0240396 0.0306375 0.00477456
3 0.842028 0.569311 0.0240804 0.0385444 0.00477318
0 0.81528 0.539197 0.0145832 0.0316047 0.00471803
1 0.702801 0.498609 0.00747748 0.020788 0.00471632
3 0.917171 0.639123 0.142711 0.183675 0.0047134
7 0.714271 0.525757 0.00657062 0.0234529 0.00466755
7 0.697862 0.497187 0.00870282 0.0199009 0.00466549
1 0.62646 0.454136 0.00971906 0.0214956 0.00465896
1 0.63999 0.453928 0.0124647 0.0216513 0.00463255
0 0.277548 0.553159 0.0190289 0.0276613 0.00462852
4 0.204808 0.588357 0.0272432 0.0589071 0.00451286
4 0.549782 0.566099 0.0158431 0.0360936 0.00450273
6 0.268565 0.541886 0.0369242 0.0445026 0.00445405
4 0.526724 0.545283 0.0201026 0.0313435 0.00438773
5 0.753489 0.54437 0.038768 0.0783188 0.00435095
22 0.731012 0.570209 0.0169378 0.0273553 0.00433893
8 0.831541 0.538987 0.0353611 0.0385887 0.00428679
17 0.762641 0.500609 0.0238261 0.0303423 0.00427735
8 0.5352 0.541886 0.0161495 0.0234765 0.0042375
8 0.820778 0.54894 0.035239 0.0469823 0.00419472
