14 0.595326 0.532908 0.245219 0.545899 0.96219
0 0.307673 0.48472 0.167583 0.748441 0.928624
0 0.499011 0.215083 0.0770484 0.161773 0.846466
0 0.40206 0.345953 0.0617106 0.482185 0.844686
0 0.0120127 0.216849 0.023278 0.194746 0.833868
0 0.0419028 0.195927 0.0375248 0.190308 0.811462
0 0.158715 0.505846 0.161286 0.750817 0.756196
0 0.0804036 0.194319 0.0299425 0.1856 0.728534
0 0.27954 0.166215 0.0236668 0.0938449 0.635893
0 0.189647 0.209037 0.0236851 0.15646 0.596336
0 0.24839 0.419513 0.107226 0.590964 0.492234
0 0.0650153 0.20215 0.0214173 0.149272 0.436147
9 0.108914 0.261229 0.0329693 0.126296 0.407815
0 0.297311 0.164882 0.0195982 0.09038 0.393474
0 0.168301 0.13326 0.0174093 0.0399265 0.308311
0 0.0700166 0.196384 0.0268885 0.169936 0.255931
0 0.246016 0.289922 0.107334 0.330224 0.236954
17 0.400139 0.139881 0.0475125 0.0769728 0.22164
0 0.0217961 0.174534 0.0161931 0.0923948 0.131312
0 0.0199855 0.143804 0.0140366 0.0566417 0.119004
17 0.504384 0.15558 0.0371126 0.0423725 0.111099
0 0.260782 0.153363 0.0139954 0.0589717 0.111064
0 0.158986 0.189588 0.0731959 0.186733 0.104982
0 0.0089917 0.129611 0.0176247 0.0243344 0.102649
17 0.0788847 0.11004 0.0144198 0.0278772 0.0910685
0 0.0211634 0.211351 0.0185297 0.156962 0.0910423
11 0.249089 0.308682 0.0927335 0.161748 0.0875794
0 0.156776 0.129201 0.013338 0.0264913 0.0761278
0 0.256659 0.139959 0.0117603 0.034615 0.0752944
0 0.0533172 0.192841 0.0332532 0.191613 0.0676803
17 0.0082132 0.130105 0.015852 0.0241595 0.0663955
0 0.267878 0.157785 0.0195564 0.0729923 0.0645625
0 0.0268653 0.1573 0.0188817 0.0788539 0.0607905
0 0.0090637 0.167507 0.0175863 0.0824372 0.0578928
0 0.185446 0.140861 0.0103379 0.0235183 0.0472505
0 0.171895 0.148687 0.0356311 0.0805867 0.0451677
0 0.0609777 0.181635 0.0194457 0.116964 0.0446741
17 0.0936529 0.107972 0.0153485 0.024247 0.0386177
0 0.0292549 0.192222 0.0193807 0.171135 0.0380935
0 0.150978 0.11403 0.0221095 0.0343479 0.0348303
0 0.178025 0.22627 0.0156541 0.064533 0.0345449
13 0.400392 0.14025 0.047353 0.0772775 0.0341681
17 0.148217 0.108502 0.0220425 0.0306175 0.0339669
17 0.00787504 0.121754 0.0153575 0.021304 0.0334737
0 0.148345 0.11984 0.0243234 0.0413795 0.0333265
9 0.0265315 0.236833 0.0164133 0.0744191 0.0317146
20 0.232865 0.375416 0.024265 0.0491589 0.0304979
0 0.175643 0.242144 0.0222224 0.0323627 0.0302949
42 0.00787504 0.121754 0.0153575 0.021304 0.0291526
13 0.504384 0.15558 0.0371126 0.0423725 0.0284377
0 0.151426 0.187081 0.055337 0.145297 0.0274643
0 0.187547 0.145635 0.0141461 0.0314315 0.0272147
10 0.232021 0.372717 0.0222473 0.0564692 0.0259382
0 0.194789 0.230485 0.0241122 0.108416 0.0255815
9 0.0630107 0.185654 0.0213937 0.111075 0.0251193
4 0.231527 0.112985 0.0203689 0.0223796 0.0244085
17 0.0671352 0.110132 0.0134791 0.0322844 0.0242128
0 0.0237295 0.121096 0.0167497 0.0344343 0.023908
17 0.038485 0.110675 0.0167718 0.0208633 0.0234643
0 0.0265315 0.236833 0.0164133 0.0744191 0.0231983
46 0.893577 0.158301 0.212845 0.310642 0.0231267
0 0.0778056 0.163743 0.0233352 0.0996371 0.0228526
4 0.856972 0.372651 0.283899 0.74258 0.0225454
4 0.0082132 0.130105 0.015852 0.0241595 0.0218804
4 0.237688 0.114931 0.0299237 0.0189725 0.0176656
0 0.178493 0.199 0.0413475 0.123632 0.0173455
0 0.148217 0.108502 0.0220425 0.0306175 0.0173362
9 0.227243 0.326732 0.0578266 0.15603 0.0163772
9 0.308641 0.416161 0.123312 0.401682 0.0163286
0 0.170068 0.0755139 0.0131024 0.0559795 0.0157132
39 0.232021 0.372717 0.0222473 0.0564692 0.0156391
9 0.0130429 0.218228 0.0251952 0.180713 0.0153022
20 0.196101 0.319495 0.0157864 0.0305336 0.015255
17 0.253511 0.287582 0.0835911 0.116704 0.0151118
19 0.595738 0.533493 0.246899 0.540947 0.0143381
11 0.109861 0.258595 0.0347298 0.126852 0.0142509
0 0.0671352 0.110132 0.0134791 0.0322844 0.0141918
0 0.169021 0.0913868 0.0164683 0.0424163 0.0139194
9 0.141823 0.236804 0.0997085 0.172665 0.0137548
0 0.172473 0.122016 0.0188179 0.0466947 0.0134571
0 0.204625 0.238059 0.0136319 0.0612568 0.0130845
17 0.161123 0.185066 0.0778407 0.149499 0.0130572
11 0.137393 0.225721 0.0893295 0.168704 0.012675
4 0.00787504 0.121754 0.0153575 0.021304 0.0123854
42 0.249291 0.31303 0.0924613 0.178518 0.0123777
10 0.0943765 0.791258 0.013282 0.0690097 0.0122462
11 0.226762 0.313828 0.059959 0.144819 0.0122218
9 0.100031 0.246092 0.0194435 0.0927452 0.0121978
0 0.230606 0.128664 0.0200696 0.0248036 0.01208
0 0.0307891 0.111587 0.0184772 0.0244213 0.0118824
20 0.109329 0.256472 0.0313647 0.119531 0.0116621
0 0.245199 0.129734 0.0210997 0.0276195 0.0114606
0 0.154697 0.0924881 0.0168057 0.0580028 0.0111706
0 0.257793 0.118393 0.0115891 0.026661 0.011157
10 0.293157 0.27691 0.017118 0.0450288 0.0108654
42 0.0082132 0.130105 0.015852 0.0241595 0.0107473
0 0.0451022 0.170831 0.0438356 0.0999226 0.0106682
42 0.161077 0.187042 0.076493 0.144913 0.0105827
0 0.0422665 0.153458 0.0330089 0.0917065 0.0104448
9 0.193828 0.328983 0.0172054 0.027153 0.0102483
9 0.249089 0.308682 0.0927335 0.161748 0.0101357
13 0.0082132 0.130105 0.015852 0.0241595 0.0099247
10 0.201455 0.311051 0.0115729 0.0269301 0.00988444
0 0.234852 0.117895 0.0233697 0.0191914 0.00981886
17 0.0938561 0.0998432 0.014884 0.026914 0.00972641
0 0.212823 0.234531 0.0173672 0.0441551 0.00937673
0 0.213103 0.22791 0.0130513 0.028828 0.00900459
0 0.154042 0.077591 0.0109606 0.0454757 0.00896824
10 0.196101 0.319495 0.0157864 0.0305336 0.00896812
0 0.174586 0.0901897 0.014122 0.0371357 0.00874387
0 0.208042 0.24195 0.0124722 0.0557609 0.00862949
20 0.193828 0.328983 0.0172054 0.027153 0.00860886
17 0.0307891 0.111587 0.0184772 0.0244213 0.00853077
4 0.28035 0.115238 0.0283638 0.0216178 0.00839129
42 0.199951 0.428282 0.0850448 0.156155 0.0078401
0 0.0648262 0.102052 0.0134387 0.0336912 0.00732441
10 0.193828 0.328983 0.0172054 0.027153 0.00722121
0 0.221409 0.130379 0.00936446 0.0281514 0.00706106
0 0.231527 0.112985 0.0203689 0.0223796 0.00703855
17 0.28035 0.115238 0.0283638 0.0216178 0.00691786
9 0.193456 0.340514 0.0199375 0.0400334 0.00691271
9 0.264854 0.417753 0.104932 0.591429 0.00685771
42 0.28035 0.115238 0.0283638 0.0216178 0.00684098
0 0.0788847 0.11004 0.0144198 0.0278772 0.00683707
10 0.0974581 0.797898 0.0179025 0.0576311 0.00672828
22 0.108965 0.253909 0.0298471 0.112267 0.00671161
13 0.28035 0.115238 0.0283638 0.0216178 0.00646673
10 0.185972 0.338413 0.0128201 0.034478 0.00638851
0 0.00787504 0.121754 0.0153575 0.021304 0.00629382
0 0.201966 0.250393 0.0245333 0.0690542 0.00620044
17 0.150978 0.11403 0.0221095 0.0343479 0.00615464
0 0.273113 0.115303 0.0146743 0.0236214 0.00608502
0 0.165607 0.0872257 0.0149423 0.0422973 0.0059722
13 0.273113 0.115303 0.0146743 0.0236214 0.005925
3 0.0265315 0.236833 0.0164133 0.0744191 0.00585826
13 0.270716 0.297608 0.0507287 0.0637737 0.00565323
0 0.147625 0.0997991 0.0265171 0.0435628 0.00550247
13 0.00787504 0.121754 0.0153575 0.021304 0.00538728
17 0.500974 0.170836 0.054203 0.069552 0.0053831
4 0.195627 0.121969 0.0518813 0.0471102 0.0053764
9 0.214052 0.355487 0.057983 0.0849504 0.00527497
10 0.230641 0.347969 0.0351459 0.104593 0.00527283
20 0.201455 0.311051 0.0115729 0.0269301 0.00526577
13 0.231527 0.112985 0.0203689 0.0223796 0.00512234
0 0.175751 0.076061 0.0119811 0.0503265 0.00503969
17 0.169023 0.127136 0.0187609 0.0416057 0.00478626
5 0.0451022 0.170831 0.0438356 0.0999226 0.00466506
17 0.059418 0.119397 0.0199689 0.0298941 0.00466065
17 0.231527 0.112985 0.0203689 0.0223796 0.00463452
0 0.00715511 0.170425 0.0143102 0.0920908 0.00460605
9 0.21641 0.326345 0.0618521 0.0589001 0.00457662
20 0.236189 0.317019 0.0575049 0.160876 0.00455754
0 0.193971 0.37302 0.079931 0.494473 0.00454476
0 0.237688 0.114931 0.0299237 0.0189725 0.00435607
17 0.147625 0.0997991 0.0265171 0.0435628 0.00435541
17 0.499014 0.21742 0.0763609 0.16725 0.00432796
42 0.178493 0.199 0.0413475 0.123632 0.00432387
10 0.182745 0.343823 0.0109975 0.0402401 0.0042975
17 0.148345 0.11984 0.0243234 0.0413795 0.00429728
37 0.0280613 0.235476 0.0140568 0.0773879 0.00426151
17 0.273113 0.115303 0.0146743 0.0236214 0.00423846
17 0.0237295 0.121096 0.0167497 0.0344343 0.00423419
0 0.283937 0.118113 0.0278971 0.0204269 0.00423327
0 0.0799454 0.103699 0.0219364 0.0336287 0.00408031
0 0.285587 0.19645 0.0264433 0.0837385 0.0040397
2 0.400564 0.140487 0.0475153 0.0779184 0.00403601
11 0.308641 0.416161 0.123312 0.401682 0.0039902
25 0.159672 0.506811 0.162922 0.750952 0.00396335
11 0.178493 0.199 0.0413475 0.123632 0.00392284
11 0.00158001 0.19987 0.00316002 0.0657835 0.00390692
9 0.196101 0.319495 0.0157864 0.0305336 0.00385441
0 0.262222 0.170626 0.0155629 0.0863633 0.00380852
3 0.178025 0.22627 0.0156541 0.064533 0.00380682
0 0.00632938 0.243621 0.0118327 0.143037 0.00378196
4 0.230606 0.128664 0.0200696 0.0248036 0.00377505
9 0.21112 0.367446 0.0478419 0.0645454 0.00373463
17 0.0799454 0.103699 0.0219364 0.0336287 0.00371767
20 0.250585 0.32323 0.0891481 0.198445 0.00369683
4 0.0451022 0.170831 0.0438356 0.0999226 0.00366602
17 0.00988721 0.169621 0.0186853 0.0686961 0.00362665
9 0.00988721 0.169621 0.0186853 0.0686961 0.0036006
42 0.141823 0.236804 0.0997085 0.172665 0.00356285
10 0.212823 0.234531 0.0173672 0.0441551 0.00354671
11 0.0630107 0.185654 0.0213937 0.111075 0.00348028
17 0.0648262 0.102052 0.0134387 0.0336912 0.00345858
0 0.145896 0.203986 0.113252 0.171109 0.00344973
11 0.184711 0.432643 0.111939 0.146597 0.00343619
18 0.192337 0.210541 0.0299768 0.143181 0.00341899
0 0.277577 0.18684 0.0313262 0.0779369 0.00334127
10 0.213103 0.22791 0.0130513 0.028828 0.00333451
4 0.234852 0.117895 0.0233697 0.0191914 0.00333389
20 0.185972 0.338413 0.0128201 0.034478 0.00328039
4 0.00715511 0.170425 0.0143102 0.0920908 0.00323651
2 0.0936529 0.107972 0.0153485 0.024247 0.00323573
10 0.168301 0.13326 0.0174093 0.0399265 0.00319175
0 0.0938561 0.0998432 0.014884 0.026914 0.00315871
9 0.185972 0.338413 0.0128201 0.034478 0.00314162
9 0.186976 0.417843 0.10598 0.163203 0.00313511
0 0.501018 0.338668 0.0813194 0.412078 0.00313402
0 0.103864 0.195681 0.0729017 0.179651 0.00311834
20 0.235193 0.354928 0.0433032 0.137452 0.003118
10 0.217209 0.36525 0.0515905 0.0806288 0.00311477
11 0.159199 0.194698 0.0805306 0.132368 0.00311123
9 0.0211634 0.211351 0.0185297 0.156962 0.00307534
4 0.221529 0.11997 0.0144146 0.0337166 0.00306541
18 0.15993 0.506029 0.162235 0.751859 0.00303514
39 0.230641 0.347969 0.0351459 0.104593 0.00303387
0 0.147543 0.0690994 0.0125036 0.0279617 0.00303019
11 0.00337307 0.181017 0.00674614 0.034538 0.00299226
2 0.231527 0.112985 0.0203689 0.0223796 0.00293692
9 0.201455 0.311051 0.0115729 0.0269301 0.00288498
17 0.156776 0.129201 0.013338 0.0264913 0.00284079
2 0.0788847 0.11004 0.0144198 0.0278772 0.00283979
9 0.29926 0.466169 0.0872937 0.225942 0.00283063
0 0.221529 0.11997 0.0144146 0.0337166 0.00282969
9 0.20814 0.414115 0.067464 0.157459 0.00280124
20 0.213103 0.22791 0.0130513 0.028828 0.00278335
42 0.0237295 0.121096 0.0167497 0.0344343 0.00277771
17 0.237688 0.114931 0.0299237 0.0189725 0.00276131
0 0.140532 0.128289 0.0305101 0.0462472 0.00275175
0 0.0619123 0.09886 0.0121869 0.0333455 0.00271138
9 0.0859974 0.244052 0.0197427 0.0907678 0.00265619
0 0.038485 0.110675 0.0167718 0.0208633 0.0026549
4 0.0130429 0.218228 0.0251952 0.180713 0.00265239
10 0.201966 0.250393 0.0245333 0.0690542 0.00264952
9 0.182745 0.343823 0.0109975 0.0402401 0.00264029
9 0.0778056 0.163743 0.0233352 0.0996371 0.00259095
9 0.0292549 0.192222 0.0193807 0.171135 0.00257851
8 0.166113 0.196831 0.0638344 0.177362 0.00256951
0 0.506272 0.255899 0.0950005 0.241066 0.00255695
13 0.253128 0.29423 0.0829674 0.140409 0.00255057
20 0.484099 0.282775 0.0173566 0.0245139 0.00252539
42 0.273113 0.115303 0.0146743 0.0236214 0.0024999
20 0.528323 0.209639 0.0139743 0.0204272 0.0024842
0 0.059418 0.119397 0.0199689 0.0298941 0.00246849
9 0.0374087 0.192753 0.0353184 0.171857 0.00242223
42 0.236189 0.317019 0.0575049 0.160876 0.00241336
8 0.141823 0.236804 0.0997085 0.172665 0.00239756
10 0.545596 0.275576 0.0147692 0.0335438 0.00238881
8 0.0280613 0.235476 0.0140568 0.0773879 0.00238875
10 0.270716 0.297608 0.0507287 0.0637737 0.00238777
26 0.108914 0.261229 0.0329693 0.126296 0.00237193
17 0.270716 0.297608 0.0507287 0.0637737 0.00234608
25 0.081417 0.194191 0.0316515 0.18498 0.00223583
18 0.178025 0.22627 0.0156541 0.064533 0.00221381
18 0.178493 0.199 0.0413475 0.123632 0.00220908
10 0.484099 0.282775 0.0173566 0.0245139 0.00220824
17 0.172473 0.122016 0.0188179 0.0466947 0.00220059
13 0.237688 0.114931 0.0299237 0.0189725 0.00220032
0 0.239376 0.157554 0.0441069 0.0721662 0.00219933
4 0.245199 0.129734 0.0210997 0.0276195 0.00218962
9 0.0785197 0.200313 0.0290723 0.181319 0.00218586
10 0.108965 0.253909 0.0298471 0.112267 0.00216886
10 0.253511 0.287582 0.0835911 0.116704 0.00212457
9 0.290338 0.518106 0.0618108 0.30254 0.00212239
0 0.245518 0.150721 0.0325625 0.0604602 0.0021147
18 0.168034 0.192258 0.0668457 0.14351 0.00208644
13 0.0788847 0.11004 0.0144198 0.0278772 0.00206981
18 0.175643 0.242144 0.0222224 0.0323627 0.0020502
0 0.144036 0.0923758 0.0317879 0.0412298 0.00202744
20 0.185446 0.140861 0.0103379 0.0235183 0.00201587
39 0.236189 0.317019 0.0575049 0.160876 0.00200836
0 0.293157 0.27691 0.017118 0.0450288 0.00199185
42 0.253511 0.287582 0.0835911 0.116704 0.00196324
17 0.0795797 0.194342 0.0308836 0.183804 0.00196017
4 0.0199855 0.143804 0.0140366 0.0566417 0.00194597
2 0.297211 0.164109 0.0187839 0.090522 0.00191147
17 0.249291 0.31303 0.0924613 0.178518 0.00188396
17 0.0130429 0.218228 0.0251952 0.180713 0.00188176
17 0.331009 0.165122 0.0788947 0.107852 0.00187493
0 0.0936529 0.107972 0.0153485 0.024247 0.00186184
10 0.208042 0.24195 0.0124722 0.0557609 0.00184461
17 0.177845 0.191542 0.0462806 0.148544 0.00181783
0 0.22989 0.100235 0.0146645 0.0243011 0.00178361
17 0.257793 0.118393 0.0115891 0.026661 0.00178339
20 0.293157 0.27691 0.017118 0.0450288 0.00177707
18 0.278944 0.16715 0.0265768 0.0975185 0.00177345
20 0.0974581 0.797898 0.0179025 0.0576311 0.00175511
11 0.0130429 0.218228 0.0251952 0.180713 0.00175444
9 0.420189 0.241776 0.0232637 0.0873774 0.00175007
0 0.108965 0.253909 0.0298471 0.112267 0.00174406
5 0.0882583 0.160654 0.074718 0.136849 0.0017305
13 0.00988721 0.169621 0.0186853 0.0686961 0.00172865
17 0.169837 0.13883 0.015286 0.0370288 0.00171298
34 0.40071 0.13864 0.0457881 0.0754382 0.00167642
9 0.0451022 0.170831 0.0438356 0.0999226 0.00166847
2 0.0938561 0.0998432 0.014884 0.026914 0.00166753
4 0.166113 0.196831 0.0638344 0.177362 0.00166135
9 0.284561 0.470922 0.0643445 0.198009 0.00165598
20 0.168301 0.13326 0.0174093 0.0399265 0.00163634
8 0.178025 0.22627 0.0156541 0.064533 0.00163261
20 0.217209 0.36525 0.0515905 0.0806288 0.00162149
3 0.0130429 0.218228 0.0251952 0.180713 0.00160996
4 0.0090637 0.167507 0.0175863 0.0824372 0.00160125
4 0.273113 0.115303 0.0146743 0.0236214 0.00159766
17 0.0211634 0.211351 0.0185297 0.156962 0.00158648
10 0.300434 0.329395 0.0288463 0.0505919 0.00157236
11 0.0090637 0.167507 0.0175863 0.0824372 0.00155548
18 0.0630107 0.185654 0.0213937 0.111075 0.00155532
42 0.0307891 0.111587 0.0184772 0.0244213 0.00152401
