4 0.752094 0.794667 0.25897 0.251467 0.936135
4 0.965587 0.736399 0.0667242 0.186184 0.904878
4 0.395904 0.749621 0.0603606 0.0714046 0.900057
4 0.498549 0.741646 0.0461498 0.0613506 0.890541
8 0.88868 0.817643 0.0786783 0.202716 0.856105
4 0.432962 0.743357 0.0347346 0.0569869 0.840457
4 0.877571 0.696965 0.114353 0.101962 0.836045
7 0.285389 0.526311 0.0117054 0.0469757 0.835024
4 0.923298 0.728971 0.0886013 0.154044 0.819259
7 0.250349 0.528651 0.0181801 0.0212615 0.802084
4 0.0162698 0.759232 0.0323789 0.0664557 0.767474
7 0.444421 0.599717 0.00718234 0.0291047 0.694273
7 0.465006 0.599257 0.0120564 0.0130146 0.612634
5 0.613828 0.76326 0.112579 0.209013 0.502411
4 0.207409 0.755247 0.0450961 0.0498318 0.486281
8 0.604515 0.779013 0.0952068 0.177647 0.459245
4 0.263153 0.729335 0.0263842 0.0145245 0.438703
4 0.45638 0.728905 0.0215741 0.0274755 0.404021
4 0.35966 0.727585 0.0244746 0.0174043 0.39641
4 0.241026 0.730923 0.0186451 0.0128358 0.364995
4 0.471627 0.729518 0.013006 0.0261674 0.313335
6 0.456145 0.725213 0.0227876 0.0365413 0.293676
0 0.623379 0.754596 0.0565375 0.147482 0.292429
4 0.14636 0.727132 0.0352881 0.0209237 0.279447
4 0.363099 0.733758 0.0246498 0.0300524 0.275824
2 0.403356 0.44805 0.00583579 0.0138747 0.251657
0 0.657265 0.672752 0.0372797 0.0573254 0.243355
4 0.10944 0.752527 0.044742 0.0538405 0.239802
1 0.1739 0.656136 0.0294691 0.0900057 0.22633
0 0.631016 0.714418 0.0421766 0.068376 0.210086
4 0.612256 0.676111 0.0924282 0.0419495 0.200221
4 0.0913377 0.753877 0.0748784 0.0601687 0.189694
4 0.210859 0.744162 0.0377135 0.0309993 0.187211
0 0.649621 0.68668 0.0328536 0.0436816 0.185769
4 0.0751835 0.75585 0.0493222 0.063684 0.184054
4 0.149141 0.742149 0.0413274 0.0421013 0.149663
4 0.475631 0.737085 0.0130887 0.045154 0.140789
1 0.602839 0.641421 0.00843909 0.0406652 0.137229
4 0.128889 0.757932 0.0761472 0.06379 0.135236
2 0.497381 0.447856 0.00836197 0.0139488 0.12278
4 0.148409 0.757448 0.0473744 0.0698282 0.111045
0 0.606521 0.753131 0.0665636 0.15294 0.107481
4 0.181708 0.734242 0.0215391 0.0135901 0.101279
4 0.0624261 0.759219 0.0590583 0.0681594 0.0894379
2 0.448081 0.444685 0.00959778 0.0182902 0.0817877
1 0.289545 0.70407 0.011559 0.024013 0.0802896
4 0.616602 0.766073 0.111262 0.212747 0.075574
4 0.376374 0.718699 0.0164707 0.00996517 0.0750864
4 0.370034 0.740884 0.0149347 0.0412609 0.07391
4 0.345408 0.727406 0.0199038 0.0164397 0.0677146
4 0.258551 0.725291 0.0223391 0.0173872 0.0660361
4 0.235314 0.725765 0.0148626 0.0183388 0.0646248
15 0.611957 0.678316 0.091764 0.0455157 0.063718
4 0.240996 0.735884 0.0239289 0.0206372 0.0628699
8 0.535118 0.729499 0.0119526 0.0210584 0.0623008
2 0.45068 0.444302 0.0102315 0.0174841 0.062298
4 0.163838 0.734043 0.0327452 0.019806 0.0607831
1 0.249806 0.689906 0.0202022 0.0562902 0.0599775
4 0.261914 0.734724 0.0305628 0.0226429 0.0538094
2 0.403199 0.443992 0.00632132 0.0167958 0.0517022
4 0.184555 0.74514 0.0233763 0.030248 0.0494066
2 0.612256 0.676111 0.0924282 0.0419495 0.0480138
7 0.559807 0.654797 0.00909967 0.0238975 0.0475608
0 0.66276 0.66288 0.0276625 0.0536046 0.0471075
2 0.182029 0.580874 0.00452032 0.0103618 0.0466716
4 0.295244 0.729609 0.024085 0.0124703 0.0461106
4 0.243222 0.725652 0.0180069 0.0180753 0.0458894
4 0.366773 0.724921 0.0257705 0.0167225 0.0454861
4 0.978816 0.730217 0.0398339 0.17663 0.0433575
0 0.670322 0.653034 0.0141748 0.0339936 0.0432511
7 0.703733 0.630341 0.00979303 0.0193209 0.0425092
4 0.61518 0.698838 0.06124 0.0487715 0.0422627
4 0.264307 0.725004 0.017239 0.0168517 0.0415022
2 0.630708 0.450193 0.0102377 0.0199572 0.0400426
0 0.69007 0.665101 0.0179394 0.0174414 0.0397497
4 0.155939 0.747946 0.0530212 0.0446902 0.0386228
0 0.607081 0.705331 0.0580986 0.0479888 0.0384507
4 0.345694 0.723664 0.0177069 0.0141261 0.0384447
1 0.153236 0.703646 0.00912737 0.0149861 0.038096
8 0.921076 0.729777 0.0848458 0.15409 0.0373048
0 0.534697 0.725146 0.0101474 0.0243689 0.0372087
4 0.306016 0.729289 0.0183893 0.0126733 0.0359434
4 0.16667 0.722522 0.0182256 0.0170995 0.0351684
4 0.335918 0.728403 0.0181813 0.0145165 0.0341939
4 0.183993 0.721898 0.0204052 0.0209086 0.0340911
4 0.179002 0.749865 0.0270086 0.0409576 0.0335602
1 0.559807 0.654797 0.00909967 0.0238975 0.0330728
4 0.283348 0.728396 0.0160361 0.0141953 0.0325042
4 0.277045 0.724012 0.0126778 0.0148573 0.0313533
1 0.559941 0.644298 0.0100225 0.0418461 0.0304602
4 0.0102577 0.716094 0.0190374 0.0212235 0.0300822
1 0.595722 0.645126 0.0176385 0.0494839 0.0298025
7 0.70421 0.641774 0.0109023 0.0396286 0.0289204
4 0.262573 0.741654 0.0294827 0.0359378 0.0278394
0 0.676175 0.656301 0.0230574 0.0394662 0.0276523
4 0.405233 0.73281 0.0388635 0.0401957 0.0270205
2 0.500341 0.44811 0.0107958 0.0130567 0.0267732
4 0.188877 0.73463 0.0176823 0.0117522 0.0251172
2 0.355671 0.620003 0.00349933 0.00694629 0.0249157
1 0.507727 0.698936 0.00865823 0.0148167 0.0240973
4 0.111022 0.725192 0.0276909 0.0172249 0.02398
4 0.0439934 0.756131 0.03469 0.0556746 0.0238084
0 0.536077 0.707898 0.0117202 0.0203395 0.0231173
4 0.444502 0.743161 0.018885 0.0469337 0.0228089
15 0.456145 0.725213 0.0227876 0.0365413 0.0224488
7 0.491489 0.59428 0.013944 0.0126744 0.0215831
7 0.464937 0.595182 0.012146 0.0195743 0.0214409
4 0.551547 0.701647 0.0198209 0.0141418 0.0211049
4 0.199543 0.761687 0.0483093 0.0579237 0.0208795
4 0.318622 0.72925 0.0185784 0.0129109 0.0207103
4 0.210515 0.726315 0.0337213 0.020433 0.0203029
0 0.535118 0.729499 0.0119526 0.0210584 0.0196737
7 0.559298 0.640728 0.0108655 0.0387546 0.0194476
1 0.264715 0.706056 0.00894281 0.0191828 0.0191505
4 0.535118 0.729499 0.0119526 0.0210584 0.0183766
2 0.283196 0.629234 0.00971317 0.00943215 0.0182497
7 0.44227 0.600409 0.01098 0.025933 0.017842
8 0.615587 0.785016 0.0375438 0.102326 0.0173836
2 0.621854 0.45802 0.0106728 0.011223 0.017213
0 0.70378 0.655312 0.0101131 0.0255424 0.0171779
1 0.463954 0.705527 0.00907782 0.0191992 0.0170066
7 0.496284 0.592714 0.0139663 0.0154043 0.0166697
5 0.596659 0.78784 0.0799711 0.159969 0.0166012
0 0.579224 0.712917 0.0128927 0.0269541 0.0161899
1 0.459 0.706286 0.012976 0.0186315 0.0160927
4 0.160891 0.75907 0.0515452 0.060019 0.0159407
4 0.881339 0.736234 0.0725065 0.100653 0.0158974
42 0.611957 0.678316 0.091764 0.0455157 0.0158706
2 0.279896 0.629147 0.00676675 0.0132329 0.0153202
1 0.15293 0.672296 0.0120295 0.0402246 0.0151119
4 0.394541 0.716289 0.0341757 0.0127594 0.0150799
4 0.611717 0.694577 0.0962664 0.07444 0.0150339
2 0.633061 0.452579 0.0112364 0.0222943 0.0150302
4 0.543803 0.699661 0.0228505 0.0153707 0.0149062
4 0.306951 0.724086 0.012979 0.0151795 0.0147241
4 0.607081 0.705331 0.0580986 0.0479888 0.0143667
4 0.335348 0.723686 0.0119464 0.0144294 0.014154
0 0.593495 0.749934 0.051668 0.127455 0.0137845
8 0.534697 0.725146 0.0101474 0.0243689 0.0132611
2 0.371833 0.619119 0.00707459 0.00820911 0.0130633
0 0.716193 0.657736 0.0122463 0.01709 0.0129401
4 0.51125 0.708183 0.0111406 0.0109483 0.0128528
2 0.3344 0.619991 0.00731226 0.0104872 0.0126854
2 0.542355 0.484593 0.00444226 0.0153364 0.0122424
2 0.279289 0.634194 0.00666968 0.0167213 0.0121285
4 0.536077 0.707898 0.0117202 0.0203395 0.0120668
4 0.578411 0.700042 0.0188911 0.0250623 0.011869
7 0.461888 0.598609 0.0144329 0.0124243 0.0118639
6 0.203993 0.703637 0.0194471 0.0174566 0.0118319
0 0.51125 0.708183 0.0111406 0.0109483 0.0117021
4 0.388351 0.707475 0.0107793 0.00644514 0.0115074
0 0.517512 0.722042 0.00959857 0.0228517 0.0110206
7 0.602839 0.641421 0.00843909 0.0406652 0.0109172
4 0.691491 0.66462 0.017034 0.0156619 0.0107323
1 0.288459 0.709309 0.0116382 0.0324417 0.0107113
6 0.249471 0.689796 0.0205132 0.0564611 0.0106741
2 0.169998 0.586189 0.00529971 0.00662893 0.0106176
17 0.627059 0.683835 0.0439072 0.0278109 0.0105673
2 0.557715 0.486622 0.00532935 0.0119255 0.0102851
17 0.632689 0.712294 0.0373964 0.0631832 0.0102213
0 0.471627 0.729518 0.013006 0.0261674 0.0100934
4 0.534697 0.725146 0.0101474 0.0243689 0.010078
19 0.509442 0.0836407 0.981116 0.167281 0.0100689
7 0.670322 0.653034 0.0141748 0.0339936 0.00979934
4 0.903816 0.710715 0.0511245 0.0998998 0.0097975
0 0.61518 0.698838 0.06124 0.0487715 0.00965838
0 0.649423 0.703386 0.0298916 0.0477541 0.00950987
7 0.15293 0.672296 0.0120295 0.0402246 0.00935305
1 0.481073 0.688705 0.00711612 0.0331597 0.00930652
17 0.617793 0.704793 0.0561873 0.0504331 0.00927206
1 0.275957 0.704712 0.0122112 0.0363748 0.00920712
4 0.393867 0.705982 0.0185504 0.0164323 0.00909315
4 0.248508 0.744288 0.039591 0.0367257 0.00905551
4 0.235882 0.750123 0.0209642 0.0433255 0.00904098
4 0.574639 0.696191 0.0226697 0.0172387 0.00900177
6 0.289545 0.70407 0.011559 0.024013 0.00889396
6 0.471627 0.729518 0.013006 0.0261674 0.00887192
4 0.517512 0.722042 0.00959857 0.0228517 0.00875622
5 0.471627 0.729518 0.013006 0.0261674 0.0086089
1 0.273549 0.691676 0.0118019 0.0348152 0.00852137
0 0.673603 0.675447 0.0176722 0.0323177 0.00849636
4 0.53929 0.71873 0.0161891 0.0307225 0.00845024
4 0.455161 0.744651 0.016715 0.035175 0.00834171
4 0.0326023 0.745149 0.0168731 0.0360771 0.00814283
6 0.16667 0.722522 0.0182256 0.0170995 0.00813488
5 0.45638 0.728905 0.0215741 0.0274755 0.00802355
4 0.42459 0.744229 0.0193336 0.0570051 0.00798926
1 0.535314 0.700126 0.00991675 0.0160692 0.00782864
4 0.886298 0.675402 0.118115 0.0586977 0.00782842
8 0.649621 0.68668 0.0328536 0.0436816 0.00782422
22 0.250349 0.528651 0.0181801 0.0212615 0.00775285
6 0.183993 0.721898 0.0204052 0.0209086 0.00768987
4 0.95679 0.704796 0.0490164 0.108074 0.00758894
2 0.464281 0.573082 0.00959418 0.0134717 0.00758305
4 0.343464 0.734016 0.0223102 0.0258942 0.00758126
0 0.70421 0.641774 0.0109023 0.0396286 0.00746637
0 0.578411 0.700042 0.0188911 0.0250623 0.00733322
4 0.611395 0.735727 0.0933378 0.145199 0.00727022
7 0.319813 0.66116 0.00507489 0.0134912 0.00725049
22 0.285389 0.526311 0.0117054 0.0469757 0.00724538
4 0.561452 0.706078 0.044595 0.0450305 0.00716737
4 0.321358 0.724124 0.0136518 0.0152785 0.00710977
0 0.714173 0.651412 0.0122337 0.0201646 0.00709459
7 0.559818 0.685071 0.0110622 0.0194312 0.0067853
8 0.594346 0.800012 0.0726669 0.1365 0.00675049
1 0.45616 0.723534 0.0209501 0.0364279 0.0067374
4 0.290373 0.723224 0.0151558 0.0146364 0.00670734
7 0.153236 0.703646 0.00912737 0.0149861 0.00670593
17 0.647134 0.688755 0.0268068 0.0334964 0.00665428
4 0.24283 0.753171 0.0349105 0.0523513 0.00663998
7 0.699496 0.639362 0.0140402 0.0384893 0.00663931
12 0.456145 0.725213 0.0227876 0.0365413 0.00662317
4 0.00646436 0.758845 0.0129287 0.0474628 0.00660442
4 0.0720712 0.719133 0.0362313 0.0219607 0.00658375
2 0.579224 0.712917 0.0128927 0.0269541 0.00652808
0 0.551346 0.718288 0.0111017 0.0319097 0.00642584
0 0.53929 0.71873 0.0161891 0.0307225 0.00641164
2 0.2576 0.623104 0.00426021 0.00870889 0.0062402
6 0.0740206 0.714433 0.0360855 0.0278163 0.00619447
6 0.616573 0.68243 0.10009 0.0529178 0.00612547
6 0.616602 0.766073 0.111262 0.212747 0.00601129
6 0.173988 0.655717 0.0292379 0.0893698 0.00598242
8 0.457332 0.731715 0.0179751 0.028509 0.00591541
4 0.579224 0.712917 0.0128927 0.0269541 0.00585131
4 0.627059 0.683835 0.0439072 0.0278109 0.00578641
4 0.849354 0.671688 0.0582125 0.0472098 0.0057823
4 0.431239 0.715359 0.0230183 0.0172042 0.00563716
22 0.535118 0.729499 0.0119526 0.0210584 0.00553169
4 0.844395 0.666965 0.0485026 0.0321472 0.00552036
2 0.578411 0.700042 0.0188911 0.0250623 0.00548673
4 0.00856178 0.702738 0.0148207 0.022103 0.00537903
4 0.292545 0.736639 0.0251739 0.0204699 0.00537454
4 0.487816 0.712886 0.0165635 0.0152096 0.00534724
4 0.0413437 0.760451 0.0790152 0.0675539 0.00534384
8 0.623385 0.759858 0.055341 0.150259 0.00527123
0 0.101028 0.755529 0.043332 0.0620771 0.00525582
6 0.0601593 0.71429 0.066823 0.032516 0.00512566
13 0.647134 0.688755 0.0268068 0.0334964 0.00511964
4 0.30976 0.73548 0.0170516 0.0207248 0.00502559
14 0.551346 0.718288 0.0111017 0.0319097 0.00500099
2 0.560762 0.481908 0.0092572 0.0103154 0.00499767
4 0.380401 0.706271 0.0112315 0.0172548 0.00498735
1 0.479482 0.70351 0.00730438 0.0187665 0.00492998
4 0.649621 0.68668 0.0328536 0.0436816 0.00488375
25 0.0727885 0.714322 0.0362531 0.0263301 0.00485371
8 0.53929 0.71873 0.0161891 0.0307225 0.00477787
4 0.181887 0.759367 0.027703 0.0471334 0.00477475
0 0.921076 0.729777 0.0848458 0.15409 0.00472049
0 0.507727 0.698936 0.00865823 0.0148167 0.00471316
17 0.66276 0.66288 0.0276625 0.0536046 0.00460627
8 0.655871 0.674775 0.0388469 0.0607228 0.00458097
4 0.161443 0.712883 0.0100636 0.0144971 0.00457759
2 0.638083 0.454423 0.0119648 0.0171449 0.00445403
1 0.26158 0.711677 0.00994809 0.0171685 0.00439539
4 0.0965261 0.723233 0.0179181 0.0174649 0.0043713
14 0.551334 0.72889 0.0119388 0.0261299 0.00434113
1 0.297441 0.693421 0.017781 0.0204462 0.00431374
8 0.474209 0.738985 0.014673 0.0445784 0.00427549
0 0.551334 0.72889 0.0119388 0.0261299 0.00425377
1 0.505636 0.689059 0.00581656 0.0208666 0.00423276
0 0.689126 0.669337 0.0171868 0.0224058 0.00420932
0 0.149769 0.764856 0.0427211 0.0689637 0.00419611
0 0.627059 0.683835 0.0439072 0.0278109 0.00419398
22 0.444421 0.599717 0.00718234 0.0291047 0.00418547
4 0.575141 0.712467 0.0207822 0.0303725 0.00418398
1 0.132047 0.64729 0.0206291 0.0593036 0.00417186
4 0.362475 0.712536 0.013699 0.0138746 0.00414987
5 0.474209 0.738985 0.014673 0.0445784 0.00411957
6 0.0430701 0.712769 0.0571072 0.0377833 0.00411745
17 0.670322 0.653034 0.0141748 0.0339936 0.0041154
4 0.623379 0.754596 0.0565375 0.147482 0.00410551
4 0.535314 0.700126 0.00991675 0.0160692 0.00408393
25 0.613247 0.675618 0.0955026 0.0428581 0.00406845
3 0.592997 0.79222 0.0712756 0.151025 0.00405195
2 0.632121 0.447342 0.0097619 0.0241998 0.00402651
1 0.207125 0.709753 0.0190084 0.0143074 0.00402054
4 0.886903 0.653347 0.0973842 0.0272933 0.0039857
6 0.145919 0.724641 0.0321808 0.0167362 0.00398375
8 0.567308 0.756537 0.0178732 0.0452959 0.00396054
4 0.00841214 0.848903 0.0167585 0.200568 0.00392771
6 0.290373 0.723224 0.0151558 0.0146364 0.00388858
1 0.251114 0.696781 0.0267014 0.0346474 0.00385982
0 0.49224 0.701249 0.0092348 0.0139475 0.00385536
22 0.465006 0.599257 0.0120564 0.0130146 0.00384417
2 0.377014 0.61863 0.00777417 0.00910092 0.00383559
0 0.703733 0.630341 0.00979303 0.0193209 0.00382015
1 0.49224 0.701249 0.0092348 0.0139475 0.00380071
2 0.61518 0.698838 0.06124 0.0487715 0.00379949
8 0.592198 0.764557 0.0535076 0.116432 0.00377489
4 0.0297374 0.712017 0.030489 0.0345583 0.00375828
5 0.593495 0.749934 0.051668 0.127455 0.00374159
3 0.535118 0.729499 0.0119526 0.0210584 0.00371609
8 0.444502 0.743161 0.018885 0.0469337 0.00371583
0 0.0753918 0.756715 0.0481232 0.0646564 0.00368703
2 0.4068 0.447067 0.0114767 0.0123202 0.00365936
0 0.444502 0.743161 0.018885 0.0469337 0.00360546
4 0.958007 0.682676 0.050348 0.0596286 0.00359303
8 0.536077 0.707898 0.0117202 0.0203395 0.00354038
1 0.1944 0.700458 0.0115506 0.0182173 0.00353996
4 0.185521 0.711986 0.0139905 0.0161585 0.00353303
