18 0.484692 0.637343 0.265756 0.579814 0.942596
19 0.810149 0.640242 0.375143 0.716829 0.931352
31 0.955999 0.10703 0.0854291 0.21406 0.908849
19 0.547731 0.357631 0.359605 0.357212 0.903609
18 0.0245101 0.417416 0.0490202 0.417993 0.326319
18 0.523587 0.545173 0.106554 0.435054 0.0955093
18 0.520606 0.422815 0.102719 0.185711 0.0816102
18 0.020974 0.420264 0.0419479 0.413468 0.0216316
18 0.449146 0.508289 0.152382 0.31907 0.00495456
18 0.0189461 0.460705 0.0378921 0.303622 0.004346
50 0.942904 0.256188 0.114191 0.103676 0.00419923
19 0.874803 0.500956 0.245747 0.58757 0.00340983
18 0.018562 0.377631 0.0361085 0.335758 0.00269735
19 0.0245101 0.417416 0.0490202 0.417993 0.00231223
55 0.941961 0.255323 0.112348 0.105487 0.00229026
10 0.374703 0.854713 0.0248344 0.0373289 0.00183052
43 0.545835 0.36147 0.359619 0.352557 0.00169927
49 0.956282 0.106181 0.085191 0.212361 0.0015745
19 0.876462 0.323388 0.247077 0.234334 0.00127539
43 0.026932 0.401235 0.0536964 0.385033 0.00124208
19 0.0217067 0.48871 0.0428222 0.282956 0.00119069
