4 0.123211 0.778088 0.245505 0.281793 0.931068
4 0.477466 0.754389 0.0920833 0.118306 0.876169
4 0.33964 0.760394 0.188701 0.187538 0.849295
4 0.784192 0.735405 0.0309329 0.0457803 0.743062
4 0.73618 0.733807 0.0582041 0.0706924 0.738984
4 0.391946 0.705561 0.113847 0.0860181 0.702036
4 0.936356 0.717714 0.0146955 0.0182866 0.581166
4 0.657834 0.746846 0.0197797 0.0954846 0.53621
4 0.842969 0.725429 0.0295304 0.0367515 0.5133
5 0.584234 0.760174 0.138938 0.223723 0.509809
4 0.248204 0.685333 0.0819417 0.0603548 0.5014
4 0.584351 0.760546 0.139389 0.223656 0.470866
4 0.987458 0.731724 0.0227053 0.0296868 0.40536
4 0.774803 0.736252 0.0265096 0.048793 0.383547
1 0.927527 0.692042 0.0274672 0.02088 0.367412
4 0.87825 0.725339 0.0262996 0.0299478 0.327274
4 0.86605 0.724115 0.021697 0.0319208 0.3163
6 0.879722 0.725057 0.0232975 0.0305825 0.277629
6 0.584234 0.760174 0.138938 0.223723 0.142565
4 0.300124 0.768534 0.143828 0.209498 0.108035
4 0.656528 0.730141 0.0177079 0.077478 0.0850591
6 0.86605 0.724115 0.021697 0.0319208 0.083746
6 0.986951 0.723676 0.0236732 0.0484811 0.0675237
6 0.502675 0.659183 0.107757 0.0798477 0.049529
6 0.746933 0.729888 0.0534435 0.0638148 0.0431553
6 0.927527 0.692042 0.0274672 0.02088 0.0409328
4 0.827439 0.731754 0.0341803 0.0395513 0.0392802
4 0.254398 0.67415 0.0718432 0.0356612 0.0374139
12 0.50323 0.659177 0.109077 0.079095 0.0361862
6 0.879153 0.714667 0.0220449 0.0347578 0.0332974
1 0.00800284 0.571312 0.0156118 0.122153 0.028385
4 0.763328 0.731053 0.027673 0.0628862 0.02683
4 0.459456 0.698581 0.0340503 0.0143228 0.0256802
4 0.815731 0.732121 0.0245924 0.0406274 0.0250089
24 0.503279 0.659073 0.107236 0.078646 0.024173
6 0.848735 0.724975 0.0289304 0.0354643 0.0235883
4 0.805772 0.735573 0.0174514 0.0352532 0.0184232
6 0.935583 0.716957 0.0147322 0.0205612 0.0170692
6 0.864845 0.705931 0.014498 0.0164495 0.0159895
6 0.927729 0.71091 0.0230936 0.0215204 0.0146232
4 0.751734 0.727287 0.0384512 0.0621487 0.0145256
1 0.992433 0.646692 0.0106835 0.0355801 0.013478
4 0.855469 0.705395 0.0197954 0.015403 0.0129538
4 0.986951 0.723676 0.0236732 0.0484811 0.0127327
4 0.844054 0.707141 0.0215625 0.0186725 0.0126125
1 0.989478 0.639132 0.015236 0.0220298 0.0111815
1 0.935155 0.697404 0.0160068 0.0218929 0.0111209
4 0.699905 0.731029 0.0361776 0.0619363 0.0103568
4 0.103544 0.652018 0.131357 0.0330181 0.00896812
5 0.879722 0.725057 0.0232975 0.0305825 0.00889753
1 0.931447 0.688632 0.0241852 0.019202 0.00884357
1 0.994512 0.654789 0.00742072 0.0362067 0.00878226
42 0.936356 0.717714 0.0146955 0.0182866 0.00850526
4 0.668813 0.736701 0.0294648 0.0573382 0.00823564
4 0.864845 0.705931 0.014498 0.0164495 0.0079078
25 0.502675 0.659183 0.107757 0.0798477 0.00789176
6 0.839239 0.726667 0.0343602 0.0361868 0.00786733
5 0.746933 0.729888 0.0534435 0.0638148 0.00752706
6 0.986448 0.697618 0.0212621 0.108674 0.00714632
4 0.936534 0.723257 0.0147648 0.0244849 0.00686574
4 0.69252 0.732011 0.0241913 0.0578309 0.00686508
14 0.816996 0.740236 0.0180146 0.0325185 0.00679121
0 0.819039 0.735374 0.0187139 0.034265 0.00661042
4 0.271183 0.745899 0.129117 0.182901 0.00646563
6 0.734966 0.734558 0.0553425 0.0710618 0.00645521
6 0.855469 0.705395 0.0197954 0.015403 0.00633309
6 0.656528 0.730141 0.0177079 0.077478 0.00619202
0 0.658133 0.746907 0.0194102 0.092645 0.00615179
6 0.907657 0.712293 0.0164233 0.0191141 0.00585498
2 0.553736 0.572597 0.00821735 0.0130073 0.00559877
4 0.713861 0.729948 0.0642726 0.0632536 0.00558162
4 0.653715 0.735647 0.0286907 0.0899778 0.00542415
6 0.919592 0.713356 0.0198013 0.0222505 0.00499169
22 0.816996 0.740236 0.0180146 0.0325185 0.00487032
4 0.673803 0.749856 0.0187836 0.0295067 0.00482597
0 0.879722 0.725057 0.0232975 0.0305825 0.00464917
4 0.11527 0.645382 0.0864293 0.0190033 0.00458365
6 0.844054 0.707141 0.0215625 0.0186725 0.00455962
8 0.816996 0.740236 0.0180146 0.0325185 0.00454927
4 0.138582 0.65804 0.108463 0.0519199 0.00452793
1 0.978388 0.672281 0.0091192 0.0334793 0.00448507
4 0.695526 0.741867 0.0268173 0.0410688 0.00448104
6 0.987187 0.733395 0.0222953 0.0339598 0.0044593
4 0.927729 0.71091 0.0230936 0.0215204 0.00438423
4 0.45998 0.68767 0.0349424 0.0217474 0.0041285
6 0.659054 0.742048 0.0211307 0.0963665 0.00410873
4 0.0881334 0.644418 0.131146 0.0155978 0.0040757
6 0.713861 0.729948 0.0642726 0.0632536 0.00385158
6 0.783927 0.735498 0.031685 0.0463439 0.00382447
4 0.840047 0.718736 0.0255954 0.0433818 0.003676
4 0.859987 0.726655 0.0153944 0.0365415 0.00366862
0 0.5231 0.702888 0.012559 0.0276008 0.0034783
7 0.994512 0.654789 0.00742072 0.0362067 0.00342273
4 0.380756 0.75091 0.123658 0.174813 0.00342074
6 0.935155 0.697404 0.0160068 0.0218929 0.00339131
15 0.936356 0.717714 0.0146955 0.0182866 0.00332658
4 0.435418 0.699643 0.0279558 0.0601423 0.00323349
6 0.666125 0.729805 0.0326798 0.0636752 0.00320986
7 0.757905 0.681996 0.0130684 0.0295087 0.00318658
6 0.909418 0.705715 0.0156106 0.0248858 0.00313956
6 0.889134 0.709948 0.0286345 0.0325913 0.00312536
6 0.780645 0.719678 0.0397484 0.0599406 0.00305806
4 0.270223 0.675753 0.0822686 0.0397932 0.0030423
4 0.410986 0.689342 0.0778991 0.0428758 0.0030072
5 0.936356 0.717714 0.0146955 0.0182866 0.0030058
5 0.784192 0.735405 0.0309329 0.0457803 0.00285386
1 0.642507 0.625726 0.0130559 0.0335705 0.00279334
8 0.936356 0.717714 0.0146955 0.0182866 0.00279129
6 0.251565 0.678423 0.0785908 0.0445854 0.00277259
5 0.502577 0.658769 0.108865 0.0807395 0.00272334
3 0.816996 0.740236 0.0180146 0.0325185 0.00263751
6 0.405976 0.660259 0.0847442 0.0438454 0.00263112
4 0.66295 0.756303 0.0237913 0.0860133 0.00259926
0 0.45998 0.68767 0.0349424 0.0217474 0.00254796
4 0.810205 0.739783 0.0206871 0.0315719 0.00252791
6 0.827439 0.731754 0.0341803 0.0395513 0.0023893
1 0.680851 0.548656 0.0107198 0.0211866 0.00236458
4 0.437071 0.693135 0.0250182 0.0398584 0.00236357
4 0.707356 0.740615 0.0466736 0.0603541 0.00235757
6 0.840047 0.718736 0.0255954 0.0433818 0.00232587
5 0.86605 0.724115 0.021697 0.0319208 0.00230428
6 0.767762 0.704097 0.0262414 0.0301489 0.00216138
4 0.144745 0.67476 0.122375 0.0831036 0.00215003
0 0.66295 0.756303 0.0237913 0.0860133 0.00214202
6 0.699905 0.731029 0.0361776 0.0619363 0.00213377
0 0.936356 0.717714 0.0146955 0.0182866 0.00206532
4 0.477042 0.710089 0.0713477 0.0381903 0.00205515
4 0.521401 0.739936 0.0173222 0.0922958 0.00204606
14 0.987458 0.731724 0.0227053 0.0296868 0.00200369
0 0.524139 0.705495 0.0156864 0.039935 0.00185907
4 0.533572 0.754188 0.0416777 0.133078 0.0018475
18 0.912288 0.422919 0.174574 0.321808 0.00184449
4 0.0611793 0.64842 0.117027 0.0212574 0.00182916
2 0.680821 0.537169 0.00905463 0.017074 0.0018033
4 0.639832 0.734533 0.0509791 0.0856475 0.00173704
2 0.695597 0.564645 0.00787622 0.0152688 0.00173623
14 0.673803 0.749856 0.0187836 0.0295067 0.00172961
4 0.46106 0.704936 0.0385701 0.030484 0.00152562
4 0.669659 0.755275 0.029399 0.0787923 0.00150716
4 0.732751 0.705996 0.0352684 0.0189446 0.00149327
4 0.315129 0.665163 0.0300866 0.0124705 0.00148546
1 0.981924 0.639322 0.00991443 0.0165359 0.00147945
6 0.774803 0.736252 0.0265096 0.048793 0.00147545
4 0.767762 0.704097 0.0262414 0.0301489 0.00147226
0 0.805772 0.735573 0.0174514 0.0352532 0.00147167
4 0.112139 0.67508 0.146883 0.0802137 0.0014706
0 0.617641 0.727004 0.0279344 0.0456546 0.00146614
4 0.129804 0.648072 0.0876505 0.0401733 0.001457
7 0.752726 0.667698 0.00763336 0.0237733 0.00143791
5 0.658249 0.741951 0.0195847 0.0998714 0.00139854
4 0.492104 0.718656 0.0632923 0.0468879 0.00139369
7 0.992433 0.646692 0.0106835 0.0355801 0.00138384
1 0.689593 0.636106 0.0145307 0.0352812 0.00137216
5 0.772374 0.736522 0.0252921 0.049076 0.00136073
4 0.879153 0.714667 0.0220449 0.0347578 0.00134889
6 0.815731 0.732121 0.0245924 0.0406274 0.00133938
8 0.810205 0.739783 0.0206871 0.0315719 0.00133337
14 0.111353 0.626089 0.0492303 0.0296062 0.00132278
4 0.521227 0.717891 0.0133795 0.0453473 0.00131377
0 0.783927 0.735498 0.031685 0.0463439 0.00128602
4 0.948834 0.717599 0.0179514 0.0149443 0.00127887
6 0.951256 0.713505 0.031649 0.0310139 0.00121658
0 0.615547 0.711541 0.0208445 0.0427316 0.00120028
6 0.45998 0.68767 0.0349424 0.0217474 0.00117746
6 0.931447 0.688632 0.0241852 0.019202 0.00114229
0 0.24808 0.684153 0.080237 0.0545574 0.00111357
6 0.716428 0.706435 0.0809877 0.105851 0.00109367
1 0.986448 0.697618 0.0212621 0.108674 0.00108466
5 0.249522 0.682016 0.0783956 0.0518299 0.00108227
4 0.907657 0.712293 0.0164233 0.0191141 0.00107508
12 0.111353 0.626089 0.0492303 0.0296062 0.00107354
4 0.780645 0.719678 0.0397484 0.0599406 0.00107232
0 0.614135 0.720209 0.0444592 0.067237 0.00105502
15 0.927729 0.71091 0.0230936 0.0215204 0.00105099
4 0.285182 0.670644 0.0904274 0.031724 0.00103096
57 0.504419 0.658736 0.112859 0.0797302 0.00102534
4 0.314936 0.741488 0.14688 0.146283 0.00102128
25 0.864845 0.705931 0.014498 0.0164495 0.00101475
2 0.680851 0.548656 0.0107198 0.0211866 0.00100591
