4 0.412127 0.846015 0.0588855 0.0882439 0.89382
1 0.6287 0.745107 0.0216922 0.133437 0.399442
1 0.628232 0.721442 0.0197346 0.0857328 0.0898094
1 0.687172 0.746289 0.019696 0.0438668 0.0595028
6 0.973002 0.798992 0.0537314 0.153563 0.0201344
22 0.615101 0.93145 0.0340644 0.106542 0.0154616
6 0.839794 0.773843 0.0379446 0.0252426 0.0075304
6 0.859454 0.760872 0.0866569 0.0491387 0.00684539
26 0.614386 0.929457 0.035104 0.0999873 0.00683905
23 0.614386 0.929457 0.035104 0.0999873 0.00646671
1 0.711286 0.748476 0.0233137 0.0562218 0.00566867
6 0.841841 0.766132 0.0408369 0.0347749 0.00478948
0 0.37702 0.820352 0.00923233 0.018106 0.00478943
2 0.523005 0.378808 0.0100839 0.0202166 0.00449159
2 0.529632 0.469655 0.0105585 0.0222178 0.00416671
8 0.377265 0.817856 0.00875894 0.0160506 0.00406296
4 0.8275 0.770859 0.0120592 0.0177843 0.00364453
2 0.534923 0.422308 0.0102169 0.0160733 0.00305689
1 0.697663 0.798251 0.0454434 0.0303841 0.00253357
1 0.973125 0.79879 0.0526669 0.149537 0.00216276
6 0.868269 0.771987 0.0945287 0.0369539 0.00209689
14 0.377265 0.817856 0.00875894 0.0160506 0.00209341
24 0.839987 0.772357 0.0395554 0.0241636 0.00199897
2 0.460545 0.473555 0.012221 0.0162484 0.0019335
2 0.525202 0.377152 0.0113694 0.0167118 0.00192492
6 0.794027 0.787701 0.0455463 0.0203274 0.00156107
24 0.711511 0.748019 0.0226437 0.0538512 0.00154168
4 0.839987 0.772357 0.0395554 0.0241636 0.00153621
6 0.878178 0.767699 0.12917 0.0579729 0.00153441
24 0.687096 0.746102 0.0199996 0.0446732 0.00142445
6 0.815083 0.757329 0.145209 0.0754675 0.00140184
4 0.852757 0.777353 0.0127112 0.0143389 0.00139165
4 0.796664 0.790487 0.0435662 0.0223747 0.0012838
6 0.801159 0.781036 0.0548619 0.0286667 0.00121659
1 0.697736 0.805918 0.0451624 0.0232001 0.00119923
2 0.0921085 0.46168 0.00975828 0.0152882 0.00115946
2 0.464362 0.378081 0.0110996 0.0158634 0.00111826
2 0.0224573 0.448854 0.0102515 0.0154156 0.00105519
6 0.852757 0.777353 0.0127112 0.0143389 0.00104201
