14 0.734771 0.681767 0.0130902 0.0227892 0.175758
4 0.656031 0.664278 0.021683 0.022442 0.147686
2 0.960882 0.259746 0.0174963 0.0217218 0.100133
2 0.958161 0.263224 0.0194901 0.0233758 0.086034
2 0.926349 0.220194 0.0230919 0.0214826 0.0753643
1 0.268684 0.554745 0.0204649 0.0804977 0.0694849
1 0.40757 0.613298 0.0210018 0.0181878 0.0629443
2 0.948933 0.25884 0.0119905 0.0209298 0.0505415
2 0.93896 0.250317 0.0106111 0.0250824 0.0420212
14 0.739309 0.68085 0.0205784 0.0235818 0.0407108
8 0.739309 0.68085 0.0205784 0.0235818 0.0392864
8 0.734771 0.681767 0.0130902 0.0227892 0.0362804
2 0.964385 0.262361 0.016206 0.026924 0.0349104
2 0.179345 0.459418 0.00632973 0.0149819 0.0330424
2 0.957365 0.279123 0.0212307 0.0232653 0.0326533
2 0.943013 0.249527 0.0130005 0.0173764 0.0290151
14 0.734694 0.676385 0.0114997 0.0204436 0.0277987
2 0.923138 0.223843 0.027824 0.0208424 0.0264236
8 0.629568 0.66384 0.00665442 0.0187498 0.0250924
0 0.629568 0.66384 0.00665442 0.0187498 0.0237009
2 0.96465 0.280024 0.0170609 0.0258147 0.0230377
1 0.578346 0.587332 0.0195004 0.0194734 0.0211854
4 0.654512 0.655845 0.0156143 0.0234686 0.0204222
14 0.743789 0.676396 0.0129963 0.0231284 0.0195862
8 0.734694 0.676385 0.0114997 0.0204436 0.01878
1 0.727791 0.627457 0.00878027 0.019851 0.017672
2 0.132534 0.466246 0.00557134 0.00922065 0.0160727
8 0.743789 0.676396 0.0129963 0.0231284 0.0156661
18 0.00581003 0.775966 0.0111591 0.0218925 0.0146832
2 0.266542 0.486472 0.0065199 0.0132555 0.0139241
0 0.532729 0.646703 0.00518274 0.0159444 0.0131992
8 0.749764 0.680287 0.0140211 0.0185267 0.0130065
2 0.967956 0.248605 0.0102123 0.0254143 0.0124833
4 0.662704 0.665313 0.0191768 0.0224224 0.0115238
22 0.734771 0.681767 0.0130902 0.0227892 0.0114319
2 0.169835 0.461139 0.00421079 0.0119346 0.0113043
4 0.636948 0.662501 0.0170731 0.0209972 0.0108337
8 0.751402 0.675885 0.0110224 0.0191535 0.0102309
4 0.352743 0.598903 0.013098 0.0169033 0.0101656
14 0.716317 0.664413 0.00912543 0.0140018 0.00999018
14 0.65704 0.663489 0.0215936 0.0222245 0.00993501
1 0.652372 0.617588 0.00973853 0.0201867 0.00984014
0 0.743789 0.676396 0.0129963 0.0231284 0.0092792
2 0.709217 0.157523 0.0234991 0.0303319 0.00860425
2 0.179067 0.453758 0.00691966 0.0186573 0.00845095
0 0.751402 0.675885 0.0110224 0.0191535 0.00823213
8 0.716317 0.664413 0.00912543 0.0140018 0.00816906
0 0.764677 0.646397 0.00858008 0.018241 0.00815008
10 0.551856 0.875583 0.0151783 0.0272397 0.00802762
1 0.643148 0.618666 0.00926276 0.0201587 0.0079137
0 0.762592 0.652672 0.00525867 0.0132501 0.0078372
7 0.945592 0.410692 0.0161777 0.0363544 0.00713866
0 0.820139 0.650168 0.00737347 0.0167423 0.0069388
1 0.734771 0.681767 0.0130902 0.0227892 0.00669882
2 0.35255 0.516482 0.00912738 0.0135858 0.00667551
4 0.240856 0.647907 0.00901021 0.010513 0.00651348
0 0.629324 0.651431 0.00795288 0.0175967 0.00649821
7 0.951218 0.410736 0.0225208 0.0432472 0.00640138
14 0.629568 0.66384 0.00665442 0.0187498 0.00638484
14 0.551184 0.664029 0.0108902 0.0211244 0.00614215
22 0.739309 0.68085 0.0205784 0.0235818 0.00593851
7 0.652372 0.617588 0.00973853 0.0201867 0.00583609
2 0.953169 0.249583 0.0134142 0.0156463 0.00560334
2 0.129843 0.454175 0.0112034 0.0199906 0.00556
2 0.313307 0.383021 0.00615427 0.0176356 0.00555219
2 0.943721 0.412323 0.0114943 0.0343741 0.00523711
2 0.117066 0.453855 0.00952496 0.0191677 0.00513172
18 0.00593818 0.763807 0.0116538 0.0461172 0.00512634
8 0.708185 0.667973 0.0116293 0.0145805 0.00512356
2 0.362609 0.522697 0.0044718 0.00991113 0.00511196
7 0.643148 0.618666 0.00926276 0.0201587 0.00510913
14 0.549331 0.664038 0.0114582 0.0161151 0.0050009
3 0.629568 0.66384 0.00665442 0.0187498 0.004808
2 0.116316 0.461804 0.00829954 0.0118186 0.00468793
4 0.622424 0.661869 0.0164245 0.0201159 0.00465107
4 0.640734 0.645236 0.0167539 0.0191101 0.0045479
0 0.146498 0.647856 0.00660066 0.0143355 0.00444962
0 0.716317 0.664413 0.00912543 0.0140018 0.00443526
0 0.591254 0.650724 0.00631842 0.0130816 0.00442573
4 0.579384 0.650259 0.00878339 0.0121225 0.00438503
14 0.00581003 0.775966 0.0111591 0.0218925 0.00433161
1 0.652057 0.609944 0.0107045 0.0223575 0.00427235
0 0.734694 0.676385 0.0114997 0.0204436 0.00424008
4 0.708185 0.667973 0.0116293 0.0145805 0.00409005
7 0.572968 0.590576 0.00920276 0.019696 0.00408345
14 0.622424 0.661869 0.0164245 0.0201159 0.00396787
0 0.735445 0.666604 0.00982477 0.02386 0.00389793
1 0.647997 0.611194 0.0114714 0.0243847 0.00374255
14 0.532729 0.646703 0.00518274 0.0159444 0.00369369
4 0.307976 0.649184 0.0100269 0.0132882 0.0036169
32 0.734771 0.681767 0.0130902 0.0227892 0.00356888
4 0.235737 0.647344 0.0175961 0.0104634 0.00356298
2 0.170853 0.453685 0.00632053 0.0185783 0.00354645
2 0.31644 0.378188 0.0077507 0.0162421 0.00353332
1 0.464776 0.542083 0.0173815 0.0189528 0.00341006
0 0.697312 0.66376 0.0128285 0.0224163 0.0033661
32 0.65704 0.663489 0.0215936 0.0222245 0.00334779
0 0.815515 0.660119 0.00919232 0.0121316 0.00328442
4 0.620554 0.650566 0.0124418 0.0166245 0.00327468
1 0.571661 0.586106 0.00769885 0.0167869 0.00312028
0 0.761504 0.644939 0.0112277 0.020674 0.00310018
22 0.627698 0.686165 0.00807532 0.0259786 0.00307954
2 0.931709 0.223699 0.0249744 0.0315739 0.0030641
14 0.751402 0.675885 0.0110224 0.0191535 0.00304655
4 0.629568 0.66384 0.00665442 0.0187498 0.00303617
14 0.764677 0.646397 0.00858008 0.018241 0.00295307
2 0.924537 0.238592 0.036092 0.0438628 0.00294662
8 0.622424 0.661869 0.0164245 0.0201159 0.00292715
4 0.613921 0.658594 0.00761273 0.0127642 0.00291702
4 0.716317 0.664413 0.00912543 0.0140018 0.00290941
4 0.629324 0.651431 0.00795288 0.0175967 0.00285946
8 0.532729 0.646703 0.00518274 0.0159444 0.00285199
1 0.586528 0.58753 0.0164554 0.0214888 0.0028239
22 0.749764 0.680287 0.0140211 0.0185267 0.00282016
8 0.629324 0.651431 0.00795288 0.0175967 0.00274011
4 0.264929 0.648999 0.0110965 0.0113938 0.00273239
14 0.535572 0.667417 0.0171658 0.0165764 0.00264412
32 0.818074 0.66213 0.013119 0.0150196 0.00264394
1 0.352743 0.598903 0.013098 0.0169033 0.00263829
1 0.532729 0.646703 0.00518274 0.0159444 0.00262998
5 0.734771 0.681767 0.0130902 0.0227892 0.00257982
7 0.571661 0.586106 0.00769885 0.0167869 0.00257203
2 0.708539 0.167454 0.0197271 0.0236001 0.00256456
2 0.968259 0.41872 0.0107372 0.0218535 0.00254511
1 0.986361 0.356986 0.026434 0.431184 0.00249546
4 0.164205 0.646153 0.0133468 0.0103831 0.00247966
2 0.156896 0.467572 0.00437465 0.00709695 0.00243063
0 0.78206 0.649418 0.00649872 0.0148188 0.0024063
1 0.572968 0.590576 0.00920276 0.019696 0.00238357
22 0.751402 0.675885 0.0110224 0.0191535 0.00236706
2 0.934128 0.237336 0.0101418 0.0316802 0.00236171
2 0.96039 0.285309 0.0206909 0.0422336 0.00235036
0 0.590826 0.66569 0.00718842 0.0165066 0.00233775
4 0.734694 0.676385 0.0114997 0.0204436 0.0023157
0 0.739309 0.68085 0.0205784 0.0235818 0.00231352
0 0.727597 0.645191 0.00779999 0.0249765 0.0023124
0 0.662704 0.665313 0.0191768 0.0224224 0.00230597
2 0.319227 0.513025 0.00691772 0.0128738 0.00224124
14 0.820139 0.650168 0.00737347 0.0167423 0.00222147
4 0.257341 0.649386 0.0155012 0.0118535 0.00218936
5 0.65704 0.663489 0.0215936 0.0222245 0.00214592
0 0.749764 0.680287 0.0140211 0.0185267 0.00213408
2 0.94643 0.224372 0.0317017 0.0380184 0.00208175
1 0.418564 0.535487 0.0124519 0.0200548 0.00206495
14 0.590826 0.66569 0.00718842 0.0165066 0.0020488
7 0.652057 0.609944 0.0107045 0.0223575 0.00204734
14 0.708185 0.667973 0.0116293 0.0145805 0.00202832
14 0.749764 0.680287 0.0140211 0.0185267 0.00199153
22 0.743789 0.676396 0.0129963 0.0231284 0.00198035
14 0.662704 0.665313 0.0191768 0.0224224 0.00194807
14 0.605241 0.667772 0.0124197 0.0131301 0.00194272
7 0.986585 0.355475 0.0260181 0.403033 0.00192511
0 0.551184 0.664029 0.0108902 0.0211244 0.00191601
4 0.609446 0.647636 0.00797919 0.0117374 0.0019152
4 0.685727 0.662615 0.0297214 0.0207264 0.00188727
1 0.739309 0.68085 0.0205784 0.0235818 0.00187846
14 0.569033 0.671068 0.0121071 0.0154734 0.0018568
1 0.460464 0.541871 0.0140005 0.0182797 0.00185395
4 0.565273 0.649156 0.00867499 0.0120175 0.00184828
8 0.735445 0.666604 0.00982477 0.02386 0.00183799
0 0.734771 0.681767 0.0130902 0.0227892 0.00182588
0 0.714119 0.663474 0.00786462 0.0189834 0.00182197
4 0.714119 0.663474 0.00786462 0.0189834 0.00180342
22 0.629568 0.66384 0.00665442 0.0187498 0.00177507
1 0.749075 0.64002 0.00826227 0.0191584 0.00176556
0 0.411939 0.654997 0.0118427 0.0122367 0.00174988
4 0.191305 0.649895 0.0123116 0.0113978 0.00174082
3 0.716317 0.664413 0.00912543 0.0140018 0.0017338
2 0.921701 0.233935 0.0235764 0.0292646 0.00172625
1 0.559763 0.560676 0.0117606 0.0337201 0.00170036
14 0.725672 0.679959 0.0209223 0.0237801 0.00168735
0 0.549331 0.664038 0.0114582 0.0161151 0.00163549
2 0.346262 0.516223 0.0066207 0.0148534 0.00163318
4 0.591254 0.650724 0.00631842 0.0130816 0.00162921
2 0.986361 0.356986 0.026434 0.431184 0.00161909
42 0.40757 0.613298 0.0210018 0.0181878 0.00160174
14 0.536583 0.65339 0.00855658 0.00838412 0.00159435
2 0.951672 0.276043 0.0174438 0.0300222 0.0015602
1 0.307976 0.603529 0.00885187 0.0142965 0.00155167
1 0.586893 0.59074 0.0267844 0.0222726 0.00155155
3 0.734694 0.676385 0.0114997 0.0204436 0.00154805
0 0.552114 0.65197 0.00919623 0.0162476 0.00154784
0 0.523839 0.649351 0.0106535 0.0122144 0.00153913
0 0.565273 0.649156 0.00867499 0.0120175 0.00153542
14 0.818074 0.66213 0.013119 0.0150196 0.00152441
4 0.17539 0.647741 0.0273376 0.0108357 0.0015222
3 0.734771 0.681767 0.0130902 0.0227892 0.00151882
0 0.589459 0.656886 0.00664764 0.00766043 0.00151475
1 0.404116 0.507747 0.009474 0.018216 0.0015096
8 0.708254 0.678987 0.0116376 0.0221266 0.00149408
8 0.549331 0.664038 0.0114582 0.0161151 0.00146426
2 0.99485 0.139426 0.00871735 0.0261634 0.00144387
1 0.727597 0.645191 0.00779999 0.0249765 0.00142516
4 0.402859 0.625388 0.0143633 0.0254212 0.00141163
0 0.544994 0.650947 0.00719788 0.0136241 0.00140785
4 0.605241 0.667772 0.0124197 0.0131301 0.00139418
8 0.605241 0.667772 0.0124197 0.0131301 0.00138785
2 0.943595 0.379979 0.0133392 0.0194719 0.00138324
4 0.292947 0.646349 0.00888587 0.00968463 0.00138235
2 0.951882 0.415636 0.020578 0.0350012 0.0013812
4 0.589459 0.656886 0.00664764 0.00766043 0.00135593
2 0.134805 0.47206 0.00782146 0.013698 0.00135553
7 0.647997 0.611194 0.0114714 0.0243847 0.00134911
8 0.714119 0.663474 0.00786462 0.0189834 0.00133792
0 0.708185 0.667973 0.0116293 0.0145805 0.00133747
4 0.395489 0.645276 0.0185004 0.0129064 0.00133674
1 0.764677 0.646397 0.00858008 0.018241 0.00133052
14 0.498332 0.667934 0.010696 0.0250885 0.00132537
7 0.532729 0.646703 0.00518274 0.0159444 0.00132297
1 0.402637 0.53885 0.0103155 0.0134437 0.0013197
4 0.411939 0.654997 0.0118427 0.0122367 0.00131189
2 0.754293 0.155224 0.0209071 0.0237116 0.00130246
3 0.622424 0.661869 0.0164245 0.0201159 0.00129003
1 0.401591 0.608513 0.0200726 0.0171712 0.00128739
4 0.544994 0.650947 0.00719788 0.0136241 0.00127938
1 0.621433 0.59671 0.00876624 0.0170853 0.0012646
32 0.00581003 0.775966 0.0111591 0.0218925 0.00126032
2 0.963828 0.399254 0.017762 0.0384415 0.00125571
32 0.739309 0.68085 0.0205784 0.0235818 0.00125044
8 0.565273 0.649156 0.00867499 0.0120175 0.00124302
1 0.685026 0.62597 0.0134964 0.0188047 0.00123596
8 0.815515 0.660119 0.00919232 0.0121316 0.00122706
22 0.796868 0.680529 0.00831586 0.0183251 0.00120047
0 0.622424 0.661869 0.0164245 0.0201159 0.00119264
4 0.383822 0.644316 0.0197823 0.0119814 0.00118204
1 0.491116 0.514446 0.00779877 0.0139936 0.0011742
3 0.708185 0.667973 0.0116293 0.0145805 0.0011626
2 0.948695 0.40565 0.026704 0.0669511 0.00116206
1 0.552114 0.65197 0.00919623 0.0162476 0.00116075
8 0.535572 0.667417 0.0171658 0.0165764 0.00115389
14 0.561694 0.657482 0.00617346 0.00850711 0.00114577
8 0.764677 0.646397 0.00858008 0.018241 0.00114142
22 0.734694 0.676385 0.0114997 0.0204436 0.00112719
8 0.725672 0.679959 0.0209223 0.0237801 0.00111648
2 0.926694 0.221875 0.0435991 0.0441562 0.00111495
8 0.662704 0.665313 0.0191768 0.0224224 0.00111478
2 0.999705 0.385989 0.00059021 0.0190597 0.0011056
23 0.734771 0.681767 0.0130902 0.0227892 0.00110214
23 0.739309 0.68085 0.0205784 0.0235818 0.00108015
15 0.352743 0.598903 0.013098 0.0169033 0.00107915
4 0.697312 0.66376 0.0128285 0.0224163 0.00104941
14 0.589459 0.656886 0.00664764 0.00766043 0.0010423
8 0.762592 0.652672 0.00525867 0.0132501 0.00102992
0 0.1275 0.650302 0.00828123 0.0135651 0.00102608
35 0.00593818 0.763807 0.0116538 0.0461172 0.00101782
4 0.404732 0.646714 0.0105785 0.0122948 0.00101772
4 0.68687 0.645904 0.0234742 0.0272817 0.00100184
