1 0.802982 0.390846 0.0615593 0.0446227 0.884201
4 0.410046 0.565446 0.0355916 0.0425606 0.878819
1 0.844356 0.496437 0.0416238 0.039479 0.862065
4 0.569239 0.379722 0.0143495 0.0186812 0.831108
6 0.487636 0.402703 0.0253277 0.0354409 0.662608
4 0.601727 0.328564 0.0148466 0.0155455 0.626917
4 0.950038 0.411814 0.0363726 0.0168548 0.591191
4 0.632745 0.327595 0.0176751 0.0160935 0.543315
4 0.754443 0.355948 0.0132928 0.0195267 0.540973
6 0.728509 0.365166 0.0218336 0.0514111 0.501039
1 0.605241 0.278183 0.0281528 0.0234364 0.490561
4 0.726821 0.416734 0.0165609 0.0229315 0.445528
4 0.689419 0.273628 0.00914264 0.0146077 0.416219
4 0.934807 0.411587 0.0176274 0.013917 0.367515
6 0.72748 0.376324 0.0184897 0.0313318 0.360357
4 0.327229 0.319072 0.0252994 0.0201393 0.349894
4 0.81606 0.22494 0.0085542 0.0119041 0.337842
4 0.658805 0.301403 0.0154214 0.0145777 0.32077
4 0.755957 0.426057 0.013419 0.019478 0.317992
6 0.400848 0.404378 0.048923 0.0341953 0.311817
6 0.706671 0.352225 0.0188387 0.0362522 0.309579
4 0.614084 0.326482 0.0185891 0.012684 0.27031
6 0.647591 0.321055 0.0175079 0.0214644 0.250101
4 0.629793 0.286077 0.0121034 0.0123869 0.248034
6 0.758561 0.404625 0.021154 0.0569965 0.24672
4 0.575572 0.323672 0.0107558 0.015299 0.244248
4 0.607271 0.327344 0.0218837 0.0130095 0.242446
4 0.766221 0.336427 0.0140535 0.0198357 0.24044
4 0.932523 0.406969 0.0186201 0.0179146 0.234266
4 0.914851 0.326877 0.0161043 0.0144839 0.232026
6 0.694744 0.398937 0.0184492 0.0349943 0.228438
4 0.661369 0.304136 0.0152267 0.0151702 0.21522
6 0.526271 0.358966 0.0235221 0.025975 0.2121
4 0.344907 0.310508 0.0115176 0.0122097 0.201584
4 0.904438 0.40138 0.0166378 0.0193315 0.19387
6 0.616387 0.310161 0.0146154 0.0179532 0.183033
4 0.781904 0.225958 0.0091969 0.0116883 0.179971
4 0.63503 0.332748 0.0130184 0.0185752 0.177419
4 0.853727 0.388351 0.0166606 0.0242244 0.17677
6 0.726821 0.416734 0.0165609 0.0229315 0.168654
4 0.647591 0.321055 0.0175079 0.0214644 0.16521
6 0.489911 0.318735 0.0339509 0.0405605 0.162359
4 0.758239 0.282522 0.00821729 0.0140116 0.15977
4 0.62783 0.306214 0.0107796 0.0146446 0.159756
1 0.685569 0.240191 0.0219344 0.0164943 0.159068
4 0.104809 0.330628 0.0235499 0.0150695 0.155878
6 0.729407 0.33683 0.0248129 0.02388 0.150309
4 0.547871 0.320695 0.0133177 0.0200503 0.149535
4 0.643881 0.287154 0.0139424 0.0114505 0.149336
6 0.777993 0.316322 0.0160681 0.0199573 0.149048
6 0.75631 0.399154 0.0160337 0.0449402 0.148812
6 0.766221 0.336427 0.0140535 0.0198357 0.145836
4 0.834646 0.297934 0.0175602 0.0193712 0.143679
1 0.313801 0.480265 0.0109544 0.0213423 0.141121
4 0.810803 0.336449 0.0126152 0.0119057 0.139989
4 0.755966 0.390878 0.0155923 0.0302767 0.137164
4 0.554324 0.319391 0.0249159 0.0208284 0.137133
4 0.909758 0.40553 0.0158331 0.0148819 0.13266
4 0.527196 0.359262 0.0219725 0.0243879 0.129374
1 0.512288 0.326726 0.0150232 0.0257188 0.126717
6 0.43211 0.324878 0.0117044 0.0139727 0.126356
6 0.554324 0.319391 0.0249159 0.0208284 0.124361
1 0.433778 0.298238 0.00937412 0.0247125 0.122757
1 0.401495 0.405458 0.0476816 0.03286 0.112987
1 0.812752 0.336535 0.0111787 0.0131028 0.112961
4 0.91606 0.405236 0.0120523 0.0147784 0.10922
1 0.675285 0.867273 0.0434484 0.0873034 0.108293
15 0.75631 0.399154 0.0160337 0.0449402 0.108192
6 0.428055 0.338103 0.0177294 0.017497 0.107361
6 0.658805 0.301403 0.0154214 0.0145777 0.107016
1 0.694744 0.398937 0.0184492 0.0349943 0.106645
6 0.547871 0.320695 0.0133177 0.0200503 0.103735
4 0.635363 0.299154 0.0118442 0.0107429 0.102532
4 0.129174 0.330371 0.016851 0.0144345 0.102098
4 0.622325 0.333438 0.0121846 0.0170171 0.101474
6 0.644782 0.306924 0.0180919 0.017692 0.100752
5 0.977706 0.462008 0.0287957 0.0175058 0.0974503
6 0.575572 0.323672 0.0107558 0.015299 0.0945762
4 0.803075 0.269134 0.0074798 0.0125267 0.0937071
4 0.763565 0.282998 0.00900568 0.00813297 0.0922659
4 0.350139 0.311182 0.0156834 0.0135146 0.0911764
4 0.685825 0.271493 0.0110892 0.012318 0.0911269
4 0.616387 0.310161 0.0146154 0.0179532 0.0903131
6 0.838856 0.325637 0.0113218 0.0152406 0.0894167
4 0.428055 0.338103 0.0177294 0.017497 0.0889866
4 0.56136 0.323118 0.0118887 0.0195207 0.0877986
4 0.881465 0.386193 0.0140305 0.0154543 0.0877702
4 0.644782 0.306924 0.0180919 0.017692 0.0876491
4 0.94973 0.344045 0.0185839 0.0128188 0.0853335
4 0.43211 0.324878 0.0117044 0.0139727 0.0838757
1 0.421767 0.303114 0.0113571 0.0176016 0.0835059
4 0.839483 0.279931 0.0171838 0.0145961 0.0830339
4 0.664936 0.273363 0.011868 0.0139392 0.0828101
4 0.836361 0.291176 0.0163163 0.0125719 0.081082
4 0.340044 0.315439 0.0147539 0.015883 0.081006
6 0.401603 0.328988 0.00997678 0.0164455 0.080587
4 0.754751 0.346109 0.0129124 0.0194294 0.078297
6 0.71281 0.352913 0.0109466 0.0358191 0.0763655
1 0.529191 0.324516 0.0241323 0.0226216 0.076326
4 0.787127 0.234723 0.0119883 0.0112653 0.0762084
6 0.855308 0.390273 0.0193151 0.023014 0.0760465
1 0.618449 0.261941 0.0162914 0.0141786 0.0753371
4 0.787602 0.240638 0.0112728 0.0152774 0.0746855
4 0.725752 0.248438 0.0101946 0.0074212 0.0720948
6 0.632745 0.327595 0.0176751 0.0160935 0.0719718
6 0.777473 0.306132 0.0143058 0.0217585 0.0710721
4 0.118299 0.330538 0.0196598 0.0147866 0.0699344
4 0.601007 0.33249 0.0139253 0.018877 0.0698085
6 0.62783 0.306214 0.0107796 0.0146446 0.0695626
6 0.529191 0.324516 0.0241323 0.0226216 0.0692341
6 0.756911 0.423446 0.0169244 0.0232751 0.0683002
4 0.351155 0.315377 0.0137985 0.0156803 0.068221
4 0.85056 0.282428 0.0119788 0.0109567 0.0680305
4 0.1296 0.333002 0.0238955 0.011728 0.0657359
4 0.69712 0.272293 0.0187429 0.0124519 0.0638141
4 0.423756 0.341499 0.0150157 0.0139114 0.0618365
1 0.835967 0.300147 0.0179484 0.0226347 0.0610158
4 0.940685 0.406826 0.0170049 0.0175664 0.0584456
4 0.784898 0.239961 0.0102277 0.0168986 0.0580226
0 0.308933 0.430877 0.0102241 0.0174836 0.0577317
4 0.917297 0.409633 0.0116566 0.014637 0.0566034
1 0.81606 0.22494 0.0085542 0.0119041 0.0562286
1 0.75631 0.399154 0.0160337 0.0449402 0.0554219
6 0.614084 0.326482 0.0185891 0.012684 0.0553599
6 0.675419 0.866777 0.0438006 0.087928 0.0549554
6 0.643881 0.287154 0.0139424 0.0114505 0.0547815
6 0.707771 0.339349 0.0147791 0.0172208 0.0541179
6 0.754443 0.355948 0.0132928 0.0195267 0.0536506
6 0.843321 0.276263 0.0226815 0.0190498 0.0529724
4 0.81552 0.269568 0.00918054 0.0119691 0.0519181
4 0.810662 0.33214 0.011857 0.0180461 0.050522
6 0.661369 0.304136 0.0152267 0.0151702 0.0502537
6 0.835558 0.299458 0.0179064 0.0219085 0.0500937
1 0.547871 0.320695 0.0133177 0.0200503 0.0498608
6 0.81606 0.22494 0.0085542 0.0119041 0.0493085
4 0.657489 0.293741 0.0150623 0.0164048 0.0492511
0 0.283692 0.429848 0.00838065 0.0160237 0.049242
6 0.781904 0.225958 0.0091969 0.0116883 0.0482748
4 0.858129 0.389344 0.020899 0.02341 0.0482343
4 0.662675 0.289363 0.0129928 0.0143424 0.0481176
1 0.839483 0.279931 0.0171838 0.0145961 0.0472577
1 0.522011 0.922575 0.0128699 0.0457929 0.04623
6 0.629793 0.286077 0.0121034 0.0123869 0.0460052
4 0.7926 0.329875 0.0082179 0.0169505 0.0456651
6 0.512288 0.326726 0.0150232 0.0257188 0.0453557
6 0.51942 0.359756 0.0337097 0.0262713 0.0449706
1 0.489518 0.318791 0.0322397 0.038649 0.044762
4 0.790115 0.28988 0.00839856 0.00983508 0.0443373
4 0.3676 0.310884 0.0187708 0.0139726 0.0441339
6 0.744414 0.223223 0.0116982 0.0135076 0.0436617
6 0.04903 0.337039 0.0225612 0.0171613 0.0433624
4 0.995047 0.424151 0.0071311 0.0202602 0.0431685
4 0.572257 0.377858 0.0193616 0.0213203 0.0430578
5 0.855308 0.390273 0.0193151 0.023014 0.0430299
6 0.0927187 0.412588 0.0151508 0.0184152 0.0427876
6 0.758239 0.282522 0.00821729 0.0140116 0.0422558
6 0.657489 0.293741 0.0150623 0.0164048 0.0421111
8 0.917297 0.409633 0.0116566 0.014637 0.0411662
4 0.977706 0.462008 0.0287957 0.0175058 0.0410697
6 0.52615 0.351245 0.0247536 0.0240363 0.0399993
4 0.637974 0.334263 0.0105345 0.0171133 0.03996
1 0.283692 0.429848 0.00838065 0.0160237 0.0391212
1 0.516703 0.932676 0.0154717 0.0363976 0.0391203
4 0.648945 0.316281 0.0104122 0.0129879 0.038436
6 0.839483 0.279931 0.0171838 0.0145961 0.0379209
6 0.904438 0.40138 0.0166378 0.0193315 0.0375897
1 0.915559 0.327116 0.015248 0.013211 0.0368621
15 0.756911 0.423446 0.0169244 0.0232751 0.0368411
4 0.74244 0.243315 0.00706824 0.0115494 0.0364619
4 0.767283 0.331921 0.0113866 0.0177085 0.0359619
1 0.426175 0.295271 0.0227741 0.0201296 0.035672
4 0.04903 0.337039 0.0225612 0.0171613 0.0351761
5 0.288432 0.430367 0.0165618 0.0172869 0.0348079
4 0.815642 0.332006 0.0072879 0.0177038 0.0346088
4 0.602751 0.320803 0.0169236 0.0189408 0.0345435
6 0.104809 0.330628 0.0235499 0.0150695 0.034263
6 0.398894 0.330039 0.0126263 0.0187578 0.0340421
1 0.838815 0.330276 0.0138254 0.01695 0.0338946
1 0.53145 0.893275 0.0122518 0.0249096 0.0336957
1 0.744414 0.223223 0.0116982 0.0135076 0.0336791
22 0.283692 0.429848 0.00838065 0.0160237 0.0335421
4 0.422431 0.324717 0.0101071 0.0138208 0.0334572
4 0.675397 0.866773 0.0439285 0.0858255 0.0332799
5 0.99488 0.425798 0.0073277 0.0211765 0.0331728
4 0.838856 0.325637 0.0113218 0.0152406 0.032935
8 0.308933 0.430877 0.0102241 0.0174836 0.03277
6 0.731769 0.331729 0.0202034 0.0171966 0.0325363
1 0.510365 0.942286 0.0146859 0.0343735 0.0323154
6 0.759252 0.419028 0.0209681 0.0329393 0.0321711
1 0.651833 0.254702 0.0170582 0.0130838 0.0318096
6 0.607271 0.327344 0.0218837 0.0130095 0.0315757
5 0.308933 0.430877 0.0102241 0.0174836 0.0314858
6 0.432551 0.407426 0.0156683 0.020538 0.0311498
6 0.423756 0.341499 0.0150157 0.0139114 0.0310419
4 0.373212 0.336875 0.0149192 0.0153208 0.030762
6 0.767283 0.331921 0.0113866 0.0177085 0.0300889
6 0.512563 0.338954 0.0154957 0.0239242 0.0297626
4 0.777007 0.289635 0.0098642 0.0116315 0.029734
4 0.583677 0.326141 0.0115872 0.0138127 0.0296538
4 0.0462989 0.340647 0.0271255 0.0161128 0.0293935
6 0.803075 0.269134 0.0074798 0.0125267 0.0291924
6 0.606091 0.279594 0.0280911 0.0250681 0.028822
4 0.486726 0.40428 0.0231674 0.0330014 0.0284899
4 0.722278 0.248811 0.00985639 0.00765456 0.0283601
1 0.535222 0.873756 0.013497 0.034727 0.0278421
8 0.283692 0.429848 0.00838065 0.0160237 0.0277611
4 0.782443 0.219145 0.00826691 0.0167601 0.0274368
6 0.810803 0.336449 0.0126152 0.0119057 0.0269182
5 0.675419 0.866777 0.0438006 0.087928 0.0266541
4 0.793699 0.335194 0.00841681 0.0159904 0.0263222
6 0.522084 0.346168 0.0304284 0.0174939 0.0260635
6 0.7926 0.329875 0.0082179 0.0169505 0.0258757
4 0.213359 0.34285 0.0109031 0.015823 0.0258519
4 0.731769 0.331729 0.0202034 0.0171966 0.0256974
4 0.52615 0.351245 0.0247536 0.0240363 0.0256145
0 0.348517 0.458576 0.0128256 0.0252916 0.0253438
1 0.709529 0.328495 0.00968317 0.012492 0.0251065
4 0.0927187 0.412588 0.0151508 0.0184152 0.0250935
1 0.838856 0.325637 0.0113218 0.0152406 0.0249475
4 0.955597 0.406672 0.0247279 0.0174398 0.0247121
1 0.766221 0.336427 0.0140535 0.0198357 0.0246648
4 0.61172 0.31262 0.0163837 0.020635 0.0246452
6 0.881465 0.386193 0.0140305 0.0154543 0.0243347
6 0.662675 0.289363 0.0129928 0.0143424 0.024056
4 0.817753 0.219723 0.00963702 0.017937 0.0239811
1 0.527972 0.897808 0.0136044 0.032117 0.0237384
6 0.754751 0.346109 0.0129124 0.0194294 0.0235862
1 0.85118 0.390508 0.0193857 0.0197737 0.0232635
6 0.648945 0.316281 0.0104122 0.0129879 0.0228473
1 0.843321 0.276263 0.0226815 0.0190498 0.0225531
4 0.804961 0.230321 0.00855255 0.00843254 0.0224886
6 0.422431 0.324717 0.0101071 0.0138208 0.0224641
6 0.689419 0.273628 0.00914264 0.0146077 0.0223624
6 0.635363 0.299154 0.0118442 0.0107429 0.0221534
4 0.329097 0.314124 0.0242401 0.0194585 0.0219948
1 0.621359 0.257421 0.0120983 0.0183902 0.021894
4 0.847509 0.385175 0.0107813 0.0228638 0.0218098
6 0.914851 0.326877 0.0161043 0.0144839 0.0217647
4 0.122597 0.334321 0.033852 0.0153531 0.0217646
5 0.983655 0.469518 0.026282 0.0207032 0.0217542
6 0.61172 0.31262 0.0163837 0.020635 0.021404
5 0.527196 0.359262 0.0219725 0.0243879 0.021113
4 0.401603 0.328988 0.00997678 0.0164455 0.0203449
6 0.830191 0.324126 0.0082854 0.0144915 0.0203372
1 0.308933 0.430877 0.0102241 0.0174836 0.020259
4 0.551989 0.32009 0.0147712 0.0171356 0.0199801
1 0.758239 0.282522 0.00821729 0.0140116 0.0196463
4 0.798693 0.271038 0.0118271 0.016828 0.0194892
8 0.91606 0.405236 0.0120523 0.0147784 0.0194599
6 0.602751 0.320803 0.0169236 0.0189408 0.0193872
4 0.140857 0.330087 0.0124834 0.0141117 0.019158
4 0.694744 0.398937 0.0184492 0.0349943 0.0190513
4 0.709529 0.328495 0.00968317 0.012492 0.0190399
1 0.630383 0.256268 0.0131502 0.016133 0.0188341
6 0.421767 0.303114 0.0113571 0.0176016 0.0186602
6 0.91606 0.405236 0.0120523 0.0147784 0.0182319
15 0.554324 0.319391 0.0249159 0.0208284 0.0181428
6 0.810662 0.33214 0.011857 0.0180461 0.0181249
1 0.400894 0.307232 0.0249824 0.0296308 0.0181137
4 0.830191 0.324126 0.0082854 0.0144915 0.01809
1 0.429883 0.334436 0.0166794 0.0191978 0.0179038
1 0.213359 0.34285 0.0109031 0.015823 0.0178987
1 0.43211 0.324878 0.0117044 0.0139727 0.0178521
4 0.328854 0.3242 0.0262323 0.0177438 0.0177378
1 0.141519 0.300696 0.00912351 0.0196942 0.0176835
4 0.838815 0.330276 0.0138254 0.01695 0.0176805
6 0.652445 0.267018 0.0183202 0.021558 0.017652
6 0.757381 0.394006 0.0230795 0.0306299 0.0176324
4 0.683196 0.278611 0.0122916 0.0173864 0.0175123
1 0.408161 0.306123 0.0337502 0.0257337 0.0174882
4 0.606091 0.279594 0.0280911 0.0250681 0.0174785
1 0.611494 0.257839 0.0167954 0.020104 0.0174641
5 0.0927187 0.412588 0.0151508 0.0184152 0.0173301
1 0.636518 0.258298 0.024165 0.0147226 0.0172906
4 0.345512 0.313357 0.0164595 0.00957029 0.0172142
4 0.53145 0.893275 0.0122518 0.0249096 0.0171271
6 0.700426 0.354242 0.0204836 0.030411 0.0171177
7 0.308933 0.430877 0.0102241 0.0174836 0.017105
5 0.283692 0.429848 0.00838065 0.0160237 0.0171005
1 0.199569 0.429001 0.0151758 0.0246672 0.0170648
4 0.55468 0.31469 0.0210242 0.0206174 0.0170597
6 0.85056 0.282428 0.0119788 0.0109567 0.0169964
4 0.569696 0.373824 0.0146614 0.0279795 0.0168317
6 0.599359 0.328132 0.0126893 0.014353 0.0166628
6 0.847509 0.385175 0.0107813 0.0228638 0.0166058
6 0.401913 0.335098 0.0122581 0.021904 0.0165951
4 0.0311992 0.338772 0.00968685 0.00989342 0.0165911
6 0.488143 0.394307 0.0252785 0.030917 0.0165387
1 0.72748 0.376324 0.0184897 0.0313318 0.0164307
6 0.685825 0.271493 0.0110892 0.012318 0.0163481
4 0.522084 0.346168 0.0304284 0.0174939 0.0163356
6 0.488718 0.388596 0.0263573 0.0504712 0.0162675
4 0.398894 0.330039 0.0126263 0.0187578 0.0161765
0 0.350183 0.45454 0.012158 0.0174842 0.0161424
1 0.846 0.366226 0.0156337 0.0178553 0.0160206
4 0.823545 0.300368 0.0118614 0.0127379 0.0159987
4 0.8819 0.392333 0.0135637 0.0136586 0.0158467
6 0.130038 0.334199 0.0226241 0.0156352 0.0158449
6 0.838076 0.337402 0.0116746 0.0179404 0.0155345
6 0.81552 0.269568 0.00918054 0.0119691 0.0155
