0 0.961059 0.725916 0.0750599 0.545064 0.924418
0 0.839797 0.620634 0.0643021 0.271209 0.888178
0 0.91459 0.57859 0.0419485 0.20308 0.868131
0 0.746849 0.611573 0.0692105 0.306576 0.860774
0 0.698287 0.610117 0.0573 0.284368 0.843209
0 0.787674 0.568501 0.0386084 0.218921 0.789609
0 0.865799 0.576596 0.0363956 0.221583 0.630804
0 0.897916 0.567979 0.0298499 0.184984 0.618811
0 0.6713 0.597993 0.0316578 0.252118 0.574599
2 0.762334 0.325486 0.0223957 0.0190227 0.484921
2 0.743587 0.320035 0.0223772 0.0238928 0.330674
2 0.1946 0.251306 0.0196981 0.0282131 0.272217
0 0.887861 0.581366 0.0287084 0.19478 0.251985
2 0.742988 0.313899 0.0238421 0.0241457 0.237262
30 0.802849 0.227157 0.0301577 0.0679048 0.233021
9 0.835066 0.569664 0.0388081 0.0879548 0.211126
9 0.666778 0.554915 0.0205236 0.0754564 0.20633
11 0.835066 0.569664 0.0388081 0.0879548 0.197125
0 0.869274 0.594861 0.0246833 0.199074 0.169259
2 0.765643 0.413675 0.0080647 0.00944406 0.152056
0 0.879048 0.586023 0.041048 0.189537 0.149437
2 0.199273 0.252691 0.0234958 0.025495 0.136406
2 0.743338 0.416019 0.0086026 0.0123088 0.120276
2 0.480785 0.298805 0.028081 0.0306741 0.117706
2 0.764688 0.343057 0.013155 0.00945152 0.111187
2 0.729661 0.41602 0.0139534 0.0119237 0.107422
0 0.681127 0.603478 0.0455109 0.264057 0.105665
9 0.688 0.548267 0.0306256 0.0879925 0.096765
2 0.474896 0.298864 0.0174322 0.0267718 0.0925021
9 0.68182 0.546498 0.0274356 0.0788274 0.0822962
0 0.785223 0.583532 0.0263232 0.191738 0.0801204
2 0.5173 0.331467 0.0173158 0.0253055 0.0734541
9 0.826214 0.568268 0.0314647 0.0838089 0.0726755
9 0.921845 0.539778 0.0270427 0.0610286 0.0686349
9 0.805066 0.575521 0.0144865 0.074876 0.0671093
2 0.757999 0.415681 0.0186655 0.0135918 0.0659994
0 0.898228 0.532548 0.0261403 0.109664 0.0628264
0 0.866153 0.540289 0.0312483 0.149408 0.0604206
2 0.508536 0.298843 0.0336993 0.035415 0.0536326
26 0.432014 0.615613 0.0222114 0.0868469 0.0471599
2 0.7707 0.405964 0.00863104 0.0182441 0.0462815
9 0.91683 0.551821 0.038561 0.131192 0.042829
2 0.164779 0.194015 0.0119277 0.0212648 0.0426317
2 0.745271 0.261458 0.0145652 0.0205773 0.0425211
2 0.489595 0.296644 0.0266283 0.0329187 0.0386055
2 0.501511 0.292095 0.0489831 0.0408424 0.0372156
0 0.91683 0.551821 0.038561 0.131192 0.0365179
9 0.86373 0.678021 0.0170471 0.0434351 0.0365138
2 0.735658 0.412622 0.00872339 0.0122401 0.0364158
9 0.919609 0.533114 0.0330988 0.0842414 0.0364015
26 0.483894 0.639639 0.0224527 0.0330113 0.035533
9 0.929155 0.586356 0.0149578 0.0607446 0.0346423
9 0.664059 0.569676 0.0172269 0.0887386 0.0336944
0 0.718124 0.611655 0.036739 0.299428 0.0332239
9 0.804936 0.589109 0.0188141 0.0705527 0.0321713
9 0.842807 0.559568 0.0392688 0.106817 0.0319852
2 0.588021 0.332418 0.0173306 0.0169899 0.0309715
11 0.667888 0.553049 0.0221375 0.0755256 0.0303513
2 0.568928 0.330916 0.0173923 0.0234351 0.030138
2 0.211048 0.23689 0.024347 0.0214731 0.0300364
9 0.817253 0.566787 0.0194288 0.0844662 0.028854
2 0.187186 0.249677 0.0182254 0.0290322 0.026569
2 0.739176 0.406022 0.00989496 0.0165261 0.0259791
2 0.16943 0.207712 0.0100716 0.0237798 0.0255267
2 0.762251 0.340002 0.0157453 0.0133862 0.02349
2 0.310958 0.280937 0.0164737 0.0192413 0.0229256
2 0.810557 0.331693 0.00937872 0.0240628 0.0228899
2 0.581523 0.331961 0.0152335 0.0178594 0.0204937
2 0.516583 0.345927 0.017238 0.0272451 0.0204176
2 0.212352 0.247622 0.016829 0.0188639 0.0197361
2 0.216393 0.231664 0.0205276 0.0201317 0.0193013
2 0.761875 0.414515 0.0146697 0.0146626 0.0189356
9 0.66126 0.591755 0.0116108 0.0437935 0.0188556
2 0.177153 0.234275 0.0104782 0.0193444 0.0188202
9 0.939648 0.589088 0.0308316 0.0783537 0.0181442
2 0.172589 0.22124 0.00967215 0.0210919 0.0177441
9 0.86141 0.67012 0.0165534 0.0598699 0.0174814
2 0.201315 0.258153 0.021795 0.0289154 0.0169034
11 0.68182 0.546498 0.0274356 0.0788274 0.0164156
2 0.230886 0.228791 0.0160658 0.0265938 0.0164108
10 0.66126 0.591755 0.0116108 0.0437935 0.0158477
0 0.872978 0.568624 0.0243572 0.11961 0.0155304
30 0.851487 0.433925 0.0151918 0.0110797 0.0152459
1 0.802902 0.226925 0.0307047 0.0666582 0.0145881
2 0.526803 0.32607 0.0279307 0.023492 0.0145325
9 0.897516 0.561433 0.0278331 0.171291 0.0144372
2 0.55696 0.327527 0.017493 0.0192272 0.0139564
2 0.480375 0.291883 0.0290508 0.0196865 0.0137556
9 0.816283 0.585969 0.0154539 0.106464 0.0135934
2 0.484197 0.293298 0.0346941 0.02877 0.0130667
2 0.578485 0.333482 0.0127169 0.0173723 0.0128745
10 0.416928 0.443116 0.00967249 0.0351035 0.0128135
11 0.826214 0.568268 0.0314647 0.0838089 0.0126019
11 0.842807 0.559568 0.0392688 0.106817 0.0123255
17 0.859701 0.48225 0.0200983 0.0349981 0.0122067
9 0.80869 0.618344 0.0136629 0.0315313 0.0109981
9 0.67755 0.560156 0.0219576 0.0780408 0.0107111
10 0.00773471 0.714672 0.0145478 0.0906448 0.0102101
2 0.8079 0.326341 0.0113075 0.016795 0.00999446
10 0.138379 0.743568 0.011179 0.0310913 0.00974472
2 0.744806 0.280255 0.0157833 0.0277533 0.00968839
9 0.679535 0.530001 0.0191241 0.0663485 0.00939882
30 0.569555 0.335685 0.0176419 0.0264142 0.00913843
9 0.852198 0.5687 0.024451 0.100114 0.00902796
10 0.40955 0.444906 0.00848227 0.0309588 0.00871561
10 0.61431 0.387534 0.0138723 0.0248667 0.00830282
0 0.919609 0.533114 0.0330988 0.0842414 0.0083001
2 0.734582 0.406606 0.0103557 0.0174743 0.00815579
2 0.516858 0.352025 0.0155464 0.0198803 0.00794744
10 0.483894 0.639639 0.0224527 0.0330113 0.0079232
2 0.510792 0.289379 0.0301247 0.0343629 0.00782701
2 0.31203 0.271686 0.0183776 0.0133535 0.00774104
2 0.689587 0.437063 0.00781439 0.00880793 0.00754456
2 0.797168 0.308755 0.0111509 0.0123605 0.00735062
9 0.87325 0.580208 0.0330628 0.207482 0.00729518
20 0.926983 0.674653 0.0103798 0.0177748 0.00724474
2 0.799929 0.310311 0.0115135 0.0139382 0.00719659
2 0.511431 0.327709 0.0154054 0.0282797 0.00693544
2 0.494922 0.27105 0.0233611 0.0128322 0.00693525
10 0.926983 0.674653 0.0103798 0.0177748 0.00686197
9 0.94992 0.591826 0.0467753 0.0926704 0.00677581
0 0.814566 0.592928 0.0168058 0.110333 0.00660853
22 0.86373 0.678021 0.0170471 0.0434351 0.00660174
2 0.515508 0.273612 0.0196163 0.0135614 0.00633259
0 0.770284 0.547859 0.0306282 0.165796 0.00631183
2 0.160378 0.187958 0.0178653 0.026442 0.00627964
11 0.921845 0.539778 0.0270427 0.0610286 0.00627146
2 0.73163 0.347369 0.0111482 0.0212099 0.00624775
2 0.494005 0.265547 0.0296621 0.0189921 0.00602089
30 0.516583 0.345927 0.017238 0.0272451 0.00602033
2 0.571955 0.311608 0.0114217 0.0264296 0.00579356
30 0.193162 0.252729 0.0173024 0.0301366 0.00574876
0 0.921845 0.539778 0.0270427 0.0610286 0.00554923
11 0.688 0.548267 0.0306256 0.0879925 0.00549611
30 0.516858 0.352025 0.0155464 0.0198803 0.00536003
2 0.770469 0.383714 0.00758832 0.0137638 0.00535751
10 0.667899 0.570385 0.0209775 0.102099 0.00527792
11 0.664059 0.569676 0.0172269 0.0887386 0.0051791
2 0.54075 0.326162 0.0394974 0.0225296 0.00517321
2 0.797325 0.318472 0.0126346 0.0311617 0.00507867
22 0.995489 0.975064 0.00902216 0.0473675 0.00505698
9 0.94292 0.642371 0.0248641 0.0307491 0.00492092
9 0.803034 0.573816 0.0215466 0.147324 0.00473949
11 0.804733 0.578641 0.0170551 0.0759989 0.00473072
2 0.813666 0.335504 0.00997107 0.0270952 0.00458901
17 0.781621 0.473496 0.0186248 0.0303814 0.00456232
0 0.766904 0.487113 0.0110427 0.0262015 0.00448949
16 0.860633 0.729005 0.0191479 0.0409307 0.00448776
9 0.932974 0.602746 0.0200363 0.0570288 0.00445896
9 0.672902 0.545583 0.0302557 0.0918905 0.00436906
1 0.987098 0.155008 0.023088 0.0631826 0.00425468
2 0.502352 0.272898 0.0362737 0.0128625 0.00423734
0 0.729529 0.61237 0.0463309 0.30208 0.00421662
0 0.760121 0.58076 0.0548293 0.230046 0.00415025
9 0.695655 0.542375 0.0449996 0.113756 0.00411027
37 0.804936 0.589109 0.0188141 0.0705527 0.00406533
10 0.318129 0.439111 0.0135955 0.0364113 0.0039465
2 0.803627 0.226517 0.029494 0.0666881 0.00390025
22 0.00683552 0.71432 0.013671 0.0917477 0.00386307
17 0.864115 0.48956 0.0291104 0.0488646 0.0038012
10 0.86373 0.678021 0.0170471 0.0434351 0.00379993
2 0.181988 0.151468 0.0179052 0.0207887 0.00379512
9 0.866153 0.540289 0.0312483 0.149408 0.00374009
7 0.230088 0.228748 0.0140555 0.0252801 0.00373676
0 0.803034 0.573816 0.0215466 0.147324 0.00365071
0 0.816388 0.56455 0.0181909 0.0892786 0.00352505
7 0.986211 0.176784 0.0245143 0.0996286 0.0034751
2 0.256131 0.234067 0.0192259 0.0157261 0.00339816
0 0.804936 0.589109 0.0188141 0.0705527 0.00338667
11 0.94992 0.591826 0.0467753 0.0926704 0.00334082
2 0.745567 0.429368 0.00935907 0.0160755 0.003327
17 0.840155 0.499593 0.0245013 0.0319531 0.00331218
17 0.834579 0.499475 0.0220098 0.0307997 0.00329446
0 0.828599 0.561202 0.0323271 0.0966965 0.00321805
11 0.939888 0.589361 0.031134 0.0700038 0.00316274
0 0.765155 0.480118 0.0103677 0.032783 0.00312176
2 0.512473 0.336882 0.0165733 0.0210979 0.00312114
9 0.787117 0.569698 0.0352734 0.218691 0.00311565
22 0.96392 0.981668 0.0269177 0.0338372 0.00306723
10 0.688 0.548267 0.0306256 0.0879925 0.00299163
2 0.762547 0.351286 0.0128817 0.0231549 0.00298374
2 0.497525 0.31054 0.0481291 0.0618744 0.00298289
2 0.528416 0.334143 0.0164479 0.0211416 0.00293166
20 0.968893 0.633094 0.0255779 0.0292514 0.00292931
10 0.968893 0.633094 0.0255779 0.0292514 0.00292437
2 0.311206 0.297488 0.0148641 0.0188741 0.00291308
2 0.743628 0.305704 0.0191403 0.0282599 0.00290726
0 0.831218 0.507111 0.0196548 0.0412816 0.00281623
10 0.80869 0.618344 0.0136629 0.0315313 0.00278026
4 0.905782 0.430337 0.0295151 0.0134787 0.00274655
10 0.413184 0.432977 0.0112903 0.0557015 0.00271526
2 0.330179 0.260671 0.0169551 0.0150797 0.00268299
0 0.858616 0.693216 0.022405 0.110988 0.00267511
9 0.861103 0.645354 0.0137992 0.0487143 0.00265465
0 0.666322 0.612722 0.0224126 0.211695 0.00263796
9 0.864122 0.596807 0.0202855 0.203503 0.00261348
10 0.94292 0.642371 0.0248641 0.0307491 0.00260428
0 0.722559 0.595567 0.0257747 0.0789571 0.00258248
2 0.523316 0.314123 0.0227882 0.0209115 0.00252467
10 0.602183 0.389952 0.00798236 0.0192625 0.00252316
30 0.569582 0.349036 0.0176801 0.0244888 0.00249755
30 0.517259 0.328238 0.0151295 0.0231139 0.00248421
0 0.775664 0.572559 0.0217047 0.202643 0.00244184
2 0.478791 0.308597 0.0212227 0.0398042 0.00244072
18 0.804936 0.589109 0.0188141 0.0705527 0.0023697
2 0.892115 0.0359802 0.0116941 0.0213985 0.00236259
9 0.815857 0.605321 0.019798 0.119622 0.00234834
4 0.941141 0.4294 0.0198716 0.0142944 0.00231319
10 0.410889 0.42853 0.0103294 0.0649087 0.00231053
11 0.816283 0.585969 0.0154539 0.106464 0.00218343
2 0.254592 0.243313 0.0153856 0.0122974 0.00216717
4 0.913736 0.578298 0.0440435 0.208067 0.0021398
30 0.19462 0.310505 0.0142693 0.01935 0.00213471
2 0.200452 0.239573 0.036917 0.0246434 0.00209621
2 0.734575 0.354284 0.0100248 0.0185282 0.00206529
2 0.247776 0.24348 0.0100459 0.0122508 0.00206264
11 0.922019 0.539621 0.0259814 0.100974 0.00206036
9 0.675246 0.605364 0.0300641 0.215768 0.00205316
9 0.951396 0.639586 0.0311644 0.0302813 0.00201887
9 0.872978 0.568624 0.0243572 0.11961 0.00199694
2 0.760528 0.361869 0.012765 0.0323291 0.00198363
10 0.861103 0.645354 0.0137992 0.0487143 0.0019822
2 0.891656 0.0212827 0.0116522 0.0248635 0.00193626
3 0.84398 0.691796 0.0498738 0.127366 0.00190871
10 0.860633 0.729005 0.0191479 0.0409307 0.00190794
30 0.494441 0.296817 0.0524135 0.0407703 0.00189019
2 0.851487 0.433925 0.0151918 0.0110797 0.00188357
2 0.177683 0.162792 0.0216406 0.0384335 0.00187101
2 0.405428 0.280966 0.00797748 0.0122273 0.00186796
26 0.314096 0.583205 0.018385 0.182446 0.00185635
0 0.860858 0.617779 0.0120706 0.0424993 0.00183977
2 0.753516 0.354969 0.0142964 0.020765 0.00181391
11 0.67755 0.560156 0.0219576 0.0780408 0.00180112
0 0.764751 0.62447 0.044698 0.223452 0.00178829
2 0.731457 0.0148326 0.00821582 0.0183806 0.0017711
10 0.410513 0.407513 0.00954596 0.0279298 0.00176129
0 0.819478 0.571576 0.0206105 0.140277 0.00175908
10 0.944317 0.652313 0.0277954 0.0251565 0.00173569
2 0.941141 0.4294 0.0198716 0.0142944 0.00172935
10 0.432435 0.448307 0.00877905 0.023644 0.00170973
11 0.979735 0.623106 0.0342195 0.0257971 0.00169176
2 0.493267 0.321414 0.0130772 0.0335888 0.00166694
30 0.588021 0.332418 0.0173306 0.0169899 0.00166233
11 0.972291 0.626161 0.0292186 0.0300702 0.00165317
10 0.814566 0.592928 0.0168058 0.110333 0.0016483
3 0.835066 0.569664 0.0388081 0.0879548 0.00163847
9 0.860858 0.617779 0.0120706 0.0424993 0.00162657
10 0.995828 0.979159 0.00834387 0.0388615 0.00162519
10 0.407893 0.44109 0.00573843 0.0383444 0.00161464
2 0.798495 0.327276 0.0131879 0.0378028 0.00161342
22 0.862172 0.67112 0.0175855 0.0634881 0.00160389
18 0.484226 0.639065 0.022466 0.0349443 0.00158786
3 0.86373 0.678021 0.0170471 0.0434351 0.00157593
2 0.362633 0.221667 0.00998856 0.0133912 0.00155732
4 0.936716 0.429058 0.0176879 0.0150993 0.00150932
18 0.80869 0.618344 0.0136629 0.0315313 0.00150635
2 0.430798 0.26251 0.0210271 0.0142795 0.00150476
2 0.762944 0.267096 0.010585 0.015207 0.00148208
9 0.858616 0.693216 0.022405 0.110988 0.00146417
20 0.979735 0.623106 0.0342195 0.0257971 0.00145702
17 0.671458 0.601938 0.0263437 0.234859 0.00145035
4 0.950147 0.43105 0.0371272 0.0150775 0.0014439
9 0.889856 0.582007 0.0256279 0.196527 0.00143374
3 0.666778 0.554915 0.0205236 0.0754564 0.00143289
37 0.66126 0.591755 0.0116108 0.0437935 0.00142617
30 0.762334 0.325486 0.0223957 0.0190227 0.00141487
9 0.8327 0.548231 0.036615 0.0522681 0.00137643
11 0.817253 0.566787 0.0194288 0.0844662 0.0013614
2 0.229067 0.223764 0.0136038 0.0262136 0.0013309
10 0.860858 0.617779 0.0120706 0.0424993 0.00133072
0 0.714501 0.585335 0.0612361 0.256943 0.00132301
2 0.93134 0.380985 0.00613574 0.0141477 0.00132106
0 0.177182 0.383571 0.0225407 0.126939 0.0013068
22 0.80869 0.618344 0.0136629 0.0315313 0.0013066
37 0.80869 0.618344 0.0136629 0.0315313 0.00130337
2 0.576535 0.313909 0.0142271 0.0395865 0.00129825
18 0.348805 0.626404 0.0292498 0.0799558 0.00129471
2 0.7921 0.325458 0.0240055 0.0416829 0.00127904
10 0.83556 0.568755 0.0373123 0.0884354 0.00126708
0 0.74567 0.516146 0.0179753 0.0368968 0.00126677
2 0.664035 0.43469 0.0105193 0.0118701 0.0012653
0 0.862172 0.67112 0.0175855 0.0634881 0.00125429
2 0.212915 0.259331 0.0136057 0.0302199 0.00123039
51 0.324763 0.68154 0.0317859 0.022807 0.00122022
17 0.913961 0.580429 0.043977 0.199432 0.0012165
2 0.421506 0.301408 0.00729114 0.0177173 0.00121554
30 0.508536 0.298843 0.0336993 0.035415 0.00120605
10 0.951396 0.639586 0.0311644 0.0302813 0.0011989
11 0.967269 0.585267 0.0381206 0.083952 0.00119218
17 0.745692 0.475869 0.0190754 0.0389947 0.00119216
2 0.556837 0.331497 0.0207109 0.024066 0.00118929
30 0.745271 0.261458 0.0145652 0.0205773 0.00118074
9 0.943491 0.553942 0.0299854 0.0467772 0.00117695
10 0.804936 0.589109 0.0188141 0.0705527 0.00117288
0 0.976358 0.424837 0.00891547 0.0167338 0.00116378
2 0.751357 0.427522 0.0146551 0.0217568 0.0011545
2 0.890675 0.00953602 0.00941815 0.0186107 0.00115393
10 0.591779 0.387081 0.0147244 0.0187155 0.00114963
60 0.193162 0.252729 0.0173024 0.0301366 0.00114038
0 0.745025 0.48215 0.0172977 0.0407577 0.00113988
