4 0.789345 0.738601 0.252217 0.292185 0.945503
4 0.613861 0.73364 0.147513 0.168591 0.920235
4 0.529023 0.712148 0.117713 0.143927 0.889486
4 0.212353 0.679765 0.033911 0.0397463 0.830828
4 0.341314 0.690345 0.0324215 0.0559925 0.820094
4 0.387638 0.700531 0.0439011 0.0570692 0.749299
4 0.307278 0.685642 0.0222174 0.0386654 0.715278
4 0.441737 0.692156 0.0747407 0.111432 0.70678
4 0.29341 0.681326 0.0182149 0.0322097 0.699473
1 0.597445 0.605309 0.0345326 0.0376797 0.601979
4 0.374726 0.693355 0.0573866 0.0639134 0.561365
4 0.323068 0.687393 0.0249392 0.0419285 0.366431
4 0.254577 0.677179 0.0195682 0.0181261 0.319325
6 0.441646 0.692646 0.0726837 0.110885 0.294277
4 0.298229 0.683185 0.0187829 0.0367515 0.277881
4 0.281762 0.677985 0.0104586 0.0200661 0.272966
4 0.378132 0.666239 0.0461456 0.0163254 0.251251
7 0.231546 0.617652 0.00657578 0.0115472 0.178403
4 0.269087 0.67833 0.0111329 0.0188253 0.169288
4 0.486055 0.726258 0.0343554 0.0953315 0.167857
4 0.17955 0.675268 0.0159393 0.0224918 0.16497
1 0.21372 0.646075 0.010521 0.0133199 0.164383
4 0.247584 0.677179 0.0143253 0.0182445 0.148426
4 0.264116 0.677082 0.0110189 0.0185284 0.120449
7 0.681089 0.635823 0.00818951 0.0301292 0.0945864
4 0.316012 0.687097 0.026045 0.0427752 0.0721774
4 0.183414 0.675385 0.0179805 0.0255564 0.0697598
1 0.172084 0.650473 0.00820393 0.0192195 0.0696348
4 0.140313 0.678248 0.010043 0.0179555 0.0570149
1 0.172244 0.655219 0.00906432 0.0149329 0.0559512
7 0.23205 0.612996 0.0074081 0.017598 0.0522545
7 0.682114 0.637874 0.0117076 0.0382432 0.03715
4 0.19657 0.677578 0.0129057 0.0310196 0.0352524
4 0.177111 0.665034 0.011236 0.0190068 0.0335709
7 0.244417 0.617311 0.00773958 0.0133145 0.0333043
4 0.236427 0.675024 0.0113672 0.019005 0.0326204
4 0.482004 0.698085 0.0241557 0.0371907 0.0312306
7 0.00511737 0.455366 0.0102347 0.0316882 0.0299456
7 0.245067 0.610097 0.00791516 0.0140182 0.0284372
7 0.219555 0.622733 0.00423094 0.0136484 0.0277596
7 0.235025 0.626099 0.00722475 0.0213849 0.0275171
2 0.926241 0.393997 0.0100806 0.0137655 0.0231393
7 0.203376 0.624278 0.0109346 0.0151912 0.0228331
4 0.250284 0.67878 0.0115792 0.0251173 0.0227076
8 0.140313 0.678248 0.010043 0.0179555 0.0209255
8 0.269087 0.67833 0.0111329 0.0188253 0.019816
0 0.269087 0.67833 0.0111329 0.0188253 0.0182349
4 0.174653 0.673811 0.0161013 0.0210677 0.0164569
4 0.287317 0.683082 0.0135327 0.0303715 0.0161889
6 0.212721 0.678188 0.0333568 0.0407989 0.0140087
4 0.166943 0.671423 0.0127559 0.0138379 0.0129667
1 0.23203 0.645513 0.00718391 0.011354 0.0118676
4 0.234043 0.668709 0.01281 0.0276328 0.0117328
4 0.146975 0.678995 0.0137204 0.0246222 0.0103078
4 0.410451 0.665569 0.0182561 0.0181445 0.0100269
0 0.281762 0.677985 0.0104586 0.0200661 0.0100208
4 0.0259685 0.677155 0.0219136 0.0251362 0.0100197
2 0.33145 0.562908 0.00924155 0.012875 0.00995741
2 0.935656 0.406652 0.00691864 0.00970784 0.00970286
4 0.226659 0.674068 0.0131246 0.0252394 0.00954463
12 0.597261 0.60504 0.0351724 0.0386554 0.00948852
4 0.19014 0.671899 0.01414 0.030658 0.00940332
4 0.328624 0.674896 0.0210632 0.0335871 0.00885085
1 0.235025 0.626099 0.00722475 0.0213849 0.00868339
2 0.922641 0.394426 0.0101968 0.0121018 0.00814332
6 0.234043 0.668709 0.01281 0.0276328 0.00785529
1 0.176158 0.650223 0.0103614 0.0191547 0.00756935
2 0.940778 0.402982 0.00815662 0.0121711 0.0074092
1 0.186217 0.631042 0.00868579 0.0124 0.00739532
7 0.221554 0.613903 0.00703896 0.0196536 0.00726042
7 0.194079 0.62396 0.0100309 0.0129549 0.00702043
7 0.23203 0.645513 0.00718391 0.011354 0.00697588
4 0.172244 0.655219 0.00906432 0.0149329 0.0067983
4 0.482849 0.68345 0.0160224 0.0230833 0.00646664
4 0.258064 0.671711 0.01617 0.0228257 0.00634558
6 0.328624 0.674896 0.0210632 0.0335871 0.00621342
1 0.211107 0.634181 0.00837245 0.0103979 0.00620741
1 0.177111 0.665034 0.011236 0.0190068 0.00587109
2 0.95238 0.380314 0.00785364 0.0108935 0.00585432
4 0.414686 0.696008 0.0201599 0.0814026 0.00582738
4 0.543401 0.679209 0.0856323 0.0765058 0.00568051
6 0.258064 0.671711 0.01617 0.0228257 0.00562615
6 0.247584 0.677179 0.0143253 0.0182445 0.0055232
2 0.927366 0.414755 0.00999603 0.00812395 0.00540682
4 0.587728 0.659018 0.0125681 0.0195671 0.00523479
1 0.165207 0.634958 0.00831957 0.0137182 0.00495825
8 0.281762 0.677985 0.0104586 0.0200661 0.00495657
4 0.5346 0.658034 0.0755545 0.0394672 0.00493756
0 0.269767 0.670562 0.00919812 0.0204198 0.00491798
4 0.245715 0.671019 0.0116088 0.0217293 0.00488032
5 0.29341 0.681326 0.0182149 0.0322097 0.00484559
6 0.254577 0.677179 0.0195682 0.0181261 0.00472378
2 0.894889 0.338803 0.0084245 0.0177813 0.00454212
7 0.211107 0.634181 0.00837245 0.0103979 0.00448026
0 0.264116 0.677082 0.0110189 0.0185284 0.00429567
4 0.577719 0.65835 0.023292 0.0263375 0.00428392
7 0.172084 0.650473 0.00820393 0.0192195 0.00420272
4 0.127605 0.678711 0.0175619 0.0277418 0.00419561
6 0.245715 0.671019 0.0116088 0.0217293 0.00375652
2 0.951803 0.401168 0.00966943 0.0122435 0.00375448
4 0.41531 0.664435 0.0165372 0.0211939 0.00369779
0 0.485706 0.726755 0.0341589 0.0958395 0.00368914
4 0.141584 0.670598 0.0100157 0.0208077 0.00361519
2 0.892038 0.335482 0.0123381 0.0183484 0.00355937
7 0.178181 0.628761 0.00738509 0.0122894 0.00351548
4 0.295996 0.674453 0.01916 0.0281734 0.00331221
1 0.203376 0.624278 0.0109346 0.0151912 0.0032805
2 0.959735 0.402151 0.00701123 0.0137436 0.00326497
0 0.140153 0.676532 0.00891171 0.0178471 0.00323497
7 0.899661 0.334863 0.0123667 0.0275511 0.00319437
4 0.269767 0.670562 0.00919812 0.0204198 0.00316454
1 0.219555 0.622733 0.00423094 0.0136484 0.00314923
6 0.29341 0.681326 0.0182149 0.0322097 0.00314695
2 0.96993 0.381598 0.00609857 0.0118282 0.00312967
6 0.264116 0.677082 0.0110189 0.0185284 0.00312175
7 0.172244 0.655219 0.00906432 0.0149329 0.00303986
7 0.17955 0.675268 0.0159393 0.0224918 0.0029624
0 0.41531 0.664435 0.0165372 0.0211939 0.00296145
2 0.903791 0.39971 0.00710059 0.0109756 0.00294591
1 0.596949 0.568618 0.0182692 0.0309131 0.0029379
2 0.939854 0.411407 0.0085647 0.0116357 0.00293688
6 0.947025 0.585211 0.104061 0.348871 0.00292649
0 0.502633 0.673359 0.0106452 0.0150415 0.00287402
4 0.00787563 0.674562 0.014716 0.0289482 0.00284481
2 0.976586 0.38234 0.00938251 0.0126663 0.002836
8 0.264116 0.677082 0.0110189 0.0185284 0.00279669
0 0.790019 0.739321 0.250529 0.292771 0.00277379
4 0.150714 0.675578 0.0155323 0.0212228 0.00276688
22 0.140313 0.678248 0.010043 0.0179555 0.00274634
1 0.172859 0.630904 0.00993105 0.0162974 0.00268012
6 0.269767 0.670562 0.00919812 0.0204198 0.00262353
8 0.247584 0.677179 0.0143253 0.0182445 0.00261091
4 0.488752 0.681813 0.0154906 0.0156016 0.00259783
4 0.566034 0.710361 0.0491741 0.125889 0.00258771
0 0.566263 0.719091 0.0507326 0.14314 0.00256171
8 0.272519 0.684384 0.0106512 0.0272325 0.00249594
6 0.448652 0.660001 0.0564769 0.0463833 0.0024702
6 0.19014 0.671899 0.01414 0.030658 0.00243587
1 0.596922 0.584639 0.0264261 0.0589221 0.00241937
8 0.287317 0.683082 0.0135327 0.0303715 0.0023782
0 0.177111 0.665034 0.011236 0.0190068 0.0023602
7 0.176158 0.650223 0.0103614 0.0191547 0.00231656
6 0.324037 0.679968 0.0274697 0.0396788 0.00228355
6 0.183414 0.675385 0.0179805 0.0255564 0.00220479
8 0.17955 0.675268 0.0159393 0.0224918 0.00218386
0 0.247584 0.677179 0.0143253 0.0182445 0.00217836
4 0.502633 0.673359 0.0106452 0.0150415 0.00217578
1 0.192593 0.652935 0.0142584 0.0260531 0.00216172
4 0.303524 0.679779 0.0242592 0.039193 0.00215891
2 0.991485 0.395975 0.0123964 0.0133364 0.00215822
6 0.177111 0.665034 0.011236 0.0190068 0.00215475
12 0.945247 0.581511 0.107524 0.361183 0.00210113
12 0.606317 0.640773 0.0228743 0.0226104 0.00208894
4 0.500475 0.730146 0.0623005 0.104293 0.00200905
4 0.474254 0.703678 0.0162316 0.047586 0.00198962
7 0.240986 0.603524 0.0121064 0.0226385 0.00197334
6 0.17955 0.675268 0.0159393 0.0224918 0.00188895
2 0.92918 0.386698 0.00676166 0.0146481 0.00188778
6 0.236427 0.675024 0.0113672 0.019005 0.00188163
4 0.0212771 0.670063 0.028961 0.032035 0.00183844
2 0.945406 0.384146 0.00674542 0.0122087 0.0018194
0 0.19014 0.671899 0.01414 0.030658 0.00181454
6 0.295996 0.674453 0.01916 0.0281734 0.00180664
7 0.687393 0.635083 0.0154924 0.035277 0.00179484
7 0.186217 0.631042 0.00868579 0.0124 0.00179323
0 0.577496 0.669457 0.0257964 0.0341563 0.00175616
0 0.415086 0.692041 0.0198143 0.0718928 0.0017336
4 0.283434 0.67118 0.0102209 0.0216476 0.00169408
4 0.512371 0.644298 0.0169088 0.011607 0.00169292
5 0.441839 0.692367 0.0731561 0.11052 0.0016858
0 0.728983 0.658448 0.0117337 0.0260293 0.00165274
6 0.172244 0.655219 0.00906432 0.0149329 0.00164129
4 0.0215309 0.685401 0.0305106 0.0424966 0.00163911
7 0.172859 0.630904 0.00993105 0.0162974 0.00161067
1 0.682114 0.637874 0.0117076 0.0382432 0.0016101
1 0.161362 0.646435 0.0117664 0.0163973 0.00159635
7 0.21372 0.646075 0.010521 0.0133199 0.00157186
6 0.536337 0.655504 0.0750638 0.0346085 0.0015379
5 0.269087 0.67833 0.0111329 0.0188253 0.00152243
4 0.47078 0.71359 0.0195212 0.0640269 0.00151601
4 0.600625 0.660493 0.0286028 0.0231713 0.00150127
2 0.976354 0.479559 0.0101591 0.0163817 0.00149829
7 0.900739 0.323946 0.0115582 0.0146556 0.00148473
1 0.178181 0.628761 0.00738509 0.0122894 0.00148141
6 0.463492 0.681455 0.0357966 0.0793801 0.00147229
7 0.894889 0.338803 0.0084245 0.0177813 0.00147008
1 0.417789 0.60655 0.0201959 0.06743 0.00146575
2 0.319732 0.544647 0.00694064 0.0113881 0.00144083
4 0.0165203 0.675806 0.0292829 0.0376357 0.00142971
6 0.340648 0.688739 0.0329845 0.0582212 0.0014219
0 0.17955 0.675268 0.0159393 0.0224918 0.00141934
2 0.922408 0.419265 0.0119681 0.0115475 0.00138716
0 0.410451 0.665569 0.0182561 0.0181445 0.00138242
4 0.578706 0.649284 0.0184186 0.0158437 0.00135116
42 0.510371 0.644777 0.0202004 0.0132216 0.0013497
2 0.790139 0.739005 0.25069 0.291123 0.00133113
7 0.177111 0.665034 0.011236 0.0190068 0.00132901
0 0.19657 0.677578 0.0129057 0.0310196 0.00132517
0 0.298229 0.683185 0.0187829 0.0367515 0.00130333
7 0.165207 0.634958 0.00831957 0.0137182 0.00128333
4 0.503529 0.660831 0.0124852 0.0334084 0.00126801
6 0.283434 0.67118 0.0102209 0.0216476 0.00126518
2 0.900739 0.323946 0.0115582 0.0146556 0.00124494
15 0.172244 0.655219 0.00906432 0.0149329 0.00122349
4 0.577496 0.669457 0.0257964 0.0341563 0.00121449
0 0.482849 0.68345 0.0160224 0.0230833 0.00120122
0 0.29341 0.681326 0.0182149 0.0322097 0.00120045
2 0.977767 0.395191 0.00938629 0.0140535 0.00118297
6 0.269087 0.67833 0.0111329 0.0188253 0.00116719
4 0.124981 0.667476 0.018199 0.0283729 0.00116636
8 0.174653 0.673811 0.0161013 0.0210677 0.00114669
2 0.964171 0.394141 0.00866718 0.0112501 0.00114651
1 0.194079 0.62396 0.0100309 0.0129549 0.0011412
4 0.0060065 0.658106 0.0114207 0.0164395 0.00113391
13 0.512371 0.644298 0.0169088 0.011607 0.00112841
5 0.281762 0.677985 0.0104586 0.0200661 0.00110379
7 0.153849 0.608509 0.0088876 0.0109643 0.00110048
1 0.949773 0.388691 0.00990875 0.0075685 0.00108603
1 0.140313 0.678248 0.010043 0.0179555 0.00108406
2 0.952786 0.409215 0.0084881 0.015638 0.00108223
0 0.236427 0.675024 0.0113672 0.019005 0.00108031
7 0.67104 0.644951 0.0136589 0.0232601 0.0010749
4 0.272519 0.684384 0.0106512 0.0272325 0.00106128
2 0.907147 0.411439 0.00750208 0.0166736 0.00106029
4 0.542517 0.651312 0.0886035 0.0305307 0.00104915
4 0.59142 0.648192 0.0144849 0.0156073 0.00103972
6 0.503529 0.660831 0.0124852 0.0334084 0.00103687
8 0.236427 0.675024 0.0113672 0.019005 0.00103604
6 0.19657 0.677578 0.0129057 0.0310196 0.00102726
4 0.158419 0.665 0.00854097 0.0144326 0.00101554
4 0.128936 0.66937 0.0168421 0.027973 0.00100491
0 0.488752 0.681813 0.0154906 0.0156016 0.00100282
0 0.183414 0.675385 0.0179805 0.0255564 0.00100201
