4 0.129022 0.688699 0.158822 0.18038 0.937075
0 0.675747 0.721863 0.0891241 0.367029 0.933623
4 0.0184624 0.673203 0.0369249 0.114918 0.896924
25 0.822221 0.627452 0.129641 0.186434 0.85181
0 0.42498 0.670127 0.0299254 0.117699 0.818553
4 0.0376653 0.654744 0.063132 0.09232 0.807779
0 0.877036 0.672647 0.0454299 0.136031 0.798162
0 0.584232 0.659385 0.0269715 0.105656 0.787999
7 0.0627921 0.488125 0.00964343 0.0357607 0.720446
0 0.239014 0.656966 0.024439 0.0886765 0.714973
7 0.0366009 0.486543 0.0155653 0.0148875 0.702196
7 0.485517 0.514229 0.0198615 0.0734626 0.682631
42 0.350251 0.613778 0.0384553 0.031933 0.612463
0 0.262312 0.644517 0.0202869 0.0835816 0.593667
0 0.348519 0.670638 0.0291405 0.11084 0.577287
0 0.323361 0.66415 0.0257164 0.104771 0.551247
42 0.314722 0.612873 0.0375591 0.017914 0.520835
42 0.423209 0.612806 0.0434452 0.0208207 0.487773
0 0.306313 0.660771 0.0191319 0.0815124 0.421605
0 0.216112 0.658745 0.0150373 0.0506033 0.376251
0 0.204771 0.655446 0.0150936 0.0404685 0.324243
42 0.416472 0.616696 0.0285276 0.0201216 0.319375
7 0.00597848 0.489375 0.0107313 0.0458755 0.317824
7 0.31308 0.560549 0.0118736 0.042091 0.308755
0 0.310893 0.661335 0.0175885 0.0911003 0.308025
0 0.299906 0.657464 0.0242141 0.0756466 0.253548
0 0.331714 0.666451 0.0240439 0.106286 0.22612
7 0.313201 0.550726 0.0136008 0.0615515 0.224884
42 0.318214 0.617942 0.0332897 0.0250047 0.2185
42 0.42246 0.604685 0.0428609 0.0270795 0.204592
1 0.00574122 0.489563 0.0103289 0.0446261 0.2009
8 0.238244 0.67131 0.0250095 0.0645186 0.168025
0 0.296153 0.657144 0.01725 0.0625313 0.136224
1 0.383172 0.581137 0.0099747 0.0350441 0.134888
4 0.199519 0.638807 0.0209352 0.0312287 0.133424
11 0.676533 0.657566 0.0595068 0.132675 0.126831
15 0.197729 0.628378 0.0215576 0.0207222 0.12653
4 0.198722 0.631418 0.0224973 0.0267971 0.125046
8 0.214867 0.66103 0.015111 0.0487578 0.105988
4 0.203466 0.64728 0.0145797 0.0245449 0.10381
4 0.217494 0.630479 0.0185754 0.020151 0.103264
13 0.58142 0.613808 0.0181771 0.020414 0.0853638
0 0.887908 0.67452 0.0222343 0.119148 0.0807168
8 0.209605 0.661819 0.0104471 0.0494513 0.0760483
0 0.203466 0.64728 0.0145797 0.0245449 0.0712531
17 0.58142 0.613808 0.0181771 0.020414 0.0677467
8 0.291992 0.657869 0.0285811 0.060791 0.0607967
0 0.209605 0.661819 0.0104471 0.0494513 0.058849
7 0.383172 0.581137 0.0099747 0.0350441 0.0586508
9 0.635817 0.672996 0.0221514 0.140109 0.0570084
0 0.310372 0.632093 0.0217908 0.0391365 0.0531191
7 0.296624 0.492583 0.013067 0.0771117 0.0528598
0 0.419798 0.641034 0.0295357 0.0672512 0.0492322
3 0.216679 0.66249 0.0158283 0.0529099 0.0488961
1 0.00694819 0.504582 0.0121753 0.0721563 0.0468872
4 0.200721 0.649129 0.0190511 0.0465056 0.0461334
9 0.677838 0.671777 0.0651553 0.171422 0.0450402
0 0.285309 0.663765 0.0212149 0.0496299 0.0447136
42 0.217494 0.630479 0.0185754 0.020151 0.0446752
3 0.394663 0.68439 0.0431696 0.0519025 0.0437958
8 0.24554 0.664757 0.0183318 0.0575599 0.0431588
4 0.067277 0.635586 0.0104995 0.022363 0.0429642
11 0.582922 0.616439 0.0230033 0.0212638 0.0418034
0 0.886942 0.650578 0.0168538 0.0667347 0.0402429
8 0.349936 0.669067 0.0321387 0.102629 0.0398636
42 0.345788 0.620558 0.0365551 0.0342186 0.0385327
3 0.209605 0.661819 0.0104471 0.0494513 0.0358518
8 0.285309 0.663765 0.0212149 0.0496299 0.0346796
4 0.23904 0.657174 0.0247132 0.0891433 0.0341106
9 0.641749 0.668443 0.0280751 0.153435 0.0339305
0 0.426102 0.641417 0.0265471 0.0600823 0.0327267
8 0.303429 0.662754 0.0263611 0.0660532 0.0323784
11 0.426102 0.641417 0.0265471 0.0600823 0.0319484
4 0.584338 0.659909 0.0266763 0.105906 0.0319331
22 0.915027 0.692127 0.0114519 0.0254487 0.0317246
22 0.928829 0.692841 0.0133793 0.0243749 0.0316015
42 0.865611 0.609016 0.0505881 0.0472286 0.0315664
3 0.383447 0.680347 0.0432501 0.0639223 0.0313123
4 0.869075 0.62453 0.0241443 0.019805 0.0311315
4 0.216336 0.654735 0.0202055 0.057989 0.0302982
9 0.886068 0.643976 0.0144177 0.0578888 0.0296785
11 0.647699 0.662671 0.0334044 0.13073 0.0295515
9 0.436763 0.650318 0.0154605 0.0327735 0.0288588
11 0.886068 0.643976 0.0144177 0.0578888 0.0287102
7 0.00588733 0.505882 0.0113462 0.0749478 0.0284271
1 0.153432 0.593868 0.0265016 0.0169166 0.027708
7 0.506358 0.515102 0.0104641 0.044354 0.0273538
3 0.375531 0.676527 0.0316046 0.069307 0.0267823
8 0.204771 0.655446 0.0150936 0.0404685 0.0243993
7 0.310486 0.544184 0.0189658 0.0728587 0.0238069
2 0.314722 0.612873 0.0375591 0.017914 0.0228481
3 0.238244 0.67131 0.0250095 0.0645186 0.0222563
4 0.877603 0.675522 0.0446113 0.137192 0.0218534
4 0.0679521 0.630825 0.0103597 0.020613 0.020747
8 0.373686 0.681422 0.0247306 0.0620357 0.0206603
42 0.198722 0.631418 0.0224973 0.0267971 0.0206458
4 0.872849 0.655012 0.0330203 0.0820092 0.0198492
3 0.53532 0.648343 0.0315137 0.0304947 0.0189656
11 0.584523 0.660178 0.0258607 0.105316 0.0187459
22 0.90892 0.692391 0.0138079 0.0239135 0.0186332
3 0.24554 0.664757 0.0183318 0.0575599 0.0177634
9 0.632101 0.702921 0.0232027 0.0796596 0.0176229
9 0.877603 0.675522 0.0446113 0.137192 0.0172454
0 0.24554 0.664757 0.0183318 0.0575599 0.0167769
42 0.423181 0.59685 0.0440671 0.0242884 0.0166196
4 0.291992 0.657869 0.0285811 0.060791 0.0158925
3 0.285309 0.663765 0.0212149 0.0496299 0.0155879
3 0.303429 0.662754 0.0263611 0.0660532 0.0154828
6 0.197729 0.628378 0.0215576 0.0207222 0.0150311
42 0.310372 0.632093 0.0217908 0.0391365 0.0147823
0 0.350021 0.613424 0.0408926 0.0311468 0.014585
2 0.726944 0.393325 0.0131233 0.0139823 0.0143533
4 0.853247 0.640152 0.0579305 0.0953812 0.0139681
8 0.478286 0.650687 0.0153325 0.0231186 0.0139047
2 0.165429 0.533966 0.00667001 0.0115392 0.0136224
0 0.216249 0.634405 0.0201705 0.0273674 0.0134515
4 0.021834 0.65602 0.0334458 0.0802451 0.0131754
1 0.00598181 0.536484 0.0118906 0.0256454 0.0131518
25 0.198722 0.631418 0.0224973 0.0267971 0.0127277
9 0.398871 0.688068 0.0338561 0.0434513 0.0125453
4 0.200343 0.620676 0.0165495 0.019553 0.0122082
17 0.314722 0.612873 0.0375591 0.017914 0.0121297
11 0.872849 0.655012 0.0330203 0.0820092 0.0120939
4 0.0628958 0.642782 0.0186769 0.0485126 0.0120465
22 0.922776 0.68972 0.0127819 0.0303147 0.011711
7 0.313366 0.577894 0.0111894 0.0165141 0.0114691
8 0.8771 0.670001 0.0461126 0.140423 0.0110629
4 0.315337 0.616014 0.0381791 0.0247497 0.0110066
3 0.350822 0.666511 0.0347955 0.0818166 0.0107432
17 0.584115 0.66013 0.026078 0.104932 0.0104952
22 0.963605 0.692224 0.0122086 0.0323222 0.0103472
0 0.318214 0.617942 0.0332897 0.0250047 0.010321
4 0.348584 0.670579 0.0284787 0.112015 0.0102336
4 0.262545 0.644561 0.0210172 0.0833948 0.010086
8 0.297775 0.657354 0.0187046 0.0647703 0.00978304
42 0.426102 0.641417 0.0265471 0.0600823 0.00970261
4 0.304111 0.617097 0.021892 0.0206918 0.00957898
4 0.285309 0.663765 0.0212149 0.0496299 0.00937968
7 0.298737 0.507251 0.0170468 0.119495 0.00911616
0 0.200721 0.649129 0.0190511 0.0465056 0.00886379
9 0.630549 0.640248 0.0110461 0.0394398 0.00878489
2 0.304445 0.439125 0.0081785 0.0104562 0.00860544
8 0.384186 0.674541 0.045547 0.0750544 0.00852403
42 0.822241 0.626491 0.129744 0.185676 0.00851713
4 0.204771 0.655446 0.0150936 0.0404685 0.00834648
8 0.361967 0.674088 0.0342079 0.0793494 0.00834185
9 0.40379 0.681945 0.0364749 0.0560537 0.00827313
11 0.630549 0.640248 0.0110461 0.0394398 0.00795539
8 0.223338 0.672234 0.0201175 0.0549779 0.00793012
0 0.582922 0.616439 0.0230033 0.0212638 0.00792517
4 0.247538 0.624547 0.0183391 0.031015 0.00783484
9 0.426102 0.641417 0.0265471 0.0600823 0.00777152
11 0.286644 0.657939 0.0221483 0.0525348 0.00773132
4 0.00746098 0.630542 0.0147547 0.0313834 0.00767733
5 0.216249 0.634405 0.0201705 0.0273674 0.00767463
1 0.0363219 0.48608 0.0169009 0.0148221 0.00755747
0 0.291992 0.657869 0.0285811 0.060791 0.00737261
4 0.576999 0.633368 0.0214797 0.0333282 0.00720098
7 0.507613 0.513503 0.0148687 0.0532326 0.00717256
4 0.214867 0.66103 0.015111 0.0487578 0.00716405
9 0.373686 0.681422 0.0247306 0.0620357 0.0069862
3 0.528877 0.649571 0.0242241 0.0306585 0.00682063
6 0.0386865 0.654412 0.0641422 0.091802 0.00671417
42 0.58142 0.613808 0.0181771 0.020414 0.00667975
5 0.216336 0.654735 0.0202055 0.057989 0.006551
12 0.197729 0.628378 0.0215576 0.0207222 0.00649928
11 0.635817 0.672996 0.0221514 0.140109 0.00642469
0 0.196269 0.631089 0.0210067 0.030529 0.0064217
11 0.641749 0.668443 0.0280751 0.153435 0.00633104
0 0.373493 0.675969 0.0290089 0.0718019 0.00629722
0 0.30084 0.625028 0.0200454 0.0260813 0.00628714
1 0.194752 0.612596 0.0125877 0.0175607 0.0062695
11 0.436763 0.650318 0.0154605 0.0327735 0.00625842
4 0.523089 0.649388 0.0322137 0.0308589 0.00621489
42 0.30084 0.625028 0.0200454 0.0260813 0.00621461
8 0.528877 0.649571 0.0242241 0.0306585 0.00617752
9 0.685433 0.686872 0.044603 0.154123 0.00616165
17 0.262888 0.642141 0.0152223 0.0824266 0.00607292
4 0.297775 0.657354 0.0187046 0.0647703 0.00601624
9 0.582922 0.616439 0.0230033 0.0212638 0.00590348
0 0.304111 0.617097 0.021892 0.0206918 0.00583973
0 0.351574 0.616391 0.0292794 0.0296405 0.00580945
2 0.745093 0.491344 0.00695349 0.0134968 0.00579227
4 0.354449 0.639079 0.0341581 0.0489968 0.00566645
1 0.297517 0.483875 0.013925 0.0757682 0.00565294
3 0.478286 0.650687 0.0153325 0.0231186 0.00564046
8 0.319715 0.662426 0.0280333 0.0961519 0.0055628
11 0.877603 0.675522 0.0446113 0.137192 0.00553693
10 0.630549 0.640248 0.0110461 0.0394398 0.00547445
8 0.200721 0.649129 0.0190511 0.0465056 0.00545984
8 0.202365 0.665987 0.022281 0.0675315 0.00536879
0 0.315017 0.613669 0.0371362 0.0221387 0.00527687
0 0.247538 0.624547 0.0183391 0.031015 0.00527282
3 0.291992 0.657869 0.0285811 0.060791 0.00524462
17 0.425056 0.670235 0.0298798 0.11604 0.00523129
4 0.534546 0.649761 0.0319965 0.0316544 0.00522523
22 0.061731 0.488172 0.0111056 0.0340562 0.00514433
42 0.855056 0.597139 0.0662959 0.0585579 0.00509214
14 0.528877 0.649571 0.0242241 0.0306585 0.00504955
8 0.203466 0.64728 0.0145797 0.0245449 0.00501911
1 0.00647782 0.611209 0.0120183 0.0145061 0.00489915
6 0.217494 0.630479 0.0185754 0.020151 0.00488939
3 0.297775 0.657354 0.0187046 0.0647703 0.00485416
7 0.310636 0.5925 0.0119399 0.0241356 0.00477688
7 0.298721 0.534455 0.0177578 0.081114 0.00473456
13 0.229352 0.613125 0.010745 0.0179189 0.004711
42 0.229352 0.613125 0.010745 0.0179189 0.00469246
11 0.296153 0.657144 0.01725 0.0625313 0.00466975
19 0.494982 0.0625661 0.969787 0.125132 0.00461549
42 0.216336 0.654735 0.0202055 0.057989 0.00460656
9 0.872849 0.655012 0.0330203 0.0820092 0.00460623
3 0.202365 0.665987 0.022281 0.0675315 0.00457567
8 0.53532 0.648343 0.0315137 0.0304947 0.00453323
0 0.199519 0.638807 0.0209352 0.0312287 0.00447004
4 0.989747 0.649411 0.0176802 0.0163979 0.00442675
2 0.319266 0.434604 0.00641571 0.0091773 0.00441305
2 0.72855 0.387544 0.0136567 0.0167239 0.0044018
11 0.345902 0.669017 0.0269802 0.105061 0.00438617
0 0.0679521 0.630825 0.0103597 0.020613 0.00436205
11 0.323292 0.664193 0.0259297 0.106814 0.00434549
22 0.0366009 0.486543 0.0155653 0.0148875 0.00432478
1 0.42246 0.604685 0.0428609 0.0270795 0.00432235
42 0.345902 0.669017 0.0269802 0.105061 0.00426921
4 0.153446 0.596661 0.0268575 0.01531 0.00423807
2 0.297775 0.657354 0.0187046 0.0647703 0.00422465
2 0.304265 0.659351 0.0211404 0.0860516 0.00416406
42 0.869075 0.62453 0.0241443 0.019805 0.00414496
13 0.314722 0.612873 0.0375591 0.017914 0.00412641
13 0.262888 0.642141 0.0152223 0.0824266 0.00407503
4 0.351574 0.616391 0.0292794 0.0296405 0.00406181
4 0.361967 0.674088 0.0342079 0.0793494 0.0040516
11 0.657848 0.672069 0.0520781 0.147372 0.00404369
11 0.634579 0.635516 0.0117104 0.0553038 0.00399921
17 0.323491 0.66362 0.0265575 0.105276 0.00398041
8 0.331714 0.666451 0.0240439 0.106286 0.00397781
5 0.214867 0.66103 0.015111 0.0487578 0.00392565
9 0.689109 0.718569 0.0409812 0.0802824 0.00391073
25 0.314722 0.612873 0.0375591 0.017914 0.00383885
0 0.345788 0.620558 0.0365551 0.0342186 0.00383122
17 0.296153 0.657144 0.01725 0.0625313 0.00378447
0 0.361967 0.674088 0.0342079 0.0793494 0.00377619
1 0.229352 0.613125 0.010745 0.0179189 0.00377107
0 0.067277 0.635586 0.0104995 0.022363 0.00376452
3 0.527202 0.647249 0.0519111 0.0380612 0.00376399
5 0.822007 0.625316 0.129413 0.185168 0.00373594
10 0.709845 0.733586 0.0137631 0.0342551 0.0036762
42 0.203466 0.64728 0.0145797 0.0245449 0.00361892
1 0.0381564 0.543811 0.0122213 0.0136674 0.00358353
17 0.671797 0.561407 0.0243904 0.0347622 0.00355389
2 0.722796 0.393258 0.0196934 0.0182012 0.00350685
8 0.216336 0.654735 0.0202055 0.057989 0.00346625
42 0.419798 0.641034 0.0295357 0.0672512 0.00340348
8 0.196269 0.631089 0.0210067 0.030529 0.00330884
9 0.647699 0.662671 0.0334044 0.13073 0.0033079
0 0.41384 0.636443 0.0187341 0.0467312 0.00325409
3 0.521427 0.648281 0.0348261 0.0312254 0.00324797
5 0.291992 0.657869 0.0285811 0.060791 0.00323248
13 0.217494 0.630479 0.0185754 0.020151 0.0032208
1 0.197729 0.628378 0.0215576 0.0207222 0.00321442
2 0.284533 0.660957 0.0187789 0.0428519 0.00319665
9 0.24554 0.664757 0.0183318 0.0575599 0.00318554
13 0.238847 0.656973 0.0247039 0.0890461 0.00314268
9 0.350822 0.666511 0.0347955 0.0818166 0.00308624
42 0.426035 0.669855 0.031424 0.120966 0.00308343
2 0.0363219 0.48608 0.0169009 0.0148221 0.00304408
4 0.188733 0.638726 0.0165869 0.0330423 0.00302258
42 0.38298 0.587393 0.0123459 0.0347737 0.00302183
42 0.42192 0.657446 0.024109 0.0980813 0.00299716
0 0.419158 0.616588 0.0340311 0.0227173 0.00290622
4 0.24554 0.664757 0.0183318 0.0575599 0.002903
9 0.657848 0.672069 0.0520781 0.147372 0.00286738
0 0.354449 0.639079 0.0341581 0.0489968 0.002823
2 0.309082 0.441972 0.0101299 0.0113599 0.00279667
17 0.291992 0.657869 0.0285811 0.060791 0.00278297
14 0.478292 0.652183 0.0159879 0.0246453 0.00273481
11 0.663137 0.642204 0.0484611 0.0997492 0.002734
22 0.216679 0.66249 0.0158283 0.0529099 0.00271149
5 0.349936 0.669067 0.0321387 0.102629 0.00269416
3 0.223338 0.672234 0.0201175 0.0549779 0.0026855
15 0.217494 0.630479 0.0185754 0.020151 0.00267651
14 0.361967 0.674088 0.0342079 0.0793494 0.00267296
4 0.557593 0.639761 0.02065 0.0210899 0.00265433
3 0.355553 0.687885 0.0418636 0.0725369 0.00263882
2 0.296443 0.437146 0.011739 0.0127685 0.0026233
1 0.389616 0.584253 0.0186711 0.0327456 0.00261827
11 0.869075 0.62453 0.0241443 0.019805 0.00260238
7 0.0381564 0.543811 0.0122213 0.0136674 0.0025792
3 0.635817 0.672996 0.0221514 0.140109 0.00257416
4 0.0497895 0.633993 0.0391242 0.0499125 0.00257416
1 0.48686 0.516448 0.0210602 0.0788528 0.00256393
17 0.345902 0.669017 0.0269802 0.105061 0.00255267
1 0.416472 0.616696 0.0285276 0.0201216 0.00248643
2 0.318214 0.617942 0.0332897 0.0250047 0.00247869
0 0.884212 0.640807 0.0181665 0.0545898 0.00247578
4 0.478286 0.650687 0.0153325 0.0231186 0.00247515
22 0.00597848 0.489375 0.0107313 0.0458755 0.0024736
1 0.38298 0.587393 0.0123459 0.0347737 0.0024681
17 0.305361 0.660966 0.0199044 0.082321 0.00246086
14 0.373493 0.675969 0.0290089 0.0718019 0.00244791
42 0.43621 0.64422 0.0163124 0.043383 0.00244391
