2 0.902611 0.767948 0.0405073 0.0503991 0.828393
2 0.861387 0.790009 0.0412029 0.0477605 0.700406
2 0.279404 0.324196 0.0293259 0.0698564 0.678272
2 0.726081 0.357801 0.0341315 0.0792753 0.533947
2 0.344165 0.335559 0.0280135 0.0475087 0.448539
2 0.549848 0.347847 0.021428 0.0405221 0.40142
2 0.83241 0.827717 0.0157856 0.0208452 0.0606126
2 0.861946 0.7736 0.0429711 0.0760715 0.0426567
2 0.89006 0.772005 0.0284725 0.0456631 0.013928
7 0.279498 0.324255 0.0290959 0.0698612 0.0108194
7 0.344335 0.336539 0.0295258 0.052582 0.0105187
2 0.340199 0.368313 0.0283728 0.0213852 0.0100467
2 0.264552 0.379221 0.0181669 0.0230352 0.00867345
2 0.617184 0.359321 0.0141558 0.0333279 0.00829304
2 0.618383 0.367043 0.0166994 0.0382427 0.00546624
2 0.282233 0.353444 0.0223069 0.142487 0.00531705
2 0.849801 0.796094 0.0405548 0.0452823 0.00424532
2 0.280945 0.346769 0.0308567 0.11036 0.00339475
7 0.726277 0.361409 0.0350422 0.0862568 0.00281785
2 0.794192 0.876288 0.012793 0.0211542 0.0025056
2 0.835752 0.81975 0.0214485 0.0246009 0.0022537
7 0.902812 0.76758 0.0398735 0.0512885 0.00180514
2 0.797855 0.845338 0.0103476 0.0184523 0.00170302
2 0.544843 0.352312 0.0311018 0.0494383 0.00145786
2 0.608061 0.376642 0.0237356 0.0213024 0.0014267
2 0.612155 0.361414 0.0231091 0.040419 0.00138647
2 0.835023 0.807564 0.0189724 0.04202 0.00137472
2 0.2823 0.402742 0.0151037 0.0469979 0.00105136
2 0.796765 0.878896 0.0154334 0.0226251 0.00101502
