6 0.0760073 0.674506 0.152015 0.223929 0.942872
6 0.607728 0.692662 0.214428 0.197475 0.93532
25 0.342097 0.629693 0.14564 0.0925144 0.895856
4 0.294444 0.731907 0.151411 0.119937 0.579434
8 0.751549 0.734476 0.0578981 0.0777316 0.573342
0 0.350546 0.749562 0.0396871 0.0963481 0.571083
8 0.791947 0.730161 0.053439 0.0751513 0.488289
2 0.58838 0.384857 0.00959839 0.0210824 0.400793
2 0.665074 0.382905 0.0212451 0.0211849 0.363579
8 0.834605 0.728663 0.0369714 0.0778963 0.356145
4 0.26773 0.711254 0.135452 0.157551 0.346057
8 0.810766 0.730551 0.0450165 0.074397 0.34474
8 0.864589 0.724297 0.0438545 0.0850358 0.33904
2 0.588356 0.390624 0.00983496 0.0267928 0.252322
42 0.363573 0.703202 0.104 0.0713851 0.208477
4 0.170638 0.713898 0.0457769 0.0259712 0.169751
6 0.971849 0.693731 0.0541251 0.178666 0.142139
0 0.348662 0.722715 0.0290831 0.0401972 0.141915
8 0.820169 0.724422 0.0255485 0.0626853 0.137035
25 0.367852 0.729719 0.108737 0.125802 0.109724
8 0.851281 0.731093 0.0360616 0.0714094 0.103719
8 0.767116 0.730068 0.0473525 0.073872 0.0764532
42 0.35979 0.688717 0.0983332 0.0434479 0.0617219
4 0.864589 0.724297 0.0438545 0.0850358 0.060931
8 0.787654 0.726754 0.034819 0.0719516 0.0574157
5 0.769002 0.68315 0.106325 0.169795 0.0548011
2 0.681794 0.41764 0.00905554 0.0219764 0.0543899
42 0.365781 0.729686 0.112863 0.126081 0.0524196
4 0.768518 0.686388 0.107073 0.174397 0.0478001
4 0.19232 0.71763 0.0150932 0.0166229 0.0397506
2 0.586029 0.389124 0.011023 0.0312807 0.0376516
0 0.331464 0.715239 0.0187045 0.0366997 0.0366218
3 0.838448 0.729039 0.0412969 0.0785261 0.0349463
3 0.86162 0.726461 0.0500601 0.0822645 0.0347293
2 0.666091 0.386986 0.01704 0.0249801 0.0333181
1 0.460824 0.538376 0.0564417 0.204269 0.0321576
2 0.7524 0.398644 0.00975873 0.0161335 0.0310573
0 0.755213 0.718453 0.0202505 0.0509213 0.0297897
2 0.689951 0.414921 0.0184391 0.0227975 0.0286491
12 0.768014 0.665254 0.104602 0.133396 0.0279761
5 0.366781 0.727328 0.110964 0.121753 0.0217259
42 0.341484 0.627749 0.145683 0.0904217 0.0209881
2 0.683539 0.418655 0.0134124 0.027076 0.0204477
42 0.322166 0.665083 0.0129755 0.0164283 0.0185219
5 0.864069 0.725708 0.0453233 0.082546 0.0184426
5 0.607309 0.692609 0.214488 0.198376 0.0168339
42 0.325707 0.665574 0.013535 0.0165245 0.0167843
4 0.142996 0.718292 0.0111261 0.015814 0.0167057
4 0.366781 0.727328 0.110964 0.121753 0.0162269
8 0.755213 0.718453 0.0202505 0.0509213 0.0162259
0 0.760239 0.731344 0.0401262 0.0741576 0.0157593
6 0.273935 0.712016 0.146082 0.157114 0.0153078
3 0.851281 0.731093 0.0360616 0.0714094 0.0147988
5 0.971395 0.697366 0.0559619 0.171967 0.0141018
18 0.356154 0.785686 0.01812 0.0316876 0.0130436
6 0.366781 0.727328 0.110964 0.121753 0.0128699
0 0.752565 0.72612 0.026418 0.0659483 0.0127912
0 0.749686 0.733264 0.0518271 0.0759003 0.0126232
3 0.810766 0.730551 0.0450165 0.074397 0.0124891
0 0.325707 0.665574 0.013535 0.0165245 0.0123264
42 0.393037 0.696786 0.0516051 0.0435693 0.0117771
5 0.747148 0.736436 0.0502628 0.0712725 0.0111578
14 0.355056 0.764766 0.04917 0.0696875 0.0106831
2 0.548544 0.535116 0.0127123 0.0184002 0.0106645
18 0.348247 0.775296 0.0331708 0.0535934 0.0100462
22 0.345862 0.771647 0.0357156 0.0595618 0.00996315
4 0.607901 0.692289 0.217189 0.197813 0.00962794
14 0.36373 0.774063 0.0317133 0.0523839 0.00932978
2 0.653253 0.414098 0.00998822 0.020365 0.00857385
14 0.356154 0.785686 0.01812 0.0316876 0.00838926
2 0.397342 0.524054 0.00930704 0.0126036 0.00822147
0 0.355056 0.764766 0.04917 0.0696875 0.00781137
25 0.308686 0.714376 0.213004 0.15329 0.00763345
2 0.66583 0.404022 0.0178143 0.0144455 0.00760882
2 0.654096 0.515309 0.00951587 0.0171206 0.0074784
8 0.752565 0.72612 0.026418 0.0659483 0.00740546
7 0.56127 0.192228 0.0202501 0.0517687 0.00701132
2 0.48111 0.39305 0.00795099 0.0115562 0.00699771
1 0.665629 0.663367 0.0141887 0.0263529 0.00698567
5 0.347962 0.758863 0.049914 0.0782099 0.00695374
4 0.134199 0.728818 0.0232351 0.0329563 0.00682825
2 0.632108 0.400286 0.0123803 0.0164046 0.00638894
5 0.306523 0.731478 0.168429 0.121454 0.00619867
7 0.205043 0.679213 0.0102054 0.0261243 0.00613428
2 0.629833 0.402408 0.0128057 0.0109469 0.00603483
25 0.295699 0.650981 0.0602183 0.0402755 0.00589683
6 0.954429 0.694495 0.0898167 0.176923 0.00576496
2 0.201889 0.649786 0.00883899 0.0190064 0.00569421
0 0.322166 0.665083 0.0129755 0.0164283 0.00563076
11 0.348662 0.722715 0.0290831 0.0401972 0.00558524
0 0.205043 0.679213 0.0102054 0.0261243 0.00533437
2 0.659856 0.3886 0.0202069 0.0283771 0.00531026
24 0.971218 0.694684 0.0552839 0.176535 0.00503952
42 0.37383 0.697004 0.0898054 0.0465548 0.00483421
4 0.349395 0.734537 0.0687196 0.124648 0.00476226
0 0.212215 0.675631 0.0159152 0.0336528 0.00474068
5 0.349395 0.734537 0.0687196 0.124648 0.00468261
8 0.355056 0.764766 0.04917 0.0696875 0.00464944
25 0.361235 0.701586 0.0948909 0.0673711 0.00453367
18 0.36373 0.774063 0.0317133 0.0523839 0.00446806
8 0.345991 0.749555 0.0397037 0.0975359 0.00437068
4 0.145197 0.707563 0.0126535 0.0227697 0.00421615
1 0.205043 0.679213 0.0102054 0.0261243 0.00415784
22 0.356154 0.785686 0.01812 0.0316876 0.00410928
3 0.788861 0.726649 0.0634439 0.0823952 0.00402262
4 0.202154 0.708242 0.0135484 0.0280576 0.00398468
8 0.76667 0.711158 0.0901471 0.12563 0.00385971
42 0.352181 0.739102 0.035538 0.0763674 0.00369412
23 0.348247 0.775296 0.0331708 0.0535934 0.0035758
4 0.834694 0.728868 0.0361017 0.0775947 0.00338536
42 0.348662 0.722715 0.0290831 0.0401972 0.00331706
4 0.270721 0.663449 0.100234 0.0618017 0.00331214
2 0.480576 0.387484 0.0088588 0.0163516 0.00330643
1 0.201889 0.649786 0.00883899 0.0190064 0.00329653
14 0.86162 0.726461 0.0500601 0.0822645 0.00325692
0 0.326341 0.712094 0.0242973 0.0325159 0.0032533
2 0.397543 0.518073 0.00976187 0.0151895 0.00320511
4 0.67927 0.693895 0.0195278 0.0164337 0.0031783
18 0.350144 0.753169 0.0391807 0.0951983 0.00310288
4 0.192214 0.708592 0.0180629 0.027965 0.00309035
0 0.357496 0.699858 0.0803872 0.0582267 0.00303542
5 0.273935 0.712016 0.146082 0.157114 0.00302386
19 0.486539 0.173489 0.973079 0.346978 0.00299677
2 0.145421 0.568829 0.0129406 0.0125351 0.00298185
19 0.356154 0.785686 0.01812 0.0316876 0.00291812
42 0.322539 0.730544 0.198716 0.123847 0.00289133
4 0.164241 0.72537 0.0449255 0.0357316 0.00277744
0 0.770155 0.723362 0.0370676 0.0630906 0.00277339
0 0.851281 0.731093 0.0360616 0.0714094 0.00275868
19 0.348247 0.775296 0.0331708 0.0535934 0.00274782
7 0.644861 0.654597 0.0268005 0.0534469 0.00272783
25 0.263953 0.652657 0.0732962 0.0393115 0.00272079
19 0.36373 0.774063 0.0317133 0.0523839 0.00271113
13 0.348662 0.722715 0.0290831 0.0401972 0.00270863
6 0.171789 0.713629 0.0459166 0.0286296 0.00269121
22 0.270172 0.781173 0.020397 0.026413 0.0026835
2 0.67008 0.413822 0.0100994 0.0290191 0.00267117
0 0.214314 0.671723 0.0116163 0.0317087 0.00256564
2 0.680294 0.424418 0.00977667 0.0329966 0.00255213
1 0.197114 0.651792 0.00972888 0.0199817 0.0025448
4 0.212215 0.675631 0.0159152 0.0336528 0.00251407
0 0.657194 0.695335 0.0168547 0.0228864 0.00246259
0 0.290129 0.733469 0.125444 0.116735 0.00245978
42 0.352659 0.66608 0.0597255 0.0243189 0.00238538
8 0.721978 0.742267 0.0201006 0.0689896 0.00233939
4 0.140497 0.732713 0.011128 0.0338063 0.00228747
0 0.709729 0.709626 0.0131605 0.12324 0.00226169
22 0.140497 0.732713 0.011128 0.0338063 0.00223214
4 0.788861 0.726649 0.0634439 0.0823952 0.00223185
8 0.331464 0.715239 0.0187045 0.0366997 0.00220034
4 0.851281 0.731093 0.0360616 0.0714094 0.00208203
7 0.205438 0.666649 0.0087943 0.029687 0.00205009
22 0.36302 0.771026 0.040791 0.0499476 0.00204573
6 0.769311 0.681344 0.10744 0.164911 0.00203024
5 0.851281 0.731093 0.0360616 0.0714094 0.00201359
0 0.610881 0.675404 0.0303505 0.0639646 0.00196882
8 0.348662 0.722715 0.0290831 0.0401972 0.00196623
0 0.205438 0.666649 0.0087943 0.029687 0.00196389
5 0.36373 0.774063 0.0317133 0.0523839 0.00194669
4 0.205043 0.679213 0.0102054 0.0261243 0.00192543
2 0.693249 0.409524 0.0169709 0.0232048 0.00192386
2 0.664196 0.373862 0.022648 0.0266503 0.00190597
25 0.292357 0.632298 0.0502116 0.0637939 0.00188677
42 0.307489 0.660044 0.0690975 0.0311082 0.00188552
2 0.710179 0.530847 0.0114857 0.0159114 0.00187847
7 0.212215 0.675631 0.0159152 0.0336528 0.00186478
32 0.356154 0.785686 0.01812 0.0316876 0.00182779
4 0.364289 0.700999 0.107811 0.066386 0.00177931
7 0.197114 0.651792 0.00972888 0.0199817 0.00172893
9 0.345991 0.749555 0.0397037 0.0975359 0.00169915
2 0.639708 0.492456 0.00804089 0.0103164 0.00168908
0 0.607583 0.664548 0.0244749 0.0506763 0.00168603
3 0.820169 0.724422 0.0255485 0.0626853 0.00168405
0 0.721127 0.72973 0.0162076 0.0857482 0.00168248
2 0.205043 0.679213 0.0102054 0.0261243 0.00167043
25 0.605764 0.692832 0.21185 0.198487 0.00166594
36 0.356154 0.785686 0.01812 0.0316876 0.00164786
4 0.160482 0.720092 0.0747337 0.0468358 0.00161996
8 0.348247 0.775296 0.0331708 0.0535934 0.00161786
0 0.866885 0.724257 0.0404088 0.0847654 0.00160255
0 0.345862 0.771647 0.0357156 0.0595618 0.0015949
8 0.36373 0.774063 0.0317133 0.0523839 0.00158434
4 0.346233 0.744335 0.0411223 0.0995308 0.0015752
6 0.160482 0.720092 0.0747337 0.0468358 0.00155376
19 0.368167 0.730717 0.10835 0.129697 0.0015254
4 0.874874 0.710133 0.0548118 0.0736607 0.00150913
19 0.349395 0.734537 0.0687196 0.124648 0.00149568
8 0.856118 0.710714 0.0368917 0.0648677 0.00148779
2 0.214314 0.671723 0.0116163 0.0317087 0.00148424
5 0.791289 0.732035 0.0527321 0.0736044 0.00148233
1 0.197204 0.633122 0.0101086 0.0350716 0.0014786
4 0.196313 0.72656 0.014689 0.0269661 0.00147841
6 0.202154 0.708242 0.0135484 0.0280576 0.00143776
2 0.400836 0.523721 0.0118401 0.013231 0.00143452
2 0.562371 0.180899 0.0236744 0.07493 0.00141902
6 0.270721 0.663449 0.100234 0.0618017 0.00141861
0 0.36302 0.771026 0.040791 0.0499476 0.00141737
0 0.796621 0.727609 0.0386216 0.0721563 0.00140272
22 0.331464 0.715239 0.0187045 0.0366997 0.00139558
4 0.690679 0.692854 0.0179836 0.0193031 0.00138426
13 0.352181 0.739102 0.035538 0.0763674 0.00135688
2 0.698929 0.415627 0.0168655 0.0247079 0.00135405
2 0.606998 0.547899 0.0179424 0.0178028 0.00133011
30 0.629833 0.402408 0.0128057 0.0109469 0.00130932
0 0.597959 0.66264 0.021637 0.0446172 0.00129758
42 0.375172 0.66404 0.0745048 0.0368683 0.00129278
30 0.665074 0.382905 0.0212451 0.0211849 0.0012841
25 0.289392 0.628363 0.0415775 0.0383677 0.00127696
42 0.336673 0.701609 0.0424044 0.0391467 0.00127062
15 0.365598 0.705727 0.107984 0.0751562 0.00126311
24 0.607309 0.692609 0.214488 0.198376 0.00125823
2 0.632647 0.550637 0.0133518 0.0151395 0.0012486
7 0.214314 0.671723 0.0116163 0.0317087 0.00124615
1 0.205438 0.666649 0.0087943 0.029687 0.00123852
11 0.331464 0.715239 0.0187045 0.0366997 0.00121599
42 0.349351 0.739497 0.0490532 0.106309 0.00121385
8 0.19232 0.71763 0.0150932 0.0166229 0.00121302
8 0.356154 0.785686 0.01812 0.0316876 0.00120015
5 0.212215 0.675631 0.0159152 0.0336528 0.00119313
6 0.294444 0.731907 0.151411 0.119937 0.00118945
11 0.352181 0.739102 0.035538 0.0763674 0.00117698
3 0.76667 0.711158 0.0901471 0.12563 0.00117573
4 0.263953 0.652657 0.0732962 0.0393115 0.00115991
14 0.838448 0.729039 0.0412969 0.0785261 0.00115372
3 0.796621 0.727609 0.0386216 0.0721563 0.00113603
19 0.321784 0.729983 0.198131 0.123816 0.00112749
0 0.202154 0.708242 0.0135484 0.0280576 0.0011199
5 0.356154 0.785686 0.01812 0.0316876 0.00110297
4 0.326341 0.712094 0.0242973 0.0325159 0.00109082
2 0.683178 0.409249 0.0111959 0.0227301 0.00108993
5 0.348247 0.775296 0.0331708 0.0535934 0.0010862
4 0.709657 0.681601 0.0144056 0.0705449 0.001079
2 0.198103 0.650167 0.0102778 0.0211985 0.00107857
1 0.709995 0.671006 0.0116626 0.0453189 0.00107328
25 0.205043 0.679213 0.0102054 0.0261243 0.00107143
2 0.212215 0.675631 0.0159152 0.0336528 0.00106579
4 0.970951 0.694253 0.0559912 0.175076 0.00106358
4 0.709729 0.709626 0.0131605 0.12324 0.0010533
1 0.169999 0.655556 0.00873077 0.0131896 0.00105073
17 0.864589 0.724297 0.0438545 0.0850358 0.00104878
25 0.349351 0.739497 0.0490532 0.106309 0.00104587
1 0.212215 0.675631 0.0159152 0.0336528 0.00104257
42 0.322439 0.680744 0.0638476 0.0414625 0.00104129
2 0.203577 0.589178 0.00784503 0.00986654 0.00103514
19 0.519807 0.0798694 0.952819 0.159739 0.00103198
2 0.657163 0.386562 0.0374713 0.0297892 0.00102415
8 0.819808 0.708507 0.0215521 0.0635169 0.00101656
1 0.176068 0.655609 0.0106815 0.01462 0.00101441
8 0.730288 0.722604 0.0693187 0.104863 0.0010024
22 0.345991 0.749555 0.0397037 0.0975359 0.00100056
