4 0.409703 0.672094 0.17664 0.229177 0.947171
4 0.652016 0.677019 0.138204 0.155618 0.945356
6 0.119752 0.640737 0.238725 0.464906 0.906035
4 0.5809 0.648241 0.0567317 0.0814866 0.839188
4 0.290363 0.637131 0.0573658 0.069516 0.749654
4 0.549728 0.641522 0.0399012 0.0612333 0.745091
4 0.495138 0.651085 0.0400916 0.133598 0.72574
7 0.729091 0.491099 0.0142597 0.0655941 0.64065
1 0.82607 0.543774 0.0253511 0.0447422 0.614323
1 0.826334 0.561156 0.027295 0.0253006 0.589943
2 0.528854 0.288225 0.0101229 0.0170485 0.520134
2 0.546864 0.288227 0.00880743 0.015878 0.485657
2 0.489066 0.289475 0.0118828 0.0149588 0.450164
4 0.33624 0.630805 0.0249877 0.0600663 0.441179
2 0.514349 0.288454 0.0088598 0.0175034 0.402932
4 0.320951 0.625019 0.0235802 0.0406843 0.347775
2 0.406635 0.2908 0.00968771 0.0194629 0.344235
4 0.567644 0.601683 0.0367352 0.0150814 0.323063
2 0.562506 0.288783 0.0114028 0.0184302 0.312328
2 0.473314 0.28914 0.0102722 0.014786 0.267557
2 0.597954 0.289401 0.00971155 0.0177582 0.241643
1 0.738889 0.574007 0.0171741 0.0393848 0.241185
4 0.325034 0.629436 0.0294397 0.0534698 0.229034
4 0.517546 0.62488 0.014798 0.0254595 0.224359
7 0.729595 0.518944 0.0180132 0.121048 0.216503
4 0.533741 0.623187 0.0149912 0.023039 0.170115
4 0.564703 0.617879 0.0424526 0.046768 0.163437
2 0.917089 0.283019 0.0177018 0.0242101 0.155044
4 0.516536 0.631402 0.0144349 0.034144 0.152205
2 0.977834 0.284369 0.00977008 0.0169821 0.132479
4 0.340605 0.620284 0.0375274 0.0812497 0.0982101
1 0.629773 0.506859 0.0172134 0.0158008 0.095554
4 0.539633 0.640015 0.0232798 0.0509416 0.0844306
2 0.91158 0.282346 0.01391 0.0205805 0.0763641
0 0.715159 0.633054 0.0115691 0.0360997 0.0684493
2 0.932054 0.282505 0.0223124 0.0278097 0.0681662
7 0.760736 0.566136 0.0199554 0.0662935 0.0630106
4 0.537917 0.615951 0.0164415 0.0314078 0.062796
2 0.937628 0.282548 0.0251187 0.0295793 0.0623053
4 0.521472 0.613227 0.0109457 0.0196223 0.0558053
2 0.615534 0.399155 0.0168813 0.0225605 0.0555958
2 0.531529 0.288866 0.0124968 0.0150777 0.0499426
7 0.358744 0.508011 0.00719534 0.0140671 0.0461092
4 0.324206 0.639319 0.0215961 0.0586631 0.0427042
4 0.531476 0.614411 0.01496 0.0248992 0.042679
4 0.511341 0.645254 0.0112843 0.0742688 0.0424958
4 0.457331 0.556341 0.0117381 0.0169634 0.0377956
2 0.889027 0.29227 0.00929828 0.0132789 0.034019
1 0.567324 0.554291 0.0455126 0.0187683 0.0321113
2 0.61012 0.3974 0.00983197 0.0186883 0.0315709
1 0.524605 0.564241 0.0137222 0.0171446 0.0274782
1 0.861443 0.522915 0.0286968 0.0711402 0.0260086
2 0.95928 0.291464 0.015735 0.0166073 0.0257765
4 0.517364 0.641601 0.0177591 0.0553083 0.0256971
2 0.620718 0.409298 0.00803076 0.0162517 0.0253555
2 0.944118 0.280495 0.0174438 0.0330542 0.0253182
1 0.76024 0.566332 0.019961 0.065715 0.0250219
2 0.511415 0.289169 0.0115707 0.0177478 0.0229892
1 0.22851 0.581461 0.0156632 0.0253009 0.0214962
2 0.833769 0.412878 0.00971729 0.0217122 0.0212012
4 0.289829 0.603732 0.044589 0.0173275 0.0189844
2 0.863929 0.322245 0.0108931 0.0131543 0.0187008
2 0.358744 0.508011 0.00719534 0.0140671 0.0181408
2 0.930295 0.362539 0.0154409 0.0359251 0.0178798
1 0.892837 0.611272 0.0121691 0.0476995 0.0158109
4 0.459351 0.55706 0.0162352 0.0206245 0.0155028
4 0.508397 0.62623 0.0184815 0.0610289 0.0155019
2 0.611772 0.400037 0.00959845 0.0191845 0.0152106
2 0.710646 0.300425 0.0104055 0.0151406 0.0141732
4 0.563711 0.594892 0.0416858 0.0195448 0.0134862
4 0.567841 0.650061 0.030861 0.0720858 0.0127227
2 0.860288 0.321462 0.0109674 0.0136364 0.0125276
2 0.488664 0.29371 0.0124849 0.0216348 0.0124611
0 0.717294 0.628293 0.0134887 0.0296092 0.012447
1 0.738274 0.559295 0.0165206 0.0641571 0.012418
2 0.826334 0.561156 0.027295 0.0253006 0.0123022
4 0.48786 0.572264 0.0260477 0.0179928 0.0120179
2 0.515373 0.293553 0.0100694 0.0223955 0.0118615
2 0.885641 0.29253 0.0109548 0.0140953 0.0116442
2 0.779571 0.354698 0.022091 0.0236901 0.0113963
4 0.322196 0.602835 0.0295889 0.02428 0.0112834
4 0.240875 0.655607 0.0595276 0.0671321 0.011133
2 0.96028 0.283625 0.0154313 0.0244771 0.0100609
4 0.4887 0.593907 0.0325725 0.0379615 0.00960542
0 0.711052 0.638385 0.0124941 0.0273394 0.00923637
2 0.479125 0.293977 0.0132479 0.0214724 0.00921005
1 0.72979 0.524344 0.0188183 0.1344 0.00911778
0 0.725247 0.635166 0.0191893 0.0479383 0.00909215
2 0.709169 0.301472 0.0156815 0.0184689 0.00905175
2 0.774002 0.355843 0.0146448 0.0186104 0.0088781
4 0.291609 0.616848 0.0459873 0.035646 0.00875772
6 0.290233 0.636212 0.0566922 0.0697139 0.00848814
4 0.512575 0.655691 0.0179081 0.0803588 0.00824
1 0.457331 0.556341 0.0117381 0.0169634 0.0082293
4 0.72702 0.628602 0.0186591 0.040414 0.0081254
4 0.717294 0.628293 0.0134887 0.0296092 0.00808975
2 0.714423 0.302276 0.0124658 0.0200231 0.0080627
2 0.958823 0.297324 0.0158126 0.0171023 0.007813
4 0.487974 0.584242 0.0322617 0.0321071 0.00780749
1 0.982122 0.589821 0.0126678 0.0198443 0.00773986
3 0.809772 0.695416 0.0165994 0.0622297 0.00768636
2 0.837807 0.416605 0.0116415 0.0189569 0.00755445
4 0.554302 0.627439 0.0403371 0.0569105 0.00742367
4 0.450248 0.555955 0.0246957 0.0172272 0.00738346
6 0.0894006 0.565125 0.17841 0.733564 0.00706162
22 0.358744 0.508011 0.00719534 0.0140671 0.00674364
4 0.492881 0.623465 0.0371326 0.0734792 0.00667346
15 0.521472 0.613227 0.0109457 0.0196223 0.00663844
0 0.358744 0.508011 0.00719534 0.0140671 0.00659922
1 0.366873 0.555056 0.0102377 0.0144772 0.00637732
4 0.349021 0.628411 0.0516853 0.0642685 0.00631232
8 0.715159 0.633054 0.0115691 0.0360997 0.00601903
4 0.535518 0.600059 0.0104067 0.0173877 0.00595946
7 0.737024 0.573776 0.0178533 0.0432043 0.00592664
4 0.481302 0.634604 0.0615281 0.148284 0.00574786
1 0.567339 0.562894 0.0434976 0.0320726 0.00566311
2 0.827251 0.326237 0.0110787 0.015958 0.00565051
14 0.714944 0.638611 0.011157 0.0341951 0.00564244
2 0.984153 0.286617 0.0172967 0.0236765 0.00562225
0 0.457331 0.556341 0.0117381 0.0169634 0.00557221
8 0.516536 0.631402 0.0144349 0.034144 0.00545297
4 0.71855 0.614203 0.0148987 0.0203428 0.00541196
2 0.957944 0.276594 0.0167018 0.0258888 0.00539302
4 0.54933 0.593872 0.0281512 0.0194297 0.00535575
2 0.976693 0.277369 0.012409 0.0221996 0.0052407
7 0.362626 0.508299 0.011669 0.0130811 0.00522944
15 0.564703 0.617879 0.0424526 0.046768 0.00514476
1 0.738903 0.595595 0.0137275 0.0220625 0.0048218
4 0.366873 0.555056 0.0102377 0.0144772 0.00477027
4 0.523986 0.59436 0.0148095 0.0187579 0.00473705
13 0.982122 0.589821 0.0126678 0.0198443 0.00469315
1 0.294198 0.572349 0.0197001 0.0226929 0.00468196
7 0.349095 0.509407 0.0140159 0.0138744 0.00463016
15 0.531476 0.614411 0.01496 0.0248992 0.0045338
0 0.716603 0.643829 0.0150064 0.0462081 0.00452206
4 0.591917 0.606305 0.0318495 0.0137988 0.00448418
3 0.812904 0.688887 0.0226569 0.0763027 0.00441342
0 0.709468 0.626229 0.0100528 0.0216996 0.00427029
2 0.966372 0.284656 0.0138963 0.02201 0.00425973
2 0.529257 0.293226 0.00960773 0.0226834 0.00421416
1 0.54933 0.593872 0.0281512 0.0194297 0.00420976
15 0.567644 0.601683 0.0367352 0.0150814 0.00408678
4 0.481697 0.618067 0.0459163 0.0912408 0.00408565
7 0.524605 0.564241 0.0137222 0.0171446 0.00401346
2 0.473814 0.293832 0.0114289 0.0219076 0.00394297
1 0.539402 0.5616 0.0137011 0.0302544 0.00392541
2 0.700407 0.40432 0.0171497 0.0296899 0.00379284
2 0.82897 0.403792 0.012639 0.0177547 0.00375845
30 0.406635 0.2908 0.00968771 0.0194629 0.00368614
1 0.521472 0.613227 0.0109457 0.0196223 0.00366133
4 0.573591 0.598779 0.0456795 0.0182042 0.00365354
2 0.547985 0.293583 0.0110771 0.0221946 0.00360088
2 0.78285 0.351208 0.0189111 0.0234688 0.00359439
1 0.981881 0.59574 0.0135831 0.0294653 0.00351473
0 0.517546 0.62488 0.014798 0.0254595 0.00343523
15 0.326624 0.598245 0.0401688 0.0385428 0.00334934
4 0.285685 0.610476 0.042819 0.0301396 0.00327037
7 0.752498 0.597413 0.0105819 0.0183122 0.00321924
1 0.284363 0.591803 0.0392776 0.0253106 0.00321852
2 0.913448 0.278369 0.0180354 0.0231184 0.00319725
2 0.719974 0.408667 0.014392 0.0220537 0.003144
2 0.559828 0.293724 0.00971588 0.0218902 0.0031292
4 0.489028 0.665041 0.0270092 0.111911 0.00312487
6 0.567644 0.601683 0.0367352 0.0150814 0.0031036
4 0.505033 0.613353 0.0294923 0.0581055 0.00302141
1 0.530173 0.592035 0.0117892 0.018651 0.00301872
7 0.8263 0.545889 0.0254544 0.0478178 0.0030145
2 0.96638 0.274261 0.0179296 0.0271123 0.00296031
1 0.541452 0.556467 0.0109211 0.0225234 0.00288055
2 0.457331 0.556341 0.0117381 0.0169634 0.00273972
4 0.524605 0.564241 0.0137222 0.0171446 0.00255328
2 0.725952 0.401298 0.0227921 0.0205333 0.00255003
4 0.530173 0.592035 0.0117892 0.018651 0.00252942
4 0.355202 0.61204 0.0645629 0.108908 0.00251903
3 0.831854 0.691342 0.0604031 0.0774865 0.00251764
6 0.521472 0.613227 0.0109457 0.0196223 0.00247007
2 0.729252 0.40683 0.0213954 0.0254399 0.00245723
4 0.599149 0.610041 0.0224197 0.0132854 0.00243895
1 0.89233 0.625117 0.0142826 0.0337196 0.00242792
0 0.521472 0.613227 0.0109457 0.0196223 0.00241569
6 0.289822 0.607465 0.048019 0.0238505 0.00237126
7 0.682803 0.370054 0.0235605 0.0452186 0.00236926
2 0.888662 0.295977 0.0101254 0.0174882 0.00236788
4 0.714944 0.638611 0.011157 0.0341951 0.00235646
2 0.362626 0.508299 0.011669 0.0130811 0.00235478
8 0.517546 0.62488 0.014798 0.0254595 0.00233382
4 0.982496 0.592327 0.0151966 0.0244314 0.00232663
4 0.326624 0.598245 0.0401688 0.0385428 0.00231972
2 0.930739 0.34667 0.0184466 0.0725477 0.00231819
0 0.533741 0.623187 0.0149912 0.023039 0.00228525
8 0.711052 0.638385 0.0124941 0.0273394 0.00228383
4 0.711052 0.638385 0.0124941 0.0273394 0.00225653
2 0.982122 0.589821 0.0126678 0.0198443 0.00223993
4 0.464622 0.561579 0.0283579 0.0244523 0.00223073
0 0.71855 0.614203 0.0148987 0.0203428 0.00220828
1 0.629446 0.501179 0.015599 0.0189557 0.00218022
15 0.54933 0.593872 0.0281512 0.0194297 0.0021457
4 0.594064 0.616874 0.0352418 0.0347223 0.00212095
2 0.862071 0.324763 0.00890802 0.0186193 0.00210436
2 0.608809 0.407438 0.00876379 0.0234473 0.0020979
1 0.459351 0.55706 0.0162352 0.0206245 0.00202497
1 0.528626 0.558808 0.022467 0.0219868 0.00198396
15 0.537917 0.615951 0.0164415 0.0314078 0.00194866
4 0.505377 0.592049 0.0143937 0.0251556 0.00193611
7 0.366873 0.555056 0.0102377 0.0144772 0.00189797
2 0.600087 0.293136 0.0113698 0.0231568 0.00184592
1 0.714944 0.638611 0.011157 0.0341951 0.00184558
6 0.0545952 0.385292 0.0624583 0.20537 0.00184428
1 0.591202 0.556059 0.00676337 0.019675 0.0018217
1 0.589526 0.565988 0.0102662 0.0210938 0.00181611
1 0.745168 0.613468 0.0210654 0.0294214 0.00180151
1 0.717294 0.628293 0.0134887 0.0296092 0.00179023
0 0.738001 0.635289 0.0211055 0.0519025 0.00177037
7 0.735503 0.528598 0.0238243 0.133058 0.0017582
4 0.735769 0.628239 0.0223066 0.0564491 0.00175453
2 0.145417 0.453783 0.00795058 0.0187248 0.001733
1 0.358744 0.508011 0.00719534 0.0140671 0.00166844
2 0.0771984 0.286523 0.0137687 0.0202854 0.00162578
0 0.362626 0.508299 0.011669 0.0130811 0.0016165
4 0.315469 0.59548 0.0611717 0.0280405 0.00161265
4 0.726909 0.631437 0.034648 0.0498724 0.00161105
4 0.470943 0.603356 0.0426198 0.0949407 0.00159196
2 0.8263 0.545889 0.0254544 0.0478178 0.00156999
6 0.291609 0.616848 0.0459873 0.035646 0.00155006
14 0.716603 0.643829 0.0150064 0.0462081 0.00154943
0 0.324206 0.639319 0.0215961 0.0586631 0.00154883
2 0.410682 0.290932 0.0160086 0.0171386 0.00154167
2 0.223721 0.110789 0.0227509 0.0348888 0.00152826
0 0.516536 0.631402 0.0144349 0.034144 0.00152421
7 0.727203 0.554708 0.0207328 0.0877173 0.00150359
2 0.942053 0.287209 0.0208994 0.0371492 0.0014986
7 0.892378 0.610249 0.0140339 0.0558507 0.0014842
2 0.401143 0.291164 0.0160029 0.0196701 0.00148369
0 0.982496 0.592327 0.0151966 0.0244314 0.00148157
4 0.24604 0.636272 0.0455156 0.0361198 0.0014706
6 0.0467321 0.407946 0.093094 0.438155 0.0014654
4 0.269459 0.639402 0.0222195 0.0495182 0.0014357
1 0.734326 0.613119 0.0134913 0.0202677 0.00143169
4 0.985744 0.642842 0.0268569 0.036192 0.00142725
2 0.358487 0.50192 0.00723962 0.0202439 0.00142167
1 0.223055 0.58682 0.0276723 0.0516786 0.00139863
2 0.963289 0.296395 0.0123724 0.0182119 0.00139559
4 0.639073 0.625678 0.0897174 0.0571013 0.00138826
7 0.717294 0.628293 0.0134887 0.0296092 0.00138046
2 0.885924 0.297096 0.0118044 0.0164748 0.00137499
2 0.349095 0.509407 0.0140159 0.0138744 0.00135884
4 0.479996 0.584099 0.048187 0.0566051 0.00135186
14 0.725247 0.635166 0.0191893 0.0479383 0.00134865
4 0.734326 0.613119 0.0134913 0.0202677 0.00133826
4 0.699839 0.620898 0.0200905 0.0317626 0.0013292
4 0.985847 0.6255 0.025574 0.0341087 0.00131949
2 0.366873 0.555056 0.0102377 0.0144772 0.0013118
1 0.523986 0.59436 0.0148095 0.0187579 0.00130827
1 0.893232 0.634889 0.0149648 0.0174121 0.0013006
6 0.326624 0.598245 0.0401688 0.0385428 0.00129895
2 0.464653 0.289553 0.00949463 0.0162288 0.00128742
4 0.709468 0.626229 0.0100528 0.0216996 0.00127885
2 0.844941 0.325868 0.00944214 0.0136085 0.00126251
0 0.366873 0.555056 0.0102377 0.0144772 0.00125723
2 0.921041 0.289407 0.0138123 0.031645 0.00124925
6 0.531476 0.614411 0.01496 0.0248992 0.00124558
1 0.48786 0.572264 0.0260477 0.0179928 0.0012348
4 0.591204 0.594378 0.0175798 0.0191819 0.00122752
2 0.48786 0.572264 0.0260477 0.0179928 0.00122626
4 0.33391 0.595055 0.0333047 0.0299445 0.00122392
0 0.531476 0.614411 0.01496 0.0248992 0.00121101
4 0.702881 0.630845 0.0289788 0.0460891 0.00119883
7 0.696756 0.590073 0.0200438 0.0790484 0.00118019
1 0.450248 0.555955 0.0246957 0.0172272 0.00117612
6 0.315469 0.59548 0.0611717 0.0280405 0.00117151
6 0.563711 0.594892 0.0416858 0.0195448 0.00116247
6 0.495498 0.656558 0.0370583 0.121999 0.00116031
2 0.677944 0.492625 0.00972406 0.0169112 0.00114285
2 0.809701 0.244455 0.00955512 0.0152467 0.00113636
22 0.303331 0.669692 0.0208296 0.0245311 0.00113409
1 0.145417 0.453783 0.00795058 0.0187248 0.00112822
5 0.289746 0.637555 0.0557807 0.0685524 0.00112656
0 0.495006 0.652203 0.0393501 0.132046 0.00112115
4 0.986947 0.664027 0.0243799 0.0508767 0.00111983
2 0.97767 0.294411 0.0127173 0.0231821 0.00111961
1 0.222596 0.549605 0.0287543 0.125106 0.0010925
4 0.98492 0.602778 0.0216086 0.0424905 0.0010872
6 0.489457 0.637694 0.0431494 0.108959 0.00108515
2 0.926258 0.360465 0.0217858 0.0441308 0.00108272
4 0.207742 0.604207 0.0116669 0.0209381 0.00107947
6 0.517546 0.62488 0.014798 0.0254595 0.0010772
4 0.594505 0.677754 0.0217433 0.123355 0.00107551
6 0.321415 0.619583 0.0264594 0.038391 0.0010749
5 0.516536 0.631402 0.0144349 0.034144 0.00106898
3 0.820721 0.693682 0.0379064 0.0664687 0.00106493
4 0.711056 0.646589 0.016872 0.0474617 0.00106478
1 0.22673 0.567112 0.0197952 0.0549854 0.00104672
1 0.501369 0.505009 0.0100471 0.0138359 0.001033
4 0.282143 0.646085 0.0407981 0.0512481 0.00103278
14 0.711052 0.638385 0.0124941 0.0273394 0.00102319
2 0.684303 0.371673 0.0220579 0.0430732 0.00102266
2 0.524605 0.564241 0.0137222 0.0171446 0.001008
