4 0.372103 0.497657 0.0652347 0.0379407 0.910787
6 0.215141 0.631723 0.150516 0.127019 0.894329
4 0.623071 0.443732 0.0589001 0.0311143 0.872905
4 0.206034 0.489768 0.0641311 0.0391011 0.86704
4 0.528876 0.319441 0.0153866 0.0202594 0.832496
4 0.508841 0.263259 0.00944183 0.0171041 0.724883
7 0.256837 0.318181 0.010768 0.0230639 0.662997
8 0.208352 0.418978 0.0199822 0.0226309 0.550255
7 0.781764 0.631048 0.0181265 0.062292 0.540481
8 0.876918 0.589934 0.0332926 0.0328938 0.480242
7 0.72417 0.627248 0.0186396 0.0676658 0.467741
7 0.620554 0.28378 0.00708569 0.0148251 0.367354
4 0.507031 0.261276 0.0114964 0.0137618 0.331797
4 0.64477 0.320951 0.0153774 0.0171409 0.327657
7 0.602728 0.287701 0.00709222 0.0148525 0.239631
4 0.9662 0.571819 0.0310625 0.0308874 0.209313
7 0.789553 0.366194 0.00779797 0.0117774 0.183676
7 0.397632 0.357433 0.00869254 0.0223055 0.178027
4 0.507505 0.25668 0.00947281 0.0168787 0.174446
8 0.769418 0.414756 0.00997693 0.0241362 0.16708
0 0.782557 0.629567 0.0212088 0.0652439 0.166184
0 0.769418 0.414756 0.00997693 0.0241362 0.156037
1 0.742095 0.393934 0.0101814 0.0169522 0.153247
8 0.884726 0.593577 0.0185584 0.0291139 0.147441
7 0.400666 0.35725 0.0103397 0.0199947 0.133844
22 0.963094 0.703078 0.0100913 0.0219932 0.132881
8 0.861743 0.591097 0.0135255 0.0263313 0.129608
7 0.769418 0.414756 0.00997693 0.0241362 0.114537
1 0.178415 0.359063 0.0114483 0.0120644 0.112369
0 0.770988 0.409667 0.00948578 0.0237748 0.104538
4 0.650989 0.322134 0.016795 0.014563 0.103961
5 0.875076 0.593879 0.0364477 0.0288335 0.103144
5 0.742095 0.393934 0.0101814 0.0169522 0.100685
8 0.992247 0.620093 0.0114386 0.0324736 0.0952712
7 0.0516612 0.395171 0.00927524 0.0295892 0.0876907
0 0.20865 0.417953 0.0176338 0.0232079 0.0869241
7 0.963094 0.703078 0.0100913 0.0219932 0.0844209
0 0.724324 0.62734 0.0183241 0.0682759 0.0837588
1 0.152434 0.374477 0.00783647 0.0221549 0.0836741
0 0.742095 0.393934 0.0101814 0.0169522 0.08259
7 0.262612 0.31716 0.0118147 0.0185618 0.0825599
0 0.789223 0.370568 0.00768665 0.0180957 0.0820089
8 0.709753 0.368565 0.00833698 0.0184774 0.0815885
8 0.868935 0.593029 0.0293597 0.0266219 0.077103
7 0.152434 0.374477 0.00783647 0.0221549 0.0761594
8 0.781764 0.631048 0.0181265 0.062292 0.0749348
4 0.576007 0.254666 0.0103086 0.0131034 0.0747964
1 0.712978 0.371041 0.0110226 0.0171103 0.0738556
4 0.495709 0.254104 0.00646802 0.0118525 0.0736032
4 0.494844 0.26111 0.00781607 0.01554 0.071974
8 0.963094 0.703078 0.0100913 0.0219932 0.0694086
7 0.0486662 0.395833 0.00998151 0.0286462 0.0670907
7 0.178741 0.378561 0.00668736 0.0242954 0.0629646
4 0.510414 0.209945 0.011683 0.0111027 0.0618459
4 0.480147 0.215319 0.0062609 0.00930811 0.0606149
8 0.413835 0.37486 0.00928522 0.0142159 0.0602052
8 0.397632 0.357433 0.00869254 0.0223055 0.0580375
0 0.178741 0.378561 0.00668736 0.0242954 0.056032
8 0.724034 0.627314 0.0188082 0.0675854 0.0540195
8 0.705557 0.363004 0.00861389 0.0195344 0.0527129
8 0.742095 0.393934 0.0101814 0.0169522 0.052088
0 0.964043 0.704743 0.00839972 0.0240373 0.0503804
7 0.789223 0.370568 0.00768665 0.0180957 0.0485176
5 0.208352 0.418978 0.0199822 0.0226309 0.0468975
4 0.742095 0.393934 0.0101814 0.0169522 0.0455631
1 0.620554 0.28378 0.00708569 0.0148251 0.0451751
7 0.758505 0.353121 0.0126156 0.0172292 0.0432769
7 0.781118 0.364451 0.00319574 0.0106732 0.0421897
0 0.992609 0.616457 0.0111011 0.0366097 0.0415098
4 0.992247 0.620093 0.0114386 0.0324736 0.0415008
8 0.952164 0.713126 0.0315006 0.0331693 0.0404237
7 0.757469 0.340939 0.00958008 0.0220132 0.0398903
4 0.576389 0.261383 0.0110305 0.0123966 0.0393508
4 0.964082 0.39045 0.0208832 0.0167834 0.0387954
4 0.6446 0.314867 0.0143323 0.0216007 0.0373302
0 0.789553 0.366194 0.00779797 0.0117774 0.0361269
0 0.613239 0.823057 0.0135303 0.0420467 0.0349506
8 0.770988 0.409667 0.00948578 0.0237748 0.0346482
8 0.713742 0.369249 0.0103338 0.0183664 0.0343059
7 0.773209 0.358508 0.0123984 0.014703 0.0339964
1 0.435208 0.325284 0.0105861 0.0153475 0.0330499
8 0.789553 0.366194 0.00779797 0.0117774 0.0326811
7 0.0520372 0.386794 0.00853107 0.0209682 0.0322105
8 0.69035 0.35471 0.00734839 0.0157286 0.0313673
0 0.741899 0.388741 0.00937408 0.0188567 0.0312004
7 0.413835 0.37486 0.00928522 0.0142159 0.0310778
14 0.705557 0.363004 0.00861389 0.0195344 0.0307439
1 0.508841 0.263259 0.00944183 0.0171041 0.0306635
7 0.0391474 0.359346 0.0104246 0.0128077 0.0301315
8 0.773209 0.358508 0.0123984 0.014703 0.0300237
0 0.614865 0.630568 0.00928192 0.0210643 0.0295145
8 0.76237 0.414228 0.0147966 0.020951 0.027934
22 0.994804 0.705414 0.00744965 0.0207943 0.0278552
1 0.602728 0.287701 0.00709222 0.0148525 0.0274242
0 0.88186 0.589342 0.0206881 0.0338582 0.0267101
8 0.660007 0.370615 0.00696344 0.0129126 0.0263328
8 0.400666 0.35725 0.0103397 0.0199947 0.0261622
3 0.713742 0.369249 0.0103338 0.0183664 0.0261595
0 0.757469 0.340939 0.00958008 0.0220132 0.0250045
4 0.522413 0.31604 0.00914459 0.018905 0.0248969
4 0.641667 0.670177 0.0124447 0.0245028 0.0248739
0 0.713742 0.369249 0.0103338 0.0183664 0.0246474
0 0.397632 0.357433 0.00869254 0.0223055 0.0246212
0 0.994804 0.705414 0.00744965 0.0207943 0.0245744
0 0.400666 0.35725 0.0103397 0.0199947 0.0245256
8 0.650989 0.322134 0.016795 0.014563 0.0244635
22 0.713742 0.369249 0.0103338 0.0183664 0.0241843
4 0.736637 0.340677 0.0394826 0.0150418 0.0238814
0 0.529996 0.540593 0.0135473 0.0393494 0.0235001
4 0.521042 0.310924 0.00666522 0.0146416 0.0233868
8 0.994804 0.705414 0.00744965 0.0207943 0.0231813
0 0.413835 0.37486 0.00928522 0.0142159 0.0226895
5 0.64477 0.320951 0.0153774 0.0171409 0.022474
4 0.962858 0.385854 0.0166042 0.0201305 0.0223021
1 0.986583 0.421637 0.0152683 0.0156104 0.0222814
1 0.757469 0.340939 0.00958008 0.0220132 0.0219258
0 0.0520372 0.386794 0.00853107 0.0209682 0.0218076
8 0.397412 0.349124 0.00851535 0.0150867 0.021463
7 0.397412 0.349124 0.00851535 0.0150867 0.0214506
0 0.758505 0.353121 0.0126156 0.0172292 0.0214361
0 0.774322 0.41028 0.0126951 0.0186197 0.0212509
8 0.757469 0.340939 0.00958008 0.0220132 0.0210903
8 0.962858 0.385854 0.0166042 0.0201305 0.0208407
4 0.435208 0.325284 0.0105861 0.0153475 0.0206323
3 0.705557 0.363004 0.00861389 0.0195344 0.0206215
4 0.648453 0.315411 0.0199541 0.0244669 0.0203527
7 0.18986 0.594733 0.0316858 0.0277334 0.0202816
14 0.709753 0.368565 0.00833698 0.0184774 0.0202012
3 0.69035 0.35471 0.00734839 0.0157286 0.0201845
0 0.0516612 0.395171 0.00927524 0.0295892 0.019623
4 0.359582 0.312454 0.0117718 0.0160695 0.0195452
42 0.178415 0.359063 0.0114483 0.0120644 0.019421
8 0.410487 0.376073 0.0103925 0.0121447 0.0193337
8 0.767464 0.423651 0.0106656 0.0246613 0.0193108
4 0.431694 0.171524 0.00986008 0.0123265 0.0192611
5 0.650989 0.322134 0.016795 0.014563 0.019173
7 0.614865 0.630568 0.00928192 0.0210643 0.0189735
1 0.434839 0.31266 0.00942184 0.0314989 0.0189085
1 0.0520372 0.386794 0.00853107 0.0209682 0.0187143
6 0.508841 0.263259 0.00944183 0.0171041 0.0186281
22 0.709753 0.368565 0.00833698 0.0184774 0.0186097
5 0.712978 0.371041 0.0110226 0.0171103 0.0183534
2 0.789553 0.366194 0.00779797 0.0117774 0.0183235
4 0.368968 0.311737 0.0101674 0.0148953 0.0183133
0 0.153235 0.408352 0.0101166 0.018451 0.0178342
7 0.994804 0.705414 0.00744965 0.0207943 0.0178187
0 0.152055 0.397598 0.00918485 0.0371655 0.0177934
4 0.0524517 0.349651 0.0140005 0.0155793 0.017698
0 0.76237 0.414228 0.0147966 0.020951 0.017497
0 0.647774 0.320297 0.00846063 0.0181636 0.0174655
7 0.76237 0.414228 0.0147966 0.020951 0.0172633
8 0.153235 0.408352 0.0101166 0.018451 0.0172543
7 0.208352 0.418978 0.0199822 0.0226309 0.0170498
1 0.178741 0.378561 0.00668736 0.0242954 0.0170168
1 0.14865 0.375319 0.0125432 0.0205112 0.0169912
1 0.528876 0.319441 0.0153866 0.0202594 0.0167845
4 0.641848 0.323293 0.0123795 0.0194349 0.0167709
4 0.515509 0.209509 0.00886249 0.0111453 0.0165932
8 0.613239 0.823057 0.0135303 0.0420467 0.0163986
4 0.00956817 0.337008 0.0175217 0.0126733 0.0160866
0 0.705557 0.363004 0.00861389 0.0195344 0.0160189
5 0.992247 0.620093 0.0114386 0.0324736 0.0159878
4 0.959916 0.389889 0.0185256 0.018965 0.0153272
8 0.706009 0.346965 0.0100197 0.0186915 0.0152245
2 0.0520372 0.386794 0.00853107 0.0209682 0.0150715
7 0.601866 0.276039 0.00796637 0.0184204 0.015031
8 0.774322 0.41028 0.0126951 0.0186197 0.0149178
4 0.0780408 0.461883 0.026712 0.0152878 0.014849
1 0.177643 0.351993 0.013189 0.0201847 0.0143755
0 0.706009 0.346965 0.0100197 0.0186915 0.014075
0 0.531554 0.549287 0.0142125 0.0495052 0.0140559
1 0.152055 0.397598 0.00918485 0.0371655 0.0140521
3 0.992247 0.620093 0.0114386 0.0324736 0.0139213
7 0.35974 0.31631 0.0120435 0.0143607 0.0139197
7 0.958137 0.38465 0.0186064 0.0207124 0.0138196
4 0.945107 0.390471 0.0378706 0.0206365 0.0137213
8 0.410324 0.373459 0.00860956 0.0136817 0.013652
4 0.11562 0.337886 0.0201939 0.0136614 0.0135824
4 0.573117 0.253401 0.0105423 0.0122912 0.0133457
0 0.0486662 0.395833 0.00998151 0.0286462 0.0132701
0 0.885691 0.590487 0.0165303 0.0303105 0.0132697
8 0.641667 0.670177 0.0124447 0.0245028 0.013242
8 0.7417 0.398822 0.0122853 0.0203673 0.0130913
4 0.596422 0.271143 0.00785596 0.0109695 0.0130186
15 0.528876 0.319441 0.0153866 0.0202594 0.0129579
8 0.0516612 0.395171 0.00927524 0.0295892 0.0129189
5 0.861743 0.591097 0.0135255 0.0263313 0.0128698
4 0.618983 0.302162 0.0088183 0.0142165 0.0124992
8 0.0520372 0.386794 0.00853107 0.0209682 0.0124816
4 0.512492 0.26841 0.0115293 0.0121681 0.012422
14 0.713742 0.369249 0.0103338 0.0183664 0.0123977
4 0.958137 0.38465 0.0186064 0.0207124 0.0123028
7 0.0368878 0.363659 0.0118109 0.0122754 0.0122759
4 0.58197 0.260271 0.0127304 0.0100267 0.0122645
22 0.769418 0.414756 0.00997693 0.0241362 0.0120451
1 0.773209 0.358508 0.0123984 0.014703 0.0120073
7 0.61964 0.276973 0.00787244 0.0200308 0.0119564
7 0.986583 0.421637 0.0152683 0.0156104 0.0119233
1 0.759787 0.340351 0.00910217 0.0197767 0.0118714
1 0.705557 0.363004 0.00861389 0.0195344 0.0118415
5 0.480147 0.215319 0.0062609 0.00930811 0.0116885
7 0.952133 0.712599 0.0307875 0.0315793 0.0115786
1 0.576007 0.254666 0.0103086 0.0131034 0.0115718
1 0.494844 0.26111 0.00781607 0.01554 0.0115258
4 0.20688 0.460453 0.018692 0.0158546 0.0115063
1 0.605033 0.296633 0.00913074 0.0171506 0.0115035
7 0.657098 0.513294 0.0173439 0.0114351 0.0113765
8 0.758505 0.353121 0.0126156 0.0172292 0.0113624
7 0.441785 0.389287 0.00735095 0.0302967 0.0113304
8 0.781118 0.364451 0.00319574 0.0106732 0.0113207
0 0.990224 0.606006 0.0134591 0.0428247 0.0113174
1 0.145261 0.396404 0.0190295 0.0305114 0.0112424
7 0.770988 0.409667 0.00948578 0.0237748 0.0112259
14 0.69035 0.35471 0.00734839 0.0157286 0.0112084
0 0.69035 0.35471 0.00734839 0.0157286 0.0110294
1 0.789553 0.366194 0.00779797 0.0117774 0.01099
4 0.48244 0.225506 0.00521753 0.0112069 0.0108275
1 0.495709 0.254104 0.00646802 0.0118525 0.0107869
1 0.741899 0.388741 0.00937408 0.0188567 0.0107274
1 0.641326 0.669975 0.0119915 0.02378 0.0107026
1 0.601866 0.276039 0.00796637 0.0184204 0.0106196
1 0.576389 0.261383 0.0110305 0.0123966 0.0105953
8 0.0391474 0.359346 0.0104246 0.0128077 0.0105326
4 0.991748 0.59062 0.0131496 0.0281928 0.0104672
4 0.958281 0.574629 0.0184727 0.0345288 0.0104071
1 0.60688 0.293509 0.0141204 0.0165473 0.0103453
8 0.0486662 0.395833 0.00998151 0.0286462 0.010277
14 0.690218 0.350082 0.00828992 0.02022 0.0102411
8 0.962418 0.570813 0.0243196 0.0302169 0.0101464
0 0.708659 0.370139 0.0075564 0.0187408 0.0101331
0 0.771055 0.374416 0.0102542 0.0196053 0.0100915
8 0.958137 0.38465 0.0186064 0.0207124 0.0100718
0 0.414327 0.369389 0.00933459 0.0180458 0.0100356
1 0.724324 0.62734 0.0183241 0.0682759 0.010011
8 0.620554 0.28378 0.00708569 0.0148251 0.00988139
1 0.489014 0.290264 0.00928095 0.0151987 0.00985775
4 0.0515621 0.352912 0.0113942 0.0158351 0.00982304
14 0.706009 0.346965 0.0100197 0.0186915 0.00974753
8 0.991748 0.59062 0.0131496 0.0281928 0.00960767
7 0.152055 0.397598 0.00918485 0.0371655 0.00960037
2 0.742095 0.393934 0.0101814 0.0169522 0.00947976
4 0.94327 0.386902 0.0314882 0.0185138 0.00939811
8 0.64477 0.320951 0.0153774 0.0171409 0.00939417
7 0.346142 0.346349 0.0103255 0.013658 0.00938444
4 0.985349 0.576026 0.0235265 0.0301261 0.00938228
8 0.789223 0.370568 0.00768665 0.0180957 0.00935757
4 0.437116 0.327833 0.0125723 0.0129889 0.00933679
0 0.776273 0.404928 0.00951471 0.0150479 0.00932618
5 0.508841 0.263259 0.00944183 0.0171041 0.00927097
8 0.615524 0.632973 0.010571 0.0233106 0.00922149
0 0.690218 0.350082 0.00828992 0.02022 0.00914261
1 0.959371 0.414561 0.0103729 0.0163879 0.00913198
7 0.0484786 0.407794 0.00965836 0.0183421 0.00911794
0 0.650989 0.322134 0.016795 0.014563 0.00910619
4 0.969809 0.387323 0.0257695 0.0165342 0.00907774
8 0.958281 0.574629 0.0184727 0.0345288 0.00900225
4 0.513808 0.255407 0.00915472 0.0149023 0.00892067
8 0.200365 0.418763 0.013678 0.0192998 0.00886668
1 0.958137 0.38465 0.0186064 0.0207124 0.00884596
7 0.173459 0.37672 0.0110535 0.0194111 0.00883775
2 0.0519973 0.408995 0.00862024 0.0159549 0.00883573
8 0.263895 0.412649 0.0118967 0.0140065 0.00881626
4 0.990128 0.826831 0.0173156 0.0537043 0.0087941
5 0.773209 0.358508 0.0123984 0.014703 0.00857033
0 0.781118 0.364451 0.00319574 0.0106732 0.00855678
4 0.605033 0.296633 0.00913074 0.0171506 0.00855099
7 0.605033 0.296633 0.00913074 0.0171506 0.00854904
14 0.435208 0.325284 0.0105861 0.0153475 0.00850106
0 0.861743 0.591097 0.0135255 0.0263313 0.00849892
7 0.347398 0.317827 0.00861511 0.0189719 0.00847205
1 0.395971 0.947516 0.0107838 0.0291721 0.00842505
4 0.545714 0.270429 0.00722369 0.0104112 0.00842233
8 0.986583 0.421637 0.0152683 0.0156104 0.00835822
2 0.777271 0.245889 0.0071145 0.0103612 0.00833127
8 0.260873 0.412581 0.0131919 0.0127037 0.00828482
0 0.773209 0.358508 0.0123984 0.014703 0.00816764
0 0.397412 0.349124 0.00851535 0.0150867 0.00808651
8 0.0480501 0.380707 0.00884328 0.0136137 0.0080417
0 0.961303 0.705409 0.0121531 0.0222466 0.00795029
3 0.709753 0.368565 0.00833698 0.0184774 0.00793727
0 0.442459 0.361852 0.00516702 0.0127862 0.00791775
1 0.346142 0.346349 0.0103255 0.013658 0.00786642
1 0.596422 0.271143 0.00785596 0.0109695 0.00784889
4 0.340858 0.286337 0.00759418 0.0110312 0.00780419
4 0.635952 0.319513 0.0114366 0.0115244 0.00779274
0 0.75886 0.335626 0.0103184 0.0252158 0.00778865
4 0.986583 0.421637 0.0152683 0.0156104 0.00777565
6 0.431694 0.171524 0.00986008 0.0123265 0.00765264
4 0.994804 0.705414 0.00744965 0.0207943 0.00761898
1 0.761424 0.339576 0.0141705 0.0220483 0.00757433
2 0.641667 0.670177 0.0124447 0.0245028 0.00756056
0 0.7417 0.398822 0.0122853 0.0203673 0.00755695
14 0.20865 0.417953 0.0176338 0.0232079 0.00755066
7 0.410487 0.376073 0.0103925 0.0121447 0.00755025
8 0.741899 0.388741 0.00937408 0.0188567 0.00751411
4 0.19526 0.36044 0.0121164 0.0127411 0.00751381
8 0.965658 0.575988 0.0278125 0.0353727 0.00747257
4 0.178415 0.359063 0.0114483 0.0120644 0.00747101
4 0.647774 0.320297 0.00846063 0.0181636 0.00745089
14 0.410324 0.373459 0.00860956 0.0136817 0.00744488
