18 0.538297 0.147226 0.189954 0.289684 0.880146
18 0.0609221 0.148503 0.121844 0.280629 0.870322
18 0.260619 0.132636 0.172158 0.261291 0.760427
46 0.182645 0.63198 0.21306 0.227239 0.552135
18 0.460338 0.681003 0.215609 0.568274 0.402536
18 0.83598 0.202962 0.17086 0.332939 0.191322
46 0.201815 0.724702 0.175154 0.133721 0.101475
18 0.186526 0.787369 0.241358 0.308879 0.0856794
44 0.189905 0.755307 0.220775 0.174735 0.0409773
46 0.187002 0.786144 0.238031 0.313697 0.0344887
46 0.183746 0.748604 0.21946 0.181668 0.0261016
19 0.837819 0.206083 0.173805 0.340743 0.01514
10 0.459764 0.685272 0.216141 0.580282 0.0144746
32 0.458327 0.559885 0.204636 0.343266 0.0112127
18 0.160758 0.141531 0.146917 0.280489 0.0101997
46 0.0121052 0.740521 0.0231442 0.210777 0.00622516
18 0.727594 0.444389 0.145667 0.292305 0.00503422
40 0.0103367 0.738742 0.0206734 0.205796 0.00470044
44 0.190008 0.793681 0.223377 0.100332 0.00420806
44 0.0787187 0.747725 0.0934379 0.186306 0.00413561
44 0.0109037 0.740478 0.0218074 0.2108 0.00352609
31 0.0121052 0.740521 0.0231442 0.210777 0.00339888
46 0.0601661 0.736244 0.0556 0.16489 0.00330426
46 0.208421 0.759672 0.166254 0.0838046 0.002895
55 0.537591 0.156141 0.188228 0.275335 0.00257698
44 0.0601661 0.736244 0.0556 0.16489 0.00237988
18 0.58233 0.649886 0.5258 0.685138 0.00236058
43 0.0107709 0.743456 0.0215418 0.20535 0.00183374
55 0.835173 0.209171 0.169395 0.327497 0.00180804
18 0.0108498 0.739163 0.0216996 0.211173 0.00158703
19 0.537706 0.150737 0.187734 0.286714 0.0015788
18 0.692052 0.714178 0.296632 0.563795 0.00150107
46 0.129119 0.771878 0.128041 0.144612 0.00132845
46 0.0604021 0.699789 0.0570218 0.0882172 0.00129775
10 0.0108498 0.739163 0.0216996 0.211173 0.00120084
18 0.0455793 0.178298 0.0909145 0.171268 0.00116248
18 0.723238 0.152307 0.170947 0.284433 0.00111894
14 0.0103367 0.738742 0.0206734 0.205796 0.0011021
32 0.0609221 0.148503 0.121844 0.280629 0.00109906
14 0.459764 0.685272 0.216141 0.580282 0.00109716
46 0.0302529 0.416152 0.0575766 0.114189 0.00103367
18 0.76717 0.642727 0.420878 0.707665 0.00102069
