15 0.763412 0.562088 0.359651 0.38773 0.962534
8 0.15582 0.781034 0.065241 0.0943383 0.193577
3 0.217073 0.763572 0.0589416 0.08976 0.115772
5 0.155806 0.781291 0.066647 0.0968878 0.0535475
7 0.0668278 0.689884 0.0147615 0.0355119 0.0527687
3 0.229469 0.760528 0.0515486 0.084382 0.0431639
3 0.206712 0.769748 0.0474381 0.0835827 0.0391785
8 0.176415 0.775356 0.110656 0.0995502 0.0216005
3 0.190589 0.772918 0.0560439 0.0893492 0.0197176
0 0.0668278 0.689884 0.0147615 0.0355119 0.016799
1 0.249597 0.592639 0.162926 0.235063 0.0144662
14 0.155683 0.783603 0.064956 0.0954623 0.0110546
3 0.154135 0.781765 0.0660662 0.0932149 0.0104854
8 0.125359 0.78433 0.0309412 0.0681289 0.00995835
8 0.137113 0.777176 0.0527045 0.0821196 0.0096568
4 0.348216 0.663568 0.0440297 0.0647879 0.00955421
4 0.345424 0.669684 0.0308023 0.050666 0.00785003
5 0.172766 0.775675 0.0840076 0.0959056 0.0076552
22 0.0376402 0.916395 0.0743289 0.159678 0.00710218
22 0.122631 0.851579 0.040746 0.154088 0.0070835
4 0.539308 0.663512 0.0383157 0.0380017 0.00697209
6 0.155582 0.781204 0.064754 0.0947727 0.0060514
0 0.125359 0.78433 0.0309412 0.0681289 0.00601314
8 0.190589 0.772918 0.0560439 0.0893492 0.00591461
3 0.172766 0.775675 0.0840076 0.0959056 0.00571284
22 0.198166 0.838469 0.0287115 0.107361 0.00564142
8 0.217177 0.769274 0.0622144 0.0831324 0.00559958
8 0.140474 0.776456 0.0741659 0.0991179 0.00438521
7 0.935703 0.6065 0.0137126 0.0846808 0.0042752
3 0.246619 0.756556 0.0577833 0.0841593 0.0041708
2 0.292943 0.582423 0.010385 0.0122868 0.00368723
2 0.646521 0.37693 0.0243016 0.0190948 0.00361044
14 0.155855 0.827989 0.0654088 0.163124 0.0030293
4 0.355196 0.655399 0.043217 0.0508031 0.00277359
14 0.15136 0.807323 0.0533113 0.105878 0.00272977
4 0.52949 0.654022 0.0204753 0.0416832 0.00271218
23 0.198194 0.839405 0.0275432 0.105473 0.00266629
4 0.15477 0.786074 0.0639928 0.0905648 0.00266321
7 0.936305 0.626951 0.0139417 0.0503539 0.00252883
3 0.240287 0.769757 0.028239 0.0675815 0.00243499
0 0.137113 0.777176 0.0527045 0.0821196 0.00236129
4 0.537826 0.656703 0.0291987 0.0475608 0.00233442
4 0.341694 0.658124 0.0294904 0.0593496 0.00222087
8 0.155578 0.79358 0.0827183 0.126038 0.00219149
1 0.935843 0.613417 0.0140709 0.0706487 0.00202077
5 0.190589 0.772918 0.0560439 0.0893492 0.00196823
2 0.66998 0.393108 0.0126406 0.0318638 0.00186836
22 0.154728 0.872099 0.0737492 0.145341 0.00184049
4 0.137113 0.777176 0.0527045 0.0821196 0.00182318
14 0.124431 0.833326 0.0329336 0.159102 0.00180691
14 0.22058 0.762357 0.0566179 0.0883169 0.00177903
22 0.155249 0.852743 0.0542765 0.163842 0.00174982
8 0.145277 0.756408 0.0592979 0.084324 0.00172362
4 0.549291 0.667101 0.0191372 0.0297932 0.00156694
4 0.23711 0.59069 0.186892 0.243348 0.00149561
2 0.172922 0.739933 0.0204149 0.0240896 0.00144253
4 0.127053 0.780545 0.034288 0.0747042 0.00141669
8 0.157754 0.772648 0.0473001 0.0692701 0.00137575
3 0.125359 0.78433 0.0309412 0.0681289 0.00131043
2 0.319253 0.585965 0.00765717 0.0125995 0.00130876
4 0.366261 0.636234 0.0292101 0.0190773 0.00130107
22 0.20024 0.793241 0.0338231 0.0700417 0.00122866
36 0.151947 0.791796 0.055451 0.0861442 0.00121293
2 0.775783 0.312275 0.0120419 0.0218036 0.00118953
6 0.172766 0.775675 0.0840076 0.0959056 0.00114587
8 0.1234 0.764472 0.113804 0.119322 0.0011252
4 0.526352 0.656491 0.0326697 0.0387007 0.00105647
5 0.217337 0.764109 0.0580187 0.0949387 0.00102546
