4 0.347019 0.752651 0.190323 0.193907 0.93483
0 0.68482 0.723806 0.0448829 0.111324 0.84686
12 0.4577 0.691256 0.0298438 0.0300559 0.844479
12 0.062959 0.695886 0.0276224 0.0367886 0.822695
8 0.68584 0.76157 0.046668 0.105418 0.802739
4 0.854259 0.710351 0.0573334 0.0206491 0.653614
4 0.978496 0.7149 0.0385928 0.0234635 0.511509
4 0.13695 0.718887 0.033605 0.036312 0.441948
1 0.301833 0.658422 0.0222591 0.0244169 0.3704
4 0.938562 0.715104 0.0399296 0.0189489 0.323712
1 0.1241 0.680813 0.011325 0.0266539 0.293858
13 0.683336 0.681081 0.0149011 0.023983 0.273401
1 0.241127 0.689602 0.0170471 0.0213575 0.222668
1 0.180445 0.670742 0.0248728 0.0232384 0.195869
4 0.635141 0.698923 0.0144354 0.00977561 0.17177
4 0.930301 0.715186 0.0216749 0.0187542 0.160733
6 0.0635743 0.696499 0.0294499 0.0377852 0.156974
4 0.168795 0.714282 0.0206864 0.0154315 0.137731
1 0.173735 0.669744 0.0387377 0.0242743 0.132001
1 0.351457 0.663736 0.051396 0.0238653 0.112474
4 0.183867 0.71347 0.015231 0.0150487 0.108936
4 0.638474 0.697606 0.0164772 0.0116872 0.0966444
4 0.217786 0.715499 0.00998802 0.0120772 0.0947201
1 0.426808 0.65468 0.016739 0.0194132 0.0913573
1 0.498685 0.620404 0.0463037 0.0324601 0.0893507
1 0.168388 0.663877 0.0434829 0.0324021 0.0805731
4 0.834109 0.702288 0.0825942 0.0240304 0.0735211
4 0.152038 0.715056 0.0168886 0.022099 0.0730833
4 0.12017 0.711963 0.0169334 0.0173757 0.0698958
4 0.186842 0.70883 0.018079 0.0131561 0.0640861
4 0.800824 0.705295 0.0184778 0.0153877 0.0608706
4 0.207542 0.710787 0.0159866 0.0126628 0.0600606
4 0.162762 0.713508 0.0199844 0.0166959 0.0575404
4 0.960638 0.714525 0.0308838 0.0215518 0.0558196
1 0.22943 0.686746 0.0118698 0.0176203 0.0554053
4 0.136061 0.708072 0.0277557 0.0204132 0.049334
1 0.103072 0.618239 0.0403856 0.0309138 0.0493001
4 0.168464 0.722891 0.0251604 0.0310885 0.048333
15 0.0631659 0.696282 0.0277132 0.0368438 0.0371718
12 0.0782278 0.697968 0.00970349 0.0302493 0.0331584
1 0.151616 0.664514 0.0272246 0.0318762 0.0316971
4 0.181251 0.723943 0.0202046 0.0263217 0.0313402
4 0.115742 0.712981 0.0137522 0.0153472 0.0303362
1 0.256328 0.699763 0.0132181 0.01746 0.0294013
0 0.975552 0.715266 0.0394361 0.0248186 0.0265064
1 0.301747 0.651294 0.0241791 0.0196179 0.0247744
4 0.112352 0.715263 0.0168077 0.0134095 0.0242185
1 0.456187 0.690973 0.0284293 0.0303726 0.0241979
15 0.190199 0.703445 0.0167921 0.0154632 0.0222968
0 0.433706 0.71855 0.0118821 0.0225946 0.0221754
4 0.628787 0.699489 0.0270484 0.00944113 0.0219605
8 0.930301 0.715186 0.0216749 0.0187542 0.0214911
0 0.930301 0.715186 0.0216749 0.0187542 0.0209965
4 0.190199 0.703445 0.0167921 0.0154632 0.0202169
1 0.247556 0.668036 0.0115351 0.0209561 0.0199185
4 0.714603 0.702924 0.0134263 0.0112265 0.0194687
1 0.00613213 0.618912 0.0122643 0.0311292 0.0194471
4 0.72595 0.70377 0.0346727 0.0124969 0.0177098
4 0.0845342 0.710801 0.0184034 0.0119323 0.017548
4 0.203205 0.724807 0.0348112 0.0285098 0.0172594
1 0.167056 0.653908 0.033052 0.025587 0.0172497
1 0.272074 0.659088 0.0191216 0.0238809 0.0170093
4 0.258896 0.703606 0.0142682 0.0115204 0.0169626
4 0.635651 0.701276 0.0172395 0.0127427 0.0165046
4 0.22003 0.726136 0.0117957 0.0225967 0.0157786
0 0.845544 0.68729 0.00904468 0.0165038 0.015437
15 0.458268 0.691125 0.0310513 0.0310383 0.0151984
4 0.0937128 0.713377 0.0254602 0.0105141 0.0146319
4 0.455897 0.691502 0.0278296 0.03083 0.0146104
1 0.245887 0.693138 0.0177621 0.0185273 0.0145777
1 0.27979 0.6975 0.00734146 0.0172527 0.0141837
2 0.527521 0.607496 0.00760687 0.0146181 0.0140405
8 0.433706 0.71855 0.0118821 0.0225946 0.0139518
4 0.225709 0.709108 0.0177429 0.019555 0.0138169
4 0.191586 0.72347 0.0293069 0.0301482 0.0135185
2 0.0712081 0.429541 0.0119533 0.0180654 0.0133477
1 0.290314 0.649266 0.01004 0.0162374 0.0130759
1 0.0263823 0.612596 0.0161737 0.0181576 0.0129178
1 0.224268 0.688289 0.0123581 0.0185761 0.0125896
4 0.154719 0.706562 0.0146507 0.0180461 0.0124187
1 0.143263 0.673893 0.0125799 0.0282571 0.0123373
7 0.424475 0.0374313 0.0339407 0.0689884 0.0117769
6 0.4577 0.691256 0.0298438 0.0300559 0.0117536
1 0.186086 0.66923 0.0163018 0.0217249 0.0117209
1 0.225108 0.693853 0.0153642 0.0215015 0.0116878
13 0.683083 0.672148 0.0129675 0.0238314 0.0114931
4 0.186006 0.703871 0.018633 0.0184361 0.0114208
14 0.4577 0.691256 0.0298438 0.0300559 0.0112703
1 0.190199 0.703445 0.0167921 0.0154632 0.0111531
1 0.253136 0.666623 0.0157972 0.0169177 0.0110052
1 0.0421449 0.619695 0.0446934 0.0355862 0.0109949
1 0.0635743 0.696499 0.0294499 0.0377852 0.0103546
4 0.241509 0.696673 0.0176878 0.0225444 0.0103464
2 0.0643265 0.378059 0.0108299 0.0171491 0.0102486
17 0.683336 0.681081 0.0149011 0.023983 0.0100406
12 0.242641 0.691571 0.0166281 0.0240182 0.00962859
1 0.214792 0.610967 0.0128775 0.0179883 0.00918032
15 0.242641 0.691571 0.0166281 0.0240182 0.00909471
1 0.26578 0.700113 0.0144726 0.0162744 0.00899142
14 0.062959 0.695886 0.0276224 0.0367886 0.00882681
1 0.383472 0.659634 0.0115651 0.0187488 0.00848446
1 0.255977 0.684178 0.0149675 0.025067 0.00783851
1 0.166488 0.648032 0.0254762 0.0144813 0.00779977
15 0.186006 0.703871 0.018633 0.0184361 0.00778457
4 0.65397 0.699818 0.0225526 0.0112133 0.00740696
4 0.242954 0.707002 0.0170096 0.0208277 0.00738619
1 0.186006 0.703871 0.018633 0.0184361 0.00724329
1 0.257671 0.666682 0.0193988 0.0177591 0.0068177
8 0.939385 0.71496 0.0373165 0.020117 0.00668351
4 0.433706 0.71855 0.0118821 0.0225946 0.00663886
1 0.279483 0.663143 0.0222629 0.0239332 0.00653133
12 0.256328 0.699763 0.0132181 0.01746 0.00638374
1 0.429762 0.605953 0.0218027 0.0180329 0.00628235
0 0.939385 0.71496 0.0373165 0.020117 0.00610671
12 0.26578 0.700113 0.0144726 0.0162744 0.00606028
4 0.794856 0.704188 0.0258119 0.0137774 0.00583788
15 0.186842 0.70883 0.018079 0.0131561 0.00566121
6 0.242641 0.691571 0.0166281 0.0240182 0.00527478
4 0.256328 0.699763 0.0132181 0.01746 0.00520359
4 0.854228 0.718867 0.0645029 0.037434 0.00511653
12 0.0851932 0.709232 0.0169469 0.0105215 0.00508013
4 0.123441 0.707259 0.0154995 0.0190385 0.0048124
4 0.245887 0.693138 0.0177621 0.0185273 0.00453651
1 0.300283 0.67278 0.0177391 0.0166146 0.00450836
4 0.582413 0.701383 0.0122339 0.00874973 0.00450547
4 0.00858659 0.711822 0.0167589 0.0139515 0.00441914
0 0.848288 0.688963 0.0170762 0.0203094 0.00441575
8 0.691973 0.750971 0.0353442 0.0751719 0.0044093
1 0.268208 0.648308 0.00955786 0.0139192 0.00436782
15 0.13695 0.718887 0.033605 0.036312 0.00435754
14 0.854533 0.709764 0.0568277 0.0204426 0.00428447
7 0.286171 0.650982 0.0108847 0.0213134 0.00419039
4 0.925286 0.7135 0.0374202 0.0200101 0.00411055
4 0.255646 0.707788 0.0175987 0.0192276 0.00398727
4 0.789594 0.704866 0.0376317 0.0163011 0.0038171
6 0.190199 0.703445 0.0167921 0.0154632 0.00381371
2 0.0661849 0.380405 0.0131717 0.0228237 0.00378657
4 0.685643 0.723453 0.0455387 0.111327 0.00371033
0 0.960638 0.714525 0.0308838 0.0215518 0.00364873
4 0.828413 0.695496 0.0661295 0.0347473 0.00364674
1 0.286171 0.650982 0.0108847 0.0213134 0.00362265
15 0.241509 0.696673 0.0176878 0.0225444 0.00352786
4 0.848288 0.688963 0.0170762 0.0203094 0.00341703
1 0.52956 0.66658 0.00805121 0.0191719 0.00338203
1 0.126251 0.669425 0.0117637 0.0448501 0.00337818
9 0.691973 0.750971 0.0353442 0.0751719 0.00328264
7 0.268208 0.648308 0.00955786 0.0139192 0.00324717
1 0.154719 0.706562 0.0146507 0.0180461 0.0032276
4 0.725153 0.711766 0.0395511 0.027282 0.00322239
0 0.800824 0.705295 0.0184778 0.0153877 0.00320185
1 0.475824 0.593403 0.0107831 0.0194144 0.00315358
1 0.200609 0.692021 0.0115268 0.0120239 0.00308069
0 0.709575 0.703254 0.0145943 0.0323166 0.00307903
8 0.975552 0.715266 0.0394361 0.0248186 0.00305631
6 0.834109 0.702288 0.0825942 0.0240304 0.00299467
5 0.930301 0.715186 0.0216749 0.0187542 0.00283967
1 0.242661 0.679867 0.0180672 0.0221868 0.0027872
12 0.27979 0.6975 0.00734146 0.0172527 0.00277819
1 0.0849583 0.65374 0.016253 0.0203266 0.0027622
14 0.433706 0.71855 0.0118821 0.0225946 0.00275846
1 0.258896 0.703606 0.0142682 0.0115204 0.00272638
6 0.186006 0.703871 0.018633 0.0184361 0.00267812
1 0.312564 0.656705 0.0146904 0.0202545 0.00267522
1 0.538249 0.687261 0.010802 0.024715 0.00266572
1 0.475617 0.601486 0.0108731 0.0172308 0.00266453
7 0.1241 0.680813 0.011325 0.0266539 0.0026391
4 0.434568 0.712177 0.0128939 0.0188097 0.00259268
1 0.267347 0.680349 0.0177696 0.0228776 0.00255917
4 0.709575 0.703254 0.0145943 0.0323166 0.00254431
6 0.241509 0.696673 0.0176878 0.0225444 0.00253025
8 0.683946 0.726771 0.0434502 0.116177 0.0025107
6 0.0851932 0.709232 0.0169469 0.0105215 0.00246438
4 0.204937 0.70541 0.0157163 0.0165896 0.00241869
1 0.433706 0.71855 0.0118821 0.0225946 0.0024123
2 0.0700209 0.425031 0.0119999 0.0201936 0.00240347
4 0.955968 0.710086 0.0372888 0.0272323 0.00238686
1 0.0210117 0.611156 0.0123373 0.0193234 0.00238388
1 0.0171281 0.61793 0.00917144 0.0259567 0.00237471
6 0.186842 0.70883 0.018079 0.0131561 0.00233503
8 0.960638 0.714525 0.0308838 0.0215518 0.00231889
4 0.98773 0.713363 0.0245408 0.0209276 0.0022588
4 0.165683 0.706073 0.0185836 0.0176445 0.00222825
14 0.930301 0.715186 0.0216749 0.0187542 0.00219185
1 0.139257 0.673901 0.0131047 0.0312132 0.00217872
4 0.938694 0.72058 0.0383597 0.0313332 0.00217074
5 0.939385 0.71496 0.0373165 0.020117 0.00215337
4 0.97204 0.719901 0.0386251 0.0323295 0.00215173
4 0.939787 0.709398 0.0380314 0.0303155 0.00211637
2 0.0210117 0.611156 0.0123373 0.0193234 0.00209626
1 0.460379 0.596415 0.018147 0.0172867 0.00208345
1 0.146385 0.693661 0.0195596 0.0182104 0.0020656
1 0.403703 0.664479 0.00692407 0.0226005 0.00201847
1 0.492372 0.662331 0.0113874 0.0257948 0.00200796
4 0.0938875 0.728233 0.0292947 0.0250656 0.00199528
4 0.0147443 0.712437 0.0261712 0.0120404 0.00198804
1 0.387749 0.665581 0.0138685 0.0228066 0.00194187
1 0.205995 0.681778 0.0130204 0.0172948 0.00193946
1 0.204937 0.70541 0.0157163 0.0165896 0.00193799
4 0.107238 0.724337 0.0325126 0.0250155 0.00193632
12 0.0876625 0.705593 0.0152195 0.0192627 0.0019307
1 0.0782278 0.697968 0.00970349 0.0302493 0.00192805
1 0.282075 0.680415 0.0138766 0.0218735 0.00192491
1 0.00854552 0.624418 0.0160167 0.0405153 0.00181906
13 0.686494 0.671349 0.0158478 0.0221661 0.00179951
15 0.115742 0.712981 0.0137522 0.0153472 0.00178092
4 0.266588 0.714688 0.0126491 0.0194912 0.00177845
15 0.0851932 0.709232 0.0169469 0.0105215 0.00177648
4 0.00738497 0.706761 0.0141501 0.0208603 0.00177033
1 0.427584 0.650508 0.0171961 0.0177602 0.00176379
1 0.500064 0.628048 0.041579 0.0394336 0.00174727
14 0.939385 0.71496 0.0373165 0.020117 0.00170479
4 0.242641 0.691571 0.0166281 0.0240182 0.00170285
1 0.300271 0.61227 0.0173082 0.0177371 0.00167523
4 0.587547 0.701681 0.0180819 0.00875646 0.00164482
9 0.6907 0.726757 0.0349301 0.111139 0.00161083
13 0.845544 0.68729 0.00904468 0.0165038 0.00160061
0 0.714603 0.702924 0.0134263 0.0112265 0.00159841
4 0.635368 0.707533 0.0281097 0.0227368 0.00159548
1 0.165683 0.706073 0.0185836 0.0176445 0.00159186
1 0.241509 0.696673 0.0176878 0.0225444 0.0015872
22 0.433706 0.71855 0.0118821 0.0225946 0.00157885
0 0.192683 0.342348 0.0694261 0.326117 0.00157412
6 0.0782278 0.697968 0.00970349 0.0302493 0.00156922
4 0.226707 0.722904 0.0223147 0.0316636 0.00156609
6 0.256328 0.699763 0.0132181 0.01746 0.00154907
7 0.0165156 0.640234 0.00794223 0.0281188 0.00153867
1 0.0165156 0.640234 0.00794223 0.0281188 0.00153348
0 0.638474 0.697606 0.0164772 0.0116872 0.00151246
7 0.0263823 0.612596 0.0161737 0.0181576 0.00150788
15 0.228369 0.694357 0.0152227 0.0214829 0.00147979
4 0.849938 0.700478 0.0606635 0.0289249 0.00147499
7 0.0210117 0.611156 0.0123373 0.0193234 0.00146605
1 0.685381 0.762395 0.0464086 0.0961137 0.00146276
0 0.389301 0.733839 0.028609 0.114921 0.00145463
15 0.256328 0.699763 0.0132181 0.01746 0.00145136
15 0.26578 0.700113 0.0144726 0.0162744 0.00140736
1 0.00600208 0.632851 0.0120042 0.0271631 0.00140006
2 0.0329503 0.493003 0.00859663 0.0144185 0.00137391
15 0.0782278 0.697968 0.00970349 0.0302493 0.00136207
1 0.53285 0.678862 0.0145611 0.0337597 0.00134386
4 0.26578 0.700113 0.0144726 0.0162744 0.00131746
15 0.245887 0.693138 0.0177621 0.0185273 0.00130578
24 0.062959 0.695886 0.0276224 0.0367886 0.00130208
15 0.136061 0.708072 0.0277557 0.0204132 0.00129051
0 0.436241 0.715538 0.0151735 0.0211793 0.00127642
4 0.435857 0.707687 0.0159381 0.036149 0.00126163
6 0.0420633 0.698813 0.0619762 0.0346305 0.00125633
4 0.853036 0.694013 0.0441715 0.0334207 0.00125525
1 0.113449 0.642407 0.0296744 0.023943 0.00125378
8 0.932741 0.720797 0.0281284 0.0303769 0.00125308
7 0.425121 0.0781435 0.0429085 0.152019 0.00125002
4 0.136407 0.735215 0.0338839 0.0466644 0.00121571
4 0.845544 0.68729 0.00904468 0.0165038 0.00121303
1 0.429232 0.611785 0.0225957 0.0245413 0.00121003
0 0.688008 0.694083 0.0332963 0.0298765 0.00119533
4 0.647102 0.708858 0.0280776 0.0263715 0.0011845
2 0.505101 0.481645 0.0138584 0.0339155 0.00117757
1 0.223353 0.644342 0.0179558 0.00886612 0.00116256
4 0.640114 0.689888 0.0160095 0.022555 0.00116099
1 0.845544 0.68729 0.00904468 0.0165038 0.00115825
0 0.134719 0.706528 0.0240348 0.0173194 0.00115743
15 0.162762 0.713508 0.0199844 0.0166959 0.00115412
6 0.00738497 0.706761 0.0141501 0.0208603 0.00112899
6 0.245887 0.693138 0.0177621 0.0185273 0.0011281
4 0.715593 0.716344 0.0218619 0.0366986 0.00111735
17 0.683083 0.672148 0.0129675 0.0238314 0.00110481
4 0.436241 0.715538 0.0151735 0.0211793 0.00108464
8 0.800253 0.705068 0.0187211 0.0149549 0.00108243
1 0.261111 0.649781 0.0138853 0.01732 0.00107139
4 0.976631 0.727869 0.0405038 0.0499023 0.00106967
4 0.0128392 0.706401 0.0220771 0.0205548 0.0010628
2 0.120348 0.607164 0.013133 0.0149703 0.0010545
3 0.683173 0.748395 0.0449899 0.0900221 0.00100438
1 0.459659 0.588087 0.0163305 0.0278029 0.00100066
