8 0.828077 0.790353 0.103714 0.179825 0.905887
22 0.268625 0.844995 0.0342689 0.0908981 0.796917
0 0.827839 0.753519 0.0883482 0.201639 0.339605
22 0.228148 0.840614 0.032825 0.0951045 0.297281
4 0.684363 0.706455 0.0800933 0.0606664 0.296423
2 0.403213 0.456321 0.0119488 0.0189342 0.168118
2 0.439499 0.37415 0.0227754 0.0271895 0.101847
13 0.836159 0.663381 0.0235669 0.019153 0.0769848
8 0.018882 0.703864 0.036414 0.0689065 0.0682275
14 0.941071 0.705346 0.0337074 0.114061 0.0654914
2 0.452365 0.419108 0.0289483 0.031558 0.0532727
26 0.227109 0.839886 0.0325663 0.0948154 0.0499879
42 0.836159 0.663381 0.0235669 0.019153 0.0495335
22 0.43911 0.797778 0.0253546 0.0356739 0.0481744
13 0.838786 0.672108 0.0249979 0.0293091 0.046492
8 0.0122834 0.707093 0.0235836 0.0627919 0.0445964
2 0.070207 0.53543 0.0104545 0.0192654 0.0432163
8 0.0338743 0.706242 0.0671595 0.0710828 0.0408863
22 0.316281 0.782607 0.022285 0.069485 0.0398744
2 0.4082 0.474583 0.0141662 0.0178328 0.0395533
8 0.262449 0.776689 0.0377014 0.0884353 0.0379844
14 0.959198 0.702662 0.069535 0.115411 0.0371984
13 0.833687 0.672869 0.0263027 0.0239032 0.0371475
8 0.201761 0.620168 0.0303548 0.0430885 0.0344159
2 0.43503 0.388862 0.0208484 0.0236093 0.0337535
8 0.684596 0.707257 0.0796305 0.0591799 0.0297772
8 0.0957727 0.794752 0.190002 0.217038 0.0255031
2 0.421941 0.373393 0.0135829 0.0192204 0.0247563
2 0.399517 0.455932 0.0124372 0.020174 0.024045
26 0.316281 0.782607 0.022285 0.069485 0.0225133
2 0.0614284 0.537586 0.0141739 0.017106 0.0222559
0 0.848015 0.655352 0.0227263 0.0434629 0.0222538
22 0.317775 0.778094 0.0325195 0.0827728 0.0195124
13 0.849339 0.66938 0.027774 0.0497467 0.0165371
22 0.244955 0.840654 0.0250982 0.0928663 0.0149248
8 0.261114 0.806033 0.0492111 0.145349 0.0147731
0 0.844375 0.745607 0.0503572 0.226078 0.0135933
2 0.415344 0.474985 0.0125937 0.0185692 0.013329
8 0.0249558 0.713417 0.0484392 0.0566801 0.0121745
2 0.08893 0.53124 0.0115694 0.0237539 0.0119023
2 0.0794845 0.528884 0.017345 0.0216063 0.0117371
0 0.849339 0.66938 0.027774 0.0497467 0.0116001
0 0.847797 0.689785 0.0389974 0.115813 0.0112056
8 0.249418 0.777523 0.0523654 0.0940527 0.011127
2 0.412751 0.457195 0.022417 0.0200972 0.0105826
8 0.216961 0.62166 0.0242515 0.0418837 0.0103711
2 0.420556 0.369235 0.0132194 0.0181578 0.0103689
17 0.836159 0.663381 0.0235669 0.019153 0.0103188
2 0.451472 0.437951 0.0284558 0.0562444 0.0102779
8 0.23186 0.628282 0.025495 0.0423791 0.00980297
10 0.223783 0.84098 0.0271119 0.0931384 0.00967499
0 0.840975 0.716207 0.0449747 0.11912 0.00963138
8 0.0471984 0.713955 0.054279 0.0561978 0.00858434
18 0.368438 0.78623 0.0225636 0.0470004 0.00844863
13 0.851319 0.639407 0.00949377 0.0244582 0.00833679
0 0.84845 0.647119 0.0122219 0.0301488 0.00791948
11 0.836159 0.663381 0.0235669 0.019153 0.00784162
0 0.0599993 0.587757 0.0295963 0.0487821 0.00775724
8 0.706195 0.704512 0.0378127 0.0540194 0.00739818
4 0.836159 0.663381 0.0235669 0.019153 0.0073395
2 0.0574763 0.568864 0.0234687 0.0181217 0.00710099
0 0.851319 0.639407 0.00949377 0.0244582 0.0069503
22 0.421226 0.757608 0.0198459 0.117108 0.00666877
22 0.346168 0.782831 0.0278712 0.0666904 0.00651811
13 0.828005 0.67971 0.0303124 0.0297251 0.00628207
4 0.0110921 0.700504 0.0210638 0.0705853 0.00626465
22 0.237222 0.841091 0.0304971 0.097911 0.00612005
3 0.0122834 0.707093 0.0235836 0.0627919 0.00605075
2 0.0634014 0.54492 0.012581 0.0210114 0.00581195
14 0.0110921 0.700504 0.0210638 0.0705853 0.00536291
5 0.0110921 0.700504 0.0210638 0.0705853 0.00514576
2 0.465616 0.452075 0.0136065 0.0271387 0.00483256
2 0.407989 0.453914 0.0174255 0.0220949 0.00459812
8 0.0422948 0.715371 0.0317015 0.050532 0.00458619
13 0.829411 0.690549 0.0298101 0.0463576 0.00434261
23 0.31419 0.780111 0.0170616 0.0765167 0.00429655
22 0.43341 0.789629 0.0207811 0.0525437 0.00421517
11 0.833687 0.672869 0.0263027 0.0239032 0.0041915
17 0.0599993 0.587757 0.0295963 0.0487821 0.0041726
3 0.018882 0.703864 0.036414 0.0689065 0.00412375
8 0.320477 0.776262 0.0400123 0.0869052 0.00379615
4 0.708024 0.701277 0.0317044 0.0558627 0.00372533
8 0.346168 0.782831 0.0278712 0.0666904 0.00365578
0 0.710428 0.697244 0.028363 0.0626169 0.0036414
2 0.239088 0.542315 0.00901943 0.0119891 0.00353056
4 0.827955 0.789349 0.103041 0.180798 0.00352105
20 0.83723 0.664252 0.0239095 0.0228032 0.00348555
2 0.436971 0.383029 0.0240752 0.0368769 0.0034627
2 0.0614343 0.548506 0.0155117 0.0285834 0.00336827
13 0.848015 0.655352 0.0227263 0.0434629 0.00313015
10 0.316281 0.782607 0.022285 0.069485 0.00310726
17 0.851319 0.639407 0.00949377 0.0244582 0.00300459
22 0.415991 0.751964 0.0210078 0.1317 0.00293704
17 0.833687 0.672869 0.0263027 0.0239032 0.00292533
13 0.832634 0.667525 0.0355867 0.0203108 0.00288941
13 0.835483 0.753982 0.0639271 0.198449 0.00279901
8 0.239236 0.62494 0.0334696 0.051682 0.0027941
23 0.317266 0.778057 0.0310709 0.0832345 0.00274019
2 0.867635 0.541356 0.0141189 0.0154331 0.00270216
26 0.243278 0.839455 0.0273915 0.0970096 0.00266565
26 0.327739 0.796511 0.0128561 0.0400164 0.00266294
17 0.849339 0.66938 0.027774 0.0497467 0.00257279
17 0.838786 0.672108 0.0249979 0.0293091 0.00242966
0 0.0595717 0.613341 0.028391 0.0564668 0.00239355
0 0.828005 0.67971 0.0303124 0.0297251 0.00238281
0 0.837946 0.654604 0.024826 0.0270316 0.0023235
8 0.190595 0.621708 0.0269603 0.0499259 0.00221199
14 0.706195 0.704512 0.0378127 0.0540194 0.00217066
11 0.838786 0.672108 0.0249979 0.0293091 0.00214204
8 0.248244 0.796051 0.0667083 0.13366 0.00213947
5 0.0957727 0.794752 0.190002 0.217038 0.00213369
1 0.438581 0.374549 0.0245913 0.0280685 0.00212676
35 0.320477 0.776262 0.0400123 0.0869052 0.0021017
2 0.386932 0.488484 0.0137925 0.0196465 0.00207205
0 0.829411 0.690549 0.0298101 0.0463576 0.00207202
11 0.828005 0.67971 0.0303124 0.0297251 0.00207002
0 0.838786 0.672108 0.0249979 0.0293091 0.00198064
42 0.832634 0.667525 0.0355867 0.0203108 0.00197465
14 0.97132 0.694694 0.049322 0.11026 0.00194104
5 0.0338743 0.706242 0.0671595 0.0710828 0.00190829
18 0.377576 0.779381 0.0293981 0.0420792 0.00185813
17 0.848015 0.655352 0.0227263 0.0434629 0.00185231
0 0.417877 0.750434 0.0309475 0.157875 0.00183384
35 0.346168 0.782831 0.0278712 0.0666904 0.0018327
42 0.837946 0.654604 0.024826 0.0270316 0.00176196
22 0.262896 0.778021 0.0368349 0.0904775 0.00172591
5 0.018882 0.703864 0.036414 0.0689065 0.00169459
0 0.0573648 0.599837 0.0299401 0.0736047 0.00167189
8 0.818734 0.752452 0.0745942 0.174057 0.00166056
0 0.832634 0.667525 0.0355867 0.0203108 0.00164407
26 0.317266 0.778057 0.0310709 0.0832345 0.00163909
11 0.829411 0.690549 0.0298101 0.0463576 0.0016285
17 0.0574763 0.568864 0.0234687 0.0181217 0.00161348
26 0.345404 0.783563 0.028211 0.064273 0.00157844
2 0.463095 0.448705 0.017556 0.0335922 0.0015613
13 0.837946 0.654604 0.024826 0.0270316 0.00154594
17 0.837946 0.654604 0.024826 0.0270316 0.00151546
2 0.867487 0.537468 0.0161533 0.017309 0.00150568
22 0.327739 0.796511 0.0128561 0.0400164 0.00150112
22 0.331186 0.791389 0.0146917 0.0499253 0.00149455
18 0.38768 0.774848 0.0196615 0.039206 0.00149356
11 0.832634 0.667525 0.0355867 0.0203108 0.00147181
30 0.439499 0.37415 0.0227754 0.0271895 0.00146011
1 0.851319 0.639407 0.00949377 0.0244582 0.00144642
8 0.327469 0.772294 0.063911 0.0933993 0.00140023
2 0.40865 0.481543 0.0118317 0.0272697 0.00139403
35 0.439874 0.799661 0.0257404 0.0339211 0.00136785
3 0.0338743 0.706242 0.0671595 0.0710828 0.00136689
36 0.243278 0.839455 0.0273915 0.0970096 0.00130863
22 0.237716 0.822656 0.0367809 0.128234 0.00130197
20 0.838786 0.672108 0.0249979 0.0293091 0.00129624
18 0.34599 0.783408 0.0281999 0.0664234 0.00129487
11 0.837946 0.654604 0.024826 0.0270316 0.0012904
18 0.230153 0.839066 0.0337966 0.097208 0.00128639
2 0.239385 0.537174 0.00918929 0.0158506 0.00123979
3 0.0957727 0.794752 0.190002 0.217038 0.00121655
18 0.00994526 0.697418 0.0192265 0.0699429 0.00119836
35 0.25953 0.794605 0.0406211 0.125354 0.00119262
4 0.0360525 0.696223 0.071454 0.0849738 0.00118951
17 0.828005 0.67971 0.0303124 0.0297251 0.00117743
0 0.83723 0.664252 0.0239095 0.0228032 0.00117513
2 0.0476965 0.56124 0.0427076 0.0306965 0.00116185
2 0.428997 0.416297 0.0195999 0.0345287 0.00115262
11 0.84845 0.647119 0.0122219 0.0301488 0.001146
2 0.12738 0.502261 0.0107888 0.0269595 0.00113927
2 0.473778 0.622108 0.02153 0.0288223 0.00110772
2 0.427849 0.451869 0.0170105 0.0254615 0.00110215
23 0.228842 0.839896 0.0328403 0.0963449 0.00108677
2 0.427464 0.436597 0.0176294 0.0303996 0.00107678
2 0.08949 0.538901 0.0133305 0.0196054 0.00106665
17 0.832634 0.667525 0.0355867 0.0203108 0.00105258
36 0.230153 0.839066 0.0337966 0.097208 0.00101581
9 0.829411 0.690549 0.0298101 0.0463576 0.00101522
8 0.275997 0.776555 0.0567859 0.092643 0.00101396
