19 0.576855 0.698741 0.792885 0.590755 0.944979
31 0.498552 0.0692482 0.159854 0.136557 0.927246
18 0.0662867 0.49782 0.131129 0.326595 0.919966
19 0.180799 0.43309 0.361599 0.453753 0.871809
18 0.548738 0.463969 0.141585 0.270427 0.672788
18 0.893443 0.600956 0.16181 0.456205 0.65596
18 0.38855 0.322569 0.15151 0.226223 0.648927
18 0.169626 0.819148 0.336577 0.360729 0.584194
18 0.547668 0.369493 0.146094 0.0815009 0.305128
18 0.879484 0.83293 0.241032 0.33054 0.222882
18 0.500647 0.313335 0.116367 0.197376 0.138764
18 0.340514 0.304499 0.0689995 0.245252 0.0987637
18 0.34608 0.26372 0.0701022 0.172848 0.0773567
18 0.384624 0.344655 0.0897413 0.175516 0.0719162
18 0.425635 0.314789 0.0807659 0.202649 0.0483806
18 0.887088 0.905594 0.225825 0.185909 0.0449918
18 0.893616 0.456706 0.151878 0.166338 0.0422347
18 0.535401 0.320298 0.158589 0.179597 0.0354857
18 0.0251806 0.485448 0.0496362 0.293407 0.0341946
18 0.47402 0.314526 0.0774363 0.196329 0.0295663
18 0.344262 0.223855 0.0681845 0.0937855 0.0238381
18 0.0951988 0.469137 0.142113 0.362665 0.0229461
34 0.335741 0.596754 0.110201 0.287811 0.0223714
18 0.923207 0.851946 0.153587 0.291132 0.0197194
18 0.402701 0.302858 0.108876 0.193628 0.0184946
19 0.177598 0.24274 0.111596 0.0463261 0.0134611
18 0.926099 0.913296 0.146593 0.170333 0.0122474
18 0.453923 0.316778 0.0485909 0.195106 0.00877359
19 0.0881482 0.424988 0.174447 0.436975 0.00853919
18 0.933164 0.639696 0.133015 0.456498 0.00745313
18 0.372388 0.713495 0.366305 0.509261 0.00739749
18 0.974545 0.646194 0.0509094 0.436693 0.00656781
18 0.233558 0.439474 0.188321 0.435816 0.00572058
48 0.336206 0.598034 0.109561 0.281649 0.005695
18 0.558962 0.702069 0.736242 0.592881 0.00441683
19 0.177906 0.256832 0.113204 0.0439806 0.0044041
18 0.402479 0.331905 0.0723823 0.179437 0.00407238
18 0.124703 0.444614 0.0859865 0.380989 0.00385807
18 0.0654334 0.446602 0.109245 0.207034 0.00371566
18 0.44163 0.329543 0.0694433 0.192258 0.00356126
18 0.0418941 0.477747 0.0817256 0.27979 0.00343865
18 0.26233 0.906869 0.385627 0.181015 0.00339948
18 0.955026 0.915091 0.0888104 0.165706 0.00289654
18 0.292866 0.321425 0.131922 0.228779 0.00229725
19 0.174782 0.248382 0.113986 0.0287949 0.00222913
18 0.869487 0.674156 0.225986 0.555339 0.0020858
18 0.0191847 0.429837 0.0383694 0.436492 0.00203609
18 0.104068 0.385515 0.132146 0.297093 0.00200231
18 0.187629 0.445576 0.160963 0.411794 0.00199497
18 0.10749 0.471244 0.110572 0.279142 0.00197252
55 0.499336 0.0697581 0.160563 0.135033 0.00172304
18 0.500301 0.267365 0.142504 0.293219 0.00168881
18 0.523148 0.211485 0.180576 0.397504 0.00167136
18 0.545546 0.422954 0.134829 0.164841 0.00162525
51 0.336206 0.598034 0.109561 0.281649 0.0016141
18 0.353986 0.33149 0.0969944 0.209902 0.00153557
19 0.134959 0.0012005 0.269918 0.00240099 0.00149909
19 0.280239 0.251473 0.163941 0.0846508 0.00138035
18 0.208638 0.329783 0.163422 0.198488 0.0012174
43 0.49901 0.0698699 0.160729 0.133997 0.00110871
19 0.0197648 0.421671 0.0395296 0.452996 0.0010364
19 0.186762 0.288416 0.127104 0.102464 0.00102658
