4 0.896866 0.744863 0.202308 0.116718 0.912718
3 0.784232 0.789218 0.0797742 0.0824677 0.857898
8 0.232285 0.785059 0.0921338 0.137064 0.842155
8 0.677171 0.777065 0.0881343 0.0985587 0.834188
8 0.503526 0.779731 0.0463239 0.0922903 0.736077
7 0.219974 0.450562 0.0264594 0.0306178 0.727976
1 0.579024 0.516142 0.0288337 0.0393929 0.666926
7 0.709446 0.61032 0.0182716 0.0653957 0.660047
7 0.112609 0.437467 0.0296581 0.0469895 0.617963
7 0.163053 0.444449 0.0263688 0.0756585 0.542441
7 0.0539492 0.43847 0.020537 0.0740986 0.487859
1 0.18186 0.693363 0.0297167 0.0301471 0.447997
0 0.67705 0.75504 0.0348607 0.0899109 0.435958
0 0.241807 0.753491 0.044165 0.142058 0.359862
7 0.162828 0.418635 0.027007 0.0509757 0.34421
13 0.243153 0.697821 0.0186536 0.0265518 0.297978
7 0.757429 0.295917 0.0169718 0.0506333 0.297455
0 0.670788 0.767407 0.0551115 0.113411 0.256891
0 0.191784 0.751015 0.0243697 0.10051 0.213252
2 0.616947 0.540788 0.0108184 0.0156087 0.196433
4 0.0910967 0.742 0.0186438 0.0194557 0.19452
0 0.77309 0.763899 0.0489388 0.109886 0.19181
1 0.0581032 0.700451 0.0291166 0.0311239 0.143866
4 0.0524634 0.745038 0.0191095 0.0199458 0.131567
4 0.0081646 0.740214 0.0135542 0.0175069 0.127504
4 0.0798305 0.735057 0.012748 0.0170032 0.124401
4 0.0367009 0.742034 0.0122178 0.0225703 0.116871
1 0.0518665 0.675906 0.0271164 0.0189072 0.116543
42 0.506437 0.739476 0.0278994 0.0150561 0.108144
7 0.695263 0.632003 0.0142091 0.0394716 0.104788
4 0.0063118 0.7333 0.011684 0.0192534 0.100223
4 0.046832 0.746567 0.0175681 0.0201782 0.0994022
4 0.0332218 0.733978 0.0144738 0.0157722 0.0962804
0 0.501207 0.774958 0.0455076 0.0848539 0.095424
1 0.0620871 0.721523 0.0272322 0.016466 0.0925682
4 0.0219434 0.736888 0.015628 0.0163185 0.0847893
4 0.824708 0.734415 0.057881 0.0379294 0.0842074
4 0.0590669 0.743591 0.0162182 0.0178254 0.0810302
4 0.0522705 0.740518 0.0152062 0.0189668 0.0804285
4 0.812419 0.735588 0.0875398 0.0508541 0.0766879
2 0.892961 0.620884 0.0130325 0.0138836 0.0763288
1 0.0588609 0.711755 0.0314059 0.0189795 0.0740811
7 0.0518665 0.675906 0.0271164 0.0189072 0.0685754
4 0.819095 0.745197 0.0600266 0.0513184 0.0622947
4 0.0855021 0.743269 0.0286975 0.0241991 0.0582486
4 0.0215556 0.745263 0.0159967 0.0185095 0.0571608
4 0.0469574 0.736355 0.0181272 0.0183317 0.0540704
0 0.241963 0.705689 0.0180993 0.0278752 0.0506977
42 0.500283 0.725855 0.0179518 0.0290607 0.0479594
2 0.600521 0.598168 0.0103954 0.0140873 0.0460869
42 0.500631 0.736764 0.0250276 0.0206213 0.0460159
1 0.1099 0.713305 0.0134404 0.0373233 0.0454571
4 0.00519407 0.744212 0.0098376 0.0214465 0.0437306
7 0.546703 0.662777 0.00783545 0.029321 0.0409514
7 0.689295 0.629725 0.012691 0.0294817 0.0390161
1 0.114941 0.719071 0.011482 0.0451088 0.0389383
4 0.0687784 0.73572 0.0164506 0.0160721 0.0344941
42 0.506371 0.726672 0.0274458 0.0281905 0.0323723
0 0.684512 0.731209 0.0259618 0.0455995 0.0319482
2 0.913243 0.641487 0.00944025 0.0174294 0.0312032
13 0.67988 0.751458 0.0242147 0.0837165 0.0307023
42 0.501875 0.721671 0.0145241 0.0235456 0.0301142
0 0.507809 0.766732 0.0316747 0.0617555 0.0296274
6 0.0608951 0.722461 0.0287233 0.0204798 0.0293871
1 0.0562875 0.688367 0.0299871 0.0361491 0.0293054
2 0.684623 0.630591 0.0134803 0.0173784 0.0292638
13 0.235427 0.695837 0.0219226 0.0293206 0.02803
7 0.760554 0.297802 0.0207483 0.0632781 0.0259192
2 0.551289 0.597407 0.00904724 0.0138031 0.0257422
0 0.66255 0.757463 0.0234614 0.0699216 0.0257219
0 0.218046 0.751404 0.0573387 0.139791 0.0248422
8 0.0691996 0.746504 0.0101649 0.0196933 0.0241396
7 0.219728 0.438139 0.0269798 0.0560249 0.0232918
4 0.77015 0.760186 0.0567326 0.10198 0.0224741
2 0.681843 0.635857 0.0149933 0.0185072 0.0221949
0 0.777841 0.751225 0.0375008 0.0828916 0.0202531
6 0.763889 0.738149 0.185594 0.0953593 0.0201905
1 0.336142 0.625032 0.0160108 0.0582191 0.0199767
5 0.767635 0.752013 0.0649762 0.0853395 0.0196772
0 0.501875 0.721671 0.0145241 0.0235456 0.0183818
13 0.241963 0.705689 0.0180993 0.0278752 0.0179577
15 0.0063118 0.7333 0.011684 0.0192534 0.0169807
4 0.0691996 0.746504 0.0101649 0.0196933 0.0169289
2 0.901177 0.628666 0.00999182 0.0115689 0.0167243
17 0.243153 0.697821 0.0186536 0.0265518 0.016174
1 0.005834 0.726252 0.0113655 0.0199652 0.0159929
13 0.682813 0.71263 0.0304824 0.0323153 0.0153143
7 0.767946 0.299384 0.0244764 0.0641661 0.0149562
1 0.00801412 0.696997 0.0154944 0.0224009 0.0148332
8 0.19268 0.75344 0.0249533 0.0991546 0.0147954
1 0.13968 0.706331 0.0141289 0.0222614 0.013956
17 0.682813 0.71263 0.0304824 0.0323153 0.0139146
8 0.507809 0.766732 0.0316747 0.0617555 0.0137172
1 0.907282 0.643929 0.0187854 0.0231885 0.0136274
5 0.754291 0.748518 0.152459 0.0847787 0.0135467
4 0.736539 0.742079 0.130453 0.0677153 0.0133677
4 0.777287 0.738737 0.142884 0.0704415 0.012946
7 0.684623 0.630591 0.0134803 0.0173784 0.0129395
7 0.112976 0.473073 0.022822 0.0953509 0.0128544
2 0.907282 0.643929 0.0187854 0.0231885 0.0127644
1 0.133523 0.710892 0.0173531 0.0320205 0.0126535
0 0.0691996 0.746504 0.0101649 0.0196933 0.0123299
0 0.500283 0.725855 0.0179518 0.0290607 0.0122722
8 0.0524634 0.745038 0.0191095 0.0199458 0.0121643
1 0.0875174 0.708716 0.0205934 0.0251979 0.0120965
7 0.681843 0.635857 0.0149933 0.0185072 0.0120718
4 0.820669 0.726121 0.0746621 0.0438433 0.0116464
8 0.046832 0.746567 0.0175681 0.0201782 0.011565
7 0.748744 0.694311 0.0169191 0.0935753 0.0110541
8 0.267787 0.769525 0.0325361 0.0852367 0.0109186
4 0.779276 0.73047 0.034209 0.0428088 0.0109105
7 0.113321 0.492945 0.0187546 0.0523916 0.0108071
5 0.677171 0.777065 0.0881343 0.0985587 0.0100738
1 0.243153 0.697821 0.0186536 0.0265518 0.0100386
22 0.858439 0.78974 0.0170132 0.0544643 0.00984423
4 0.761981 0.738122 0.0716392 0.0580083 0.00981109
4 0.816402 0.761825 0.0655353 0.0780615 0.00956073
2 0.301767 0.451098 0.0174459 0.0195949 0.00945122
0 0.187757 0.735007 0.0247882 0.0739033 0.00938542
1 0.321835 0.653678 0.0108911 0.0678295 0.0093797
7 0.0468883 0.669991 0.0217747 0.0272157 0.00929814
2 0.895165 0.640985 0.0146627 0.0219306 0.00926661
1 0.405074 0.658639 0.0206656 0.0239141 0.0091433
2 0.667541 0.498546 0.0100942 0.0140821 0.00884914
4 0.950443 0.744663 0.0964343 0.102629 0.00883801
7 0.277098 0.452989 0.0349015 0.0217315 0.00878721
4 0.0344096 0.726411 0.0126427 0.0196399 0.00873283
1 0.0901803 0.717251 0.0162914 0.0355669 0.00862767
17 0.67988 0.751458 0.0242147 0.0837165 0.00861067
7 0.42793 0.670145 0.0112385 0.0218977 0.00814455
15 0.005834 0.726252 0.0113655 0.0199652 0.00792631
13 0.684512 0.731209 0.0259618 0.0455995 0.0075884
13 0.779116 0.725005 0.0307588 0.0310653 0.00752614
2 0.885492 0.620042 0.0224366 0.0159281 0.00741131
6 0.0063118 0.7333 0.011684 0.0192534 0.00729975
8 0.274302 0.758572 0.0256119 0.0574433 0.00721393
0 0.0522705 0.740518 0.0152062 0.0189668 0.00709928
7 0.0469497 0.440445 0.0277957 0.0762759 0.00701299
5 0.784163 0.792077 0.0794575 0.0776411 0.00699373
1 0.337233 0.608649 0.0145721 0.0466709 0.0069825
42 0.507809 0.766732 0.0316747 0.0617555 0.00690789
0 0.506437 0.739476 0.0278994 0.0150561 0.00679342
4 0.0228555 0.726411 0.0135338 0.0199112 0.00657394
7 0.0408187 0.448472 0.0263002 0.0838729 0.00651657
1 0.134968 0.725272 0.0123487 0.0371151 0.00651032
1 0.00868847 0.70674 0.0160298 0.0189842 0.00650858
0 0.500631 0.736764 0.0250276 0.0206213 0.00623243
3 0.769378 0.769239 0.0676868 0.0823284 0.00619415
2 0.295965 0.624452 0.0167712 0.0123094 0.00618918
7 0.708992 0.570377 0.021062 0.0725109 0.00600492
4 0.842846 0.756926 0.0948591 0.0841025 0.00599153
0 0.506371 0.726672 0.0274458 0.0281905 0.00597825
5 0.502801 0.778718 0.0469239 0.0919099 0.00592349
3 0.975224 0.75903 0.0443581 0.0791902 0.00580007
7 0.712881 0.62052 0.0189667 0.0819518 0.00576661
4 0.005834 0.726252 0.0113655 0.0199652 0.00572933
1 0.71024 0.619873 0.0175251 0.0838852 0.00571773
4 0.984392 0.751612 0.0269465 0.0922369 0.00560906
13 0.692232 0.706252 0.0202914 0.023444 0.00557695
7 0.665722 0.703993 0.0120323 0.0429081 0.00557621
17 0.684512 0.731209 0.0259618 0.0455995 0.00555024
2 0.624582 0.541487 0.0147609 0.0152228 0.0055408
1 0.00523526 0.685234 0.00963199 0.0144267 0.00546499
2 0.61606 0.546814 0.010381 0.0222085 0.00544832
2 0.300339 0.628197 0.0148799 0.0185676 0.0053997
2 0.909825 0.638294 0.013238 0.0152539 0.0053526
4 0.992082 0.760677 0.0123122 0.0772845 0.0053146
4 0.922396 0.731502 0.155207 0.0900068 0.00529648
0 0.777573 0.726997 0.0327912 0.0347797 0.00524935
11 0.507809 0.766732 0.0316747 0.0617555 0.00522408
7 0.666483 0.663015 0.0117006 0.0372274 0.00517556
1 0.580143 0.55725 0.0200668 0.0213034 0.00505567
7 0.661437 0.552116 0.030307 0.0516749 0.00504746
1 0.702641 0.697107 0.00797308 0.0221533 0.00496295
7 0.730282 0.325818 0.0271003 0.0350203 0.00493768
8 0.112093 0.433355 0.0307322 0.0542262 0.00491853
6 0.0687784 0.73572 0.0164506 0.0160721 0.00486321
1 0.183015 0.682184 0.0320862 0.0546259 0.0048436
7 0.738462 0.621282 0.0117722 0.012909 0.00480177
42 0.490575 0.740179 0.025629 0.0298649 0.00472166
7 0.709314 0.592541 0.0212543 0.0975822 0.00468044
0 0.490575 0.740179 0.025629 0.0298649 0.00433854
4 0.272321 0.75061 0.0235469 0.0523619 0.004323
4 0.777841 0.751225 0.0375008 0.0828916 0.00428797
8 0.0362194 0.745147 0.0131393 0.0205928 0.00426695
4 0.0024894 0.732397 0.00497879 0.0127832 0.00425423
8 0.489942 0.759648 0.0263301 0.0543986 0.00417836
15 0.0219434 0.736888 0.015628 0.0163185 0.00414122
7 0.752737 0.297014 0.022097 0.05274 0.004129
4 0.0516003 0.751442 0.0157516 0.0267809 0.00412373
1 0.0154211 0.687278 0.028444 0.0186276 0.0041212
7 0.776119 0.301874 0.0230933 0.0639122 0.00409987
7 0.74275 0.683971 0.0131961 0.0448616 0.00397797
3 0.991214 0.762318 0.0147842 0.0763287 0.00397376
0 0.670179 0.731745 0.0350263 0.0486376 0.00397066
3 0.977872 0.767376 0.0320543 0.0646292 0.00396634
1 0.666483 0.663015 0.0117006 0.0372274 0.00395709
4 0.838166 0.74205 0.0815165 0.0543928 0.00394468
1 0.69323 0.628389 0.0141532 0.0391883 0.00393598
0 0.658569 0.764408 0.0397358 0.0704243 0.00391645
4 0.761437 0.753677 0.0792611 0.0737614 0.00387517
4 0.0497476 0.725466 0.0178797 0.0181204 0.00387278
1 0.727848 0.701394 0.0177903 0.0787536 0.00386328
1 0.578807 0.551859 0.0248338 0.0235772 0.00385217
8 0.9789 0.760915 0.0376282 0.07602 0.00383142
1 0.219909 0.450533 0.0268322 0.0305161 0.00382079
6 0.7867 0.72269 0.239976 0.140049 0.00379499
4 0.980825 0.686031 0.0238364 0.0148992 0.00371524
22 0.861672 0.777366 0.0216531 0.0670429 0.00368747
6 0.735276 0.73732 0.144405 0.069831 0.00362264
3 0.815692 0.772508 0.0501619 0.076011 0.00359965
17 0.692232 0.706252 0.0202914 0.023444 0.0035964
2 0.4762 0.617278 0.0104638 0.0169664 0.00351056
4 0.0620871 0.721523 0.0272322 0.016466 0.00350366
15 0.0332218 0.733978 0.0144738 0.0157722 0.00348739
2 0.598586 0.594929 0.0109857 0.018908 0.00347099
2 0.865715 0.409391 0.0139863 0.0444808 0.00345871
1 0.049926 0.671702 0.026572 0.0246216 0.00345252
0 0.0687784 0.73572 0.0164506 0.0160721 0.00343014
2 0.641057 0.551008 0.00730756 0.0109355 0.00337958
8 0.78481 0.787995 0.0802365 0.0817934 0.00334789
0 0.489942 0.759648 0.0263301 0.0543986 0.00330299
0 0.269589 0.764069 0.0321956 0.0771381 0.00328843
4 0.763889 0.738149 0.185594 0.0953593 0.00324979
0 0.272321 0.75061 0.0235469 0.0523619 0.00317601
1 0.242211 0.69206 0.0209222 0.0275362 0.00314224
3 0.963386 0.755747 0.0685271 0.0844401 0.00312382
8 0.733914 0.763393 0.1362 0.0697197 0.00303859
3 0.743972 0.784036 0.0775502 0.0774492 0.00301474
6 0.005834 0.726252 0.0113655 0.0199652 0.00294641
2 0.912046 0.631602 0.0127086 0.0173423 0.00294315
2 0.501875 0.721671 0.0145241 0.0235456 0.00289704
2 0.779116 0.725005 0.0307588 0.0310653 0.00283973
1 0.0228555 0.726411 0.0135338 0.0199112 0.00283463
4 0.324216 0.734505 0.02847 0.0629547 0.00279695
4 0.733094 0.72084 0.106199 0.0610729 0.00277218
6 0.0522705 0.740518 0.0152062 0.0189668 0.00273339
1 0.398704 0.660295 0.0259469 0.0254755 0.00272504
7 0.280183 0.465033 0.0321745 0.0374193 0.00270694
2 0.695263 0.632003 0.0142091 0.0394716 0.00270052
0 0.0798305 0.735057 0.012748 0.0170032 0.00268932
6 0.728026 0.701977 0.104881 0.0935614 0.00268216
8 0.761437 0.753677 0.0792611 0.0737614 0.00268179
3 0.676476 0.779212 0.0863525 0.0956663 0.00267485
1 0.905924 0.650806 0.0165166 0.0210175 0.00266767
2 0.888668 0.614653 0.0149133 0.0209906 0.00266488
1 0.120611 0.681005 0.0171516 0.0369084 0.00265967
2 0.243153 0.697821 0.0186536 0.0265518 0.0026449
17 0.241963 0.705689 0.0180993 0.0278752 0.00263207
1 0.46094 0.668807 0.0176614 0.0164446 0.00261107
6 0.0497476 0.725466 0.0178797 0.0181204 0.00260466
12 0.133731 0.719332 0.0157089 0.0462578 0.00259539
12 0.114941 0.719071 0.011482 0.0451088 0.00258735
7 0.0766676 0.440711 0.0205857 0.0308467 0.00257642
7 0.677523 0.653713 0.0100361 0.0221459 0.0025686
1 0.0136737 0.693727 0.0259783 0.0278146 0.00254227
1 0.0511558 0.690449 0.0226206 0.0293663 0.00252927
8 0.752546 0.775331 0.0704102 0.0604462 0.00251023
8 0.66255 0.757463 0.0234614 0.0699216 0.00251006
13 0.507395 0.739531 0.0289864 0.0153394 0.00249575
6 0.0332218 0.733978 0.0144738 0.0157722 0.00247126
1 0.913243 0.641487 0.00944025 0.0174294 0.00246865
4 0.988815 0.757126 0.0181011 0.0841874 0.00245727
8 0.0522705 0.740518 0.0152062 0.0189668 0.0024475
14 0.0691996 0.746504 0.0101649 0.0196933 0.00242552
7 0.501875 0.721671 0.0145241 0.0235456 0.00241482
42 0.501207 0.774958 0.0455076 0.0848539 0.00238
4 0.178664 0.733031 0.0317481 0.0646235 0.00237092
4 0.0796581 0.726016 0.0119725 0.0215847 0.00236551
4 0.489942 0.759648 0.0263301 0.0543986 0.00232497
7 0.697141 0.63882 0.0127049 0.044175 0.00230032
4 0.852492 0.736018 0.100191 0.0732026 0.00229662
14 0.134968 0.725272 0.0123487 0.0371151 0.00229241
8 0.210261 0.762935 0.0591759 0.110412 0.00228464
6 0.0796581 0.726016 0.0119725 0.0215847 0.00228024
13 0.242211 0.69206 0.0209222 0.0275362 0.00227992
4 0.684512 0.731209 0.0259618 0.0455995 0.00227536
2 0.726602 0.328645 0.0218197 0.0345751 0.00226356
2 0.632575 0.625926 0.0103083 0.0234209 0.00224113
2 0.252428 0.62184 0.0131517 0.0182531 0.00223539
42 0.489942 0.759648 0.0263301 0.0543986 0.00223291
0 0.0469574 0.736355 0.0181272 0.0183317 0.00221808
4 0.676072 0.752054 0.0323604 0.0857001 0.00221679
7 0.0831736 0.445126 0.0309722 0.0340107 0.00221299
22 0.0691996 0.746504 0.0101649 0.0196933 0.00221017
13 0.676882 0.757007 0.0365188 0.094771 0.00220313
0 0.0524634 0.745038 0.0191095 0.0199458 0.00219941
1 0.0382219 0.706556 0.0112984 0.0195428 0.00218821
1 0.321875 0.608031 0.0236045 0.0378501 0.00218481
6 0.0219434 0.736888 0.015628 0.0163185 0.00214487
2 0.668817 0.504164 0.0128657 0.0185154 0.00213971
2 0.624109 0.53867 0.0212071 0.0197488 0.00212822
7 0.506437 0.739476 0.0278994 0.0150561 0.00210854
15 0.0228555 0.726411 0.0135338 0.0199112 0.00210422
13 0.501875 0.721671 0.0145241 0.0235456 0.00209095
4 0.00189788 0.752172 0.00379576 0.0303987 0.0020477
1 0.0292675 0.692195 0.0165803 0.0179396 0.00200786
8 0.992082 0.760677 0.0123122 0.0772845 0.00200595
5 0.735276 0.73732 0.144405 0.069831 0.00200098
7 0.0799214 0.556186 0.0134477 0.0294689 0.0019929
