4 0.351459 0.760701 0.371304 0.276705 0.966842
4 0.0687672 0.762381 0.13749 0.248663 0.953654
4 0.738978 0.737046 0.24519 0.179437 0.942071
4 0.699118 0.703864 0.202287 0.133021 0.823648
4 0.506979 0.717508 0.102376 0.13597 0.822794
4 0.580024 0.645588 0.0979675 0.0283716 0.540217
4 0.853132 0.671521 0.0192781 0.0375456 0.435636
2 0.791591 0.322652 0.0176374 0.0223866 0.0974881
4 0.572097 0.656217 0.11631 0.0444341 0.0530688
2 0.762369 0.328774 0.0118721 0.0339963 0.0352102
4 0.644939 0.706851 0.0952916 0.127487 0.0327945
2 0.600061 0.195252 0.01393 0.0313768 0.0299454
2 0.801356 0.195349 0.00949835 0.0137032 0.0245015
4 0.223099 0.648437 0.0398526 0.0252159 0.0213899
2 0.791715 0.330976 0.0163837 0.0346585 0.0159123
4 0.549147 0.64534 0.0749281 0.0323418 0.0131858
1 0.904723 0.264187 0.0633315 0.160524 0.011426
0 0.853132 0.671521 0.0192781 0.0375456 0.0111316
4 0.478859 0.645015 0.0259615 0.0168369 0.0107458
4 0.871156 0.670857 0.0539858 0.042357 0.00992638
4 0.231112 0.651557 0.0376017 0.0232534 0.00968841
22 0.556444 0.716003 0.0148127 0.0407392 0.00924713
4 0.563728 0.648816 0.106703 0.0322134 0.00921877
4 0.752119 0.653669 0.179127 0.0398387 0.00887681
0 0.356409 0.698673 0.024376 0.0293758 0.00819586
2 0.797332 0.197886 0.0119697 0.0138576 0.00794924
0 0.34511 0.701129 0.0248565 0.0345076 0.00757691
4 0.481957 0.647893 0.0321142 0.0185384 0.00709146
4 0.849673 0.678248 0.0246701 0.0430607 0.00699893
2 0.791851 0.314055 0.0163472 0.0194621 0.00667732
2 0.825514 0.356861 0.0141831 0.0180495 0.00651607
8 0.556444 0.716003 0.0148127 0.0407392 0.00628244
2 0.601434 0.189138 0.0159351 0.0378089 0.0061532
2 0.605473 0.191892 0.0215188 0.0325169 0.00589581
8 0.853132 0.671521 0.0192781 0.0375456 0.00575319
4 0.821922 0.668261 0.0473275 0.0321407 0.00549715
4 0.809894 0.675058 0.0887989 0.0503796 0.00545529
2 0.818945 0.34178 0.0110569 0.0160505 0.00538915
2 0.80154 0.32742 0.0301761 0.0304454 0.00509125
4 0.260273 0.650774 0.0311227 0.0284469 0.0050864
4 0.245136 0.649635 0.0643379 0.0289157 0.00487364
2 0.809384 0.328019 0.0223174 0.0298055 0.00482304
4 0.773094 0.644187 0.0546022 0.0209318 0.0046814
2 0.766023 0.325228 0.016793 0.030185 0.00466839
0 0.481957 0.647893 0.0321142 0.0185384 0.00450643
2 0.791684 0.208175 0.0143113 0.0172759 0.00443212
2 0.81239 0.196162 0.012106 0.0119131 0.0044247
3 0.556444 0.716003 0.0148127 0.0407392 0.00414102
4 0.466473 0.663717 0.0965408 0.034501 0.00409508
4 0.245185 0.654781 0.0292159 0.0187062 0.00407734
2 0.760382 0.322265 0.0106625 0.0241285 0.00384256
4 0.825225 0.648398 0.0635076 0.024496 0.00371566
0 0.306352 0.655536 0.00993378 0.022285 0.00360334
0 0.478859 0.645015 0.0259615 0.0168369 0.00350163
8 0.849673 0.678248 0.0246701 0.0430607 0.00343521
2 0.350427 0.7623 0.36947 0.279532 0.00332601
4 0.493095 0.660763 0.0597734 0.0361754 0.00313391
4 0.7942 0.653496 0.0874102 0.0327566 0.00304864
4 0.713381 0.663521 0.12162 0.0523756 0.0028639
4 0.586104 0.650761 0.0852607 0.0202071 0.00280295
4 0.486398 0.674094 0.132183 0.0603136 0.00275275
8 0.533251 0.679418 0.0431489 0.0368029 0.00270084
8 0.551747 0.706269 0.0126994 0.0298726 0.00269803
4 0.280266 0.649575 0.0720334 0.0315373 0.00266464
4 0.844134 0.647822 0.0295024 0.0291238 0.00246561
4 0.832204 0.673495 0.0339661 0.0345851 0.00241753
4 0.633111 0.662165 0.0288288 0.0299255 0.00241105
4 0.588576 0.637786 0.0809648 0.0371774 0.00228442
4 0.256457 0.654299 0.0219242 0.0229521 0.00226823
4 0.234321 0.662955 0.0365626 0.018849 0.00218476
4 0.811182 0.658971 0.0407645 0.0190545 0.00206795
4 0.662094 0.697724 0.132818 0.0943186 0.0020472
13 0.125892 0.711781 0.0210033 0.021543 0.00202019
0 0.304339 0.651675 0.0102549 0.0228466 0.00196808
3 0.551747 0.706269 0.0126994 0.0298726 0.00188886
4 0.624659 0.648134 0.0196469 0.01864 0.00178334
15 0.573317 0.648146 0.118663 0.0379486 0.00177505
22 0.551747 0.706269 0.0126994 0.0298726 0.00172077
12 0.915019 0.498623 0.169962 0.997247 0.00165119
4 0.495412 0.650267 0.0386802 0.0196756 0.00163582
0 0.355048 0.706813 0.0326566 0.0442495 0.00154895
2 0.788362 0.323625 0.0180066 0.0269419 0.00153878
4 0.788981 0.660048 0.0769868 0.0233909 0.0015252
4 0.239171 0.670146 0.0223493 0.0293252 0.00148254
22 0.178658 0.747865 0.0123091 0.0290679 0.00148091
4 0.853698 0.683876 0.0182682 0.0609165 0.00144394
2 0.852663 0.323129 0.0154662 0.0205534 0.00136032
0 0.256457 0.654299 0.0219242 0.0229521 0.00135135
0 0.849673 0.678248 0.0246701 0.0430607 0.00128308
15 0.581644 0.64447 0.09267 0.027716 0.00126107
2 0.825692 0.346939 0.0177733 0.0137068 0.00125892
2 0.598483 0.308922 0.0169073 0.0427556 0.00125699
4 0.89667 0.671235 0.106827 0.0396243 0.00124709
0 0.495412 0.650267 0.0386802 0.0196756 0.00122588
2 0.83373 0.357141 0.0249011 0.0212355 0.00118455
8 0.256457 0.654299 0.0219242 0.0229521 0.00118279
0 0.336232 0.703988 0.0227491 0.0393558 0.00118136
4 0.500159 0.657865 0.0294569 0.0164892 0.00118025
2 0.823744 0.353506 0.0137133 0.025493 0.00117783
8 0.562193 0.71973 0.0141699 0.0391769 0.00116754
4 0.45546 0.64813 0.0797433 0.0145078 0.00105633
4 0.0343562 0.618353 0.0362955 0.0170328 0.00105346
0 0.405003 0.70739 0.0335368 0.0449746 0.00103967
8 0.568074 0.671285 0.0964227 0.0625209 0.0010382
2 0.608044 0.183725 0.0246569 0.0373121 0.00103664
2 0.565441 0.261946 0.0358391 0.0235004 0.00101792
0 0.717728 0.691749 0.0208288 0.0291384 0.00101006
