4 0.211567 0.766466 0.423135 0.467068 0.97261
4 0.932448 0.712616 0.134028 0.289559 0.967558
4 0.722671 0.732522 0.311794 0.343948 0.95863
12 0.35779 0.589121 0.559826 0.474158 0.923382
14 0.436296 0.772563 0.0363005 0.0981503 0.103475
32 0.434642 0.768726 0.034352 0.0919454 0.0740872
32 0.560857 0.75302 0.0336599 0.0633325 0.0447772
1 0.0094965 0.498237 0.018242 0.0481898 0.0371803
4 0.250501 0.502699 0.0792721 0.0696553 0.0348861
4 0.252019 0.48337 0.0725942 0.0276445 0.0319632
4 0.250066 0.487261 0.0750954 0.0442516 0.0237484
4 0.273886 0.482954 0.0294354 0.0281984 0.0223008
7 0.00701456 0.426969 0.0139305 0.0457418 0.0210173
4 0.108364 0.60648 0.112014 0.112993 0.0140816
14 0.560043 0.759912 0.032213 0.078555 0.00956593
1 0.00954558 0.48592 0.0190912 0.0758059 0.00875121
2 0.00733429 0.407364 0.0141792 0.0188239 0.00820939
2 0.00711976 0.426297 0.0136011 0.0441393 0.00757054
4 0.250969 0.468864 0.0708643 0.0444186 0.00662037
2 0.038524 0.415602 0.0121994 0.0208466 0.00646846
4 0.256916 0.464047 0.0558365 0.0295244 0.00552551
7 0.00782866 0.459657 0.0156573 0.113301 0.00537472
2 0.03073 0.417076 0.0146574 0.0234198 0.00486762
2 0.0171934 0.409049 0.017244 0.0246755 0.00484119
32 0.563657 0.729903 0.0351074 0.0578092 0.00472956
1 0.00782866 0.459657 0.0156573 0.113301 0.00451349
2 0.53335 0.283777 0.012383 0.0181064 0.0043305
19 0.434763 0.77103 0.0342207 0.0968629 0.0040597
0 0.571003 0.56143 0.0167 0.0366235 0.00398407
4 0.0762961 0.604797 0.0946331 0.0639206 0.00368442
2 0.723343 0.733743 0.311258 0.343596 0.00345686
32 0.55388 0.772265 0.0438987 0.0802749 0.00345443
2 0.0528511 0.373612 0.0110212 0.014685 0.00331356
2 0.0316659 0.407871 0.0148105 0.0204469 0.00322566
2 0.827569 0.35943 0.00751935 0.016106 0.0031973
4 0.0712923 0.584671 0.139671 0.0947142 0.00308451
2 0.212593 0.765012 0.424017 0.468077 0.00305429
2 0.0571823 0.414755 0.0168971 0.033541 0.00297939
2 0.850914 0.239721 0.0252166 0.0408159 0.00292363
14 0.56063 0.743675 0.0334907 0.0502065 0.00277672
2 0.540924 0.283331 0.0142752 0.0199895 0.00266551
18 0.436306 0.7721 0.0351724 0.0990053 0.00257884
4 0.362653 0.585419 0.564454 0.470968 0.00230978
1 0.00701456 0.426969 0.0139305 0.0457418 0.002189
4 0.0365149 0.52564 0.0461336 0.0189803 0.00218689
32 0.526529 0.774749 0.0341485 0.0565852 0.0020785
2 0.816411 0.377965 0.0101176 0.0218428 0.00200902
32 0.485449 0.783602 0.0604374 0.0698168 0.00200652
0 0.568663 0.554245 0.0147846 0.0240967 0.00199572
4 0.103862 0.591315 0.177895 0.0940868 0.00195417
2 0.847859 0.380168 0.011837 0.0167137 0.00192077
22 0.520226 0.778666 0.0197861 0.036723 0.00189858
32 0.47421 0.773573 0.109223 0.0951457 0.00183836
14 0.556249 0.772403 0.026251 0.0692096 0.00179431
12 0.249339 0.498842 0.077828 0.0705853 0.00168796
2 0.0174645 0.416277 0.019579 0.0341802 0.0015759
12 0.13071 0.508604 0.0790483 0.0557615 0.0014291
0 0.204929 0.605917 0.0371615 0.0682097 0.00138564
2 0.927057 0.230255 0.0136788 0.0142875 0.00137807
2 0.0514164 0.368485 0.012411 0.0169883 0.00133181
4 0.237973 0.451882 0.0136936 0.0241055 0.00128478
32 0.522512 0.777541 0.0216313 0.0442543 0.00121398
2 0.0307186 0.424796 0.0134803 0.0288002 0.00118069
4 0.227173 0.479067 0.0289361 0.0271443 0.00115152
2 0.570769 0.299607 0.0154951 0.0160161 0.00114775
4 0.0319751 0.595634 0.0639502 0.0510408 0.00110013
19 0.560611 0.750028 0.0332914 0.0603139 0.00105338
2 0.923254 0.231115 0.0159324 0.0148323 0.0010228
6 0.0100786 0.501726 0.0189961 0.0530108 0.00101991
15 0.249251 0.501046 0.0791691 0.0661704 0.0010151
