4 0.548836 0.6548 0.268846 0.183638 0.950922
4 0.672653 0.621702 0.184364 0.16239 0.91965
4 0.364088 0.644853 0.162799 0.130263 0.919185
4 0.217795 0.64737 0.161943 0.136469 0.912237
3 0.864659 0.707102 0.121577 0.205137 0.910863
0 0.849092 0.635487 0.0958301 0.291632 0.873857
5 0.946314 0.62267 0.104447 0.196335 0.859169
3 0.791832 0.628117 0.054678 0.109362 0.754802
0 0.10303 0.647821 0.0359913 0.0838017 0.438695
0 0.723768 0.549717 0.0256262 0.0532231 0.350792
8 0.102394 0.681152 0.0511262 0.111878 0.305074
8 0.104494 0.650238 0.0544274 0.0752156 0.25177
0 0.114277 0.648463 0.0252472 0.0761167 0.205829
3 0.793076 0.64949 0.0487211 0.0679384 0.0873478
8 0.12458 0.653719 0.0604006 0.0660761 0.0835259
3 0.775053 0.61203 0.0354321 0.0862488 0.0508636
3 0.0989382 0.683585 0.061769 0.0942138 0.0490012
0 0.104763 0.614138 0.0196824 0.0265756 0.0401778
8 0.947082 0.623458 0.102077 0.198745 0.0389852
8 0.123105 0.653652 0.0369537 0.0636389 0.0383153
3 0.792683 0.599916 0.0556363 0.0841943 0.0379238
13 0.93984 0.558297 0.0652695 0.0675511 0.0360029
8 0.137838 0.654815 0.0398609 0.0585357 0.0358694
3 0.903039 0.645189 0.0317563 0.0761942 0.0337496
13 0.104763 0.614138 0.0196824 0.0265756 0.0330261
0 0.0926028 0.649495 0.0285442 0.0763474 0.0286813
13 0.0993435 0.615601 0.0210337 0.0281828 0.0283766
8 0.146107 0.65358 0.0265778 0.0581371 0.0272408
8 0.829109 0.624411 0.125454 0.128954 0.0243292
3 0.911626 0.623467 0.0455528 0.117862 0.0202606
11 0.870099 0.591349 0.0452536 0.110285 0.0197697
3 0.768058 0.605287 0.0354232 0.0714573 0.0191763
8 0.79199 0.630022 0.0540511 0.105523 0.0181299
3 0.123105 0.653652 0.0369537 0.0636389 0.0168581
0 0.724896 0.568683 0.0289069 0.0897249 0.0163166
8 0.100069 0.649472 0.0333167 0.0792085 0.0159902
3 0.12458 0.653719 0.0604006 0.0660761 0.0157267
8 0.940323 0.558628 0.0634542 0.0688232 0.015478
3 0.829109 0.624411 0.125454 0.128954 0.0152118
9 0.863932 0.584679 0.0523817 0.104355 0.0149369
8 0.902758 0.646743 0.0318582 0.074846 0.0137852
8 0.151069 0.644858 0.0226141 0.0395548 0.0132309
8 0.111947 0.648783 0.0276411 0.0758375 0.0131246
17 0.109537 0.614801 0.027587 0.0239016 0.0129791
0 0.0993435 0.615601 0.0210337 0.0281828 0.0127236
3 0.103796 0.657614 0.0526787 0.0744895 0.0123279
3 0.780141 0.609421 0.0709174 0.101176 0.0115812
17 0.0993435 0.615601 0.0210337 0.0281828 0.01126
17 0.939633 0.556978 0.0633904 0.0654779 0.0112322
9 0.871364 0.60369 0.0481576 0.103759 0.0104819
1 0.328714 0.560377 0.0231983 0.0177826 0.0103987
3 0.0680239 0.669936 0.0770436 0.0638724 0.0097377
3 0.136288 0.658346 0.0411911 0.0583316 0.00971968
3 0.812214 0.588361 0.03725 0.0548575 0.00959651
3 0.146107 0.65358 0.0265778 0.0581371 0.0093704
5 0.864888 0.708556 0.121228 0.201947 0.00910941
0 0.123597 0.647183 0.0326083 0.0741345 0.00819926
9 0.828857 0.63591 0.0583265 0.0972537 0.00794897
3 0.807533 0.639018 0.0312386 0.0899851 0.0073778
4 0.836439 0.629638 0.136249 0.140151 0.00685689
17 0.855214 0.498198 0.0299248 0.0252178 0.00662784
8 0.0926028 0.649495 0.0285442 0.0763474 0.00656077
3 0.779358 0.634093 0.0294377 0.0918874 0.00653748
3 0.776518 0.594412 0.0399231 0.0735202 0.00650662
3 0.833739 0.642749 0.0649094 0.0901465 0.00625292
3 0.764066 0.59244 0.0464633 0.0778271 0.00615638
9 0.902758 0.646743 0.0318582 0.074846 0.00613068
8 0.990986 0.63599 0.0165555 0.129223 0.00608481
8 0.0977821 0.674073 0.0533468 0.0663468 0.00595398
9 0.813352 0.635301 0.0303657 0.0935061 0.0057349
9 0.840832 0.582354 0.0796759 0.0970522 0.00572833
9 0.851378 0.619828 0.0867797 0.163794 0.00547761
9 0.847348 0.575515 0.0531613 0.0869185 0.00546548
5 0.792504 0.621159 0.0563723 0.122352 0.00526374
1 0.923396 0.438695 0.0581199 0.170251 0.00514756
3 0.771916 0.62036 0.0506044 0.0949565 0.00508402
4 0.84886 0.637296 0.0962369 0.293239 0.00428568
3 0.103992 0.642045 0.0480397 0.0695681 0.00428275
4 0.103992 0.642045 0.0480397 0.0695681 0.00427414
22 0.194218 0.690957 0.0171224 0.0559566 0.00410271
3 0.139985 0.646309 0.0370399 0.0702297 0.00401906
8 0.818987 0.592607 0.0393583 0.0602705 0.00393755
8 0.987646 0.62311 0.022272 0.134608 0.00385936
3 0.82302 0.584427 0.0463294 0.0570783 0.00380143
3 0.925023 0.613499 0.0583082 0.117704 0.00351901
0 0.151069 0.644858 0.0226141 0.0395548 0.0034956
13 0.722138 0.521428 0.0161582 0.0224032 0.00343667
17 0.948428 0.623685 0.101057 0.199031 0.00336355
2 0.939633 0.556978 0.0633904 0.0654779 0.00334953
2 0.321516 0.453964 0.00810989 0.0195976 0.0033447
8 0.807533 0.639018 0.0312386 0.0899851 0.00332411
0 0.730184 0.552317 0.0421865 0.0557681 0.00304877
5 0.100464 0.684605 0.0602716 0.0959596 0.00290384
3 0.818717 0.604371 0.0393115 0.0788689 0.00289191
2 0.326278 0.471435 0.00961115 0.0105229 0.00281898
22 0.198711 0.715566 0.0305113 0.0881756 0.00267702
2 0.104962 0.493708 0.0120305 0.0329688 0.00263896
3 0.151069 0.644858 0.0226141 0.0395548 0.00263121
3 0.0513027 0.667961 0.0411329 0.0561398 0.00261733
3 0.0730343 0.651763 0.0662414 0.0759506 0.00258817
8 0.104763 0.614138 0.0196824 0.0265756 0.0025485
8 0.154966 0.630738 0.0160884 0.0342243 0.00252884
8 0.0993435 0.615601 0.0210337 0.0281828 0.00246629
4 0.947082 0.623458 0.102077 0.198745 0.00245193
11 0.847348 0.575515 0.0531613 0.0869185 0.00243808
12 0.864888 0.708556 0.121228 0.201947 0.00242135
3 0.113755 0.686123 0.0556599 0.0916608 0.00241662
3 0.947082 0.623458 0.102077 0.198745 0.00240704
0 0.154966 0.630738 0.0160884 0.0342243 0.00230329
0 0.139985 0.646309 0.0370399 0.0702297 0.00229982
0 0.940409 0.5616 0.0687428 0.0731031 0.00229116
8 0.828857 0.63591 0.0583265 0.0972537 0.00221731
8 0.771916 0.62036 0.0506044 0.0949565 0.00220898
22 0.198963 0.74214 0.0310787 0.0355376 0.00211061
3 0.81405 0.620878 0.030059 0.0837388 0.00210104
3 0.0571394 0.654869 0.0361991 0.0626478 0.0020601
0 0.146107 0.65358 0.0265778 0.0581371 0.00199871
8 0.776336 0.621976 0.0296899 0.0902929 0.00197421
9 0.822725 0.586123 0.0461133 0.0691134 0.00196332
5 0.104494 0.650238 0.0544274 0.0752156 0.00194148
8 0.113755 0.686123 0.0556599 0.0916608 0.00191474
8 0.81405 0.620878 0.030059 0.0837388 0.00186643
3 0.905809 0.61568 0.0287069 0.110788 0.00184491
3 0.0460611 0.676274 0.0336233 0.0452635 0.00184133
0 0.10119 0.675957 0.0479777 0.0990665 0.00180622
8 0.0667337 0.658396 0.0724774 0.080135 0.00178495
3 0.74403 0.603967 0.0772911 0.100812 0.00169218
8 0.951508 0.554493 0.0418931 0.0529642 0.00168673
3 0.0926028 0.649495 0.0285442 0.0763474 0.0015509
0 0.103741 0.604378 0.0260077 0.0407169 0.00152993
3 0.154966 0.630738 0.0160884 0.0342243 0.00143425
13 0.85714 0.501976 0.0294833 0.0232996 0.00142744
0 0.739801 0.571632 0.0617153 0.094393 0.00142302
0 0.672653 0.621702 0.184364 0.16239 0.00134976
4 0.865546 0.706272 0.122421 0.207181 0.00133488
3 0.0732755 0.686948 0.0895397 0.0800715 0.00131359
4 0.146618 0.65354 0.0314184 0.0572427 0.00130648
0 0.856668 0.639678 0.0786742 0.17057 0.00128985
8 0.927955 0.573639 0.0480362 0.0506822 0.00126608
4 0.739571 0.58147 0.0705729 0.119646 0.00125687
8 0.194218 0.690957 0.0171224 0.0559566 0.00123688
14 0.100134 0.684087 0.0578731 0.104722 0.00123304
5 0.835961 0.635702 0.136123 0.149338 0.001218
8 0.0571394 0.654869 0.0361991 0.0626478 0.00120977
13 0.951508 0.554493 0.0418931 0.0529642 0.0011981
4 0.12458 0.653719 0.0604006 0.0660761 0.00119671
9 0.890056 0.629992 0.052853 0.0740664 0.00119419
9 0.793076 0.64949 0.0487211 0.0679384 0.00118306
30 0.940155 0.558675 0.0651668 0.0688391 0.00116697
14 0.902538 0.647846 0.0331544 0.0736344 0.00115988
4 0.30379 0.619106 0.0205818 0.0392206 0.00115885
4 0.31199 0.615124 0.0458511 0.0501183 0.00115608
8 0.793076 0.64949 0.0487211 0.0679384 0.00115504
11 0.114277 0.648463 0.0252472 0.0761167 0.00115177
0 0.363626 0.644107 0.164365 0.128468 0.00113579
8 0.911626 0.623467 0.0455528 0.117862 0.0011244
11 0.902758 0.646743 0.0318582 0.074846 0.00110347
13 0.103741 0.604378 0.0260077 0.0407169 0.00110105
42 0.939901 0.555753 0.0629327 0.0642455 0.00109829
13 0.902758 0.646743 0.0318582 0.074846 0.0010805
8 0.999186 0.623748 0.00162817 0.163556 0.00108014
4 0.109537 0.614801 0.027587 0.0239016 0.00107985
8 0.202634 0.675928 0.0383672 0.0853177 0.00107231
3 0.0501915 0.689024 0.0506726 0.0710602 0.00106071
2 0.323553 0.46856 0.0110055 0.0211698 0.00105356
5 0.12458 0.653719 0.0604006 0.0660761 0.00102557
13 0.114277 0.648463 0.0252472 0.0761167 0.00100491
5 0.987646 0.62311 0.022272 0.134608 0.00100434
