1 0.598482 0.289504 0.254976 0.231011 0.969911
4 0.535208 0.772714 0.113566 0.167681 0.915128
4 0.120614 0.737336 0.0857658 0.0584133 0.86321
4 0.416571 0.757616 0.0588853 0.0763843 0.852119
4 0.250313 0.727526 0.0726123 0.0541315 0.848557
4 0.202325 0.73408 0.0427037 0.0464193 0.842231
1 0.630446 0.684841 0.0194205 0.0572599 0.777633
1 0.451398 0.68705 0.0254251 0.0248989 0.760586
4 0.315223 0.735079 0.0422698 0.034521 0.687113
4 0.472412 0.744709 0.0205459 0.0255396 0.640236
4 0.376887 0.734018 0.0232865 0.027355 0.638186
6 0.352811 0.720191 0.0349935 0.0587013 0.571464
6 0.400692 0.723712 0.0307073 0.0379193 0.435894
4 0.353093 0.738169 0.0326053 0.0246468 0.361118
4 0.454591 0.740405 0.0183709 0.0159781 0.275935
1 0.531981 0.67883 0.0193884 0.0181645 0.271392
4 0.439078 0.739265 0.0152808 0.0384893 0.234613
2 0.788031 0.504242 0.014343 0.0210257 0.204139
15 0.400692 0.723712 0.0307073 0.0379193 0.119819
4 0.443173 0.74141 0.0105715 0.0226243 0.118696
1 0.295984 0.686591 0.0122427 0.023641 0.117665
1 0.843786 0.595502 0.0231497 0.0675817 0.107251
4 0.398572 0.731933 0.0300044 0.0285056 0.0837891
6 0.398572 0.731933 0.0300044 0.0285056 0.0772845
6 0.433587 0.735984 0.0243752 0.046659 0.071729
4 0.335777 0.735231 0.00983518 0.0283612 0.0606599
6 0.409675 0.730274 0.0493574 0.0451417 0.058515
15 0.352493 0.719802 0.0352879 0.0561237 0.0539826
2 0.891909 0.505869 0.0132469 0.0183944 0.0476055
4 0.409651 0.736166 0.0444267 0.0318712 0.0452472
2 0.859495 0.481839 0.0105076 0.00994008 0.0444786
4 0.585081 0.7647 0.0146741 0.0699451 0.0370752
1 0.414328 0.685602 0.0325647 0.0323967 0.0365687
4 0.353042 0.730459 0.0353404 0.0403478 0.034375
4 0.151487 0.751431 0.0254435 0.0191739 0.0336473
4 0.433587 0.735984 0.0243752 0.046659 0.0333544
1 0.610478 0.681861 0.0133173 0.0497219 0.0326518
6 0.251037 0.727145 0.0711796 0.0538253 0.0321637
4 0.37737 0.7285 0.0189915 0.0240327 0.0317298
2 0.882562 0.47955 0.0112383 0.0148301 0.031086
4 0.392717 0.739543 0.0161595 0.0343386 0.0291847
6 0.376461 0.734624 0.0222747 0.0271299 0.0283651
2 0.806773 0.474708 0.0112877 0.0164549 0.0274933
2 0.886397 0.482144 0.00970825 0.0123291 0.0259816
15 0.409675 0.730274 0.0493574 0.0451417 0.0251149
2 0.904571 0.511186 0.0112076 0.015773 0.0236512
1 0.6239 0.681567 0.0315158 0.052425 0.0215157
6 0.647715 0.744776 0.0405242 0.0489328 0.0209907
2 0.867112 0.479594 0.00986304 0.0145708 0.0209553
6 0.353093 0.738169 0.0326053 0.0246468 0.0199608
6 0.438831 0.732441 0.0145001 0.0342516 0.018457
1 0.299574 0.686349 0.0129781 0.019665 0.0183572
12 0.647715 0.744776 0.0405242 0.0489328 0.0182777
2 0.807195 0.412379 0.015985 0.0165935 0.0171602
1 0.292722 0.670176 0.0158496 0.0577701 0.016833
1 0.486443 0.679441 0.0359445 0.0243 0.0157675
24 0.650655 0.746035 0.0354476 0.0358221 0.0153459
2 0.880605 0.508002 0.0129559 0.0261717 0.0145432
15 0.433587 0.735984 0.0243752 0.046659 0.0144659
12 0.35287 0.719242 0.0347061 0.0539901 0.0143541
4 0.482747 0.742248 0.0133491 0.0299518 0.0140719
2 0.88795 0.480086 0.0113751 0.015209 0.0127921
2 0.785378 0.500584 0.0118067 0.0244541 0.0127028
4 0.290735 0.734087 0.0156451 0.032724 0.0117616
2 0.812219 0.442647 0.0142734 0.0246472 0.0115231
4 0.294665 0.744178 0.0103713 0.0205004 0.0114316
4 0.354839 0.719083 0.03764 0.0537806 0.0105409
2 0.890631 0.49238 0.0108756 0.0144658 0.0103351
12 0.653601 0.746244 0.029803 0.0330802 0.0102755
1 0.482522 0.683162 0.029806 0.016605 0.00950701
7 0.608924 0.680903 0.0141393 0.0494453 0.00945465
2 0.810807 0.44866 0.0133867 0.0325202 0.00931809
4 0.370716 0.738562 0.0222492 0.0342097 0.009197
2 0.81453 0.531459 0.0089328 0.015117 0.00910818
4 0.400692 0.723712 0.0307073 0.0379193 0.00910395
2 0.809491 0.546142 0.0102505 0.0236014 0.00897967
2 0.885634 0.509352 0.00976129 0.0276101 0.00849625
2 0.812478 0.451578 0.012803 0.0188806 0.00824165
2 0.88448 0.486979 0.0107397 0.0150378 0.00821675
15 0.398572 0.731933 0.0300044 0.0285056 0.00783894
14 0.634006 0.748052 0.014593 0.0312597 0.00748911
14 0.606489 0.75234 0.0112703 0.0256539 0.00733381
6 0.315466 0.732428 0.0412272 0.0325796 0.00729279
1 0.845002 0.698597 0.0100006 0.0180859 0.00725624
4 0.196798 0.739585 0.036652 0.0370738 0.00679565
6 0.653863 0.744655 0.0312405 0.0363218 0.00677618
1 0.452523 0.688809 0.0178554 0.0131877 0.00598438
14 0.653601 0.746244 0.029803 0.0330802 0.00595975
1 0.553503 0.674866 0.0358929 0.0300696 0.00567868
2 0.877126 0.519761 0.0137231 0.0297485 0.0056124
1 0.610249 0.714668 0.0128794 0.0218943 0.00560897
15 0.438831 0.732441 0.0145001 0.0342516 0.00560163
1 0.524765 0.681601 0.022207 0.0170473 0.00558003
5 0.648526 0.746382 0.0398442 0.037249 0.00557685
2 0.815293 0.476695 0.0139444 0.0129114 0.00539161
6 0.451909 0.687179 0.0261735 0.0260747 0.00523211
2 0.809707 0.5203 0.0106716 0.0210552 0.00521312
4 0.589969 0.749189 0.0120034 0.0244004 0.00519476
1 0.493317 0.684555 0.0381709 0.0180747 0.00492945
4 0.487572 0.742397 0.0140804 0.0227411 0.00485257
2 0.858957 0.484911 0.0136143 0.0163968 0.00479257
2 0.900778 0.521861 0.0148631 0.0182649 0.00478762
2 0.813409 0.54159 0.0106206 0.0221926 0.00474886
1 0.29086 0.682869 0.0208804 0.0424439 0.00465275
2 0.779214 0.471657 0.00986115 0.0226174 0.00420205
2 0.908948 0.498079 0.01054 0.019724 0.00416119
1 0.352882 0.719055 0.0352529 0.0534043 0.00415278
6 0.37737 0.7285 0.0189915 0.0240327 0.00403154
2 0.871374 0.514176 0.0125795 0.0210199 0.00401918
7 0.598856 0.680251 0.0151229 0.0481875 0.00394448
1 0.598856 0.680251 0.0151229 0.0481875 0.00385598
1 0.438831 0.732441 0.0145001 0.0342516 0.00384582
4 0.170787 0.741258 0.0263715 0.0347357 0.00364018
2 0.855063 0.508946 0.0102354 0.0140157 0.00355158
2 0.803089 0.366167 0.0102277 0.0137388 0.0035205
2 0.806149 0.406588 0.0129858 0.0170077 0.00335505
1 0.477951 0.700958 0.0163937 0.0134786 0.00332809
2 0.864772 0.484227 0.0127809 0.0158591 0.00324299
6 0.443173 0.74141 0.0105715 0.0226243 0.00324098
2 0.897243 0.520404 0.0154618 0.0219605 0.00318908
6 0.335777 0.735231 0.00983518 0.0283612 0.00313309
4 0.489061 0.748742 0.0142018 0.0283801 0.00311929
2 0.807773 0.479227 0.0139711 0.0128611 0.00309261
5 0.353042 0.730459 0.0353404 0.0403478 0.00297051
2 0.808311 0.458408 0.0143277 0.0293185 0.00293749
6 0.121321 0.737535 0.0865295 0.0584308 0.00282364
6 0.317175 0.718962 0.0390286 0.0279917 0.00278903
12 0.403775 0.725009 0.0356969 0.040929 0.00266886
12 0.638943 0.744419 0.0286096 0.0384084 0.00263896
6 0.170726 0.736852 0.0257788 0.0411773 0.00260623
19 0.495559 0.117465 0.985953 0.234931 0.00256058
6 0 0.705356 0 0.318926 0.0024723
14 0.639918 0.763547 0.00954572 0.0215152 0.00239159
6 0.165991 0.73168 0.0298834 0.0499465 0.002386
6 0.281495 0.725035 0.0295573 0.0480478 0.00237657
4 0.598868 0.290448 0.253775 0.227984 0.00237033
6 0.415287 0.757818 0.0568955 0.0757122 0.00220581
6 0.159155 0.729679 0.0320163 0.0523899 0.00218251
15 0.120701 0.737341 0.0858348 0.0578116 0.0021536
1 0.403775 0.725009 0.0356969 0.040929 0.00214406
2 0.828719 0.477544 0.0118035 0.0134942 0.00202698
12 0.398885 0.72094 0.0276547 0.0318335 0.00196177
6 0.402019 0.710285 0.0323641 0.0251974 0.001933
24 0.646809 0.736265 0.0426592 0.0543933 0.00190996
6 0.405568 0.696423 0.0317388 0.0232562 0.00189448
6 0.452523 0.688809 0.0178554 0.0131877 0.00189126
1 0.299698 0.697611 0.0129565 0.0257028 0.00187372
15 0.376887 0.734018 0.0232865 0.027355 0.00184541
1 0.389406 0.68135 0.0111623 0.0194829 0.00175988
6 0.598868 0.290448 0.253775 0.227984 0.00175528
1 0.398885 0.72094 0.0276547 0.0318335 0.00174759
6 0.411975 0.703265 0.0344791 0.0254501 0.00174299
1 0.292188 0.678847 0.0158483 0.0333889 0.00172076
2 0.77841 0.462085 0.0118526 0.0299384 0.00165704
4 0.470295 0.72553 0.0145048 0.0205569 0.00163362
12 0.617559 0.736931 0.0283012 0.0342277 0.0016162
25 0.400692 0.723712 0.0307073 0.0379193 0.00160698
6 0 0.744544 0 0.20103 0.00157843
24 0.353017 0.719918 0.0351338 0.0554342 0.001573
2 0.872498 0.522479 0.0140887 0.0248133 0.0015617
1 0.478279 0.725469 0.0123433 0.0233131 0.00154759
2 0.907492 0.513263 0.0113698 0.0199324 0.0015471
0 0.312769 0.736452 0.0441134 0.0335496 0.00154367
6 0.646097 0.722345 0.043608 0.0870041 0.00151391
2 0.784612 0.491966 0.0126635 0.0293472 0.00150444
0 0.639918 0.763547 0.00954572 0.0215152 0.00147631
6 0.654064 0.735803 0.0361399 0.0541944 0.00144941
0 0.398572 0.731933 0.0300044 0.0285056 0.00144606
14 0.638943 0.744419 0.0286096 0.0384084 0.00142914
6 0.638943 0.744419 0.0286096 0.0384084 0.00142423
6 0.196288 0.733545 0.0561727 0.0456092 0.00133924
1 0.411975 0.703265 0.0344791 0.0254501 0.00130815
15 0.37737 0.7285 0.0189915 0.0240327 0.00129521
0 0.290735 0.734087 0.0156451 0.032724 0.0012224
1 0.651456 0.681742 0.0319503 0.0552553 0.00119857
4 0.449407 0.750545 0.0170469 0.0394037 0.00117447
1 0.465991 0.697205 0.00779627 0.0124382 0.00114647
1 0.487699 0.711475 0.0180535 0.0295781 0.00105604
2 0.835005 0.479001 0.0130332 0.0184944 0.00105253
2 0.862408 0.518149 0.0167354 0.0254997 0.00104805
6 0.000157383 0.780583 0.000314766 0.100289 0.00103542
4 0.593287 0.745689 0.0168468 0.0262134 0.00103144
4 0.000379537 0.785946 0.000759075 0.095268 0.00102744
