4 0.267049 0.627801 0.0429403 0.0502212 0.873741
12 0.524049 0.603877 0.079277 0.25488 0.815526
4 0.0356893 0.604298 0.0310321 0.024943 0.6241
4 0.0113686 0.60289 0.0221044 0.0289564 0.526741
4 0.220808 0.61198 0.0141613 0.016595 0.519746
2 0.674515 0.231346 0.0345179 0.0507442 0.314535
4 0.288601 0.623487 0.0219994 0.035441 0.291185
6 0.28668 0.610106 0.0276105 0.0385333 0.24069
1 0.0152212 0.379116 0.0295684 0.083213 0.202498
4 0.0211321 0.60408 0.0386115 0.0259993 0.201047
7 0.674782 0.232957 0.0339545 0.0518273 0.187452
4 0.0874461 0.602907 0.0470942 0.0239122 0.184553
6 0.284777 0.606827 0.0225808 0.0262002 0.175317
4 0.284777 0.606827 0.0225808 0.0262002 0.174381
2 0.607281 0.259564 0.0328683 0.0273796 0.166395
4 0.0545736 0.602354 0.0356485 0.0251143 0.142939
4 0.470999 0.632157 0.0294024 0.0420724 0.134824
4 0.658355 0.631336 0.0504728 0.0477587 0.134059
3 0.792991 0.690538 0.0678496 0.0638638 0.11411
6 0.285992 0.600342 0.0250062 0.0219597 0.0976087
4 0.585469 0.629663 0.0382185 0.031656 0.0919324
4 0.144667 0.608516 0.0229287 0.0157799 0.091477
4 0.288577 0.617403 0.0290968 0.0300521 0.0889907
4 0.165029 0.603878 0.0304386 0.0243606 0.0829889
4 0.149474 0.605875 0.0347567 0.0216376 0.0725306
4 0.583121 0.635489 0.0325754 0.0256711 0.0717352
4 0.103064 0.603306 0.0365492 0.0211988 0.0686077
1 0.189158 0.582776 0.00932962 0.0157087 0.0527508
4 0.741185 0.636836 0.0588556 0.0338175 0.0499242
4 0.575562 0.630693 0.0219091 0.0298043 0.049431
4 0.587858 0.622249 0.0453311 0.0433175 0.0490726
4 0.0449617 0.598037 0.016795 0.0253399 0.0481248
25 0.140841 0.555965 0.0404246 0.0224471 0.0456746
4 0.210172 0.608618 0.0131463 0.0149187 0.0440886
4 0.473815 0.622374 0.0251871 0.0576445 0.0421919
4 0.717719 0.635601 0.0441091 0.0337204 0.0417439
4 0.20046 0.609538 0.0115097 0.0132272 0.041659
4 0.157689 0.602057 0.0458267 0.0288043 0.0387437
4 0.118268 0.606748 0.0254075 0.019758 0.0379726
4 0.654894 0.62135 0.0393177 0.0408623 0.0357085
4 0.626031 0.631012 0.0407935 0.0380149 0.0329835
3 0.784754 0.697579 0.0558917 0.0488404 0.0291772
4 0.263277 0.617239 0.035504 0.0276929 0.0287227
4 0.129652 0.607893 0.0189707 0.0176802 0.023774
4 0.226916 0.611336 0.0109829 0.016547 0.0231095
4 0.334121 0.6219 0.0143697 0.0174259 0.0225331
1 0.203515 0.580892 0.00954479 0.0113804 0.0209703
3 0.798854 0.680315 0.0873872 0.0803483 0.0204441
15 0.28668 0.610106 0.0276105 0.0385333 0.0191912
1 0.186 0.582466 0.0115836 0.0157248 0.0186419
4 0.64535 0.636276 0.0299409 0.0370442 0.0182837
4 0.59738 0.618264 0.0323178 0.0275301 0.0178308
4 0.606143 0.614089 0.0155115 0.0257494 0.0176772
4 0.28668 0.610106 0.0276105 0.0385333 0.017449
8 0.472793 0.636181 0.0259612 0.0349242 0.0173902
4 0.193556 0.607698 0.0123013 0.0155033 0.0171538
1 0.29466 0.593092 0.0119085 0.0153766 0.016873
4 0.476093 0.629672 0.0234355 0.0343135 0.0159462
4 0.0809619 0.598312 0.0529827 0.0277037 0.0149971
5 0.288601 0.623487 0.0219994 0.035441 0.0149796
6 0.157689 0.602057 0.0458267 0.0288043 0.0146288
4 0.229544 0.614294 0.0103801 0.0173903 0.0143491
6 0.284526 0.594731 0.0200157 0.0185212 0.0137013
4 0.285992 0.600342 0.0250062 0.0219597 0.01355
15 0.284777 0.606827 0.0225808 0.0262002 0.0134462
4 0.687003 0.634249 0.0592388 0.03763 0.0134086
4 0.306212 0.622592 0.00862415 0.0153661 0.013308
6 0.0103625 0.599649 0.0201973 0.0323406 0.0130305
0 0.288601 0.623487 0.0219994 0.035441 0.0118335
24 0.141484 0.558593 0.0428924 0.0255588 0.0110237
4 0.175043 0.609016 0.015859 0.014563 0.0108403
6 0.165029 0.603878 0.0304386 0.0243606 0.0102933
2 0.598818 0.259519 0.036235 0.0281068 0.0102806
4 0.62638 0.62132 0.0484246 0.0429696 0.00959182
1 0.18255 0.567273 0.0143905 0.0226546 0.00943961
15 0.285992 0.600342 0.0250062 0.0219597 0.00917442
4 0.245041 0.610255 0.0110819 0.013356 0.00906542
1 0.140932 0.557943 0.0437254 0.0227991 0.00897312
6 0.29466 0.593092 0.0119085 0.0153766 0.00866524
4 0.702533 0.636074 0.0591035 0.0354932 0.00863472
4 0.620021 0.617241 0.0379038 0.0334925 0.00848006
3 0.831231 0.681814 0.0646266 0.0789898 0.00833472
1 0.204896 0.575824 0.00913765 0.0189247 0.0082087
6 0.288601 0.623487 0.0219994 0.035441 0.00791492
4 0.0328081 0.598811 0.030723 0.026752 0.00758114
4 0.797589 0.676356 0.0881296 0.087842 0.00739411
4 0.00888638 0.608281 0.0173629 0.0306683 0.00684121
4 0.385003 0.628511 0.0313487 0.0166044 0.00663952
4 0.614295 0.63278 0.0529197 0.0400151 0.00656242
4 0.0979595 0.597459 0.0371837 0.0252817 0.00642365
4 0.208087 0.613648 0.0100625 0.0186499 0.00628333
4 0.216661 0.605323 0.0152934 0.0229947 0.00613673
4 0.843779 0.687945 0.0448672 0.0703553 0.00601798
6 0.288577 0.617403 0.0290968 0.0300521 0.00592269
2 0.584211 0.262661 0.0136841 0.022231 0.00554051
4 0.337185 0.624947 0.0124053 0.0174831 0.00525523
6 0.0401223 0.603566 0.0266411 0.027244 0.0051852
7 0.607497 0.258967 0.0327364 0.0284777 0.00518442
4 0.284526 0.594731 0.0200157 0.0185212 0.0051087
4 0.340705 0.623389 0.0111089 0.0173543 0.0050515
4 0.838652 0.675184 0.0541823 0.0772016 0.00503977
4 0.195152 0.613975 0.0105199 0.0182449 0.00493901
4 0.355722 0.62668 0.0316009 0.0161413 0.00492809
15 0.473815 0.622374 0.0251871 0.0576445 0.0048609
4 0.361221 0.62776 0.0218418 0.0137456 0.00465835
4 0.00847763 0.603867 0.0169553 0.0273512 0.00461803
8 0.288601 0.623487 0.0219994 0.035441 0.00458629
25 0.151229 0.595442 0.0408779 0.0361485 0.00442783
6 0.90125 0.53737 0.142531 0.300154 0.00423177
1 0.267845 0.593942 0.0104415 0.0180916 0.00422791
6 0.473815 0.622374 0.0251871 0.0576445 0.00418516
1 0.800352 0.448112 0.222221 0.196992 0.0041306
15 0.15896 0.59631 0.04554 0.0384517 0.00410562
4 0.649723 0.645894 0.0358051 0.0383693 0.00409672
4 0.803665 0.661501 0.0772783 0.0707573 0.00405747
7 0.676198 0.254148 0.030437 0.0972005 0.00404319
4 0.816115 0.679923 0.0617104 0.0868077 0.00403783
4 0.804919 0.642454 0.0711985 0.0299341 0.00400432
4 0.144581 0.61326 0.0219765 0.0197377 0.00399056
8 0.307511 0.632187 0.0104998 0.0229985 0.00388379
6 0.298586 0.604645 0.0176317 0.0246085 0.0038177
4 0.825716 0.64857 0.0349543 0.0346602 0.00380249
25 0.157204 0.60106 0.0451433 0.0302063 0.00379808
6 0.0530871 0.603181 0.0344723 0.0260885 0.00373153
6 0.0449617 0.598037 0.016795 0.0253399 0.00368061
4 0.841894 0.644871 0.0601835 0.0427458 0.0036678
4 0.458163 0.631533 0.0452717 0.0357862 0.00357792
4 0.60264 0.635224 0.0234705 0.0334209 0.0034844
8 0.583121 0.635489 0.0325754 0.0256711 0.00342982
4 0.454971 0.625578 0.0693168 0.0551178 0.00335982
1 0.193908 0.573418 0.0107273 0.0203058 0.00334962
15 0.523349 0.604536 0.0794832 0.251896 0.00322957
4 0.118071 0.595409 0.0162669 0.0215717 0.00310357
8 0.47478 0.645278 0.0224814 0.032206 0.00304291
14 0.846862 0.688441 0.0427042 0.0656175 0.00301765
1 0.284526 0.594731 0.0200157 0.0185212 0.00300283
6 0.263277 0.617239 0.035504 0.0276929 0.00295979
4 0.820872 0.657968 0.0431443 0.0554923 0.0029492
4 0.77948 0.650611 0.113344 0.0573169 0.00294005
4 0.792053 0.638474 0.0549702 0.0242721 0.00293325
5 0.0401223 0.603566 0.0266411 0.027244 0.00292599
1 0.217406 0.585037 0.0110952 0.0119077 0.00285293
1 0.033039 0.559474 0.0189069 0.0477684 0.00272846
1 0.247753 0.583725 0.0120598 0.0139103 0.0026635
6 0.141561 0.560342 0.0427409 0.0250034 0.00264838
8 0.60264 0.635224 0.0234705 0.0334209 0.00259985
4 0.317671 0.617853 0.017475 0.0178688 0.00258264
4 0.846131 0.625758 0.0729968 0.0690444 0.00257777
4 0.29466 0.593092 0.0119085 0.0153766 0.00249959
8 0.628174 0.637716 0.0392797 0.0336265 0.00248338
8 0.575016 0.634676 0.0213295 0.0244221 0.00246581
4 0.178587 0.613897 0.0106672 0.0184061 0.00243903
6 0.20046 0.609538 0.0115097 0.0132272 0.00242553
6 0.653687 0.627543 0.0439822 0.0500028 0.00236869
0 0.0449617 0.598037 0.016795 0.0253399 0.00235768
3 0.780321 0.683717 0.0779799 0.0742976 0.00233991
14 0.342038 0.633201 0.010905 0.018579 0.00233687
5 0.0108968 0.603247 0.0217472 0.0274138 0.00232725
5 0.28668 0.610106 0.0276105 0.0385333 0.00222754
0 0.0108968 0.603247 0.0217472 0.0274138 0.00218745
6 0.0572143 0.59875 0.0402436 0.0294078 0.00216865
2 0.64303 0.278518 0.020501 0.0189686 0.00216186
4 0.188524 0.594656 0.0077139 0.0209585 0.00212379
1 0.301744 0.591307 0.0104588 0.0129764 0.00211356
4 0.333895 0.614625 0.0138175 0.021511 0.0021122
1 0.228755 0.588988 0.00943507 0.0125542 0.00206885
1 0.23133 0.571248 0.0128214 0.0195477 0.00206034
15 0.284526 0.594731 0.0200157 0.0185212 0.0020571
1 0.285992 0.600342 0.0250062 0.0219597 0.00202724
3 0.472793 0.636181 0.0259612 0.0349242 0.0019736
0 0.28668 0.610106 0.0276105 0.0385333 0.00196009
4 0.308531 0.625552 0.0115667 0.0193746 0.0019576
4 0.47478 0.645278 0.0224814 0.032206 0.00194132
6 0.210172 0.608618 0.0131463 0.0149187 0.00193233
1 0.605406 0.260016 0.0360732 0.0293879 0.00191579
4 0.168974 0.613387 0.0173998 0.0193909 0.00184955
6 0.149474 0.605875 0.0347567 0.0216376 0.00182131
15 0.29466 0.593092 0.0119085 0.0153766 0.00181634
4 0.307511 0.632187 0.0104998 0.0229985 0.00179282
4 0.298586 0.604645 0.0176317 0.0246085 0.00178851
24 0.151229 0.595442 0.0408779 0.0361485 0.00178821
1 0.038036 0.56017 0.0167269 0.0453988 0.00178144
4 0.00530765 0.596803 0.0106153 0.0272307 0.0017738
4 0.693388 0.622705 0.0812289 0.0582433 0.00176478
0 0.606143 0.614089 0.0155115 0.0257494 0.00171077
4 0.26977 0.606885 0.0383008 0.0261572 0.00170207
1 0.215971 0.57584 0.010326 0.0208961 0.00168863
8 0.129652 0.607893 0.0189707 0.0176802 0.00168556
1 0.00768365 0.568122 0.0138474 0.0285172 0.00168546
4 0.267845 0.593942 0.0104415 0.0180916 0.00167988
4 0.863418 0.647 0.0423058 0.0476223 0.00167812
4 0.837597 0.655032 0.0590681 0.0666527 0.00167112
6 0.588084 0.62544 0.0408383 0.040114 0.00164581
0 0.306212 0.622592 0.00862415 0.0153661 0.00164482
3 0.634317 0.659627 0.0320308 0.0310815 0.00163679
0 0.284777 0.606827 0.0225808 0.0262002 0.00156957
1 0.674862 0.232984 0.0336977 0.052891 0.00156879
1 0.188524 0.594656 0.0077139 0.0209585 0.00155343
6 0.59738 0.618264 0.0323178 0.0275301 0.0015487
5 0.284777 0.606827 0.0225808 0.0262002 0.00154475
1 0.284777 0.606827 0.0225808 0.0262002 0.00153886
12 0.284777 0.606827 0.0225808 0.0262002 0.00151653
4 0.662069 0.644009 0.0529977 0.0411609 0.0015103
12 0.157204 0.60106 0.0451433 0.0302063 0.00150222
6 0.151229 0.595442 0.0408779 0.0361485 0.00149336
4 0.00189226 0.600242 0.00378451 0.0300589 0.00149083
8 0.306212 0.622592 0.00862415 0.0153661 0.00146292
1 0.185817 0.562857 0.0115543 0.0216768 0.00145644
5 0.144667 0.608516 0.0229287 0.0157799 0.00145389
25 0.285992 0.600342 0.0250062 0.0219597 0.00145328
6 0.267845 0.593942 0.0104415 0.0180916 0.00144819
8 0.337185 0.624947 0.0124053 0.0174831 0.00143571
6 0.0211321 0.60408 0.0386115 0.0259993 0.00142535
3 0.816115 0.679923 0.0617104 0.0868077 0.00142236
4 0.796979 0.634253 0.0636939 0.0349366 0.00142106
25 0.143027 0.561311 0.0437196 0.0234688 0.00141795
6 0.624303 0.629911 0.043758 0.0391457 0.00141642
6 0.62638 0.62132 0.0484246 0.0429696 0.00141092
0 0.472793 0.636181 0.0259612 0.0349242 0.00140373
0 0.0401223 0.603566 0.0266411 0.027244 0.0013977
2 0.642229 0.270641 0.0282332 0.0227693 0.00138766
14 0.334121 0.6219 0.0143697 0.0174259 0.00138698
0 0.473815 0.622374 0.0251871 0.0576445 0.00138224
0 0.188524 0.594656 0.0077139 0.0209585 0.00137271
42 0.29466 0.593092 0.0119085 0.0153766 0.00136536
42 0.284526 0.594731 0.0200157 0.0185212 0.00134805
0 0.59738 0.618264 0.0323178 0.0275301 0.001348
4 0.152211 0.613456 0.0150733 0.0194731 0.0013334
4 0.12738 0.613037 0.0152394 0.0201993 0.00128525
0 0.674839 0.233236 0.0343597 0.0547298 0.00123542
6 0.220808 0.61198 0.0141613 0.016595 0.0012323
38 0.523371 0.603584 0.078626 0.251646 0.00120827
8 0.00888638 0.608281 0.0173629 0.0306683 0.0011952
4 0.711753 0.622061 0.0482319 0.0537091 0.00117681
8 0.649723 0.645894 0.0358051 0.0383693 0.00117307
15 0.165029 0.603878 0.0304386 0.0243606 0.00115288
4 0.0924092 0.609274 0.041058 0.0279855 0.0011447
12 0.28668 0.610106 0.0276105 0.0385333 0.00114256
1 0.258615 0.593453 0.0118518 0.0181867 0.00113356
3 0.643462 0.647317 0.0275699 0.0358628 0.00113116
4 0.862005 0.672792 0.0338099 0.054852 0.00112933
25 0.29466 0.593092 0.0119085 0.0153766 0.00108995
1 0.323013 0.571537 0.0108788 0.0211892 0.00108295
5 0.129652 0.607893 0.0189707 0.0176802 0.0010721
8 0.843618 0.689948 0.0447582 0.0701784 0.00104912
3 0.307511 0.632187 0.0104998 0.0229985 0.00104836
6 0.354136 0.611684 0.0314553 0.0338426 0.00104726
4 0.122025 0.612032 0.0172082 0.0224158 0.00103177
1 0.0310329 0.57281 0.0287004 0.046568 0.00102844
6 0.00768365 0.568122 0.0138474 0.0285172 0.00102604
8 0.0395619 0.611237 0.0180798 0.0234961 0.00102597
1 0.321794 0.585521 0.012273 0.0125598 0.00102135
5 0.0530871 0.603181 0.0344723 0.0260885 0.00101871
8 0.118268 0.606748 0.0254075 0.019758 0.00100335
6 0.144667 0.608516 0.0229287 0.0157799 0.00100299
