4 0.775965 0.496311 0.0864862 0.0566761 0.896847
7 0.677031 0.0243903 0.0395001 0.048596 0.883624
8 0.696367 0.575181 0.0478862 0.108272 0.868865
0 0.69713 0.540694 0.0458532 0.122747 0.847918
7 0.737254 0.0441661 0.0314394 0.0883322 0.825178
1 0.681671 0.39831 0.0220842 0.0953773 0.68771
4 0.639697 0.482716 0.0676506 0.0520872 0.683983
13 0.694076 0.490353 0.0143123 0.0231495 0.298566
4 0.00678808 0.532871 0.0132966 0.0193503 0.217253
4 0.660256 0.482331 0.0738697 0.0521606 0.166912
1 0.778125 0.443759 0.0138312 0.0384665 0.129303
7 0.765379 0.00738792 0.0194851 0.0147758 0.0635077
4 0.194312 0.527442 0.0248646 0.015766 0.0617176
4 0.0783346 0.525003 0.013834 0.0175315 0.0523308
17 0.694076 0.490353 0.0143123 0.0231495 0.0474955
4 0.58832 0.487161 0.0259113 0.0306585 0.0330482
4 0.688417 0.482468 0.0242775 0.0355772 0.029544
4 0.570051 0.492238 0.0434206 0.0332114 0.0257931
1 0.765379 0.00738792 0.0194851 0.0147758 0.0230156
7 0.765726 0.0176545 0.0188304 0.0253407 0.0226591
4 0.59665 0.489609 0.0267366 0.0310554 0.0218474
8 0.737136 0.0442021 0.0314952 0.0884043 0.0216359
0 0.677209 0.024319 0.0397773 0.0486381 0.0182732
4 0.739095 0.489883 0.0266413 0.0302127 0.0180961
8 0.194483 0.527323 0.0264236 0.0175438 0.0180491
4 0.0172011 0.529829 0.0232734 0.0208535 0.0176486
4 0.552054 0.49308 0.013445 0.0243593 0.0170311
2 0.765379 0.00738792 0.0194851 0.0147758 0.0156665
4 0.694076 0.490353 0.0143123 0.0231495 0.0156624
4 0.60626 0.489678 0.0338568 0.0356356 0.0151573
7 0.764084 0.0299222 0.0149946 0.0423839 0.0132112
7 0.715448 0.410359 0.00847839 0.0662166 0.0131629
1 0.142609 0.4469 0.0158201 0.13076 0.0128153
4 0.597475 0.477922 0.0205297 0.0240353 0.0127781
8 0.677209 0.024319 0.0397773 0.0486381 0.0125729
8 0.59665 0.489609 0.0267366 0.0310554 0.0115765
7 0.624517 0.0196533 0.0667027 0.0325531 0.0106081
4 0.0930583 0.525823 0.0297199 0.0175826 0.0103077
4 0.00618116 0.524389 0.0118847 0.0273417 0.0099401
8 0.279946 0.527416 0.0290707 0.0256073 0.00972504
4 0.58466 0.478652 0.0195238 0.0244713 0.00971751
1 0.715448 0.410359 0.00847839 0.0662166 0.00941146
4 0.720779 0.490285 0.0290896 0.0274837 0.00930935
1 0.719148 0.406689 0.010183 0.0795924 0.00925048
4 0.608018 0.479016 0.0340191 0.0290801 0.00875429
4 0.548419 0.494603 0.0203558 0.0266638 0.0086003
7 0.7625 0.02962 0.0214593 0.0494963 0.00825681
11 0.696779 0.543711 0.0445829 0.123529 0.00814629
8 0.269541 0.523979 0.0331517 0.0230965 0.0079202
7 0.606074 0.00831735 0.0191693 0.0166347 0.0075828
7 0.709577 0.0120493 0.0278333 0.0240985 0.00757791
4 0.279946 0.527416 0.0290707 0.0256073 0.00757543
4 0.89313 0.477812 0.0334769 0.0336837 0.00750852
5 0.660256 0.482331 0.0738697 0.0521606 0.00749838
4 0.00642116 0.541174 0.0128423 0.0316688 0.00741487
4 0.99181 0.480656 0.0135641 0.0289284 0.00715035
4 0.69713 0.540694 0.0458532 0.122747 0.00701062
0 0.69906 0.515639 0.0347314 0.0760727 0.00693662
4 0.599765 0.49668 0.0279045 0.032609 0.00689857
2 0.776689 0.00853726 0.0118596 0.0170745 0.00658777
8 0.552054 0.49308 0.013445 0.0243593 0.00656454
8 0.289994 0.529166 0.0139159 0.0240007 0.00614413
14 0.0783346 0.525003 0.013834 0.0175315 0.00605426
14 0.196274 0.528153 0.0283353 0.0167568 0.00605137
2 0.677066 0.0239831 0.0403541 0.0479663 0.00590841
6 0.660256 0.482331 0.0738697 0.0521606 0.00590569
1 0.775554 0.444966 0.0200001 0.0476486 0.0058775
4 0.671684 0.485752 0.0476727 0.0546181 0.0057017
1 0.737136 0.0442021 0.0314952 0.0884043 0.00569097
4 0.269541 0.523979 0.0331517 0.0230965 0.00554957
8 0.551755 0.499421 0.0131569 0.0274269 0.00553136
8 0.0783346 0.525003 0.013834 0.0175315 0.00552071
1 0.765726 0.0176545 0.0188304 0.0253407 0.00543632
1 0.619638 0.0220922 0.0772644 0.0379829 0.00543369
2 0.777141 0.0181202 0.0100598 0.0203739 0.0053732
8 0.585479 0.487649 0.0201574 0.0280749 0.0053266
4 0.69906 0.515639 0.0347314 0.0760727 0.00530165
4 0.268564 0.515895 0.0297441 0.0301302 0.0051655
4 0.194213 0.521995 0.0247805 0.0220535 0.00503508
0 0.790045 0.472869 0.0130107 0.0180507 0.00488915
4 0.199519 0.528061 0.0364872 0.0192378 0.00483595
8 0.599765 0.49668 0.0279045 0.032609 0.00482269
4 0.0583183 0.526157 0.0148196 0.0157814 0.00478651
4 0.106161 0.526918 0.0201081 0.0173211 0.00475211
4 0.90792 0.477685 0.0217933 0.0341406 0.00470257
4 0.022526 0.530493 0.0186378 0.019256 0.00459921
8 0.00678808 0.532871 0.0132966 0.0193503 0.0045817
8 0.022526 0.530493 0.0186378 0.019256 0.00430423
0 0.736725 0.0441243 0.0319587 0.0882487 0.00424577
4 0.561179 0.47998 0.0250431 0.0279905 0.00418398
2 0.606074 0.00831735 0.0191693 0.0166347 0.00417437
4 0.194153 0.532234 0.0350198 0.0287405 0.00406928
13 0.688417 0.482468 0.0242775 0.0355772 0.00399927
4 0.0164932 0.523081 0.0222336 0.0250712 0.00394971
8 0.0172011 0.529829 0.0232734 0.0208535 0.00393121
2 0.765726 0.0176545 0.0188304 0.0253407 0.00385778
7 0.626842 0.0226936 0.0965508 0.0414298 0.00370594
0 0.0172011 0.529829 0.0232734 0.0208535 0.00370304
7 0.776689 0.00853726 0.0118596 0.0170745 0.00367441
4 0.583978 0.496694 0.0213282 0.0335609 0.00364206
0 0.0783346 0.525003 0.013834 0.0175315 0.00359695
7 0.142031 0.438463 0.0155456 0.111515 0.00355447
4 0.0893336 0.521533 0.0313591 0.0218057 0.00355125
3 0.59665 0.489609 0.0267366 0.0310554 0.00353942
4 0.914214 0.478674 0.0199577 0.0329766 0.00346654
14 0.599765 0.49668 0.0279045 0.032609 0.00339491
4 0.570916 0.482087 0.0368693 0.0329511 0.00338804
4 0.0657235 0.526771 0.0260347 0.0148507 0.00337149
8 0.106206 0.525153 0.0187689 0.0190433 0.00330169
4 0.541676 0.492127 0.0368517 0.0320424 0.00323564
13 0.69906 0.515639 0.0347314 0.0760727 0.00323446
4 0.0752316 0.521556 0.0177323 0.0211029 0.00320493
7 0.719148 0.406689 0.010183 0.0795924 0.00315623
8 0.88376 0.483118 0.0185726 0.0275451 0.00305755
8 0.60626 0.49511 0.0360808 0.0372725 0.00300489
42 0.688417 0.482468 0.0242775 0.0355772 0.00300436
0 0.022526 0.530493 0.0186378 0.019256 0.00298605
8 0.268564 0.515895 0.0297441 0.0301302 0.00289767
1 0.708774 0.0107461 0.0271366 0.0214921 0.00284625
8 0.0930583 0.525823 0.0297199 0.0175826 0.00281545
14 0.227715 0.527479 0.0103141 0.0190549 0.00279865
4 0.259535 0.517066 0.0164323 0.0264385 0.00279137
4 0.700716 0.481944 0.0228199 0.0322491 0.00278403
4 0.551755 0.499421 0.0131569 0.0274269 0.00278248
5 0.00678808 0.532871 0.0132966 0.0193503 0.00276476
7 0.636731 0.0103318 0.0363901 0.0206635 0.00276199
0 0.00678808 0.532871 0.0132966 0.0193503 0.00275983
4 0.65694 0.454107 0.0196285 0.0235273 0.00273487
7 0.715817 0.424284 0.00990735 0.0478066 0.00272166
7 0.680031 0.406357 0.0182816 0.0779693 0.00270491
17 0.688417 0.482468 0.0242775 0.0355772 0.00268798
8 0.259435 0.523809 0.018899 0.0224411 0.00266391
8 0.259535 0.517066 0.0164323 0.0264385 0.00262116
8 0.198349 0.522112 0.0308658 0.0233259 0.0025293
4 0.822076 0.485201 0.01339 0.023932 0.00250241
9 0.697521 0.542833 0.0457172 0.127597 0.00249208
8 0.583978 0.496694 0.0213282 0.0335609 0.0024688
14 0.0172011 0.529829 0.0232734 0.0208535 0.00241902
14 0.822076 0.485201 0.01339 0.023932 0.0024122
4 0.27519 0.516693 0.0246419 0.0310454 0.00237902
0 0.694076 0.490353 0.0143123 0.0231495 0.00236573
5 0.696357 0.574208 0.0480569 0.109733 0.00220631
22 0.227715 0.527479 0.0103141 0.0190549 0.00217957
8 0.27519 0.516693 0.0246419 0.0310454 0.00217047
5 0.194483 0.527323 0.0264236 0.0175438 0.00216739
8 0.212516 0.527376 0.0244723 0.0178963 0.00216259
8 0.00642116 0.541174 0.0128423 0.0316688 0.00215205
7 0.645093 0.0298057 0.026952 0.0442154 0.00214872
1 0.679431 0.375663 0.0278677 0.154625 0.0021235
14 0.59665 0.489609 0.0267366 0.0310554 0.00208305
14 0.585479 0.487649 0.0201574 0.0280749 0.00206076
7 0.700671 0.0282352 0.0392578 0.0490288 0.00205037
2 0.797211 0.0425696 0.0119591 0.0231986 0.00197498
17 0.69906 0.515639 0.0347314 0.0760727 0.00195815
3 0.599765 0.49668 0.0279045 0.032609 0.00195427
8 0.227715 0.527479 0.0103141 0.0190549 0.0019436
2 0.580947 0.00687145 0.0157194 0.0137429 0.00192812
14 0.212516 0.527376 0.0244723 0.0178963 0.00192526
8 0.696779 0.543711 0.0445829 0.123529 0.00191833
1 0.764084 0.0299222 0.0149946 0.0423839 0.00190722
4 0.745963 0.499087 0.0735884 0.039207 0.00186773
4 0.865406 0.465134 0.0114785 0.0149666 0.00186515
1 0.71184 0.423732 0.0115687 0.0410014 0.00185527
4 0.259435 0.523809 0.018899 0.0224411 0.00183721
4 0.790045 0.472869 0.0130107 0.0180507 0.00181163
1 0.696596 0.573008 0.0476271 0.110459 0.0018068
4 0.73544 0.479301 0.0213038 0.0263883 0.00178192
0 0.105952 0.521656 0.0162797 0.0213892 0.00176713
0 0.688417 0.482468 0.0242775 0.0355772 0.00175927
2 0.570633 0.0249511 0.0146964 0.0345246 0.0017438
7 0.71184 0.423732 0.0115687 0.0410014 0.00173707
8 0.63665 0.489938 0.0748103 0.0460131 0.00173053
0 0.227715 0.527479 0.0103141 0.0190549 0.00171041
8 0.0583183 0.526157 0.0148196 0.0157814 0.00167003
7 0.56836 0.0259464 0.0153047 0.0387754 0.00166398
5 0.0783346 0.525003 0.013834 0.0175315 0.00161683
4 0.987629 0.479111 0.0217407 0.0316652 0.00159525
3 0.696596 0.573008 0.0476271 0.110459 0.001595
4 0.526505 0.469522 0.0133204 0.0226387 0.00156233
7 0.621293 0.010492 0.037848 0.020984 0.00154992
22 0.7368 0.0441322 0.0311918 0.0882644 0.00153433
4 0.105952 0.521656 0.0162797 0.0213892 0.00153137
7 0.77269 0.0309895 0.038044 0.0599844 0.001521
8 0.99181 0.480656 0.0135641 0.0289284 0.0014882
8 0.822076 0.485201 0.01339 0.023932 0.00148206
4 0.00481444 0.533081 0.00962889 0.0167788 0.0014531
14 0.583978 0.496694 0.0213282 0.0335609 0.00144507
3 0.585479 0.487649 0.0201574 0.0280749 0.00143886
7 0.580947 0.00687145 0.0157194 0.0137429 0.00142714
0 0.0164932 0.523081 0.0222336 0.0250712 0.00140641
0 0.708774 0.0107461 0.0271366 0.0214921 0.00138805
8 0.905928 0.48171 0.0223812 0.0269835 0.00138545
3 0.289994 0.529166 0.0139159 0.0240007 0.0013537
0 0.99181 0.480656 0.0135641 0.0289284 0.00131742
0 0.289994 0.529166 0.0139159 0.0240007 0.00130855
3 0.60626 0.49511 0.0360808 0.0372725 0.00130824
1 0.715817 0.424284 0.00990735 0.0478066 0.00130413
6 0.64174 0.483156 0.0672415 0.0527814 0.00130215
3 0.552054 0.49308 0.013445 0.0243593 0.00129812
32 0.194312 0.527442 0.0248646 0.015766 0.00129527
0 0.259535 0.517066 0.0164323 0.0264385 0.00129348
4 0.723921 0.480887 0.0263209 0.0310266 0.00128611
11 0.694076 0.490353 0.0143123 0.0231495 0.00126629
5 0.671684 0.485752 0.0476727 0.0546181 0.00126314
4 0.494552 0.467977 0.0183012 0.017499 0.00125869
2 0.44377 0.360849 0.00853406 0.0148999 0.00125737
0 0.552054 0.49308 0.013445 0.0243593 0.00124521
22 0.677209 0.024319 0.0397773 0.0486381 0.00124001
4 0.538008 0.481328 0.035588 0.0367689 0.00123725
2 0.708774 0.0107461 0.0271366 0.0214921 0.00123212
4 0.88376 0.483118 0.0185726 0.0275451 0.00120467
13 0.696681 0.540219 0.0451223 0.123336 0.0011974
8 0.548419 0.494603 0.0203558 0.0266638 0.00119427
0 0.672453 0.483539 0.0559893 0.0465516 0.00116087
14 0.60626 0.49511 0.0360808 0.0372725 0.00115419
4 0.66824 0.444965 0.0167354 0.0368081 0.00115047
8 0.208807 0.521009 0.0243525 0.0253959 0.00113624
0 0.597475 0.477922 0.0205297 0.0240353 0.00113541
4 0.680031 0.406357 0.0182816 0.0779693 0.00112292
14 0.88376 0.483118 0.0185726 0.0275451 0.00111535
4 0.0598503 0.521589 0.014899 0.0214097 0.00109993
9 0.696335 0.574349 0.0479412 0.109545 0.00109927
0 0.194213 0.521995 0.0247805 0.0220535 0.00106268
4 0.50388 0.469307 0.0275288 0.0200132 0.00104941
8 0.597475 0.477922 0.0205297 0.0240353 0.0010178
8 0.914991 0.481353 0.0249619 0.0288393 0.00101707
14 0.106206 0.525153 0.0187689 0.0190433 0.00101403
8 0.570051 0.492238 0.0434206 0.0332114 0.00100729
7 0.777141 0.0181202 0.0100598 0.0203739 0.00100138
