6 0.605207 0.884294 0.111177 0.0383553 0.246851
6 0.450689 0.853927 0.0173021 0.0191682 0.241813
6 0.529045 0.882984 0.0524056 0.0383999 0.14112
4 0.95341 0.837095 0.0163581 0.0162103 0.0856208
6 0.910576 0.86713 0.0598673 0.0477332 0.0632553
4 0.952812 0.841756 0.0161874 0.0123851 0.0630917
1 0.70478 0.810282 0.0396693 0.0505636 0.0566494
1 0.628747 0.794175 0.0307226 0.0723008 0.0523995
4 0.765239 0.851289 0.0199955 0.0140801 0.0471143
4 0.226437 0.766354 0.0123296 0.0132977 0.0461333
4 0.226679 0.762047 0.0123224 0.0161043 0.0412156
6 0.467629 0.858288 0.0252365 0.017445 0.0360362
4 0.293211 0.769834 0.023217 0.0155884 0.0358322
4 0.484875 0.855441 0.0138279 0.0159369 0.0350391
1 0.258036 0.731429 0.0104957 0.0299831 0.0341459
1 0.742618 0.834683 0.0173769 0.0201362 0.0339062
4 0.761029 0.849603 0.0154927 0.0124923 0.0326793
6 0.660853 0.872536 0.0385905 0.0314964 0.0281917
6 0.661139 0.862952 0.0375913 0.0145107 0.0269048
4 0.468689 0.85609 0.0255635 0.0184094 0.0267997
6 0.532948 0.873706 0.0374894 0.0210362 0.0248449
4 0.450313 0.854198 0.0190702 0.0216977 0.0246178
6 0.742618 0.834683 0.0173769 0.0201362 0.0232266
6 0.0689543 0.756928 0.0148916 0.0126676 0.0218828
1 0.450689 0.853927 0.0173021 0.0191682 0.0213985
6 0.639286 0.879688 0.029042 0.0253963 0.020658
4 0.0689543 0.756928 0.0148916 0.0126676 0.0206417
4 0.059062 0.75507 0.0172091 0.0165658 0.01843
6 0.476297 0.879221 0.0537805 0.0301256 0.0182639
1 0.760243 0.816413 0.0198046 0.0309568 0.018097
6 0.393144 0.796393 0.0194684 0.0144555 0.0178331
4 0.247014 0.767483 0.05363 0.012492 0.0161231
4 0.497085 0.856298 0.0187825 0.0174645 0.0158663
4 0.0650539 0.745664 0.0197184 0.0150353 0.0146789
6 0.059062 0.75507 0.0172091 0.0165658 0.0142619
24 0.988641 0.707617 0.0205057 0.108551 0.0142411
6 0.656777 0.868021 0.0337246 0.023013 0.0135291
4 0.0832525 0.735107 0.011671 0.0117985 0.013288
6 0.442589 0.80398 0.0194453 0.017908 0.0126856
6 0.582925 0.88242 0.0661553 0.0362031 0.0125015
6 0.952812 0.841756 0.0161874 0.0123851 0.0122865
4 0.0688769 0.737725 0.0137743 0.0111904 0.0121559
6 0.456979 0.784709 0.0182242 0.0218461 0.0119491
6 0.484875 0.855441 0.0138279 0.0159369 0.0115364
4 0.562054 0.870767 0.0253948 0.014954 0.0113646
6 0.449534 0.804862 0.0290192 0.0248529 0.0113173
6 0.567599 0.870968 0.0349842 0.0151682 0.0107817
6 0.549662 0.81738 0.0140643 0.0161863 0.0105954
4 0.116582 0.738007 0.020197 0.0141867 0.0105101
1 0.547927 0.752649 0.0217775 0.0336158 0.0102147
6 0.636486 0.870371 0.0246313 0.02477 0.0101283
4 0.549662 0.81738 0.0140643 0.0161863 0.00939142
4 0.108401 0.733801 0.0130892 0.0141098 0.00935098
4 0.495561 0.859843 0.0196111 0.0149496 0.00933198
6 0.456255 0.855389 0.0265864 0.0184869 0.00927975
6 0.656032 0.880372 0.0146339 0.0208868 0.00920095
6 0.211384 0.729224 0.0188844 0.0184841 0.00902718
6 0.95341 0.837095 0.0163581 0.0162103 0.0089303
6 0.117226 0.735434 0.0199726 0.0157782 0.00860706
1 0.760241 0.830421 0.0195267 0.019653 0.00855131
6 0.0688769 0.737725 0.0137743 0.0111904 0.00839885
4 0.534249 0.874272 0.035244 0.0221353 0.00838954
4 0.128826 0.736098 0.0103688 0.0134027 0.00836196
6 0.975661 0.877962 0.0437213 0.0400941 0.00809465
4 0.786132 0.851319 0.013535 0.0158627 0.00796074
6 0.444226 0.794033 0.0156255 0.0105393 0.00772482
4 0.393144 0.796393 0.0194684 0.0144555 0.00760308
1 0.497818 0.829041 0.0199993 0.0282163 0.00758061
6 0.226437 0.766354 0.0123296 0.0132977 0.00746554
6 0.532054 0.855962 0.0207456 0.0197682 0.0073939
6 0.898582 0.87325 0.0329058 0.0351414 0.00724621
6 0.455517 0.771855 0.0155465 0.0133184 0.00721332
4 0.0897067 0.734507 0.0165005 0.0129733 0.00717772
4 0.742618 0.834683 0.0173769 0.0201362 0.00680147
4 0.0864632 0.738489 0.0115326 0.0129972 0.00670559
4 0.967752 0.836274 0.0292827 0.0162974 0.0066552
6 0.498214 0.855991 0.0182913 0.018089 0.00659918
6 0.978166 0.835917 0.0225795 0.0181469 0.0065613
4 0.283471 0.762436 0.0272529 0.0170507 0.00632455
6 0.489158 0.856751 0.0213735 0.0135661 0.00623102
6 0.377529 0.798079 0.0296689 0.015995 0.00620481
6 0.128826 0.736098 0.0103688 0.0134027 0.00614923
6 0.293211 0.769834 0.023217 0.0155884 0.00614211
6 0.475159 0.858673 0.0354664 0.0165162 0.00611571
4 0.96477 0.844406 0.0427842 0.0161351 0.00596179
6 0.406821 0.794521 0.0216428 0.0178874 0.00589273
6 0.258036 0.731429 0.0104957 0.0299831 0.00583907
6 0.593591 0.847458 0.0206299 0.011834 0.00583345
4 0.978166 0.835917 0.0225795 0.0181469 0.00566772
15 0.450689 0.853927 0.0173021 0.0191682 0.00562416
1 0.550669 0.821849 0.0141953 0.0186725 0.00553926
6 0.926218 0.863414 0.0297122 0.0494736 0.00545141
6 0.970822 0.860918 0.0527059 0.0381014 0.00538844
4 0.279557 0.767942 0.0293282 0.0120132 0.00537604
1 0.911201 0.871139 0.0588541 0.0368641 0.00535494
6 0.765239 0.851289 0.0199955 0.0140801 0.00520777
6 0.598334 0.848379 0.0174381 0.0126576 0.00514016
1 0.7303 0.831515 0.00853937 0.0148782 0.00505639
6 0.549715 0.82208 0.0154815 0.0178708 0.00503557
6 0.334994 0.796377 0.0200584 0.0188363 0.00498892
4 0.291648 0.763135 0.0262246 0.0181992 0.00495895
6 0.448875 0.878571 0.0241077 0.0309877 0.0049319
4 0.0720864 0.76514 0.0118644 0.0160542 0.004897
6 0.589373 0.849015 0.0217513 0.0148325 0.00486056
6 0.970801 0.842942 0.0449061 0.0181956 0.00485806
4 0.52978 0.880819 0.0519776 0.0328435 0.0048503
1 0.290787 0.904441 0.016008 0.0252637 0.00484465
1 0.549662 0.81738 0.0140643 0.0161863 0.00480769
6 0.641163 0.878563 0.0762243 0.0401715 0.00480291
4 0.290787 0.904441 0.016008 0.0252637 0.00477167
6 0.226679 0.762047 0.0123224 0.0161043 0.00466881
4 0.593591 0.847458 0.0206299 0.011834 0.00464833
4 0.766899 0.85638 0.0196934 0.0204487 0.00460498
7 0.290787 0.904441 0.016008 0.0252637 0.00443806
6 0.76149 0.830635 0.0222717 0.0222991 0.00423964
1 0.546632 0.769401 0.019978 0.0150561 0.00423233
4 0.456255 0.855389 0.0265864 0.0184869 0.00421348
4 0.28988 0.772395 0.029748 0.0219212 0.00409403
4 0.761369 0.856115 0.0140854 0.0210799 0.00397388
6 0.388356 0.836249 0.0129184 0.0150541 0.0039571
6 0.605157 0.887606 0.127186 0.0578216 0.00395187
4 0.0735506 0.754789 0.0179864 0.0100142 0.003915
6 0.369165 0.797812 0.018122 0.0154821 0.00390121
6 0.247014 0.767483 0.05363 0.012492 0.00389157
6 0.967752 0.836274 0.0292827 0.0162974 0.00380409
6 0.487541 0.877964 0.0336742 0.0258652 0.00379808
4 0.475159 0.858673 0.0354664 0.0165162 0.00378732
4 0.00826344 0.749304 0.0143512 0.0169767 0.00373712
1 0.128826 0.736098 0.0103688 0.0134027 0.00360937
6 0.985518 0.835904 0.0239758 0.0254643 0.00356795
1 0.226437 0.766354 0.0123296 0.0132977 0.00348263
6 0.612284 0.891533 0.0842052 0.0395648 0.00344313
4 0.444226 0.794033 0.0156255 0.0105393 0.0034331
6 0.986227 0.847898 0.0230426 0.0153484 0.00341548
6 0.344965 0.796852 0.0335868 0.0174341 0.00337048
4 0.489158 0.856751 0.0213735 0.0135661 0.00336008
6 0.495561 0.859843 0.0196111 0.0149496 0.00318699
6 0.108401 0.733801 0.0130892 0.0141098 0.00318283
6 0.355513 0.797104 0.026393 0.0163659 0.00314978
4 0.550669 0.821849 0.0141953 0.0186725 0.00309408
4 0.211932 0.728172 0.0185442 0.0169349 0.00309015
4 0.442589 0.80398 0.0194453 0.017908 0.00305694
1 0.719091 0.752745 0.012723 0.0202162 0.00302393
6 0.0283701 0.752258 0.0539359 0.0237136 0.00301745
6 0.30925 0.767614 0.0488245 0.0228489 0.00301434
6 0.0720864 0.76514 0.0118644 0.0160542 0.00298196
6 0.761029 0.849603 0.0154927 0.0124923 0.00297855
1 0.226679 0.762047 0.0123224 0.0161043 0.00295899
4 0.986227 0.847898 0.0230426 0.0153484 0.00293018
1 0.548086 0.74414 0.0249489 0.049005 0.0028738
4 0.388356 0.836249 0.0129184 0.0150541 0.00284989
6 0.379441 0.844954 0.0239 0.0197199 0.00282713
6 0.497818 0.829041 0.0199993 0.0282163 0.0026721
6 0.00826344 0.749304 0.0143512 0.0169767 0.00264685
4 0.222675 0.761019 0.00967212 0.0148597 0.00262296
1 0.667128 0.794621 0.0328835 0.0635044 0.00260849
4 0.272357 0.761328 0.0153885 0.0151813 0.00258417
1 0.455517 0.771855 0.0155465 0.0133184 0.00254157
6 0.649387 0.854552 0.0165123 0.0144232 0.00253415
1 0.252094 0.899528 0.0138965 0.0347072 0.00252772
1 0.65866 0.830572 0.0159328 0.0138767 0.00250423
4 0.436577 0.805664 0.0129257 0.0157552 0.00246269
6 0.532482 0.861596 0.0282296 0.0155092 0.00246081
6 0.512422 0.85669 0.0332699 0.0198606 0.00242666
4 0.146019 0.805408 0.0120366 0.0135939 0.00241724
6 0.467533 0.879864 0.0749748 0.0390103 0.00241362
4 0.377529 0.798079 0.0296689 0.015995 0.00238683
6 0.436577 0.805664 0.0129257 0.0157552 0.0023732
4 0.0824622 0.832621 0.0510511 0.0101084 0.00232897
6 0.222675 0.761019 0.00967212 0.0148597 0.00231415
1 0.97427 0.876984 0.0456006 0.0441668 0.00230522
4 0.369165 0.797812 0.018122 0.0154821 0.00229912
5 0.290787 0.904441 0.016008 0.0252637 0.00229882
6 0.427167 0.773891 0.0209495 0.0209561 0.00229724
6 0.463368 0.774717 0.0151999 0.0151126 0.00229371
6 0.0353272 0.75717 0.0494946 0.012935 0.00228302
6 0.694382 0.867284 0.0324353 0.0203344 0.0022436
4 0.236281 0.762872 0.030546 0.0182188 0.00222799
8 0.290787 0.904441 0.016008 0.0252637 0.00220445
4 0.911201 0.871139 0.0588541 0.0368641 0.00219204
4 0.532054 0.855962 0.0207456 0.0197682 0.00216349
4 0.0616445 0.741539 0.0143811 0.0143744 0.00211995
6 0.480312 0.776283 0.0190805 0.017121 0.00210164
6 0.210588 0.755528 0.0220657 0.0211825 0.00208877
4 0.112996 0.744796 0.0155201 0.0188014 0.00207728
6 0.7303 0.831515 0.00853937 0.0148782 0.00205701
6 0.0107581 0.751883 0.0192866 0.0240819 0.0020242
6 0.51431 0.853793 0.0134479 0.0193373 0.00202173
6 0.594168 0.878231 0.0718106 0.040111 0.00201769
6 0.653559 0.852842 0.0165038 0.0126156 0.00200162
6 0.446011 0.854579 0.024145 0.0208457 0.00199872
1 0.456979 0.784709 0.0182242 0.0218461 0.00199717
6 0.0616445 0.741539 0.0143811 0.0143744 0.00198062
6 0.331239 0.774656 0.0688542 0.038415 0.00196762
4 0.258036 0.731429 0.0104957 0.0299831 0.00196019
6 0.554753 0.879382 0.0268499 0.0273045 0.00194541
4 0.333849 0.802976 0.0146564 0.0164204 0.00193958
4 0.985518 0.835904 0.0239758 0.0254643 0.00192074
1 0.117226 0.735434 0.0199726 0.0157782 0.00190947
4 0.455517 0.771855 0.0155465 0.0133184 0.00190393
14 0.787713 0.851317 0.0116857 0.0149512 0.00189687
6 0.236281 0.762872 0.030546 0.0182188 0.00188931
1 0.302743 0.728745 0.00825772 0.0153546 0.00187797
6 0.467629 0.784309 0.0199777 0.0200187 0.00185889
6 0.660891 0.854883 0.0286981 0.016019 0.00183976
6 0.346353 0.772832 0.0518408 0.032492 0.00182824
6 0.449617 0.836297 0.0208123 0.025012 0.00182408
6 0.0650539 0.745664 0.0197184 0.0150353 0.001824
6 0.0832525 0.735107 0.011671 0.0117985 0.00181067
1 0.589373 0.849015 0.0217513 0.0148325 0.00180554
4 0.735655 0.84002 0.0124429 0.016547 0.0018021
4 0.589373 0.849015 0.0217513 0.0148325 0.00179935
6 0.327028 0.779872 0.0463091 0.0481581 0.00175748
6 0.388087 0.841403 0.0132978 0.0182299 0.0017295
4 0.975176 0.874718 0.0462162 0.0450537 0.00167963
1 0.380451 0.758828 0.0335689 0.0223026 0.00167149
1 0.498214 0.855991 0.0182913 0.018089 0.00166422
4 0.701542 0.868353 0.025175 0.0186703 0.00162985
4 0.598334 0.848379 0.0174381 0.0126576 0.00161858
6 0.0897067 0.734507 0.0165005 0.0129733 0.0016115
4 0.7303 0.831515 0.00853937 0.0148782 0.00160292
1 0.0432747 0.868199 0.0149825 0.0253288 0.00158679
6 0.412669 0.795029 0.0159872 0.0144203 0.00156398
4 0.508202 0.794824 0.0126687 0.0144286 0.00149276
4 0.371448 0.84673 0.0153155 0.0158136 0.00147326
4 0.694382 0.867284 0.0324353 0.0203344 0.00147167
1 0.442589 0.80398 0.0194453 0.017908 0.00145175
6 0.508202 0.794824 0.0126687 0.0144286 0.00142983
1 0.444226 0.794033 0.0156255 0.0105393 0.00142295
4 0.0751285 0.767758 0.0164485 0.0123486 0.00141261
1 0.78719 0.852444 0.0115737 0.0123222 0.00141041
5 0.0689543 0.756928 0.0148916 0.0126676 0.00139472
1 0.449534 0.804862 0.0290192 0.0248529 0.00138098
6 0.701542 0.868353 0.025175 0.0186703 0.00136617
1 0.653559 0.852842 0.0165038 0.0126156 0.001359
15 0.289728 0.768467 0.0288367 0.014911 0.00134623
1 0.211932 0.728172 0.0185442 0.0169349 0.00134476
4 0.692964 0.861255 0.0333968 0.013033 0.00133884
1 0.333849 0.802976 0.0146564 0.0164204 0.00131943
1 0.334994 0.796377 0.0200584 0.0188363 0.00131911
0 0.290787 0.904441 0.016008 0.0252637 0.00131461
4 0.406821 0.794521 0.0216428 0.0178874 0.00131212
4 0.117474 0.744826 0.0150008 0.0186679 0.00129348
6 0.00816546 0.736769 0.014418 0.0219015 0.00126495
24 0.976592 0.770914 0.0467924 0.233156 0.00125514
6 0.172162 0.738967 0.0111484 0.013153 0.00125117
1 0.662194 0.830103 0.0159521 0.0108525 0.00124777
6 0.444681 0.772919 0.00904926 0.0100401 0.00124759
4 0.334994 0.796377 0.0200584 0.0188363 0.00124302
1 0.427167 0.773891 0.0209495 0.0209561 0.00123867
6 0.371448 0.84673 0.0153155 0.0158136 0.00123057
1 0.623227 0.819126 0.0212487 0.0263094 0.00122556
4 0.430785 0.787694 0.0147734 0.0113781 0.00122251
4 0.0919861 0.746109 0.016095 0.017025 0.00120492
4 0.183225 0.750267 0.00997354 0.00971416 0.00120283
1 0.388087 0.841403 0.0132978 0.0182299 0.00118558
6 0.541519 0.853366 0.0128845 0.0209867 0.00118074
6 0.279557 0.767942 0.0293282 0.0120132 0.00117704
4 0.389744 0.790171 0.0259902 0.0269589 0.00116692
6 0.787713 0.851317 0.0116857 0.0149512 0.00116374
4 0.617207 0.852737 0.0100355 0.0114458 0.00115931
6 0.924111 0.846402 0.0337901 0.0562499 0.00115615
1 0.532054 0.855962 0.0207456 0.0197682 0.00115345
0 0.194204 0.760742 0.00900008 0.0139059 0.00114705
6 0.617207 0.852737 0.0100355 0.0114458 0.00114358
1 0.598334 0.848379 0.0174381 0.0126576 0.00113479
6 0.283471 0.762436 0.0272529 0.0170507 0.00112261
6 0.639551 0.893348 0.0292029 0.0314153 0.00111629
1 0.744482 0.817472 0.0138443 0.0288998 0.00110361
4 0.45734 0.779462 0.01756 0.0159158 0.00110087
4 0.898582 0.87325 0.0329058 0.0351414 0.00109948
6 0.339653 0.757931 0.0336247 0.0151956 0.00108143
4 0.476297 0.879221 0.0537805 0.0301256 0.00107752
6 0.692964 0.861255 0.0333968 0.013033 0.00107321
4 0.691154 0.854011 0.0175596 0.0162333 0.00107048
6 0.621112 0.866901 0.0137727 0.0201874 0.00106835
7 0.252094 0.899528 0.0138965 0.0347072 0.00106704
1 0.593591 0.847458 0.0206299 0.011834 0.00105199
6 0.518322 0.790354 0.0251949 0.0222111 0.00105008
4 0.339414 0.802365 0.0171137 0.0169395 0.00104099
4 0.248723 0.760988 0.0383658 0.0179912 0.00102956
1 0.444681 0.772919 0.00904926 0.0100401 0.00102054
6 0.00557856 0.768169 0.0111571 0.0276048 0.0010155
4 0.554753 0.879382 0.0268499 0.0273045 0.0010155
1 0.388356 0.836249 0.0129184 0.0150541 0.00101216
6 0.45734 0.779462 0.01756 0.0159158 0.00100886
6 0.632314 0.854192 0.0140004 0.0137226 0.00100775
4 0.448875 0.878571 0.0241077 0.0309877 0.00100485
6 0.314813 0.759314 0.0289651 0.0116182 0.001001
6 0.558874 0.818842 0.0241526 0.0228199 0.00100014
