1 0.344493 0.64568 0.177933 0.161498 0.960031
1 0.0842164 0.656181 0.167809 0.168085 0.948402
1 0.60871 0.866937 0.0250704 0.0233738 0.845008
1 0.561037 0.868077 0.0269168 0.0257795 0.802402
4 0.560634 0.931292 0.0205154 0.028293 0.673575
4 0.521075 0.92799 0.0192453 0.0196081 0.645036
4 0.524828 0.92987 0.0164584 0.0208097 0.611328
4 0.577413 0.921632 0.0125167 0.0152233 0.484761
1 0.506462 0.899432 0.010245 0.0187059 0.436558
1 0.309016 0.815664 0.021597 0.0665869 0.359826
4 0.516863 0.926877 0.0150611 0.0186054 0.32866
1 0.400072 0.858951 0.0266671 0.0181322 0.277129
1 0.590508 0.891324 0.0160037 0.0151141 0.196577
4 0.675919 0.91846 0.010331 0.0177462 0.189351
1 0.584966 0.88544 0.0174914 0.0139744 0.157734
1 0.50873 0.898465 0.00939023 0.0165241 0.139353
1 0.507397 0.895258 0.0102122 0.0201207 0.138801
4 0.591936 0.921391 0.0106957 0.0121359 0.137636
1 0.585738 0.89343 0.0133621 0.0160009 0.127722
1 0.588907 0.896061 0.0118422 0.0162279 0.119776
1 0.401668 0.854965 0.0281097 0.027814 0.112331
4 0.547257 0.921138 0.00973895 0.0105463 0.067056
4 0.496544 0.921294 0.00953549 0.011205 0.0629197
1 0.235807 0.881775 0.0113246 0.0224724 0.0624478
1 0.675919 0.91846 0.010331 0.0177462 0.0581763
4 0.482555 0.923802 0.00940765 0.0104605 0.0514208
4 0.582475 0.92462 0.0122228 0.0159046 0.0505233
6 0.577413 0.921632 0.0125167 0.0152233 0.0490846
1 0.416645 0.84328 0.00991867 0.0468092 0.0473667
4 0.509856 0.922868 0.0097529 0.0119188 0.0459398
1 0.419139 0.837914 0.0079628 0.037394 0.0428604
4 0.453748 0.936191 0.0100936 0.0127303 0.0378842
1 0.67364 0.882208 0.0118066 0.0182308 0.0336134
1 0.676461 0.884866 0.00875287 0.0192757 0.0329357
6 0.591936 0.921391 0.0106957 0.0121359 0.0325821
4 0.552131 0.921117 0.0114935 0.018842 0.0323218
6 0.506462 0.899432 0.010245 0.0187059 0.0298841
4 0.500746 0.916917 0.00882709 0.010932 0.0287546
4 0.556937 0.913133 0.0120649 0.0184884 0.0284824
1 0.392156 0.8596 0.0163325 0.0176026 0.0265487
6 0.516863 0.926877 0.0150611 0.0186054 0.0235443
1 0.582601 0.870329 0.0181195 0.0204038 0.0231129
1 0.526972 0.907127 0.0136513 0.0105094 0.0229826
0 0.675919 0.91846 0.010331 0.0177462 0.0217017
4 0.485656 0.928844 0.00796945 0.00903357 0.0205717
1 0.604867 0.884075 0.0179777 0.00878091 0.0197624
4 0.468414 0.937829 0.0072637 0.0092463 0.019113
4 0.5438 0.912651 0.00491815 0.0174922 0.0189882
6 0.559867 0.930806 0.0221318 0.0283958 0.0189283
4 0.598777 0.915417 0.00705688 0.00924108 0.0186187
4 0.481833 0.934419 0.00708881 0.014681 0.0184026
6 0.50873 0.898465 0.00939023 0.0165241 0.017739
6 0.556937 0.913133 0.0120649 0.0184884 0.0173397
4 0.567507 0.911093 0.00789001 0.0158169 0.0164965
4 0.583063 0.902626 0.00771857 0.00702806 0.0164837
4 0.575683 0.929524 0.0131859 0.0256068 0.0163785
4 0.532022 0.92792 0.012213 0.0174686 0.0161189
4 0.676521 0.913472 0.00877966 0.0191391 0.0157104
1 0.607223 0.889698 0.020182 0.0208817 0.0156237
4 0.462456 0.933604 0.00863568 0.00880023 0.0153993
1 0.583063 0.902626 0.00771857 0.00702806 0.0150793
1 0.411328 0.839348 0.0127049 0.0296661 0.0149211
4 0.470797 0.925364 0.00961856 0.00877478 0.0146725
6 0.526972 0.907127 0.0136513 0.0105094 0.0141389
4 0.548497 0.931442 0.0112664 0.0222662 0.0126414
1 0.415454 0.852327 0.0109074 0.0315739 0.0126368
4 0.526972 0.907127 0.0136513 0.0105094 0.0125517
1 0.211995 0.896242 0.0230255 0.0603387 0.0118954
1 0.618899 0.909456 0.00601147 0.0130467 0.0111231
4 0.446639 0.938772 0.0104226 0.0127666 0.0107791
6 0.567507 0.911093 0.00789001 0.0158169 0.0105785
1 0.497538 0.907768 0.00964316 0.00944484 0.0103639
5 0.675919 0.91846 0.010331 0.0177462 0.0103208
1 0.0422967 0.663096 0.0474943 0.131208 0.0102978
1 0.450692 0.866116 0.0197214 0.010199 0.0101076
4 0.62247 0.924485 0.00988837 0.0118528 0.0098836
6 0.675919 0.91846 0.010331 0.0177462 0.00983491
1 0.608901 0.876446 0.0249272 0.024361 0.00959798
4 0.471125 0.956802 0.00654965 0.0129998 0.0093939
6 0.547257 0.921138 0.00973895 0.0105463 0.00929515
6 0.583063 0.902626 0.00771857 0.00702806 0.00891673
1 0.464494 0.852662 0.0101141 0.0178603 0.00879357
6 0.5438 0.912651 0.00491815 0.0174922 0.00862272
1 0.672871 0.873793 0.0128713 0.0239341 0.00836196
1 0.513336 0.891172 0.0108847 0.0121624 0.00789377
1 0.567507 0.911093 0.00789001 0.0158169 0.0073034
1 0.676521 0.913472 0.00877966 0.0191391 0.00727661
1 0.429517 0.854168 0.00978546 0.0177828 0.00712508
7 0.676461 0.884866 0.00875287 0.0192757 0.00704582
1 0.600831 0.898343 0.0204756 0.0260084 0.00703345
4 0.495244 0.933111 0.00837854 0.0178736 0.00680491
8 0.675919 0.91846 0.010331 0.0177462 0.006769
1 0.517139 0.907451 0.0102358 0.0125172 0.00611688
1 0.428495 0.858646 0.00960733 0.0176759 0.00527942
4 0.459752 0.928022 0.011611 0.0113402 0.00518897
1 0.433601 0.85641 0.0100005 0.0158908 0.0051852
7 0.416645 0.84328 0.00991867 0.0468092 0.00509301
1 0.371953 0.8628 0.0119355 0.0120242 0.0050409
1 0.48219 0.910651 0.0101338 0.014426 0.00499156
6 0.588907 0.896061 0.0118422 0.0162279 0.00488489
6 0.517139 0.907451 0.0102358 0.0125172 0.00477182
6 0.552131 0.921117 0.0114935 0.018842 0.00475104
4 0.436719 0.939863 0.0124052 0.0136281 0.0047357
6 0.507397 0.895258 0.0102122 0.0201207 0.00469689
4 0.683283 0.921901 0.023876 0.0232679 0.00467532
1 0.675609 0.875912 0.0111017 0.0216296 0.00462959
4 0.506462 0.899432 0.010245 0.0187059 0.00459269
1 0.556937 0.913133 0.0120649 0.0184884 0.00457321
7 0.429517 0.854168 0.00978546 0.0177828 0.00444986
1 0.541398 0.862523 0.0137021 0.0193406 0.00428899
6 0.676521 0.913472 0.00877966 0.0191391 0.00428655
1 0.409063 0.841092 0.0199223 0.0505383 0.00425486
4 0.673603 0.913199 0.011291 0.0186991 0.00423538
7 0.419139 0.837914 0.0079628 0.037394 0.00423172
1 0.235605 0.893728 0.0139571 0.0341345 0.00422472
1 0.402553 0.848135 0.0328291 0.0364193 0.00415928
6 0.482555 0.923802 0.00940765 0.0104605 0.00413267
4 0.510734 0.931257 0.0103553 0.0205689 0.00412899
1 0.531934 0.891479 0.018616 0.013779 0.00380356
6 0.598777 0.915417 0.00705688 0.00924108 0.00379773
0 0.676095 0.928863 0.0113279 0.0281994 0.00379397
4 0.497538 0.907768 0.00964316 0.00944484 0.00362097
4 0.517139 0.907451 0.0102358 0.0125172 0.00357259
1 0.53224 0.899277 0.0150002 0.0174018 0.0035471
15 0.526972 0.907127 0.0136513 0.0105094 0.003472
6 0.400072 0.858951 0.0266671 0.0181322 0.00340155
4 0.437145 0.934578 0.00930664 0.010448 0.0033909
7 0.464494 0.852662 0.0101141 0.0178603 0.00335758
1 0.498471 0.890189 0.0117692 0.0111535 0.00329374
1 0.5425 0.853015 0.00633154 0.0129145 0.00313817
2 0.397415 0.811939 0.00835645 0.011758 0.00313618
6 0.673603 0.913199 0.011291 0.0186991 0.00305635
6 0.500746 0.916917 0.00882709 0.010932 0.00304337
6 0.600831 0.898343 0.0204756 0.0260084 0.00303414
6 0.396431 0.879368 0.0282075 0.0198745 0.00300448
1 0.5438 0.912651 0.00491815 0.0174922 0.00299161
6 0.584966 0.88544 0.0174914 0.0139744 0.00293777
7 0.397415 0.811939 0.00835645 0.011758 0.00293592
1 0.396869 0.879924 0.0285225 0.0152871 0.00291854
5 0.577413 0.921632 0.0125167 0.0152233 0.00283289
0 0.67382 0.930332 0.0120915 0.0238022 0.00276809
1 0.378996 0.864826 0.0142118 0.0156922 0.00274425
15 0.506462 0.899432 0.010245 0.0187059 0.00273765
1 0.235684 0.876637 0.0107641 0.0206641 0.00264352
0 0.591936 0.921391 0.0106957 0.0121359 0.00263221
1 0.470797 0.925364 0.00961856 0.00877478 0.00262429
7 0.433601 0.85641 0.0100005 0.0158908 0.00251054
6 0.602465 0.919828 0.0122045 0.0118846 0.00250444
4 0.443419 0.950212 0.00919986 0.0214363 0.00245993
6 0.450692 0.866116 0.0197214 0.010199 0.00241131
2 0.429517 0.854168 0.00978546 0.0177828 0.00239173
4 0.613518 0.929688 0.0118009 0.00990885 0.00232612
1 0.472503 0.910071 0.0124183 0.0133819 0.00232274
6 0.497538 0.907768 0.00964316 0.00944484 0.00231161
1 0.395505 0.834567 0.0141086 0.0292809 0.00227835
4 0.602465 0.919828 0.0122045 0.0118846 0.00223164
1 0.673603 0.913199 0.011291 0.0186991 0.00219843
7 0.428495 0.858646 0.00960733 0.0176759 0.00217613
4 0.625162 0.924646 0.0111646 0.0118492 0.00214899
1 0.62247 0.924485 0.00988837 0.0118528 0.002114
0 0.62247 0.924485 0.00988837 0.0118528 0.0020743
5 0.591936 0.921391 0.0106957 0.0121359 0.00203821
6 0.470797 0.925364 0.00961856 0.00877478 0.00198781
6 0.496544 0.921294 0.00953549 0.011205 0.00197026
2 0.55842 0.830557 0.00732141 0.0128806 0.00192467
6 0.582475 0.92462 0.0122228 0.0159046 0.00188819
1 0.239027 0.875568 0.0111663 0.0188949 0.00184597
14 0.790515 0.921018 0.0119197 0.0205541 0.0018407
4 0.48219 0.910651 0.0101338 0.014426 0.00183108
1 0.465838 0.859947 0.012361 0.0165444 0.00180731
7 0.5425 0.853015 0.00633154 0.0129145 0.00179467
12 0.213737 0.897054 0.0271185 0.0589351 0.00173845
0 0.676521 0.913472 0.00877966 0.0191391 0.00170748
1 0.561269 0.891068 0.0234382 0.0263946 0.00169707
42 0.675919 0.91846 0.010331 0.0177462 0.00169272
22 0.60871 0.866937 0.0250704 0.0233738 0.00167636
1 0.419737 0.812735 0.00788904 0.0265154 0.00164853
6 0.62247 0.924485 0.00988837 0.0118528 0.00164569
6 0.385114 0.879129 0.0157882 0.0152322 0.00161709
0 0.577413 0.921632 0.0125167 0.0152233 0.00158701
1 0.609824 0.86096 0.0244852 0.0268972 0.00158489
4 0.483848 0.989276 0.010742 0.0182082 0.00157324
1 0.501721 0.861188 0.0135846 0.014091 0.00153555
2 0.428495 0.858646 0.00960733 0.0176759 0.00151247
1 0.559339 0.859456 0.0244258 0.0237237 0.00150031
1 0.698778 0.850563 0.0189471 0.0354976 0.00149844
6 0.509856 0.922868 0.0097529 0.0119188 0.00149698
13 0.675919 0.91846 0.010331 0.0177462 0.00149698
4 0.669321 0.924449 0.0184609 0.0202203 0.00149288
1 0.585816 0.867218 0.0171287 0.0237917 0.00149069
1 0.326977 0.863535 0.00958142 0.0123491 0.00147993
6 0.585738 0.89343 0.0133621 0.0160009 0.00147381
1 0.615884 0.869187 0.0331804 0.0258363 0.00146183
6 0.513336 0.891172 0.0108847 0.0121624 0.00143612
8 0.582475 0.92462 0.0122228 0.0159046 0.00142463
6 0.53224 0.899277 0.0150002 0.0174018 0.00141925
4 0.50873 0.898465 0.00939023 0.0165241 0.00141496
4 0.507397 0.895258 0.0102122 0.0201207 0.00137165
4 0.588907 0.896061 0.0118422 0.0162279 0.0013406
1 0.482555 0.923802 0.00940765 0.0104605 0.00133899
2 0.399938 0.813517 0.011926 0.0138763 0.00132724
1 0.383451 0.854523 0.0113452 0.0180672 0.00132579
4 0.588736 0.932107 0.0151459 0.0213126 0.00130522
8 0.676095 0.928863 0.0113279 0.0281994 0.00129048
4 0.32879 0.830253 0.00968808 0.0163074 0.00128081
1 0.32879 0.830253 0.00968808 0.0163074 0.00125578
1 0.27779 0.851823 0.0132005 0.0234632 0.00124475
2 0.5425 0.853015 0.00633154 0.0129145 0.00122768
7 0.67364 0.882208 0.0118066 0.0182308 0.00122382
6 0.590508 0.891324 0.0160037 0.0151141 0.00121776
1 0.486705 0.897652 0.0114373 0.0157768 0.00120698
8 0.67382 0.930332 0.0120915 0.0238022 0.00117787
1 0.385114 0.879129 0.0157882 0.0152322 0.0011633
4 0.520676 0.942783 0.0169725 0.0381463 0.00114874
1 0.582475 0.92462 0.0122228 0.0159046 0.00113643
2 0.235807 0.881775 0.0113246 0.0224724 0.00112991
6 0.48219 0.910651 0.0101338 0.014426 0.00111147
1 0.598777 0.915417 0.00705688 0.00924108 0.00111025
1 0.315361 0.813322 0.0350595 0.0625935 0.00109964
6 0.532022 0.92792 0.012213 0.0174686 0.00109014
6 0.521075 0.92799 0.0192453 0.0196081 0.00108737
7 0.32879 0.830253 0.00968808 0.0163074 0.00106872
1 0.383595 0.835262 0.00916184 0.0230201 0.0010538
12 0.506462 0.899432 0.010245 0.0187059 0.00104445
6 0.524828 0.92987 0.0164584 0.0208097 0.00103019
1 0.500746 0.916917 0.00882709 0.010932 0.00102526
6 0.428495 0.858646 0.00960733 0.0176759 0.00101194
6 0.531934 0.891479 0.018616 0.013779 0.00100717
7 0.2356 0.884057 0.0122122 0.0286734 0.00100694
