1 0.472513 0.419663 0.149461 0.135643 0.951192
1 0.446887 0.555097 0.0714882 0.0676619 0.855955
1 0.436211 0.604816 0.0409355 0.0302755 0.767675
4 0.396422 0.680539 0.0210775 0.0206671 0.746091
4 0.260856 0.6767 0.0254987 0.0174715 0.727382
4 0.418555 0.677186 0.0148793 0.0182788 0.58665
4 0.43441 0.67742 0.0162803 0.0193269 0.534727
4 0.541962 0.673482 0.0297094 0.0236843 0.533604
4 0.281913 0.675336 0.018015 0.0129242 0.492494
2 0.702802 0.497095 0.0126946 0.016278 0.41253
4 0.303261 0.677086 0.0184839 0.0101747 0.315388
4 0.240649 0.678618 0.0164901 0.0146347 0.30003
4 0.331399 0.680627 0.0108724 0.0125042 0.293092
4 0.344844 0.679678 0.0126006 0.0118627 0.269414
1 0.218982 0.57748 0.0747932 0.0560061 0.267691
6 0.159115 0.665553 0.0489367 0.0384862 0.220312
1 0.362853 0.640238 0.0170059 0.0124849 0.213882
4 0.29695 0.675292 0.0138689 0.00990029 0.206143
4 0.371252 0.675775 0.0143118 0.0130898 0.174119
4 0.336605 0.677914 0.00875015 0.016862 0.168822
4 0.415055 0.677127 0.0114479 0.0173266 0.159505
4 0.5167 0.676779 0.0224976 0.0245331 0.143389
1 0.0129531 0.663831 0.0124471 0.0340842 0.134376
1 0.55552 0.466993 0.0193673 0.0407488 0.133719
1 0.462864 0.646908 0.013936 0.0308532 0.125223
6 0.515358 0.676647 0.0245457 0.0288132 0.120931
4 0.477463 0.679635 0.0130266 0.0185046 0.117886
4 0.359787 0.673868 0.0117293 0.01437 0.117374
4 0.35384 0.674808 0.00883221 0.0128054 0.115316
2 0.69934 0.496366 0.0139619 0.0136594 0.100923
1 0.432529 0.634017 0.018744 0.0166622 0.0965236
1 0.130792 0.641647 0.0112738 0.0394061 0.0953425
4 0.307892 0.676188 0.0152988 0.0139743 0.0928338
1 0.430472 0.630376 0.0240829 0.0162657 0.0869508
4 0.223094 0.679035 0.0312307 0.0182036 0.0862837
4 0.254713 0.679136 0.0209558 0.0201037 0.084912
7 0.328065 0.622273 0.0064465 0.0101879 0.0828515
7 0.344252 0.620891 0.00652597 0.0104186 0.0803794
1 0.384626 0.626952 0.00986816 0.0158323 0.0785162
1 0.462472 0.635297 0.0138737 0.0132265 0.067702
6 0.171512 0.668738 0.0495971 0.0378735 0.064694
4 0.567105 0.676334 0.0136764 0.0167987 0.0621387
1 0.381379 0.645993 0.00932571 0.0100744 0.0584961
4 0.316811 0.680825 0.0106471 0.00943316 0.0568733
6 0.435091 0.677865 0.0161296 0.0197619 0.0497119
1 0.0861358 0.668968 0.0222739 0.0265039 0.045049
4 0.550581 0.675014 0.0324422 0.0219298 0.0441976
1 0.550432 0.518354 0.0385729 0.020852 0.0434449
4 0.348546 0.680386 0.0106116 0.0172691 0.038334
6 0.418555 0.677186 0.0148793 0.0182788 0.0381771
12 0.0616636 0.686079 0.0271968 0.032488 0.0380159
1 0.363521 0.636429 0.0183949 0.0123445 0.0373332
1 0.451986 0.651117 0.00987732 0.0241089 0.0341414
24 0.156875 0.666308 0.0466243 0.038873 0.0339174
2 0.694845 0.503429 0.00994867 0.01784 0.0331106
1 0.190608 0.613299 0.0130867 0.0228163 0.0324122
1 0.260977 0.64294 0.0118127 0.0197823 0.030922
1 0.190342 0.643378 0.0130521 0.0277348 0.0303124
6 0.359787 0.673868 0.0117293 0.01437 0.0288884
6 0.357276 0.666642 0.00964334 0.013566 0.028506
15 0.541962 0.673482 0.0297094 0.0236843 0.0271271
4 0.380618 0.676942 0.00843836 0.0129749 0.0267137
15 0.515358 0.676647 0.0245457 0.0288132 0.0263274
12 0.0667774 0.674202 0.018388 0.0158751 0.0258847
4 0.357276 0.666642 0.00964334 0.013566 0.0253933
1 0.263939 0.643493 0.010747 0.0186569 0.0240642
7 0.384626 0.626952 0.00986816 0.0158323 0.0234658
1 0.23302 0.638236 0.00698981 0.0200287 0.0230463
4 0.282977 0.669591 0.0172632 0.0184057 0.0228779
6 0.415055 0.677127 0.0114479 0.0173266 0.0225779
2 0.629364 0.496336 0.0126001 0.0180799 0.0222737
1 0.394101 0.638555 0.0131711 0.0162242 0.0211532
4 0.303419 0.67939 0.018713 0.0195032 0.0204829
2 0.630199 0.502205 0.0127106 0.0203098 0.0203999
6 0.0616636 0.686079 0.0271968 0.032488 0.0191122
4 0.296711 0.669696 0.0114228 0.0185924 0.0188615
4 0.216462 0.677142 0.0383137 0.0226419 0.0187981
2 0.680724 0.50703 0.0117916 0.0179654 0.0187633
6 0.44641 0.663134 0.0123899 0.0153005 0.0185013
1 0.0818023 0.644464 0.0125623 0.0256122 0.018094
6 0.35384 0.674808 0.00883221 0.0128054 0.0178299
1 0.429652 0.624585 0.0257253 0.0165985 0.0177309
7 0.314695 0.62579 0.00866626 0.0123131 0.0167189
4 0.367627 0.668876 0.00960446 0.0173194 0.0166935
4 0.416992 0.670428 0.0114319 0.0200783 0.016055
4 0.279969 0.684613 0.0157977 0.0306734 0.0160432
1 0.190342 0.620039 0.0143155 0.0362572 0.0159496
1 0.186816 0.617946 0.0133307 0.0340629 0.0156262
1 0.436788 0.630166 0.0323934 0.0173783 0.0155786
6 0.182391 0.674281 0.022987 0.0302577 0.0152775
6 0.379755 0.657625 0.00858615 0.0170343 0.0152031
4 0.261855 0.684641 0.0301163 0.0332509 0.0150546
6 0.542227 0.673995 0.0295732 0.0239399 0.014711
6 0.0860381 0.67132 0.0226677 0.030293 0.0129156
6 0.367627 0.668876 0.00960446 0.0173194 0.0128493
4 0.242865 0.67134 0.0175105 0.0225664 0.012778
6 0.462948 0.673554 0.0136564 0.0172031 0.0125119
4 0.447744 0.679969 0.0115283 0.0191129 0.0116037
4 0.472883 0.677882 0.0106065 0.0171882 0.0113927
6 0.395293 0.67278 0.0190653 0.0286342 0.0111727
4 0.347033 0.669727 0.00921042 0.0187411 0.0111591
1 0.456231 0.626282 0.0115785 0.0105957 0.0110159
1 0.357276 0.666642 0.00964334 0.013566 0.0105232
14 0.588865 0.693365 0.0127359 0.0215993 0.0105053
4 0.499994 0.678999 0.00997754 0.0207757 0.0104936
4 0.462948 0.673554 0.0136564 0.0172031 0.0104807
4 0.434223 0.671562 0.0151386 0.0224952 0.0101985
4 0.564656 0.671407 0.0214919 0.0224639 0.00988682
4 0.572961 0.677723 0.0191939 0.0181464 0.00976998
6 0.0653304 0.6727 0.0211384 0.0136167 0.00973125
4 0.306789 0.686537 0.0199684 0.0245666 0.00940057
4 0.303987 0.669681 0.0129385 0.018561 0.00883621
6 0.396847 0.680258 0.021412 0.0199195 0.00879971
12 0.0855639 0.673296 0.0222912 0.0309338 0.00877598
1 0.438004 0.633372 0.0149268 0.018623 0.00859187
1 0.186734 0.64892 0.0153379 0.0237401 0.00831241
6 0.371252 0.675775 0.0143118 0.0130898 0.00824578
4 0.454769 0.675902 0.0086954 0.0149315 0.00784733
5 0.515358 0.676647 0.0245457 0.0288132 0.00782763
4 0.289297 0.685522 0.0268724 0.0283386 0.00758329
1 0.311395 0.628173 0.0063797 0.0159446 0.00720522
2 0.684375 0.510766 0.00841589 0.0196599 0.00713167
1 0.127514 0.596826 0.0141414 0.0223536 0.00703417
6 0.281913 0.675336 0.018015 0.0129242 0.00698358
1 0.0572855 0.666191 0.0210803 0.0260593 0.006976
12 0.159115 0.665553 0.0489367 0.0384862 0.00673145
1 0.629558 0.436738 0.0289122 0.0673059 0.00669255
15 0.159873 0.66624 0.0542778 0.0391357 0.00662023
1 0.106671 0.682783 0.0103981 0.0169346 0.0065397
1 0.379755 0.657625 0.00858615 0.0170343 0.00641933
1 0.0883933 0.645065 0.0130403 0.032929 0.00639528
4 0.233621 0.685837 0.0253591 0.0263867 0.00636268
6 0.186495 0.665381 0.0200415 0.0211972 0.00632731
12 0.515358 0.676647 0.0245457 0.0288132 0.00625063
1 0.388533 0.628996 0.0140075 0.0146472 0.00590501
15 0.435091 0.677865 0.0161296 0.0197619 0.00577478
7 0.0818023 0.644464 0.0125623 0.0256122 0.00576543
4 0.482767 0.677507 0.0210267 0.0240398 0.00569442
1 0.338778 0.624438 0.0101541 0.0191782 0.00553734
1 0.188662 0.629631 0.0129067 0.0355016 0.00552838
6 0.434223 0.671562 0.0151386 0.0224952 0.00540803
15 0.357276 0.666642 0.00964334 0.013566 0.00538727
4 0.185965 0.676663 0.0259892 0.0244407 0.00525325
4 0.239622 0.686844 0.0179021 0.0236851 0.00522571
6 0.482767 0.677507 0.0210267 0.0240398 0.005213
1 0.124744 0.642074 0.0164161 0.0372909 0.00519931
4 0.123112 0.690558 0.0129202 0.0151786 0.00519841
6 0.336605 0.677914 0.00875015 0.016862 0.00512368
19 0.478175 0.747845 0.941353 0.504309 0.00509515
4 0.220099 0.668258 0.0209205 0.0201625 0.00498456
7 0.309483 0.627339 0.00785114 0.0155191 0.0049533
1 0.0660919 0.669262 0.017917 0.01786 0.00484925
2 0.567234 0.542399 0.0127166 0.0200485 0.00484196
4 0.259825 0.670136 0.020745 0.0197179 0.00476327
1 0.482484 0.641795 0.0110289 0.0311634 0.00466322
1 0.669278 0.561702 0.016137 0.048355 0.00460864
4 0.0852889 0.691095 0.0195384 0.0162359 0.00453413
1 0.550333 0.470069 0.0164111 0.0330605 0.00446337
1 0.007456 0.664697 0.0136493 0.0328358 0.00445919
15 0.44641 0.663134 0.0123899 0.0153005 0.00438559
7 0.555255 0.467061 0.01831 0.0405137 0.00436545
23 0.588865 0.693365 0.0127359 0.0215993 0.00426477
1 0.44641 0.663134 0.0123899 0.0153005 0.00419188
1 0.290473 0.638902 0.0120658 0.0139889 0.00417477
15 0.359787 0.673868 0.0117293 0.01437 0.00411895
1 0.126056 0.592228 0.0121522 0.021587 0.00408411
4 0.22557 0.68577 0.0334432 0.0263453 0.00396661
4 0.31698 0.687691 0.0141758 0.0213465 0.00393831
4 0.477786 0.685654 0.0131323 0.0246831 0.00391811
6 0.216462 0.677142 0.0383137 0.0226419 0.00385863
4 0.44641 0.663134 0.0123899 0.0153005 0.00384369
6 0.331399 0.680627 0.0108724 0.0125042 0.00384095
6 0.0860181 0.69044 0.0211189 0.0173229 0.00378434
6 0.220099 0.668258 0.0209205 0.0201625 0.00372891
6 0.344844 0.679678 0.0126006 0.0118627 0.00371444
1 0.0844135 0.640478 0.0120975 0.0260196 0.00369314
1 0.131873 0.598207 0.015369 0.0173083 0.0036792
1 0.305057 0.641164 0.00661978 0.00960482 0.00367036
2 0.214627 0.514192 0.00963625 0.0206993 0.0036459
6 0.0557117 0.681047 0.0306058 0.0294735 0.00363965
6 0.223094 0.679035 0.0312307 0.0182036 0.00351852
0 0.513765 0.678341 0.0212003 0.0279807 0.00351779
1 0.1646 0.651198 0.0215495 0.019618 0.00349332
2 0.555324 0.467756 0.0187523 0.0408271 0.00346811
1 0.423162 0.63571 0.0117549 0.0181162 0.00339936
4 0.343824 0.687503 0.0123346 0.0210464 0.00339548
2 0.654367 0.488387 0.013425 0.0117305 0.00338112
12 0.171512 0.668738 0.0495971 0.0378735 0.00334631
0 0.567105 0.676334 0.0136764 0.0167987 0.00330839
1 0.123067 0.596028 0.0121909 0.0227964 0.00328598
6 0.15797 0.658096 0.0400376 0.0353301 0.00327661
1 0.201211 0.609817 0.014683 0.0166507 0.00322379
2 0.685694 0.495273 0.0159236 0.012724 0.00317249
24 0.182391 0.674281 0.022987 0.0302577 0.00316938
1 0.0128864 0.651187 0.0126704 0.019132 0.00314443
1 0.557979 0.518577 0.0318688 0.0188671 0.00310316
15 0.415055 0.677127 0.0114479 0.0173266 0.00308687
4 0.212754 0.670633 0.0287335 0.0229587 0.00304787
6 0.29695 0.675292 0.0138689 0.00990029 0.00301029
2 0.663951 0.489674 0.0114965 0.0109975 0.00299899
6 0.282977 0.669591 0.0172632 0.0184057 0.00298219
6 0.347033 0.669727 0.00921042 0.0187411 0.00295854
6 0.462864 0.646908 0.013936 0.0308532 0.00290901
1 0.36054 0.631124 0.0215599 0.0174623 0.00289769
2 0.595906 0.468138 0.0113727 0.0197823 0.00288554
4 0.402034 0.67258 0.0153948 0.0246397 0.00286531
7 0.311395 0.628173 0.0063797 0.0159446 0.00285526
4 0.333688 0.670574 0.00877567 0.0204006 0.00284863
1 0.1438 0.642668 0.0106469 0.0229524 0.00283227
1 0.186495 0.665381 0.0200415 0.0211972 0.00280483
1 0.0667774 0.674202 0.018388 0.0158751 0.00278185
1 0.238868 0.581684 0.0383849 0.0539125 0.0027245
6 0.416992 0.670428 0.0114319 0.0200783 0.00264724
7 0.130792 0.641647 0.0112738 0.0394061 0.00263099
6 0.402034 0.67258 0.0153948 0.0246397 0.00263004
1 0.404821 0.643431 0.0258275 0.0280582 0.00260398
1 0.566792 0.524325 0.0151834 0.0211429 0.00257244
1 0.538388 0.517487 0.0173286 0.0194 0.00255532
1 0.110789 0.647947 0.0214976 0.0456763 0.00254697
4 0.128349 0.684406 0.0136197 0.0140698 0.00250956
2 0.579151 0.459755 0.0198058 0.017125 0.00249572
4 0.155613 0.667125 0.0395049 0.0363642 0.00245434
1 0.489726 0.637573 0.0145244 0.0278501 0.0024448
1 0.134361 0.640875 0.00864015 0.030726 0.00244371
6 0.303261 0.677086 0.0184839 0.0101747 0.00239425
4 0.186495 0.665381 0.0200415 0.0211972 0.00237798
1 0.344252 0.620891 0.00652597 0.0104186 0.00235372
2 0.238812 0.460754 0.00976175 0.0326674 0.00234307
4 0.196806 0.677201 0.0225731 0.0260636 0.00233714
4 0.328699 0.68741 0.0103385 0.0212394 0.00222827
1 0.0929884 0.668691 0.0338004 0.0306442 0.00217226
1 0.220745 0.649406 0.00978577 0.0210598 0.00213925
6 0.514635 0.662258 0.0234416 0.057849 0.00208642
7 0.462472 0.635297 0.0138737 0.0132265 0.00207651
15 0.367627 0.668876 0.00960446 0.0173194 0.00204494
7 0.0883933 0.645065 0.0130403 0.032929 0.00203386
5 0.541846 0.673527 0.0308186 0.0255124 0.00203111
6 0.242865 0.67134 0.0175105 0.0225664 0.00200437
6 0.212754 0.670633 0.0287335 0.0229587 0.00194785
1 0.367627 0.668876 0.00960446 0.0173194 0.00192905
1 0.0499584 0.666535 0.0151655 0.0254814 0.00192575
6 0.106671 0.682783 0.0103981 0.0169346 0.00192112
4 0.126585 0.690112 0.0141264 0.016175 0.00190813
4 0.0616636 0.686079 0.0271968 0.032488 0.00187814
15 0.35384 0.674808 0.00883221 0.0128054 0.00186336
1 0.202468 0.644227 0.00947432 0.0249647 0.00186194
22 0.588865 0.693365 0.0127359 0.0215993 0.00185652
1 0.00825441 0.656626 0.0149142 0.0325462 0.00184288
1 0.537497 0.475104 0.0211295 0.0221071 0.00181532
1 0.169729 0.633707 0.0116229 0.027763 0.00181183
1 0.462567 0.630165 0.0119494 0.0155946 0.0018012
1 0.341633 0.639598 0.013251 0.0145052 0.00180017
4 0.585077 0.677664 0.0159235 0.0273746 0.00179921
15 0.418555 0.677186 0.0148793 0.0182788 0.00179423
7 0.0833996 0.633125 0.0101088 0.0209781 0.00178905
12 0.0105657 0.664043 0.0162867 0.033703 0.00175627
6 0.494548 0.671507 0.0173347 0.0299598 0.00173918
2 0.19117 0.545814 0.00885678 0.0109093 0.00172235
6 0.296711 0.669696 0.0114228 0.0185924 0.00169981
6 0.303987 0.669681 0.0129385 0.018561 0.00169562
7 0.19117 0.545814 0.00885678 0.0109093 0.001676
2 0.243288 0.511844 0.00432166 0.0151473 0.00167392
1 0.217019 0.605814 0.0190433 0.00939909 0.00166295
4 0.356026 0.686794 0.0106142 0.0225456 0.00165722
15 0.182391 0.674281 0.022987 0.0302577 0.0016549
1 0.328065 0.622273 0.0064465 0.0101879 0.00162419
1 0.405159 0.372587 0.0127565 0.0248071 0.0016092
4 0.120443 0.686732 0.010994 0.0161346 0.0016085
1 0.469706 0.560034 0.0264337 0.0602215 0.00160764
1 0.476174 0.669926 0.0118459 0.0222362 0.00159744
6 0.307892 0.676188 0.0152988 0.0139743 0.00157876
1 0.435765 0.597841 0.0520688 0.0345233 0.00154404
7 0.123017 0.591183 0.0117742 0.0240158 0.00153249
7 0.0925843 0.632546 0.00829878 0.0237196 0.00152306
6 0.477463 0.679635 0.0130266 0.0185046 0.00152273
6 0.333688 0.670574 0.00877567 0.0204006 0.00151739
2 0.706585 0.489007 0.0118787 0.0160076 0.00151109
6 0.1646 0.651198 0.0215495 0.019618 0.00150668
1 0.200997 0.62024 0.0119061 0.0343018 0.00149885
6 0.550581 0.675014 0.0324422 0.0219298 0.00149399
6 0.380618 0.676942 0.00843836 0.0129749 0.00147276
7 0.190608 0.613299 0.0130867 0.0228163 0.00147025
12 0.0852889 0.691095 0.0195384 0.0162359 0.0014574
4 0.395293 0.67278 0.0190653 0.0286342 0.00145445
2 0.583795 0.366234 0.00920184 0.0126605 0.00144714
1 0.158565 0.665428 0.0429352 0.0374208 0.00143993
15 0.550581 0.675014 0.0324422 0.0219298 0.00143693
6 0.096563 0.676993 0.0210163 0.0290037 0.00139731
1 0.0554495 0.653684 0.017457 0.0348102 0.00138159
6 0.261043 0.67653 0.0258187 0.017995 0.00137937
4 0.432807 0.684074 0.014191 0.0277538 0.00137756
2 0.175732 0.544324 0.0109713 0.0121123 0.00137752
1 0.0538883 0.57206 0.0157523 0.0284216 0.00136865
2 0.562439 0.468333 0.0120461 0.0273297 0.00136761
7 0.338778 0.624438 0.0101541 0.0191782 0.00136127
2 0.640065 0.49021 0.0230332 0.0143396 0.00134387
2 0.589908 0.460813 0.00836536 0.0145517 0.00134208
4 0.369223 0.685838 0.00999527 0.0243081 0.0013314
6 0.102805 0.673715 0.0278254 0.0253358 0.00132604
6 0.0106194 0.663036 0.0154561 0.0342077 0.0013202
