19 0.555844 0.654689 0.203776 0.366701 0.96095
18 0.336249 0.64546 0.209138 0.462668 0.951854
18 0.696713 0.731273 0.249575 0.528416 0.937823
10 0.610022 0.474487 0.0258489 0.109788 0.912779
35 0.13033 0.394024 0.26066 0.788048 0.904565
51 0.589317 0.49507 0.0312279 0.048392 0.715209
51 0.593462 0.485066 0.0398991 0.0766938 0.699605
10 0.599167 0.473953 0.0489514 0.112202 0.658716
35 0.0614664 0.581412 0.122933 0.415782 0.44477
19 0.022677 0.72318 0.0450511 0.366419 0.433967
36 0.0232886 0.723109 0.0459074 0.373976 0.339355
35 0.0321402 0.626336 0.0642804 0.526847 0.273065
51 0.59884 0.473261 0.0479344 0.112925 0.127894
18 0.0233516 0.725489 0.0453006 0.368599 0.113241
34 0.589317 0.49507 0.0312279 0.048392 0.080304
10 0.379901 0.587739 0.030039 0.0948537 0.0497354
10 0.589526 0.49937 0.0318326 0.0416457 0.0468599
14 0.0231941 0.723356 0.0449774 0.370429 0.0412669
43 0.696172 0.730882 0.24963 0.529133 0.0354993
10 0.593462 0.485066 0.0398991 0.0766938 0.0322486
10 0.591004 0.521684 0.0344276 0.0343379 0.0306472
34 0.593462 0.485066 0.0398991 0.0766938 0.0288484
18 0.0610404 0.577424 0.122081 0.41537 0.0190094
52 0.591004 0.521684 0.0344276 0.0343379 0.0156739
52 0.59532 0.516038 0.0432855 0.0420299 0.012989
20 0.59532 0.516038 0.0432855 0.0420299 0.0113727
51 0.610022 0.474487 0.0258489 0.109788 0.0110861
36 0.0611058 0.581086 0.122212 0.411608 0.00986612
43 0.336081 0.646704 0.209552 0.466199 0.0097297
35 0.030497 0.464063 0.0604847 0.408269 0.00893409
20 0.591004 0.521684 0.0344276 0.0343379 0.00841838
48 0.589317 0.49507 0.0312279 0.048392 0.00807923
10 0.59532 0.516038 0.0432855 0.0420299 0.00694726
52 0.589526 0.49937 0.0318326 0.0416457 0.00651288
34 0.59884 0.473261 0.0479344 0.112925 0.00622972
48 0.626703 0.501289 0.0153095 0.0245761 0.00559379
20 0.598184 0.473722 0.0488719 0.115958 0.00502803
52 0.598184 0.473722 0.0488719 0.115958 0.00463835
19 0.0614664 0.581412 0.122933 0.415782 0.00407628
20 0.589526 0.49937 0.0318326 0.0416457 0.00403805
18 0.0326971 0.508776 0.0653942 0.272941 0.00368233
36 0.00121387 0.697766 0.00242774 0.334648 0.00348437
34 0.610022 0.474487 0.0258489 0.109788 0.00298289
43 0.0232886 0.723109 0.0459074 0.373976 0.00296
43 0.0613667 0.581082 0.122733 0.410955 0.0028827
19 0.693139 0.728542 0.254263 0.523128 0.00282129
48 0.605043 0.474482 0.0351406 0.112765 0.00250034
52 0.598399 0.499576 0.0484623 0.0714045 0.0024059
36 0.022489 0.659383 0.0411059 0.246101 0.00237376
36 0.0500968 0.660433 0.099364 0.258204 0.00222155
18 0.0330497 0.540018 0.06578 0.548646 0.00220505
20 0.626703 0.501289 0.0153095 0.0245761 0.0021264
19 0.336081 0.646704 0.209552 0.466199 0.00199449
19 0.0321402 0.626336 0.0642804 0.526847 0.00198754
18 0.597792 0.474749 0.0470907 0.105847 0.00192471
19 0.0330458 0.504533 0.0660917 0.278111 0.0019174
48 0.617304 0.506643 0.072256 0.0439787 0.00182765
51 0.59532 0.516038 0.0432855 0.0420299 0.00177438
35 0.0203336 0.725825 0.0390995 0.352675 0.00169738
20 0.598399 0.499576 0.0484623 0.0714045 0.00161072
18 0.0318011 0.41102 0.0636023 0.269124 0.00153854
44 0.591004 0.521684 0.0344276 0.0343379 0.00146027
0 0.599167 0.473953 0.0489514 0.112202 0.00144868
0 0.611026 0.474703 0.0250457 0.11189 0.00143843
49 0.0233516 0.725489 0.0453006 0.368599 0.00138017
10 0.598399 0.499576 0.0484623 0.0714045 0.00135258
52 0.610022 0.474487 0.0258489 0.109788 0.00133054
20 0.380649 0.587556 0.0285111 0.0945253 0.0013195
18 0.555547 0.657235 0.20335 0.369048 0.00130187
20 0.607749 0.474455 0.0316745 0.112651 0.00125243
9 0.589526 0.49937 0.0318326 0.0416457 0.00119524
48 0.591004 0.521684 0.0344276 0.0343379 0.00115849
35 0.023916 0.580976 0.0473401 0.360851 0.00110065
44 0.598184 0.473722 0.0488719 0.115958 0.00105745
34 0.379918 0.583167 0.0300579 0.0888516 0.00105555
30 0.116171 0.396214 0.232342 0.791094 0.0010476
48 0.593462 0.485066 0.0398991 0.0766938 0.00104722
0 0.589317 0.49507 0.0312279 0.048392 0.00102619
