4 0.415017 0.767656 0.0507061 0.0547529 0.871002
4 0.488698 0.763231 0.0507141 0.0645329 0.870046
1 0.675102 0.722501 0.0127718 0.0375099 0.851026
7 0.594391 0.567193 0.0153223 0.0202075 0.845043
7 0.352935 0.57225 0.010872 0.0435914 0.809956
4 0.631701 0.756858 0.0264618 0.0248058 0.797971
4 0.369249 0.769426 0.0480107 0.0496559 0.794041
7 0.535439 0.569244 0.0161774 0.0191059 0.782427
7 0.295147 0.576005 0.0106473 0.0438609 0.776418
7 0.504992 0.570021 0.0105457 0.0438494 0.760018
7 0.564781 0.566759 0.0113111 0.0425322 0.75433
7 0.323573 0.573266 0.0172227 0.0213029 0.734063
4 0.527728 0.761489 0.0219121 0.0197762 0.73337
7 0.266767 0.578044 0.0192971 0.0194052 0.697313
4 0.447316 0.763189 0.0310812 0.0336499 0.66643
4 0.58055 0.759464 0.0598988 0.0347071 0.663181
2 0.581552 0.316876 0.0118928 0.0286994 0.640961
1 0.506845 0.707576 0.0307836 0.0336194 0.631671
7 0.434896 0.654809 0.00846506 0.0139646 0.615562
7 0.467592 0.653602 0.00919385 0.0137008 0.603309
2 0.830653 0.309678 0.0144729 0.0263989 0.599081
2 0.269459 0.329792 0.0135516 0.0311456 0.532317
2 0.594914 0.319841 0.0114409 0.0222079 0.524604
7 0.866867 0.584099 0.0147408 0.0296918 0.523575
4 0.210161 0.772128 0.0426536 0.0318235 0.511614
7 0.253128 0.64321 0.00759714 0.0241022 0.507526
7 0.577336 0.649434 0.00675409 0.0256817 0.493492
1 0.63047 0.724763 0.0132028 0.0222451 0.4683
7 0.277246 0.645665 0.0100106 0.0199115 0.438792
7 0.452305 0.652835 0.00748453 0.0225842 0.423406
7 0.609727 0.649041 0.00823969 0.0235141 0.395799
7 0.626791 0.648365 0.0101961 0.0134015 0.355315
7 0.59502 0.64862 0.0101924 0.0142384 0.350494
7 0.702839 0.714258 0.0103231 0.0788165 0.343631
7 0.84032 0.579504 0.0126693 0.0294725 0.340595
2 0.812564 0.309124 0.0128934 0.0232248 0.337554
4 0.733378 0.750061 0.0406044 0.0353037 0.311802
7 0.48421 0.652011 0.00703201 0.0228213 0.294769
15 0.733276 0.748882 0.0398884 0.0345235 0.293293
7 0.267429 0.644558 0.00592764 0.0177313 0.284195
2 0.414596 0.326906 0.0163233 0.0253655 0.282152
1 0.816427 0.639454 0.0299202 0.0672527 0.277383
7 0.85157 0.584908 0.0123501 0.0350889 0.276031
2 0.479657 0.320826 0.0146912 0.0230171 0.271973
2 0.286826 0.332243 0.0157752 0.0238587 0.271204
4 0.0352922 0.781343 0.0695679 0.0683496 0.26453
7 0.468282 0.649586 0.00964752 0.0158019 0.225593
4 0.604548 0.759093 0.0162383 0.0270324 0.219703
7 0.0680336 0.757776 0.0082842 0.0386805 0.20798
2 0.49841 0.322899 0.0138344 0.0282488 0.18969
7 0.335177 0.655802 0.0130905 0.0191945 0.184621
4 0.217489 0.76996 0.0326584 0.0292242 0.181715
4 0.198282 0.770483 0.0671361 0.038456 0.180832
4 0.171781 0.768766 0.0384639 0.0446783 0.162132
7 0.612736 0.649512 0.0107799 0.0218797 0.158487
0 0.272355 0.735435 0.00813443 0.0329902 0.156024
7 0.407675 0.65904 0.00524802 0.0164712 0.155052
4 0.0212726 0.788406 0.0425453 0.0574605 0.142334
4 0.245124 0.765797 0.0342919 0.027432 0.142036
7 0.727064 0.722134 0.00933136 0.0192625 0.130353
2 0.444918 0.325288 0.0156171 0.0187303 0.129959
2 0.732253 0.313388 0.0129993 0.0227582 0.119488
4 0.75254 0.752042 0.0233868 0.0308918 0.107538
4 0.465801 0.757985 0.00886499 0.0396902 0.091393
7 0.438568 0.65443 0.0099642 0.0171179 0.0905969
4 0.132398 0.777038 0.0523642 0.0500131 0.0896707
2 0.443669 0.34071 0.0118406 0.0237873 0.0893955
4 0.764121 0.751407 0.0430905 0.0294844 0.0876867
1 0.727064 0.722134 0.00933136 0.0192625 0.0793879
4 0.163188 0.760471 0.0539603 0.0675458 0.0783009
4 0.597216 0.757919 0.0292564 0.0297809 0.0778093
6 0.163188 0.760471 0.0539603 0.0675458 0.0775674
7 0.593525 0.651118 0.00814496 0.0186342 0.0726535
4 0.153107 0.770014 0.0380977 0.0460479 0.0695745
4 0.116194 0.778735 0.0708438 0.0535182 0.0663053
5 0.163188 0.760471 0.0539603 0.0675458 0.0654255
0 0.0931313 0.782392 0.0296649 0.0543972 0.0571982
6 0.150091 0.753076 0.029579 0.0556717 0.0570501
7 0.626053 0.65218 0.0102803 0.0165126 0.0569919
4 0.0238225 0.773175 0.0466195 0.0705824 0.0566971
7 0.410598 0.662751 0.00560449 0.0164592 0.0557021
4 0.247732 0.766737 0.0194829 0.0260021 0.0548442
7 0.272355 0.735435 0.00813443 0.0329902 0.0545102
1 0.34798 0.712682 0.0110607 0.0417398 0.0534654
7 0.416458 0.663943 0.00855499 0.00965042 0.052211
1 0.38983 0.732563 0.00772461 0.0331806 0.0516926
4 0.461824 0.75933 0.0109592 0.0312117 0.0491696
1 0.263229 0.702311 0.0307993 0.0165973 0.0476912
1 0.272355 0.735435 0.00813443 0.0329902 0.0467729
2 0.742783 0.31995 0.0104458 0.015445 0.0442974
4 0.191911 0.74467 0.0196259 0.0197957 0.0438094
4 0.192416 0.748118 0.0279119 0.0276071 0.0430721
4 0.550309 0.757544 0.0115502 0.0203391 0.0426867
7 0.845426 0.58573 0.0108923 0.0413463 0.0423421
2 0.751857 0.316078 0.0112004 0.0202722 0.0423035
4 0.150091 0.753076 0.029579 0.0556717 0.0420186
4 0.56823 0.760391 0.0351343 0.0269182 0.0419555
1 0.253273 0.724369 0.0100211 0.0213572 0.0419022
4 0.51227 0.749634 0.0113671 0.0250865 0.0413875
4 0.641498 0.756303 0.020758 0.01938 0.0407601
0 0.275505 0.733834 0.0110748 0.0298967 0.0407429
7 0.389338 0.731068 0.00833206 0.0321411 0.0403285
4 0.226775 0.765687 0.0183929 0.0288124 0.0377023
2 0.430335 0.327924 0.0144196 0.0235163 0.0359686
2 0.439132 0.327333 0.0135735 0.0198661 0.035524
22 0.452305 0.652835 0.00748453 0.0225842 0.0343493
4 0.607587 0.756404 0.0121752 0.0251886 0.0324567
4 0.841062 0.776894 0.0162402 0.024439 0.0322985
1 0.59502 0.64862 0.0101924 0.0142384 0.0318316
7 0.929549 0.753496 0.0111317 0.0571261 0.0313883
1 0.195328 0.687907 0.0252739 0.0369591 0.0305283
7 0.487744 0.651762 0.0110333 0.0221173 0.0295843
1 0.626791 0.648365 0.0101961 0.0134015 0.0292889
4 0.469497 0.767396 0.0148875 0.052628 0.0292637
7 0.654913 0.659579 0.0114279 0.0154252 0.0285017
4 0.697376 0.754831 0.00960449 0.0188926 0.0284335
5 0.150091 0.753076 0.029579 0.0556717 0.0282973
2 0.211881 0.524657 0.00567404 0.0116473 0.0282438
1 0.262994 0.696438 0.0299429 0.0295556 0.0282191
1 0.816548 0.657751 0.0328376 0.106274 0.0277826
6 0.733378 0.750061 0.0406044 0.0353037 0.0267981
1 0.35714 0.713844 0.0160415 0.046072 0.0263463
4 0.191462 0.750406 0.019153 0.0285813 0.0262938
1 0.272043 0.728618 0.00810019 0.0255774 0.0256965
4 0.101987 0.780844 0.0541202 0.0580789 0.0256632
4 0.774828 0.750826 0.0284969 0.0236633 0.0256088
7 0.259497 0.643336 0.0106515 0.0245682 0.0252281
0 0.276083 0.76024 0.0114671 0.0266232 0.024903
4 0.701984 0.7552 0.0151258 0.026039 0.0245731
4 0.355063 0.767166 0.0238016 0.0393138 0.0235734
2 0.462202 0.321607 0.0152513 0.0199293 0.0231291
7 0.57345 0.64952 0.0105782 0.0240218 0.0227234
0 0.148496 0.759335 0.0270757 0.067984 0.0224529
0 0.267429 0.644558 0.00592764 0.0177313 0.0219454
0 0.102854 0.781449 0.0288541 0.0509816 0.0219346
2 0.599444 0.320945 0.0128549 0.0233762 0.0218661
2 0.429429 0.333966 0.0125432 0.017836 0.0208763
2 0.771693 0.321858 0.00983313 0.00945644 0.0198544
0 0.272043 0.728618 0.00810019 0.0255774 0.0195837
7 0.2487 0.642687 0.0105252 0.0246399 0.0195495
2 0.779449 0.322709 0.0088844 0.00903078 0.0192537
8 0.143634 0.77904 0.0267056 0.0468015 0.0191339
1 0.263502 0.709268 0.0237962 0.00948659 0.0189496
0 0.697376 0.754831 0.00960449 0.0188926 0.0189072
7 0.435523 0.658299 0.00703943 0.0232051 0.0188612
2 0.866934 0.580156 0.0147261 0.0274497 0.0188548
7 0.837078 0.578232 0.0135339 0.0248273 0.0183921
2 0.7453 0.312874 0.0111886 0.0218208 0.0183009
2 0.794499 0.318484 0.01147 0.0158789 0.0180771
1 0.263371 0.687738 0.0309925 0.0424845 0.0180142
8 0.697376 0.754831 0.00960449 0.0188926 0.0178113
6 0.0271498 0.775189 0.0507835 0.0754283 0.0176968
7 0.40583 0.67206 0.00507822 0.0167017 0.0176772
0 0.272947 0.76706 0.0102545 0.0316863 0.0172425
7 0.701227 0.665775 0.0147113 0.0180091 0.017079
2 0.751687 0.3124 0.0135735 0.0207452 0.016722
2 0.202959 0.524767 0.0107085 0.0112896 0.016636
1 0.824195 0.474652 0.0353378 0.11324 0.0162987
15 0.764803 0.751201 0.0420147 0.0323881 0.0161229
0 0.0909701 0.790377 0.0216774 0.0486265 0.0160809
7 0.0678506 0.768932 0.00953399 0.0624005 0.0160492
7 0.647118 0.657015 0.00890649 0.0108205 0.0159106
1 0.243477 0.732245 0.00807477 0.0204157 0.0158803
8 0.128569 0.779928 0.0393518 0.0477507 0.0158017
4 0.313885 0.769697 0.0249288 0.035451 0.0155471
4 0.463565 0.765409 0.0124439 0.0414313 0.0155208
1 0.247052 0.72563 0.00924912 0.0224401 0.0149844
4 0.773445 0.745942 0.02586 0.0228038 0.0149492
0 0.253128 0.64321 0.00759714 0.0241022 0.014822
2 0.720987 0.644739 0.00808356 0.014911 0.0144853
4 0.331486 0.77026 0.0232037 0.0362183 0.0144229
5 0.132398 0.777038 0.0523642 0.0500131 0.0139514
0 0.266511 0.740082 0.0150879 0.0377486 0.013782
22 0.535439 0.569244 0.0161774 0.0191059 0.0135968
7 0.444607 0.650851 0.00332623 0.0184406 0.0134169
4 0.333518 0.763724 0.0255342 0.030617 0.0133364
0 0.276883 0.767358 0.0133577 0.0349664 0.0132111
22 0.434896 0.654809 0.00846506 0.0139646 0.01291
8 0.276883 0.767358 0.0133577 0.0349664 0.0128831
2 0.793452 0.306853 0.0150641 0.0161965 0.0128596
0 0.0656065 0.778377 0.0156979 0.0646535 0.0127162
0 0.0678506 0.768932 0.00953399 0.0624005 0.0126701
4 0.257212 0.769311 0.0377063 0.0390828 0.0125949
22 0.706113 0.765076 0.0101893 0.0376566 0.0124931
7 0.272043 0.728618 0.00810019 0.0255774 0.0124067
4 0.359021 0.771971 0.0391871 0.0463404 0.0123485
7 0.697376 0.754831 0.00960449 0.0188926 0.0123298
7 0.335125 0.665974 0.0133058 0.0382277 0.0121128
1 0.366373 0.724557 0.0108902 0.0309268 0.0121126
4 0.304156 0.768381 0.028728 0.0348115 0.0116672
4 0.40768 0.763769 0.0330652 0.040031 0.0115055
7 0.377827 0.660798 0.00687238 0.0174117 0.0114356
22 0.467592 0.653602 0.00919385 0.0137008 0.0113991
1 0.275505 0.733834 0.0110748 0.0298967 0.0113456
1 0.25578 0.728512 0.0113053 0.0201164 0.0112145
7 0.485825 0.65666 0.00538538 0.026515 0.0111718
1 0.702461 0.718124 0.0102258 0.0841375 0.011018
0 0.0556536 0.785694 0.0173691 0.0546742 0.0110017
8 0.156125 0.775525 0.0326479 0.0448201 0.0109608
1 0.154856 0.707595 0.0161718 0.0285233 0.0109133
6 0.191462 0.750406 0.019153 0.0285813 0.0109019
7 0.664148 0.713894 0.0101252 0.0249071 0.010883
1 0.153824 0.715162 0.0148556 0.0243583 0.01066
2 0.253128 0.64321 0.00759714 0.0241022 0.010477
4 0.538399 0.760083 0.0104717 0.0132073 0.0103949
1 0.351524 0.713013 0.012713 0.0464067 0.0102747
22 0.564781 0.566759 0.0113111 0.0425322 0.010244
0 0.277246 0.645665 0.0100106 0.0199115 0.0101766
0 0.706113 0.765076 0.0101893 0.0376566 0.0101707
2 0.789638 0.303867 0.0138605 0.0187471 0.010079
8 0.0423631 0.794822 0.0249887 0.0438456 0.0100346
6 0.172551 0.767175 0.0373592 0.0496826 0.0100304
7 0.701984 0.7552 0.0151258 0.026039 0.00979109
5 0.169607 0.772146 0.0410167 0.0482018 0.00968545
2 0.841027 0.580025 0.0133686 0.0316514 0.00965231
22 0.295282 0.576249 0.0104957 0.0440751 0.00963552
6 0.107539 0.740299 0.0515812 0.042193 0.00951119
0 0.127303 0.780613 0.0420121 0.0487523 0.00950359
4 0.498412 0.759316 0.0367743 0.0341142 0.00931299
1 0.228073 0.722923 0.0123329 0.0156353 0.00930682
0 0.0496564 0.78232 0.026241 0.0617536 0.00929
0 0.191462 0.750406 0.019153 0.0285813 0.00912149
0 0.0423631 0.794822 0.0249887 0.0438456 0.00902754
6 0.116127 0.758624 0.079653 0.0682748 0.00899475
5 0.156125 0.775525 0.0326479 0.0448201 0.00899224
0 0.331486 0.77026 0.0232037 0.0362183 0.00898116
15 0.580652 0.759742 0.0589426 0.035678 0.00891925
4 0.236917 0.752298 0.0157921 0.0251213 0.00870018
0 0.48421 0.652011 0.00703201 0.0228213 0.00866671
0 0.143634 0.77904 0.0267056 0.0468015 0.0086377
1 0.365156 0.732034 0.0141756 0.0290755 0.00856206
4 0.0918932 0.782274 0.0323564 0.0549082 0.00844891
7 0.610901 0.645877 0.00759979 0.0273689 0.00837337
7 0.660412 0.647161 0.0121567 0.0118552 0.00826086
4 0.635265 0.744546 0.0178672 0.0231768 0.00820844
0 0.333518 0.763724 0.0255342 0.030617 0.00820552
22 0.323573 0.573266 0.0172227 0.0213029 0.00808349
2 0.267429 0.644558 0.00592764 0.0177313 0.00800901
0 0.136661 0.765867 0.0437694 0.0725327 0.00790463
25 0.733176 0.748957 0.0394379 0.0349141 0.00784326
0 0.247732 0.766737 0.0194829 0.0260021 0.00784236
2 0.277246 0.645665 0.0100106 0.0199115 0.00779519
1 0.706113 0.765076 0.0101893 0.0376566 0.00779446
7 0.38383 0.700529 0.00903836 0.0280264 0.00779207
0 0.467592 0.653602 0.00919385 0.0137008 0.00778268
4 0.789014 0.755593 0.0159679 0.0163374 0.00776229
6 0.63047 0.724763 0.0132028 0.0222451 0.00774072
12 0.148857 0.750886 0.0268079 0.0513083 0.00770765
0 0.313885 0.769697 0.0249288 0.035451 0.00762979
7 0.663988 0.660403 0.0128752 0.0189638 0.00745377
42 0.191911 0.74467 0.0196259 0.0197957 0.00743389
2 0.405925 0.650206 0.00529562 0.0170673 0.00736165
1 0.593525 0.651118 0.00814496 0.0186342 0.00731691
0 0.0289959 0.782387 0.0559484 0.0647343 0.00719827
2 0.783102 0.341795 0.00780786 0.0178703 0.00713457
7 0.720987 0.644739 0.00808356 0.014911 0.00709214
1 0.673213 0.710634 0.0113644 0.0286532 0.00705574
2 0.130037 0.573638 0.00831291 0.0141403 0.00687232
6 0.764803 0.751201 0.0420147 0.0323881 0.00686725
4 0.835094 0.773789 0.020242 0.0242737 0.00686578
4 0.208978 0.755992 0.0428918 0.0354091 0.00684637
22 0.484049 0.652113 0.00674048 0.0222114 0.00675777
1 0.664148 0.713894 0.0101252 0.0249071 0.00666089
4 0.474003 0.746185 0.021056 0.0267688 0.00663269
8 0.217489 0.76996 0.0326584 0.0292242 0.00657363
8 0.169607 0.772146 0.0410167 0.0482018 0.00654891
4 0.45936 0.744921 0.0121223 0.0196133 0.00649016
8 0.475121 0.773186 0.0244426 0.0454227 0.00648861
14 0.156125 0.775525 0.0326479 0.0448201 0.0064613
7 0.129957 0.719131 0.00970583 0.0206445 0.00640969
2 0.407675 0.65904 0.00524802 0.0164712 0.00639503
8 0.334835 0.780105 0.0165534 0.043831 0.00637294
0 0.0536139 0.795254 0.0166105 0.0393221 0.00635703
8 0.101987 0.780844 0.0541202 0.0580789 0.00633237
1 0.434896 0.654809 0.00846506 0.0139646 0.00627997
8 0.308005 0.7797 0.0233789 0.0504986 0.00620431
7 0.681754 0.659154 0.0134493 0.0171507 0.00620222
2 0.835374 0.309735 0.0177825 0.0267777 0.00619315
0 0.191911 0.74467 0.0196259 0.0197957 0.00618847
7 0.528155 0.682711 0.00790448 0.00863668 0.00614207
1 0.626053 0.65218 0.0102803 0.0165126 0.00613691
2 0.60375 0.342848 0.0101526 0.0153429 0.00607931
7 0.270754 0.649476 0.00608844 0.0230444 0.00595032
8 0.320557 0.780575 0.0201299 0.0468878 0.00592691
8 0.341805 0.780129 0.0149772 0.0384956 0.00589899
8 0.272947 0.76706 0.0102545 0.0316863 0.00588669
22 0.626791 0.648365 0.0101961 0.0134015 0.0058381
22 0.353099 0.571462 0.0104175 0.0435575 0.00583137
7 0.696786 0.663138 0.0227838 0.0223034 0.00582171
7 0.275505 0.733834 0.0110748 0.0298967 0.00581419
6 0.191911 0.74467 0.0196259 0.0197957 0.00579526
7 0.706113 0.765076 0.0101893 0.0376566 0.00576598
1 0.500133 0.710823 0.0408699 0.036931 0.0057365
7 0.72091 0.724642 0.0138984 0.0352849 0.00565622
6 0.192416 0.748118 0.0279119 0.0276071 0.00563063
1 0.699124 0.730444 0.0127234 0.0536575 0.00559053
4 0.31266 0.772634 0.0337026 0.048389 0.00557313
8 0.0536139 0.795254 0.0166105 0.0393221 0.00553353
0 0.0248323 0.789722 0.04202 0.0540122 0.00549981
5 0.147366 0.76894 0.0270933 0.0563615 0.00545052
