4 0.686758 0.718572 0.187865 0.226456 0.938018
1 0.552076 0.526247 0.087379 0.0791543 0.907725
4 0.28394 0.702857 0.0612453 0.0641767 0.90298
6 0.393058 0.68443 0.0636971 0.0891691 0.835931
1 0.547558 0.590775 0.0466869 0.0425024 0.81083
4 0.355258 0.688514 0.0262459 0.0669649 0.779502
4 0.489496 0.680238 0.0186019 0.0194984 0.705494
4 0.538257 0.678307 0.0123052 0.0141831 0.38558
4 0.5061 0.679614 0.00958124 0.0114898 0.300337
1 0.486322 0.630739 0.0246086 0.0231517 0.274777
4 0.527134 0.678202 0.011182 0.0144911 0.197852
4 0.520351 0.678205 0.00871564 0.012385 0.182532
1 0.570319 0.628517 0.0129688 0.0173154 0.160844
4 0.495151 0.680653 0.0155944 0.0181229 0.148802
4 0.53552 0.678861 0.01385 0.0195141 0.135637
4 0.431513 0.680624 0.0148722 0.0229612 0.125452
1 0.528912 0.660997 0.011683 0.0103847 0.124963
1 0.487879 0.635529 0.0223091 0.0243732 0.122574
4 0.510754 0.676449 0.00891177 0.014386 0.113886
4 0.39318 0.684674 0.0619914 0.0878137 0.106635
1 0.43357 0.626476 0.0148252 0.0333581 0.105092
1 0.485501 0.640848 0.0246811 0.0179418 0.0880173
6 0.527134 0.678202 0.011182 0.0144911 0.0836404
1 0.567604 0.639188 0.0116209 0.0118317 0.0749299
4 0.214755 0.687711 0.0274118 0.0182142 0.0434846
4 0.204077 0.684404 0.0112602 0.0200201 0.0419915
1 0.40909 0.630965 0.0137089 0.01732 0.0416624
6 0.538257 0.678307 0.0123052 0.0141831 0.0408853
4 0.184867 0.695396 0.0168463 0.0184504 0.0404524
4 0.194595 0.684951 0.0293741 0.0243203 0.0364673
1 0.464469 0.632603 0.0121527 0.0216042 0.0300308
0 0.204077 0.684404 0.0112602 0.0200201 0.0299777
1 0.603378 0.672866 0.0168131 0.0243043 0.0286222
7 0.535207 0.617688 0.00949469 0.0145244 0.0274187
4 0.532419 0.685351 0.00909412 0.0273415 0.0261708
8 0.212003 0.698912 0.0148871 0.029822 0.0260843
14 0.213604 0.695892 0.0170697 0.0256808 0.025601
0 0.209276 0.694663 0.0127381 0.0231016 0.025358
4 0.235429 0.685515 0.0128603 0.0168277 0.0249082
1 0.54181 0.617859 0.0136035 0.0150178 0.0246942
8 0.209276 0.694663 0.0127381 0.0231016 0.0229155
14 0.209276 0.694663 0.0127381 0.0231016 0.0224325
4 0.505248 0.68667 0.00640018 0.0226219 0.0215398
4 0.191577 0.69343 0.0291856 0.0210098 0.0208871
4 0.575748 0.6795 0.0142523 0.0217557 0.0208818
1 0.461036 0.635769 0.0121798 0.0211822 0.0196131
6 0.520351 0.678205 0.00871564 0.012385 0.0192637
4 0.603378 0.672866 0.0168131 0.0243043 0.0179868
1 0.574372 0.627 0.0131401 0.0213738 0.0178892
4 0.567307 0.676244 0.015402 0.0217113 0.0176338
6 0.421574 0.682642 0.00861081 0.0290767 0.0167738
4 0.473821 0.676455 0.0127078 0.0171113 0.0166625
4 0.120025 0.696073 0.0177568 0.0194146 0.0160839
0 0.420917 0.69598 0.00811484 0.0407034 0.0137951
4 0.421574 0.682642 0.00861081 0.0290767 0.0137109
4 0.547086 0.681942 0.0123264 0.0160684 0.0135728
4 0.464606 0.673683 0.0128987 0.0188386 0.0132423
4 0.537148 0.684686 0.0145242 0.0279401 0.013159
1 0.603471 0.591048 0.0136911 0.0257484 0.0127982
1 0.535207 0.617688 0.00949469 0.0145244 0.0126415
1 0.530143 0.650987 0.00734583 0.0187159 0.0125237
6 0.355329 0.689029 0.0271921 0.065456 0.0125215
6 0.528912 0.660997 0.011683 0.0103847 0.0124532
4 0.523372 0.685703 0.0124462 0.0250141 0.0124341
1 0.634017 0.587579 0.0273438 0.0324888 0.0120358
1 0.556159 0.619904 0.0125576 0.0122076 0.0110954
4 0.202524 0.691748 0.0211708 0.0183277 0.010597
7 0.54181 0.617859 0.0136035 0.0150178 0.0100139
1 0.542452 0.662423 0.00723285 0.0117965 0.00984699
14 0.214691 0.703964 0.0149816 0.0260824 0.00967592
3 0.209276 0.694663 0.0127381 0.0231016 0.00900436
3 0.212003 0.698912 0.0148871 0.029822 0.00897286
23 0.962741 0.739206 0.0112338 0.0391514 0.00895803
1 0.415461 0.630906 0.00744812 0.017007 0.0087687
7 0.467958 0.610812 0.00842291 0.0137857 0.00804774
1 0.447546 0.618818 0.0112512 0.0263974 0.00716363
15 0.527134 0.678202 0.011182 0.0144911 0.00708197
1 0.459787 0.620785 0.0118042 0.0169732 0.00668053
4 0.450764 0.680553 0.017077 0.0228758 0.00653757
6 0.480948 0.670965 0.00913745 0.0217877 0.00650629
6 0.5061 0.679614 0.00958124 0.0114898 0.00626474
6 0.510754 0.676449 0.00891177 0.014386 0.00619577
0 0.212003 0.698912 0.0148871 0.029822 0.00576372
6 0.53552 0.678861 0.01385 0.0195141 0.00542857
4 0.490104 0.685463 0.0162329 0.0249265 0.00532882
6 0.43509 0.67575 0.0160321 0.0311025 0.00530251
4 0.563944 0.674101 0.0166317 0.0248986 0.005233
1 0.566993 0.631794 0.0160409 0.00955752 0.00495196
14 0.210605 0.702138 0.0123462 0.030138 0.00482714
4 0.426357 0.687208 0.0102611 0.0220662 0.00481154
1 0.480948 0.670965 0.00913745 0.0217877 0.0047839
1 0.579874 0.643665 0.00963702 0.0135298 0.00463709
4 0.435897 0.677786 0.0166353 0.0215284 0.00458628
6 0.488752 0.679927 0.0189576 0.0214233 0.00457062
4 0.209276 0.694663 0.0127381 0.0231016 0.00449583
4 0.228764 0.689627 0.0100052 0.0174626 0.00446959
4 0.14454 0.696581 0.0339858 0.0221737 0.00443492
7 0.466093 0.621926 0.0106321 0.0147694 0.00436459
1 0.443084 0.633815 0.0154052 0.0285808 0.00428049
4 0.238029 0.681777 0.0164371 0.0208251 0.00427542
1 0.61473 0.586852 0.00967993 0.0354239 0.00424979
5 0.202524 0.691748 0.0211708 0.0183277 0.00424593
4 0.616069 0.658094 0.0474061 0.0559502 0.00423112
7 0.464469 0.632603 0.0121527 0.0216042 0.00422488
1 0.422196 0.633784 0.0127823 0.0188963 0.00411476
6 0.521163 0.669066 0.00831397 0.0176716 0.00410973
1 0.466093 0.621926 0.0106321 0.0147694 0.00408211
4 0.480948 0.670965 0.00913745 0.0217877 0.00407099
8 0.204077 0.684404 0.0112602 0.0200201 0.00405417
0 0.421574 0.682642 0.00861081 0.0290767 0.00403046
4 0.136888 0.70016 0.0452672 0.0230561 0.00402898
7 0.459787 0.620785 0.0118042 0.0169732 0.00402862
1 0.521163 0.669066 0.00831397 0.0176716 0.00396581
4 0.213604 0.695892 0.0170697 0.0256808 0.00390277
8 0.152274 0.694281 0.0225465 0.0206731 0.00389164
7 0.415461 0.630906 0.00744812 0.017007 0.00386776
4 0.473437 0.668557 0.0120989 0.0201626 0.00386459
6 0.508721 0.670005 0.00846222 0.0196087 0.00375592
4 0.455344 0.675156 0.0135743 0.0185771 0.0037042
6 0.567307 0.676244 0.015402 0.0217113 0.00352451
1 0.508721 0.670005 0.00846222 0.0196087 0.00351653
4 0.486466 0.685851 0.0124287 0.0241528 0.00348309
6 0.194595 0.684951 0.0293741 0.0243203 0.00335799
4 0.78135 0.692669 0.0116097 0.0287401 0.00331485
6 0.599825 0.663685 0.0205895 0.0341585 0.00328476
14 0.11733 0.716851 0.0162303 0.0367575 0.00326658
0 0.235429 0.685515 0.0128603 0.0168277 0.00325187
4 0.152274 0.694281 0.0225465 0.0206731 0.00319404
6 0.563944 0.674101 0.0166317 0.0248986 0.00317337
6 0.473437 0.668557 0.0120989 0.0201626 0.00311234
1 0.554441 0.664832 0.0126332 0.0261774 0.00299846
0 0.254208 0.692777 0.0103135 0.0228117 0.00293546
7 0.458418 0.610566 0.0119727 0.0135313 0.00288449
3 0.152274 0.694281 0.0225465 0.0206731 0.00277901
0 0.354649 0.688089 0.0276104 0.0648832 0.00276499
15 0.354772 0.688822 0.0270067 0.0645799 0.00275658
4 0.173103 0.695588 0.0273452 0.0191289 0.00274298
6 0.417237 0.666496 0.0160743 0.0444756 0.0027156
7 0.40909 0.630965 0.0137089 0.01732 0.00269814
4 0.552519 0.67518 0.0110103 0.014557 0.00269503
6 0.210547 0.680085 0.0243865 0.0251265 0.00267816
2 0.333673 0.483669 0.00604623 0.0167186 0.00267427
8 0.78135 0.692669 0.0116097 0.0287401 0.00265726
8 0.235429 0.685515 0.0128603 0.0168277 0.00265088
7 0.447818 0.610632 0.0102008 0.0227927 0.00258037
8 0.431513 0.680624 0.0148722 0.0229612 0.00255423
6 0.567604 0.639188 0.0116209 0.0118317 0.00252819
6 0.431403 0.672942 0.0138813 0.0284277 0.00251998
1 0.557728 0.644379 0.00834015 0.0146624 0.00251376
8 0.254208 0.692777 0.0103135 0.0228117 0.00244472
0 0.202524 0.691748 0.0211708 0.0183277 0.00236145
8 0.214755 0.687711 0.0274118 0.0182142 0.00235741
6 0.495151 0.680653 0.0155944 0.0181229 0.00230274
8 0.202524 0.691748 0.0211708 0.0183277 0.00228286
8 0.532419 0.685351 0.00909412 0.0273415 0.00224542
1 0.543954 0.648317 0.00705072 0.0142165 0.00223709
4 0.607099 0.663969 0.0276237 0.0422929 0.00223186
8 0.14454 0.696581 0.0339858 0.0221737 0.00222558
6 0.473821 0.676455 0.0127078 0.0171113 0.00221207
12 0.210547 0.680085 0.0243865 0.0251265 0.00220728
8 0.11733 0.716851 0.0162303 0.0367575 0.00218793
1 0.502613 0.646476 0.0110604 0.0120049 0.00214918
0 0.214755 0.687711 0.0274118 0.0182142 0.00214411
4 0.248675 0.688302 0.0167615 0.0188612 0.00213485
4 0.603548 0.653065 0.0263244 0.0659763 0.00211293
15 0.538257 0.678307 0.0123052 0.0141831 0.0021113
3 0.202524 0.691748 0.0211708 0.0183277 0.00211081
1 0.4894 0.670129 0.0120331 0.0197654 0.00210552
1 0.587173 0.651931 0.0160833 0.0261934 0.00210048
4 0.139895 0.712254 0.0365214 0.0284718 0.00205441
7 0.447546 0.618818 0.0112512 0.0263974 0.00205066
8 0.420917 0.69598 0.00811484 0.0407034 0.00203512
4 0.210547 0.680085 0.0243865 0.0251265 0.00198791
0 0.152274 0.694281 0.0225465 0.0206731 0.00198153
4 0.528912 0.660997 0.011683 0.0103847 0.00197542
4 0.779003 0.690095 0.013006 0.0318283 0.00194202
22 0.420917 0.69598 0.00811484 0.0407034 0.00188609
3 0.1419 0.706925 0.0361684 0.0294168 0.00188518
0 0.253432 0.684625 0.0104967 0.0181516 0.00186261
0 0.5061 0.679614 0.00958124 0.0114898 0.00184988
4 0.508721 0.670005 0.00846222 0.0196087 0.00182895
4 0.591914 0.665277 0.0274059 0.0364907 0.00181238
15 0.393293 0.684571 0.0635863 0.0882185 0.00179475
1 0.398228 0.630527 0.0223907 0.0194595 0.00177922
8 0.143279 0.709188 0.0341958 0.0204564 0.001772
4 0.570319 0.628517 0.0129688 0.0173154 0.00176717
5 0.354649 0.688089 0.0276104 0.0648832 0.00170743
15 0.488172 0.680494 0.0174055 0.0189644 0.00169508
6 0.4894 0.670129 0.0120331 0.0197654 0.00166089
2 0.332666 0.48043 0.00585782 0.0159976 0.00163792
1 0.534155 0.622082 0.0138467 0.023259 0.00163679
0 0.431513 0.680624 0.0148722 0.0229612 0.00162962
6 0.464606 0.673683 0.0128987 0.0188386 0.00161391
14 0.238029 0.681777 0.0164371 0.0208251 0.00156951
3 0.14454 0.696581 0.0339858 0.0221737 0.00155293
8 0.228764 0.689627 0.0100052 0.0174626 0.00154524
3 0.191791 0.698472 0.0304939 0.0231353 0.00154255
2 0.33579 0.482576 0.00683823 0.0142757 0.00152622
4 0.542452 0.662423 0.00723285 0.0117965 0.00150873
15 0.510754 0.676449 0.00891177 0.014386 0.00150809
4 0.254208 0.692777 0.0103135 0.0228117 0.00148943
4 0.599825 0.663685 0.0205895 0.0341585 0.00144563
4 0.431403 0.672942 0.0138813 0.0284277 0.00142651
0 0.78135 0.692669 0.0116097 0.0287401 0.00141784
12 0.599825 0.663685 0.0205895 0.0341585 0.00141611
15 0.53552 0.678861 0.01385 0.0195141 0.00141599
5 0.204077 0.684404 0.0112602 0.0200201 0.0014118
0 0.845436 0.693134 0.0121251 0.0304493 0.00136038
4 0.521163 0.669066 0.00831397 0.0176716 0.00134705
4 0.4894 0.670129 0.0120331 0.0197654 0.00133577
6 0.552519 0.67518 0.0110103 0.014557 0.00133544
6 0.542452 0.662423 0.00723285 0.0117965 0.00129431
15 0.520351 0.678205 0.00871564 0.012385 0.00127898
6 0.570319 0.628517 0.0129688 0.0173154 0.00127123
6 0.569023 0.666487 0.0180648 0.0333105 0.00126592
15 0.528912 0.660997 0.011683 0.0103847 0.00125437
8 0.426357 0.687208 0.0102611 0.0220662 0.0012534
7 0.433808 0.630678 0.0132829 0.0302268 0.0012484
2 0.304824 0.473632 0.00684378 0.0168524 0.00124036
4 0.646127 0.653732 0.106908 0.0980355 0.00123605
1 0.599825 0.663685 0.0205895 0.0341585 0.00123484
4 0.460677 0.665597 0.012553 0.0175484 0.00123202
6 0.204077 0.684404 0.0112602 0.0200201 0.00121846
4 0.112744 0.706056 0.0291987 0.0355562 0.00121704
7 0.332666 0.48043 0.00585782 0.0159976 0.00121033
6 0.58262 0.660434 0.0185948 0.0395625 0.0011955
8 0.191791 0.698472 0.0304939 0.0231353 0.00119383
4 0.121045 0.689938 0.0193726 0.0245675 0.00118445
7 0.486322 0.630739 0.0246086 0.0231517 0.00117556
3 0.11733 0.716851 0.0162303 0.0367575 0.0011743
2 0.33969 0.484518 0.00927911 0.0162352 0.00113728
0 0.473821 0.676455 0.0127078 0.0171113 0.00113317
42 0.204077 0.684404 0.0112602 0.0200201 0.00112319
5 0.538257 0.678307 0.0123052 0.0141831 0.00112097
15 0.480948 0.670965 0.00913745 0.0217877 0.00111197
14 0.603378 0.672866 0.0168131 0.0243043 0.00110493
4 0.774194 0.686729 0.0192538 0.0352938 0.00108643
0 0.601805 0.668849 0.0188532 0.0301488 0.00107756
5 0.212003 0.698912 0.0148871 0.029822 0.00107639
4 0.148137 0.688826 0.0318173 0.0217371 0.00107211
0 0.890262 0.680309 0.0125458 0.0264427 0.00106704
8 0.184867 0.695396 0.0168463 0.0184504 0.00106558
1 0.520214 0.650269 0.0107706 0.0180558 0.001057
8 0.120025 0.696073 0.0177568 0.0194146 0.00105423
6 0.460677 0.665597 0.012553 0.0175484 0.00105153
4 0.607128 0.683253 0.0541342 0.0735918 0.00104341
6 0.587173 0.651931 0.0160833 0.0261934 0.00104195
1 0.381493 0.627292 0.0186657 0.016948 0.00102671
6 0.602949 0.669892 0.0191342 0.0313928 0.0010243
15 0.570319 0.628517 0.0129688 0.0173154 0.00101935
0 0.779003 0.690095 0.013006 0.0318283 0.00100175
4 0.420917 0.69598 0.00811484 0.0407034 0.00100061
