4 0.991729 0.599605 0.0149414 0.01969 0.0886621
4 0.968409 0.605623 0.0136649 0.0124328 0.0819959
4 0.98833 0.602167 0.0197254 0.0192365 0.0317373
24 0.299034 0.568627 0.0524025 0.018892 0.0262256
0 0.857232 0.601313 0.00648578 0.0159176 0.0252558
24 0.269948 0.571394 0.0585427 0.0217552 0.0230926
4 0.966334 0.603694 0.0140133 0.0164931 0.022833
24 0.274766 0.565841 0.0701649 0.0316883 0.0186873
1 0.464344 0.594503 0.0110216 0.0255406 0.0172571
24 0.26554 0.576066 0.0517445 0.0215729 0.0166384
0 0.579028 0.575751 0.00870532 0.0183315 0.0159468
6 0.492643 0.576657 0.0719545 0.0488022 0.0155249
6 0.677557 0.601982 0.0246044 0.0147482 0.0148104
6 0.5077 0.570072 0.0418392 0.0386581 0.0142423
24 0.307248 0.571482 0.033137 0.0162211 0.0139052
24 0.293599 0.564208 0.00958026 0.018057 0.0118157
1 0.857232 0.601313 0.00648578 0.0159176 0.0110964
4 0.961156 0.6027 0.0198318 0.0185458 0.0109344
22 0.464344 0.594503 0.0110216 0.0255406 0.0108151
2 0.980017 0.314172 0.0060719 0.00849601 0.0102281
2 0.961417 0.293168 0.00771985 0.0154454 0.00964971
24 0.306053 0.566134 0.037907 0.0223899 0.00795867
22 0.857232 0.601313 0.00648578 0.0159176 0.00779933
2 0.995377 0.312724 0.00596997 0.00997461 0.00666663
6 0.189194 0.581217 0.114671 0.0316313 0.0057951
2 0.0899261 0.502689 0.00793438 0.0180152 0.0056466
4 0.896071 0.593973 0.0156196 0.0138806 0.00556287
1 0.592446 0.60339 0.00992603 0.0149509 0.00538707
2 0.468412 0.420921 0.00801297 0.0108412 0.00523433
2 0.948366 0.29249 0.0111382 0.0113115 0.00521926
2 0.484233 0.437535 0.00692664 0.0146469 0.00483488
2 0.982175 0.2907 0.00677185 0.0110149 0.00483352
24 0.217808 0.575057 0.154093 0.0288052 0.00468884
2 0.966161 0.291253 0.00649072 0.00980629 0.00458417
4 0.9524 0.601644 0.0332913 0.0200529 0.00440887
6 0.697527 0.596541 0.0215715 0.0245157 0.00438226
6 0.670728 0.60051 0.0119528 0.0165627 0.00429668
2 0.342942 0.444016 0.0079986 0.0223823 0.00424968
6 0.991729 0.599605 0.0149414 0.01969 0.00419018
24 0.506693 0.574144 0.0433091 0.0438277 0.004163
4 0.179204 0.607516 0.0136169 0.016261 0.00414929
24 0.261972 0.566196 0.0399706 0.0221547 0.00412912
1 0.00629786 0.591984 0.0115361 0.0165704 0.00397094
24 0.0288835 0.550446 0.00763287 0.0290107 0.00394295
2 0.996644 0.291558 0.00662958 0.0137983 0.00379112
24 0.123607 0.576542 0.0269979 0.0178616 0.00370504
1 0.00505477 0.58684 0.00951338 0.0187064 0.00353258
2 0.384429 0.437191 0.0115992 0.0174875 0.00338672
24 0.189194 0.581217 0.114671 0.0316313 0.00337706
1 0.447343 0.596038 0.0188723 0.0205827 0.00321818
4 0.96867 0.611181 0.0123516 0.0221247 0.0031667
1 0.704098 0.596076 0.0106694 0.0271031 0.00315218
4 0.00629786 0.591984 0.0115361 0.0165704 0.00307307
24 0.0821283 0.536697 0.132621 0.0946862 0.00306193
2 0.919972 0.308883 0.00739648 0.0185607 0.00292372
22 0.639677 0.601297 0.00958612 0.0177219 0.00291308
1 0.639677 0.601297 0.00958612 0.0177219 0.00282429
1 0.697527 0.596541 0.0215715 0.0245157 0.00278441
0 0.592446 0.60339 0.00992603 0.0149509 0.00275581
6 0.661919 0.599624 0.012928 0.0188685 0.00273868
1 0.670728 0.60051 0.0119528 0.0165627 0.00268819
24 0.121565 0.56714 0.0317284 0.0242083 0.00265014
4 0.335753 0.572483 0.0165933 0.0124156 0.0024934
8 0.857232 0.601313 0.00648578 0.0159176 0.00241855
24 0.105504 0.580882 0.0154787 0.0162358 0.00241454
4 0.992722 0.589327 0.0132595 0.0233753 0.00236252
22 0.592446 0.60339 0.00992603 0.0149509 0.00225114
2 0.484269 0.430043 0.00682181 0.0178925 0.00224405
24 0.11029 0.566649 0.0106927 0.0223982 0.00224143
5 0.991729 0.599605 0.0149414 0.01969 0.00223971
7 0.857232 0.601313 0.00648578 0.0159176 0.00220495
24 0.194869 0.574505 0.110885 0.0191816 0.00219865
24 0.244534 0.573758 0.0292891 0.0172612 0.00218421
24 0.0581772 0.582352 0.0170055 0.02644 0.00214862
2 0.956252 0.313984 0.00705066 0.00902431 0.0021175
2 0.95206 0.291961 0.00971948 0.0103008 0.00205519
6 0.125041 0.578522 0.0256264 0.0196491 0.00203986
6 0.446405 0.575389 0.160258 0.0391888 0.00194601
4 0.0149273 0.592176 0.0280306 0.0164851 0.00193431
6 0.00629786 0.591984 0.0115361 0.0165704 0.00192913
6 0.310882 0.571389 0.0273449 0.014915 0.00191596
4 0.84971 0.599306 0.013826 0.0162626 0.00191567
24 0.381989 0.553065 0.0436938 0.0357248 0.00189435
24 0.115414 0.566968 0.0387336 0.0321464 0.00189269
6 0.179204 0.607516 0.0136169 0.016261 0.00184958
1 0.579028 0.575751 0.00870532 0.0183315 0.00183051
24 0.115548 0.565188 0.00779371 0.0195052 0.00176828
4 0.861551 0.598943 0.0230046 0.0152644 0.00175798
8 0.991729 0.599605 0.0149414 0.01969 0.00175268
22 0.670728 0.60051 0.0119528 0.0165627 0.00172566
24 0.214111 0.581575 0.0714648 0.0317881 0.00169681
0 0.179204 0.607516 0.0136169 0.016261 0.00167744
24 0.281583 0.546028 0.0898222 0.0691769 0.00164965
6 0.447343 0.596038 0.0188723 0.0205827 0.00164257
24 0.0351227 0.551844 0.0343153 0.0470334 0.00162943
4 0.870032 0.581944 0.0403992 0.0203543 0.0016018
6 0.155277 0.579131 0.0350299 0.0236574 0.00158911
6 0.1586 0.581769 0.0472392 0.0306594 0.0015797
0 0.84971 0.599306 0.013826 0.0162626 0.00156464
4 0.954092 0.599887 0.0514765 0.0287272 0.00155906
2 0.453907 0.427551 0.00593225 0.0159274 0.00154988
4 0.881707 0.595126 0.0211678 0.0158302 0.00154394
24 0.371484 0.554884 0.0230564 0.0271401 0.00154177
2 0.969798 0.313359 0.0051239 0.00909584 0.00153231
2 0.986944 0.297262 0.00908264 0.012225 0.0015205
2 0.459604 0.437875 0.00735407 0.015002 0.00151668
6 0.00505477 0.58684 0.00951338 0.0187064 0.001509
4 0.00505477 0.58684 0.00951338 0.0187064 0.00150076
0 0.484233 0.437535 0.00692664 0.0146469 0.0014964
0 0.858495 0.602773 0.00956232 0.0190292 0.00147881
24 0.492643 0.576657 0.0719545 0.0488022 0.00144752
14 0.592446 0.60339 0.00992603 0.0149509 0.00144316
4 0.905902 0.594465 0.0141514 0.0130632 0.00142381
8 0.968409 0.605623 0.0136649 0.0124328 0.00141791
4 0.310882 0.571389 0.0273449 0.014915 0.00140808
0 0.131184 0.599834 0.0124106 0.00856641 0.00138691
0 0.991729 0.599605 0.0149414 0.01969 0.00137265
0 0.928697 0.620181 0.00861932 0.0386545 0.00137214
0 0.928714 0.597329 0.00780737 0.0201641 0.00136129
24 0.130348 0.57133 0.0332183 0.0225512 0.00133876
0 0.670728 0.60051 0.0119528 0.0165627 0.00131878
4 0.0206058 0.58534 0.0119962 0.0155007 0.00129603
0 0.595775 0.610031 0.00718494 0.0247633 0.00129513
4 0.87704 0.581668 0.0244015 0.0153169 0.00129157
0 0.858768 0.608583 0.00664557 0.0278056 0.00128407
4 0.892506 0.586714 0.0126888 0.0180352 0.00127964
4 0.970036 0.586261 0.0285149 0.026344 0.00126142
14 0.857232 0.601313 0.00648578 0.0159176 0.00124968
0 0.130455 0.612953 0.0106564 0.0200461 0.00122645
6 0.12507 0.586981 0.0188747 0.0296782 0.00121994
24 0.179204 0.607516 0.0136169 0.016261 0.00121521
6 0.341433 0.572219 0.0279129 0.0137189 0.00120675
6 0.223645 0.610678 0.0314306 0.0280271 0.00120055
1 0.679979 0.602489 0.0234735 0.0190113 0.00118642
24 0.0468175 0.558586 0.0718878 0.0517952 0.00118273
24 0.100555 0.580822 0.0197984 0.0172466 0.00118186
24 0.513464 0.567679 0.0505888 0.0328842 0.00116864
24 0.0643481 0.579008 0.0106402 0.0185263 0.00114922
0 0.0288835 0.550446 0.00763287 0.0290107 0.00113685
24 0.335753 0.572483 0.0165933 0.0124156 0.00113357
6 0.0149273 0.592176 0.0280306 0.0164851 0.00112881
24 0.1586 0.581769 0.0472392 0.0306594 0.00111983
1 0.465921 0.587005 0.0165235 0.0367813 0.00111516
1 0.961571 0.573846 0.0140408 0.0221507 0.00110408
22 0.661919 0.599624 0.012928 0.0188685 0.00109941
0 0.966334 0.603694 0.0140133 0.0164931 0.00108892
4 0.772014 0.600548 0.027812 0.015431 0.00105733
24 0.207464 0.565559 0.0879188 0.0309474 0.00105726
5 0.179204 0.607516 0.0136169 0.016261 0.00104308
1 0.661919 0.599624 0.012928 0.0188685 0.00104082
24 0.0519732 0.534536 0.0802582 0.0711634 0.00101958
24 0.0232859 0.581084 0.0276878 0.023343 0.00101397
6 0.0581772 0.582352 0.0170055 0.02644 0.00101003
24 0.0136567 0.568981 0.0262942 0.0342235 0.00100559
6 0.17753 0.611198 0.0144537 0.0224467 0.00100428
1 0.125041 0.578522 0.0256264 0.0196491 0.00100179
