10 0.688208 0.595814 0.0988623 0.219261 0.953305
59 0.57079 0.466966 0.0661931 0.36052 0.900815
10 0.452348 0.378783 0.146229 0.270981 0.858804
10 0.351997 0.421543 0.0879632 0.255112 0.856723
44 0.618092 0.648673 0.26826 0.240974 0.750021
10 0.319233 0.373427 0.0632401 0.258327 0.727726
44 0.405987 0.462581 0.255043 0.22219 0.687536
19 0.494553 0.616546 0.98893 0.76464 0.509912
10 0.0517551 0.215846 0.102952 0.13024 0.217671
10 0.0532355 0.138933 0.106107 0.277052 0.170279
10 0.0286633 0.134831 0.0569402 0.268545 0.0943853
44 0.719649 0.650301 0.481079 0.292456 0.0289325
59 0.568131 0.524248 0.0636683 0.212942 0.0164425
36 0.453557 0.378862 0.14482 0.271896 0.0124183
10 0.132102 0.0495686 0.0698296 0.0991372 0.00970629
10 0.0307424 0.197283 0.0596214 0.128833 0.00775838
10 0.403508 0.457425 0.255482 0.236376 0.00688859
10 0.569504 0.458079 0.0674173 0.349045 0.00653971
44 0.345774 0.427148 0.114554 0.252759 0.0039495
9 0.453816 0.381581 0.145227 0.274011 0.00259337
1 0.0296463 0.133259 0.0592925 0.266519 0.00223703
59 0.528634 0.500536 0.153159 0.458255 0.00220702
44 0.453816 0.381581 0.145227 0.274011 0.00218002
1 0.0554209 0.13752 0.110485 0.272671 0.00148871
44 0.675834 0.592055 0.401561 0.357396 0.00140034
33 0.453816 0.381581 0.145227 0.274011 0.00127783
27 0.128559 0.049462 0.0754352 0.0989239 0.00123886
22 0.0286633 0.134831 0.0569402 0.268545 0.00122844
10 0.425888 0.38148 0.285255 0.261892 0.00121223
59 0.563967 0.516887 0.0840616 0.482123 0.0011843
9 0.403767 0.465654 0.251297 0.220746 0.00106981
