5 0.809616 0.533524 0.186975 0.303443 0.952115
18 0.367296 0.332167 0.0469767 0.0708329 0.0285382
8 0.0186279 0.634194 0.0372559 0.118618 0.0164199
2 0.463987 0.00659868 0.00932571 0.0131974 0.0138259
2 0.223708 0.340584 0.0140517 0.0206918 0.0111905
13 0.0136337 0.633066 0.0272673 0.117998 0.00795409
10 0.276449 0.909922 0.0816454 0.0561855 0.00727519
18 0.407365 0.325422 0.0365064 0.0725761 0.00606759
13 0.865505 0.492435 0.0154483 0.0293053 0.00507158
18 0.278922 0.336274 0.0256113 0.0684603 0.00480672
36 0.131037 0.429488 0.0213426 0.0303011 0.00439698
10 0.105534 0.43385 0.0127645 0.0264665 0.00433552
14 0.21746 0.519209 0.0345695 0.0790914 0.00413299
8 0.841892 0.53273 0.123054 0.303422 0.00390251
18 0.160862 0.52925 0.0171779 0.0587704 0.00363793
14 0.0125042 0.628283 0.0250083 0.111895 0.00349378
18 0.428068 0.498221 0.0337159 0.039426 0.00299122
26 0.281071 0.337273 0.01712 0.0651309 0.0028876
2 0.462558 0.0033833 0.00792905 0.0067666 0.00283124
10 0.269428 0.609299 0.00878839 0.022319 0.00240131
36 0.118891 0.429929 0.0120639 0.0300999 0.00231922
2 0.527828 0.0320515 0.0295513 0.0342705 0.00220225
2 0.633005 0.335137 0.0122421 0.0147311 0.00217944
2 0.460388 0.00673686 0.00943259 0.0134737 0.00208168
10 0.363721 0.155569 0.00996417 0.0159384 0.00205011
10 0.0809778 0.43478 0.013614 0.0267383 0.00192722
30 0.463987 0.00659868 0.00932571 0.0131974 0.00181771
10 0.0926872 0.433931 0.0107154 0.0268134 0.00181274
10 0.426138 0.438982 0.0103533 0.0294917 0.0015179
2 0.275953 0.91143 0.0816578 0.0534238 0.00148845
10 0.118891 0.429929 0.0120639 0.0300999 0.00143556
18 0.0124558 0.625847 0.0249116 0.108642 0.00141581
2 0.218672 0.0944426 0.0177468 0.0223968 0.001387
26 0.283656 0.330102 0.0281146 0.0793609 0.0013722
3 0.111756 0.876181 0.118197 0.185962 0.0013008
35 0.130697 0.429336 0.0243048 0.0316625 0.00124655
2 0.444667 0.178011 0.0166211 0.0212341 0.00120263
10 0.355507 0.155441 0.0199369 0.0168556 0.00116361
2 0.677409 0.304085 0.00977307 0.0154222 0.00113903
18 0.43243 0.341211 0.0155976 0.052719 0.0011181
10 0.348414 0.155639 0.010308 0.0166095 0.00105987
10 0.162181 0.532533 0.0166763 0.0521712 0.00105945
3 0.0202545 0.633774 0.0405091 0.119809 0.00102582
