4 0.807744 0.74054 0.310242 0.164783 0.916733
7 0.186557 0.668728 0.0234028 0.239297 0.611275
4 0.501678 0.722626 0.0638726 0.069653 0.554789
7 0.129332 0.613289 0.0188034 0.153687 0.515624
4 0.877088 0.665218 0.0262657 0.014866 0.501659
7 0.426135 0.369212 0.0268509 0.0421784 0.489355
1 0.901383 0.448132 0.0265184 0.0380521 0.472325
4 0.954499 0.669267 0.0401266 0.0387803 0.471122
7 0.194511 0.654803 0.0146561 0.16973 0.327614
7 0.466715 0.347591 0.0310601 0.0914339 0.227441
4 0.738116 0.668394 0.030773 0.0227606 0.224016
4 0.626546 0.684234 0.0573483 0.0429979 0.213391
15 0.62684 0.684579 0.0572914 0.0430502 0.193025
2 0.0296428 0.375623 0.0111816 0.0222954 0.190602
4 0.911842 0.668083 0.0285057 0.0247385 0.165084
4 0.464949 0.706968 0.0304746 0.0452295 0.164268
4 0.468101 0.714803 0.0238728 0.0315243 0.14171
4 0.914775 0.674236 0.0431058 0.0314175 0.139973
4 0.737129 0.674613 0.0331339 0.0364919 0.130101
4 0.936536 0.669364 0.0732273 0.0388947 0.125568
0 0.696202 0.692263 0.0105688 0.020561 0.117572
1 0.324845 0.671297 0.0323274 0.0453767 0.11272
4 0.907893 0.676582 0.0322993 0.0269038 0.107179
4 0.447041 0.707343 0.0220308 0.0431894 0.10555
2 0.0320343 0.374375 0.0119676 0.0197765 0.0965128
4 0.409219 0.693585 0.0195995 0.0160844 0.0957697
4 0.599585 0.709739 0.0364061 0.0297681 0.093632
4 0.456176 0.706401 0.0307283 0.0454053 0.0857336
4 0.606026 0.706871 0.024419 0.0247074 0.0834564
4 0.877902 0.669241 0.0284891 0.0225996 0.0826973
22 0.077351 0.777591 0.0147859 0.0432528 0.0786293
4 0.441462 0.709284 0.0208308 0.0386941 0.0767877
4 0.902539 0.679223 0.0257479 0.0217831 0.0636287
0 0.700407 0.689949 0.0134247 0.0227739 0.0619001
4 0.410388 0.705339 0.0206734 0.037142 0.0599947
4 0.472703 0.721341 0.0168094 0.0318555 0.0584261
0 0.72266 0.681307 0.0102778 0.0280084 0.0451218
4 0.588741 0.708043 0.0216267 0.0268492 0.0425206
22 0.97345 0.69064 0.0117532 0.0228252 0.0398499
4 0.737311 0.684295 0.0254826 0.0310059 0.0369268
7 0.188967 0.68908 0.01156 0.202067 0.0347213
1 0.333257 0.669331 0.0308465 0.0327237 0.0312686
15 0.660312 0.683524 0.0148862 0.034252 0.0311496
4 0.884018 0.666918 0.0280633 0.0168355 0.0309227
4 0.435982 0.708361 0.0215124 0.0381291 0.030841
22 0.97482 0.679812 0.0115825 0.0299826 0.0298921
1 0.128548 0.62335 0.0180839 0.152929 0.02952
2 0.0298453 0.370539 0.011744 0.0199716 0.0284406
7 0.13233 0.744596 0.016337 0.080878 0.0274817
0 0.720715 0.689253 0.015131 0.0211823 0.0273112
4 0.856475 0.659378 0.0177483 0.017163 0.0259348
4 0.582103 0.706384 0.0326265 0.0284349 0.0236159
1 0.572455 0.661148 0.0166631 0.0500986 0.0231434
7 0.0840402 0.548953 0.0235995 0.0471843 0.0230039
7 0.0875408 0.541634 0.0150259 0.0326914 0.019366
1 0.339267 0.672851 0.0183935 0.0303847 0.0187384
4 0.660312 0.683524 0.0148862 0.034252 0.0185578
7 0.467861 0.334274 0.0415515 0.084813 0.016961
7 0.0972669 0.53695 0.00954673 0.0266394 0.016896
7 0.185634 0.718736 0.0158428 0.145867 0.0168494
0 0.726276 0.68844 0.0125457 0.021088 0.0164381
7 0.752007 0.591613 0.00728082 0.0163643 0.0153113
7 0.370241 0.366148 0.0235631 0.0451713 0.0147466
0 0.674931 0.686332 0.0121969 0.024874 0.0145794
3 0.690281 0.698548 0.0106443 0.0338078 0.0144455
1 0.329777 0.686866 0.01275 0.0285044 0.0137976
8 0.690281 0.698548 0.0106443 0.0338078 0.0137244
8 0.675379 0.690386 0.0121971 0.0175381 0.0133205
7 0.0892095 0.546375 0.0200429 0.039216 0.0132005
1 0.194511 0.654803 0.0146561 0.16973 0.0131117
22 0.242012 0.777453 0.0123175 0.0391874 0.0122155
8 0.696202 0.692263 0.0105688 0.020561 0.0121583
4 0.726276 0.68844 0.0125457 0.021088 0.0112323
7 0.425334 0.398982 0.0274955 0.102937 0.011011
7 0.430254 0.65922 0.00914545 0.0164212 0.0107844
4 0.471481 0.700536 0.0356928 0.051234 0.0106497
7 0.405961 0.546598 0.0422855 0.037256 0.00996536
3 0.675379 0.690386 0.0121971 0.0175381 0.00958764
8 0.69995 0.692157 0.0125577 0.0212078 0.00943035
7 0.121162 0.610031 0.0312568 0.175215 0.00923428
7 0.473991 0.350344 0.0387853 0.114125 0.00909551
7 0.242012 0.777453 0.0123175 0.0391874 0.00906926
4 0.722504 0.667318 0.009578 0.022305 0.00860669
4 0.409374 0.688348 0.0138562 0.0184332 0.00821987
0 0.690281 0.698548 0.0106443 0.0338078 0.0081604
8 0.720715 0.689253 0.015131 0.0211823 0.0080304
22 0.183586 0.734217 0.0166581 0.121271 0.00801699
0 0.696751 0.700769 0.01221 0.0369028 0.00779126
7 0.127417 0.670702 0.0156424 0.120758 0.00772413
4 0.564211 0.707522 0.0123799 0.0206362 0.00766175
22 0.0808544 0.775967 0.0164009 0.0449613 0.00717269
7 0.131605 0.663002 0.0194921 0.256152 0.00709496
7 0.178517 0.653417 0.0256948 0.217262 0.00691455
4 0.919966 0.652973 0.0325811 0.0246839 0.00679629
8 0.955437 0.66915 0.0392398 0.0347908 0.00674116
7 0.125071 0.552664 0.0148579 0.0431008 0.00635277
0 0.737129 0.674613 0.0331339 0.0364919 0.00632069
2 0.0256722 0.375793 0.0144485 0.018527 0.00621423
0 0.97075 0.650749 0.0120739 0.0368466 0.00600236
2 0.369274 0.366027 0.0233162 0.0402076 0.00594223
4 0.937389 0.660611 0.0594963 0.0431909 0.00585885
8 0.97345 0.69064 0.0117532 0.0228252 0.00573159
1 0.185881 0.672575 0.0199599 0.24387 0.00561797
4 0.44501 0.687218 0.0168971 0.0188932 0.00553629
7 0.105951 0.5345 0.0143045 0.029947 0.00539899
25 0.62657 0.684959 0.057418 0.044421 0.00528182
0 0.722504 0.667318 0.009578 0.022305 0.00527623
7 0.122898 0.552532 0.014904 0.0334432 0.00526187
4 0.409518 0.72316 0.0204798 0.0356005 0.00491833
1 0.97075 0.650749 0.0120739 0.0368466 0.00481069
1 0.322327 0.677229 0.0176817 0.0460221 0.00478419
7 0.457534 0.343785 0.0363589 0.0856375 0.00475915
7 0.187031 0.626856 0.0167921 0.153413 0.00475571
1 0.405025 0.54528 0.043475 0.0402632 0.00469152
4 0.906433 0.68481 0.0398869 0.0320869 0.00467521
23 0.0771918 0.777489 0.01408 0.0424888 0.00465052
7 0.432642 0.361219 0.0357017 0.0576252 0.00463692
4 0.544017 0.710149 0.0232277 0.0194498 0.00451929
4 0.72266 0.681307 0.0102778 0.0280084 0.00423761
22 0.130708 0.780221 0.0133565 0.0302676 0.00422263
4 0.398017 0.699258 0.0116815 0.0125348 0.00419937
4 0.452221 0.690134 0.0173994 0.0376194 0.00419444
7 0.197578 0.680187 0.0181683 0.106323 0.00418451
14 0.696202 0.692263 0.0105688 0.020561 0.00401241
8 0.662586 0.689138 0.0133266 0.0205124 0.00396648
3 0.696202 0.692263 0.0105688 0.020561 0.00393241
8 0.914775 0.674236 0.0431058 0.0314175 0.00384556
4 0.555589 0.710333 0.0195052 0.0180621 0.00380039
22 0.224103 0.75148 0.0137848 0.0314933 0.00373011
2 0.298416 0.619203 0.010535 0.0170946 0.00355092
15 0.738116 0.668394 0.030773 0.0227606 0.00350533
22 0.345129 0.754127 0.0167252 0.0354344 0.00348552
0 0.713533 0.678334 0.0108552 0.0269901 0.00346257
4 0.744817 0.684811 0.0367575 0.0366874 0.00343304
8 0.709926 0.71106 0.0127079 0.0249202 0.00343031
7 0.939108 0.456117 0.02361 0.0275806 0.00338284
2 0.427201 0.560878 0.00787741 0.012534 0.00335305
22 0.182683 0.785356 0.0137776 0.0212033 0.00334154
1 0.49723 0.664346 0.00936356 0.0231082 0.00331074
4 0.353105 0.718414 0.0424605 0.0411687 0.0032343
7 0.468651 0.375352 0.0394654 0.131575 0.00320148
4 0.858433 0.67004 0.0186503 0.0238647 0.00319562
7 0.111687 0.546934 0.0223557 0.0321078 0.00316782
22 0.995482 0.689899 0.00718597 0.0204241 0.00316381
8 0.97482 0.679812 0.0115825 0.0299826 0.00315523
4 0.833179 0.657191 0.0640373 0.0173031 0.00315176
7 0.0746494 0.552814 0.0133268 0.0229058 0.00314801
14 0.69995 0.692157 0.0125577 0.0212078 0.0031262
8 0.726276 0.68844 0.0125457 0.021088 0.00311488
0 0.737311 0.684295 0.0254826 0.0310059 0.00306223
25 0.737794 0.666871 0.0291851 0.0216828 0.00302841
3 0.69995 0.692157 0.0125577 0.0212078 0.00302219
4 0.776489 0.660895 0.0280198 0.0179672 0.00297988
22 0.350043 0.751135 0.0170429 0.0320001 0.00297749
2 0.682259 0.133207 0.0222113 0.020663 0.00285829
7 0.184867 0.599001 0.0175968 0.0963197 0.00284041
1 0.651756 0.652724 0.00861786 0.0159306 0.00279373
8 0.241545 0.771982 0.0142204 0.0472581 0.00275926
14 0.24233 0.777437 0.0131043 0.0385048 0.0027505
6 0.954499 0.669267 0.0401266 0.0387803 0.00272247
7 0.440241 0.356837 0.026744 0.0631685 0.0027148
22 0.131189 0.746988 0.0149918 0.0928892 0.00269639
4 0.379768 0.71047 0.0155592 0.0212569 0.0026938
7 0.958261 0.44507 0.0125183 0.0232668 0.00269125
7 0.122693 0.541484 0.013682 0.0294255 0.00268117
7 0.478532 0.342228 0.0420655 0.0799617 0.00267936
7 0.13416 0.621618 0.0248519 0.161512 0.00261589
4 0.405118 0.696895 0.025716 0.0264526 0.00260349
3 0.720715 0.689253 0.015131 0.0211823 0.00256669
4 0.399607 0.712319 0.021821 0.029047 0.00249596
0 0.97345 0.69064 0.0117532 0.0228252 0.0024515
1 0.69995 0.692157 0.0125577 0.0212078 0.00244632
4 0.836058 0.669104 0.155248 0.0312978 0.00242296
8 0.696751 0.700769 0.01221 0.0369028 0.00242034
30 0.379741 0.078438 0.044596 0.0800727 0.00237388
4 0.570737 0.707939 0.0152867 0.0244687 0.00231401
2 0.722504 0.667318 0.009578 0.022305 0.00227984
0 0.955437 0.66915 0.0392398 0.0347908 0.00226863
26 0.0771918 0.777489 0.01408 0.0424888 0.00225264
4 0.529361 0.712458 0.0147563 0.0240421 0.00221888
6 0.626707 0.683794 0.0571029 0.0435171 0.00219141
18 0.696202 0.692263 0.0105688 0.020561 0.00216729
7 0.123801 0.6024 0.049716 0.1963 0.00216131
1 0.384017 0.676008 0.00773682 0.0136071 0.0021464
4 0.662586 0.689138 0.0133266 0.0205124 0.00213652
7 0.753842 0.629275 0.00786121 0.0174186 0.00209953
2 0.682714 0.143148 0.0284105 0.0428583 0.00205605
6 0.660312 0.683524 0.0148862 0.034252 0.0020504
30 0.0296428 0.375623 0.0111816 0.0222954 0.00204884
4 0.379157 0.732148 0.0795183 0.0727608 0.00204375
4 0.386484 0.704568 0.0228387 0.0142262 0.00203905
1 0.13233 0.744596 0.016337 0.080878 0.00197565
18 0.69995 0.692157 0.0125577 0.0212078 0.00195019
18 0.675379 0.690386 0.0121971 0.0175381 0.00192359
8 0.714339 0.707929 0.0187593 0.0305926 0.00192175
2 0.0252904 0.370347 0.0141501 0.0206412 0.00188168
7 0.0782961 0.555959 0.02147 0.030437 0.00186693
4 0.720715 0.689253 0.015131 0.0211823 0.00186095
7 0.43902 0.354807 0.0429843 0.0695997 0.00185338
7 0.651865 0.650109 0.00807959 0.0170707 0.00184248
4 0.545174 0.700602 0.0405071 0.0349807 0.00183712
1 0.322765 0.663655 0.0238619 0.0445551 0.00181147
7 0.942912 0.452038 0.0312614 0.0358521 0.00180749
1 0.197397 0.676391 0.0182381 0.109706 0.00180439
7 0.165111 0.666812 0.0438768 0.251335 0.00179533
1 0.430254 0.65922 0.00914545 0.0164212 0.00177507
4 0.441817 0.719269 0.0199539 0.0327583 0.00177387
4 0.353669 0.734944 0.030209 0.0497517 0.00176116
1 0.298416 0.619203 0.010535 0.0170946 0.00172714
4 0.758532 0.664852 0.0191738 0.0237128 0.00170902
15 0.605541 0.703228 0.023521 0.0265176 0.00170665
6 0.936536 0.669364 0.0732273 0.0388947 0.00170014
4 0.919558 0.683547 0.0558981 0.0334312 0.00169803
4 0.435133 0.683785 0.0143136 0.0115707 0.00165359
22 0.696012 0.689203 0.00923358 0.0206448 0.001643
14 0.690281 0.698548 0.0106443 0.0338078 0.00160617
0 0.911842 0.668083 0.0285057 0.0247385 0.00160616
7 0.97075 0.650749 0.0120739 0.0368466 0.00154144
3 0.662586 0.689138 0.0133266 0.0205124 0.00152235
4 0.767472 0.675119 0.0205883 0.028014 0.00149691
7 0.901454 0.448193 0.0263782 0.0382923 0.00148521
15 0.471481 0.700536 0.0356928 0.051234 0.001479
42 0.738306 0.66677 0.0300668 0.022494 0.00147787
1 0.188967 0.68908 0.01156 0.202067 0.00146245
0 0.662102 0.687125 0.0130128 0.0248835 0.00144682
4 0.503163 0.676687 0.0153143 0.0132419 0.00143262
8 0.570737 0.707939 0.0152867 0.0244687 0.00140915
2 0.72266 0.681307 0.0102778 0.0280084 0.00139718
22 0.97075 0.650749 0.0120739 0.0368466 0.00137522
1 0.722504 0.667318 0.009578 0.022305 0.00137382
0 0.884018 0.666918 0.0280633 0.0168355 0.00136551
4 0.713533 0.678334 0.0108552 0.0269901 0.00136292
4 0.675379 0.690386 0.0121971 0.0175381 0.00136029
8 0.737311 0.684295 0.0254826 0.0310059 0.0013535
8 0.995696 0.684264 0.00717511 0.0211482 0.00133142
7 0.140814 0.54619 0.0109753 0.0201679 0.00130756
4 0.494483 0.677935 0.00774948 0.0118646 0.00130494
0 0.709926 0.71106 0.0127079 0.0249202 0.00129871
10 0.242012 0.777453 0.0123175 0.0391874 0.00129347
1 0.242012 0.777453 0.0123175 0.0391874 0.0012834
0 0.97482 0.679812 0.0115825 0.0299826 0.00127008
23 0.24233 0.777437 0.0131043 0.0385048 0.00126851
25 0.722504 0.667318 0.009578 0.022305 0.00124887
7 0.124669 0.734661 0.0124552 0.0720915 0.00123609
4 0.643717 0.688278 0.0877545 0.0442429 0.00123196
3 0.701053 0.700468 0.0395511 0.035468 0.00123033
7 0.187253 0.587613 0.0144272 0.0750411 0.00121923
14 0.914775 0.674236 0.0431058 0.0314175 0.00121322
7 0.756904 0.637905 0.0111428 0.0123305 0.0012094
1 0.464175 0.669328 0.013396 0.0180799 0.00119874
7 0.124396 0.7087 0.0133291 0.0630432 0.0011807
8 0.911842 0.668083 0.0285057 0.0247385 0.00117952
22 0.995696 0.684264 0.00717511 0.0211482 0.00117021
7 0.38736 0.374533 0.0270713 0.0286867 0.00115289
7 0.959511 0.450694 0.0124911 0.0271977 0.00115248
2 0.738306 0.66677 0.0300668 0.022494 0.00114917
15 0.660393 0.68572 0.116784 0.0441977 0.00114892
15 0.737129 0.674613 0.0331339 0.0364919 0.00114176
7 0.238279 0.764 0.0126358 0.0638606 0.00112644
0 0.97404 0.667014 0.0128709 0.0364647 0.00112538
4 0.466791 0.720531 0.0272402 0.055549 0.0011157
8 0.713533 0.678334 0.0108552 0.0269901 0.00110699
5 0.954516 0.669269 0.0393741 0.0378821 0.00110564
12 0.660312 0.683524 0.0148862 0.034252 0.00107055
0 0.714339 0.707929 0.0187593 0.0305926 0.00106948
3 0.696751 0.700769 0.01221 0.0369028 0.00106943
22 0.238451 0.776506 0.0154099 0.0401563 0.00105821
4 0.909763 0.652205 0.0190009 0.0214602 0.00105228
3 0.97482 0.679812 0.0115825 0.0299826 0.0010493
5 0.720715 0.689253 0.015131 0.0211823 0.00103178
4 0.401359 0.723036 0.0321686 0.0411704 0.00103091
22 0.426524 0.367787 0.0267784 0.043859 0.00101708
