1 0.660526 0.440169 0.0833336 0.0707215 0.928154
4 0.0271637 0.850047 0.0543273 0.102357 0.904358
1 0.042223 0.728578 0.0579089 0.0462872 0.897982
4 0.610316 0.820421 0.0836701 0.060623 0.892259
1 0.504977 0.611238 0.0307133 0.043837 0.883843
4 0.133571 0.839654 0.0745107 0.0772914 0.882318
1 0.50523 0.567869 0.0288588 0.042513 0.862688
4 0.0612649 0.834379 0.0366325 0.047127 0.85194
1 0.504408 0.526961 0.0289079 0.0421517 0.816168
1 0.505361 0.482321 0.0281085 0.0435156 0.796548
4 0.170529 0.834652 0.0250759 0.0623928 0.742244
4 0.371031 0.816283 0.0272877 0.0231362 0.726411
4 0.702377 0.821015 0.0678059 0.0496949 0.703986
15 0.234501 0.806347 0.0220626 0.0256971 0.582763
4 0.903984 0.827343 0.0813663 0.067865 0.570784
1 0.507082 0.670307 0.0249363 0.0740606 0.49385
1 0.820005 0.709742 0.0326095 0.0650663 0.48303
1 0.0708824 0.78138 0.018059 0.0181005 0.408425
4 0.289673 0.811365 0.022578 0.0130629 0.389703
1 0.820009 0.7208 0.0292773 0.042898 0.350579
4 0.0858987 0.824314 0.0116961 0.019834 0.327933
4 0.393814 0.815708 0.0202247 0.0217497 0.293736
4 0.340875 0.816642 0.0173011 0.0159076 0.283762
7 0.508024 0.670364 0.0244255 0.0736859 0.256423
4 0.213372 0.816806 0.0164772 0.0110109 0.227173
4 0.315044 0.813103 0.0180993 0.00965986 0.208708
4 0.0828941 0.81634 0.0100737 0.0156513 0.198896
4 0.310304 0.811767 0.0206656 0.0104447 0.198587
4 0.858017 0.806901 0.0450817 0.0227114 0.184813
4 0.269871 0.811887 0.0180016 0.0113934 0.183513
4 0.0693319 0.823123 0.0206542 0.029159 0.17784
4 0.100711 0.825289 0.0130568 0.0298097 0.166868
4 0.0928633 0.826344 0.0116438 0.0206679 0.158272
4 0.311506 0.814074 0.0203141 0.0119457 0.148013
4 0.337277 0.814251 0.0179014 0.0151494 0.142174
4 0.856596 0.813675 0.0475111 0.0327941 0.142081
4 0.0964589 0.815568 0.0103936 0.0164429 0.141594
4 0.18501 0.819547 0.0113655 0.01203 0.138086
4 0.187877 0.821314 0.0134226 0.0160021 0.136257
1 0.0857832 0.781235 0.0101977 0.0160649 0.129339
4 0.215135 0.819963 0.0151755 0.0183309 0.128554
4 0.101625 0.81448 0.0116771 0.0178228 0.123688
4 0.257254 0.813901 0.013672 0.00943998 0.109586
4 0.388908 0.815651 0.0183824 0.0206915 0.107321
4 0.193395 0.817887 0.0132732 0.0154803 0.100936
4 0.0995427 0.831191 0.0152151 0.0285795 0.0989349
4 0.0435775 0.808166 0.0186293 0.0155644 0.0985007
4 0.101752 0.838163 0.0142381 0.0516889 0.0917681
4 0.109271 0.833191 0.0258484 0.0606124 0.0882504
0 0.426713 0.819241 0.0104402 0.0211126 0.0794842
4 0.208204 0.821053 0.00897284 0.0161047 0.0708959
1 0.0915524 0.79344 0.0110014 0.00863503 0.0661962
4 0.533522 0.808776 0.029723 0.013932 0.0655632
4 0.262372 0.81448 0.0114411 0.0109897 0.0605019
4 0.0960773 0.835916 0.0144445 0.0351061 0.0582395
1 0.16697 0.795604 0.0185626 0.0148617 0.058238
4 0.849041 0.816513 0.0496071 0.0423816 0.0518031
4 0.411297 0.816058 0.0287218 0.0201944 0.0504266
15 0.215334 0.815924 0.014327 0.0116807 0.0501392
4 0.42353 0.816149 0.014847 0.0207736 0.046851
4 0.82171 0.81822 0.045209 0.0467835 0.0433625
4 0.426898 0.817001 0.0114051 0.0202491 0.0423012
15 0.235064 0.813963 0.0216929 0.0134978 0.0415571
4 0.127496 0.809745 0.0408361 0.0213335 0.0384943
6 0.234501 0.806347 0.0220626 0.0256971 0.0379794
1 0.233533 0.802171 0.0181278 0.0216031 0.0355892
4 0.823367 0.799147 0.0445345 0.0250726 0.0339628
4 0.231488 0.820578 0.0155263 0.0173623 0.0333703
15 0.233533 0.802171 0.0181278 0.0216031 0.0315747
4 0.0796717 0.833533 0.0100654 0.0390282 0.0302784
4 0.856906 0.824248 0.0482136 0.049489 0.0296657
8 0.426713 0.819241 0.0104402 0.0211126 0.0294492
23 0.804037 0.842823 0.0144512 0.0315321 0.028756
4 0.120201 0.808212 0.0243389 0.0157324 0.0287306
4 0.854121 0.801961 0.0408594 0.0218663 0.0279246
4 0.0394176 0.807859 0.0216712 0.0178893 0.0270894
15 0.16697 0.795604 0.0185626 0.0148617 0.0253027
4 0.828159 0.804977 0.0541942 0.0275919 0.0246655
4 0.891207 0.812469 0.0586487 0.0326698 0.0239759
1 0.568961 0.440094 0.0212888 0.0344037 0.0237995
4 0.792511 0.799438 0.0366377 0.0208893 0.0237804
4 0.483614 0.814018 0.0203038 0.0165641 0.0225461
4 0.00528666 0.791732 0.0101861 0.0136449 0.0223029
6 0.00528666 0.791732 0.0101861 0.0136449 0.0215259
14 0.426713 0.819241 0.0104402 0.0211126 0.0212965
14 0.804037 0.842823 0.0144512 0.0315321 0.0202654
4 0.146566 0.811986 0.0344201 0.0229827 0.0190864
8 0.432675 0.816535 0.0194269 0.0224089 0.019023
4 0.0421168 0.799792 0.02322 0.0177143 0.0184287
4 0.399438 0.818856 0.0256787 0.0208403 0.0180118
1 0.146332 0.786554 0.0228954 0.0132341 0.0179031
0 0.42353 0.816149 0.014847 0.0207736 0.0176072
4 0.492926 0.8141 0.00957529 0.0155849 0.017513
4 0.00835523 0.78795 0.0132623 0.0141007 0.0169697
4 0.432675 0.816535 0.0194269 0.0224089 0.016687
4 0.248869 0.820992 0.0221481 0.0183661 0.0166687
1 0.546761 0.43913 0.0256927 0.0351561 0.0158072
4 0.47099 0.813362 0.0290566 0.0169343 0.0151808
4 0.53533 0.816198 0.032835 0.0250305 0.0148102
8 0.34025 0.814748 0.0152675 0.0140284 0.014269
4 0.103843 0.842783 0.0178062 0.0670747 0.014037
1 0.068103 0.785816 0.0188382 0.0233423 0.0139627
15 0.211659 0.816223 0.0135432 0.0121274 0.0133008
14 0.843678 0.835074 0.021648 0.0373926 0.0131952
14 0.870294 0.83905 0.0254906 0.0484925 0.0128408
4 0.439005 0.815394 0.0220914 0.0237216 0.0126322
0 0.0858987 0.824314 0.0116961 0.019834 0.0126225
1 0.15317 0.775896 0.00832834 0.0136808 0.0126016
15 0.00528666 0.791732 0.0101861 0.0136449 0.0124489
4 0.253675 0.820699 0.0173346 0.0194894 0.0120814
4 0.318081 0.819827 0.0178768 0.0198148 0.0120604
4 0.806798 0.798041 0.0140648 0.0193712 0.0119559
15 0.288375 0.811532 0.0238899 0.0129525 0.0119451
4 0.235064 0.813963 0.0216929 0.0134978 0.0119163
4 0.522403 0.811749 0.0119615 0.0145083 0.0117402
4 0.287213 0.818218 0.0236104 0.0225403 0.0116272
14 0.335051 0.821336 0.0118856 0.0254697 0.0111972
4 0.270605 0.819588 0.0142935 0.0194818 0.0111941
8 0.0858987 0.824314 0.0116961 0.019834 0.0111196
8 0.423958 0.819032 0.0121175 0.0208371 0.0110868
4 0.785489 0.802076 0.0395761 0.021277 0.0110437
15 0.269871 0.811887 0.0180016 0.0113934 0.0108305
4 0.814031 0.802474 0.0357191 0.0245352 0.0107703
1 0.0880552 0.780132 0.0121749 0.0187588 0.00992411
12 0.344017 0.801757 0.0137274 0.0220982 0.00991129
4 0.593237 0.801372 0.0427095 0.0249326 0.00983023
6 0.233533 0.802171 0.0181278 0.0216031 0.00924332
6 0.0710088 0.78182 0.0186498 0.0201245 0.00905727
15 0.257254 0.813901 0.013672 0.00943998 0.00902773
6 0.170408 0.834765 0.0259873 0.0605834 0.00867326
4 0.585964 0.812335 0.0340967 0.0437744 0.00852468
4 0.486936 0.817864 0.0195966 0.0213041 0.00841221
0 0.335051 0.821336 0.0118856 0.0254697 0.00838291
1 0.0623537 0.780832 0.016414 0.0178906 0.0082789
1 0.505325 0.540377 0.0324058 0.0921938 0.00815247
6 0.337277 0.814251 0.0179014 0.0151494 0.00807781
4 0.31112 0.819362 0.0194747 0.0207096 0.00800827
4 0.459333 0.811412 0.0174724 0.015378 0.00789496
14 0.672671 0.818605 0.0137889 0.0431742 0.00761842
4 0.86855 0.824778 0.0290125 0.0447724 0.00760809
1 0.144086 0.78983 0.014699 0.0141798 0.00754407
1 0.109753 0.797647 0.0224352 0.015779 0.00745121
6 0.16697 0.795604 0.0185626 0.0148617 0.00722574
0 0.34025 0.814748 0.0152675 0.0140284 0.00716853
4 0.198204 0.828536 0.0109137 0.0231083 0.00704186
6 0.393814 0.815708 0.0202247 0.0217497 0.00699444
8 0.394096 0.818483 0.0184662 0.0213668 0.00697045
14 0.555276 0.825407 0.0112781 0.0283958 0.00690663
4 0.768314 0.799535 0.0330918 0.0232033 0.0068955
14 0.85176 0.833242 0.0261205 0.0449884 0.00687124
4 0.759438 0.802039 0.0299585 0.0244948 0.00681681
6 0.101625 0.81448 0.0116771 0.0178228 0.00671567
8 0.340844 0.819509 0.0161306 0.0199978 0.00655839
6 0.257254 0.813901 0.013672 0.00943998 0.00654494
1 0.0883478 0.762596 0.011612 0.0176745 0.00632149
6 0.269871 0.811887 0.0180016 0.0113934 0.00631407
4 0.806998 0.824482 0.0344257 0.0445516 0.00612374
7 0.15317 0.775896 0.00832834 0.0136808 0.00604828
4 0.863256 0.801772 0.0475991 0.0259311 0.00603017
4 0.539065 0.800567 0.0412948 0.0203376 0.00595813
4 0.374349 0.802796 0.0189237 0.022683 0.00579735
7 0.0857832 0.781235 0.0101977 0.0160649 0.00575215
4 0.0176717 0.793637 0.0161884 0.0146077 0.0057444
3 0.340844 0.819509 0.0161306 0.0199978 0.00559402
5 0.340875 0.816642 0.0173011 0.0159076 0.00542448
14 0.881598 0.834349 0.0444793 0.0565129 0.00541508
15 0.155341 0.793374 0.0346818 0.0148661 0.00540292
4 0.910033 0.808711 0.0685916 0.0388804 0.00539321
6 0.0828941 0.81634 0.0100737 0.0156513 0.00538793
8 0.335051 0.821336 0.0118856 0.0254697 0.00524268
15 0.262372 0.81448 0.0114411 0.0109897 0.00522929
1 0.00528666 0.791732 0.0101861 0.0136449 0.00517588
4 0.370165 0.801254 0.0124135 0.0199508 0.00515703
6 0.0964589 0.815568 0.0103936 0.0164429 0.00509119
1 0.0454139 0.780694 0.0130671 0.0172204 0.00505925
1 0.00658271 0.735411 0.0131654 0.0349696 0.00488981
1 0.00625952 0.747209 0.012519 0.0175312 0.00486983
1 0.0857407 0.762654 0.0102772 0.0194864 0.00481983
4 0.673562 0.814378 0.0176878 0.0369222 0.00476309
1 0.114333 0.785634 0.0177797 0.010629 0.00475124
1 0.155341 0.793374 0.0346818 0.0148661 0.00472242
14 0.340844 0.819509 0.0161306 0.0199978 0.00462485
6 0.288375 0.811532 0.0238899 0.0129525 0.00460102
8 0.399438 0.818856 0.0256787 0.0208403 0.0044841
14 0.436671 0.817586 0.0203977 0.0258968 0.00444082
1 0.120884 0.776154 0.00926263 0.0185404 0.00439482
4 0.504723 0.815533 0.031911 0.0212176 0.00437591
0 0.0928633 0.826344 0.0116438 0.0206679 0.00436285
4 0.0317431 0.794474 0.0276734 0.0133337 0.00435649
6 0.0421168 0.799792 0.02322 0.0177143 0.00433466
7 0.504552 0.527423 0.0291682 0.0422758 0.00433129
4 0.724076 0.809903 0.0588878 0.0284655 0.00430048
8 0.486936 0.817864 0.0195966 0.0213041 0.00412988
0 0.0828941 0.81634 0.0100737 0.0156513 0.00412521
4 0.235557 0.807174 0.0237703 0.0218197 0.00407315
14 0.423958 0.819032 0.0121175 0.0208371 0.00400558
4 0.154281 0.829758 0.0358491 0.0378912 0.00386813
4 0.920382 0.80232 0.0446779 0.0298209 0.00379151
1 0.806282 0.708052 0.0583893 0.0706188 0.00376907
15 0.0708824 0.78138 0.018059 0.0181005 0.00376458
1 0.147548 0.778117 0.0119896 0.0119477 0.00373307
14 0.483636 0.819339 0.0218819 0.0251151 0.00367652
6 0.340875 0.816642 0.0173011 0.0159076 0.00359288
12 0.355881 0.802814 0.0222769 0.0246302 0.00341016
15 0.310304 0.811767 0.0206656 0.0104447 0.00340704
6 0.215334 0.815924 0.014327 0.0116807 0.00340564
0 0.432675 0.816535 0.0194269 0.0224089 0.0033983
4 0.0915524 0.79344 0.0110014 0.00863503 0.00338443
14 0.53839 0.821457 0.0328926 0.0313121 0.00333733
0 0.0964589 0.815568 0.0103936 0.0164429 0.00332004
6 0.827027 0.801816 0.0542421 0.0285319 0.00331242
5 0.337277 0.814251 0.0179014 0.0151494 0.00330395
6 0.0563213 0.795135 0.0168493 0.0206725 0.00329993
4 0.938127 0.807925 0.0213487 0.0271712 0.0032982
6 0.235064 0.813963 0.0216929 0.0134978 0.00327986
6 0.0317431 0.794474 0.0276734 0.0133337 0.00325366
1 0.811822 0.697096 0.0354891 0.0703299 0.00322608
6 0.0394176 0.807859 0.0216712 0.0178893 0.00321417
6 0.310304 0.811767 0.0206656 0.0104447 0.00321035
15 0.170408 0.834765 0.0259873 0.0605834 0.0032026
3 0.335051 0.821336 0.0118856 0.0254697 0.0031821
4 0.335051 0.821336 0.0118856 0.0254697 0.00316499
6 0.355881 0.802814 0.0222769 0.0246302 0.00315177
0 0.439005 0.815394 0.0220914 0.0237216 0.00312524
4 0.795365 0.818616 0.0393191 0.0413847 0.00307499
2 0.377643 0.592175 0.00729663 0.0162561 0.00303212
6 0.193395 0.817887 0.0132732 0.0154803 0.00302198
14 0.854034 0.825078 0.0427236 0.0487406 0.00298077
4 0.757 0.795572 0.0484524 0.0330559 0.00295736
6 0.109753 0.797647 0.0224352 0.015779 0.0029242
6 0.114868 0.796282 0.026701 0.0145624 0.00289436
4 0.714651 0.800542 0.0344175 0.018792 0.00284726
0 0.576589 0.799907 0.0135288 0.0280436 0.00283376
14 0.490932 0.819778 0.0123673 0.0238835 0.0027809
8 0.490932 0.819778 0.0123673 0.0238835 0.00276357
1 0.00835523 0.78795 0.0132623 0.0141007 0.00274902
6 0.0435775 0.808166 0.0186293 0.0155644 0.00272034
8 0.171755 0.83657 0.0236448 0.0627569 0.00269554
8 0.0928633 0.826344 0.0116438 0.0206679 0.00269081
15 0.193395 0.817887 0.0132732 0.0154803 0.00268867
14 0.821513 0.834853 0.0412051 0.0410364 0.00263125
6 0.211659 0.816223 0.0135432 0.0121274 0.00261677
0 0.393814 0.815708 0.0202247 0.0217497 0.00257746
4 0.129245 0.795931 0.0138491 0.0100455 0.00257589
2 0.505749 0.481221 0.0271932 0.0411504 0.00257585
4 0.522136 0.800726 0.0104199 0.0189721 0.00256915
6 0.910626 0.826204 0.0689373 0.0666029 0.00255631
1 0.114868 0.796282 0.026701 0.0145624 0.00253249
14 0.394096 0.818483 0.0184662 0.0213668 0.00253176
0 0.492926 0.8141 0.00957529 0.0155849 0.00243568
6 0.0915524 0.79344 0.0110014 0.00863503 0.0024281
7 0.147548 0.778117 0.0119896 0.0119477 0.00241487
4 0.547458 0.80659 0.0273196 0.0207175 0.00240646
0 0.340844 0.819509 0.0161306 0.0199978 0.00239107
0 0.490932 0.819778 0.0123673 0.0238835 0.00237892
12 0.335297 0.802001 0.0179629 0.0212375 0.00234093
6 0.549579 0.794866 0.0524468 0.0377977 0.00233835
0 0.0995427 0.831191 0.0152151 0.0285795 0.00232633
1 0.00441873 0.779979 0.00883747 0.0159372 0.00232269
5 0.393814 0.815708 0.0202247 0.0217497 0.00231586
12 0.0710088 0.78182 0.0186498 0.0201245 0.00230465
15 0.114868 0.796282 0.026701 0.0145624 0.00227127
2 0.568303 0.439421 0.021204 0.0338131 0.00225918
19 0.48619 0.137645 0.972379 0.27529 0.00223233
22 0.0420457 0.728328 0.0584761 0.0457818 0.00221504
8 0.492926 0.8141 0.00957529 0.0155849 0.00220821
6 0.129245 0.795931 0.0138491 0.0100455 0.00216329
14 0.701545 0.819216 0.0684248 0.0468555 0.00215445
6 0.344017 0.801757 0.0137274 0.0220982 0.00213999
1 0.0308043 0.781266 0.0108917 0.0191569 0.00212587
8 0.854034 0.825078 0.0427236 0.0487406 0.0021247
14 0.654959 0.808828 0.0207188 0.0280242 0.00211402
6 0.369369 0.816129 0.0306026 0.0212507 0.00210011
8 0.843678 0.835074 0.021648 0.0373926 0.0020875
8 0.18501 0.819547 0.0113655 0.01203 0.00208289
15 0.109753 0.797647 0.0224352 0.015779 0.0020816
1 0.817657 0.776721 0.0163661 0.0413366 0.00207966
14 0.86855 0.824778 0.0290125 0.0447724 0.00204479
15 0.101625 0.81448 0.0116771 0.0178228 0.0020405
8 0.436671 0.817586 0.0203977 0.0258968 0.00202059
14 0.805311 0.832426 0.0144855 0.0425766 0.0020149
6 0.0176717 0.793637 0.0161884 0.0146077 0.00200712
6 0.856596 0.813675 0.0475111 0.0327941 0.00199013
0 0.171693 0.835585 0.0233993 0.0615842 0.00198856
15 0.291614 0.801885 0.0149266 0.0207389 0.00197384
4 0.0563213 0.795135 0.0168493 0.0206725 0.00193268
14 0.474955 0.818768 0.0288302 0.0240988 0.00192573
0 0.257254 0.813901 0.013672 0.00943998 0.00192351
15 0.0964589 0.815568 0.0103936 0.0164429 0.00189288
12 0.625614 0.780158 0.016397 0.0239363 0.00186863
8 0.411297 0.816058 0.0287218 0.0201944 0.00182881
2 0.537907 0.439275 0.0152403 0.0259439 0.00181774
0 0.843678 0.835074 0.021648 0.0373926 0.00181263
5 0.82171 0.81822 0.045209 0.0467835 0.0018028
0 0.369369 0.816129 0.0306026 0.0212507 0.00180205
8 0.53533 0.816198 0.032835 0.0250305 0.00178782
15 0.0563213 0.795135 0.0168493 0.0206725 0.00178546
4 0.881598 0.834349 0.0444793 0.0565129 0.00177408
15 0.0317431 0.794474 0.0276734 0.0133337 0.0017624
5 0.912049 0.827139 0.0694558 0.0696636 0.00175241
