4 0.965349 0.869862 0.0671676 0.257098 0.947621
4 0.491205 0.770178 0.158412 0.102332 0.94576
4 0.88613 0.804685 0.150984 0.109602 0.943662
4 0.295498 0.796113 0.239905 0.15408 0.941283
12 0.106561 0.749035 0.210667 0.272586 0.906266
6 0.382757 0.725045 0.134792 0.0800827 0.837552
4 0.858178 0.764036 0.109772 0.0578923 0.408641
4 0.821503 0.769379 0.0486849 0.0541592 0.217499
4 0.869092 0.747042 0.0950828 0.0235504 0.199512
4 0.812439 0.770039 0.0319721 0.0495974 0.19357
14 0.73392 0.771756 0.00920941 0.0236211 0.185567
8 0.807683 0.772864 0.0217003 0.0460394 0.137429
4 0.881945 0.750014 0.0702416 0.0230699 0.0932987
5 0.811768 0.770584 0.0310248 0.0498118 0.0838776
0 0.594813 0.783586 0.0143028 0.074605 0.0789069
2 0.761898 0.637661 0.00655847 0.0143171 0.0554771
5 0.847708 0.768549 0.0987343 0.057827 0.0529044
4 0.365681 0.746615 0.0950506 0.0421562 0.0487735
8 0.816472 0.770522 0.0345656 0.052506 0.0277908
4 0.792735 0.739384 0.0273823 0.0177376 0.0250986
1 0.623219 0.747047 0.0207924 0.0279165 0.0160914
4 0.799444 0.763124 0.0140118 0.0312454 0.0159874
22 0.160814 0.841105 0.0160609 0.0591767 0.0157087
2 0.759272 0.637357 0.00827106 0.0171101 0.0153131
4 0.133351 0.79255 0.0873165 0.121621 0.0126202
6 0.85912 0.769819 0.118944 0.0670095 0.0106664
2 0.101322 0.659575 0.0111442 0.0163809 0.00987308
8 0.799473 0.768185 0.0141109 0.0347336 0.00956579
4 0.788142 0.733189 0.0262692 0.0200295 0.00955877
5 0.821503 0.769379 0.0486849 0.0541592 0.00940631
22 0.59478 0.784647 0.0141295 0.0737204 0.00933149
22 0.73392 0.771756 0.00920941 0.0236211 0.00904263
2 0.762991 0.639612 0.0100359 0.0189458 0.00894266
0 0.799444 0.763124 0.0140118 0.0312454 0.00745055
14 0.740002 0.770501 0.00749292 0.0242276 0.00737789
22 0.165018 0.832113 0.0146065 0.0506293 0.00709335
8 0.801582 0.773323 0.0179019 0.0421688 0.00700959
5 0.865757 0.755871 0.099477 0.0430843 0.00700865
2 0.755359 0.62936 0.00609705 0.0131111 0.00697374
1 0.53858 0.70964 0.0146138 0.0149998 0.00682784
25 0.789586 0.729774 0.025965 0.0246496 0.00681412
24 0.381943 0.725041 0.134396 0.0792399 0.00673567
6 0.578224 0.750413 0.027563 0.0438361 0.00670416
25 0.789773 0.724552 0.0219836 0.0287348 0.00669558
25 0.593848 0.78216 0.015428 0.0754594 0.00646865
6 0.582963 0.770015 0.0409709 0.0778326 0.00619699
8 0.848151 0.770835 0.100705 0.0562802 0.00587886
4 0.807949 0.742413 0.0142664 0.0155632 0.00529157
6 0.86553 0.758952 0.102925 0.0491666 0.00516608
22 0.18676 0.837578 0.0209653 0.0427635 0.00501771
25 0.582963 0.770015 0.0409709 0.0778326 0.00499342
4 0.578224 0.750413 0.027563 0.0438361 0.00495328
22 0.157902 0.861176 0.0271541 0.107077 0.00492225
6 0.398143 0.747081 0.164658 0.108664 0.00483831
23 0.73392 0.771756 0.00920941 0.0236211 0.00454255
0 0.807683 0.772864 0.0217003 0.0460394 0.00397541
14 0.765523 0.767274 0.00828699 0.0213626 0.00393995
8 0.73392 0.771756 0.00920941 0.0236211 0.00390873
7 0.53858 0.70964 0.0146138 0.0149998 0.00380463
6 0.577878 0.739187 0.0281983 0.0274784 0.00359599
0 0.73392 0.771756 0.00920941 0.0236211 0.00342627
4 0.137306 0.793134 0.0768251 0.0722608 0.00333398
25 0.578223 0.745483 0.0277983 0.0371059 0.00324315
4 0.78644 0.751991 0.016142 0.0302389 0.00306769
6 0.814243 0.769843 0.0396663 0.0494292 0.00305026
8 0.590694 0.783717 0.0217821 0.0738891 0.0030233
14 0.644267 0.789148 0.020907 0.0325076 0.00302191
24 0.579526 0.752823 0.0304136 0.0456477 0.00289159
22 0.16796 0.863989 0.0220199 0.115464 0.00287215
4 0.747683 0.764698 0.0102776 0.0229951 0.00286027
6 0.491559 0.769274 0.157896 0.102194 0.00280782
22 0.182178 0.833716 0.0234067 0.0501412 0.00279407
5 0.862703 0.776467 0.108992 0.0854151 0.0027892
4 0.375983 0.755101 0.0767879 0.0506248 0.00276169
25 0.807949 0.742413 0.0142664 0.0155632 0.00275869
4 0.580062 0.764954 0.0251816 0.0323692 0.00273149
1 0.791544 0.720789 0.0236815 0.0315027 0.0026314
7 0.733959 0.771477 0.00925513 0.0243848 0.00255432
14 0.636879 0.793127 0.0187911 0.024009 0.00247507
25 0.797361 0.725264 0.0357341 0.0331141 0.0023624
4 0.816553 0.742508 0.0238053 0.0172485 0.00235189
4 0.35271 0.736308 0.0968721 0.0306729 0.00224041
5 0.578224 0.750413 0.027563 0.0438361 0.00214815
2 0.346923 0.599866 0.00921518 0.0168757 0.00214758
4 0.792962 0.77111 0.0209108 0.0332312 0.00209018
4 0.316711 0.733449 0.10081 0.0378308 0.00202166
2 0.573757 0.45533 0.0114043 0.0223123 0.00200435
14 0.714239 0.78382 0.0131666 0.0193348 0.00197056
4 0.852019 0.741815 0.0754564 0.0212042 0.00195692
2 0.0975781 0.66018 0.0150477 0.0166772 0.00195394
6 0.593848 0.78216 0.015428 0.0754594 0.00194917
14 0.583782 0.780017 0.0269952 0.0629721 0.0019355
4 0.7888 0.725007 0.0247404 0.0301453 0.00174357
42 0.789586 0.729774 0.025965 0.0246496 0.00174138
6 0.792735 0.739384 0.0273823 0.0177376 0.00169826
0 0.807949 0.742413 0.0142664 0.0155632 0.0016718
1 0.789586 0.729774 0.025965 0.0246496 0.00163654
22 0.740002 0.770501 0.00749292 0.0242276 0.00161588
23 0.59478 0.784647 0.0141295 0.0737204 0.00159529
4 0.0878533 0.797574 0.174889 0.133872 0.00158572
12 0.623219 0.747047 0.0207924 0.0279165 0.00158447
4 0.862455 0.793625 0.119338 0.0940909 0.00158373
3 0.807683 0.772864 0.0217003 0.0460394 0.00154652
2 0.0411488 0.472705 0.00844535 0.0146174 0.00150341
4 0.29423 0.719996 0.0410805 0.0095425 0.0014231
2 0.789944 0.643012 0.00661664 0.0094137 0.00142138
2 0.746777 0.62592 0.00827063 0.00817926 0.00142049
4 0.406587 0.766246 0.0152956 0.0259044 0.00140095
24 0.593848 0.78216 0.015428 0.0754594 0.00139457
2 0.363188 0.590638 0.0107612 0.0110621 0.00139016
1 0.03875 0.655875 0.0190363 0.0145887 0.00138143
5 0.799473 0.768185 0.0141109 0.0347336 0.0013785
0 0.597662 0.78582 0.0181061 0.0608797 0.0013641
14 0.750379 0.767359 0.0107616 0.0202983 0.00136275
14 0.72239 0.77634 0.0132764 0.0233511 0.00134822
4 0.401188 0.757037 0.0213329 0.0242911 0.00134408
8 0.792962 0.77111 0.0209108 0.0332312 0.00134187
2 0.58221 0.548783 0.011697 0.0242595 0.00132357
4 0.4223 0.749375 0.0150529 0.0219179 0.00128187
2 0.763297 0.629267 0.0101428 0.0130199 0.00127494
14 0.623219 0.747047 0.0207924 0.0279165 0.00126088
0 0.765523 0.767274 0.00828699 0.0213626 0.00126064
4 0.157482 0.788773 0.117431 0.122487 0.00123884
2 0.785359 0.635516 0.00936627 0.0158491 0.00122625
22 0.750379 0.767359 0.0107616 0.0202983 0.00121214
0 0.814243 0.769843 0.0396663 0.0494292 0.00120925
14 0.590694 0.783717 0.0217821 0.0738891 0.0012045
4 0.44428 0.740868 0.0529155 0.0370382 0.00119666
5 0.801582 0.773323 0.0179019 0.0421688 0.00119027
6 0.852019 0.741815 0.0754564 0.0212042 0.00118875
6 0.470421 0.722471 0.315501 0.166125 0.00118627
7 0.990971 0.0485049 0.0162259 0.0969545 0.00117027
4 0.781558 0.734967 0.0298278 0.0178317 0.00116989
0 0.801582 0.773323 0.0179019 0.0421688 0.00115877
4 0.590694 0.783717 0.0217821 0.0738891 0.00115456
15 0.577878 0.739187 0.0281983 0.0274784 0.00112549
4 0.582963 0.770015 0.0409709 0.0778326 0.00108505
6 0.789586 0.729774 0.025965 0.0246496 0.00107902
2 0.363195 0.598395 0.0107084 0.0143667 0.00107085
5 0.379014 0.724035 0.124486 0.0791682 0.00106166
6 0.365681 0.746615 0.0950506 0.0421562 0.00105256
6 0.864807 0.71931 0.0977976 0.0684988 0.00104163
42 0.807949 0.742413 0.0142664 0.0155632 0.00104016
23 0.740002 0.770501 0.00749292 0.0242276 0.00102608
0 0.295494 0.795698 0.239018 0.153346 0.00102326
14 0.762417 0.77405 0.00813562 0.0191099 0.00101947
22 0.165525 0.822375 0.0118971 0.0342274 0.00100566
4 0.533338 0.759128 0.0789801 0.0839802 0.00100521
