8 0.89164 0.625497 0.120518 0.229019 0.954622
23 0.559334 0.601527 0.0483497 0.139566 0.92236
22 0.979778 0.570639 0.0386827 0.135482 0.891069
22 0.7329 0.491036 0.0179199 0.0720543 0.84192
22 0.798071 0.494424 0.0271151 0.0757609 0.815462
22 0.831921 0.493318 0.0215972 0.0843418 0.713377
22 0.669439 0.485251 0.0236773 0.0749265 0.680883
22 0.642518 0.484135 0.0131361 0.0689733 0.587662
22 0.662682 0.483946 0.0221169 0.0692779 0.0929267
8 0.864225 0.615765 0.0646256 0.190563 0.0642776
10 0.943137 0.182022 0.0170802 0.0973421 0.0246543
10 0.850094 0.165217 0.0115506 0.0976717 0.0221207
10 0.837655 0.168718 0.0172856 0.103361 0.0215409
10 0.958763 0.211161 0.0170185 0.0380486 0.0170815
10 0.832859 0.168624 0.0224746 0.0994794 0.0161549
1 0.74775 0.379531 0.0260318 0.0339151 0.0147627
10 0.914484 0.189866 0.0266658 0.145088 0.0108911
10 0.967408 0.209052 0.012855 0.0450211 0.0099534
14 0.558805 0.601916 0.0476559 0.139181 0.00951184
10 0.965321 0.206438 0.0209394 0.0477249 0.00875248
19 0.520395 0.799548 0.959209 0.329689 0.00866111
22 0.638006 0.483326 0.015308 0.071654 0.00789154
22 0.559189 0.600978 0.0475197 0.139434 0.0077273
0 0.6436 0.485413 0.0160107 0.0589095 0.00666983
10 0.970985 0.213026 0.00893054 0.0393302 0.00626926
16 0.558805 0.601916 0.0476559 0.139181 0.00622299
1 0.669101 0.484287 0.0237005 0.0716178 0.00604508
4 0.642442 0.483976 0.0140297 0.0690602 0.00522746
1 0.642518 0.484135 0.0131361 0.0689733 0.00499768
1 0.831921 0.493318 0.0215972 0.0843418 0.00400326
10 0.979918 0.207491 0.0200366 0.0424592 0.0039642
22 0.990037 0.503738 0.0142115 0.0396767 0.00394143
10 0.979778 0.570639 0.0386827 0.135482 0.00348772
10 0.980643 0.0301732 0.0113523 0.0330569 0.00335167
10 0.99416 0.184746 0.00940765 0.0965964 0.00320385
22 0.720973 0.489318 0.0143575 0.0592095 0.00316295
22 0.987197 0.508714 0.0193983 0.0458328 0.00302655
14 0.6436 0.485413 0.0160107 0.0589095 0.00276437
10 0.91441 0.176941 0.0200176 0.114209 0.00269808
10 0.974834 0.0269011 0.0158295 0.0386912 0.00186157
13 0.909788 0.594771 0.074084 0.0623892 0.00159356
10 0.822412 0.16747 0.0212137 0.103585 0.00157229
10 0.961492 0.185327 0.0244158 0.0932688 0.00146415
22 0.657356 0.484245 0.0128867 0.070075 0.00145468
10 0.988719 0.182548 0.0153055 0.101167 0.00127208
0 0.558805 0.601916 0.0476559 0.139181 0.00126615
13 0.907803 0.602014 0.0804908 0.164109 0.00125714
10 0.981289 0.217057 0.0181591 0.0275263 0.00120953
26 0.559189 0.600978 0.0475197 0.139434 0.00116449
18 0.6436 0.485413 0.0160107 0.0589095 0.00116432
10 0.821881 0.197975 0.0149927 0.0412057 0.0011598
23 0.7329 0.491036 0.0179199 0.0720543 0.00112007
19 0.6436 0.485413 0.0160107 0.0589095 0.00104872
8 0.6436 0.485413 0.0160107 0.0589095 0.00103835
22 0.983284 0.522934 0.0189656 0.0628423 0.00101012
