4 0.637252 0.792679 0.13784 0.215302 0.944966
4 0.412328 0.791682 0.0199989 0.0251275 0.856155
4 0.450582 0.79154 0.0204699 0.0250035 0.81995
1 0.429296 0.727408 0.0287261 0.0270091 0.0776759
1 0.390268 0.728458 0.0286046 0.026256 0.0756587
4 0.433824 0.789287 0.0134771 0.0136058 0.0669482
1 0.413331 0.728641 0.0611516 0.0305743 0.0641432
1 0.383762 0.72664 0.0163419 0.0217683 0.0391271
1 0.399757 0.729401 0.0463122 0.031503 0.0303959
4 0.38679 0.788337 0.00911536 0.0191114 0.0204717
4 0.439708 0.790695 0.0128373 0.0210193 0.0172776
4 0.393131 0.7879 0.0133058 0.0176836 0.0170255
1 0.394432 0.733062 0.0309647 0.027525 0.0115596
1 0.373227 0.727671 0.0130821 0.0205058 0.0061311
4 0.48748 0.786965 0.00969287 0.0130123 0.00597864
4 0.463715 0.787473 0.0111102 0.0120264 0.00583598
1 0.367487 0.723093 0.0139898 0.0142748 0.0057722
1 0.382928 0.757587 0.00920816 0.0151641 0.00566857
1 0.390003 0.752173 0.0120623 0.00922547 0.00525693
6 0.450766 0.791841 0.0201984 0.0246402 0.00365856
4 0.489404 0.788159 0.010533 0.0118294 0.00332683
4 0.385271 0.792354 0.00929694 0.0125655 0.003183
19 0.497129 0.221025 0.965551 0.44205 0.00277726
1 0.42419 0.730539 0.0394974 0.0318453 0.00260966
4 0.430942 0.782303 0.00780664 0.0192439 0.00259507
1 0.360372 0.722526 0.0209968 0.0132064 0.00230441
1 0.448749 0.723852 0.0182801 0.0219278 0.00212928
4 0.38615 0.802346 0.0112048 0.0223969 0.00210152
4 0.479917 0.788269 0.016373 0.0131199 0.00190272
4 0.393336 0.780442 0.00768518 0.0160149 0.0015752
4 0.704441 0.795339 0.00890253 0.0502547 0.00146856
4 0.704685 0.811291 0.00789868 0.0365179 0.0013149
1 0.382463 0.776587 0.00841455 0.0227102 0.00114348
4 0.705041 0.82169 0.00867407 0.0323529 0.00104872
6 0.412736 0.791015 0.0214893 0.0244217 0.00104401
