4 0.713459 0.830731 0.216874 0.22022 0.922241
1 0.669133 0.643585 0.0458214 0.1344 0.914496
1 0.288107 0.562541 0.0709104 0.0740933 0.883342
4 0.470045 0.74722 0.0412384 0.0528613 0.853505
4 0.518961 0.761348 0.0491074 0.0634342 0.831001
4 0.427659 0.740558 0.0304695 0.0395033 0.751932
1 0.457013 0.709762 0.015861 0.0410452 0.670379
1 0.272536 0.651266 0.0494438 0.0478745 0.569982
7 0.526117 0.494489 0.0182248 0.043118 0.527733
1 0.218143 0.564757 0.0689063 0.0669828 0.324915
1 0.75671 0.719001 0.00887079 0.0224299 0.32177
7 0.585845 0.497376 0.0174558 0.0295424 0.298797
7 0.555258 0.492403 0.0245181 0.0434797 0.230577
1 0.269231 0.673417 0.0243629 0.0202661 0.199045
7 0.507654 0.498256 0.0156924 0.0460576 0.188947
7 0.585669 0.48548 0.0185768 0.0516851 0.11498
7 0.555574 0.502206 0.022759 0.0436753 0.110513
1 0.272303 0.660845 0.0440007 0.0378994 0.077603
1 0.179265 0.641984 0.0222123 0.043405 0.0603759
7 0.538019 0.487331 0.0127156 0.0347007 0.0595614
2 0.666028 0.409073 0.00660523 0.0158586 0.0566813
7 0.53092 0.493532 0.0196375 0.0504078 0.0520279
7 0.544702 0.492747 0.0235467 0.0462155 0.0509571
2 0.67536 0.404741 0.020501 0.020664 0.044453
4 0.31641 0.743579 0.0803402 0.088437 0.0443651
7 0.58544 0.500536 0.0165439 0.0479914 0.0432731
7 0.291077 0.510359 0.0189112 0.0320339 0.0431543
4 0.371707 0.741659 0.036875 0.0443361 0.0424228
7 0.551076 0.496411 0.0227311 0.0536186 0.0344597
1 0.700652 0.69065 0.01613 0.0576606 0.0271203
1 0.219847 0.67243 0.0159032 0.0182328 0.0268864
1 0.287134 0.490504 0.0751944 0.0520607 0.0265529
7 0.525348 0.505412 0.0221323 0.0582886 0.0225546
7 0.565542 0.48364 0.0165666 0.0279335 0.0219099
4 0.496842 0.750541 0.0140537 0.0336176 0.0216205
2 0.660731 0.40892 0.0105225 0.0164169 0.0206481
4 0.30998 0.756546 0.059699 0.0751599 0.0200082
2 0.664269 0.406192 0.00906659 0.0190168 0.018417
1 0.611842 0.435724 0.0220078 0.0506055 0.0176678
1 0.291077 0.510359 0.0189112 0.0320339 0.0158319
4 0.799363 0.75364 0.0595893 0.0728151 0.0142733
7 0.563966 0.491577 0.0213668 0.0397552 0.0130357
4 0.315891 0.729336 0.0680495 0.0694983 0.0125387
1 0.231134 0.572212 0.0828651 0.0608368 0.0121904
4 0.363089 0.742918 0.0513451 0.0596558 0.0117612
7 0.555605 0.514669 0.0222503 0.0345998 0.0108322
2 0.667333 0.473449 0.0103053 0.0119303 0.0106152
1 0.62774 0.73727 0.00889429 0.0160638 0.0105433
2 0.639547 0.459524 0.0135696 0.0214655 0.00961405
1 0.296005 0.51065 0.03327 0.0306412 0.00930827
12 0.457013 0.709762 0.015861 0.0410452 0.00921081
1 0.286899 0.508141 0.0742516 0.0838543 0.00820161
7 0.510852 0.505624 0.0187673 0.0518363 0.00767614
4 0.336211 0.741954 0.0518856 0.0653811 0.00701095
1 0.709748 0.704492 0.016948 0.0364579 0.00693924
6 0.799607 0.751556 0.0605367 0.0682354 0.00654986
4 0.453165 0.746321 0.014661 0.0386992 0.00631408
7 0.587013 0.507802 0.0128759 0.048182 0.00608391
1 0.270449 0.690699 0.0207427 0.0247857 0.00554947
2 0.676435 0.354916 0.0113414 0.0138777 0.00521155
7 0.496965 0.507185 0.012514 0.0355079 0.00520908
1 0.274092 0.637146 0.0536076 0.0616041 0.00495978
4 0.490132 0.745982 0.0189233 0.0376325 0.00492448
7 0.29753 0.510735 0.0354633 0.0332454 0.00478389
1 0.278523 0.694762 0.0116513 0.020002 0.00440375
1 0.281203 0.607614 0.0341741 0.0207499 0.00429314
4 0.402379 0.743971 0.0229543 0.031206 0.00416553
2 0.273997 0.339977 0.0182385 0.0149253 0.00416504
1 0.263524 0.584932 0.0272569 0.0382804 0.00410014
1 0.177665 0.608688 0.0167642 0.0248057 0.00399391
7 0.429779 0.583061 0.0108407 0.0168103 0.00384805
7 0.528165 0.483459 0.019751 0.063402 0.00373421
1 0.585845 0.497376 0.0174558 0.0295424 0.00370779
0 0.799625 0.748655 0.0542238 0.0675728 0.00356469
7 0.364547 0.612407 0.00921759 0.0170407 0.00352232
1 0.217819 0.548059 0.066982 0.0510091 0.00349845
2 0.627681 0.399497 0.00824762 0.012435 0.00348321
0 0.75671 0.719001 0.00887079 0.0224299 0.00344732
4 0.35107 0.749675 0.0308087 0.0632295 0.00338684
7 0.339083 0.616965 0.00999384 0.0218139 0.00335037
1 0.348546 0.701967 0.0144968 0.0314819 0.00318819
1 0.286093 0.514153 0.0611077 0.0243732 0.00317288
2 0.651521 0.381999 0.00864252 0.0118263 0.00316639
1 0.17281 0.607587 0.021779 0.0247294 0.00309766
1 0.672028 0.718256 0.0492378 0.0216376 0.00305413
4 0.397258 0.74579 0.0228236 0.0320653 0.00303079
1 0.749058 0.718901 0.0178087 0.020142 0.00298802
7 0.549268 0.507446 0.0160707 0.0499122 0.00291408
7 0.338352 0.510712 0.010227 0.0239682 0.00286151
4 0.384062 0.740544 0.0453714 0.0415991 0.00276453
1 0.186483 0.640574 0.034111 0.0459953 0.00270477
1 0.231409 0.613553 0.125765 0.101846 0.00260569
1 0.289838 0.602649 0.022622 0.0130085 0.00250078
1 0.253569 0.554715 0.146215 0.0978025 0.00248782
4 0.428553 0.728939 0.0247845 0.024844 0.00245619
1 0.265037 0.644464 0.0479649 0.0357293 0.00241178
7 0.332933 0.509204 0.0150256 0.0301361 0.00233686
4 0.814048 0.757219 0.031798 0.0496132 0.00228138
1 0.332933 0.509204 0.0150256 0.0301361 0.00227074
7 0.336501 0.616846 0.0114709 0.0209237 0.00225099
7 0.344238 0.550619 0.0214768 0.0371294 0.00222545
7 0.587274 0.476403 0.0247801 0.0806691 0.00219267
1 0.184473 0.582911 0.0131723 0.0219042 0.00218509
1 0.190998 0.646931 0.0330128 0.0456482 0.00217977
1 0.895222 0.745032 0.0194791 0.0357148 0.00209894
7 0.336472 0.611799 0.0114164 0.0194315 0.00204498
1 0.712853 0.714848 0.0134048 0.0174495 0.00203403
4 0.324544 0.811775 0.102268 0.21792 0.00199457
1 0.354365 0.702028 0.023325 0.0359321 0.00196842
1 0.456904 0.688477 0.0151672 0.0193514 0.00173594
1 0.709835 0.698312 0.0133672 0.0398701 0.00169727
2 0.673423 0.362278 0.011733 0.0163112 0.00166345
1 0.163998 0.573903 0.024687 0.0573447 0.00163671
2 0.318189 0.487069 0.00915753 0.0162302 0.00162702
1 0.282452 0.48435 0.0661488 0.0245919 0.0015149
4 0.425336 0.757819 0.0368916 0.0722696 0.0015067
1 0.208642 0.663853 0.0340439 0.0326408 0.00147104
1 0.208617 0.672738 0.0250195 0.0189769 0.00140114
1 0.287366 0.538511 0.0734697 0.127863 0.00140099
7 0.493211 0.49317 0.0125098 0.0283045 0.00137284
1 0.610952 0.451597 0.0212271 0.0257781 0.00135304
2 0.672083 0.384494 0.0146627 0.0255163 0.00131591
7 0.335566 0.511488 0.0111779 0.0290489 0.0013138
1 0.45158 0.675079 0.0282618 0.0354466 0.0012717
1 0.150987 0.576847 0.0442909 0.0657566 0.00126381
1 0.181581 0.575179 0.0145098 0.0261562 0.00118694
7 0.661752 0.405835 0.0128904 0.0191838 0.00115675
1 0.264244 0.598527 0.0242773 0.017665 0.00114398
1 0.250969 0.646308 0.0676927 0.035288 0.00114258
4 0.303333 0.719642 0.0373878 0.0529764 0.00114169
7 0.361451 0.612891 0.0123201 0.0205177 0.00113731
4 0.279562 0.73891 0.0229982 0.0370435 0.00112831
1 0.555258 0.492403 0.0245181 0.0434797 0.00111973
1 0.443783 0.671099 0.0264178 0.0297709 0.00111863
2 0.316054 0.481584 0.0102227 0.0171186 0.0011182
4 0.284212 0.748803 0.0307908 0.0483414 0.00110821
15 0.427795 0.740245 0.0309229 0.0387415 0.00107868
2 0.75671 0.719001 0.00887079 0.0224299 0.0010631
4 0.39509 0.757736 0.0308621 0.0499948 0.00105967
5 0.799625 0.748655 0.0542238 0.0675728 0.00105485
7 0.338326 0.522242 0.0104947 0.0172982 0.00103771
1 0.296175 0.510699 0.0541902 0.0359253 0.00103595
1 0.282072 0.672635 0.0289242 0.0269653 0.00102288
