4 0.175662 0.644447 0.0345863 0.0441368 0.6904
22 0.492858 0.896053 0.033529 0.110687 0.546995
22 0.491734 0.919767 0.0319371 0.0618924 0.393087
1 0.437775 0.370419 0.0194696 0.025948 0.261715
2 0.785398 0.573727 0.0260399 0.033415 0.164477
4 0.0459838 0.505338 0.0146918 0.0160783 0.164469
22 0.277623 0.986212 0.00926752 0.0262593 0.154278
4 0.689285 0.495892 0.0163143 0.0148586 0.128898
4 0.621881 0.400066 0.0141526 0.0120078 0.104682
4 0.608191 0.407715 0.0138193 0.0148617 0.09728
4 0.59645 0.412416 0.0228159 0.0190637 0.0935192
4 0.638651 0.406066 0.0138207 0.0127168 0.0870738
4 0.594619 0.432403 0.0182563 0.015729 0.0750959
4 0.0336233 0.512655 0.0259182 0.0121123 0.0729404
5 0.179204 0.58234 0.0212146 0.0279266 0.0725682
4 0.815426 0.628797 0.0461934 0.0185224 0.0697285
4 0.682042 0.498508 0.0183563 0.0159388 0.0692469
1 0.785632 0.573188 0.0253506 0.0319017 0.0657978
4 0.46408 0.514964 0.0402601 0.0263393 0.0657748
4 0.196336 0.572497 0.0136845 0.0188792 0.0587561
4 0.641474 0.409492 0.014851 0.0152265 0.0492644
1 0.410577 0.370066 0.0283072 0.0232078 0.0489547
4 0.616329 0.412556 0.00972644 0.0131656 0.0464457
4 0.627199 0.402627 0.0121312 0.0102859 0.0447566
14 0.179204 0.58234 0.0212146 0.0279266 0.0412979
4 0.597642 0.43452 0.0229692 0.0211776 0.0411087
4 0.468839 0.961603 0.108515 0.0746568 0.0407706
1 0.0614397 0.590149 0.0151736 0.0491578 0.0390971
8 0.196336 0.572497 0.0136845 0.0188792 0.0351422
4 0.212265 0.571012 0.025307 0.0176657 0.034518
2 0.479441 0.354984 0.0124061 0.0123106 0.0295184
4 0.58328 0.516225 0.0198666 0.0197324 0.0294666
4 0.5967 0.407112 0.0211437 0.0181508 0.0279123
4 0.202928 0.572091 0.010686 0.0180378 0.0265197
4 0.673869 0.499244 0.0125762 0.016054 0.0256578
4 0.0367178 0.51109 0.0338054 0.0214539 0.0241363
4 0.025656 0.515317 0.0155007 0.0111267 0.0240079
4 0.635287 0.408879 0.0104908 0.0163377 0.0239601
5 0.176043 0.644352 0.0347029 0.0443094 0.0230517
8 0.179204 0.58234 0.0212146 0.0279266 0.022458
1 0.397891 0.50684 0.0391635 0.0496873 0.0218238
4 0.814665 0.626354 0.0327787 0.0160553 0.0210173
4 0.0284372 0.521307 0.014567 0.0199012 0.0206831
22 0.179081 0.918922 0.0108876 0.0457067 0.0200288
2 0.0459838 0.505338 0.0146918 0.0160783 0.0196198
2 0.608191 0.407715 0.0138193 0.0148617 0.0182323
8 0.202928 0.572091 0.010686 0.0180378 0.0163685
2 0.529497 0.354132 0.00917499 0.0139287 0.0163315
4 0.585922 0.519264 0.0214753 0.0222903 0.0143801
2 0.479244 0.349561 0.00979721 0.015307 0.0132945
4 0.384391 0.379546 0.0225925 0.0138201 0.0132918
2 0.639167 0.404446 0.0128727 0.0126703 0.0130505
8 0.277623 0.986212 0.00926752 0.0262593 0.0127067
22 0.803279 0.77373 0.0310242 0.176753 0.0124081
4 0.688833 0.491052 0.0180245 0.0181763 0.0123234
14 0.196336 0.572497 0.0136845 0.0188792 0.0121634
22 0.526585 0.671721 0.00938995 0.0238632 0.0120511
8 0.491562 0.919761 0.0326404 0.0627121 0.0116823
2 0.627199 0.402627 0.0121312 0.0102859 0.0115704
2 0.814665 0.626354 0.0327787 0.0160553 0.0115224
4 0.178373 0.581062 0.023093 0.0302007 0.0110929
4 0.0370346 0.518222 0.0238062 0.0343452 0.0109668
2 0.641474 0.409492 0.014851 0.0152265 0.0108329
4 0.785632 0.573188 0.0253506 0.0319017 0.0102551
7 0.179081 0.918922 0.0108876 0.0457067 0.0100242
2 0.530079 0.349945 0.00868054 0.0160845 0.00943205
0 0.196336 0.572497 0.0136845 0.0188792 0.00919806
2 0.621881 0.400066 0.0141526 0.0120078 0.00898836
2 0.609875 0.366851 0.00884253 0.018558 0.00859825
0 0.202928 0.572091 0.010686 0.0180378 0.00817029
3 0.179204 0.58234 0.0212146 0.0279266 0.00806353
22 0.530961 0.905373 0.0377666 0.160729 0.0080277
22 0.303283 0.986593 0.0134775 0.0244165 0.00786569
2 0.813489 0.632828 0.0502627 0.0268888 0.00765681
3 0.196336 0.572497 0.0136845 0.0188792 0.00730589
2 0.790901 0.596171 0.0198335 0.0277368 0.00718859
5 0.196336 0.572497 0.0136845 0.0188792 0.00717621
4 0.689378 0.500807 0.0177385 0.0207973 0.0071704
0 0.33126 0.566611 0.00954746 0.0448858 0.00702156
22 0.52036 0.988198 0.0185474 0.020646 0.0069349
4 0.678627 0.501337 0.0121992 0.0188451 0.00682401
4 0.210292 0.567258 0.0203642 0.0214686 0.00641476
8 0.183089 0.577366 0.0212224 0.0265219 0.00634825
6 0.0459838 0.505338 0.0146918 0.0160783 0.00607607
4 0.171947 0.661996 0.0352816 0.0178746 0.00605796
4 0.183089 0.577366 0.0212224 0.0265219 0.00604375
0 0.491562 0.919761 0.0326404 0.0627121 0.00598274
4 0.339614 0.59058 0.0279438 0.0141269 0.00569079
4 0.0244024 0.521541 0.0118514 0.0183867 0.00566258
2 0.48409 0.363978 0.0144815 0.0195674 0.00545452
2 0.59879 0.411063 0.0283374 0.0184911 0.00529186
2 0.485701 0.355431 0.0186466 0.0121261 0.0052222
4 0.810427 0.634088 0.0540458 0.0325246 0.00505233
2 0.783149 0.582223 0.0338646 0.0526905 0.00497925
1 0.41444 0.48202 0.061409 0.148021 0.00493724
12 0.437663 0.370121 0.0196407 0.0266129 0.00463729
12 0.411124 0.369738 0.0299027 0.0250163 0.0045795
6 0.175729 0.644621 0.0358213 0.0450641 0.0045687
3 0.201546 0.576256 0.0123838 0.0200619 0.00452327
0 0.277623 0.986212 0.00926752 0.0262593 0.00451247
2 0.594619 0.432403 0.0182563 0.015729 0.00449988
1 0.59645 0.412416 0.0228159 0.0190637 0.00449841
0 0.265404 0.572468 0.00825906 0.0214094 0.00449326
1 0.0459838 0.505338 0.0146918 0.0160783 0.00441006
3 0.202928 0.572091 0.010686 0.0180378 0.00439104
0 0.201546 0.576256 0.0123838 0.0200619 0.00438974
4 0.691376 0.482793 0.0222299 0.0211155 0.00404234
4 0.805679 0.642568 0.0606179 0.0272599 0.00375516
8 0.689285 0.495892 0.0163143 0.0148586 0.00371124
8 0.303283 0.986593 0.0134775 0.0244165 0.00356236
0 0.689285 0.495892 0.0163143 0.0148586 0.00353205
7 0.390448 0.450522 0.0108308 0.0358657 0.00350707
6 0.621881 0.400066 0.0141526 0.0120078 0.00350693
2 0.839592 0.634836 0.0128377 0.0196027 0.00335554
1 0.609875 0.366851 0.00884253 0.018558 0.00330646
2 0.838471 0.624191 0.0131125 0.0134812 0.003119
4 0.695418 0.496107 0.0256763 0.0214576 0.00309224
6 0.608355 0.404807 0.0133607 0.0136166 0.00307185
22 0.814188 0.777127 0.048279 0.173108 0.00305897
5 0.183089 0.577366 0.0212224 0.0265219 0.00305804
0 0.0454048 0.582033 0.0128571 0.0297409 0.00303437
8 0.201546 0.576256 0.0123838 0.0200619 0.0030256
8 0.321687 0.58132 0.0121297 0.0194334 0.00298986
22 0.524241 0.675347 0.01249 0.025321 0.00298397
2 0.616329 0.412556 0.00972644 0.0131656 0.00296243
14 0.183089 0.577366 0.0212224 0.0265219 0.00290185
22 0.69278 0.675668 0.0122209 0.0151007 0.00282679
0 0.320978 0.571051 0.0121217 0.0385252 0.00278854
2 0.503837 0.35575 0.0073624 0.0107858 0.00277478
8 0.212265 0.571012 0.025307 0.0176657 0.0027084
6 0.178373 0.581062 0.023093 0.0302007 0.00265994
22 0.591607 0.628464 0.0136692 0.0219274 0.00265464
4 0.0189228 0.513842 0.0350289 0.0162055 0.00261041
1 0.463633 0.514592 0.0373764 0.0245749 0.00260256
8 0.210292 0.567258 0.0203642 0.0214686 0.00256619
2 0.5967 0.407112 0.0211437 0.0181508 0.00255077
8 0.689378 0.500807 0.0177385 0.0207973 0.00249126
1 0.491708 0.920101 0.0328443 0.0650591 0.00244648
4 0.332275 0.586794 0.0295971 0.0108486 0.00243617
6 0.59645 0.412416 0.0228159 0.0190637 0.00242084
0 0.390946 0.450195 0.0110204 0.0344761 0.0023599
23 0.179081 0.918922 0.0108876 0.0457067 0.00233751
8 0.266288 0.984938 0.0153123 0.0257483 0.00230974
4 0.897231 0.494631 0.0132336 0.0150776 0.00230488
4 0.562583 0.519526 0.0619987 0.0240258 0.00230351
4 0.569836 0.51558 0.0462723 0.0212948 0.00229219
4 0.192504 0.570611 0.0248235 0.0293697 0.00228575
4 0.915494 0.45984 0.0133849 0.0115197 0.00227823
22 0.291797 0.986372 0.0334625 0.0258249 0.0022473
0 0.689378 0.500807 0.0177385 0.0207973 0.00219587
6 0.81363 0.633158 0.0498765 0.0267337 0.00217281
6 0.607141 0.410462 0.0150381 0.0151524 0.00212564
14 0.202928 0.572091 0.010686 0.0180378 0.00210524
6 0.805679 0.642568 0.0606179 0.0272599 0.00208891
4 0.609911 0.531962 0.0682505 0.0433585 0.00207713
1 0.621881 0.400066 0.0141526 0.0120078 0.00205259
4 0.460862 0.482557 0.0271028 0.0408074 0.00204456
1 0.175729 0.644621 0.0358213 0.0450641 0.00203538
22 0.495873 0.972356 0.0239066 0.0460375 0.00202099
22 0.266288 0.984938 0.0153123 0.0257483 0.00202075
2 0.781053 0.596754 0.0340995 0.0199262 0.00198565
6 0.594619 0.432403 0.0182563 0.015729 0.001982
6 0.814665 0.626354 0.0327787 0.0160553 0.00192069
4 0.35582 0.587422 0.0155372 0.0142962 0.00187797
2 0.635287 0.408879 0.0104908 0.0163377 0.00187594
22 0.474513 0.949725 0.115034 0.0955447 0.00187528
2 0.516507 0.437032 0.0117741 0.015494 0.0018673
8 0.682042 0.498508 0.0183563 0.0159388 0.00185453
4 0.685503 0.482258 0.0167337 0.0211933 0.0018505
7 0.277623 0.986212 0.00926752 0.0262593 0.00184904
0 0.210292 0.567258 0.0203642 0.0214686 0.00180588
18 0.833336 0.604584 0.0194273 0.0201144 0.0017795
0 0.0482884 0.504655 0.016357 0.0137491 0.00176745
1 0.603917 0.377063 0.0122903 0.0119813 0.00176306
22 0.528329 0.984713 0.0473584 0.0286279 0.00175691
2 0.487972 0.349339 0.0195875 0.0150987 0.00175667
2 0.284683 0.493024 0.0106524 0.0234922 0.00175484
4 0.556964 0.521591 0.074705 0.0402176 0.00174595
6 0.0367178 0.51109 0.0338054 0.0214539 0.00173182
2 0.609062 0.359112 0.00937085 0.0160594 0.00172221
2 0.597642 0.43452 0.0229692 0.0211776 0.00168521
3 0.183089 0.577366 0.0212224 0.0265219 0.00167867
22 0.422533 0.96178 0.0135206 0.0353735 0.00167663
2 0.613831 0.35903 0.00987817 0.0204519 0.00165002
4 0.591581 0.497744 0.0213043 0.024622 0.00164918
4 0.619846 0.385374 0.012467 0.0162336 0.0016453
4 0.0486721 0.500891 0.0161476 0.018422 0.00163268
8 0.0482884 0.504655 0.016357 0.0137491 0.00162626
4 0.786633 0.644893 0.0324799 0.0219504 0.00161561
5 0.682042 0.498508 0.0183563 0.0159388 0.00159962
4 0.617695 0.473598 0.0099986 0.0145505 0.00158196
5 0.471107 0.960164 0.111023 0.0785474 0.00157007
22 0.493058 0.959555 0.0231716 0.0440424 0.00155983
3 0.212265 0.571012 0.025307 0.0176657 0.0015444
1 0.384677 0.375926 0.0198663 0.0146758 0.0015351
1 0.194879 0.575567 0.0135924 0.022331 0.00153416
1 0.426574 0.441628 0.00956064 0.0299466 0.00152716
22 0.33126 0.566611 0.00954746 0.0448858 0.00152208
22 0.526468 0.680809 0.012014 0.0379566 0.00151924
5 0.0459838 0.505338 0.0146918 0.0160783 0.00151278
8 0.332275 0.586794 0.0295971 0.0108486 0.00149489
0 0.179204 0.58234 0.0212146 0.0279266 0.00148354
0 0.673869 0.499244 0.0125762 0.016054 0.0014738
0 0.264112 0.568295 0.00785944 0.0277144 0.00147023
22 0.422912 0.95274 0.0130706 0.0349128 0.00144599
6 0.0336233 0.512655 0.0259182 0.0121123 0.00142417
4 0.586216 0.500172 0.0207284 0.0272383 0.00140258
4 0.491562 0.919761 0.0326404 0.0627121 0.001398
1 0.178047 0.583587 0.0206207 0.0271862 0.00139557
15 0.411249 0.369849 0.0299032 0.0244711 0.00139199
1 0.0462445 0.577302 0.011407 0.0289299 0.0013801
1 0.345303 0.596616 0.0149255 0.0182591 0.00137493
1 0.425715 0.488165 0.038132 0.143302 0.00137255
1 0.506928 0.495256 0.00779205 0.0154122 0.00137184
1 0.619846 0.385374 0.012467 0.0162336 0.00132575
6 0.411454 0.370061 0.0293764 0.0242656 0.001317
4 0.607114 0.439804 0.0155163 0.0222445 0.00131322
0 0.682042 0.498508 0.0183563 0.0159388 0.00130343
8 0.673869 0.499244 0.0125762 0.016054 0.00129766
1 0.595852 0.437139 0.0224847 0.0226825 0.00128461
6 0.689285 0.495892 0.0163143 0.0148586 0.00127362
15 0.557318 0.534964 0.076695 0.0567469 0.00127348
1 0.384391 0.379546 0.0225925 0.0138201 0.00127134
1 0.608355 0.404807 0.0133607 0.0136166 0.00125717
5 0.673869 0.499244 0.0125762 0.016054 0.00123889
3 0.210292 0.567258 0.0203642 0.0214686 0.00123093
0 0.183089 0.577366 0.0212224 0.0265219 0.00121798
2 0.650508 0.411033 0.0105937 0.0126536 0.0012075
6 0.504471 0.959662 0.170652 0.0754975 0.00120143
0 0.195017 0.559352 0.0109931 0.0253417 0.0012005
2 0.837861 0.655494 0.0141711 0.0485295 0.00118372
2 0.0726345 0.53585 0.0104514 0.0173755 0.00117646
1 0.202928 0.572091 0.010686 0.0180378 0.00116679
0 0.0459166 0.591586 0.0150293 0.0342309 0.00116578
4 0.625683 0.475843 0.0125822 0.00925184 0.00116154
2 0.8294 0.652196 0.0204189 0.0388962 0.00115857
0 0.342053 0.563727 0.0108462 0.0430561 0.00115678
22 0.685141 0.706973 0.0211313 0.0288255 0.00114724
5 0.202928 0.572091 0.010686 0.0180378 0.00114425
0 0.261377 0.572525 0.0110874 0.0187499 0.00114391
2 0.5216 0.355639 0.0158366 0.0117904 0.00114092
40 0.815426 0.628797 0.0461934 0.0185224 0.00113318
2 0.350871 0.494961 0.0117945 0.024403 0.00112929
2 0.654083 0.609198 0.0113372 0.0175161 0.0011211
1 0.488406 0.420067 0.0113346 0.0254125 0.00111602
14 0.611386 0.583425 0.0129005 0.0313103 0.00111263
5 0.491562 0.919761 0.0326404 0.0627121 0.00111221
0 0.321687 0.58132 0.0121297 0.0194334 0.00109191
8 0.260311 0.984855 0.0196463 0.0266213 0.00108226
2 0.234566 0.498778 0.00829799 0.0159262 0.00107917
4 0.79944 0.612188 0.0137531 0.0202016 0.00107904
60 0.785632 0.573188 0.0253506 0.0319017 0.00107656
8 0.618312 0.582083 0.0113802 0.0280999 0.00106933
4 0.612936 0.508307 0.0745346 0.0362859 0.00106507
22 0.452932 0.965546 0.0743794 0.0668364 0.00105771
14 0.0482884 0.504655 0.016357 0.0137491 0.00105672
1 0.593617 0.382688 0.00710364 0.0187261 0.00105016
8 0.265404 0.572468 0.00825906 0.0214094 0.00104903
6 0.597642 0.43452 0.0229692 0.0211776 0.00103913
8 0.678627 0.501337 0.0121992 0.0188451 0.00103881
4 0.562983 0.504703 0.0583923 0.0323189 0.0010381
4 0.654083 0.609198 0.0113372 0.0175161 0.00103571
1 0.179081 0.918922 0.0108876 0.0457067 0.00103302
6 0.0166973 0.513757 0.0327495 0.0136419 0.00103073
2 0.36954 0.398083 0.00642105 0.0107932 0.00102868
0 0.618122 0.572735 0.0116108 0.0281849 0.00102489
0 0.0612963 0.590832 0.0149282 0.0499714 0.00101548
1 0.365087 0.51293 0.0120334 0.0266319 0.00100997
