4 0.188301 0.705791 0.146522 0.160042 0.952988
4 0.697843 0.715875 0.234141 0.197538 0.949568
4 0.273863 0.69074 0.0644748 0.0852095 0.922615
4 0.0902505 0.681653 0.0530145 0.0615632 0.898746
4 0.0123101 0.69365 0.0246201 0.0911285 0.859993
0 0.460718 0.681494 0.0226682 0.0722127 0.729211
4 0.0344813 0.675039 0.0308532 0.0381681 0.660033
4 0.0751724 0.669265 0.0373104 0.0626708 0.604936
3 0.460724 0.701884 0.0223339 0.0526309 0.42608
4 0.0518997 0.667304 0.0114756 0.0288436 0.300672
2 0.625514 0.364507 0.0112064 0.0186493 0.256498
8 0.460724 0.701884 0.0223339 0.0526309 0.244996
4 0.0521263 0.676776 0.0109161 0.033047 0.228758
1 0.0312685 0.639124 0.0176411 0.0197191 0.199645
6 0.0753685 0.669211 0.0375994 0.0618219 0.161806
4 0.0988986 0.669917 0.0343477 0.0419285 0.147018
1 0.113411 0.634907 0.0105869 0.0208243 0.130384
2 0.625756 0.369214 0.0103286 0.0215633 0.120107
13 0.46609 0.648487 0.0136541 0.0151063 0.10336
4 0.0445902 0.674859 0.0221572 0.040064 0.0812933
4 0.0220575 0.668873 0.0115119 0.0317549 0.0693757
2 0.632547 0.362794 0.0126223 0.0190109 0.0490519
1 0.0309497 0.631513 0.0143895 0.0171736 0.042589
6 0.07788 0.65426 0.0347553 0.0332737 0.0363366
1 0.110935 0.638062 0.0102549 0.023754 0.0348651
2 0.637529 0.35865 0.0132428 0.0149884 0.0324903
1 0.467612 0.632614 0.0152636 0.0221923 0.0255708
4 0.063579 0.674974 0.0187812 0.0496855 0.0245392
6 0.0316244 0.636008 0.0209278 0.0183497 0.024151
4 0.07788 0.65426 0.0347553 0.0332737 0.0215604
6 0.112745 0.634384 0.00886756 0.0228017 0.0163815
6 0.0553356 0.655239 0.00943038 0.027853 0.0153129
6 0.12656 0.662736 0.0522603 0.0884078 0.015307
6 0.045456 0.649395 0.0125369 0.0223706 0.0147164
0 0.46057 0.699631 0.0225403 0.0536589 0.0144136
13 0.461772 0.65514 0.0172429 0.027085 0.0129546
1 0.446162 0.626323 0.0118963 0.0236846 0.0127805
0 0.461772 0.65514 0.0172429 0.027085 0.010931
6 0.125503 0.665754 0.0298405 0.0916656 0.010653
6 0.0518997 0.667304 0.0114756 0.0288436 0.00982582
4 0.0553356 0.655239 0.00943038 0.027853 0.00888434
1 0.400948 0.608383 0.0409549 0.065182 0.00863838
6 0.0339379 0.674951 0.0300469 0.0372154 0.00746111
17 0.46609 0.648487 0.0136541 0.0151063 0.00689567
4 0.0114011 0.682156 0.0228022 0.0455186 0.00660331
6 0.110935 0.638062 0.0102549 0.023754 0.00655082
1 0.378457 0.593292 0.048678 0.060261 0.00651897
6 0.0814815 0.646429 0.0283415 0.0296292 0.00592914
4 0.00702536 0.646455 0.0134746 0.0139568 0.00549232
15 0.0753685 0.669211 0.0375994 0.0618219 0.00513593
1 0.045456 0.649395 0.0125369 0.0223706 0.00501716
6 0.0127215 0.694618 0.0246814 0.0903612 0.00488958
1 0.456818 0.626741 0.0107904 0.0234304 0.00481047
1 0.405015 0.618837 0.025132 0.0489001 0.00480167
1 0.342217 0.593355 0.0234648 0.0473161 0.00468996
6 0.00702536 0.646455 0.0134746 0.0139568 0.00457819
1 0.414925 0.623594 0.0160996 0.0460809 0.00446254
0 0.60711 0.673227 0.0138704 0.0232327 0.00407274
1 0.0172573 0.648334 0.00873824 0.0158727 0.00388806
0 0.0518997 0.667304 0.0114756 0.0288436 0.00387288
4 0.114939 0.679948 0.0132779 0.0404464 0.00380212
1 0.00702536 0.646455 0.0134746 0.0139568 0.0035032
0 0.463452 0.653733 0.0210383 0.0545185 0.00340852
1 0.0411148 0.628746 0.010281 0.0126487 0.00319488
2 0.650794 0.359213 0.014278 0.0192352 0.00317244
6 0.0172573 0.648334 0.00873824 0.0158727 0.00310959
1 0.493221 0.588717 0.0402224 0.0922185 0.00310791
1 0.380624 0.647539 0.00981558 0.0190836 0.00307802
1 0.355293 0.598536 0.013152 0.0429919 0.00301231
1 0.41613 0.61267 0.0259891 0.0574547 0.00296971
6 0.0990074 0.63246 0.015118 0.0215022 0.00268317
6 0.137491 0.664504 0.0472614 0.0792775 0.0026221
17 0.461772 0.65514 0.0172429 0.027085 0.00257891
4 0.46131 0.702933 0.0228722 0.0531379 0.00256759
4 0.117058 0.681383 0.0166415 0.0534227 0.00255494
4 0.0172573 0.648334 0.00873824 0.0158727 0.00251234
1 0.393177 0.575584 0.0702877 0.0854347 0.00247832
0 0.697843 0.715875 0.234141 0.197538 0.00242107
8 0.60711 0.673227 0.0138704 0.0232327 0.00236552
15 0.0553356 0.655239 0.00943038 0.027853 0.00236531
1 0.37095 0.598953 0.0390172 0.0525409 0.00233264
6 0.113153 0.657392 0.0119616 0.0296169 0.00211005
3 0.457258 0.685475 0.0222456 0.067942 0.00210774
6 0.152497 0.666128 0.0868671 0.0989397 0.00207654
6 0.0103191 0.649271 0.0193243 0.0424925 0.00202158
15 0.045456 0.649395 0.0125369 0.0223706 0.00195644
6 0.126795 0.644263 0.0311233 0.0654963 0.00191963
6 0.0220575 0.668873 0.0115119 0.0317549 0.0018921
4 0.045456 0.649395 0.0125369 0.0223706 0.00187839
1 0.416443 0.641485 0.0180863 0.0280133 0.00187835
2 0.697843 0.715875 0.234141 0.197538 0.00185902
15 0.0312685 0.639124 0.0176411 0.0197191 0.00185441
0 0.0521263 0.676776 0.0109161 0.033047 0.00179729
4 0.460579 0.682573 0.0226222 0.0732997 0.0017891
7 0.355293 0.598536 0.013152 0.0429919 0.00173768
1 0.726224 0.621462 0.00936078 0.0103514 0.0016854
9 0.46057 0.699631 0.0225403 0.0536589 0.00161098
22 0.46131 0.702933 0.0228722 0.0531379 0.00159925
1 0.353165 0.621875 0.00813648 0.0292286 0.00158094
7 0.353165 0.621875 0.00813648 0.0292286 0.00156044
3 0.470034 0.69937 0.0381441 0.0511883 0.00153389
14 0.60711 0.673227 0.0138704 0.0232327 0.00150212
1 0.0553356 0.655239 0.00943038 0.027853 0.00149902
12 0.113411 0.634907 0.0105869 0.0208243 0.00144058
1 0.399988 0.614468 0.0271652 0.0526732 0.00143588
6 0.0445902 0.674859 0.0221572 0.040064 0.00140402
4 0.0312685 0.639124 0.0176411 0.0197191 0.00138658
6 0.0730627 0.633091 0.036916 0.0294325 0.00137905
2 0.638187 0.349904 0.0190624 0.0177046 0.0013636
2 0.748518 0.217317 0.0141665 0.0172696 0.00133223
8 0.457258 0.685475 0.0222456 0.067942 0.00132292
15 0.07788 0.65426 0.0347553 0.0332737 0.0013011
5 0.0754128 0.668128 0.0368872 0.0616364 0.00129301
12 0.110935 0.638062 0.0102549 0.023754 0.00128009
1 0.404803 0.647699 0.012192 0.0150101 0.00127913
4 0.113153 0.657392 0.0119616 0.0296169 0.00124432
6 0.0521263 0.676776 0.0109161 0.033047 0.00123747
5 0.46131 0.702933 0.0228722 0.0531379 0.00121949
2 0.622291 0.35006 0.0115844 0.0178689 0.00120438
8 0.612047 0.670012 0.0232875 0.0325119 0.00118819
1 0.0213936 0.631781 0.00784425 0.0179197 0.00117045
7 0.446162 0.626323 0.0118963 0.0236846 0.00115962
13 0.460522 0.681398 0.0225813 0.0723731 0.00112806
4 0.110935 0.638062 0.0102549 0.023754 0.00112445
2 0.632608 0.352137 0.0226983 0.0219999 0.00111266
15 0.00702536 0.646455 0.0134746 0.0139568 0.00110577
42 0.46609 0.648487 0.0136541 0.0151063 0.00107451
7 0.111008 0.633125 0.00986505 0.0221119 0.00105606
7 0.113411 0.634907 0.0105869 0.0208243 0.00104306
1 0.448722 0.644756 0.0151852 0.0226752 0.00102769
6 0.0787775 0.633122 0.0329189 0.043718 0.00100643
6 0.0309497 0.631513 0.0143895 0.0171736 0.00100365
