10 0.695879 0.533412 0.0921235 0.144865 0.898665
44 0.534242 0.571903 0.137538 0.118123 0.813731
44 0.695051 0.576061 0.150604 0.120619 0.739651
27 0.582294 0.028135 0.0986425 0.0562699 0.518719
10 0.531749 0.533069 0.0846871 0.140614 0.411881
10 0.582252 0.0257107 0.100583 0.0506787 0.401236
44 0.580897 0.0265564 0.0984083 0.0531128 0.0539111
19 0.591239 0.691486 0.572454 0.58141 0.030549
27 0.755558 0.0180915 0.104147 0.036183 0.030239
10 0.30581 0.822627 0.0264084 0.110417 0.0246217
45 0.584808 0.0273436 0.104383 0.0526118 0.0175106
27 0.586303 0.0420422 0.108197 0.0565269 0.0113219
56 0.52874 0.532043 0.0913856 0.139371 0.00892668
44 0.755337 0.0180765 0.10453 0.036153 0.00814227
27 0.583509 0.0511947 0.101598 0.0306626 0.0078033
36 0.582801 0.0267151 0.101389 0.0521134 0.00695757
14 0.582801 0.0267151 0.101389 0.0521134 0.0054036
14 0.531033 0.533796 0.0866568 0.141175 0.00525425
27 0.695371 0.53621 0.0911505 0.146753 0.00496968
44 0.38239 0.0992308 0.155809 0.0931224 0.00474655
44 0.586303 0.0420422 0.108197 0.0565269 0.00444015
27 0.695051 0.576061 0.150604 0.120619 0.00390327
44 0.588197 0.0580337 0.118776 0.0537746 0.0038072
44 0.622 0.561015 0.308994 0.156551 0.00350801
44 0.570903 0.115766 0.168928 0.115022 0.0034337
10 0.588197 0.0580337 0.118776 0.0537746 0.00338386
56 0.695529 0.535645 0.092481 0.14814 0.0033704
44 0.583509 0.0511947 0.101598 0.0306626 0.00304623
10 0.586303 0.0420422 0.108197 0.0565269 0.00255518
44 0.363902 0.022241 0.070807 0.0439148 0.00221135
18 0.581966 0.0275156 0.100398 0.0550312 0.0021676
27 0.531033 0.533796 0.0866568 0.141175 0.00207307
26 0.30581 0.822627 0.0264084 0.110417 0.0018644
10 0.749451 0.0213668 0.12745 0.0392552 0.00180895
27 0.588197 0.0580337 0.118776 0.0537746 0.00153405
60 0.754402 0.017655 0.104376 0.03531 0.00148375
10 0.363902 0.022241 0.070807 0.0439148 0.00141845
27 0.566667 0.180238 0.151971 0.121976 0.0014178
44 0.695547 0.533674 0.0921077 0.144862 0.00128379
33 0.694409 0.575936 0.148393 0.117335 0.00118316
