4 0.923155 0.669784 0.15369 0.401409 0.963012
5 0.613146 0.641595 0.0935811 0.175569 0.944573
4 0.803264 0.630914 0.103755 0.110531 0.910192
4 0.547028 0.622869 0.0555386 0.076852 0.88728
8 0.474641 0.698224 0.150524 0.191202 0.883741
0 0.66202 0.627566 0.0196169 0.108982 0.798133
14 0.138395 0.621273 0.0172806 0.0488513 0.794614
0 0.473002 0.650481 0.0567487 0.204163 0.772383
7 0.49992 0.4075 0.0236775 0.0186056 0.725788
6 0.0876973 0.590993 0.0383462 0.0624875 0.582772
4 0.240221 0.602143 0.0506797 0.0670251 0.517231
0 0.516938 0.60904 0.0162863 0.0458104 0.473137
7 0.654094 0.501037 0.0113516 0.048731 0.452001
0 0.0181139 0.598977 0.0183536 0.0576649 0.444988
4 0.48728 0.600716 0.0244492 0.0283013 0.394805
4 0.780319 0.59222 0.0436604 0.0432088 0.365627
0 0.58446 0.625748 0.0351194 0.113354 0.320701
8 0.680447 0.621377 0.018953 0.055122 0.287499
0 0.63084 0.621956 0.0180527 0.0515135 0.286867
7 0.638862 0.49789 0.0148036 0.0446896 0.282109
5 0.170546 0.614356 0.0365849 0.060545 0.270645
4 0.044227 0.599626 0.029303 0.040776 0.269291
4 0.72723 0.607002 0.0459799 0.0470545 0.254323
0 0.680917 0.615067 0.0183294 0.06169 0.249161
5 0.181805 0.615433 0.0407213 0.0612503 0.23902
8 0.700921 0.626424 0.0265102 0.0462738 0.232746
5 0.20536 0.617727 0.0419525 0.0613161 0.230484
8 0.433863 0.633123 0.0255055 0.0575477 0.220801
5 0.0875336 0.590565 0.0381495 0.0599982 0.213457
4 0.505753 0.602969 0.0190036 0.0308671 0.207687
0 0.432638 0.599524 0.012075 0.0274954 0.203724
5 0.239658 0.60258 0.0505767 0.0698519 0.193402
0 0.439498 0.615966 0.0186036 0.0530798 0.189522
14 0.143797 0.619305 0.0227492 0.0498165 0.18797
4 0.725418 0.59631 0.0390541 0.0444329 0.184974
8 0.20536 0.617727 0.0419525 0.0613161 0.184335
8 0.693839 0.623479 0.0376721 0.0512472 0.171246
0 0.415529 0.594806 0.0119778 0.0322417 0.170285
0 0.695666 0.593138 0.0130466 0.0344705 0.167363
0 0.434297 0.620862 0.0186194 0.0485166 0.166346
8 0.763759 0.598891 0.0218168 0.0369287 0.16266
8 0.170546 0.614356 0.0365849 0.060545 0.162253
0 0.629657 0.63749 0.0187786 0.0822816 0.156679
8 0.432893 0.653188 0.0312772 0.0657196 0.15565
14 0.122996 0.60304 0.0110498 0.0363775 0.150238
0 0.443213 0.604661 0.0105269 0.031841 0.148943
8 0.735994 0.60911 0.0419203 0.0397269 0.145395
4 0.381357 0.587114 0.0191076 0.0194375 0.145026
8 0.0448314 0.60008 0.0282334 0.0387113 0.141775
7 0.635265 0.500856 0.0103502 0.0390028 0.141451
8 0.278136 0.605974 0.0193185 0.03913 0.139109
1 0.46312 0.514618 0.0119909 0.0229975 0.137971
0 0.340263 0.584665 0.012928 0.0284237 0.1357
6 0.138127 0.586359 0.0410436 0.0642427 0.130274
0 0.494023 0.664549 0.0433191 0.167104 0.127193
0 0.849767 0.562789 0.0192509 0.0373508 0.125272
5 0.194198 0.616959 0.0287568 0.0599878 0.120473
12 0.812895 0.551571 0.0963798 0.0621708 0.11579
8 0.753613 0.603675 0.016301 0.0328884 0.114106
4 0.526007 0.618038 0.0244596 0.0649967 0.113931
5 0.72723 0.607002 0.0459799 0.0470545 0.11342
5 0.044227 0.599626 0.029303 0.040776 0.109303
14 0.139179 0.619197 0.0269816 0.0415 0.108317
4 0.507454 0.609992 0.0267557 0.0487269 0.10728
5 0.150891 0.615449 0.0331201 0.0564655 0.106527
14 0.133279 0.607764 0.0288969 0.0395494 0.0902727
7 0.64332 0.498498 0.0148498 0.0458668 0.0891856
4 0.787719 0.588227 0.0442957 0.03581 0.0859317
8 0.214068 0.618713 0.0268214 0.0624512 0.0834982
0 0.507454 0.609992 0.0267557 0.0487269 0.0826224
0 0.685048 0.598163 0.0159103 0.0529215 0.0777495
4 0.491656 0.609442 0.0267929 0.0289082 0.0722732
8 0.158828 0.617474 0.0195157 0.0560641 0.0720454
5 0.780749 0.592299 0.0437161 0.0452626 0.070399
4 0.710157 0.593697 0.0258896 0.0378394 0.0690288
0 0.433863 0.633123 0.0255055 0.0575477 0.0673661
8 0.194372 0.616146 0.0292828 0.0598523 0.0669802
8 0.723049 0.612998 0.0589667 0.0575696 0.0662419
4 0.710944 0.587465 0.0197175 0.0290129 0.0653492
5 0.231942 0.611438 0.0280758 0.0532133 0.0651149
0 0.217754 0.617634 0.0236872 0.0583113 0.0648443
0 0.416778 0.588163 0.0123045 0.0226453 0.064245
8 0.295046 0.607842 0.0167232 0.0357727 0.0610954
5 0.138274 0.5849 0.0409198 0.0618066 0.0594111
4 0.087993 0.590395 0.0385295 0.0601685 0.05715
0 0.685746 0.576428 0.0102831 0.0246164 0.0568429
8 0.231942 0.611438 0.0280758 0.0532133 0.056738
2 0.628587 0.472029 0.0101688 0.0171485 0.0562067
0 0.61994 0.61427 0.0338043 0.0476858 0.0547417
5 0.723085 0.589388 0.0387833 0.030614 0.0535767
4 0.483278 0.606006 0.0338343 0.0377994 0.0535096
8 0.695666 0.593138 0.0130466 0.0344705 0.0530627
8 0.701386 0.615056 0.0190082 0.0482485 0.0521756
8 0.426382 0.688143 0.0557304 0.129054 0.0513144
0 0.505753 0.602969 0.0190036 0.0308671 0.0506909
8 0.434297 0.620862 0.0186194 0.0485166 0.0496581
8 0.283826 0.606591 0.0287875 0.0422455 0.0493331
8 0.181805 0.615433 0.0407213 0.0612503 0.0468474
5 0.158828 0.617474 0.0195157 0.0560641 0.0457241
8 0.424084 0.618769 0.0214305 0.0343063 0.0440352
4 0.763759 0.598891 0.0218168 0.0369287 0.043261
4 0.736789 0.608409 0.039707 0.0396596 0.0432223
4 0.517377 0.611339 0.0183442 0.0493429 0.0419541
8 0.139179 0.619197 0.0269816 0.0415 0.0410492
4 0.615299 0.642037 0.0984775 0.175063 0.040109
0 0.60748 0.610936 0.0228063 0.0428429 0.0400645
8 0.271598 0.608558 0.0210353 0.0414704 0.0394322
0 0.430835 0.589208 0.0101532 0.0235855 0.0388579
0 0.122493 0.6095 0.00794027 0.0277678 0.0379977
5 0.710157 0.593697 0.0258896 0.0378394 0.0376545
4 0.387777 0.585492 0.0168087 0.0245313 0.0375924
8 0.0252614 0.59747 0.025743 0.0455348 0.0373631
0 0.610991 0.633286 0.0305917 0.107959 0.0372336
4 0.371433 0.586563 0.0135735 0.0205929 0.0371948
8 0.439498 0.615966 0.0186036 0.0530798 0.0365627
0 0.41636 0.606238 0.0141134 0.0336593 0.0349814
4 0.786409 0.58104 0.0557332 0.0404497 0.0346767
8 0.780187 0.592622 0.0440485 0.0443083 0.0342806
0 0.424084 0.618769 0.0214305 0.0343063 0.0328687
4 0.694652 0.591482 0.0131166 0.0381846 0.0323589
0 0.43485 0.653469 0.030937 0.0622441 0.0323065
5 0.710944 0.587465 0.0197175 0.0290129 0.0314349
0 0.608454 0.623462 0.0239822 0.0650872 0.0313904
0 0.122996 0.60304 0.0110498 0.0363775 0.0310096
7 0.629935 0.49396 0.00889758 0.0334966 0.0305129
0 0.0252614 0.59747 0.025743 0.0455348 0.0302826
4 0.490146 0.589647 0.0161617 0.0237813 0.0302548
0 0.317221 0.583232 0.0118937 0.0299808 0.0299525
0 0.00711784 0.606886 0.0140337 0.0543694 0.0291199
4 0.712995 0.577176 0.013566 0.0228948 0.0284143
6 0.0282234 0.590901 0.0538557 0.0622962 0.0279168
8 0.77077 0.601967 0.037008 0.0468708 0.0276442
0 0.522647 0.622885 0.0222207 0.0696515 0.0273446
0 0.0139985 0.613495 0.0220328 0.0772486 0.0271114
8 0.507454 0.609992 0.0267557 0.0487269 0.0267994
13 0.430835 0.589208 0.0101532 0.0235855 0.0265826
8 0.749626 0.618025 0.012585 0.0364164 0.0264644
5 0.787719 0.588227 0.0442957 0.03581 0.0264164
8 0.122996 0.60304 0.0110498 0.0363775 0.0261556
5 0.138544 0.622308 0.0204511 0.0514519 0.0258767
8 0.239901 0.602553 0.0512498 0.068696 0.0255162
8 0.41636 0.606238 0.0141134 0.0336593 0.0250919
0 0.371433 0.586563 0.0135735 0.0205929 0.0250561
15 0.619198 0.59188 0.0857132 0.0734133 0.0247151
8 0.339964 0.58842 0.0116199 0.0237707 0.0245727
4 0.137627 0.58751 0.0414283 0.0666691 0.0245166
3 0.278136 0.605974 0.0193185 0.03913 0.0245166
3 0.295046 0.607842 0.0167232 0.0357727 0.0244113
8 0.443213 0.604661 0.0105269 0.031841 0.023769
0 0.638517 0.625947 0.0265803 0.0571771 0.0236005
8 0.386686 0.606137 0.0160816 0.0317274 0.0226338
3 0.283826 0.606591 0.0287875 0.0422455 0.0225282
4 0.472854 0.660333 0.0522568 0.17924 0.0221166
4 0.769812 0.585764 0.026113 0.0448763 0.0217913
7 0.657892 0.503762 0.0118705 0.0415538 0.0215993
3 0.753613 0.603675 0.016301 0.0328884 0.021581
0 0.760006 0.591889 0.0148916 0.0402984 0.0211775
8 0.613624 0.656611 0.0937585 0.144815 0.0205801
0 0.646416 0.64546 0.0194325 0.0857993 0.0205217
4 0.733438 0.575459 0.0161986 0.0204831 0.0203762
4 0.274377 0.606264 0.0214666 0.0412557 0.0199722
0 0.360829 0.585616 0.0169619 0.0228719 0.0197965
4 0.504643 0.588775 0.0147358 0.0220822 0.0192622
7 0.663359 0.508003 0.0113962 0.0293653 0.0190367
22 0.0820601 0.640355 0.0197206 0.0323477 0.0189648
4 0.401238 0.586329 0.0166311 0.0224824 0.0188896
4 0.685048 0.598163 0.0159103 0.0529215 0.0187575
1 0.685526 0.558586 0.00891742 0.0231908 0.0186686
4 0.830121 0.573063 0.0172794 0.0180886 0.0186386
8 0.0181023 0.599371 0.0245029 0.0554907 0.0185359
5 0.217754 0.617634 0.0236872 0.0583113 0.0180892
42 0.515692 0.588812 0.0116038 0.0223668 0.0179005
4 0.234116 0.587279 0.0432734 0.0390477 0.017854
0 0.483278 0.606006 0.0338343 0.0377994 0.0177324
2 0.638663 0.47177 0.0110794 0.0160349 0.0176708
4 0.20536 0.617727 0.0419525 0.0613161 0.0174679
0 0.446064 0.590538 0.0118328 0.0266272 0.0174604
4 0.169458 0.614864 0.0361705 0.0579383 0.0173338
42 0.504643 0.588775 0.0147358 0.0220822 0.017153
0 0.701386 0.615056 0.0190082 0.0482485 0.0170019
8 0.225031 0.617724 0.0265037 0.0556136 0.01698
8 0.760006 0.591889 0.0148916 0.0402984 0.0168887
4 0.0226869 0.597025 0.0261834 0.0488932 0.0168089
8 0.310387 0.60282 0.0180152 0.0320498 0.0162613
1 0.176355 0.551083 0.00998679 0.0317018 0.0160737
1 0.173736 0.552981 0.0105659 0.0339671 0.0159489
8 0.432638 0.599524 0.012075 0.0274954 0.0159336
14 0.295046 0.607842 0.0167232 0.0357727 0.0158551
8 0.318251 0.591027 0.0132111 0.0205572 0.0158534
5 0.0252614 0.59747 0.025743 0.0455348 0.0158087
1 0.498049 0.511374 0.0100626 0.0213956 0.0157202
8 0.372701 0.589915 0.00986673 0.0205661 0.0157196
4 0.805727 0.567979 0.100882 0.0801122 0.0156379
8 0.437647 0.674111 0.051036 0.104972 0.0156217
5 0.619198 0.59188 0.0857132 0.0734133 0.015567
8 0.371433 0.586563 0.0135735 0.0205929 0.0151939
5 0.694652 0.591482 0.0131166 0.0381846 0.0151386
0 0.206345 0.617598 0.0412755 0.0607551 0.0149324
22 0.0807055 0.612751 0.0181434 0.0231838 0.0149288
8 0.584416 0.648573 0.0344886 0.106746 0.0148353
0 0.437647 0.674111 0.051036 0.104972 0.0147434
0 0.515692 0.588812 0.0116038 0.0223668 0.0147361
8 0.381357 0.587114 0.0191076 0.0194375 0.0143171
5 0.340263 0.584665 0.012928 0.0284237 0.0142894
0 0.753613 0.603675 0.016301 0.0328884 0.0142582
3 0.318251 0.591027 0.0132111 0.0205572 0.014071
42 0.505753 0.602969 0.0190036 0.0308671 0.0140492
0 0.459833 0.586489 0.0264721 0.0588346 0.0137355
6 0.069545 0.596761 0.0384195 0.0425781 0.0135076
4 0.360829 0.585616 0.0169619 0.0228719 0.0133745
4 0.436508 0.612473 0.0179792 0.046089 0.0133384
4 0.281429 0.588378 0.0180864 0.025675 0.0133273
3 0.763759 0.598891 0.0218168 0.0369287 0.0132705
42 0.48728 0.600716 0.0244492 0.0283013 0.0132472
5 0.0181023 0.599371 0.0245029 0.0554907 0.0130503
2 0.637456 0.491771 0.0124825 0.0361655 0.012986
0 0.619211 0.650351 0.0385792 0.117956 0.0128567
8 0.710157 0.593697 0.0258896 0.0378394 0.0127866
4 0.39326 0.594329 0.0156617 0.0332759 0.0125638
0 0.503475 0.625902 0.0383842 0.0726584 0.0125497
3 0.271598 0.608558 0.0210353 0.0414704 0.0124265
8 0.787719 0.588227 0.0442957 0.03581 0.0123748
0 0.372701 0.589915 0.00986673 0.0205661 0.0123735
14 0.158828 0.617474 0.0195157 0.0560641 0.0123243
13 0.416778 0.588163 0.0123045 0.0226453 0.0122631
8 0.730354 0.599213 0.036489 0.0522244 0.0122577
8 0.493138 0.666822 0.0883881 0.152877 0.0122538
2 0.500235 0.407289 0.0244541 0.0194517 0.0122534
42 0.0172208 0.569789 0.0332301 0.0298287 0.0122478
0 0.158828 0.617474 0.0195157 0.0560641 0.0121362
8 0.336333 0.589245 0.0118817 0.0224767 0.0121336
6 0.113432 0.591207 0.082879 0.0639486 0.0120634
8 0.307298 0.59697 0.0144801 0.0282535 0.0120431
4 0.777617 0.602171 0.0522963 0.0483217 0.0119456
8 0.710944 0.587465 0.0197175 0.0290129 0.0119329
4 0.760006 0.591889 0.0148916 0.0402984 0.0118468
4 0.337482 0.585442 0.0143693 0.0264141 0.0118341
4 0.410217 0.601334 0.0159363 0.0278363 0.0118176
1 0.234023 0.553647 0.00788164 0.0201021 0.0117911
5 0.069545 0.596761 0.0384195 0.0425781 0.0117591
1 0.657892 0.503762 0.0118705 0.0415538 0.0117191
8 0.122493 0.6095 0.00794027 0.0277678 0.0114639
3 0.307298 0.59697 0.0144801 0.0282535 0.0113599
4 0.0141083 0.602194 0.025966 0.0588905 0.0113121
4 0.545066 0.577018 0.0206797 0.0177924 0.0112692
4 0.181805 0.615433 0.0407213 0.0612503 0.011258
8 0.356781 0.589321 0.0107881 0.0216842 0.0111977
6 0.0187599 0.594726 0.0307754 0.0617148 0.0110361
4 0.534201 0.588045 0.0203828 0.0218209 0.0110323
4 0.283826 0.606591 0.0287875 0.0422455 0.0108699
3 0.00711784 0.606886 0.0140337 0.0543694 0.0108491
6 0.0410844 0.598718 0.0335158 0.0431605 0.0108354
3 0.77077 0.601967 0.037008 0.0468708 0.0107211
5 0.507454 0.609992 0.0267557 0.0487269 0.0106987
3 0.157545 0.615913 0.0219285 0.0579256 0.0105765
8 0.360829 0.585616 0.0169619 0.0228719 0.0105416
25 0.817583 0.550821 0.0906677 0.0622365 0.0104691
8 0.712995 0.577176 0.013566 0.0228948 0.0104265
4 0.372701 0.589915 0.00986673 0.0205661 0.0103621
4 0.685746 0.576428 0.0102831 0.0246164 0.0103552
3 0.310387 0.60282 0.0180152 0.0320498 0.0103216
8 0.685048 0.598163 0.0159103 0.0529215 0.0103187
5 0.735994 0.60911 0.0419203 0.0397269 0.0102672
0 0.730354 0.599213 0.036489 0.0522244 0.0102312
0 0.554035 0.621787 0.0457823 0.0772836 0.0101325
8 0.415529 0.594806 0.0119778 0.0322417 0.0100754
7 0.637977 0.505642 0.0106882 0.0448761 0.0100215
8 0.769812 0.585764 0.026113 0.0448763 0.00995385
0 0.769812 0.585764 0.026113 0.0448763 0.00986991
0 0.763759 0.598891 0.0218168 0.0369287 0.00978928
12 0.138127 0.586359 0.0410436 0.0642427 0.00971073
5 0.584906 0.620536 0.0353313 0.111279 0.0096994
1 0.567537 0.575033 0.0224494 0.0221147 0.00952868
3 0.386686 0.606137 0.0160816 0.0317274 0.00948295
8 0.417212 0.672916 0.0364158 0.0954552 0.00938981
4 0.753613 0.603675 0.016301 0.0328884 0.00937455
7 0.464563 0.513721 0.011022 0.0214641 0.00934249
0 0.638388 0.611407 0.0236393 0.0412887 0.00928331
8 0.406198 0.613704 0.0179511 0.0275056 0.00927334
3 0.231942 0.611438 0.0280758 0.0532133 0.00926801
3 0.00781491 0.6441 0.0156298 0.0343786 0.00926556
3 0.755896 0.622581 0.0129114 0.0538693 0.00923235
4 0.069545 0.596761 0.0384195 0.0425781 0.00911513
42 0.588029 0.565078 0.0304316 0.0195229 0.00910794
13 0.432638 0.599524 0.012075 0.0274954 0.00906865
8 0.755896 0.622581 0.0129114 0.0538693 0.00906172
5 0.701019 0.62446 0.0274078 0.0483254 0.0090366
8 0.0807055 0.612751 0.0181434 0.0231838 0.00902557
0 0.502714 0.660603 0.0323534 0.119307 0.00901496
4 0.680917 0.615067 0.0183294 0.06169 0.00897605
5 0.701386 0.615056 0.0190082 0.0482485 0.00894222
8 0.392825 0.613444 0.0169047 0.0287444 0.00886299
8 0.517377 0.611339 0.0183442 0.0493429 0.00874492
4 0.503475 0.625902 0.0383842 0.0726584 0.00847048
3 0.760006 0.591889 0.0148916 0.0402984 0.00846275
0 0.712995 0.577176 0.013566 0.0228948 0.0084349
8 0.522647 0.622885 0.0222207 0.0696515 0.00827924
3 0.424084 0.618769 0.0214305 0.0343063 0.00817091
8 0.138395 0.621273 0.0172806 0.0488513 0.00814468
0 0.308447 0.581908 0.0135501 0.0294392 0.00813693
