4 0.0834469 0.78857 0.166894 0.30868 0.969411
4 0.454 0.773482 0.115488 0.107969 0.920007
6 0.937103 0.77097 0.0821367 0.108634 0.842309
4 0.625267 0.754516 0.0458969 0.0547811 0.820428
4 0.843772 0.760612 0.0303594 0.0435278 0.819655
4 0.986769 0.82598 0.0239407 0.121473 0.813424
4 0.605875 0.7614 0.0167346 0.0568717 0.685817
4 0.691391 0.756394 0.015721 0.0228283 0.647746
4 0.778033 0.753906 0.0191514 0.0252924 0.605644
4 0.811361 0.753614 0.0166287 0.0214709 0.574732
6 0.548485 0.754153 0.100512 0.126752 0.548242
4 0.661972 0.749673 0.0437773 0.0402268 0.504835
6 0.778795 0.751845 0.0189915 0.0273443 0.384372
4 0.795231 0.749094 0.0151954 0.0173906 0.307584
4 0.257963 0.768707 0.0191805 0.0209297 0.28215
5 0.548372 0.753937 0.0999852 0.127459 0.269638
6 0.792307 0.744478 0.0147806 0.0275739 0.257198
4 0.692684 0.752909 0.0227038 0.0256705 0.234581
4 0.722111 0.75035 0.0162548 0.0207508 0.210272
4 0.345566 0.761691 0.0297074 0.0377469 0.206084
4 0.202134 0.771065 0.042252 0.027811 0.19065
4 0.249357 0.76811 0.0219429 0.0215278 0.189333
4 0.704727 0.75092 0.0154743 0.0231053 0.17018
6 0.726068 0.750321 0.0151084 0.0204326 0.168423
6 0.722111 0.75035 0.0162548 0.0207508 0.151198
4 0.726068 0.750321 0.0151084 0.0204326 0.14916
6 0.780443 0.745564 0.0192377 0.0355153 0.132833
6 0.704727 0.75092 0.0154743 0.0231053 0.12328
14 0.296324 0.767984 0.0134492 0.0365703 0.106409
6 0.811642 0.75312 0.0160856 0.0213194 0.102349
6 0.795231 0.749094 0.0151954 0.0173906 0.100299
14 0.345544 0.761589 0.0280898 0.0372546 0.0920541
6 0.882104 0.762273 0.0313371 0.0513128 0.0908706
14 0.876719 0.772896 0.0162188 0.0343958 0.0873593
4 0.680544 0.752518 0.015832 0.0342164 0.0819784
6 0.312473 0.727766 0.101576 0.11271 0.0797995
4 0.715046 0.751049 0.0260115 0.0222217 0.0722949
6 0.662698 0.750617 0.045916 0.0411475 0.0673064
24 0.313256 0.727246 0.100192 0.113598 0.0658837
4 0.937962 0.770837 0.081531 0.109158 0.0545563
1 0.0251008 0.588996 0.0496317 0.0447932 0.0545088
4 0.23263 0.768714 0.0334257 0.0227147 0.042206
5 0.882191 0.762338 0.0285024 0.0544554 0.0353395
4 0.548668 0.754265 0.099079 0.128815 0.0335246
4 0.985977 0.788556 0.020014 0.0481269 0.0318072
4 0.764774 0.748642 0.00871747 0.0132819 0.0300581
4 0.801269 0.754074 0.0110341 0.0230477 0.0293874
4 0.74258 0.751444 0.00711932 0.0105744 0.0280738
2 0.272298 0.608522 0.00951926 0.0096969 0.0274683
4 0.85033 0.761365 0.0254307 0.0415751 0.027302
1 0.471057 0.697442 0.0107292 0.0416842 0.0270247
2 0.198415 0.608266 0.00979347 0.00985226 0.0256013
1 0.520827 0.700626 0.00852679 0.0234442 0.02466
5 0.726068 0.750321 0.0151084 0.0204326 0.0232724
8 0.257963 0.768707 0.0191805 0.0209297 0.0222786
5 0.722111 0.75035 0.0162548 0.0207508 0.0222058
4 0.653588 0.754177 0.0204457 0.0286531 0.021407
14 0.889654 0.770058 0.0124764 0.0474487 0.0210692
6 0.730915 0.750395 0.0138235 0.0170824 0.0203371
4 0.730915 0.750395 0.0138235 0.0170824 0.0196208
1 0.397583 0.666009 0.015296 0.0796773 0.0194461
4 0.228534 0.758802 0.0158616 0.0139395 0.0194381
14 0.879056 0.78244 0.0177469 0.0249805 0.0188349
6 0.844366 0.760454 0.0311879 0.0437929 0.0184221
4 0.988412 0.782603 0.018928 0.0323824 0.0173597
1 0.656577 0.720812 0.0108093 0.0218568 0.0172949
15 0.661805 0.750613 0.0443888 0.0414905 0.0170352
4 0.60208 0.757633 0.0200007 0.059584 0.0169918
6 0.345866 0.726663 0.0351832 0.10928 0.0163454
14 0.310951 0.770594 0.0110017 0.0288269 0.015948
4 0.606034 0.751778 0.02607 0.0503581 0.0152076
1 0.802264 0.722347 0.00956885 0.0134341 0.0150944
5 0.811642 0.75312 0.0160856 0.0213194 0.015089
0 0.184462 0.771274 0.0124071 0.0244306 0.0145636
4 0.184462 0.771274 0.0124071 0.0244306 0.0132175
4 0.882104 0.762273 0.0313371 0.0513128 0.0130631
6 0.808793 0.747615 0.0148693 0.0249681 0.0129739
2 0.157408 0.610016 0.0085739 0.0119735 0.0129214
0 0.873367 0.769906 0.0116008 0.0249092 0.012776
14 0.891529 0.784773 0.0107098 0.0239584 0.0121443
0 0.497066 0.739079 0.0106766 0.0225739 0.0121245
6 0.715046 0.751049 0.0260115 0.0222217 0.0120945
4 0.241095 0.770346 0.0222688 0.0248762 0.0117922
4 0.792307 0.744478 0.0147806 0.0275739 0.011408
1 0.232008 0.610285 0.0102051 0.0146097 0.0111929
4 0.691646 0.74879 0.0154452 0.02749 0.0108842
5 0.778033 0.753906 0.0191514 0.0252924 0.010745
14 0.873367 0.769906 0.0116008 0.0249092 0.0107443
4 0.205545 0.758812 0.0248176 0.0209548 0.0106424
5 0.345566 0.761691 0.0297074 0.0377469 0.0103798
6 0.764227 0.744793 0.00898578 0.0199045 0.0101484
22 0.891529 0.784773 0.0107098 0.0239584 0.0098623
1 0.0883817 0.627713 0.0810102 0.0880646 0.00979582
6 0.814557 0.747889 0.0153265 0.0252693 0.00977445
0 0.514857 0.737171 0.0189623 0.0239115 0.00967603
0 0.508209 0.738076 0.0229776 0.0260284 0.00967582
14 0.883438 0.76414 0.0287617 0.0534465 0.00919899
4 0.813507 0.759623 0.0131207 0.0267699 0.00900105
4 0.764227 0.744793 0.00898578 0.0199045 0.00885741
15 0.811642 0.75312 0.0160856 0.0213194 0.00879317
4 0.74936 0.753835 0.010265 0.0218 0.00813876
5 0.93714 0.771019 0.0823352 0.108866 0.0080736
0 0.31824 0.765825 0.0152609 0.0350044 0.00793996
5 0.704727 0.75092 0.0154743 0.0231053 0.00789563
6 0.296021 0.739967 0.0808839 0.0905263 0.00783875
14 0.316611 0.770412 0.0118911 0.0256176 0.00763607
4 0.75774 0.754293 0.00839246 0.0098697 0.00742932
6 0.764774 0.748642 0.00871747 0.0132819 0.00741303
4 0.510703 0.742019 0.0291391 0.0332637 0.00716316
6 0.74258 0.751444 0.00711932 0.0105744 0.00709224
4 0.514857 0.737171 0.0189623 0.0239115 0.00707373
4 0.884804 0.769914 0.0219799 0.0418064 0.007019
8 0.184462 0.771274 0.0124071 0.0244306 0.00688803
8 0.891529 0.784773 0.0107098 0.0239584 0.00688279
4 0.678105 0.759267 0.0151865 0.0283264 0.006689
6 0.9725 0.783166 0.0467663 0.128246 0.00662962
22 0.879056 0.78244 0.0177469 0.0249805 0.00645505
1 0.889052 0.598367 0.0367034 0.117926 0.00560821
2 0.232008 0.610285 0.0102051 0.0146097 0.00559645
4 0.216305 0.75253 0.00953801 0.0120741 0.00556569
25 0.661805 0.750613 0.0443888 0.0414905 0.0053163
15 0.792307 0.744478 0.0147806 0.0275739 0.00527422
4 0.979991 0.7913 0.0305989 0.0606549 0.0052718
0 0.216305 0.75253 0.00953801 0.0120741 0.00511514
57 0.507018 0.269675 0.951295 0.53935 0.00501102
6 0.86311 0.760633 0.0133979 0.040362 0.00495636
4 0.900077 0.783086 0.0123644 0.0337557 0.00491529
5 0.884804 0.769914 0.0219799 0.0418064 0.00488925
4 0.891192 0.759929 0.0251381 0.037728 0.00473967
4 0.505934 0.744234 0.0204713 0.0311677 0.00462125
8 0.249357 0.76811 0.0219429 0.0215278 0.00457139
0 0.876719 0.772896 0.0162188 0.0343958 0.00456914
1 0.385783 0.668947 0.0116076 0.0775766 0.0045689
7 0.325747 0.647913 0.0117987 0.0495291 0.00445602
2 0.275583 0.607914 0.0115221 0.00843599 0.004281
6 0.889654 0.770058 0.0124764 0.0474487 0.00421172
8 0.606118 0.760162 0.0161252 0.0530219 0.00419884
1 0.318199 0.602774 0.0239035 0.0284387 0.00418225
12 0.883438 0.76414 0.0287617 0.0534465 0.00417925
1 0.759739 0.736912 0.0109873 0.0100306 0.0041407
6 0.691646 0.74879 0.0154452 0.02749 0.00411736
0 0.889654 0.770058 0.0124764 0.0474487 0.00410709
4 0.852496 0.749283 0.0154751 0.0280047 0.00405284
4 0.211085 0.752721 0.0137385 0.0211971 0.00402402
6 0.252223 0.766643 0.0218494 0.0254893 0.00393389
3 0.879056 0.78244 0.0177469 0.0249805 0.00387665
8 0.34598 0.761614 0.0278977 0.0377094 0.00384566
8 0.879056 0.78244 0.0177469 0.0249805 0.00379719
1 0.902378 0.598 0.0619356 0.119185 0.00379243
4 0.891529 0.784773 0.0107098 0.0239584 0.0037478
7 0.0408182 0.523438 0.00845082 0.0311042 0.00372983
22 0.380378 0.766633 0.00727008 0.0310496 0.00369882
6 0.691391 0.756394 0.015721 0.0228283 0.0036788
5 0.510703 0.742019 0.0291391 0.0332637 0.00363446
7 0.656577 0.720812 0.0108093 0.0218568 0.0035994
0 0.811361 0.753614 0.0166287 0.0214709 0.0035942
5 0.257963 0.768707 0.0191805 0.0209297 0.00359129
4 0.780443 0.745564 0.0192377 0.0355153 0.00356993
7 0.232008 0.610285 0.0102051 0.0146097 0.00354243
5 0.661805 0.750613 0.0443888 0.0414905 0.00352395
6 0.202134 0.771065 0.042252 0.027811 0.00343909
1 0.155121 0.736865 0.0121456 0.0195827 0.00342996
25 0.311045 0.727954 0.103833 0.112079 0.00342432
7 0.297009 0.610037 0.00844458 0.0157585 0.0034056
8 0.873367 0.769906 0.0116008 0.0249092 0.00338591
0 0.257963 0.768707 0.0191805 0.0209297 0.00337073
14 0.184462 0.771274 0.0124071 0.0244306 0.00336685
24 0.346012 0.7268 0.0348584 0.110159 0.003324
22 0.873908 0.781341 0.0128469 0.0226967 0.00327883
2 0.297009 0.610037 0.00844458 0.0157585 0.00326379
0 0.316611 0.770412 0.0118911 0.0256176 0.00325959
0 0.310951 0.770594 0.0110017 0.0288269 0.00325649
8 0.873908 0.781341 0.0128469 0.0226967 0.00325013
0 0.891529 0.784773 0.0107098 0.0239584 0.00324992
4 0.598595 0.762845 0.016139 0.0620606 0.00321719
0 0.605793 0.76212 0.0167401 0.055054 0.00317478
4 0.196105 0.776143 0.0302838 0.0314708 0.00314179
19 0.34598 0.761614 0.0278977 0.0377094 0.00313967
2 0.133855 0.596859 0.011178 0.0182686 0.00313904
1 0.425945 0.705523 0.010177 0.0226143 0.00311395
1 0.88423 0.572174 0.0241572 0.0656874 0.00305395
2 0.392145 0.616477 0.00658139 0.0184774 0.00302441
4 0.498473 0.744095 0.0151796 0.0285525 0.00300111
1 0.0267693 0.573893 0.0425626 0.0215553 0.00296123
2 0.377392 0.60415 0.0114949 0.012061 0.00292229
8 0.316611 0.770412 0.0118911 0.0256176 0.00289758
4 0.86311 0.760633 0.0133979 0.040362 0.002873
6 0.884804 0.769914 0.0219799 0.0418064 0.00285796
15 0.780443 0.745564 0.0192377 0.0355153 0.00283523
8 0.811642 0.75312 0.0160856 0.0213194 0.0027992
4 0.185156 0.766202 0.0161945 0.0269102 0.00273433
5 0.201205 0.771515 0.0421288 0.0289435 0.00272241
0 0.86311 0.760633 0.0133979 0.040362 0.00268587
7 0.198415 0.608266 0.00979347 0.00985226 0.00265547
1 0.655119 0.704708 0.0105852 0.0409514 0.0025736
0 0.296324 0.767984 0.0134492 0.0365703 0.00257158
4 0.873367 0.769906 0.0116008 0.0249092 0.00254766
5 0.691391 0.756394 0.015721 0.0228283 0.00253983
6 0.987221 0.826799 0.0241904 0.120341 0.00253044
15 0.795231 0.749094 0.0151954 0.0173906 0.00246354
8 0.884804 0.769914 0.0219799 0.0418064 0.00244051
4 0.835991 0.751317 0.0174663 0.0322315 0.00242074
4 0.814557 0.747889 0.0153265 0.0252693 0.00241563
5 0.606118 0.760162 0.0161252 0.0530219 0.00239837
0 0.795231 0.749094 0.0151954 0.0173906 0.00239698
2 0.980928 0.561844 0.00670239 0.0195519 0.00239231
1 0.877246 0.715597 0.012936 0.0355619 0.00229511
1 0.759501 0.724679 0.00951373 0.017333 0.00228896
6 0.876719 0.772896 0.0162188 0.0343958 0.00225883
42 0.811642 0.75312 0.0160856 0.0213194 0.00223298
15 0.778795 0.751845 0.0189915 0.0273443 0.00221795
4 0.31824 0.765825 0.0152609 0.0350044 0.00220429
15 0.726068 0.750321 0.0151084 0.0204326 0.00205364
57 0.502347 0.128769 0.954758 0.257538 0.00205358
7 0.0214333 0.517559 0.01028 0.0427822 0.00205186
8 0.889654 0.770058 0.0124764 0.0474487 0.00205032
25 0.792307 0.744478 0.0147806 0.0275739 0.00204193
5 0.795231 0.749094 0.0151954 0.0173906 0.00201648
0 0.883438 0.76414 0.0287617 0.0534465 0.00200432
4 0.889654 0.770058 0.0124764 0.0474487 0.0019835
8 0.216305 0.75253 0.00953801 0.0120741 0.00198326
14 0.26068 0.76826 0.0169031 0.022103 0.00198058
8 0.497066 0.739079 0.0106766 0.0225739 0.00193366
2 0.691391 0.756394 0.015721 0.0228283 0.00192323
0 0.303905 0.765774 0.0188196 0.0375692 0.00189896
0 0.525614 0.739322 0.0159664 0.0196564 0.00189835
1 0.455817 0.69663 0.0192599 0.0501218 0.00186928
30 0.232008 0.610285 0.0102051 0.0146097 0.00185883
6 0.624183 0.755164 0.048894 0.0561936 0.00184748
1 0.797655 0.725792 0.0117627 0.0192639 0.00183433
3 0.891529 0.784773 0.0107098 0.0239584 0.00183075
14 0.280944 0.769353 0.012981 0.0282977 0.00181736
5 0.345914 0.728743 0.0355032 0.112014 0.00179933
3 0.873908 0.781341 0.0128469 0.0226967 0.00178649
4 0.403042 0.761428 0.0100957 0.0252883 0.00176389
4 0.988802 0.813689 0.0223969 0.147531 0.00168283
7 0.272298 0.608522 0.00951926 0.0096969 0.00167707
22 0.296324 0.767984 0.0134492 0.0365703 0.00167565
8 0.203491 0.770898 0.042466 0.0254072 0.00166178
4 0.759739 0.736912 0.0109873 0.0100306 0.00165284
7 0.326473 0.626327 0.0114528 0.0107765 0.00164284
4 0.497066 0.739079 0.0106766 0.0225739 0.00163341
6 0.257963 0.768707 0.0191805 0.0209297 0.00162558
0 0.900371 0.778678 0.0117288 0.0430225 0.00161143
3 0.26068 0.76826 0.0169031 0.022103 0.00160869
1 0.316877 0.573263 0.0316768 0.0350703 0.0015977
5 0.889654 0.770058 0.0124764 0.0474487 0.00159218
6 0.852496 0.749283 0.0154751 0.0280047 0.00157827
1 0.614146 0.693159 0.0118551 0.0434605 0.0015744
4 0.791422 0.759351 0.0107845 0.0271056 0.00156636
25 0.663939 0.725397 0.0170377 0.0268997 0.00155445
6 0.692684 0.752909 0.0227038 0.0256705 0.00155132
4 0.171132 0.770723 0.0166339 0.0255224 0.00154947
2 0.980046 0.554056 0.0066662 0.0195028 0.00154894
22 0.316611 0.770412 0.0118911 0.0256176 0.00154894
0 0.722111 0.75035 0.0162548 0.0207508 0.00154389
24 0.674223 0.734637 0.0225529 0.0392752 0.00153911
8 0.508209 0.738076 0.0229776 0.0260284 0.00153571
1 0.316723 0.608232 0.0291284 0.0202967 0.00152913
24 0.663939 0.725397 0.0170377 0.0268997 0.00150217
0 0.764774 0.748642 0.00871747 0.0132819 0.00149703
0 0.704727 0.75092 0.0154743 0.0231053 0.00147125
32 0.345544 0.761589 0.0280898 0.0372546 0.00147058
7 0.471057 0.697442 0.0107292 0.0416842 0.00141721
0 0.498473 0.744095 0.0151796 0.0285525 0.00141526
6 0.873367 0.769906 0.0116008 0.0249092 0.00139493
1 0.316584 0.594809 0.0311344 0.0389639 0.00139338
2 0.132141 0.590759 0.0124558 0.0136779 0.00137068
0 0.792307 0.744478 0.0147806 0.0275739 0.00135744
5 0.876719 0.772896 0.0162188 0.0343958 0.00134924
0 0.879056 0.78244 0.0177469 0.0249805 0.00133377
6 0.60208 0.757633 0.0200007 0.059584 0.0013324
5 0.249357 0.76811 0.0219429 0.0215278 0.00132933
14 0.86311 0.760633 0.0133979 0.040362 0.00132202
4 0.740752 0.744987 0.00858344 0.0196824 0.00131949
0 0.249357 0.76811 0.0219429 0.0215278 0.00130072
0 0.606034 0.751778 0.02607 0.0503581 0.00128583
0 0.691472 0.754446 0.0172742 0.0248963 0.0012599
8 0.813507 0.759623 0.0131207 0.0267699 0.00123581
0 0.185156 0.766202 0.0161945 0.0269102 0.00122807
6 0.740752 0.744987 0.00858344 0.0196824 0.00122779
0 0.808793 0.747615 0.0148693 0.0249681 0.00120615
5 0.844366 0.760454 0.0311879 0.0437929 0.00120419
0 0.664822 0.750111 0.0422813 0.0362623 0.00119055
0 0.183593 0.779725 0.0140727 0.0277906 0.00119009
4 0.384174 0.748233 0.053979 0.0577953 0.00115577
2 0.138353 0.601366 0.0117102 0.0167994 0.00115444
22 0.876719 0.772896 0.0162188 0.0343958 0.00114342
8 0.876719 0.772896 0.0162188 0.0343958 0.00113723
4 0.976039 0.777647 0.0320767 0.0729306 0.0011167
24 0.93714 0.771019 0.0823352 0.108866 0.00109334
6 0.205545 0.758812 0.0248176 0.0209548 0.0010892
8 0.310951 0.770594 0.0110017 0.0288269 0.00108543
8 0.31824 0.765825 0.0152609 0.0350044 0.00108336
7 0.0254784 0.589221 0.0491794 0.0462772 0.00108289
22 0.873367 0.769906 0.0116008 0.0249092 0.00106973
0 0.814557 0.747889 0.0153265 0.0252693 0.00106315
8 0.185156 0.766202 0.0161945 0.0269102 0.00106016
6 0.759739 0.736912 0.0109873 0.0100306 0.0010529
6 0.835991 0.751317 0.0174663 0.0322315 0.00104682
