4 0.868056 0.810083 0.229019 0.273423 0.962202
15 0.437072 0.670941 0.17514 0.198776 0.958422
1 0.605606 0.454301 0.12947 0.111783 0.956327
4 0.281886 0.746435 0.178313 0.189947 0.953266
1 0.844965 0.452975 0.14003 0.112291 0.940255
4 0.636017 0.70515 0.0383164 0.0436242 0.894045
4 0.573972 0.700906 0.0378688 0.0373118 0.829871
4 0.691655 0.653746 0.0194194 0.0262384 0.824724
4 0.656214 0.658661 0.0198267 0.0256496 0.81889
1 0.720824 0.650913 0.0282795 0.0796775 0.809124
4 0.618169 0.657339 0.0234825 0.0214037 0.783585
4 0.675733 0.675011 0.023167 0.0337918 0.668887
4 0.678156 0.645027 0.0133968 0.025196 0.494639
4 0.787688 0.706499 0.0202085 0.0213069 0.470097
6 0.667129 0.623464 0.0193909 0.0334671 0.425829
1 0.60808 0.617094 0.0209788 0.0172042 0.315833
6 0.661644 0.623092 0.0259857 0.0362327 0.292407
4 0.611818 0.641097 0.0147401 0.0198735 0.275842
4 0.63845 0.635462 0.012987 0.0137171 0.231413
1 0.585214 0.619348 0.0104234 0.0187111 0.167709
4 0.626185 0.63501 0.0139297 0.0159552 0.162216
1 0.562908 0.614209 0.0292759 0.029039 0.136659
6 0.637667 0.61737 0.0233819 0.0247032 0.118998
4 0.652054 0.643274 0.0112841 0.0181582 0.115584
2 0.832412 0.529837 0.00615344 0.0120546 0.0993743
6 0.638003 0.635015 0.0222748 0.0168066 0.0922172
1 0.974989 0.657554 0.0181305 0.0364387 0.0758253
1 0.737879 0.658901 0.0123793 0.0594791 0.0752652
4 0.614198 0.636871 0.0173591 0.0185767 0.0709839
6 0.826391 0.620859 0.0393001 0.0266588 0.0664088
2 0.838784 0.527887 0.00830859 0.00828878 0.0637739
4 0.567667 0.658445 0.012273 0.00938742 0.0632529
1 0.82662 0.620516 0.0381119 0.026321 0.0631521
4 0.678929 0.628915 0.00923767 0.0144698 0.0584908
22 0.706694 0.738129 0.0104961 0.0319999 0.0573285
4 0.613666 0.642535 0.0199216 0.0245471 0.0546037
4 0.673252 0.639384 0.0221476 0.0199098 0.0487387
6 0.585214 0.619348 0.0104234 0.0187111 0.048686
4 0.687595 0.630355 0.0127173 0.015436 0.0457973
4 0.582825 0.636219 0.0104455 0.0167506 0.0455782
1 0.608342 0.613678 0.016634 0.0190128 0.0447761
4 0.573331 0.694368 0.0314631 0.0313416 0.0440006
4 0.682258 0.642507 0.0147007 0.0251691 0.0430376
7 0.900929 0.602534 0.00919476 0.0259552 0.0400363
4 0.638003 0.635015 0.0222748 0.0168066 0.0358604
1 0.637908 0.613905 0.0216295 0.0196104 0.0358464
1 0.58803 0.617701 0.0103445 0.0190488 0.0353105
2 0.876728 0.523407 0.00731439 0.0136774 0.034621
6 0.655324 0.615936 0.0166132 0.0470091 0.0322424
1 0.584356 0.613982 0.0109578 0.0201113 0.0297789
22 0.690943 0.73759 0.0148948 0.0369092 0.0294593
15 0.661644 0.623092 0.0259857 0.0362327 0.0277237
4 0.571801 0.649219 0.0211099 0.0157757 0.0275714
22 0.712581 0.736633 0.0119393 0.0353326 0.0272377
4 0.558234 0.685436 0.0102939 0.0149066 0.0266345
6 0.611818 0.641097 0.0147401 0.0198735 0.026572
6 0.63845 0.635462 0.012987 0.0137171 0.0262329
6 0.656674 0.659557 0.0220798 0.0245613 0.0252052
1 0.655324 0.615936 0.0166132 0.0470091 0.0250861
4 0.746938 0.702865 0.0113742 0.0224399 0.0245693
0 0.750148 0.699454 0.0137866 0.0257741 0.0244478
1 0.411248 0.559579 0.0209486 0.0308558 0.0240064
0 0.746938 0.702865 0.0113742 0.0224399 0.023128
4 0.636975 0.626273 0.0239185 0.0270533 0.0224323
4 0.591385 0.637432 0.00492877 0.0108271 0.0223094
6 0.636975 0.626273 0.0239185 0.0270533 0.0217974
6 0.613666 0.642535 0.0199216 0.0245471 0.0216933
2 0.872885 0.523634 0.0101133 0.0128211 0.0213927
15 0.638003 0.635015 0.0222748 0.0168066 0.0209145
8 0.750148 0.699454 0.0137866 0.0257741 0.0204909
8 0.746938 0.702865 0.0113742 0.0224399 0.0201721
6 0.626185 0.63501 0.0139297 0.0159552 0.0195869
6 0.682258 0.642507 0.0147007 0.0251691 0.0190766
4 0.792313 0.706053 0.0347117 0.0366454 0.0188685
1 0.869736 0.664073 0.0104346 0.0188912 0.0187577
15 0.60808 0.617094 0.0209788 0.0172042 0.0187048
1 0.586673 0.630905 0.00838019 0.0156038 0.0183919
4 0.621298 0.618078 0.0103906 0.0131401 0.0178699
1 0.621298 0.618078 0.0103906 0.0131401 0.0176783
1 0.975627 0.670973 0.0148041 0.0167385 0.0175879
1 0.616676 0.613451 0.0113645 0.0185058 0.0169054
6 0.673252 0.639384 0.0221476 0.0199098 0.0167983
15 0.613666 0.642535 0.0199216 0.0245471 0.0162654
2 0.830573 0.539498 0.00284515 0.0175581 0.016
5 0.746938 0.702865 0.0113742 0.0224399 0.0145457
4 0.58523 0.69146 0.01818 0.0253831 0.0136229
2 0.81989 0.533245 0.00540192 0.00864153 0.0136147
15 0.667129 0.623464 0.0193909 0.0334671 0.0135502
15 0.637667 0.61737 0.0233819 0.0247032 0.0131024
4 0.535816 0.685215 0.0112045 0.0143251 0.0126952
2 0.839687 0.547172 0.00731403 0.00907093 0.0125848
4 0.798571 0.701215 0.0186598 0.0284429 0.0121147
4 0.60808 0.617094 0.0209788 0.0172042 0.0118863
1 0.655916 0.60463 0.017022 0.0250187 0.011869
6 0.582825 0.636219 0.0104455 0.0167506 0.0116643
6 0.678156 0.645027 0.0133968 0.025196 0.0116279
4 0.538798 0.684915 0.00994025 0.0129399 0.0115836
6 0.60808 0.617094 0.0209788 0.0172042 0.011547
4 0.585214 0.619348 0.0104234 0.0187111 0.0112641
6 0.562649 0.611827 0.0312634 0.0363175 0.0110338
1 0.567667 0.658445 0.012273 0.00938742 0.0108876
4 0.531684 0.691037 0.0123244 0.0164672 0.0108551
1 0.521577 0.642897 0.0105791 0.0320876 0.0107943
4 0.750148 0.699454 0.0137866 0.0257741 0.0100336
14 0.691646 0.737497 0.0177859 0.0369201 0.00987882
4 0.520868 0.695338 0.00927002 0.0168686 0.00983063
1 0.795862 0.681187 0.00779987 0.0264416 0.00941043
4 0.563711 0.673241 0.0173297 0.013814 0.00938674
1 0.599352 0.618014 0.00842407 0.0133017 0.00925852
4 0.808788 0.695146 0.0455219 0.0435125 0.00906055
6 0.614198 0.636871 0.0173591 0.0185767 0.00904467
1 0.793605 0.667359 0.00760992 0.0401762 0.00881892
15 0.611818 0.641097 0.0147401 0.0198735 0.00878626
1 0.746938 0.702865 0.0113742 0.0224399 0.00875136
15 0.636975 0.626273 0.0239185 0.0270533 0.00858145
7 0.869736 0.664073 0.0104346 0.0188912 0.00857737
2 0.903838 0.530068 0.00778027 0.0166967 0.00825167
6 0.720253 0.65017 0.0289122 0.0817991 0.00817356
4 0.586673 0.630905 0.00838019 0.0156038 0.00797446
1 0.646761 0.623999 0.0202205 0.0289861 0.00792908
6 0.678929 0.628915 0.00923767 0.0144698 0.0079271
4 0.757585 0.702215 0.0156567 0.0197199 0.00777471
4 0.809598 0.708323 0.0650435 0.0728942 0.0076453
6 0.646761 0.623999 0.0202205 0.0289861 0.00749435
1 0.654799 0.59454 0.0143601 0.0182562 0.00734463
1 0.983905 0.662638 0.0207593 0.0258263 0.0069677
8 0.745729 0.707497 0.0107692 0.0188554 0.00693603
2 0.701405 0.601426 0.00834717 0.00752546 0.00684932
1 0.994785 0.649157 0.00674945 0.0288398 0.0068319
2 0.750458 0.512853 0.010287 0.00618854 0.0067817
2 0.803709 0.532169 0.00842938 0.00810275 0.00676022
4 0.637667 0.61737 0.0233819 0.0247032 0.00661425
15 0.646761 0.623999 0.0202205 0.0289861 0.00648229
1 0.667606 0.619671 0.0163672 0.0312067 0.00636579
15 0.608342 0.613678 0.016634 0.0190128 0.00634065
15 0.567667 0.658445 0.012273 0.00938742 0.00632961
1 0.917491 0.646484 0.0147031 0.018617 0.00612042
7 0.956194 0.649027 0.00908807 0.0165547 0.00611184
15 0.585214 0.619348 0.0104234 0.0187111 0.0059862
2 0.747142 0.512451 0.00920526 0.00704922 0.0059742
4 0.993835 0.714448 0.00801672 0.023032 0.00597114
4 0.646272 0.655004 0.0104707 0.0195571 0.00571897
1 0.994743 0.676432 0.00697937 0.0279846 0.00564522
6 0.811473 0.684383 0.0358288 0.02241 0.00558101
1 0.956194 0.649027 0.00908807 0.0165547 0.00557364
1 0.994346 0.664836 0.00750378 0.0171627 0.00556234
6 0.676624 0.667843 0.0236883 0.0378858 0.00548175
22 0.732372 0.734954 0.0114885 0.0374839 0.00546895
15 0.599352 0.618014 0.00842407 0.0133017 0.00518813
6 0.586673 0.630905 0.00838019 0.0156038 0.00517772
15 0.621298 0.618078 0.0103906 0.0131401 0.00512818
1 0.868658 0.647971 0.00920587 0.0218009 0.00502403
1 0.94038 0.65039 0.0112368 0.018493 0.00502112
6 0.691655 0.653746 0.0194194 0.0262384 0.00496768
6 0.571801 0.649219 0.0211099 0.0157757 0.0049645
7 0.408773 0.559996 0.0179868 0.0316562 0.00494935
1 0.674398 0.613566 0.0130417 0.0187595 0.00478507
1 0.682258 0.642507 0.0147007 0.0251691 0.00476861
4 0.343885 0.68394 0.0168511 0.0426059 0.00463079
2 0.818403 0.54049 0.00298419 0.0152495 0.00460357
14 0.746938 0.702865 0.0113742 0.0224399 0.00447322
6 0.687595 0.630355 0.0127173 0.015436 0.00443817
4 0.782234 0.718571 0.0369727 0.0478444 0.00436605
1 0.636975 0.626273 0.0239185 0.0270533 0.00435856
4 0.577927 0.663541 0.00928656 0.0241989 0.00433735
15 0.586673 0.630905 0.00838019 0.0156038 0.00415424
6 0.808788 0.695146 0.0455219 0.0435125 0.00413137
1 0.702928 0.653398 0.00897986 0.0343352 0.00396137
15 0.626185 0.63501 0.0139297 0.0159552 0.00392201
7 0.898487 0.603376 0.0114737 0.026031 0.0039054
6 0.641107 0.692846 0.0331442 0.0448401 0.00387776
14 0.745729 0.707497 0.0107692 0.0188554 0.00386816
7 0.973028 0.655176 0.0157099 0.0330719 0.00378662
1 0.714795 0.628642 0.0199279 0.0328149 0.00373078
1 0.582825 0.636219 0.0104455 0.0167506 0.00370339
18 0.691646 0.737497 0.0177859 0.0369201 0.00358807
8 0.750222 0.707556 0.0131396 0.0191825 0.00355046
2 0.877021 0.570273 0.00726062 0.00999104 0.00352692
4 0.661644 0.623092 0.0259857 0.0362327 0.00346411
15 0.614198 0.636871 0.0173591 0.0185767 0.00346277
8 0.538798 0.684915 0.00994025 0.0129399 0.00341337
7 0.701405 0.601426 0.00834717 0.00752546 0.00338247
15 0.582825 0.636219 0.0104455 0.0167506 0.00336875
6 0.599352 0.618014 0.00842407 0.0133017 0.00334013
4 0.745729 0.707497 0.0107692 0.0188554 0.00330213
7 0.586673 0.630905 0.00838019 0.0156038 0.00329905
2 0.901204 0.599537 0.00916852 0.0288766 0.00327701
6 0.652054 0.643274 0.0112841 0.0181582 0.00325967
4 0.563728 0.66273 0.0214384 0.00974232 0.0032442
1 0.555637 0.615537 0.0347938 0.0271349 0.00320528
1 0.875547 0.664169 0.0147538 0.0204581 0.00318348
6 0.621298 0.618078 0.0103906 0.0131401 0.00314516
6 0.917491 0.646484 0.0147031 0.018617 0.00311784
7 0.746938 0.702865 0.0113742 0.0224399 0.00310034
1 0.53674 0.640957 0.0350827 0.033752 0.0028428
6 0.798571 0.701215 0.0186598 0.0284429 0.00283771
0 0.538798 0.684915 0.00994025 0.0129399 0.00281848
6 0.746938 0.702865 0.0113742 0.0224399 0.00280923
1 0.521154 0.650594 0.00978345 0.0303981 0.00279129
1 0.568414 0.594636 0.0175942 0.0184366 0.00279013
6 0.617639 0.655647 0.0250765 0.0210313 0.00276632
1 0.661644 0.623092 0.0259857 0.0362327 0.00274224
5 0.691646 0.737497 0.0177859 0.0369201 0.00273786
4 0.994634 0.702855 0.00759082 0.0288185 0.00271545
1 0.826249 0.608972 0.0294389 0.0218271 0.00262938
1 0.638003 0.635015 0.0222748 0.0168066 0.00262509
1 0.571801 0.649219 0.0211099 0.0157757 0.00262266
15 0.616676 0.613451 0.0113645 0.0185058 0.00255111
1 0.577927 0.663541 0.00928656 0.0241989 0.00253827
14 0.966757 0.75023 0.0156076 0.024746 0.00250898
4 0.646761 0.623999 0.0202205 0.0289861 0.00250757
4 0.641107 0.692846 0.0331442 0.0448401 0.0025026
4 0.521041 0.683896 0.00974432 0.0169939 0.00250127
4 0.599352 0.618014 0.00842407 0.0133017 0.00249149
4 0.350996 0.689495 0.0262197 0.0522086 0.00248158
6 0.608342 0.613678 0.016634 0.0190128 0.00246542
4 0.589118 0.65663 0.0104633 0.0185598 0.0024404
1 0.647343 0.544748 0.0106332 0.00903334 0.00243341
7 0.884638 0.649461 0.0100563 0.0254208 0.00241507
0 0.745729 0.707497 0.0107692 0.0188554 0.00241059
1 0.884638 0.649461 0.0100563 0.0254208 0.00238306
1 0.737779 0.596136 0.00862274 0.0240218 0.00238127
23 0.706694 0.738129 0.0104961 0.0319999 0.00230295
14 0.750148 0.699454 0.0137866 0.0257741 0.00229217
6 0.567667 0.658445 0.012273 0.00938742 0.00229029
7 0.917491 0.646484 0.0147031 0.018617 0.00226181
1 0.589683 0.613492 0.0101134 0.0192314 0.00222474
1 0.71474 0.605693 0.016722 0.0262044 0.00222293
24 0.825952 0.621479 0.0399341 0.0306792 0.00220663
7 0.890974 0.645667 0.00872821 0.0154646 0.00219976
6 0.591385 0.637432 0.00492877 0.0108271 0.00219782
22 0.730736 0.744233 0.01223 0.0216283 0.00218964
1 0.718606 0.609218 0.0114775 0.0116141 0.00218828
15 0.571801 0.649219 0.0211099 0.0157757 0.00213245
0 0.993835 0.714448 0.00801672 0.023032 0.00208094
4 0.667129 0.623464 0.0193909 0.0334671 0.00202889
6 0.58803 0.617701 0.0103445 0.0190488 0.00202495
7 0.875547 0.664169 0.0147538 0.0204581 0.0020183
15 0.656674 0.659557 0.0220798 0.0245613 0.00198467
5 0.750148 0.699454 0.0137866 0.0257741 0.00196198
4 0.933427 0.69374 0.0246232 0.023473 0.00193295
2 0.807415 0.591683 0.0056264 0.0125471 0.00187269
7 0.994743 0.676432 0.00697937 0.0279846 0.00187081
6 0.807555 0.682117 0.0224888 0.0172574 0.00180634
15 0.58803 0.617701 0.0103445 0.0190488 0.0017656
1 0.965514 0.659715 0.0189818 0.0289699 0.00174537
7 0.94038 0.65039 0.0112368 0.018493 0.00171744
1 0.687595 0.630355 0.0127173 0.015436 0.00171613
1 0.890974 0.645667 0.00872821 0.0154646 0.00169306
4 0.517525 0.714615 0.0067785 0.0184833 0.00168484
4 0.702928 0.653398 0.00897986 0.0343352 0.0016734
1 0.79628 0.654349 0.00927576 0.0441973 0.00167314
6 0.584356 0.613982 0.0109578 0.0201113 0.0016726
15 0.477111 0.618244 0.144061 0.100494 0.00166929
1 0.934178 0.649258 0.0124445 0.019139 0.00166432
1 0.941496 0.653412 0.0107697 0.0160541 0.00165796
7 0.868658 0.647971 0.00920587 0.0218009 0.00165729
4 0.656333 0.666907 0.0198239 0.0251351 0.00165067
4 0.543785 0.689903 0.0114886 0.0174385 0.00164993
1 0.690943 0.73759 0.0148948 0.0369092 0.0016455
4 0.58803 0.617701 0.0103445 0.0190488 0.00164298
1 0.802744 0.639783 0.0152122 0.0135071 0.00163923
6 0.655916 0.60463 0.017022 0.0250187 0.00163123
1 0.698499 0.620136 0.0141953 0.019053 0.0016024
14 0.554971 0.338933 0.250175 0.359434 0.00159149
1 0.910298 0.646364 0.0185933 0.0196508 0.00158639
4 0.635312 0.660387 0.0192623 0.0222537 0.00157994
2 0.875739 0.518578 0.0104232 0.016155 0.00155948
4 0.339376 0.665754 0.0178047 0.0249164 0.00155879
0 0.769988 0.701986 0.0169913 0.0240196 0.00150555
2 0.410445 0.560264 0.0191714 0.0325575 0.00150487
26 0.706694 0.738129 0.0104961 0.0319999 0.00150481
2 0.650114 0.544765 0.011122 0.00895143 0.00150221
15 0.675193 0.674604 0.0237501 0.0332926 0.00148269
3 0.750148 0.699454 0.0137866 0.0257741 0.00146118
4 0.560906 0.643759 0.0233418 0.016372 0.00145644
4 0.618656 0.668738 0.0168107 0.0267176 0.00144078
7 0.739959 0.589757 0.00807251 0.0284093 0.00143997
4 0.930869 0.695669 0.0349276 0.0313944 0.00143264
6 0.826374 0.614502 0.0388431 0.0210484 0.00142701
15 0.563728 0.66273 0.0214384 0.00974232 0.00142109
1 0.826374 0.614502 0.0388431 0.0210484 0.00141475
4 0.779559 0.727464 0.0447761 0.0695574 0.00140239
4 0.95712 0.658227 0.0120215 0.0108218 0.00138518
0 0.749067 0.692563 0.0186874 0.0308826 0.00135348
7 0.95712 0.658227 0.0120215 0.0108218 0.00135325
14 0.707775 0.739819 0.0111444 0.0322685 0.00133406
6 0.577927 0.663541 0.00928656 0.0241989 0.00132929
2 0.994579 0.629654 0.00670392 0.0151216 0.00132044
4 0.68918 0.666318 0.014811 0.0271085 0.00131932
22 0.753055 0.743496 0.0138245 0.0373 0.00129771
0 0.750222 0.707556 0.0131396 0.0191825 0.00127557
4 0.583311 0.670231 0.0186108 0.0143637 0.00127015
1 0.989124 0.643563 0.013569 0.0292596 0.00125647
23 0.691646 0.737497 0.0177859 0.0369201 0.00124104
1 0.650114 0.544765 0.011122 0.00895143 0.00123761
1 0.95712 0.658227 0.0120215 0.0108218 0.00123739
9 0.691646 0.737497 0.0177859 0.0369201 0.00122488
4 0.984722 0.697285 0.0250173 0.0351372 0.00120912
0 0.558234 0.685436 0.0102939 0.0149066 0.00120869
