4 0.885991 0.827317 0.225259 0.339703 0.9708
0 0.471909 0.822375 0.103909 0.279475 0.885071
8 0.475152 0.901215 0.139702 0.19757 0.853348
6 0.918086 0.617419 0.160352 0.0969759 0.710783
13 0.483313 0.70091 0.0303406 0.035519 0.0488514
3 0.475599 0.899289 0.139112 0.201422 0.0328031
1 0.801209 0.608185 0.0108713 0.0177777 0.00978123
24 0.927664 0.61736 0.141533 0.0972155 0.00953212
9 0.479864 0.796181 0.0461385 0.0872762 0.00766421
2 0.557661 0.671308 0.0109445 0.0132565 0.0073951
4 0.833591 0.664816 0.0446447 0.0198097 0.00725036
13 0.528105 0.856714 0.017321 0.0306983 0.00689292
0 0.475537 0.899557 0.140272 0.200886 0.00654218
2 0.556827 0.667943 0.00909699 0.0153783 0.00638718
9 0.450883 0.845935 0.0200189 0.0461325 0.00611316
10 0.450883 0.845935 0.0200189 0.0461325 0.00605919
6 1 0.59865 0 0.204646 0.00573517
9 0.450593 0.842955 0.0288329 0.0549119 0.00550412
2 0.595104 0.658236 0.00906537 0.0106547 0.00534647
17 0.482709 0.703556 0.0282084 0.0372186 0.00530178
13 0.478866 0.70864 0.0372598 0.0471749 0.00493094
1 0.717418 0.619518 0.00944098 0.0240674 0.00413682
4 0.835326 0.647417 0.0429167 0.0440988 0.00384801
2 0.200976 0.554584 0.0205812 0.0135741 0.00382836
9 0.474786 0.841449 0.0919559 0.194414 0.00379304
9 0.528105 0.856714 0.017321 0.0306983 0.00365831
2 0.195901 0.559825 0.030976 0.0233065 0.00347762
13 0.482892 0.692669 0.0255944 0.0283566 0.00325253
6 0.141012 0.589336 0.0944916 0.0696452 0.00322804
4 0.836067 0.661721 0.053116 0.0360045 0.00298382
9 0.489167 0.795444 0.0522797 0.112573 0.00295389
2 0.93716 0.506074 0.0126971 0.0192964 0.00258561
6 0.847347 0.642618 0.0685884 0.0609299 0.00258035
4 0.831873 0.671986 0.0483948 0.029475 0.00251457
6 0.854389 0.625571 0.082109 0.0989434 0.00240779
6 0.118151 0.566653 0.205602 0.101842 0.00224259
9 0.52863 0.888974 0.0231868 0.110314 0.0021741
6 0.139209 0.583777 0.154038 0.0719766 0.00211015
14 0.206645 0.614277 0.0392068 0.0206178 0.00199952
4 0.847347 0.642618 0.0685884 0.0609299 0.00199531
1 0.790344 0.487391 0.0794507 0.189186 0.00193289
9 0.442368 0.843579 0.0301599 0.0575983 0.00193211
2 0.164855 0.590132 0.0142756 0.0199588 0.00187383
2 0.801209 0.608185 0.0108713 0.0177777 0.00185981
9 0.504125 0.852652 0.0684173 0.123946 0.00172606
9 0.52968 0.877495 0.0187195 0.0805751 0.00170828
10 0.525818 0.856566 0.0190151 0.0346013 0.00170675
2 0.717418 0.619518 0.00944098 0.0240674 0.00155617
2 0.597144 0.650846 0.0126384 0.0187405 0.00151445
13 0.431245 0.881801 0.0314704 0.0876515 0.00144116
13 0.430426 0.88987 0.046063 0.156164 0.00138824
1 0.718146 0.613529 0.00969403 0.0243632 0.00133943
9 0.485965 0.804121 0.071434 0.157378 0.00126012
17 0.482892 0.692669 0.0255944 0.0283566 0.001248
2 0.885382 0.828453 0.224664 0.341338 0.00121599
7 0.907259 0.571197 0.0074527 0.0129366 0.00120457
2 0.183608 0.573099 0.0629022 0.0484509 0.00119979
6 0.90304 0.617107 0.0890651 0.0948346 0.00115605
24 0.139209 0.583777 0.154038 0.0719766 0.00112327
9 0.473644 0.786219 0.0852692 0.117557 0.00110746
6 0.886473 0.828263 0.22606 0.339725 0.00108829
20 0.450883 0.845935 0.0200189 0.0461325 0.00104202
