31 0.259196 0.650189 0.306148 0.320356 0.960202
30 0.664256 0.35087 0.0276434 0.0273638 0.455711
30 0.503578 0.405857 0.0175839 0.018926 0.0943173
19 0.975597 0.597687 0.0464327 0.247747 0.0122942
30 0.474372 0.161957 0.0232156 0.0274772 0.0107245
30 0.598376 0.237162 0.0119931 0.0243637 0.00977862
19 0.841039 0.557377 0.311321 0.315716 0.00782084
49 0.503655 0.405768 0.0192444 0.0179712 0.00775497
18 0.886034 0.554482 0.216585 0.322154 0.00702524
60 0.664353 0.350841 0.0271068 0.0269058 0.00399747
18 0.518245 0.621389 0.213534 0.440295 0.0039203
30 0.628307 0.232228 0.0611917 0.0753625 0.00298587
30 0.471482 0.314757 0.0258719 0.0225893 0.0029724
30 0.639315 0.24698 0.0401761 0.0324599 0.00250436
49 0.664003 0.353768 0.0292739 0.0343915 0.0021737
30 0.45629 0.171186 0.0183458 0.0260406 0.00198159
30 0.505614 0.154906 0.0199925 0.0246697 0.0019288
30 0.985657 0.0542746 0.0265991 0.108549 0.00181406
30 0.708552 0.362308 0.0362991 0.0403958 0.00170993
30 0.469635 0.16549 0.0310963 0.0265003 0.00166685
31 0.517691 0.496891 0.218457 0.191015 0.00151466
30 0.465775 0.179637 0.0281641 0.015927 0.00149573
49 0.475 0.406768 0.0758039 0.031523 0.00136387
30 0.480402 0.1412 0.0304167 0.0147592 0.00133756
53 0.971544 0.60847 0.0540394 0.24178 0.00126329
30 0.490288 0.158341 0.0201073 0.027071 0.00121612
2 0.664599 0.350768 0.0258997 0.0255257 0.00118004
30 0.632648 0.239143 0.0525158 0.0492066 0.00105998
30 0.454138 0.197427 0.0140185 0.0207233 0.00103019
30 0.975324 0.0545117 0.047243 0.109023 0.00102418
