4 0.501392 0.803181 0.227788 0.290693 0.953811
1 0.184674 0.615145 0.0427726 0.128189 0.914873
1 0.608812 0.566182 0.0650526 0.0614833 0.895358
7 0.353645 0.439426 0.0163589 0.0631112 0.866853
7 0.271441 0.448931 0.0151003 0.0617037 0.858548
1 0.707652 0.619329 0.0327314 0.0554143 0.814249
4 0.39264 0.726322 0.0437287 0.0519205 0.801416
1 0.340151 0.656551 0.0225331 0.0510668 0.799245
7 0.312179 0.444751 0.0247561 0.0265669 0.79461
4 0.623443 0.728719 0.0221474 0.0305705 0.633019
7 0.633215 0.528658 0.0105054 0.0271842 0.612768
2 0.941995 0.325404 0.0130217 0.0214825 0.593854
7 0.57518 0.530831 0.0119282 0.0425342 0.586987
7 0.698027 0.505506 0.0141086 0.0464359 0.534686
2 0.576361 0.323928 0.00995697 0.0167694 0.479548
7 0.0771598 0.661638 0.0119597 0.048095 0.431351
2 0.496038 0.325009 0.00983862 0.02001 0.42544
2 0.384254 0.322426 0.0119971 0.0201666 0.397266
7 0.601902 0.530198 0.0157943 0.0128771 0.378262
4 0.605331 0.737849 0.0330683 0.0509497 0.374825
7 0.701805 0.505359 0.0135643 0.0461772 0.357133
2 0.50971 0.32274 0.00956332 0.0242241 0.347857
4 0.0184155 0.729996 0.0285758 0.0195385 0.305877
2 0.593197 0.325766 0.00772931 0.0182687 0.304224
2 0.813089 0.328811 0.0101241 0.0200146 0.275249
7 0.0777062 0.673763 0.0137113 0.0725975 0.250142
2 0.425998 0.325505 0.00966943 0.01666 0.247646
7 0.530806 0.638611 0.00804834 0.0083903 0.244966
7 0.542493 0.639818 0.00669916 0.0165092 0.243918
1 0.613708 0.700393 0.00939679 0.019689 0.240815
7 0.660089 0.538087 0.0146914 0.0186854 0.233821
4 0.653726 0.727131 0.0204501 0.0342774 0.23161
7 0.633659 0.535408 0.0120738 0.0387042 0.228396
7 0.518443 0.643554 0.00545874 0.0187654 0.225064
2 0.411027 0.323794 0.0107626 0.0184376 0.221478
2 0.885348 0.325229 0.0111008 0.0200345 0.210055
2 0.421096 0.580069 0.00623822 0.0120666 0.189167
0 0.26375 0.724553 0.0103678 0.0299953 0.188737
2 0.563041 0.324251 0.00863086 0.0178736 0.188349
7 0.503404 0.646162 0.00912585 0.017539 0.156901
7 0.0746529 0.657692 0.0124272 0.0390518 0.153556
1 0.564015 0.648997 0.0222953 0.0176446 0.147619
2 0.970352 0.327108 0.0101641 0.0208499 0.123986
4 0.695235 0.725425 0.0227836 0.0326987 0.123721
2 0.453315 0.58014 0.00571234 0.0119639 0.123603
0 0.26127 0.723668 0.0110755 0.0253719 0.120524
0 0.597512 0.715802 0.0163721 0.0219987 0.120055
4 0.764606 0.732421 0.0360178 0.0282137 0.113666
1 0.668733 0.652066 0.0112932 0.0252453 0.112245
2 0.954851 0.326649 0.00979175 0.0204265 0.107826
1 0.660089 0.538087 0.0146914 0.0186854 0.102661
4 0.645637 0.724261 0.010582 0.0189767 0.101313
2 0.979941 0.321065 0.0142915 0.0293716 0.0989553
0 0.599996 0.719394 0.015699 0.0204012 0.0977552
4 0.756818 0.732646 0.0270276 0.0241672 0.096193
7 0.608671 0.640081 0.00750879 0.0213377 0.0908779
1 0.611243 0.702641 0.0119136 0.0189764 0.0901739
4 0.746935 0.732874 0.0189075 0.019665 0.0885018
2 0.483154 0.580236 0.0080369 0.0124138 0.086296
4 0.0139533 0.726788 0.0242615 0.0213378 0.0814936
4 0.597512 0.715802 0.0163721 0.0219987 0.0767985
7 0.496831 0.647421 0.010205 0.0190976 0.0745986
4 0.599996 0.719394 0.015699 0.0204012 0.0691293
12 0.694618 0.72385 0.0228621 0.0395282 0.0670361
7 0.538247 0.640177 0.00650519 0.0164224 0.065382
15 0.695295 0.725652 0.0228242 0.0333967 0.0618324
2 0.739485 0.52725 0.00832898 0.0288119 0.0593438
2 0.739759 0.517614 0.00708337 0.0143561 0.059249
4 0.165446 0.720337 0.0217668 0.0156482 0.0566805
4 0.64637 0.728321 0.0106437 0.0174806 0.0564082
1 0.725984 0.714993 0.0118635 0.0421799 0.0555884
4 0.023133 0.726677 0.0282171 0.0209363 0.0549797
4 0.0442437 0.727969 0.0399358 0.0191619 0.0548292
7 0.0803651 0.666827 0.0154049 0.0564708 0.0540042
0 0.653726 0.727131 0.0204501 0.0342774 0.0528138
7 0.483154 0.580236 0.0080369 0.0124138 0.0516749
2 0.495665 0.581807 0.00730142 0.0108628 0.0505605
4 0.134528 0.722524 0.0148523 0.0150607 0.046898
4 0.662692 0.725454 0.0116995 0.0243057 0.045228
1 0.00715322 0.581666 0.0143064 0.0562501 0.0443856
2 0.590053 0.32524 0.00915064 0.0178541 0.0438644
4 0.614895 0.741646 0.015439 0.0387703 0.0418933
0 0.664227 0.721545 0.00887488 0.0236666 0.0401796
6 0.764237 0.729027 0.0339803 0.0315159 0.0393141
2 0.420851 0.576217 0.00630551 0.0189545 0.0377371
14 0.264029 0.729718 0.011173 0.0366003 0.0376863
4 0.664227 0.721545 0.00887488 0.0236666 0.0373923
6 0.695295 0.725652 0.0228242 0.0333967 0.0366008
2 0.426289 0.58029 0.00930856 0.0114596 0.0364547
4 0.75965 0.727607 0.0290727 0.023916 0.0358347
7 0.0963929 0.648187 0.00931956 0.0254587 0.0355803
4 0.138459 0.722662 0.0152902 0.0140401 0.034822
2 0.032583 0.535786 0.00959661 0.0135141 0.0344572
2 0.960068 0.326863 0.0111522 0.0174349 0.0339337
2 0.387209 0.322625 0.01242 0.018685 0.0335186
7 0.0975014 0.652525 0.0131018 0.0274917 0.0324357
4 0.774073 0.732087 0.0229177 0.0269723 0.0322747
7 0.100519 0.651996 0.0122509 0.0353478 0.0317815
7 0.513399 0.642477 0.00511899 0.0210873 0.03092
4 0.0523235 0.72485 0.0303052 0.0197398 0.0299582
0 0.662692 0.725454 0.0116995 0.0243057 0.029645
0 0.0678764 0.723416 0.0120455 0.0157948 0.0288836
2 0.0891645 0.611267 0.01067 0.0144192 0.0288516
15 0.654578 0.724155 0.0199133 0.0338249 0.0285947
4 0.629342 0.731314 0.0171898 0.0288942 0.0280039
2 0.0152202 0.532363 0.00868281 0.0117215 0.0259184
2 0.452944 0.575987 0.00688413 0.0185138 0.0253689
2 0.0304933 0.542494 0.0104298 0.0160627 0.0253492
7 0.609273 0.565576 0.0649575 0.0646097 0.0252084
4 0.613483 0.713603 0.0111556 0.015039 0.0251705
0 0.134528 0.722524 0.0148523 0.0150607 0.0251663
2 0.0440872 0.536364 0.00735814 0.0160131 0.0249359
2 0.873712 0.325503 0.0166584 0.0215804 0.0247217
4 0.605112 0.761152 0.0358029 0.108432 0.0246831
3 0.264902 0.731789 0.0135112 0.0341562 0.0246736
2 0.493257 0.32423 0.013261 0.0207337 0.0234677
8 0.614895 0.741646 0.015439 0.0387703 0.0211252
6 0.654578 0.724155 0.0199133 0.0338249 0.020931
4 0.594939 0.717207 0.0199826 0.0280199 0.0199224
5 0.653726 0.727131 0.0204501 0.0342774 0.0197991
8 0.264029 0.729718 0.011173 0.0366003 0.0197748
1 0.633644 0.528543 0.0103428 0.0269593 0.0197017
7 0.421096 0.580069 0.00623822 0.0120666 0.0196169
4 0.279873 0.721364 0.0140342 0.0125598 0.0192775
4 0.31846 0.721159 0.00931332 0.0123817 0.0192748
1 0.601902 0.530198 0.0157943 0.0128771 0.0191965
0 0.0649885 0.726923 0.0118991 0.0175741 0.019184
1 0.590662 0.640357 0.0165989 0.0287214 0.0185175
1 0.57518 0.530831 0.0119282 0.0425342 0.0182598
0 0.604958 0.738188 0.0312468 0.0472295 0.0180606
4 0.79548 0.741483 0.027223 0.021296 0.0172431
4 0.634753 0.717562 0.00793268 0.0213197 0.0170768
1 0.496831 0.647421 0.010205 0.0190976 0.0164171
8 0.261364 0.728344 0.011553 0.0273429 0.0163922
4 0.334074 0.718457 0.0098013 0.0146133 0.0163883
4 0.292631 0.72198 0.0124867 0.0126779 0.0162846
2 0.441878 0.579704 0.00698438 0.0134826 0.0161253
4 0.744197 0.726816 0.0191415 0.0214423 0.0161191
0 0.64637 0.728321 0.0106437 0.0174806 0.0159539
2 0.0459864 0.542219 0.00654469 0.0170995 0.0157217
2 0.00742278 0.5465 0.0135892 0.0261076 0.01567
2 0.00432262 0.527378 0.00864523 0.0169847 0.0155471
2 0.366989 0.583467 0.00668485 0.0108016 0.0154629
7 0.608489 0.63222 0.00728009 0.0188221 0.0152392
2 0.426983 0.575844 0.00869977 0.018223 0.0151196
4 0.404579 0.702035 0.0243794 0.013577 0.0148477
0 0.138459 0.722662 0.0152902 0.0140401 0.0144342
3 0.261364 0.728344 0.011553 0.0273429 0.0142702
2 0.972993 0.318429 0.0122181 0.0313269 0.01376
4 0.73055 0.73079 0.0153547 0.0138097 0.0137102
4 0.742522 0.737059 0.0210948 0.0179429 0.0135184
4 0.302847 0.721911 0.0127255 0.0127513 0.0132116
8 0.810308 0.746522 0.0110278 0.0170035 0.0130074
2 0.683288 0.567948 0.00687994 0.0162479 0.012882
2 0.0842187 0.610361 0.00742442 0.0130449 0.0128815
14 0.26127 0.723668 0.0110755 0.0253719 0.0128125
4 0.803253 0.743424 0.0236401 0.0200058 0.012766
7 0.0041 0.542821 0.0082 0.0312484 0.0124735
4 0.784354 0.738212 0.0221603 0.0242056 0.0124466
7 0.366989 0.583467 0.00668485 0.0108016 0.0124347
8 0.134528 0.722524 0.0148523 0.0150607 0.0120259
2 0.938359 0.324688 0.0173538 0.0223272 0.0115945
0 0.134178 0.726284 0.0113273 0.0183904 0.0114879
7 0.668554 0.649762 0.00940241 0.0207208 0.0113952
4 0.686116 0.723447 0.0361715 0.0304452 0.0112225
4 0.776695 0.727658 0.0146292 0.0278621 0.0111813
2 0.641711 0.496487 0.00945013 0.0146543 0.0109728
1 0.571064 0.647422 0.033801 0.0223663 0.0109624
4 0.26127 0.723668 0.0110755 0.0253719 0.0108416
7 0.426289 0.58029 0.00930856 0.0114596 0.0108256
8 0.0649885 0.726923 0.0118991 0.0175741 0.0108014
4 0.720585 0.727754 0.021429 0.0212254 0.0107355
4 0.124267 0.722695 0.0168254 0.0150871 0.0106825
2 0.383771 0.316126 0.0130754 0.0234195 0.0104406
22 0.518443 0.643554 0.00545874 0.0187654 0.0101415
4 0.136492 0.715997 0.0135611 0.0180966 0.0100239
4 0.0649885 0.726923 0.0118991 0.0175741 0.0100083
7 0.63131 0.642514 0.00699371 0.0102892 0.00982257
1 0.503404 0.646162 0.00912585 0.017539 0.00965045
7 0.704985 0.505457 0.0144388 0.0431327 0.00964424
2 0.101278 0.629616 0.0103185 0.0212025 0.00955538
8 0.292631 0.72198 0.0124867 0.0126779 0.00953809
1 0.334074 0.718457 0.0098013 0.0146133 0.00902114
1 0.0780707 0.674713 0.0142623 0.0736044 0.00893076
7 0.612311 0.643862 0.0140951 0.0126195 0.00870084
8 0.134178 0.726284 0.0113273 0.0183904 0.00864536
0 0.614895 0.741646 0.015439 0.0387703 0.00852559
0 0.645637 0.724261 0.010582 0.0189767 0.00852159
1 0.615105 0.69151 0.00820691 0.0255179 0.00851954
2 0.0225687 0.548664 0.00911367 0.017926 0.00835691
0 0.143825 0.726416 0.0109636 0.0181057 0.008336
1 0.644616 0.701535 0.00597467 0.0106424 0.00822592
8 0.138459 0.722662 0.0152902 0.0140401 0.00820219
2 0.028651 0.560266 0.0132519 0.0159238 0.00813181
8 0.0515453 0.727398 0.0300277 0.0179237 0.00812166
4 0.0746715 0.726851 0.019405 0.0182085 0.00807278
22 0.31195 0.444688 0.0241206 0.0262156 0.0080358
1 0.694618 0.72385 0.0228621 0.0395282 0.00803539
0 0.31846 0.721159 0.00931332 0.0123817 0.00789304
2 0.481373 0.576612 0.00700095 0.0197633 0.00765964
1 0.703272 0.618712 0.0303863 0.0427442 0.00761767
7 0.453315 0.58014 0.00571234 0.0119639 0.00752969
2 0.593614 0.330364 0.00857117 0.0240208 0.00751576
2 0.633644 0.528543 0.0103428 0.0269593 0.00744031
4 0.166611 0.716057 0.0183451 0.019241 0.00729783
3 0.614895 0.741646 0.015439 0.0387703 0.00723227
1 0.590382 0.628922 0.00848999 0.0143683 0.0072127
2 0.327527 0.572829 0.00833752 0.0122844 0.00717987
2 0.904268 0.322459 0.0187189 0.0237239 0.00707514
1 0.335138 0.708938 0.0120464 0.0247415 0.00706697
7 0.739745 0.523671 0.00860016 0.0247578 0.0070606
2 0.0515624 0.536345 0.0104073 0.0153832 0.0069691
7 0.46731 0.577713 0.0186858 0.0172916 0.00680424
8 0.143825 0.726416 0.0109636 0.0181057 0.00672548
2 0.0348814 0.551029 0.007889 0.015603 0.00663296
7 0.63349 0.522241 0.00987885 0.0236311 0.00660036
2 0.0235336 0.562161 0.0113882 0.0153232 0.0065593
2 0.518443 0.643554 0.00545874 0.0187654 0.00655865
1 0.141369 0.678072 0.0226129 0.0422735 0.00645043
8 0.0678764 0.723416 0.0120455 0.0157948 0.00623989
0 0.810308 0.746522 0.0110278 0.0170035 0.00609361
15 0.686116 0.723447 0.0361715 0.0304452 0.00607629
1 0.567329 0.644074 0.0220278 0.0252075 0.00596635
7 0.564015 0.648997 0.0222953 0.0176446 0.00594997
7 0.495665 0.581807 0.00730142 0.0108628 0.005935
7 0.644022 0.527818 0.00980182 0.0190393 0.00592919
1 0.640281 0.686125 0.00831891 0.0173494 0.00581603
14 0.858037 0.753568 0.0144093 0.0191671 0.00581196
1 0.571552 0.655827 0.0208248 0.0231789 0.00580345
7 0.590382 0.628922 0.00848999 0.0143683 0.00580089
2 0.0959546 0.626424 0.00939607 0.0264426 0.00578922
6 0.75965 0.727607 0.0290727 0.023916 0.00577864
2 0.354007 0.581569 0.00773874 0.0104677 0.00576365
0 0.124267 0.722695 0.0168254 0.0150871 0.00573072
6 0.776695 0.727658 0.0146292 0.0278621 0.00566666
7 0.354007 0.581569 0.00773874 0.0104677 0.00562601
2 0.327271 0.578461 0.00809302 0.0149304 0.00555225
4 0.0678764 0.723416 0.0120455 0.0157948 0.00545088
7 0.00432262 0.527378 0.00864523 0.0169847 0.00541888
7 0.616216 0.534423 0.0145469 0.0156257 0.00539347
1 0.0041 0.542821 0.0082 0.0312484 0.00524321
2 0.740755 0.537526 0.0109797 0.0214895 0.00517227
6 0.0523235 0.72485 0.0303052 0.0197398 0.00513888
3 0.247381 0.733587 0.0134569 0.0261343 0.00495883
1 0.366627 0.644814 0.0225614 0.0453801 0.00490338
4 0.338888 0.719153 0.0111066 0.015635 0.00485924
8 0.746935 0.732874 0.0189075 0.019665 0.00481389
2 0.811347 0.331978 0.0120985 0.0213302 0.00478495
0 0.629342 0.731314 0.0171898 0.0288942 0.0047721
8 0.31846 0.721159 0.00931332 0.0123817 0.00476747
15 0.404579 0.702035 0.0243794 0.013577 0.00476416
2 0.0534019 0.54722 0.00688455 0.0149525 0.00472696
8 0.629342 0.731314 0.0171898 0.0288942 0.00470688
8 0.124267 0.722695 0.0168254 0.0150871 0.00466073
2 0.322147 0.580133 0.00787228 0.0125804 0.00464676
0 0.292631 0.72198 0.0124867 0.0126779 0.00463576
4 0.26375 0.724553 0.0103678 0.0299953 0.00461551
2 0.368066 0.575841 0.00453293 0.0182239 0.00458881
2 0.00784963 0.532222 0.01522 0.0294441 0.00455039
0 0.0515453 0.727398 0.0300277 0.0179237 0.00452153
6 0.686116 0.723447 0.0361715 0.0304452 0.00447925
14 0.275599 0.732425 0.0116518 0.0270712 0.00435789
15 0.694925 0.710798 0.0195683 0.0265073 0.00430825
2 0.495526 0.576502 0.00768649 0.019666 0.00427938
14 0.203246 0.731817 0.0084469 0.016623 0.00423683
7 0.543156 0.634444 0.00459308 0.023274 0.00422918
2 0.530806 0.638611 0.00804834 0.0083903 0.00422425
4 0.809636 0.746194 0.0129456 0.0154023 0.0042152
4 0.122337 0.726449 0.0179843 0.0182115 0.00419979
2 0.0041 0.542821 0.0082 0.0312484 0.00419323
0 0.0759522 0.722261 0.0137956 0.0165272 0.00417386
2 0.761625 0.323772 0.0126037 0.0210994 0.00417227
1 0.33799 0.683705 0.0143018 0.0514313 0.00414044
1 0.835095 0.725548 0.0158659 0.0334947 0.00403639
4 0.0759522 0.722261 0.0137956 0.0165272 0.0040296
2 0.946577 0.32112 0.00868665 0.01655 0.00401829
1 0.608671 0.640081 0.00750879 0.0213377 0.00401075
0 0.39279 0.72616 0.0438532 0.0516035 0.00398445
8 0.302847 0.721911 0.0127255 0.0127513 0.00392666
4 0.134178 0.726284 0.0113273 0.0183904 0.00392349
14 0.810308 0.746522 0.0110278 0.0170035 0.00392063
4 0.594967 0.706755 0.00931262 0.017794 0.00390923
7 0.608071 0.632731 0.0125551 0.0215864 0.00390578
2 0.383255 0.327512 0.0126121 0.0308399 0.00388787
0 0.613483 0.713603 0.0111556 0.015039 0.00387127
0 0.334074 0.718457 0.0098013 0.0146133 0.00385949
0 0.0492914 0.723138 0.0267972 0.0202614 0.00385582
0 0.623077 0.729699 0.0214276 0.0315516 0.00384858
2 0.984325 0.318303 0.0212237 0.0328058 0.00383152
2 0.736074 0.517757 0.0113239 0.0148367 0.00382989
8 0.651723 0.740109 0.0155151 0.0294595 0.00382514
15 0.392481 0.725355 0.0445136 0.0524496 0.00381072
7 0.363297 0.587445 0.0058569 0.0161307 0.00380713
8 0.0164486 0.729864 0.0287853 0.0206574 0.00380307
2 0.542493 0.639818 0.00669916 0.0165092 0.00378233
6 0.774073 0.732087 0.0229177 0.0269723 0.00374118
2 0.394544 0.585223 0.005896 0.00869529 0.00373374
4 0.815455 0.74374 0.020963 0.0200215 0.0037285
22 0.503404 0.646162 0.00912585 0.017539 0.00370506
7 0.078148 0.636593 0.0109978 0.058016 0.00369559
