30 0.470555 0.360267 0.116477 0.221585 0.903893
30 0.766641 0.762871 0.251208 0.0570446 0.903427
30 0.557995 0.618974 0.132694 0.176737 0.757787
30 0.170621 0.244959 0.108903 0.0381154 0.707094
30 0.364002 0.160154 0.134338 0.0631883 0.598482
30 0.478222 0.820211 0.0532384 0.0586105 0.529797
2 0.478303 0.821767 0.0517382 0.054995 0.337801
30 0.569481 0.576522 0.106663 0.0892193 0.0645861
30 0.53639 0.600583 0.0452091 0.0325585 0.0532647
30 0.351235 0.295595 0.141024 0.343024 0.0252883
30 0.469434 0.271743 0.109158 0.040573 0.0251981
30 0.177863 0.192157 0.129105 0.151323 0.0250516
45 0.97125 0.974329 0.0574993 0.0445709 0.0248277
30 0.970339 0.936158 0.0581136 0.0472042 0.0126423
2 0.491849 0.794701 0.0270489 0.0160469 0.0122398
49 0.469414 0.360904 0.116465 0.22203 0.00978365
30 0.1745 0.230829 0.120177 0.0770317 0.00899847
45 0.970921 0.941973 0.0572577 0.0387012 0.00513336
30 0.810016 0.376094 0.379967 0.184305 0.00445924
17 0.557513 0.619125 0.133101 0.177245 0.00404407
30 0.417997 0.214741 0.221015 0.149752 0.00389125
30 0.311772 0.315705 0.300396 0.387112 0.00328678
30 0.971289 0.974418 0.057423 0.0459023 0.0032478
33 0.970606 0.935349 0.0573879 0.0483679 0.00304661
30 0.985095 0.933014 0.0298103 0.0461229 0.00302675
30 0.543941 0.364834 0.23871 0.213547 0.00284134
10 0.970606 0.935349 0.0573879 0.0483679 0.00275244
46 0.557513 0.619125 0.133101 0.177245 0.00265648
30 0.684215 0.753009 0.0904312 0.0380778 0.00262673
30 0.671799 0.377938 0.100677 0.182397 0.0025916
30 0.461203 0.217357 0.138227 0.151008 0.00197675
30 0.56391 0.590908 0.100257 0.0528323 0.00172714
30 0.729742 0.37813 0.215196 0.183379 0.00149432
44 0.971098 0.937931 0.0576239 0.0451485 0.00144602
59 0.970249 0.934959 0.0591222 0.0480049 0.00138023
44 0.971285 0.971491 0.0574299 0.042041 0.00110235
30 0.797239 0.379159 0.218785 0.179637 0.00108076
10 0.971397 0.975074 0.056444 0.0451801 0.00103093
30 0.971559 0.9541 0.0568815 0.0730366 0.00102427
27 0.97125 0.974329 0.0574993 0.0445709 0.00102262
