4 0.750253 0.889435 0.493909 0.213805 0.941383
0 0.581041 0.953046 0.049413 0.0917405 0.843032
4 0.101128 0.906201 0.202146 0.145249 0.817042
4 0.268084 0.925542 0.372337 0.141161 0.691185
0 0.422546 0.900476 0.0344891 0.132357 0.66539
3 0.31629 0.951056 0.0993315 0.0956437 0.660583
8 0.420164 0.940786 0.0911338 0.114571 0.568178
4 0.189926 0.864898 0.06819 0.0475006 0.504837
8 0.313744 0.949728 0.101288 0.0961507 0.465378
3 0.05435 0.970458 0.0595769 0.057267 0.44133
2 0.531062 0.412819 0.0346075 0.0575594 0.439486
2 0.485445 0.65855 0.0162036 0.0224353 0.435133
17 0.418068 0.846663 0.0255195 0.0230864 0.382456
1 0.95938 0.66349 0.0265275 0.158473 0.382407
30 0.900878 0.568714 0.0425402 0.0707273 0.380034
2 0.510853 0.217935 0.0324284 0.0482482 0.359529
8 0.0546123 0.971526 0.0583382 0.0569475 0.346094
0 0.473916 0.879679 0.0267066 0.119607 0.342204
3 0.197494 0.947639 0.0986931 0.101841 0.333143
8 0.200161 0.9473 0.0981677 0.102964 0.329405
13 0.418068 0.846663 0.0255195 0.0230864 0.266808
8 0.0790275 0.959876 0.0987767 0.0773526 0.213778
3 0.0751023 0.964438 0.0953271 0.0685558 0.207605
3 0.405226 0.950385 0.0687925 0.0943237 0.203338
8 0.507228 0.96317 0.0417831 0.0696943 0.182707
4 0.0187231 0.868803 0.0374359 0.0439691 0.173168
3 0.335182 0.953793 0.0651332 0.0890219 0.1564
4 0.0171853 0.946696 0.0333057 0.0495305 0.15497
4 0.0176816 0.926703 0.0349976 0.0893589 0.142127
3 0.390589 0.952537 0.0502919 0.0902225 0.115004
8 0.3918 0.950634 0.0475165 0.0898331 0.100467
2 0.44631 0.686253 0.0175876 0.0196379 0.0948126
2 0.456902 0.687076 0.02433 0.0204579 0.0922405
8 0.121811 0.950614 0.155875 0.0933086 0.0918489
2 0.123607 0.647056 0.012501 0.0288788 0.0911314
8 0.13377 0.959634 0.107407 0.0775486 0.0894982
8 0.49908 0.956402 0.0632198 0.0840208 0.0837092
3 0.420439 0.940792 0.0895623 0.114507 0.0820058
8 0.444435 0.938342 0.0408192 0.106166 0.0817639
8 0.471872 0.986863 0.036286 0.023187 0.0802755
2 0.120015 0.6556 0.0108301 0.0235132 0.0773599
2 0.532692 0.692888 0.011177 0.0188094 0.077349
2 0.485324 0.669921 0.0153848 0.0417958 0.0769972
2 0.459423 0.691929 0.0110085 0.0187325 0.066738
4 0.0240026 0.854604 0.0266118 0.0150947 0.0641454
4 0.133224 0.95083 0.10579 0.0923233 0.0641356
8 0.172976 0.945894 0.181252 0.103622 0.0626374
2 0.559672 0.437909 0.0213927 0.0245198 0.0586242
2 0.217194 0.724547 0.00927799 0.0159092 0.058442
8 0.0172978 0.947382 0.033712 0.0462552 0.058102
2 0.218111 0.727575 0.0101822 0.0156249 0.0573595
2 0.491903 0.260291 0.0363949 0.0478825 0.0571928
8 0.405226 0.950385 0.0687925 0.0943237 0.0568052
2 0.508457 0.681159 0.00799872 0.0294964 0.0564127
8 0.467797 0.914275 0.0231075 0.049612 0.0546471
2 0.531352 0.430049 0.0399233 0.0780011 0.0514873
3 0.143028 0.957385 0.112261 0.0829461 0.0488941
3 0.357894 0.952657 0.0613591 0.0910721 0.0463623
8 0.526612 0.959828 0.0711313 0.0767088 0.0458812
2 0.507003 0.685965 0.00934744 0.0298169 0.0457362
2 0.462988 0.692427 0.0115847 0.0222531 0.0452445
2 0.446166 0.694212 0.0159088 0.0161999 0.0449137
7 0.47636 0.876422 0.0242089 0.114681 0.0410898
4 0.26394 0.912856 0.236988 0.144104 0.0407941
8 0.447727 0.944022 0.14639 0.103403 0.040271
8 0.477146 0.87079 0.024088 0.10516 0.0372556
0 0.422457 0.918611 0.0483712 0.157391 0.0370758
8 0.446998 0.918365 0.0352565 0.0703605 0.0349375
2 0.505258 0.669848 0.0127611 0.0246299 0.0340588
2 0.485552 0.688423 0.0109035 0.0259835 0.0335829
3 0.165338 0.945816 0.168517 0.10513 0.0325707
4 0.0189266 0.962977 0.0378532 0.0710114 0.0313397
2 0.516313 0.688576 0.0165985 0.0241058 0.0295101
8 0.470912 0.944678 0.0300829 0.0907874 0.0287043
8 0.487086 0.937713 0.0538608 0.120542 0.0268175
2 0.484481 0.651188 0.0134042 0.0192492 0.0259739
30 0.338874 0.596626 0.0218727 0.0373254 0.0259143
2 0.460665 0.698402 0.00909354 0.0188483 0.0251944
2 0.564699 0.411934 0.0384933 0.0356254 0.0251329
2 0.489042 0.691556 0.0121463 0.0167059 0.0246858
4 0.0184887 0.889292 0.0367238 0.0825273 0.0243848
10 0.963797 0.85468 0.0186842 0.0559382 0.0243829
2 0.677146 0.690079 0.0142752 0.0157338 0.0242229
8 0.339276 0.953214 0.0572441 0.0906631 0.0242048
2 0.472599 0.682301 0.0175228 0.0333306 0.0234133
4 0.19808 0.852413 0.0541 0.025264 0.022556
8 0.435203 0.961824 0.0516258 0.0719675 0.0216478
2 0.457677 0.678299 0.0340427 0.0357775 0.0198941
2 0.551468 0.436249 0.0391839 0.0306255 0.0196764
2 0.512929 0.686767 0.0139299 0.0272952 0.0194844
8 0.357894 0.952657 0.0613591 0.0910721 0.0194535
3 0.377578 0.955924 0.0589334 0.0860328 0.019205
2 0.500284 0.242501 0.0516907 0.0938203 0.0190075
8 0.0210785 0.968091 0.0418991 0.0596786 0.0188436
2 0.55901 0.432206 0.0260496 0.0330816 0.0184909
2 0.0677231 0.484918 0.0105074 0.0145266 0.0184276
8 0.54533 0.960542 0.0581229 0.0697602 0.0171642
2 0.484001 0.682393 0.0144038 0.0293704 0.0171383
4 0.343976 0.91641 0.266081 0.145496 0.0170178
2 0.125518 0.643235 0.0114465 0.0239838 0.0167813
22 0.963651 0.854739 0.0186754 0.0567581 0.016698
3 0.224522 0.950496 0.0593492 0.0939616 0.0165433
30 0.903422 0.555602 0.0333833 0.0473184 0.0164383
8 0.547715 0.978072 0.026111 0.039339 0.0160804
2 0.263926 0.693877 0.00993372 0.0165751 0.0159832
0 0.42048 0.856464 0.0356791 0.0429796 0.0158176
3 0.248983 0.964742 0.0760553 0.0683212 0.0157776
0 0.392893 0.939219 0.0403391 0.0736992 0.0152373
2 0.469356 0.668249 0.0281552 0.0196345 0.0144873
2 0.154339 0.569476 0.0092117 0.0119384 0.0132647
4 0.979058 0.915838 0.0388892 0.0701232 0.0130218
2 0.559412 0.445467 0.0210074 0.0309103 0.0128209
4 0.388739 0.902789 0.125894 0.122656 0.0125275
8 0.464318 0.981952 0.0533942 0.0329127 0.012248
4 0.00663766 0.854085 0.012222 0.0190104 0.0122196
13 0.444334 0.887176 0.020947 0.0199527 0.0120503
1 0.221141 0.434424 0.0180982 0.0352753 0.0118003
1 0.217591 0.382622 0.0172174 0.0400729 0.0117654
2 0.53144 0.688576 0.0151151 0.0227848 0.0117539
3 0.267812 0.966801 0.0771574 0.0637667 0.0116896
8 0.581345 0.954913 0.0500488 0.0876819 0.0109886
2 0.489275 0.679184 0.0140296 0.0283062 0.0107883
8 0.471965 0.880267 0.0301102 0.118695 0.0102718
7 0.510675 0.21798 0.0331071 0.047741 0.0101072
4 0.971891 0.938513 0.053752 0.11847 0.00992772
4 0.427651 0.930213 0.109171 0.129633 0.00972976
25 0.958567 0.6622 0.0262238 0.158147 0.00927838
2 0.497084 0.268945 0.0293351 0.0570018 0.00925117
0 0.208208 0.944864 0.0829865 0.103037 0.00905015
8 0.305134 0.920993 0.318626 0.145033 0.00896546
2 0.485341 0.695351 0.0115575 0.0247591 0.00827187
0 0.445005 0.921117 0.0311624 0.0704106 0.00815987
13 0.582865 0.93608 0.0414202 0.0617644 0.00807038
0 0.467797 0.914275 0.0231075 0.049612 0.00806828
0 0.49545 0.897865 0.024622 0.102175 0.00795837
4 0.181141 0.943104 0.197119 0.108929 0.00766761
17 0.444334 0.887176 0.020947 0.0199527 0.00762269
11 0.444334 0.887176 0.020947 0.0199527 0.00760687
4 0.150626 0.926867 0.172672 0.133242 0.00735331
8 0.422457 0.918611 0.0483712 0.157391 0.00720967
8 0.452009 0.912801 0.025599 0.0541795 0.00715306
3 0.0176847 0.949597 0.0329545 0.0639108 0.00708371
8 0.111696 0.952001 0.0504039 0.081691 0.00704799
5 0.427651 0.930213 0.109171 0.129633 0.00682443
2 0.0678688 0.479998 0.0112542 0.0141893 0.00669051
2 0.613729 0.424718 0.0146833 0.016436 0.00668381
8 0.562918 0.952998 0.0614488 0.0807285 0.00666799
4 0.0300059 0.921401 0.0600117 0.0884026 0.00660765
0 0.419376 0.848577 0.0293099 0.0277042 0.00657871
2 0.556627 0.41556 0.0360444 0.0374133 0.00655265
4 0.475925 0.885136 0.0224229 0.106732 0.00652906
8 0.100567 0.959214 0.0419208 0.0732587 0.00646725
2 0.580758 0.379909 0.0141541 0.0145026 0.00625492
0 0.00663766 0.854085 0.012222 0.0190104 0.00625286
0 0.497384 0.905237 0.0202401 0.0714626 0.00624663
8 0.377578 0.955924 0.0589334 0.0860328 0.00622744
8 0.534188 0.984956 0.0414257 0.0285012 0.00619438
1 0.418068 0.846663 0.0255195 0.0230864 0.00613141
3 0.474064 0.945229 0.0285413 0.0883872 0.00593665
2 0.899779 0.568633 0.044472 0.0733251 0.0058985
4 0.0536989 0.972363 0.0569449 0.0532314 0.00584874
8 0.399253 0.925087 0.0604256 0.0656335 0.0057971
4 0.360186 0.922659 0.129631 0.128621 0.00574059
4 0.0217443 0.909711 0.0423956 0.121717 0.00570729
8 0.239424 0.931407 0.318845 0.134702 0.00569085
8 0.546324 0.989834 0.0155281 0.0176874 0.00563071
2 0.027535 0.67744 0.00803874 0.0127639 0.00558999
1 0.497678 0.905954 0.019398 0.0750878 0.0055865
42 0.444334 0.887176 0.020947 0.0199527 0.00550654
2 0.117761 0.658226 0.0126588 0.0240174 0.00532401
25 0.043486 0.774769 0.0833721 0.0598356 0.00524358
3 0.422457 0.918611 0.0483712 0.157391 0.00498789
2 0.261123 0.694095 0.0109388 0.0152245 0.0049872
4 0.133729 0.855678 0.120589 0.0476623 0.0049586
3 0.0621175 0.959204 0.0583687 0.0748677 0.00485169
0 0.399253 0.925087 0.0604256 0.0656335 0.0048267
4 0.259617 0.858167 0.131488 0.0392157 0.00478636
30 0.677046 0.687294 0.0155272 0.0162812 0.00469283
4 0.208208 0.944864 0.0829865 0.103037 0.00466913
2 0.288722 0.264647 0.013559 0.0176141 0.00465796
8 0.609702 0.948704 0.129058 0.0957954 0.00454972
2 0.503738 0.437183 0.0158568 0.019146 0.00453782
3 0.392893 0.939219 0.0403391 0.0736992 0.00451741
4 0.266339 0.851419 0.145515 0.0251311 0.00445744
2 0.495892 0.300362 0.0233053 0.0270323 0.00430098
0 0.487886 0.889444 0.0380741 0.113812 0.004161
2 0.743079 0.583301 0.0118197 0.0274898 0.00403921
4 0.444334 0.887176 0.020947 0.0199527 0.00403189
11 0.448136 0.898135 0.0214302 0.0397409 0.0040256
8 0.0218037 0.986859 0.0434056 0.0238668 0.00401652
2 0.114792 0.448245 0.0151019 0.0186136 0.00398844
2 0.447931 0.702576 0.0186556 0.0307129 0.00395637
4 0.15145 0.938216 0.12785 0.0982046 0.00395377
2 0.584968 0.510941 0.0127352 0.0155045 0.00385575
9 0.445233 0.911728 0.0265102 0.0595332 0.00381588
2 0.568337 0.38312 0.0188932 0.0182083 0.00379854
0 0.0186075 0.867019 0.0369393 0.0384716 0.00378226
3 0.0210785 0.968091 0.0418991 0.0596786 0.003693
2 0.747184 0.573597 0.0114611 0.0267087 0.00365887
4 0.248821 0.872824 0.150431 0.060946 0.00364455
8 0.248983 0.964742 0.0760553 0.0683212 0.00360326
2 0.590292 0.504489 0.0101102 0.0216927 0.00348262
0 0.432559 0.866978 0.0419059 0.0504831 0.00347429
14 0.0189266 0.962977 0.0378532 0.0710114 0.00347355
4 0.389997 0.924492 0.103132 0.0921001 0.00345007
9 0.444334 0.887176 0.020947 0.0199527 0.00341615
1 0.0537608 0.875931 0.0160425 0.0889194 0.00335667
11 0.422122 0.898638 0.0341957 0.128478 0.00327733
2 0.445036 0.698405 0.0197279 0.0273935 0.00324548
3 0.100567 0.959214 0.0419208 0.0732587 0.00322958
3 0.547715 0.978072 0.026111 0.039339 0.00320942
0 0.452009 0.912801 0.025599 0.0541795 0.00317691
2 0.522811 0.67859 0.0432081 0.0349333 0.00315465
2 0.486379 0.237874 0.0284631 0.0383914 0.00312318
3 0.506055 0.961793 0.0407087 0.0719875 0.0031158
30 0.338764 0.709632 0.0203392 0.0432778 0.00306989
17 0.485445 0.65855 0.0162036 0.0224353 0.00301136
2 0.504417 0.215296 0.0467736 0.0568139 0.00299301
3 0.107826 0.955589 0.15078 0.0828925 0.00299117
0 0.0172978 0.947382 0.033712 0.0462552 0.00298386
3 0.467797 0.914275 0.0231075 0.049612 0.00296016
13 0.445233 0.911728 0.0265102 0.0595332 0.00294817
0 0.432498 0.943087 0.0611242 0.108417 0.00293276
13 0.422378 0.888396 0.0321478 0.107017 0.00292291
30 0.123607 0.647056 0.012501 0.0288788 0.00291302
4 0.399253 0.925087 0.0604256 0.0656335 0.00290829
3 0.475925 0.885136 0.0224229 0.106732 0.00288433
5 0.0172978 0.947382 0.033712 0.0462552 0.00286073
17 0.422378 0.888396 0.0321478 0.107017 0.00283183
8 0.432559 0.866978 0.0419059 0.0504831 0.00282966
2 0.11623 0.443189 0.0150966 0.0159176 0.00282125
36 0.963797 0.85468 0.0186842 0.0559382 0.00281455
2 0.533581 0.388836 0.0229888 0.0195423 0.00274757
0 0.444435 0.938342 0.0408192 0.106166 0.0026809
4 0.445233 0.911728 0.0265102 0.0595332 0.00267358
4 0.123705 0.848227 0.102959 0.0349982 0.0026685
14 0.0172978 0.947382 0.033712 0.0462552 0.00263723
0 0.444334 0.887176 0.020947 0.0199527 0.00260319
8 0.444334 0.887176 0.020947 0.0199527 0.00258264
0 0.268967 0.920934 0.359481 0.145018 0.00257917
8 0.271742 0.964873 0.077706 0.0629677 0.00256256
8 0.35867 0.936861 0.0964488 0.113828 0.00255871
2 0.112735 0.450787 0.0142067 0.016982 0.00250389
8 0.430489 0.983332 0.0213271 0.0303525 0.00247197
8 0.448136 0.898135 0.0214302 0.0397409 0.00246945
4 0.287852 0.861068 0.0309966 0.0290819 0.00246542
30 0.125518 0.643235 0.0114465 0.0239838 0.00244946
0 0.397341 0.94968 0.0525308 0.0932709 0.00243545
0 0.350658 0.9365 0.0829387 0.116021 0.00242122
3 0.54533 0.960542 0.0581229 0.0697602 0.00240875
2 0.637624 0.691059 0.0124655 0.0143928 0.00238863
0 0.322745 0.921735 0.0985477 0.141674 0.00237885
4 0.162926 0.864879 0.0199494 0.0355757 0.00236848
2 0.518034 0.440011 0.0298511 0.038144 0.00236722
2 0.156674 0.579578 0.00878397 0.0201732 0.00235256
8 0.487656 0.980621 0.0648042 0.0362658 0.00234928
8 0.48434 0.877879 0.0370502 0.124184 0.00232545
2 0.300966 0.250894 0.011913 0.0174281 0.00231425
0 0.189625 0.864263 0.0669484 0.0450218 0.00228796
4 0.383316 0.866881 0.108375 0.0516692 0.00226596
3 0.259817 0.975688 0.0530547 0.0480968 0.00225552
2 0.418077 0.846666 0.0281035 0.0226768 0.00221752
17 0.445233 0.911728 0.0265102 0.0595332 0.00220567
3 0.526612 0.959828 0.0711313 0.0767088 0.00214496
2 0.35636 0.637505 0.00923264 0.0235311 0.00213116
2 0.570744 0.42581 0.0283469 0.0305564 0.00212861
9 0.497384 0.905237 0.0202401 0.0714626 0.00212048
2 0.563495 0.467176 0.0171888 0.0338226 0.00210375
2 0.471598 0.267568 0.019555 0.0300991 0.00209543
2 0.591063 0.497228 0.0095155 0.0193366 0.0020847
4 0.0218037 0.986859 0.0434056 0.0238668 0.00208238
8 0.189625 0.864263 0.0669484 0.0450218 0.00204683
2 0.908728 0.770664 0.0336312 0.0473782 0.00204213
2 0.543254 0.349154 0.0120565 0.0153184 0.00204046
30 0.88863 0.561323 0.0231563 0.0312867 0.00202605
2 0.223981 0.723343 0.0157488 0.0163674 0.00200883
2 0.538943 0.387218 0.0220419 0.0190711 0.00197555
2 0.263729 0.716855 0.0106445 0.0248205 0.00192356
4 0.0307286 0.869628 0.0614572 0.0555114 0.00190721
4 0.3758 0.854712 0.0915931 0.0318066 0.00189367
42 0.0240026 0.854604 0.0266118 0.0150947 0.00186171
2 0.379731 0.63569 0.0127463 0.0182607 0.00185445
11 0.452009 0.912801 0.025599 0.0541795 0.00182236
0 0.709679 0.991606 0.0168417 0.0128268 0.00181235
4 0.562918 0.952998 0.0614488 0.0807285 0.00181199
4 0.497312 0.904276 0.0206897 0.0739272 0.00180962
1 0.146247 0.299761 0.0184512 0.0225313 0.00180616
8 0.551122 0.992137 0.0146698 0.0128334 0.00178408
1 0.502548 0.686923 0.0131675 0.0299229 0.00178281
42 0.47486 0.877924 0.025398 0.116428 0.00174434
8 0.391282 0.926516 0.151565 0.132924 0.00173488
11 0.47493 0.879576 0.0255614 0.118832 0.00172464
13 0.476922 0.866667 0.0238927 0.0961708 0.00172231
2 0.118318 0.644708 0.0161654 0.0284333 0.00171198
2 0.549842 0.450381 0.0383714 0.0676566 0.00170634
2 0.88863 0.561323 0.0231563 0.0312867 0.00169941
42 0.958821 0.662723 0.0265847 0.160186 0.00167693
42 0.418077 0.846666 0.0281035 0.0226768 0.00166582
4 0.264055 0.855385 0.0943146 0.0280104 0.00165867
2 0.483189 0.624929 0.0105812 0.0287374 0.00165457
