18 0.349435 0.592838 0.248754 0.68447 0.967288
35 0.65553 0.592397 0.139159 0.193308 0.905657
35 0.552237 0.63586 0.104621 0.162234 0.859627
35 0.467416 0.708949 0.0668725 0.217403 0.531199
19 0.933831 0.256951 0.063798 0.201783 0.245788
36 0.471083 0.758783 0.0445134 0.115824 0.148387
36 0.567139 0.693956 0.069859 0.0475365 0.134545
36 0.469173 0.732419 0.0360231 0.0540405 0.108953
19 0.937591 0.225941 0.0544043 0.141407 0.105513
10 0.942957 0.14751 0.0106323 0.029336 0.0885016
10 0.954379 0.134676 0.0228914 0.0563062 0.0822177
36 0.556136 0.69564 0.0449993 0.0432325 0.082068
51 0.927582 0.153428 0.021039 0.0229934 0.0777182
35 0.45975 0.716601 0.0501677 0.154815 0.0585808
9 0.953825 0.108306 0.0298058 0.109901 0.0542922
36 0.570996 0.670756 0.0629591 0.089121 0.0475888
36 0.547977 0.698219 0.0273497 0.0398431 0.0343735
36 0.567032 0.659779 0.0391794 0.0771567 0.0309355
36 0.553271 0.672463 0.0380239 0.0659151 0.029476
18 0.953124 0.108381 0.0298771 0.11055 0.027835
35 0.953723 0.112937 0.0292454 0.0991602 0.0265319
10 0.927582 0.153428 0.021039 0.0229934 0.0234967
35 0.570996 0.670756 0.0629591 0.089121 0.0206645
36 0.458361 0.728596 0.0368552 0.0769221 0.0205106
26 0.953124 0.108381 0.0298771 0.11055 0.0166539
36 0.461284 0.734598 0.0199877 0.0404334 0.0113883
35 0.470188 0.689969 0.0512644 0.154524 0.0102406
36 0.5566 0.656883 0.0610876 0.080293 0.0100239
51 0.942957 0.14751 0.0106323 0.029336 0.00988129
19 0.940796 0.173078 0.0485659 0.026938 0.00983586
10 0.953723 0.112937 0.0292454 0.0991602 0.00955353
0 0.954379 0.134676 0.0228914 0.0563062 0.00898671
9 0.954379 0.134676 0.0228914 0.0563062 0.00842855
10 0.960285 0.138032 0.0213699 0.0518747 0.00776946
35 0.442448 0.737722 0.041173 0.14781 0.00768227
0 0.925331 0.154407 0.0215818 0.0284736 0.00743917
36 0.542587 0.665919 0.0604925 0.0562233 0.007252
53 0.953825 0.108306 0.0298058 0.109901 0.00674922
9 0.945425 0.14184 0.0167835 0.0404731 0.00585808
18 0.468779 0.704197 0.0600732 0.226029 0.00556574
19 0.946119 0.218869 0.0452831 0.276621 0.00550223
36 0.478738 0.696293 0.041198 0.123484 0.00549049
36 0.569588 0.655282 0.0251016 0.0694395 0.00545707
14 0.932754 0.29526 0.0331842 0.0616325 0.00544688
45 0.927582 0.153428 0.021039 0.0229934 0.00539557
9 0.944865 0.115185 0.0450676 0.122487 0.00522837
36 0.46649 0.708312 0.0606787 0.206867 0.00484464
18 0.932754 0.29526 0.0331842 0.0616325 0.0045936
35 0.452308 0.676623 0.092064 0.281627 0.00458989
9 0.927582 0.153428 0.021039 0.0229934 0.00451573
45 0.929869 0.146426 0.0252946 0.0282807 0.00449054
10 0.991118 0.114473 0.0165378 0.0392494 0.00416632
35 0.954379 0.134676 0.0228914 0.0563062 0.0038954
36 0.668738 0.630614 0.124871 0.0984057 0.00377714
0 0.942957 0.14751 0.0106323 0.029336 0.00360707
35 0.944865 0.115185 0.0450676 0.122487 0.00360078
18 0.909539 0.27178 0.0216141 0.159727 0.00335978
35 0.563204 0.685032 0.0801491 0.0624454 0.00324411
54 0.94074 0.171418 0.0465563 0.0258078 0.00319669
35 0.469232 0.657849 0.0311862 0.0572951 0.00319337
31 0.953124 0.108381 0.0298771 0.11055 0.00314521
51 0.929869 0.146426 0.0252946 0.0282807 0.00313584
54 0.927582 0.153428 0.021039 0.0229934 0.00307098
36 0.543595 0.685496 0.0600165 0.044284 0.0029336
36 0.489547 0.70927 0.0165965 0.0279775 0.00282633
10 0.945425 0.14184 0.0167835 0.0404731 0.00272084
18 0.935095 0.236784 0.0521092 0.139825 0.0027199
19 0.92114 0.3004 0.0293365 0.0745812 0.00268058
44 0.940796 0.173078 0.0485659 0.026938 0.00264707
18 0.935301 0.285489 0.0267963 0.043633 0.0026253
9 0.942957 0.14751 0.0106323 0.029336 0.00262202
0 0.950423 0.107475 0.0304302 0.108764 0.00255318
35 0.57452 0.671957 0.0603102 0.0578681 0.00253492
31 0.925331 0.154407 0.0215818 0.0284736 0.00247547
36 0.954379 0.134676 0.0228914 0.0563062 0.00247059
35 0.945425 0.14184 0.0167835 0.0404731 0.00241464
35 0.461576 0.712585 0.0308185 0.146564 0.00237988
35 0.468246 0.72942 0.0348164 0.0573846 0.00234559
36 0.543527 0.646012 0.0818279 0.0968187 0.00234536
27 0.927582 0.153428 0.021039 0.0229934 0.00234082
35 0.485725 0.70165 0.106392 0.215958 0.00230638
4 0.655244 0.592587 0.139891 0.191559 0.00222269
11 0.950423 0.107475 0.0304302 0.108764 0.00221247
9 0.933126 0.109287 0.0336666 0.10435 0.0021511
51 0.954379 0.134676 0.0228914 0.0563062 0.00210015
20 0.927582 0.153428 0.021039 0.0229934 0.0020844
18 0.92114 0.3004 0.0293365 0.0745812 0.00205665
29 0.940796 0.173078 0.0485659 0.026938 0.00204229
31 0.931771 0.110716 0.0350552 0.104813 0.0020274
32 0.932651 0.292544 0.0317512 0.0560742 0.00185952
11 0.947301 0.170009 0.037316 0.0280744 0.00183457
35 0.458361 0.728596 0.0368552 0.0769221 0.00183049
18 0.912451 0.303922 0.0236885 0.0950261 0.0018114
18 0.551941 0.635312 0.104714 0.162491 0.00177511
10 0.926224 0.133249 0.0246306 0.0652179 0.00176666
10 0.989817 0.146432 0.0191761 0.086479 0.00169071
9 0.929869 0.146426 0.0252946 0.0282807 0.00169053
22 0.473412 0.782758 0.0407516 0.0712892 0.00168762
35 0.478738 0.696293 0.041198 0.123484 0.00168066
45 0.945425 0.14184 0.0167835 0.0404731 0.00163851
36 0.459832 0.717148 0.0497314 0.139039 0.00162716
18 0.922698 0.281011 0.0351704 0.100354 0.00154612
10 0.991806 0.0838124 0.0147441 0.0319734 0.00152992
35 0.569588 0.655282 0.0251016 0.0694395 0.00151973
35 0.567032 0.659779 0.0391794 0.0771567 0.0015195
35 0.469996 0.748798 0.0461639 0.125689 0.00151333
19 0.955623 0.202197 0.031514 0.289888 0.00147224
35 0.553271 0.672463 0.0380239 0.0659151 0.00144039
18 0.933431 0.108865 0.0348156 0.106472 0.00142397
9 0.947301 0.170009 0.037316 0.0280744 0.00142002
14 0.928425 0.307937 0.041774 0.0886858 0.00140789
45 0.926224 0.133249 0.0246306 0.0652179 0.0014032
0 0.947301 0.170009 0.037316 0.0280744 0.00140299
36 0.447062 0.747234 0.0411511 0.149198 0.0014025
0 0.935113 0.259475 0.0601456 0.200662 0.00137807
31 0.926224 0.133249 0.0246306 0.0652179 0.00137305
36 0.685117 0.644675 0.0827137 0.084224 0.00129299
10 0.980295 0.142604 0.0302418 0.0676961 0.00129015
10 0.929869 0.146426 0.0252946 0.0282807 0.00126171
36 0.481629 0.726861 0.0326945 0.0723312 0.00126003
35 0.556136 0.69564 0.0449993 0.0432325 0.0012504
19 0.928425 0.307937 0.041774 0.0886858 0.00121409
51 0.94074 0.171418 0.0465563 0.0258078 0.00119074
26 0.933126 0.109287 0.0336666 0.10435 0.00118024
18 0.452308 0.676623 0.092064 0.281627 0.00117883
49 0.953124 0.108381 0.0298771 0.11055 0.00117234
9 0.932665 0.127146 0.0481668 0.121964 0.00116678
48 0.927582 0.153428 0.021039 0.0229934 0.00116621
36 0.46308 0.762241 0.0371025 0.0920297 0.00114608
36 0.942957 0.14751 0.0106323 0.029336 0.00114488
0 0.955623 0.202197 0.031514 0.289888 0.00112952
0 0.946119 0.218869 0.0452831 0.276621 0.00111047
36 0.681608 0.628569 0.0563945 0.0978348 0.00104813
53 0.933126 0.109287 0.0336666 0.10435 0.00103389
0 0.943382 0.225481 0.0472153 0.140837 0.00100405
