2 0.907605 0.23085 0.17135 0.456347 0.596494
8 0.425202 0.575369 0.220124 0.326483 0.532461
5 0.42532 0.57621 0.228481 0.328098 0.30413
7 0.907807 0.238462 0.174105 0.469593 0.0449123
10 0.867541 0.197113 0.252125 0.385417 0.018149
11 0.512212 0.0958765 0.969701 0.191753 0.0100206
5 0.509295 0.246618 0.0927177 0.0868716 0.00883763
10 0.425404 0.580026 0.217552 0.31501 0.0076377
4 0.868582 0.181911 0.25122 0.354307 0.00555082
5 0.578941 0.250952 0.244029 0.103539 0.00270258
7 0.868582 0.181911 0.25122 0.354307 0.00257831
4 0.512212 0.0958765 0.969701 0.191753 0.00215131
6 0.425597 0.577709 0.226238 0.329104 0.00141333
10 0.907479 0.234606 0.172116 0.465767 0.00136725
11 0.405133 0.0684139 0.782399 0.136828 0.00125755
2 0.868582 0.181911 0.25122 0.354307 0.00124378
