3 0.592088 0.58858 0.70457 0.478522 0.90873
10 0.0978442 0.684405 0.106623 0.26338 0.85696
10 0.21187 0.735075 0.119266 0.315147 0.855598
10 0.328853 0.678172 0.129359 0.401604 0.741939
10 0.819668 0.550931 0.0936834 0.078894 0.544052
10 0.171641 0.67923 0.0511157 0.226676 0.121228
4 0.0618674 0.691317 0.108229 0.183895 0.00699646
4 0.960101 0.746252 0.0728306 0.310196 0.00673951
4 0.047126 0.694044 0.0888507 0.125351 0.00592634
10 0.329655 0.587502 0.122709 0.242978 0.00366722
10 0.175167 0.641699 0.0545098 0.146954 0.00361048
3 0.0618674 0.691317 0.108229 0.183895 0.0011249
4 0.0745405 0.721275 0.13382 0.165859 0.00101343
10 0.94983 0.667321 0.0909405 0.211083 0.00100837
