9 0.412435 0.661664 0.524967 0.665355 0.895176
10 0.27568 0.542267 0.203876 0.724781 0.832737
10 0.746306 0.305263 0.0686048 0.32138 0.820227
10 0.884143 0.306902 0.118673 0.312229 0.810192
10 0.569501 0.347626 0.0806713 0.414708 0.784362
10 0.414893 0.267021 0.0580232 0.218454 0.7637
10 0.486921 0.270311 0.0647762 0.262609 0.761283
10 0.36399 0.251819 0.0456596 0.205639 0.74662
10 0.0957844 0.249873 0.0714305 0.192483 0.72839
10 0.675213 0.314664 0.0681606 0.303503 0.727168
10 0.623013 0.296378 0.0672998 0.323653 0.694857
10 0.32447 0.231783 0.0435956 0.159334 0.679908
10 0.0329602 0.255618 0.0534061 0.187714 0.642672
10 0.170158 0.220296 0.0660004 0.131535 0.502561
10 0.888657 0.399062 0.138182 0.498242 0.290353
10 0.289122 0.184135 0.0606959 0.0897214 0.247856
10 0.217372 0.48135 0.0936913 0.61435 0.129984
10 0.529317 0.307322 0.0636724 0.370333 0.0862641
9 0.908248 0.486296 0.161017 0.30993 0.0581707
10 0.292755 0.310989 0.127885 0.227139 0.0537408
10 0.552385 0.323124 0.077685 0.365507 0.0505557
10 0.857222 0.259113 0.0448978 0.178328 0.0479289
10 0.669164 0.261513 0.0551094 0.200108 0.0403128
10 0.184443 0.222654 0.050783 0.133357 0.0257964
10 0.0484023 0.238238 0.0622863 0.163414 0.0250203
10 0.506692 0.298621 0.0832696 0.315462 0.0234127
10 0.0636688 0.236067 0.0470787 0.166102 0.0202852
10 0.801122 0.236477 0.0499969 0.123234 0.0192302
10 0.668543 0.220466 0.0509794 0.114059 0.0183882
10 0.217548 0.295872 0.0895666 0.255323 0.0153554
10 0.690109 0.26413 0.0578137 0.179455 0.0128686
10 0.297563 0.230804 0.0860394 0.169629 0.0113229
6 0.90397 0.48598 0.17278 0.317438 0.0103679
10 0.333858 0.246145 0.0591209 0.191918 0.00925956
11 0.913537 0.493501 0.164811 0.304039 0.00837096
10 0.656934 0.311642 0.0827473 0.334386 0.00832149
10 0.549898 0.221214 0.0639861 0.179456 0.00715053
0 0.909815 0.486082 0.16055 0.31075 0.00635191
10 0.641033 0.169592 0.0444754 0.0959992 0.00544685
10 0.51155 0.25297 0.0558567 0.227191 0.00483092
6 0.366256 0.259376 0.0466301 0.209138 0.00473503
10 0.638091 0.195766 0.0521616 0.13578 0.00460031
10 0.649351 0.202201 0.0440662 0.105911 0.00411758
10 0.56306 0.251948 0.066885 0.215782 0.00368524
10 0.210109 0.23582 0.0952994 0.15221 0.00351468
10 0.563076 0.190981 0.0729931 0.116734 0.00348059
10 0.92742 0.253738 0.05527 0.18496 0.00325341
9 0.571282 0.38121 0.0801692 0.403533 0.00284644
9 0.458908 0.428101 0.0744238 0.195515 0.00241033
10 0.602442 0.228017 0.0561914 0.151723 0.00216321
0 0.404589 0.662221 0.519452 0.647699 0.00193275
10 0.151963 0.224315 0.0383212 0.14141 0.00188384
10 0.539494 0.258635 0.0548664 0.247279 0.00185414
10 0.323847 0.195201 0.0389463 0.0994048 0.00179007
10 0.890165 0.274037 0.0995935 0.219537 0.00173226
10 0.661228 0.188365 0.0531022 0.105188 0.00172861
10 0.575876 0.22902 0.0587064 0.157799 0.00170321
9 0.872571 0.325707 0.095554 0.267633 0.00163226
6 0.663693 0.366855 0.0559517 0.198865 0.00161802
10 0.031444 0.216209 0.0473873 0.109805 0.00159885
10 0.590005 0.302846 0.089633 0.309365 0.0015929
9 0.304492 0.617347 0.31451 0.55012 0.00155542
10 0.63921 0.24579 0.0528858 0.217509 0.00154223
6 0.61215 0.339951 0.060386 0.248979 0.00150837
10 0.596949 0.204615 0.0596413 0.113823 0.00142115
10 0.745969 0.216717 0.0549397 0.141303 0.00141652
4 0.728273 0.289361 0.282978 0.164918 0.00138864
2 0.982707 0.345818 0.0264126 0.101061 0.00128498
9 0.890815 0.400035 0.13817 0.49526 0.00126088
10 0.28617 0.433014 0.1668 0.477816 0.00124047
10 0.284367 0.214852 0.0628532 0.119581 0.00122332
6 0.43809 0.279249 0.0404595 0.182568 0.0010867
9 0.508472 0.306068 0.0930664 0.320092 0.0010633
