0 0.783186 0.584983 0.173686 0.240277 0.776455
6 0.401962 0.481861 0.0831778 0.203665 0.286108
11 0.677638 0.515186 0.145334 0.168347 0.258223
6 0.468617 0.467684 0.0606274 0.147228 0.22682
6 0.688774 0.492445 0.0825076 0.123437 0.18846
6 0.513127 0.512037 0.0581047 0.141229 0.146148
11 0.258384 0.634152 0.262837 0.124339 0.141897
11 0.698945 0.449982 0.117429 0.0712304 0.113696
6 0.572934 0.52676 0.0845829 0.1012 0.106546
11 0.572083 0.529379 0.0820964 0.0975713 0.0892436
6 0.58854 0.514353 0.0614767 0.115999 0.0843356
11 0.111631 0.589033 0.174616 0.169917 0.0800712
11 0.524114 0.368322 0.0509695 0.0860417 0.0734967
11 0.70299 0.467205 0.133119 0.104681 0.0667088
11 0.246951 0.512393 0.150966 0.158066 0.0649729
11 0.500695 0.606432 0.188048 0.15455 0.0543617
6 0.465815 0.497097 0.0528195 0.0932862 0.0443966
11 0.251627 0.683094 0.267362 0.224362 0.0423072
6 0.541526 0.507921 0.0672682 0.125353 0.0409823
0 0.895954 0.629382 0.124593 0.46404 0.0392191
0 0.742006 0.52484 0.0910313 0.187434 0.0350651
6 0.549143 0.509642 0.126048 0.131787 0.0343919
6 0.602399 0.50427 0.0572545 0.140322 0.0285071
11 0.696101 0.498783 0.0850502 0.132927 0.0207831
6 0.881064 0.400971 0.118794 0.128389 0.0199164
11 0.130804 0.552249 0.162334 0.0917649 0.0183792
6 0.620061 0.506228 0.0485749 0.146633 0.0171457
2 0.100258 0.42092 0.0338957 0.082158 0.0160985
6 0.680983 0.568989 0.0726025 0.124055 0.0148691
6 0.634896 0.515951 0.0645344 0.162425 0.0126731
6 0.739261 0.52043 0.0927187 0.187273 0.0119895
11 0.350326 0.495576 0.0921957 0.114168 0.0112495
6 0.379287 0.481545 0.0482064 0.139607 0.0110768
11 0.639414 0.514994 0.0714814 0.154041 0.0110597
6 0.407809 0.484503 0.0546796 0.169331 0.0103965
0 0.878674 0.67203 0.0806057 0.366868 0.0102083
11 0.713309 0.503523 0.129542 0.174823 0.00968493
6 0.267363 0.656834 0.235677 0.316088 0.0095561
11 0.679795 0.567575 0.0744219 0.126466 0.00952637
6 0.285889 0.614522 0.204986 0.22122 0.00890451
6 0.517953 0.366306 0.0445936 0.0893944 0.00859725
0 0.258571 0.585432 0.269431 0.478486 0.00858099
6 0.672121 0.516308 0.0954575 0.149543 0.00819359
4 0.904774 0.62163 0.165959 0.487611 0.00814127
6 0.329303 0.549493 0.121318 0.302874 0.00798074
11 0.203162 0.618252 0.141892 0.0898211 0.00723065
6 0.288527 0.527368 0.194922 0.355732 0.00700747
11 0.552493 0.516286 0.120766 0.119026 0.00669106
11 0.243604 0.475984 0.156666 0.112287 0.00647039
6 0.677876 0.519653 0.144229 0.174883 0.00614509
6 0.216838 0.519491 0.0969377 0.155754 0.00593694
6 0.542921 0.496861 0.0410887 0.097249 0.00507632
1 0.258462 0.55392 0.268043 0.411018 0.00496732
6 0.330412 0.575281 0.108963 0.160414 0.00478644
6 0.257197 0.64086 0.269835 0.592239 0.00477469
6 0.479385 0.497933 0.0811884 0.120028 0.00441269
11 0.681463 0.469335 0.0960575 0.0829834 0.00435654
11 0.134679 0.540864 0.122784 0.0702739 0.00409543
11 0.395951 0.48333 0.0785739 0.160273 0.00386385
6 0.584415 0.486834 0.0578768 0.11927 0.00386373
0 0.687818 0.509218 0.167764 0.16073 0.00385015
6 0.758555 0.393142 0.0706421 0.13181 0.00377578
6 0.656542 0.501367 0.0994112 0.119144 0.00345481
11 0.670904 0.491043 0.108096 0.10976 0.00336185
6 0.204635 0.520373 0.147148 0.182545 0.00333675
6 0.705963 0.47883 0.111693 0.123628 0.00301583
11 0.377311 0.486952 0.0471483 0.146346 0.00293624
10 0.513031 0.517407 0.0525505 0.151294 0.00291615
6 0.0566308 0.511404 0.091663 0.134784 0.00261912
9 0.784281 0.589815 0.174915 0.229621 0.00254838
11 0.231845 0.608182 0.195919 0.0865972 0.00254383
6 0.550754 0.527268 0.0494579 0.0878657 0.00252482
6 0.62671 0.527484 0.0465075 0.135044 0.00252015
10 0.895978 0.607478 0.147715 0.465647 0.00248948
6 0.561423 0.512344 0.0599209 0.104 0.00248585
6 0.9114 0.631747 0.157799 0.522529 0.00242078
7 0.513031 0.517407 0.0525505 0.151294 0.00226668
11 0.156791 0.516271 0.27748 0.200054 0.00226179
6 0.352785 0.612953 0.0774655 0.172599 0.00223711
11 0.58854 0.514353 0.0614767 0.115999 0.00220888
4 0.687818 0.509218 0.167764 0.16073 0.00208547
6 0.467379 0.430529 0.0603218 0.121066 0.00206967
11 0.119733 0.48394 0.203965 0.124137 0.001983
6 0.449246 0.512518 0.0764297 0.117615 0.001966
6 0.421097 0.514953 0.0816649 0.138 0.00179105
11 0.699838 0.536656 0.128885 0.169437 0.00177572
10 0.688774 0.492445 0.0825076 0.123437 0.00174859
9 0.742006 0.52484 0.0910313 0.187434 0.00172499
11 0.879535 0.443935 0.117493 0.0894218 0.00170538
6 0.101962 0.545965 0.185819 0.304596 0.00168332
11 0.222543 0.493021 0.125678 0.133494 0.00166051
6 0.0914125 0.492851 0.168215 0.194951 0.00158637
6 0.468736 0.516993 0.0501316 0.0998929 0.00155744
11 0.321571 0.577556 0.116036 0.158147 0.00153328
6 0.582873 0.463748 0.0463015 0.0839623 0.00149316
6 0.268032 0.509208 0.129468 0.15193 0.00148527
6 0.291104 0.460083 0.133306 0.219366 0.0014509
6 0.570589 0.48804 0.0595503 0.0915501 0.00142516
0 0.841758 0.590627 0.0567337 0.215951 0.00142301
6 0.204141 0.622984 0.154934 0.122925 0.0013752
11 0.737819 0.515775 0.0981272 0.181411 0.00134673
6 0.320586 0.648117 0.132815 0.299091 0.00131775
9 0.687818 0.509218 0.167764 0.16073 0.00127791
6 0.398118 0.519897 0.0794731 0.130343 0.00124051
6 0.322898 0.460599 0.0744803 0.205799 0.00124026
11 0.256036 0.6522 0.268079 0.616696 0.00121405
6 0.881257 0.450812 0.121134 0.222667 0.00114457
6 0.606553 0.473375 0.0365885 0.0877139 0.00112104
6 0.156791 0.516271 0.27748 0.200054 0.00111602
11 0.160111 0.471441 0.0901282 0.158101 0.00105543
