10 0.244443 0.802406 0.0976184 0.375931 0.865337
10 0.14294 0.800915 0.0960259 0.376281 0.837132
10 0.854024 0.74745 0.0650726 0.263125 0.806275
10 0.333673 0.729049 0.0630818 0.231952 0.794203
10 0.0590266 0.797509 0.071796 0.332459 0.791695
10 0.971251 0.767636 0.0501667 0.229962 0.737509
9 0.459305 0.728179 0.0381919 0.0863882 0.732801
9 0.701458 0.766911 0.0722339 0.117669 0.705714
10 0.701418 0.727754 0.0391313 0.158663 0.674198
10 0.50735 0.692681 0.0304379 0.111155 0.642939
10 0.934799 0.75566 0.0407251 0.181117 0.617759
10 0.640969 0.726413 0.0397283 0.119729 0.617628
9 0.161149 0.868088 0.211706 0.239623 0.578173
10 0.567683 0.683556 0.0278438 0.0642867 0.50874
10 0.904164 0.732691 0.0373897 0.115876 0.503355
9 0.959402 0.826985 0.0704588 0.164048 0.500535
10 0.462059 0.682467 0.0272768 0.0762282 0.494318
9 0.548206 0.727912 0.0385512 0.0881675 0.43971
10 0.56561 0.710047 0.0288557 0.116677 0.388648
10 0.648181 0.704369 0.0384642 0.0740223 0.265589
4 0.423128 0.67621 0.048459 0.063259 0.184913
10 0.554236 0.71998 0.0350403 0.10176 0.148721
10 0.460764 0.704769 0.0313493 0.101744 0.124795
10 0.789035 0.69717 0.0281561 0.0689998 0.122182
4 0.377462 0.670508 0.0427051 0.0730152 0.117594
10 0.657707 0.70373 0.044173 0.0695802 0.114217
10 0.779774 0.698407 0.0326775 0.0682649 0.112443
10 0.755385 0.750801 0.0404561 0.122628 0.0838472
10 0.482754 0.671287 0.0216394 0.0578721 0.0831686
10 0.547567 0.72335 0.0338418 0.0872301 0.0772014
10 0.897158 0.713042 0.0418322 0.0995586 0.0706077
4 0.296102 0.660383 0.0360387 0.0414723 0.0522643
10 0.678673 0.7071 0.0231615 0.0793324 0.0501866
10 0.502825 0.682679 0.0260399 0.0873818 0.0417953
10 0.559866 0.704672 0.0271643 0.0910181 0.0372106
10 0.509868 0.717683 0.0333307 0.0823134 0.0350453
10 0.59112 0.684268 0.033717 0.0601118 0.0323985
10 0.840163 0.734568 0.0419723 0.234019 0.0290895
10 0.447351 0.677428 0.0209657 0.0670151 0.0284866
10 0.771923 0.716163 0.0294171 0.0918176 0.028002
10 0.439323 0.67613 0.0337334 0.0651944 0.0275223
10 0.531412 0.677935 0.0242713 0.0655921 0.0270273
6 0.0202873 0.866389 0.0350801 0.209052 0.0265832
9 0.930638 0.821679 0.0744461 0.147968 0.0260901
10 0.863733 0.76212 0.0513426 0.209662 0.0260527
9 0.737237 0.760002 0.0764648 0.131832 0.0248501
0 0.152511 0.872043 0.196029 0.239307 0.0248318
9 0.920812 0.81669 0.0584549 0.109603 0.0233914
10 0.0618268 0.741566 0.0636346 0.217791 0.018178
9 0.509163 0.712932 0.0305213 0.0835353 0.0179908
10 0.112298 0.689434 0.0371753 0.127421 0.0178563
9 0.355017 0.697946 0.0340108 0.0677381 0.0172193
6 0.903888 0.731581 0.0372267 0.123082 0.0171596
10 0.558006 0.675039 0.0253203 0.0593238 0.0168759
10 0.488417 0.678899 0.0305208 0.0767846 0.0163938
4 0.194428 0.68806 0.0827766 0.0864149 0.0159798
10 0.352106 0.677633 0.0501147 0.0991927 0.0159707
6 0.916224 0.811927 0.0492578 0.111926 0.01515
4 0.366868 0.687188 0.0453074 0.0773229 0.015038
10 0.654579 0.729454 0.0587811 0.106099 0.0142143
10 0.542104 0.678726 0.019449 0.0521694 0.0139492
10 0.771637 0.689755 0.0291782 0.0708797 0.013887
10 0.350039 0.692871 0.0407898 0.0852928 0.012599
6 0.917834 0.743047 0.0475634 0.14767 0.0124483
9 0.640032 0.728287 0.0483857 0.110819 0.0120749
10 0.917834 0.743047 0.0475634 0.14767 0.01189
10 0.62909 0.738883 0.0528011 0.0896746 0.0110376
4 0.410225 0.666468 0.0288454 0.0673054 0.0106324
10 0.673368 0.710235 0.0313643 0.0899485 0.0102126
10 0.545716 0.707933 0.0264494 0.104284 0.00985236
10 0.576554 0.690822 0.0365577 0.0615687 0.00932083
9 0.754282 0.750229 0.0420244 0.123133 0.00928184
6 0.0315313 0.833428 0.059535 0.235042 0.00927362
10 0.536067 0.70697 0.0283841 0.0922958 0.00842256
10 0.739314 0.755637 0.0728608 0.13507 0.00835333
10 0.531099 0.695699 0.0258784 0.103019 0.0080564
10 0.349359 0.661603 0.0400425 0.0775204 0.00803803
10 0.596351 0.69827 0.0320738 0.0413831 0.00776421
10 0.893929 0.687057 0.0424232 0.0813957 0.00722606
10 0.799432 0.699599 0.0229633 0.0695625 0.00719453
4 0.384102 0.657292 0.0403879 0.0683317 0.0071827
4 0.46022 0.728929 0.0383481 0.0882332 0.00714461
10 0.340766 0.628148 0.0364884 0.0535685 0.00631582
10 0.793547 0.785981 0.0257086 0.0679537 0.00603383
10 0.108364 0.70769 0.0347836 0.0946574 0.00592632
2 0.0324014 0.0934484 0.0623041 0.186897 0.00542833
9 0.599136 0.702525 0.0276367 0.0404527 0.00533058
6 0.911854 0.780841 0.0482378 0.141571 0.00530009
10 0.491555 0.673074 0.0513951 0.0803394 0.00519829
4 0.439323 0.67613 0.0337334 0.0651944 0.00465136
10 0.679455 0.728989 0.0330003 0.112742 0.00454519
10 0.756543 0.678198 0.0276168 0.0636971 0.00431701
9 0.969752 0.811888 0.0469334 0.144951 0.00428327
9 0.455959 0.70918 0.0332853 0.102204 0.00390714
10 0.691661 0.696461 0.0400721 0.084288 0.00388981
6 0.934115 0.756189 0.0416969 0.180722 0.00364244
10 0.744893 0.706764 0.0291095 0.0807774 0.00346896
0 0.0195307 0.876197 0.033348 0.241835 0.00326749
10 0.781269 0.714192 0.0342061 0.113309 0.0032591
9 0.461514 0.699293 0.0310843 0.101135 0.00314065
6 0.642871 0.751595 0.076577 0.0905757 0.0031051
9 0.944666 0.811579 0.0665674 0.131048 0.00284931
10 0.57438 0.716642 0.0382744 0.0977908 0.00280675
4 0.37229 0.646537 0.0331085 0.0511752 0.00263935
10 0.34665 0.635443 0.0396856 0.0529818 0.0026108
10 0.11258 0.655409 0.0322077 0.107348 0.00254792
6 0.0217053 0.805613 0.0374382 0.169892 0.00245921
4 0.290684 0.677291 0.0362428 0.075359 0.00227879
0 0.959996 0.82524 0.0684813 0.164373 0.00227004
6 0.636782 0.734693 0.0457679 0.107251 0.00222197
9 0.561001 0.713718 0.0289636 0.112908 0.00217543
10 0.932389 0.708521 0.0327521 0.0904408 0.0020379
4 0.197906 0.660013 0.0797089 0.0734425 0.00201933
10 0.615545 0.735122 0.0335107 0.0904286 0.00199937
10 0.797016 0.689355 0.0304891 0.0779571 0.00197415
10 0.811221 0.704517 0.0340191 0.0864404 0.001962
10 0.466477 0.667652 0.0418697 0.0725437 0.00191498
10 0.723261 0.698409 0.0354443 0.0913797 0.00186701
9 0.58688 0.730088 0.0730106 0.0813418 0.00186148
6 0.891415 0.767417 0.0560287 0.14509 0.00183313
10 0.903977 0.703354 0.0383987 0.0873953 0.00181345
9 0.0315313 0.833428 0.059535 0.235042 0.00180044
4 0.460456 0.68882 0.0323724 0.0811947 0.00179963
0 0.549652 0.7269 0.0431597 0.0853049 0.00171492
11 0.0195176 0.875567 0.033647 0.227286 0.00170879
10 0.422834 0.67017 0.0464897 0.071287 0.00167209
10 0.592517 0.729612 0.0710606 0.0857384 0.00161415
10 0.3779 0.669796 0.0428368 0.0717515 0.00161088
10 0.341404 0.664227 0.0440359 0.106504 0.00160823
9 0.0211252 0.84684 0.0372499 0.19507 0.00159643
9 0.647531 0.757295 0.0771105 0.0868471 0.00157886
10 0.862066 0.659823 0.0383668 0.0797115 0.00156811
10 0.31749 0.660306 0.0261357 0.061508 0.00156687
0 0.0300915 0.867857 0.0488197 0.242151 0.00153333
9 0.977532 0.818362 0.0378431 0.198328 0.00152575
9 0.622837 0.733343 0.0861296 0.0952859 0.00152532
4 0.548632 0.728654 0.0386774 0.0883285 0.00151982
10 0.410225 0.666468 0.0288454 0.0673054 0.00151162
6 0.865591 0.767145 0.0518912 0.199742 0.0015107
10 0.765688 0.749389 0.045003 0.11772 0.00142571
4 0.405793 0.650931 0.0275209 0.055363 0.00141494
4 0.447351 0.677428 0.0209657 0.0670151 0.00140028
11 0.167427 0.824247 0.123232 0.130666 0.00139196
10 0.83839 0.686485 0.0382452 0.13468 0.00137159
9 0.576554 0.690822 0.0365577 0.0615687 0.0013253
4 0.488417 0.678899 0.0305208 0.0767846 0.00129909
10 0.0704173 0.643642 0.0340489 0.0628616 0.00126953
4 0.352106 0.677633 0.0501147 0.0991927 0.00122397
0 0.35566 0.700655 0.0314462 0.0665116 0.00122169
10 0.46022 0.728929 0.0383481 0.0882332 0.0012138
10 0.480017 0.700323 0.0281166 0.061408 0.00120949
10 0.81679 0.791875 0.0297631 0.0711239 0.00120473
10 0.282179 0.72016 0.0221138 0.112222 0.00118821
6 0.944666 0.811579 0.0665674 0.131048 0.00117894
3 0.388994 0.622328 0.0373058 0.0648868 0.00117496
10 0.754769 0.664829 0.024557 0.0494342 0.00116492
10 0.512789 0.683002 0.0999547 0.108776 0.00116124
9 0.373953 0.679825 0.0461675 0.0775421 0.00113514
10 0.763674 0.665479 0.0282295 0.0486183 0.00110277
10 0.779959 0.666949 0.0280346 0.049448 0.00109185
10 0.721351 0.679392 0.0325393 0.0626916 0.00106391
10 0.745369 0.68424 0.02567 0.0686198 0.00106261
9 0.69844 0.7343 0.0533382 0.166224 0.00105712
9 0.57438 0.716642 0.0382744 0.0977908 0.0010196
9 0.423681 0.674681 0.045383 0.0665712 0.00100371
