10 0.247153 0.57265 0.150288 0.58702 0.820505
10 0.158781 0.620418 0.130532 0.530556 0.650254
0 0.39859 0.594904 0.343157 0.675484 0.574979
0 0.905597 0.621831 0.176436 0.632712 0.298232
10 0.156566 0.517591 0.12062 0.330284 0.188944
11 0.0355769 0.705748 0.0641067 0.182996 0.0388818
6 0.690873 0.564529 0.167183 0.325712 0.0360023
6 0.0358539 0.651381 0.0611414 0.298724 0.00974464
6 0.164465 0.596976 0.144358 0.57954 0.00826194
0 0.798256 0.638474 0.391419 0.618258 0.00818321
6 0.395985 0.682069 0.314608 0.470102 0.00673876
6 0.555912 0.379531 0.174346 0.415615 0.0052607
6 0.0693159 0.467653 0.0825006 0.0951277 0.00378724
10 0.375289 0.588543 0.394495 0.640917 0.00357537
6 0.147642 0.653715 0.108929 0.460117 0.00310153
11 0.0355615 0.642788 0.0593777 0.31986 0.00228612
6 0.603849 0.382784 0.288615 0.432587 0.00152218
11 0.0497684 0.574204 0.0728718 0.271453 0.00109553
6 0.0335754 0.560875 0.056416 0.189763 0.00102641
