5 0.361992 0.75366 0.524888 0.179942 0.818641
5 0.697502 0.349937 0.147391 0.0692995 0.458262
5 0.579411 0.445696 0.285213 0.0887335 0.413361
8 0.607538 0.257659 0.117563 0.0794271 0.397344
8 0.581581 0.446401 0.275128 0.0890655 0.24838
5 0.607442 0.257514 0.122954 0.0796982 0.0942191
8 0.666904 0.442695 0.0902068 0.077759 0.0431022
8 0.362319 0.754605 0.521552 0.183859 0.0111178
8 0.636067 0.443189 0.149913 0.0791763 0.00598454
10 0.579519 0.444452 0.287892 0.0867992 0.00563818
1 0.581749 0.445971 0.277793 0.0884779 0.00424557
8 0.691869 0.349801 0.155751 0.0690529 0.00293235
1 0.665611 0.441141 0.0901478 0.0745273 0.00156679
10 0.668798 0.441656 0.0882605 0.0764131 0.00143503
5 0.668798 0.441656 0.0882605 0.0764131 0.00142829
7 0.776771 0.702972 0.0750397 0.138993 0.00124073
