8 0.568878 0.678368 0.149452 0.15513 0.867393
4 0.789801 0.48015 0.182603 0.170499 0.860783
10 0.488312 0.465245 0.0528907 0.191456 0.778658
10 0.434135 0.477853 0.0527431 0.181706 0.739651
5 0.707894 0.509666 0.0591947 0.11387 0.0686606
8 0.709091 0.5095 0.0588261 0.115167 0.0551532
8 0.416529 0.505695 0.0293067 0.0745259 0.0471423
9 0.708505 0.508221 0.0580391 0.115744 0.0186456
5 0.569635 0.678102 0.149669 0.156077 0.00863424
4 0.772541 0.413888 0.0377856 0.0362885 0.00582474
0 0.707672 0.507677 0.0583 0.116323 0.00306177
10 0.569635 0.678102 0.149669 0.156077 0.00107858
