7 0.311455 0.656973 0.20684 0.575148 0.838445
2 0.529296 0.349111 0.0507608 0.220357 0.518442
7 0.167205 0.46116 0.254155 0.86572 0.419095
2 0.462914 0.348443 0.0473051 0.215734 0.295011
11 0.457771 0.780867 0.851818 0.41784 0.230449
7 0.911243 0.40547 0.168581 0.209064 0.0603554
2 0.744666 0.350512 0.105999 0.273841 0.0465933
2 0.481803 0.343228 0.0715218 0.229314 0.0312938
2 0.617944 0.349656 0.150031 0.269216 0.021067
7 0.87208 0.400517 0.0792316 0.192788 0.0176611
11 0.421874 0.759913 0.536947 0.390009 0.0170532
2 0.492158 0.287063 0.12254 0.344905 0.0123547
2 0.775991 0.349315 0.16998 0.284902 0.0120813
11 0.49355 0.717515 0.370545 0.306669 0.0090137
2 0.502948 0.342586 0.0632307 0.230023 0.0086188
2 0.66534 0.0951876 0.0693281 0.167449 0.00843605
7 0.953967 0.408332 0.0865149 0.193562 0.00478596
2 0.76734 0.371382 0.0761131 0.227171 0.00431754
2 0.826902 0.375331 0.0594862 0.231095 0.00416569
2 0.423804 0.352606 0.0578955 0.205198 0.00408245
2 0.168235 0.462613 0.259018 0.87548 0.00408009
2 0.489162 0.16965 0.0734553 0.324914 0.0040723
2 0.490061 0.347522 0.0444744 0.21637 0.00335094
2 0.620551 0.0936287 0.168289 0.172444 0.00247252
6 0.841809 0.887922 0.312514 0.20019 0.00244333
2 0.442108 0.350126 0.0696581 0.21621 0.00222812
7 0.761377 0.352211 0.142595 0.273507 0.00193487
2 0.656249 0.365965 0.082764 0.240645 0.00192071
2 0.489639 0.10885 0.0482279 0.198021 0.00186665
7 0.85074 0.401476 0.047986 0.189389 0.0015964
2 0.634628 0.362945 0.0831785 0.242991 0.00157388
11 0.275081 0.645096 0.534857 0.657568 0.00151493
7 0.852514 0.400741 0.079747 0.189904 0.00129674
2 0.459715 0.343794 0.0839415 0.219544 0.00124354
2 0.665529 0.349697 0.204692 0.275222 0.00121486
2 0.932223 0.410258 0.12311 0.215612 0.0012044
2 0.0420786 0.326503 0.0750722 0.133376 0.00116596
2 0.657075 0.247619 0.512026 0.477651 0.00101991
