6 0.0530796 0.52667 0.0870128 0.127873 0.744737
6 0.573927 0.581721 0.148792 0.188056 0.733552
11 0.126628 0.647148 0.23081 0.154643 0.557976
6 0.902222 0.641646 0.160051 0.452687 0.0533111
6 0.126741 0.648049 0.228324 0.152838 0.0169455
6 0.868448 0.597888 0.145245 0.313378 0.0143446
6 0.566532 0.555403 0.127057 0.13162 0.00537897
6 0.850234 0.573909 0.109926 0.247146 0.00373281
11 0.838914 0.890724 0.264371 0.194817 0.00293179
6 0.887168 0.55081 0.18573 0.280569 0.00251771
11 0.744913 0.537825 0.150955 0.265801 0.0023568
11 0.583768 0.603315 0.119303 0.168061 0.00121161
