6 0.185427 0.52813 0.320212 0.889333 0.348734
2 0.516296 0.374597 0.227486 0.33842 0.18143
6 0.305245 0.522507 0.565158 0.882393 0.0917022
11 0.531202 0.522565 0.651351 0.850382 0.0840676
6 0.141172 0.339845 0.214573 0.496737 0.0635176
7 0.185512 0.530582 0.323132 0.884187 0.054326
2 0.141656 0.398333 0.147357 0.241954 0.0522127
2 0.767195 0.612844 0.207712 0.423489 0.0387197
5 0.782081 0.602102 0.187034 0.388348 0.0223587
11 0.340038 0.518424 0.635577 0.884558 0.0218986
10 0.537722 0.524551 0.660245 0.83889 0.0183182
2 0.136106 0.377068 0.206996 0.56983 0.0168205
11 0.599772 0.654193 0.567955 0.578012 0.0153619
10 0.186682 0.534656 0.326113 0.875582 0.0112482
2 0.549447 0.360933 0.129776 0.295274 0.0100789
6 0.514633 0.509816 0.765632 0.868452 0.00801957
2 0.103978 0.393648 0.192311 0.274152 0.0080061
7 0.278071 0.729457 0.128789 0.406913 0.00571452
2 0.576769 0.402515 0.246065 0.387776 0.00548254
10 0.340038 0.518424 0.635577 0.884558 0.00520798
2 0.50017 0.33065 0.308448 0.443701 0.00485353
10 0.475317 0.40315 0.13157 0.267243 0.00465735
6 0.64851 0.695397 0.628638 0.556205 0.00393927
2 0.731367 0.539407 0.302184 0.278788 0.00386916
2 0.641011 0.671852 0.320662 0.479362 0.00386085
2 0.185512 0.530582 0.323132 0.884187 0.00359666
10 0.622969 0.459754 0.153694 0.230826 0.00340152
10 0.508637 0.333122 0.310707 0.42708 0.00325174
10 0.772555 0.609505 0.192507 0.423993 0.00295603
10 0.517819 0.375284 0.226774 0.339766 0.00290923
7 0.247082 0.670695 0.190194 0.530249 0.00260621
2 0.799525 0.547886 0.142967 0.302149 0.00250275
6 0.475832 0.679044 0.78924 0.583155 0.00223747
6 0.195993 0.293318 0.311537 0.459065 0.00198437
2 0.756607 0.534997 0.140365 0.28937 0.00188653
2 0.278725 0.66545 0.135819 0.343424 0.0017957
6 0.514478 0.394022 0.17331 0.324516 0.00172858
10 0.634328 0.560902 0.534735 0.626565 0.0017086
2 0.729687 0.471486 0.321807 0.293017 0.00154835
7 0.284084 0.670571 0.110962 0.272607 0.00153604
2 0.173633 0.445988 0.125371 0.165308 0.00131879
11 0.186682 0.534656 0.326113 0.875582 0.00117451
2 0.724642 0.655622 0.268025 0.521947 0.00114382
2 0.788214 0.61148 0.150476 0.342359 0.00111626
10 0.737601 0.481317 0.376491 0.293242 0.00111485
4 0.682546 0.443019 0.61079 0.832551 0.00108506
5 0.808994 0.548895 0.131445 0.256408 0.0010618
7 0.535047 0.517683 0.687442 0.858047 0.00103158
2 0.593271 0.710295 0.211717 0.498042 0.00103132
