6 0.199868 0.537216 0.143425 0.25434 0.841687
6 0.774289 0.779211 0.426018 0.412298 0.455766
6 0.489578 0.461335 0.13698 0.13456 0.254914
6 0.653212 0.621639 0.650785 0.397543 0.110814
6 0.533926 0.640855 0.406888 0.352223 0.0630993
11 0.570159 0.495955 0.156981 0.0731558 0.0492577
6 0.478088 0.620519 0.295635 0.28349 0.0252613
8 0.820005 0.637422 0.328718 0.151557 0.0192438
11 0.580065 0.498498 0.302458 0.0778112 0.0178815
11 0.660833 0.514219 0.120086 0.07608 0.0136948
6 0.606971 0.649592 0.279886 0.298177 0.0119452
2 0.862389 0.522019 0.0466175 0.0782748 0.011354
6 0.774916 0.691846 0.424617 0.249054 0.00985143
6 0.237652 0.58748 0.08067 0.14333 0.00980594
5 0.816252 0.655168 0.334375 0.188025 0.00926798
5 0.852807 0.623618 0.274406 0.141719 0.00924547
10 0.586425 0.631282 0.299654 0.316203 0.00855399
11 0.229192 0.576696 0.0925392 0.166564 0.00798318
11 0.900363 0.559142 0.178003 0.11557 0.00797351
6 0.474884 0.50989 0.172764 0.234517 0.00674323
6 0.185786 0.517322 0.104922 0.187462 0.0049884
11 0.0798555 0.764884 0.143962 0.461071 0.00449059
11 0.57327 0.619534 0.323565 0.317435 0.00429523
11 0.485411 0.518345 0.245004 0.0705574 0.00403005
10 0.807108 0.678386 0.385784 0.240757 0.00372341
11 0.232368 0.541187 0.0930681 0.0925079 0.00322307
2 0.580047 0.449143 0.0460339 0.0968282 0.00305525
6 0.686955 0.646009 0.381464 0.294648 0.00258405
6 0.687787 0.467461 0.11573 0.142842 0.00236125
6 0.433533 0.654041 0.204496 0.309365 0.00216886
10 0.201951 0.531178 0.145549 0.228184 0.0021525
2 0.567495 0.448852 0.0360579 0.0892832 0.0019637
2 0.198403 0.537481 0.140821 0.2561 0.00189436
11 0.615625 0.511788 0.211279 0.0706036 0.00162408
11 0.637458 0.514893 0.105154 0.068368 0.00161644
8 0.805227 0.66433 0.389546 0.208932 0.00154719
11 0.610223 0.497555 0.179101 0.0696595 0.00153129
10 0.633656 0.639148 0.608308 0.362725 0.00134046
10 0.472577 0.628096 0.281873 0.318581 0.00133228
5 0.633656 0.639148 0.608308 0.362725 0.00124951
2 0.853151 0.530498 0.0694887 0.095662 0.00117472
11 0.579074 0.483212 0.104727 0.0778932 0.00116826
2 0.913102 0.474955 0.059791 0.160626 0.00110758
8 0.85708 0.605509 0.263236 0.148809 0.00106585
6 0.488338 0.659654 0.149338 0.343159 0.00102261
