10 0.345018 0.638541 0.461128 0.517487 0.828393
9 0.869449 0.529718 0.252228 0.17469 0.806686
9 0.323538 0.721252 0.43545 0.423371 0.768077
10 0.759995 0.477759 0.150498 0.146538 0.727581
0 0.871462 0.535094 0.245083 0.165558 0.270241
0 0.740971 0.514892 0.44304 0.148315 0.261834
9 0.745927 0.515267 0.455968 0.150543 0.122142
10 0.554048 0.476573 0.0617536 0.0603228 0.0887822
9 0.77829 0.517545 0.24132 0.139828 0.0257861
0 0.769414 0.517822 0.270332 0.138616 0.0130564
0 0.33114 0.723317 0.445552 0.421586 0.00447828
9 0.66716 0.502684 0.309959 0.13061 0.00414169
10 0.0587855 0.493611 0.109764 0.069178 0.0040977
10 0.253643 0.589467 0.303382 0.431099 0.00212187
8 0.740971 0.514892 0.44304 0.148315 0.00142082
10 0.904969 0.439965 0.0628743 0.0574841 0.001379
10 0.570138 0.489409 0.0963571 0.0815595 0.0011761
6 0.871795 0.538791 0.246391 0.156862 0.00114977
