11 0.315485 0.820119 0.479669 0.286821 0.84068
10 0.655764 0.56748 0.078635 0.102594 0.813744
10 0.736043 0.580287 0.0520925 0.0784758 0.811954
6 0.845008 0.828844 0.17908 0.305747 0.562551
10 0.598408 0.570685 0.054326 0.0902003 0.488316
6 0.468475 0.864372 0.23696 0.250599 0.415759
6 0.140505 0.873656 0.270063 0.234883 0.241743
7 0.317683 0.720363 0.047746 0.164139 0.194438
7 0.263332 0.685703 0.0478768 0.0977017 0.184808
7 0.319891 0.674181 0.0433014 0.0709519 0.133791
11 0.920577 0.724431 0.151387 0.134486 0.0743979
5 0.597797 0.569904 0.0555217 0.0887154 0.0432521
6 0.0879604 0.866513 0.166381 0.230503 0.037138
7 0.391159 0.738016 0.0474444 0.0902743 0.0336061
11 0.655541 0.568202 0.0787202 0.105964 0.023936
11 0.735495 0.580509 0.0509972 0.0786795 0.02129
6 0.800803 0.80174 0.100207 0.272258 0.0212828
8 0.597662 0.570511 0.0535892 0.0887458 0.0166132
10 0.0663833 0.719081 0.0865326 0.125321 0.0111692
6 0.594619 0.83723 0.178827 0.29419 0.00902865
2 0.263047 0.684926 0.0482526 0.0979493 0.00759617
6 0.664837 0.837464 0.276777 0.298566 0.00737568
7 0.31582 0.748526 0.0447665 0.104262 0.00552172
11 0.687953 0.738837 0.40261 0.292713 0.00517509
11 0.773799 0.771282 0.258626 0.231355 0.00463821
6 0.763725 0.787639 0.131425 0.248947 0.00441516
6 0.93415 0.866369 0.116728 0.236621 0.00431554
6 0.721386 0.767796 0.0828573 0.138537 0.00428017
2 0.247658 0.72188 0.0337602 0.0459153 0.00422195
6 0.73171 0.809663 0.131917 0.267359 0.00399151
6 0.237767 0.578545 0.108272 0.124212 0.00389646
6 0.504893 0.72383 0.083555 0.11686 0.00363048
5 0.736526 0.579934 0.0537139 0.0776166 0.00305749
6 0.918512 0.726695 0.151888 0.143164 0.00305527
11 0.731224 0.791193 0.343129 0.308086 0.00299135
6 0.722765 0.739106 0.126068 0.18098 0.00295493
11 0.149289 0.700831 0.287466 0.0911065 0.00251777
11 0.540904 0.771875 0.727723 0.333266 0.00232916
2 0.239497 0.750829 0.0388467 0.0637252 0.00223701
5 0.241706 0.56709 0.095658 0.103937 0.00216582
7 0.801244 0.587016 0.0394348 0.0410752 0.0019402
6 0.83582 0.730732 0.0981845 0.121613 0.0018928
6 0.721822 0.664328 0.0784495 0.125382 0.00183212
11 0.806681 0.771885 0.104148 0.225682 0.00175524
11 0.844026 0.828637 0.179081 0.30548 0.0017497
2 0.716535 0.686677 0.0330654 0.0668423 0.00172396
4 0.91983 0.725463 0.1519 0.138683 0.00169867
6 0.880179 0.798148 0.225312 0.24259 0.00164383
6 0.63486 0.806583 0.122591 0.325004 0.00162256
6 0.835861 0.769597 0.120969 0.188548 0.00157156
11 0.598408 0.569617 0.0517828 0.0881501 0.00154617
6 0.571753 0.828693 0.106221 0.259998 0.00148164
6 0.522365 0.729537 0.136621 0.108724 0.00145032
6 0.173774 0.83157 0.317584 0.279233 0.00139994
11 0.756435 0.633443 0.159069 0.0733357 0.00136701
6 0.694373 0.777597 0.163078 0.350449 0.0012899
11 0.832119 0.703141 0.09287 0.088427 0.00119018
6 0.782863 0.777239 0.0710718 0.240255 0.00118009
7 0.245439 0.775558 0.053645 0.0978437 0.00114918
7 0.37055 0.667315 0.036593 0.076782 0.00112549
11 0.44318 0.821482 0.524786 0.258392 0.00108939
11 0.840379 0.710612 0.294278 0.141771 0.00100218
