11 0.506329 0.51918 0.941354 0.922934 0.852448
2 0.404019 0.378969 0.0784756 0.530365 0.840896
2 0.306867 0.384164 0.0844229 0.525649 0.838637
2 0.597863 0.370841 0.0781803 0.509729 0.833447
2 0.506751 0.378882 0.0726837 0.549967 0.816068
2 0.681992 0.373378 0.0809383 0.538602 0.8082
7 0.681626 0.374026 0.0799002 0.535621 0.0372287
7 0.689417 0.183414 0.0520428 0.198632 0.0156409
7 0.396749 0.136319 0.0385615 0.0908752 0.00942544
7 0.692596 0.147015 0.0448858 0.122216 0.00496185
7 0.397167 0.169036 0.0401251 0.158421 0.00433778
7 0.67751 0.482211 0.0754069 0.27695 0.00301158
7 0.307129 0.388375 0.0824028 0.517952 0.00272109
7 0.607541 0.173175 0.0413057 0.168132 0.00251237
2 0.508417 0.183456 0.0424067 0.196952 0.00248793
10 0.0121202 0.23111 0.0207132 0.337972 0.00176359
6 0 0.230133 0 0.215597 0.0013995
10 0.0101121 0.18638 0.0166585 0.258956 0.00130196
6 0.0124914 0.260208 0.0216402 0.376006 0.00125305
7 0.694048 0.582541 0.0644663 0.14211 0.0012155
7 0.703235 0.5987 0.0462835 0.107998 0.00115644
6 0.0273412 0.258026 0.0491973 0.39393 0.00103411
