4 0.136263 0.832186 0.259177 0.164513 0.90157
4 0.834003 0.849103 0.203915 0.121798 0.822168
4 0.704334 0.824558 0.0930171 0.0739414 0.793412
4 0.538943 0.799238 0.0560536 0.0481319 0.776717
3 0.374355 0.800641 0.142163 0.144736 0.74002
9 0.782507 0.884456 0.0838264 0.102006 0.465426
0 0.783781 0.883474 0.0797807 0.106562 0.421171
4 0.373669 0.831379 0.142528 0.0711357 0.126014
4 0.488484 0.80127 0.0535706 0.0378656 0.121094
4 0.372542 0.799382 0.142794 0.14804 0.0921735
5 0.135975 0.832578 0.258962 0.167727 0.0409887
3 0.135583 0.832127 0.258499 0.166474 0.0321078
4 0.470911 0.800505 0.0591839 0.0322153 0.0240841
4 0.779861 0.873386 0.0862101 0.119813 0.0236433
9 0.79724 0.867146 0.114109 0.113774 0.022391
0 0.79724 0.867146 0.114109 0.113774 0.0179967
4 0.459854 0.802043 0.0389102 0.0285667 0.0176997
6 0.819666 0.102824 0.352575 0.196009 0.0173092
4 0.596947 0.803577 0.0535312 0.0472374 0.0138909
4 0.950296 0.836258 0.0924162 0.115736 0.0135341
3 0.470911 0.800505 0.0591839 0.0322153 0.013032
3 0.487023 0.800582 0.0547358 0.0351311 0.0120367
4 0.738241 0.824769 0.117175 0.0752667 0.00960462
10 0.770398 0.857836 0.0608768 0.085482 0.00818238
3 0.605044 0.800896 0.0573553 0.0500774 0.00695348
3 0.539937 0.797217 0.0592368 0.0524299 0.0066715
4 0.269039 0.826644 0.0420988 0.0489899 0.00660494
4 0.715113 0.836138 0.0639028 0.0558321 0.00493934
4 0.375855 0.771745 0.13294 0.0907799 0.00409072
10 0.459854 0.802043 0.0389102 0.0285667 0.00404579
10 0.64074 0.815991 0.0370279 0.0317396 0.00355424
0 0.641464 0.833751 0.0336549 0.0369406 0.00353402
4 0.603579 0.795522 0.05484 0.063636 0.00294161
4 0.498985 0.798405 0.0481279 0.0429192 0.00289592
10 0.589819 0.811219 0.0279266 0.0348993 0.00264972
9 0.48155 0.802033 0.0558344 0.034375 0.00264089
0 0.459854 0.802043 0.0389102 0.0285667 0.00233008
10 0.635461 0.807728 0.0453679 0.0293587 0.00221135
10 0.641464 0.833751 0.0336549 0.0369406 0.00216183
3 0.459854 0.802043 0.0389102 0.0285667 0.00207096
4 0.620861 0.807473 0.0556911 0.0311485 0.00194238
0 0.48155 0.802033 0.0558344 0.034375 0.00185289
9 0.267372 0.825632 0.0414159 0.0505831 0.00168467
9 0.83898 0.849451 0.195557 0.12214 0.00168432
9 0.459854 0.802043 0.0389102 0.0285667 0.00160891
4 0.59204 0.808933 0.0319071 0.0400551 0.00136008
4 0.578274 0.791657 0.0573298 0.0531715 0.00132216
4 0.606725 0.809177 0.0525004 0.0341028 0.00119026
3 0.819666 0.102824 0.352575 0.196009 0.00113209
11 0.48759 0.800926 0.0535437 0.0348921 0.00113143
10 0.539937 0.797217 0.0592368 0.0524299 0.0011233
4 0.406557 0.791205 0.0647108 0.0489319 0.00104208
4 0.584262 0.806295 0.0331199 0.040192 0.00102884
