4 0.136588 0.773003 0.261976 0.167348 0.887804
4 0.245375 0.698658 0.1323 0.096946 0.873668
4 0.393785 0.712553 0.155138 0.113183 0.848077
4 0.585672 0.755697 0.276992 0.157864 0.812139
10 0.768211 0.707726 0.0325019 0.101702 0.791869
10 0.698568 0.685596 0.0392928 0.0920886 0.784327
10 0.656527 0.682116 0.0316129 0.0599457 0.765403
4 0.926668 0.72906 0.141886 0.121048 0.723623
10 0.435405 0.785077 0.0994575 0.198027 0.689408
4 0.888353 0.750241 0.157828 0.165332 0.549787
9 0.888537 0.752818 0.156812 0.160399 0.204195
4 0.0652089 0.679906 0.118389 0.0633113 0.122178
4 0.492026 0.702576 0.0884148 0.064312 0.0518532
10 0.975616 0.667123 0.0378898 0.0415887 0.0189135
6 0.63197 0.175325 0.240165 0.341882 0.017517
10 0.0685905 0.68215 0.0986326 0.0672165 0.014481
10 0.631004 0.663417 0.0370689 0.0866865 0.013834
10 0.0222948 0.677346 0.0374717 0.0516663 0.0137364
4 0.954875 0.731716 0.0827211 0.116409 0.0119392
10 0.0333683 0.673257 0.0566706 0.0571402 0.00512697
10 0.0436927 0.680304 0.0635846 0.0572644 0.00362179
4 0.423771 0.708094 0.222111 0.081384 0.00318884
10 0.889414 0.750895 0.156774 0.162376 0.00310628
10 0.321907 0.680682 0.0289142 0.0650731 0.00276288
3 0.0890405 0.656483 0.17066 0.0968885 0.00205371
9 0.868055 0.761053 0.109477 0.134311 0.00192848
9 0.939089 0.731803 0.113898 0.126381 0.00177656
4 0.436259 0.780176 0.101893 0.206146 0.00161997
1 0.823659 0.0295388 0.0638914 0.0590777 0.00159579
0 0.939089 0.731803 0.113898 0.126381 0.00145347
10 0.0210279 0.70038 0.0373264 0.0780927 0.00119157
3 0.0690941 0.675462 0.129418 0.0668042 0.00101317
6 0.134691 0.774915 0.259994 0.165752 0.00100825
