3 0.624136 0.504268 0.725901 0.909017 0.896339
10 0.141582 0.710256 0.125543 0.475332 0.159919
10 0.145282 0.614944 0.114473 0.269962 0.0171613
6 0.106936 0.71445 0.192643 0.459316 0.0140098
7 0.696674 0.744684 0.0294096 0.0678819 0.0063019
10 0.107813 0.693694 0.186104 0.415637 0.00543738
2 0.145282 0.614944 0.114473 0.269962 0.00454157
10 0.778072 0.553712 0.0596282 0.116832 0.00359411
2 0.132679 0.703691 0.140932 0.450305 0.00274062
10 0.00764094 0.14673 0.0140959 0.110981 0.00237301
7 0.127382 0.703161 0.15694 0.444142 0.00235248
6 0.888587 0.749663 0.198366 0.479202 0.00229617
10 0.00723598 0.122068 0.0127354 0.101429 0.00219741
10 0.00748227 0.0796442 0.0121735 0.112523 0.00172716
2 0.0545932 0.598671 0.102471 0.497955 0.00152543
5 0.144101 0.634627 0.117312 0.306958 0.00151968
11 0.106936 0.71445 0.192643 0.459316 0.00149103
4 0.107996 0.703404 0.191344 0.440255 0.00142538
6 0.718315 0.774095 0.252061 0.404563 0.00140526
10 0.716923 0.552925 0.0801462 0.158801 0.00133348
10 0.008157 0.0477721 0.0134783 0.0822668 0.00130383
2 0.106067 0.659704 0.180105 0.350713 0.0012762
2 0.0278993 0.596321 0.0527261 0.514139 0.00119262
6 0.192557 0.800644 0.190844 0.324284 0.00104454
10 0.0173473 0.0690177 0.026217 0.134964 0.00102189
