9 0.742774 0.718941 0.19342 0.274541 0.875084
0 0.54113 0.659128 0.109232 0.16112 0.857468
10 0.131197 0.614529 0.0470094 0.138972 0.789509
4 0.337908 0.623091 0.0588452 0.0466688 0.170394
10 0.740222 0.54296 0.0318287 0.0747882 0.110842
9 0.340159 0.622788 0.065788 0.0527103 0.0304883
0 0.38463 0.628474 0.0757779 0.0753067 0.019836
0 0.361826 0.628934 0.11231 0.0656192 0.0176404
9 0.39011 0.6294 0.0638774 0.0749756 0.014715
9 0.361826 0.628934 0.11231 0.0656192 0.0111788
9 0.0618798 0.629465 0.0638134 0.0668423 0.00459714
0 0.340159 0.622788 0.065788 0.0527103 0.00347533
10 0.0262804 0.584212 0.0365739 0.118061 0.00315963
0 0.0627554 0.630005 0.0628369 0.0698699 0.00198602
10 0.0226689 0.536257 0.0373063 0.204737 0.00152735
0 0.398232 0.627809 0.0452919 0.0752636 0.00133952
9 0.540333 0.657746 0.110041 0.163946 0.00125171
