7 0.235217 0.232081 0.122997 0.171304 0.0544423
6 0.501578 0.54725 0.905019 0.803871 0.052571
10 0.499051 0.531046 0.902704 0.803179 0.0187592
8 0.500898 0.477626 0.902139 0.896219 0.013134
11 0.369777 0.00496641 0.468421 0.00993281 0.0111726
10 0.238147 0.238987 0.121975 0.162156 0.010958
11 0.77355 0.00681332 0.452887 0.0136266 0.00800687
11 0.376804 0.0106688 0.6309 0.0213375 0.00667435
11 0.456646 0.00641543 0.890271 0.0128309 0.00524491
10 0.495097 0.378764 0.260854 0.363576 0.00438795
11 0.683656 0.00343438 0.521445 0.00686877 0.00414228
11 0.708626 0.0107408 0.582748 0.0214817 0.00365497
11 0.488686 0.00255605 0.429086 0.0051121 0.00358656
5 0.500898 0.477626 0.902139 0.896219 0.00291722
10 0.740758 0.245244 0.132415 0.141268 0.00276068
8 0.48958 0.342666 0.254545 0.288019 0.00261783
10 0.998804 0.00841819 0.00239115 0.0168364 0.00227024
8 0.751242 0.254934 0.156676 0.171035 0.00226203
0 0.308454 0.350062 0.253882 0.199334 0.00222247
11 0.277974 0.00253965 0.492559 0.00507931 0.00209623
4 0.501578 0.54725 0.905019 0.803871 0.00158613
10 0.357365 0.00492145 0.480373 0.0098429 0.00134606
0 0.501578 0.54725 0.905019 0.803871 0.00132418
1 0.500898 0.477626 0.902139 0.896219 0.00132338
10 0.708626 0.0107408 0.582748 0.0214817 0.00128048
10 0.743187 0.00438308 0.513626 0.00876617 0.00124808
11 0.512112 0.666833 0.896728 0.593544 0.00122803
8 0.535905 0.362277 0.366912 0.338617 0.00120216
4 0.261736 0.333369 0.367885 0.324064 0.00118841
11 0.172269 0.00370208 0.331678 0.00740416 0.00115518
4 0.235217 0.232081 0.122997 0.171304 0.00105236
7 0.500898 0.477626 0.902139 0.896219 0.00100917
