10 0.67716 0.595659 0.169532 0.549546 0.871509
0 0.663966 0.691433 0.253596 0.354429 0.804254
4 0.265164 0.355264 0.451217 0.43825 0.740715
3 0.261231 0.352045 0.450021 0.43841 0.69081
3 0.783559 0.355379 0.140393 0.180121 0.642419
0 0.691432 0.76431 0.30002 0.455464 0.32657
3 0.402066 0.332203 0.684713 0.393632 0.212007
3 0.889231 0.364873 0.0841904 0.0903355 0.134492
4 0.73545 0.409735 0.0508392 0.0746766 0.130141
10 0.373447 0.447301 0.0648376 0.244239 0.121903
4 0.875164 0.386316 0.0585083 0.0521754 0.0782817
4 0.868341 0.391172 0.046591 0.0392515 0.0738184
4 0.810061 0.40597 0.0811542 0.0651876 0.073194
4 0.976152 0.371803 0.0373844 0.032627 0.0576463
4 0.878931 0.36828 0.0654779 0.0865231 0.0444277
4 0.74781 0.402081 0.0620649 0.0728029 0.0288841
3 0.875287 0.386856 0.0596031 0.0492339 0.0209392
3 0.80964 0.407112 0.0785423 0.0689635 0.0139594
10 0.132837 0.317381 0.0385681 0.0662594 0.0129946
0 0.737492 0.407594 0.0494291 0.0779695 0.0129788
0 0.75474 0.406778 0.0785361 0.0707877 0.00821714
4 0.967655 0.372586 0.033371 0.0349417 0.00609594
10 0.122538 0.320606 0.0618689 0.0695746 0.00497958
0 0.7832 0.414136 0.0276873 0.0504724 0.00454171
9 0.737978 0.4071 0.0498774 0.0793543 0.00440149
0 0.982277 0.370489 0.0312836 0.0410769 0.00380213
4 0.108693 0.301131 0.11076 0.120733 0.0034041
4 0.992408 0.372732 0.0151834 0.0289924 0.00328543
4 0.752252 0.383778 0.0663563 0.060349 0.00306542
3 0.784801 0.404746 0.132777 0.0828219 0.00267702
4 0.909146 0.377337 0.0502525 0.0590448 0.00260864
10 0.992408 0.372732 0.0151834 0.0289924 0.00222714
10 0.396788 0.43597 0.130111 0.22817 0.00211353
0 0.974648 0.371091 0.0392643 0.044938 0.00208836
10 0.946958 0.367468 0.0197643 0.0549882 0.00198616
11 0.811029 0.407264 0.0805321 0.061352 0.00189187
0 0.766503 0.415395 0.0608574 0.0642697 0.00151571
10 0.976152 0.371803 0.0373844 0.032627 0.00150559
9 0.982277 0.370489 0.0312836 0.0410769 0.00149
4 0.791381 0.411735 0.0446602 0.0559609 0.00148488
4 0.453462 0.455524 0.0706808 0.118825 0.00145926
9 0.75474 0.406778 0.0785361 0.0707877 0.00138024
10 0.982277 0.370489 0.0312836 0.0410769 0.00130665
4 0.383643 0.447428 0.199062 0.173946 0.00130485
4 0.730465 0.402213 0.0714037 0.0767 0.00128385
10 0.761919 0.384819 0.0535788 0.0622548 0.00121588
4 0.974645 0.362956 0.0401005 0.0487935 0.00118009
4 0.433038 0.459464 0.11822 0.12124 0.00113738
4 0.106877 0.320499 0.105141 0.075713 0.00107462
3 0.802933 0.387448 0.0966904 0.110726 0.00102397
