7 0.827751 0.628639 0.0847572 0.170352 0.668933
6 0.225235 0.681111 0.420531 0.603917 0.529077
2 0.528707 0.40688 0.156115 0.734926 0.041847
7 0.25411 0.289164 0.0583943 0.141722 0.0195386
7 0.225278 0.2928 0.0829419 0.13866 0.0152541
7 0.506738 0.171438 0.111303 0.273544 0.0134265
7 0.798534 0.475325 0.269406 0.373194 0.00969775
2 0.545882 0.559795 0.113871 0.432257 0.00806622
11 0.373227 0.536897 0.469589 0.497645 0.00554016
7 0.414137 0.278467 0.088465 0.152703 0.00268269
11 0.108477 0.267619 0.216955 0.535238 0.00255493
7 0.5617 0.181631 0.0643837 0.201462 0.00241759
6 0.806056 0.490344 0.285874 0.411004 0.00225069
7 0.528707 0.40688 0.156115 0.734926 0.00180048
7 0.532407 0.161182 0.128987 0.244642 0.00108289
