8 0.275613 0.612687 0.168766 0.287177 0.867772
10 0.593503 0.292659 0.0943274 0.418042 0.838543
10 0.671009 0.454802 0.176267 0.666556 0.82431
4 0.910625 0.324868 0.170761 0.247895 0.809165
8 0.553603 0.750819 0.300455 0.469046 0.775143
10 0.55201 0.752503 0.301599 0.472556 0.381494
6 0.139545 0.62596 0.236436 0.258356 0.0250786
6 0.0692886 0.636074 0.132222 0.257605 0.0191738
8 0.481947 0.64024 0.145825 0.24603 0.0185079
6 0.187572 0.534708 0.331561 0.442558 0.0182894
8 0.490899 0.740262 0.169328 0.454342 0.00587007
5 0.55201 0.752503 0.301599 0.472556 0.00519005
4 0.848078 0.315578 0.273626 0.229001 0.00430671
4 0.69921 0.316886 0.392889 0.229012 0.00329239
8 0.218559 0.618531 0.358061 0.269463 0.00319543
3 0.909209 0.326399 0.171877 0.251359 0.00234228
4 0.763179 0.31905 0.221533 0.220462 0.00192263
11 0.136488 0.626422 0.233212 0.262585 0.00171714
10 0.77774 0.258213 0.0984049 0.0769619 0.00169058
8 0.147104 0.622643 0.235116 0.263264 0.00135001
4 0.780782 0.254848 0.119828 0.0863167 0.00106565
