1 0.188402 0.551441 0.0794947 0.278985 0.513313
1 0.0924466 0.628952 0.165504 0.0743823 0.424039
1 0.667345 0.73233 0.489362 0.176185 0.301486
1 0.301038 0.694235 0.0961554 0.10422 0.241726
1 0.275384 0.55592 0.116462 0.287109 0.221868
1 0.393098 0.651504 0.150123 0.0796536 0.114384
1 0.294052 0.55592 0.112857 0.375705 0.0505767
1 0.299358 0.624725 0.0904967 0.192183 0.0327264
1 0.296549 0.667756 0.0953009 0.0872959 0.0307568
1 0.666491 0.640614 0.491016 0.341688 0.0202919
1 0.668003 0.723979 0.279378 0.147076 0.0191865
1 0.727359 0.666794 0.395242 0.204813 0.0109651
1 0.936083 0.666305 0.117895 0.112624 0.00365698
1 0.759949 0.71175 0.409113 0.165187 0.00283721
1 0.429809 0.648197 0.232534 0.0993034 0.00269307
1 0.115767 0.616455 0.221242 0.110456 0.0022714
1 0.602729 0.696747 0.333488 0.151548 0.00196957
1 0.799412 0.671702 0.21634 0.167094 0.00192702
1 0.82963 0.666522 0.154031 0.12975 0.00182886
1 0.242733 0.537843 0.177976 0.339908 0.0016928
1 0.661668 0.472661 0.502488 0.702328 0.00158634
1 0.188492 0.642834 0.0848946 0.0950409 0.00158436
1 0.322172 0.628998 0.139003 0.148857 0.00138334
1 0.356772 0.65414 0.207898 0.106452 0.00138022
1 0.242291 0.652081 0.107756 0.0681206 0.00133632
1 0.572938 0.622146 0.29614 0.21069 0.00108174
1 0.283522 0.651371 0.155893 0.0661227 0.00102317
