6 0.698442 0.690393 0.553975 0.526377 0.889968
11 0.826495 0.455035 0.326092 0.141955 0.0629162
2 0.281168 0.76286 0.240299 0.155261 0.058201
2 0.327361 0.799819 0.0507734 0.0764473 0.0511034
2 0.208452 0.778876 0.0852103 0.133449 0.0100841
6 0.96414 0.638783 0.0717202 0.399129 0.00701907
2 0.234321 0.767684 0.145528 0.146273 0.00650975
11 0.697641 0.68953 0.559089 0.528019 0.00324808
2 0.415291 0.787043 0.0621309 0.0656265 0.0019149
2 0.417068 0.700881 0.0904593 0.0980711 0.00121371
2 0.260227 0.783087 0.0830425 0.114687 0.00115153
2 0.841889 0.276349 0.0461919 0.0482917 0.00102734
