6 0.558938 0.820214 0.275019 0.338039 0.876549
10 0.479467 0.551827 0.0386393 0.120821 0.77502
10 0.742355 0.542997 0.037611 0.10404 0.71609
6 0.708747 0.636577 0.0926747 0.0900949 0.672442
10 0.781146 0.548199 0.0353546 0.105765 0.615089
11 0.743765 0.787742 0.289647 0.269018 0.525612
6 0.366961 0.762218 0.115479 0.260893 0.503728
6 0.254891 0.783515 0.109069 0.237152 0.40947
11 0.795674 0.63356 0.138303 0.0614727 0.37628
10 0.44266 0.519509 0.0315081 0.0504388 0.274033
6 0.919381 0.822682 0.151979 0.314641 0.270803
6 0.576886 0.720903 0.233577 0.213397 0.230302
10 0.313531 0.56453 0.0346486 0.0527679 0.223696
11 0.38477 0.760656 0.140548 0.268714 0.22223
10 0.267805 0.600283 0.0528933 0.101734 0.204867
11 0.386368 0.661539 0.147698 0.0828798 0.203479
11 0.775476 0.75449 0.227492 0.20553 0.190776
6 0.733943 0.736253 0.0971451 0.252429 0.158462
6 0.909371 0.607874 0.0776527 0.100086 0.13996
10 0.442442 0.539699 0.0315825 0.0941683 0.133441
11 0.387659 0.705818 0.138487 0.161719 0.126673
6 0.156568 0.659273 0.145495 0.153263 0.123279
6 0.298139 0.638549 0.0644711 0.0868059 0.0911888
11 0.187452 0.644384 0.101648 0.0781633 0.0604188
6 0.94863 0.633814 0.0792242 0.0949982 0.0594398
11 0.940541 0.588936 0.0993074 0.076164 0.0514266
7 0.836985 0.62032 0.0448647 0.0863614 0.0512711
10 0.263006 0.583928 0.0422858 0.0778259 0.048402
10 0.250465 0.602616 0.0752769 0.0919769 0.0474475
6 0.693604 0.757947 0.188222 0.208378 0.0449625
6 0.117844 0.650516 0.0641552 0.129312 0.0447434
6 0.136719 0.644459 0.0999109 0.120773 0.0429995
10 0.20733 0.578408 0.0266981 0.0611313 0.0380852
10 0.314631 0.561333 0.0538683 0.0552078 0.0369765
11 0.921481 0.682921 0.147528 0.0509239 0.0368903
10 0.256464 0.596025 0.0458588 0.0924731 0.0367156
10 0.590383 0.543677 0.0536085 0.0792591 0.0324482
10 0.585771 0.523274 0.042175 0.0452 0.0324246
10 0.365773 0.5572 0.0352613 0.0693315 0.0283149
11 0.436863 0.760357 0.249035 0.256429 0.0270468
6 0.331995 0.732445 0.152998 0.216697 0.0267833
6 0.180562 0.654632 0.112784 0.118298 0.0254126
10 0.58062 0.544141 0.0381908 0.070787 0.0243563
6 0.809811 0.749363 0.106712 0.274713 0.0242643
10 0.81014 0.548964 0.0309174 0.0549441 0.0242585
10 0.600136 0.522912 0.0387747 0.0460614 0.0223583
6 0.944392 0.61503 0.0946293 0.0934868 0.0205981
6 0.83802 0.62349 0.048148 0.0890207 0.0205773
11 0.799619 0.657132 0.15235 0.0841062 0.020201
6 0.75963 0.736198 0.137416 0.271884 0.0199072
6 0.289059 0.655226 0.0867381 0.123161 0.0189688
10 0.945226 0.530228 0.0609837 0.0599436 0.0188094
6 0.900524 0.589253 0.0700226 0.0686231 0.0181367
10 0.60728 0.547782 0.0527451 0.0847103 0.0180076
6 0.716992 0.690833 0.105914 0.188874 0.0179297
11 0.798374 0.715251 0.178826 0.129051 0.0178639
11 0.355796 0.611283 0.119805 0.0611323 0.0177015
6 0.694941 0.798482 0.213761 0.327901 0.0174392
10 0.272099 0.589128 0.0732789 0.0765888 0.0171995
2 0.389632 0.642111 0.0457644 0.0593126 0.0164112
11 0.479254 0.554458 0.0389873 0.1215 0.0161657
2 0.398923 0.62622 0.0222098 0.0551023 0.0149807
6 0.222896 0.793756 0.171791 0.232505 0.0147225
6 0.945434 0.655916 0.0948559 0.0852751 0.0146658
11 0.932605 0.715926 0.131438 0.110271 0.0145115
10 0.187821 0.578923 0.0696443 0.0674197 0.0144291
6 0.296736 0.741066 0.15801 0.207279 0.0140052
6 0.810407 0.624234 0.0987454 0.0865566 0.0127593
6 0.275854 0.617889 0.0597927 0.118395 0.0123764
10 0.964298 0.541974 0.0617065 0.0650719 0.0121223
6 0.925716 0.6472 0.130526 0.0826042 0.0116794
10 0.376027 0.559259 0.0543416 0.0761986 0.0115794
6 0.646526 0.835432 0.115534 0.27205 0.0115695
11 0.948448 0.621096 0.082082 0.110822 0.0111851
11 0.742517 0.54133 0.0362459 0.102985 0.0107608
6 0.875584 0.602123 0.116555 0.0924684 0.0105999
11 0.32494 0.627032 0.153025 0.0962898 0.0105556
11 0.160574 0.638094 0.102225 0.0845767 0.0105266
11 0.462937 0.650975 0.302741 0.0905711 0.0102572
10 0.301702 0.5641 0.0634806 0.0532574 0.0101142
11 0.943841 0.694582 0.108956 0.0728317 0.00971483
6 0.735084 0.634788 0.141151 0.0828434 0.0095499
6 0.298295 0.617261 0.0629759 0.0721705 0.00932533
6 0.706082 0.742873 0.119272 0.24047 0.00920513
6 0.315414 0.655764 0.10391 0.0860296 0.00920138
11 0.267805 0.600283 0.0528933 0.101734 0.00902657
10 0.622599 0.564465 0.0543575 0.0721286 0.00879248
10 0.588429 0.563101 0.0453221 0.0877667 0.00868908
6 0.106454 0.640254 0.0538516 0.0950857 0.00864421
11 0.777671 0.61345 0.126336 0.0567067 0.00856917
11 0.911263 0.602636 0.0734028 0.0957448 0.00824906
11 0.519787 0.630174 0.151889 0.0641525 0.00818088
0 0.906783 0.610929 0.0790777 0.100235 0.00778682
11 0.385014 0.64252 0.155672 0.0785797 0.00776496
11 0.332816 0.603621 0.137159 0.0679118 0.00768908
11 0.477975 0.631236 0.267386 0.0667269 0.00755729
10 0.973684 0.559859 0.0395882 0.0436985 0.00741172
11 0.928047 0.610533 0.112003 0.100424 0.00716579
11 0.920637 0.829009 0.152239 0.315279 0.00714028
6 0.877163 0.577237 0.120767 0.0718436 0.00698619
6 0.442077 0.773924 0.0913754 0.273547 0.00667412
6 0.337562 0.635771 0.138167 0.0779836 0.00646755
2 0.410295 0.6217 0.0532257 0.0590163 0.00632212
10 0.607521 0.569155 0.0558525 0.0732483 0.00610241
6 0.095545 0.827953 0.126993 0.240233 0.00605644
6 0.301727 0.705898 0.114383 0.205534 0.0060257
10 0.188772 0.563997 0.0791387 0.0583805 0.00600045
6 0.895431 0.618627 0.0840714 0.100188 0.00590304
10 0.229925 0.595627 0.0780875 0.074431 0.00577821
2 0.409484 0.616069 0.0366259 0.0613955 0.00576045
10 0.138351 0.577008 0.0393088 0.0932544 0.00565557
7 0.835978 0.603528 0.0469967 0.0546272 0.00565398
7 0.846083 0.625656 0.0762764 0.0883649 0.00563537
6 0.331948 0.708751 0.0950114 0.184211 0.00560636
7 0.810407 0.624234 0.0987454 0.0865566 0.00551989
10 0.947649 0.564349 0.0847515 0.0434436 0.00551236
2 0.431572 0.609468 0.0349809 0.0573767 0.00546559
11 0.206195 0.648288 0.0861869 0.100483 0.00535789
6 0.156715 0.641563 0.107294 0.0891276 0.005293
11 0.336657 0.671915 0.159895 0.145882 0.00506955
2 0.774113 0.618042 0.0826706 0.0493257 0.00502117
11 0.873277 0.590432 0.121961 0.0651227 0.00488035
11 0.158596 0.645867 0.142307 0.117141 0.00479504
10 0.217309 0.585915 0.0478823 0.0636627 0.00474416
11 0.949363 0.677485 0.0941643 0.0456746 0.00473675
11 0.780519 0.547715 0.0362001 0.10458 0.00463351
10 0.24957 0.580706 0.0313966 0.073215 0.00461974
6 0.83641 0.744948 0.105897 0.217631 0.00448552
11 0.839881 0.642693 0.233808 0.0619378 0.00445336
11 0.925642 0.663583 0.13535 0.0914834 0.00444545
6 0.2023 0.655047 0.0785448 0.110029 0.00441448
6 0.746656 0.777755 0.275511 0.348949 0.00433631
11 0.529266 0.6467 0.163675 0.0878376 0.00426842
6 0.327816 0.667625 0.140445 0.133713 0.00420715
6 0.134786 0.828534 0.207728 0.272815 0.00419441
2 0.74279 0.54528 0.0343359 0.104371 0.0041708
6 0.361186 0.652805 0.131046 0.0730199 0.00414493
10 0.204466 0.593451 0.0420694 0.0726583 0.00414247
6 0.285972 0.615468 0.0819883 0.0894773 0.00413373
11 0.285972 0.615468 0.0819883 0.0894773 0.00403641
11 0.340561 0.621672 0.156355 0.0675566 0.00402285
10 0.978926 0.577195 0.0338778 0.0822612 0.0040074
11 0.861468 0.689049 0.233409 0.0864037 0.00398534
0 0.92805 0.603827 0.1107 0.0934554 0.0039808
7 0.906708 0.616333 0.0674051 0.118858 0.00394414
10 0.237093 0.613567 0.104679 0.102537 0.00393837
2 0.453228 0.586912 0.0282343 0.073407 0.00393183
11 0.699504 0.741981 0.200882 0.174638 0.00384921
10 0.930543 0.531294 0.052043 0.0500491 0.0038219
10 0.158252 0.583857 0.0783796 0.0728737 0.00381909
2 0.979854 0.620194 0.0291553 0.10511 0.00378605
11 0.893863 0.717038 0.203233 0.116047 0.00376057
11 0.223955 0.627816 0.121055 0.0823931 0.00370029
10 0.749686 0.553421 0.0282681 0.0854752 0.00365293
11 0.442431 0.524547 0.033149 0.0599839 0.00362697
6 0.841474 0.607264 0.212768 0.086359 0.00357774
6 0.436468 0.772534 0.232055 0.267174 0.0035616
11 0.20023 0.727556 0.213274 0.151236 0.00355322
6 0.604536 0.837737 0.199147 0.274414 0.00354756
6 0.855046 0.631247 0.0907349 0.0815745 0.00353218
6 0.693798 0.706665 0.188496 0.105968 0.0033617
6 0.690249 0.637271 0.0605953 0.0814395 0.00330532
11 0.812799 0.623638 0.116282 0.0676898 0.0033013
10 0.160477 0.568655 0.0709064 0.0683833 0.00314426
6 0.839396 0.829378 0.308691 0.312832 0.00312904
6 0.863928 0.599301 0.10328 0.0597672 0.00305287
6 0.614122 0.768459 0.174957 0.112069 0.00302421
7 0.726998 0.663168 0.0261891 0.0481333 0.00301898
6 0.560738 0.706786 0.139925 0.179418 0.0030073
2 0.442277 0.610569 0.0438852 0.063681 0.00300653
6 0.251444 0.723687 0.178989 0.174945 0.00299667
11 0.522149 0.737466 0.429365 0.315764 0.00293538
10 0.743765 0.787742 0.289647 0.269018 0.00290968
6 0.309597 0.606335 0.0593749 0.0642276 0.00285302
11 0.287369 0.583484 0.092593 0.0675028 0.00283305
10 0.352558 0.56002 0.0463729 0.0625855 0.00282058
10 0.179325 0.572839 0.0631684 0.0499677 0.00278115
11 0.44558 0.571495 0.038979 0.0658386 0.00277215
0 0.81014 0.548964 0.0309174 0.0549441 0.00273683
6 0.360889 0.679277 0.136262 0.109336 0.00273191
2 0.801809 0.634836 0.138765 0.0597453 0.00273166
10 0.809451 0.522359 0.0239605 0.0484025 0.00270124
11 0.693798 0.706665 0.188496 0.105968 0.00266041
6 0.44558 0.571495 0.038979 0.0658386 0.00265189
6 0.464503 0.786507 0.0973423 0.269911 0.00262747
6 0.917588 0.587066 0.0807808 0.0687035 0.00259417
11 0.574478 0.72031 0.248542 0.231186 0.00256891
6 0.943971 0.784749 0.110353 0.241274 0.00256234
0 0.158619 0.658423 0.150106 0.14753 0.002559
11 0.445072 0.539326 0.0352134 0.0868558 0.002559
2 0.594023 0.58936 0.0320687 0.0718356 0.00254716
11 0.915955 0.69238 0.15644 0.0796377 0.00253375
2 0.421454 0.610438 0.0594652 0.056337 0.00249397
10 0.984183 0.5888 0.0253227 0.111555 0.00248936
11 0.960586 0.567505 0.0697235 0.0523379 0.00244299
6 0.852005 0.809774 0.165681 0.25965 0.00244157
10 0.577928 0.562594 0.0411931 0.0752716 0.00241645
11 0.537278 0.699444 0.182079 0.193261 0.00240667
6 0.177333 0.64586 0.0963686 0.0781283 0.00239339
10 0.275854 0.617889 0.0597927 0.118395 0.00238481
10 0.722267 0.549272 0.0561272 0.0745646 0.00232636
6 0.139135 0.752733 0.194307 0.316432 0.00231571
11 0.216377 0.791394 0.186224 0.240466 0.00228262
11 0.355732 0.738844 0.0898644 0.21051 0.00227727
6 0.346402 0.735536 0.08606 0.216738 0.00227115
6 0.803817 0.744201 0.172067 0.192419 0.00225112
6 0.20299 0.665537 0.114029 0.122506 0.00222407
10 0.451014 0.555355 0.0373379 0.0936033 0.00219001
11 0.31641 0.733969 0.157343 0.212529 0.00217011
10 0.608713 0.531316 0.0428898 0.0514109 0.00216734
10 0.777621 0.563807 0.0491917 0.0866037 0.00213993
6 0.935513 0.593633 0.107449 0.0786947 0.00209977
2 0.396105 0.632189 0.101592 0.062329 0.00209901
10 0.139991 0.592954 0.0650656 0.0994385 0.00206175
11 0.144922 0.631249 0.102298 0.109493 0.0020587
10 0.17221 0.556351 0.0413563 0.0532382 0.00203633
2 0.479177 0.559942 0.0382706 0.123106 0.00201132
6 0.957922 0.653354 0.0763044 0.118574 0.00200951
11 0.843141 0.621118 0.0568592 0.0869301 0.0020053
11 0.864167 0.619787 0.0967072 0.0883553 0.00197201
7 0.592965 0.583597 0.0320668 0.0653793 0.00196762
11 0.294806 0.635866 0.0669226 0.0843137 0.00196761
11 0.309597 0.606335 0.0593749 0.0642276 0.00195553
11 0.828221 0.621991 0.2097 0.0817777 0.00195229
10 0.560111 0.819676 0.275186 0.332368 0.00192964
7 0.398923 0.62622 0.0222098 0.0551023 0.00191269
0 0.117844 0.650516 0.0641552 0.129312 0.00187385
6 0.27202 0.662244 0.11801 0.14961 0.00186007
6 0.223717 0.647407 0.126595 0.120645 0.00184644
11 0.900524 0.589253 0.0700226 0.0686231 0.00183707
2 0.989406 0.62062 0.0159187 0.129094 0.00183578
11 0.319529 0.948496 0.538657 0.0917839 0.00183497
11 0.378235 0.620069 0.137723 0.0544083 0.00183436
10 0.452282 0.577835 0.0315981 0.0791237 0.00182084
11 0.160793 0.676969 0.155802 0.149492 0.0017932
6 0.522297 0.684158 0.165746 0.172326 0.00177547
10 0.971819 0.601172 0.0490669 0.0945742 0.00173295
7 0.714302 0.636354 0.0984346 0.0894155 0.0017286
6 0.125553 0.665963 0.112694 0.153506 0.00172345
11 0.343817 0.586885 0.117127 0.0739311 0.00171235
10 0.44558 0.571495 0.038979 0.0658386 0.00170267
10 0.16171 0.555996 0.0564732 0.0638282 0.00169488
2 0.833861 0.616794 0.0443611 0.0734886 0.00166946
11 0.872388 0.57087 0.113786 0.0691833 0.00165957
11 0.298295 0.617261 0.0629759 0.0721705 0.00163541
6 0.973031 0.618366 0.0461716 0.109018 0.00163186
6 0.854027 0.735342 0.110807 0.174754 0.00160809
10 0.337331 0.556638 0.0798442 0.0630586 0.00157799
10 0.163062 0.59889 0.0695774 0.0604452 0.00156983
6 0.444324 0.596701 0.0382921 0.057223 0.0015513
10 0.12614 0.571483 0.0539863 0.100344 0.00155039
6 0.674482 0.727412 0.158026 0.11186 0.00154698
6 0.785655 0.763109 0.103087 0.249025 0.00152644
11 0.795709 0.696035 0.145927 0.105028 0.00151854
11 0.191845 0.611055 0.0751715 0.0731134 0.00148611
0 0.971819 0.601172 0.0490669 0.0945742 0.00146764
11 0.496166 0.930887 0.41807 0.117866 0.00141434
11 0.756114 0.970952 0.268218 0.0447393 0.00139867
7 0.948134 0.635275 0.0846447 0.0945925 0.00138843
7 0.449721 0.35183 0.0232636 0.0605339 0.00133556
2 0.444324 0.596701 0.0382921 0.057223 0.00131388
11 0.565188 0.620458 0.221124 0.0636946 0.00128517
11 0.774113 0.618042 0.0826706 0.0493257 0.0012834
6 0.668502 0.617916 0.0545343 0.0611739 0.00127412
6 0.408119 0.768811 0.0952749 0.263103 0.00126237
6 0.796998 0.634355 0.146937 0.0686437 0.00124832
10 0.82716 0.539943 0.059338 0.0572455 0.00123662
6 0.156931 0.619007 0.0872431 0.0862913 0.00123596
7 0.745613 0.65355 0.029582 0.0441327 0.00123388
11 0.945434 0.655916 0.0948559 0.0852751 0.00122147
6 0.224743 0.685871 0.177011 0.154389 0.0012039
6 0.806144 0.617643 0.167553 0.0871119 0.00118799
10 0.324518 0.593714 0.149492 0.0645116 0.0011823
0 0.877163 0.577237 0.120767 0.0718436 0.00117027
6 0.179396 0.617145 0.0978508 0.0832863 0.00117012
10 0.745471 0.505316 0.0361149 0.0442472 0.00115861
6 0.918402 0.753192 0.154607 0.177465 0.00114312
11 0.313717 0.568597 0.039717 0.0579174 0.00113367
6 0.452282 0.577835 0.0315981 0.0791237 0.00112375
6 0.677658 0.649585 0.133172 0.107243 0.00108974
6 0.526353 0.737518 0.166072 0.161063 0.00106716
11 0.224743 0.685871 0.177011 0.154389 0.00105257
10 0.973479 0.559459 0.0458916 0.115403 0.00104674
10 0.393841 0.545288 0.0540171 0.103295 0.00104169
10 0.191845 0.611055 0.0751715 0.0731134 0.00104113
2 0.599913 0.597599 0.0573925 0.0810239 0.00104056
2 0.831953 0.628544 0.0680281 0.0965569 0.00102331
10 0.222284 0.574485 0.0378346 0.0575345 0.00101248
6 0.368851 0.631282 0.13935 0.0768682 0.00101047
