4 0.383698 0.312692 0.103317 0.11932 0.824782
10 0.773679 0.314993 0.0731736 0.254137 0.784245
10 0.703974 0.343692 0.0638529 0.15572 0.75062
9 0.522577 0.573166 0.362173 0.351905 0.747208
10 0.938088 0.438504 0.114629 0.671842 0.711937
9 0.585016 0.732922 0.551458 0.396658 0.645191
10 0.736289 0.309701 0.0478431 0.225597 0.502128
4 0.159556 0.285133 0.0736686 0.0779973 0.462103
9 0.678552 0.800927 0.623845 0.372685 0.458145
0 0.610655 0.375238 0.129126 0.177583 0.326476
9 0.436297 0.366277 0.155996 0.122132 0.260321
9 0.609607 0.376104 0.128722 0.181545 0.0981073
9 0.505341 0.479796 0.309597 0.208958 0.0819699
10 0.560127 0.333118 0.0315149 0.0891791 0.0620399
0 0.634913 0.382334 0.0706622 0.167698 0.0480945
10 0.451196 0.284498 0.039342 0.110352 0.0322999
9 0.809174 0.806125 0.36565 0.361326 0.0308076
0 0.563653 0.341574 0.0445706 0.101432 0.0286816
0 0.593895 0.368142 0.0908085 0.14101 0.0284374
9 0.442681 0.429176 0.1871 0.263257 0.0254586
10 0.849781 0.199182 0.0545891 0.093049 0.0165662
10 0.640448 0.37342 0.0700729 0.185147 0.0112715
10 0.563653 0.341574 0.0445706 0.101432 0.00887935
9 0.638061 0.375768 0.0599552 0.180769 0.00669718
0 0.576876 0.355316 0.0797662 0.129143 0.00643265
9 0.404399 0.35791 0.099186 0.123108 0.00629482
10 0.565171 0.322266 0.0343751 0.0748173 0.00556456
9 0.393241 0.333335 0.115449 0.0854351 0.00554106
0 0.523214 0.578675 0.368764 0.335982 0.00514534
10 0.617198 0.368677 0.0986128 0.152956 0.00479497
6 0.602814 0.369688 0.117134 0.143617 0.0041319
0 0.700626 0.384651 0.0546696 0.0809292 0.0038048
0 0.602051 0.714092 0.517698 0.367 0.00361866
10 0.74798 0.313041 0.0747803 0.242225 0.00356637
10 0.582728 0.318988 0.0381295 0.0669651 0.00341086
9 0.432321 0.5671 0.218885 0.375825 0.00339415
9 0.509741 0.450383 0.245014 0.153194 0.00332885
6 0.630617 0.374496 0.0885234 0.18454 0.00303735
10 0.424697 0.308376 0.0677844 0.0993006 0.00247112
0 0.436898 0.367812 0.15384 0.121836 0.00243729
9 0.52434 0.478921 0.344804 0.352095 0.00228298
10 0.552337 0.348108 0.0527574 0.108331 0.00225393
10 0.762554 0.303444 0.0452593 0.224149 0.00210036
10 0.899617 0.530081 0.184508 0.875876 0.00209015
9 0.564174 0.346565 0.0399691 0.112278 0.00200487
10 0.554611 0.324275 0.0346344 0.0766798 0.00190732
9 0.505673 0.710244 0.417571 0.510161 0.00188969
4 0.669869 0.797225 0.644046 0.38654 0.00175811
6 0.641855 0.379289 0.0539653 0.174737 0.00175335
9 0.700626 0.384651 0.0546696 0.0809292 0.00150013
0 0.548136 0.350057 0.057579 0.109426 0.00149376
10 0.586281 0.298046 0.0347192 0.0960761 0.00149365
6 0.655177 0.380338 0.0650516 0.157253 0.00141728
10 0.575271 0.329672 0.0578058 0.0850744 0.00126513
4 0.436898 0.367812 0.15384 0.121836 0.00125756
9 0.891213 0.752593 0.202558 0.46054 0.00121584
10 0.538167 0.283333 0.0292613 0.112441 0.00117746
0 0.679024 0.801835 0.621492 0.372782 0.00116979
10 0.444462 0.285499 0.0456943 0.073796 0.00107958
10 0.150843 0.875089 0.0697391 0.149587 0.00104592
10 0.463808 0.284107 0.0543623 0.121885 0.001036
