11 0.662692 0.773484 0.538903 0.406738 0.794809
11 0.263561 0.928795 0.247635 0.126126 0.532474
6 0.826847 0.708232 0.327091 0.544395 0.125059
6 0.514258 0.503757 0.0776905 0.202297 0.093922
11 0.837696 0.709065 0.308989 0.550016 0.0518984
6 0.328868 0.717153 0.11105 0.138877 0.03419
6 0.383294 0.692171 0.101762 0.193099 0.024451
6 0.339315 0.657029 0.20027 0.281385 0.0124761
6 0.830846 0.828169 0.206568 0.316984 0.0123675
9 0.515043 0.507823 0.0902175 0.207747 0.010835
6 0.421695 0.670252 0.183823 0.245403 0.0082729
6 0.308759 0.7155 0.0655271 0.137642 0.00796838
6 0.307616 0.715214 0.179891 0.151655 0.0078776
10 0.513861 0.506976 0.0891904 0.204662 0.00708296
6 0.525743 0.166075 0.107483 0.276346 0.00684018
6 0.360352 0.317532 0.103084 0.12241 0.00669658
11 0.599189 0.709737 0.401563 0.265054 0.0060974
6 0.421617 0.776636 0.192806 0.373259 0.00543679
10 0.662204 0.774261 0.536254 0.405862 0.00404156
6 0.287471 0.937279 0.184236 0.119386 0.00378949
6 0.276279 0.804668 0.289977 0.351673 0.00334795
6 0.684643 0.714802 0.557241 0.538231 0.00294299
1 0.267087 0.928648 0.256031 0.125113 0.00235761
8 0.512127 0.499998 0.0779417 0.194731 0.00228764
6 0.47078 0.601964 0.261285 0.392071 0.00215805
6 0.346052 0.343647 0.160608 0.200177 0.00212181
10 0.210993 0.501386 0.409831 0.972277 0.00204644
6 0.372837 0.340391 0.107619 0.173707 0.00180408
6 0.680921 0.730584 0.474806 0.36143 0.00179047
6 0.754588 0.761297 0.367032 0.331175 0.00154279
6 0.256279 0.678483 0.159898 0.142675 0.00141503
10 0.786758 0.706531 0.378891 0.535487 0.0013409
6 0.28058 0.958657 0.225846 0.077784 0.00101868
