10 0.455099 0.456978 0.365701 0.647903 0.844439
10 0.0448798 0.33408 0.08401 0.432421 0.793192
4 0.504172 0.421834 0.46492 0.531826 0.532247
3 0.503766 0.422217 0.464949 0.531213 0.0162451
7 0.463015 0.303198 0.0342753 0.0527876 0.010269
6 0.147314 0.30605 0.101081 0.162306 0.00762773
10 0.56362 0.253397 0.132702 0.205316 0.00725042
6 0.50696 0.42718 0.467232 0.555965 0.00680724
9 0.509222 0.433278 0.471522 0.544274 0.00665645
10 0.139645 0.305635 0.0859172 0.161457 0.00467988
6 0.122277 0.303426 0.0581533 0.152901 0.00356653
10 0.498289 0.38616 0.260785 0.476831 0.00227965
4 0.608452 0.424547 0.257421 0.512971 0.00210411
10 0.519344 0.27542 0.219621 0.257978 0.0017252
8 0.146958 0.308073 0.101683 0.162272 0.0015627
10 0.569172 0.32308 0.0993444 0.0840491 0.00140016
