10 0.70103 0.501213 0.565152 0.961942 0.627997
7 0.552422 0.582679 0.186737 0.270291 0.307422
2 0.546482 0.692553 0.225631 0.506383 0.186092
2 0.552508 0.600243 0.195699 0.30644 0.164621
7 0.547462 0.659636 0.207342 0.418941 0.164389
2 0.5145 0.622232 0.106844 0.265385 0.0610945
8 0.553443 0.701151 0.241308 0.529398 0.0387269
5 0.560651 0.697223 0.235138 0.534957 0.00290794
8 0.70103 0.501213 0.565152 0.961942 0.0028815
10 0.560651 0.697223 0.235138 0.534957 0.00208614
11 0.577273 0.500669 0.809208 0.944524 0.00193832
2 0.495896 0.637475 0.0746296 0.21025 0.00167591
10 0.555001 0.551889 0.231895 0.860201 0.00152884
7 0.596597 0.650278 0.158429 0.292085 0.0014817
2 0.570097 0.560805 0.151592 0.217827 0.00136548
10 0.697231 0.559453 0.214055 0.613722 0.00123865
