0 0.772311 0.563502 0.148823 0.277808 0.461457
10 0.505285 0.522203 0.0484288 0.160826 0.262403
6 0.396155 0.483269 0.0868327 0.187182 0.0662335
11 0.695899 0.454095 0.123861 0.0916941 0.0621048
11 0.693309 0.483038 0.131508 0.138445 0.0619734
0 0.908863 0.619755 0.156878 0.495034 0.0604835
11 0.674831 0.50229 0.137918 0.127159 0.055449
9 0.50235 0.513594 0.0755479 0.166615 0.055239
11 0.503689 0.622584 0.162331 0.117294 0.0403914
6 0.628646 0.515948 0.0633644 0.15063 0.0280568
9 0.768441 0.564993 0.14308 0.266627 0.0190085
0 0.831138 0.518425 0.274664 0.364051 0.0156442
11 0.684366 0.585971 0.0714191 0.0895016 0.0147907
11 0.703506 0.4995 0.0935126 0.127462 0.0147663
6 0.589082 0.505415 0.0805953 0.134062 0.0139746
11 0.67944 0.525845 0.0944843 0.152545 0.0117676
0 0.321905 0.473004 0.234647 0.255403 0.0114569
11 0.645772 0.527542 0.0795299 0.156599 0.0113646
9 0.283558 0.474053 0.14809 0.257853 0.0110739
4 0.836961 0.53374 0.28948 0.395938 0.0108845
11 0.577909 0.53162 0.0813112 0.0969998 0.00916513
11 0.633298 0.530893 0.0469089 0.152889 0.00854332
0 0.852547 0.596854 0.267886 0.469572 0.0078554
11 0.395154 0.490978 0.0877991 0.176419 0.00772576
0 0.278628 0.734353 0.231345 0.424673 0.00760098
6 0.645772 0.527542 0.0795299 0.156599 0.00648961
6 0.280632 0.724492 0.236264 0.390824 0.00599341
6 0.681438 0.496351 0.153563 0.123689 0.00591793
6 0.611023 0.511693 0.0665162 0.15221 0.00588071
10 0.617743 0.511493 0.046192 0.165983 0.00559274
4 0.849155 0.424446 0.187862 0.173459 0.00553026
6 0.380318 0.494422 0.0556366 0.189432 0.0054744
11 0.627356 0.515828 0.06717 0.170253 0.00527467
10 0.50277 0.514909 0.074674 0.165293 0.00500366
9 0.910117 0.622194 0.15425 0.482305 0.00494886
4 0.830819 0.476008 0.230342 0.275202 0.00448091
11 0.284719 0.725052 0.229187 0.37041 0.00444457
9 0.527234 0.514484 0.139187 0.152632 0.00440627
6 0.282036 0.47209 0.147202 0.250173 0.00431803
6 0.211973 0.534607 0.111709 0.215301 0.00431584
10 0.266162 0.495063 0.108425 0.218616 0.00404789
11 0.55604 0.526806 0.049036 0.105994 0.00392628
6 0.910073 0.629748 0.159007 0.484737 0.00386712
6 0.574738 0.512135 0.0961404 0.0976517 0.00385953
6 0.102729 0.562055 0.196108 0.287549 0.00313607
10 0.905067 0.619455 0.154066 0.434735 0.00299855
9 0.33764 0.464314 0.108114 0.241637 0.00291318
11 0.536806 0.517995 0.177579 0.13103 0.00265284
10 0.607598 0.435777 0.036631 0.136023 0.00263937
11 0.696969 0.545347 0.0770485 0.146845 0.00263113
11 0.492539 0.52756 0.108654 0.140364 0.00256679
6 0.390955 0.120672 0.218091 0.241344 0.00253766
11 0.505471 0.520549 0.0500369 0.160063 0.00249384
6 0.360938 0.47162 0.17004 0.237478 0.00248378
9 0.276497 0.740789 0.233633 0.430643 0.00241479
0 0.487391 0.518473 0.0964483 0.145907 0.00235568
0 0.33764 0.464314 0.108114 0.241637 0.00230679
11 0.574413 0.507682 0.111561 0.119957 0.00218988
10 0.166352 0.475159 0.0750099 0.170135 0.00188614
6 0.595857 0.525939 0.0566584 0.122208 0.00187928
4 0.688799 0.489902 0.160846 0.158836 0.00187221
0 0.688799 0.489902 0.160846 0.158836 0.00182664
0 0.505972 0.52163 0.0497252 0.159124 0.00181935
10 0.279898 0.477525 0.152745 0.262714 0.00181269
4 0.910073 0.608211 0.1568 0.527838 0.00180132
6 0.352162 0.62101 0.0649467 0.153829 0.00170498
10 0.609938 0.465319 0.0320141 0.0806591 0.00164871
0 0.627356 0.515828 0.06717 0.170253 0.00163601
6 0.328064 0.44277 0.0665339 0.188973 0.0016324
6 0.633151 0.536868 0.0413461 0.140515 0.00159487
10 0.304272 0.480151 0.0755822 0.271826 0.00158733
4 0.285652 0.484918 0.10419 0.248332 0.00157184
0 0.331027 0.412514 0.0614051 0.132523 0.00150746
0 0.295714 0.628319 0.218097 0.567003 0.0013855
10 0.526831 0.349094 0.0457972 0.125059 0.00137704
6 0.149327 0.54004 0.107041 0.264422 0.0013613
9 0.307621 0.512344 0.217275 0.334235 0.00132705
9 0.295714 0.628319 0.218097 0.567003 0.00121563
11 0.715271 0.449416 0.121346 0.0714244 0.00120288
11 0.537045 0.511416 0.0849104 0.104499 0.00116985
11 0.611023 0.511693 0.0665162 0.15221 0.00115668
11 0.509572 0.175294 0.939013 0.350589 0.00114479
7 0.506671 0.521902 0.0471195 0.157516 0.0011253
6 0.186122 0.51577 0.114318 0.181061 0.00107297
