7 0.815853 0.815632 0.14231 0.353145 0.873744
7 0.223387 0.831099 0.132227 0.32146 0.861419
7 0.118871 0.499057 0.0783773 0.227131 0.84415
7 0.13464 0.810248 0.139406 0.362782 0.834585
7 0.695044 0.805809 0.127951 0.375761 0.834435
7 0.750828 0.464523 0.0788677 0.240731 0.832207
7 0.199706 0.493317 0.078975 0.217013 0.816066
10 0.212765 0.162946 0.175704 0.284716 0.708932
10 0.617678 0.151516 0.130165 0.268963 0.667247
10 0.0328088 0.148447 0.0643527 0.296895 0.661419
7 0.634647 0.519555 0.121918 0.292847 0.538799
10 0.368382 0.231271 0.106943 0.447718 0.486409
11 0.502785 0.708212 0.994429 0.564796 0.447465
7 0.426776 0.723187 0.0770598 0.147953 0.416052
7 0.336344 0.722022 0.0953637 0.244481 0.326567
7 0.97083 0.501876 0.0529245 0.262089 0.302025
7 0.432172 0.478254 0.0696302 0.258254 0.278085
7 0.332461 0.777497 0.086834 0.131807 0.22971
10 0.175656 0.157775 0.100582 0.283112 0.224963
2 0.432346 0.475162 0.0663651 0.256358 0.219199
7 0.140316 0.239856 0.0682186 0.122265 0.204822
7 0.327321 0.523769 0.0671045 0.440736 0.18732
10 0.499676 0.267973 0.17309 0.5161 0.174404
7 0.83701 0.591274 0.0750568 0.142806 0.119963
10 0.865303 0.334873 0.262648 0.658226 0.105812
7 0.835451 0.485095 0.0757366 0.357936 0.0940415
7 0.95471 0.524257 0.0860371 0.301054 0.0911015
10 0.0971603 0.121486 0.080372 0.174886 0.0910448
7 0.11021 0.243975 0.131094 0.12003 0.0729047
10 0.922749 0.250216 0.150212 0.493494 0.0693612
10 0.0551499 0.158225 0.104095 0.310681 0.0602886
7 0.124112 0.239453 0.0668612 0.116081 0.0568678
2 0.0753898 0.195219 0.0487828 0.184711 0.04168
10 0.393241 0.261864 0.158135 0.502179 0.0335071
11 0.211049 0.163629 0.179223 0.289737 0.0320451
10 0.100006 0.156023 0.132964 0.250369 0.0148514
7 0.709739 0.155639 0.0534374 0.101442 0.0144457
7 0.398175 0.638321 0.0628573 0.151088 0.0126814
10 0.446965 0.273963 0.25537 0.527558 0.0108399
10 0.146148 0.159809 0.281326 0.302409 0.00819744
7 0.509421 0.631332 0.171876 0.246116 0.00817711
7 0.0653455 0.261008 0.06684 0.103474 0.00798951
2 0.843107 0.477261 0.0798355 0.387494 0.00659508
2 0.562618 0.46956 0.105459 0.533635 0.00636917
7 0.476048 0.666211 0.0842418 0.178027 0.00547326
10 0.546728 0.278436 0.31915 0.533058 0.00527993
6 0.913015 0.362982 0.168688 0.370122 0.00496362
10 0.969795 0.259462 0.0559536 0.505361 0.00446661
7 0.3222 0.426868 0.0621176 0.230958 0.00433175
2 0.692136 0.118391 0.049376 0.18618 0.00408192
10 0.0509411 0.253828 0.0912321 0.503463 0.0040196
10 0.105769 0.165493 0.0822619 0.222035 0.00394706
10 0.208866 0.241465 0.0818389 0.136019 0.00385648
2 0.0846697 0.157429 0.0899754 0.235511 0.00359823
10 0.88011 0.226326 0.23439 0.439154 0.00345942
7 0.697905 0.983004 0.11763 0.0339917 0.00330257
2 0.146109 0.233588 0.0589695 0.11394 0.00322848
6 0.9217 0.255837 0.150176 0.505543 0.00309046
10 0.164732 0.11886 0.0914964 0.201445 0.00303169
2 0.0619437 0.172557 0.0432832 0.180668 0.00280967
10 0.24515 0.161093 0.109573 0.261011 0.00270677
2 0.504041 0.501042 0.1692 0.534523 0.00264314
2 0.749409 0.463397 0.080624 0.237088 0.00263454
11 0.72683 0.212544 0.125068 0.0952713 0.0026008
10 0.330953 0.359554 0.190564 0.324781 0.00259659
10 0.954699 0.333945 0.0853899 0.397912 0.00252043
7 0.144177 0.950551 0.109349 0.0804921 0.00239221
11 0.810064 0.774681 0.336696 0.434934 0.00236048
7 0.56191 0.561116 0.0659233 0.191158 0.00228419
2 0.221456 0.764554 0.150297 0.310446 0.00225061
7 0.70302 0.142599 0.0673652 0.139399 0.00224312
7 0.351716 0.517151 0.110314 0.430877 0.00205988
10 0.36737 0.360584 0.10199 0.326307 0.00203372
10 0.97083 0.501876 0.0529245 0.262089 0.00199844
2 0.642095 0.077242 0.0330759 0.0996779 0.00198508
10 0.849362 0.418644 0.212997 0.484199 0.00192822
11 0.617678 0.151516 0.130165 0.268963 0.00185467
6 0.881763 0.384595 0.187464 0.553763 0.00184081
7 0.349028 0.694756 0.0740721 0.198396 0.0017896
10 0.617886 0.0778149 0.0769249 0.110329 0.00158255
10 0.0189096 0.163681 0.0378192 0.325092 0.00158092
10 0.362345 0.377918 0.131888 0.70893 0.00151918
7 0.0553495 0.244531 0.0888566 0.141924 0.00142989
10 0.642095 0.077242 0.0330759 0.0996779 0.00142554
2 0.120006 0.20475 0.0532081 0.163427 0.00132716
6 0.975544 0.823918 0.0455383 0.335744 0.00128903
1 0.834155 0.587875 0.0718216 0.14783 0.00128623
2 0.69221 0.155107 0.0472183 0.096136 0.00121673
10 0.222526 0.82674 0.135554 0.328769 0.00120451
6 0.845216 0.483187 0.0985531 0.366705 0.00119471
2 0.865705 0.472184 0.13345 0.399792 0.00118213
2 0.0580477 0.146917 0.0357823 0.140488 0.00115905
10 0.607894 0.106969 0.0999216 0.193095 0.0011188
7 0.56559 0.514167 0.0561722 0.290583 0.00108921
7 0.221456 0.764554 0.150297 0.310446 0.00103178
7 0.550259 0.598276 0.085817 0.125303 0.00102355
10 0.954272 0.218593 0.0867962 0.427953 0.00102091
11 0.0334068 0.130472 0.0654439 0.250582 0.00102024
2 0.635065 0.517845 0.123471 0.296801 0.00100883
