10 0.245938 0.799546 0.108478 0.378423 0.842288
10 0.855765 0.743901 0.0704341 0.267537 0.831117
10 0.144191 0.800373 0.0983373 0.375755 0.82774
10 0.334839 0.72847 0.0677668 0.240947 0.809081
10 0.0626569 0.796428 0.0690621 0.339573 0.769905
9 0.70391 0.768794 0.0808883 0.117715 0.755261
10 0.971769 0.772872 0.0504624 0.240394 0.707919
10 0.504854 0.695393 0.0364509 0.11737 0.650252
10 0.641366 0.730998 0.0447534 0.123561 0.609393
9 0.547413 0.728524 0.0384305 0.0864856 0.591442
10 0.703953 0.724254 0.0376446 0.152426 0.467327
10 0.933567 0.722149 0.0380704 0.108175 0.464217
4 0.424471 0.676381 0.0483021 0.0633666 0.440735
9 0.459755 0.726765 0.0372785 0.0889252 0.420455
0 0.176179 0.878296 0.234986 0.233045 0.39949
10 0.560309 0.706438 0.0503917 0.111028 0.229908
10 0.568017 0.692389 0.0323427 0.0870678 0.225829
4 0.379709 0.675373 0.0398391 0.0689541 0.207344
10 0.462395 0.691605 0.0306032 0.0931892 0.188184
10 0.0666367 0.720708 0.0594228 0.175275 0.182723
10 0.705034 0.734044 0.0565485 0.169627 0.15564
9 0.176179 0.878296 0.234986 0.233045 0.137254
9 0.959275 0.82551 0.073954 0.157724 0.136384
10 0.680196 0.708248 0.0246913 0.0882861 0.0994865
10 0.784575 0.72313 0.044292 0.144713 0.0899807
6 0.0238303 0.867885 0.0450804 0.247924 0.0865407
10 0.547379 0.709074 0.0358578 0.107258 0.0748445
10 0.898876 0.720154 0.0433072 0.114759 0.0724836
9 0.570165 0.728462 0.0839644 0.0850265 0.0706817
10 0.786275 0.694101 0.038839 0.0877561 0.0660981
9 0.556878 0.712952 0.0580981 0.113336 0.0398868
10 0.937734 0.767733 0.0517543 0.200524 0.0375572
10 0.76898 0.736732 0.07093 0.163295 0.0375105
0 0.222017 0.87758 0.136644 0.229357 0.0364152
10 0.655624 0.726264 0.042205 0.120369 0.0362883
9 0.456148 0.704682 0.0383644 0.101775 0.0362498
9 0.476108 0.72191 0.0632125 0.08496 0.0342174
10 0.359494 0.691676 0.0280912 0.0836737 0.0334812
10 0.923398 0.77475 0.0579173 0.2078 0.0330466
10 0.915116 0.801899 0.0435587 0.143342 0.0326111
4 0.296386 0.661719 0.0386586 0.0481097 0.0318323
4 0.361812 0.687042 0.0259094 0.0877452 0.0298998
10 0.560596 0.675224 0.0382039 0.0699203 0.0298951
9 0.748544 0.769134 0.0677655 0.114707 0.0277292
10 0.113403 0.683018 0.0386021 0.110851 0.0249456
10 0.536479 0.698542 0.0288591 0.101934 0.0242546
10 0.479477 0.69113 0.0392152 0.0919702 0.0236791
9 0.507838 0.712588 0.0385528 0.0994329 0.0235944
4 0.589407 0.730613 0.0717176 0.0845662 0.0233005
10 0.709841 0.688585 0.0352885 0.084824 0.0230908
10 0.75409 0.7447 0.0546669 0.139769 0.0228505
10 0.351546 0.676592 0.043064 0.124097 0.0227792
10 0.728135 0.735109 0.0758779 0.150856 0.0220737
6 0.916187 0.804497 0.0468169 0.13384 0.021963
10 0.679837 0.718121 0.0341473 0.110193 0.0212938
10 0.921084 0.720951 0.0615551 0.109346 0.0187549
10 0.663572 0.708328 0.0369484 0.0845145 0.0179534
10 0.460044 0.712212 0.034714 0.107496 0.016581
10 0.531903 0.681473 0.0251962 0.088016 0.0163169
9 0.731834 0.767326 0.106979 0.122043 0.0160897
10 0.840555 0.740317 0.042513 0.264805 0.0152687
10 0.54046 0.712593 0.0311112 0.0939823 0.0151505
10 0.546259 0.67194 0.0324373 0.0664159 0.014204
10 0.581818 0.695527 0.0605788 0.0515967 0.0136249
9 0.488381 0.704552 0.0409248 0.0792446 0.0116077
10 0.586242 0.729232 0.0761626 0.08743 0.0113064
4 0.34894 0.67947 0.048133 0.125326 0.0112701
6 0.795644 0.778445 0.0481279 0.0954897 0.0106305
4 0.199049 0.720347 0.0754068 0.160414 0.0103945
0 0.959275 0.82551 0.073954 0.157724 0.0101274
9 0.120226 0.869529 0.123508 0.252176 0.00940417
0 0.752184 0.761214 0.0573033 0.118361 0.00908989
10 0.963831 0.711499 0.0317951 0.0973776 0.00851552
10 0.488381 0.704552 0.0409248 0.0792446 0.00811476
0 0.508761 0.723217 0.0417854 0.0830868 0.00778465
10 0.895091 0.698967 0.0450051 0.0896528 0.00740288
0 0.026166 0.881146 0.049647 0.228013 0.00729268
0 0.916733 0.804951 0.0496057 0.135975 0.00686171
6 0.0452388 0.852691 0.0832273 0.232683 0.00684177
9 0.495154 0.723375 0.067276 0.0855968 0.0068123
10 0.653476 0.700062 0.0327303 0.074085 0.00641559
9 0.359494 0.691676 0.0280912 0.0836737 0.0062231
9 0.971274 0.805106 0.0481226 0.197894 0.00591512
9 0.91601 0.798062 0.0499734 0.151879 0.00591283
0 0.495154 0.723375 0.067276 0.0855968 0.00590345
11 0.589663 0.731773 0.0729591 0.0834849 0.00587624
10 0.701145 0.68496 0.0348886 0.0863235 0.00583667
9 0.54046 0.712593 0.0311112 0.0939823 0.00563375
9 0.499163 0.70508 0.0480668 0.117234 0.00551451
6 0.776061 0.766571 0.0716719 0.115083 0.005327
10 0.114586 0.65835 0.036584 0.0865035 0.00523026
10 0.800626 0.725628 0.0673419 0.142251 0.00491624
9 0.645489 0.731254 0.0527559 0.123227 0.00491149
6 0.762146 0.751872 0.0611783 0.133252 0.00477482
0 0.732162 0.762623 0.0985506 0.123391 0.00472535
0 0.111813 0.86671 0.107916 0.245677 0.00462409
0 0.702422 0.768943 0.0756399 0.116666 0.0045192
10 0.755321 0.701849 0.0492477 0.0899442 0.00442398
10 0.110665 0.708033 0.0386103 0.142725 0.00431984
9 0.930452 0.804515 0.0736104 0.152848 0.00422118
10 0.592311 0.718757 0.0545311 0.0684833 0.00419662
10 0.718624 0.686363 0.0394807 0.0820701 0.00415982
10 0.317263 0.67365 0.0343276 0.0941795 0.0040129
0 0.558151 0.728085 0.0604353 0.0890602 0.00346849
10 0.558151 0.728085 0.0604353 0.0890602 0.00334594
10 0.745954 0.691224 0.0366733 0.0774217 0.00330645
10 0.0458115 0.749409 0.0445264 0.208808 0.00285804
10 0.427803 0.673879 0.0562233 0.0689236 0.00275364
6 0.589513 0.73183 0.0742657 0.082454 0.0027304
4 0.201854 0.684936 0.0643817 0.101676 0.00267008
6 0.786765 0.734409 0.050446 0.173549 0.00264695
6 0.17583 0.872458 0.236876 0.240544 0.0026288
11 0.504854 0.695393 0.0364509 0.11737 0.00259281
10 0.725291 0.714286 0.05712 0.12486 0.0025161
6 0.592311 0.718757 0.0545311 0.0684833 0.00248112
4 0.294406 0.683819 0.040541 0.0747515 0.0024772
10 0.598308 0.701095 0.031976 0.0442326 0.00246566
10 0.887964 0.703985 0.0679414 0.157498 0.00242856
10 0.281845 0.744799 0.0271387 0.145131 0.00236438
0 0.937457 0.81286 0.0926212 0.155952 0.00235553
10 0.574224 0.716393 0.0892697 0.109999 0.00232077
9 0.589513 0.73183 0.0742657 0.082454 0.00200394
6 0.645489 0.731254 0.0527559 0.123227 0.00198937
6 0.936922 0.778719 0.0920168 0.211523 0.00198608
9 0.979194 0.791595 0.0296591 0.206908 0.00194227
10 0.823271 0.741254 0.0550251 0.19013 0.001916
0 0.465612 0.72693 0.0495574 0.0876401 0.00187894
6 0.744885 0.751371 0.0705856 0.120067 0.00182997
10 0.815937 0.70831 0.034465 0.113078 0.00177802
10 0.351514 0.641106 0.0344593 0.0686903 0.00177687
10 0.611858 0.735373 0.0934448 0.0918877 0.00175846
10 0.508761 0.723217 0.0417854 0.0830868 0.00172786
10 0.781959 0.679144 0.0300794 0.073684 0.00170879
4 0.460848 0.724514 0.0373777 0.0978281 0.00166548
9 0.42691 0.674579 0.0542087 0.0659258 0.00156656
9 0.666903 0.740955 0.0549879 0.107179 0.00154624
11 0.0238303 0.867885 0.0450804 0.247924 0.00151176
4 0.461726 0.689087 0.0358392 0.0796387 0.00149886
10 0.0336759 0.805743 0.0462405 0.243269 0.00149767
9 0.380147 0.678798 0.0373342 0.0705542 0.00146803
0 0.0367474 0.859083 0.0698063 0.236169 0.00144235
0 0.0665808 0.847742 0.0567999 0.224034 0.00143535
4 0.317263 0.67365 0.0343276 0.0941795 0.00141904
9 0.986466 0.806556 0.0207064 0.209206 0.0014049
4 0.385051 0.663808 0.0405919 0.0809979 0.00138858
9 0.592311 0.718757 0.0545311 0.0684833 0.00138355
10 0.097595 0.708358 0.0639893 0.147061 0.00137979
0 0.580616 0.723113 0.091556 0.0918574 0.00134826
10 0.8721 0.657573 0.0365552 0.0852719 0.00133564
10 0.0481509 0.80342 0.0564877 0.304108 0.00126043
11 0.779907 0.73416 0.0549359 0.166035 0.00124819
6 0.0695503 0.837013 0.0543343 0.251179 0.00123162
10 0.563001 0.656731 0.0592025 0.0751944 0.00120984
10 0.88495 0.675555 0.0590784 0.112044 0.00119502
4 0.570165 0.728462 0.0839644 0.0850265 0.00118826
4 0.421201 0.660272 0.0392798 0.072279 0.00118043
4 0.301188 0.649641 0.0416418 0.0645818 0.00116767
10 0.380147 0.678798 0.0373342 0.0705542 0.0011597
0 0.645489 0.731254 0.0527559 0.123227 0.00115629
9 0.351546 0.676592 0.043064 0.124097 0.00114276
6 0.0110622 0.904279 0.0210139 0.188503 0.00113882
11 0.0452388 0.852691 0.0832273 0.232683 0.00111928
6 0.899457 0.782055 0.0835863 0.179766 0.00110189
10 0.341026 0.633547 0.0412846 0.0621851 0.00105517
6 0.0149171 0.863362 0.028879 0.271072 0.00105151
9 0.936922 0.778719 0.0920168 0.211523 0.00104033
10 0.309312 0.687952 0.0200943 0.0749398 0.00104007
9 0.462395 0.691605 0.0306032 0.0931892 0.00102498
4 0.207241 0.65051 0.0581665 0.0610556 0.00102017
3 0.20686 0.645488 0.065585 0.0692995 0.00101919
11 0.971169 0.773778 0.0532446 0.240546 0.00101475
10 0.631168 0.742146 0.0599042 0.0924661 0.0010024
