2 0.139583 0.575009 0.128531 0.248564 0.81061
11 0.463438 0.843008 0.72368 0.276922 0.666322
10 0.766898 0.233145 0.323864 0.248563 0.0556148
7 0.560622 0.781462 0.0819637 0.0645863 0.0402472
0 0.772974 0.265983 0.309275 0.150622 0.00523446
5 0.767159 0.232609 0.328841 0.246216 0.00334695
6 0.644793 0.658002 0.492998 0.151817 0.00292208
10 0.463438 0.843008 0.72368 0.276922 0.00247808
6 0.694656 0.635279 0.354626 0.198581 0.0019904
10 0.60695 0.704217 0.725627 0.33598 0.0013196
6 0.719719 0.650993 0.512284 0.274275 0.0012303
7 0.393081 0.61822 0.0590423 0.0581488 0.00111493
7 0.397974 0.597899 0.0929239 0.10566 0.00107457
10 0.757234 0.313147 0.355329 0.400053 0.00107306
7 0.748554 0.737022 0.0835227 0.0574568 0.00104655
10 0.719719 0.650993 0.512284 0.274275 0.00101609
