10 0.277902 0.590807 0.200457 0.346589 0.858043
8 0.842629 0.723325 0.257265 0.28476 0.827725
6 0.0959267 0.703286 0.164958 0.228168 0.813332
10 0.136117 0.599172 0.138346 0.306294 0.644973
10 0.840986 0.724501 0.25867 0.286753 0.215702
6 0.0490017 0.705087 0.0846372 0.229734 0.164743
10 0.136728 0.536037 0.139646 0.180457 0.0725473
6 0.119137 0.665638 0.144843 0.157754 0.013834
11 0.944505 0.672945 0.10025 0.125738 0.0105956
10 0.778758 0.650975 0.134099 0.131912 0.00984768
8 0.789052 0.722937 0.147566 0.280465 0.00941496
10 0.785866 0.721575 0.149749 0.27619 0.00778237
6 0.723379 0.690776 0.0985007 0.166807 0.00617573
6 0.940102 0.680614 0.114276 0.142645 0.00440058
10 0.718136 0.452188 0.127862 0.152209 0.00417355
10 0.710543 0.39996 0.0501146 0.0390508 0.00405264
8 0.892234 0.70924 0.165262 0.222793 0.00316032
10 0.941522 0.674991 0.103112 0.139008 0.00287588
10 0.805367 0.679816 0.151282 0.187915 0.00267681
11 0.0492572 0.687839 0.0954361 0.197137 0.00266753
10 0.913139 0.703508 0.139686 0.208676 0.00254656
5 0.842016 0.723104 0.25372 0.285277 0.0023109
10 0.321022 0.632375 0.100818 0.246212 0.00207896
10 0.053164 0.695489 0.0936921 0.247051 0.00201532
9 0.840903 0.724518 0.256829 0.287062 0.00178529
10 0.760254 0.674937 0.106917 0.185314 0.00172862
10 0.966591 0.67341 0.0573768 0.120412 0.00170116
10 0.822998 0.65738 0.0804116 0.13813 0.00153568
6 0.73898 0.669457 0.0954366 0.178082 0.00149176
10 0.81835 0.627966 0.0717814 0.0784034 0.00138837
10 0.893844 0.744487 0.0731438 0.147995 0.0012652
4 0.940102 0.680614 0.114276 0.142645 0.00123784
11 0.966591 0.67341 0.0573768 0.120412 0.00115976
