11 0.488327 0.681352 0.760753 0.58492 0.876829
7 0.376823 0.616335 0.107732 0.2559 0.846925
6 0.765876 0.578607 0.38598 0.71018 0.383986
7 0.209242 0.441829 0.090974 0.20264 0.294344
6 0.735677 0.423986 0.239054 0.329418 0.0346943
6 0.742494 0.251336 0.34531 0.484491 0.0259397
7 0.593594 0.654104 0.0574123 0.108727 0.0223606
11 0.748476 0.309387 0.402915 0.151262 0.0151704
6 0.864425 0.480664 0.206832 0.539209 0.0140118
7 0.541997 0.510425 0.0461823 0.0731942 0.013292
11 0.742076 0.385363 0.397852 0.302974 0.00776762
7 0.464116 0.535055 0.0765935 0.155146 0.00743727
11 0.470568 0.868838 0.713807 0.23062 0.00613505
2 0.208626 0.440601 0.0930833 0.203626 0.00584191
7 0.55114 0.591359 0.0857817 0.138835 0.00565674
7 0.549628 0.512003 0.0327356 0.0617709 0.00560786
10 0.37654 0.614268 0.108503 0.257691 0.0045543
2 0.4464 0.544286 0.0553402 0.168493 0.00430956
6 0.752992 0.43659 0.373691 0.402422 0.00358093
6 0.37642 0.615227 0.109185 0.257664 0.00326255
10 0.208886 0.440237 0.0910383 0.203117 0.00279016
7 0.541226 0.526972 0.0571783 0.103778 0.0019739
7 0.48892 0.532428 0.0779958 0.140312 0.00194141
10 0.49008 0.68544 0.763931 0.59457 0.00186221
6 0.63023 0.393893 0.0946592 0.183545 0.001743
11 0.753472 0.506564 0.375599 0.542059 0.00167902
7 0.501018 0.530339 0.0500065 0.116388 0.00157181
7 0.53696 0.605388 0.121107 0.162701 0.00150192
7 0.556455 0.572175 0.0701975 0.0952198 0.00141464
7 0.555587 0.551103 0.0548754 0.111552 0.00139341
7 0.256906 0.443143 0.0608741 0.0498374 0.00122324
2 0.432608 0.545061 0.0464703 0.165199 0.00119884
7 0.461726 0.537241 0.263392 0.211931 0.00113536
2 0.376224 0.61263 0.110493 0.259939 0.00104462
