0 0.31388 0.707803 0.365258 0.516581 0.908349
10 0.317691 0.551915 0.153768 0.606341 0.824494
4 0.618017 0.4345 0.0640915 0.0677057 0.337583
3 0.623177 0.436109 0.073188 0.0677096 0.0897078
3 0.96567 0.417367 0.0622433 0.112532 0.0615912
3 0.888556 0.443121 0.195297 0.113121 0.0376942
10 0.311551 0.422929 0.14284 0.34758 0.0285711
0 0.225736 0.413244 0.0712869 0.151624 0.0212109
4 0.967623 0.415247 0.0604843 0.102294 0.0101275
6 0.65432 0.438503 0.0315872 0.0574893 0.00675946
11 0.432876 0.119687 0.788579 0.239374 0.00516629
6 0.629274 0.435118 0.0798965 0.0672621 0.00452703
2 0.717216 0.541327 0.033055 0.101668 0.0043899
11 0.56856 0.448921 0.0477352 0.0562677 0.00426415
4 0.968799 0.442224 0.0484268 0.0457997 0.00263226
6 0.893799 0.455078 0.203253 0.144288 0.00210982
6 0.569185 0.445911 0.0521772 0.0564068 0.00172446
6 0.597942 0.445594 0.0303673 0.0609601 0.00159505
1 0.629274 0.435118 0.0798965 0.0672621 0.00152157
4 0.969572 0.435103 0.0564716 0.074601 0.0014297
10 0.59636 0.437282 0.023374 0.0636716 0.00134452
10 0.687694 0.397449 0.0236773 0.0389207 0.00130713
4 0.969843 0.456652 0.0522734 0.074481 0.00128694
2 0.584258 0.541957 0.0306064 0.0959833 0.00122651
3 0.969572 0.435103 0.0564716 0.074601 0.00115976
3 0.870858 0.384341 0.0594917 0.0383078 0.00111034
