1 0.466768 0.518239 0.114608 0.129106 0.832146
1 0.314015 0.517598 0.110127 0.132516 0.376001
1 0.726923 0.480599 0.108062 0.063943 0.0505443
1 0.109684 0.416791 0.0789502 0.163505 0.0223463
4 0.731936 0.484581 0.0623037 0.0438624 0.0108535
1 0.725622 0.48443 0.0537661 0.0476413 0.0105968
1 0.784671 0.501217 0.0574015 0.0437435 0.0100344
1 0.7112 0.482322 0.0759134 0.0509864 0.00983021
1 0.112069 0.446837 0.0733577 0.100608 0.00896043
1 0.302908 0.539282 0.0793546 0.0875766 0.00751178
1 0.0516732 0.543029 0.0942411 0.195159 0.00573414
1 0.766161 0.497138 0.0554997 0.0424958 0.00527718
4 0.726723 0.481581 0.105474 0.0615484 0.00477737
4 0.781271 0.497646 0.0664799 0.0520111 0.00477479
4 0.765511 0.493814 0.0536856 0.0411325 0.00415383
1 0.211369 0.547473 0.156754 0.159462 0.00377694
1 0.380171 0.533739 0.0691184 0.0921399 0.00355565
1 0.763187 0.495716 0.0808079 0.0595612 0.00340279
1 0.487345 0.444903 0.0689989 0.0441036 0.00294125
1 0.793077 0.503137 0.0819702 0.0524077 0.00263362
1 0.214279 0.574183 0.122479 0.0958279 0.00231948
1 0.697392 0.480131 0.0481718 0.0460214 0.00217011
1 0.279696 0.51306 0.184085 0.142436 0.00209896
1 0.674253 0.472484 0.107746 0.0651541 0.00207403
4 0.761542 0.493437 0.0852451 0.0519831 0.00204649
1 0.113951 0.484656 0.066366 0.0574083 0.00199219
1 0.195773 0.576876 0.1665 0.123902 0.00186794
10 0.309001 0.52448 0.0989955 0.111681 0.00185633
1 0.70501 0.472391 0.106432 0.0701587 0.00139106
3 0.726723 0.481581 0.105474 0.0615484 0.00122561
1 0.639818 0.468122 0.0541211 0.0444394 0.00101774
