8 0.298145 0.404408 0.531559 0.26956 0.59301
6 0.437168 0.55381 0.833899 0.519274 0.237452
6 0.495389 0.408827 0.878872 0.794121 0.184299
5 0.298145 0.404408 0.531559 0.26956 0.10196
8 0.438639 0.561128 0.81551 0.50478 0.0368842
8 0.635647 0.552183 0.411897 0.468192 0.0266329
6 0.837715 0.274543 0.313902 0.35753 0.00683374
10 0.437168 0.55381 0.833899 0.519274 0.00411685
5 0.443968 0.560292 0.806681 0.497943 0.00346846
8 0.299607 0.527299 0.549486 0.50311 0.00190083
8 0.375369 0.565371 0.516277 0.312821 0.00151326
6 0.298969 0.407801 0.528754 0.282995 0.00141152
10 0.298145 0.404408 0.531559 0.26956 0.00131735
8 0.673998 0.4661 0.382759 0.278271 0.00108186
6 0.717759 0.267198 0.50559 0.490637 0.00102028
