9 0.772101 0.685087 0.135562 0.148808 0.797828
10 0.28598 0.64126 0.0377483 0.0449656 0.132094
7 0.475046 0.872643 0.1957 0.0565247 0.0801518
10 0.389159 0.650108 0.0454786 0.0434281 0.0323503
10 0.262559 0.643579 0.0365099 0.0451536 0.0255028
10 0.360365 0.64671 0.0306151 0.0356905 0.023127
10 0.486028 0.673337 0.05373 0.0419052 0.0143577
10 0.469813 0.669414 0.0577887 0.0384151 0.00779125
10 0.532183 0.681056 0.0313159 0.0492665 0.0074601
10 0.286146 0.678623 0.0461972 0.066044 0.00683583
9 0.811375 0.69608 0.097012 0.0930178 0.006482
10 0.282701 0.651577 0.0386437 0.05483 0.00595257
10 0.763791 0.659278 0.0796393 0.10478 0.00513852
9 0.286146 0.678623 0.0461972 0.066044 0.00501883
9 0.279315 0.64533 0.0500278 0.0525979 0.00475959
9 0.291388 0.691083 0.0550524 0.0911785 0.00368908
9 0.75641 0.686863 0.104019 0.106037 0.00332918
9 0.262559 0.643579 0.0365099 0.0451536 0.00324966
9 0.180314 0.640618 0.069412 0.0460749 0.00213386
0 0.180314 0.640618 0.069412 0.0460749 0.00176283
10 0.369935 0.650623 0.0565546 0.0389209 0.00164008
0 0.658838 0.706227 0.0528908 0.0551548 0.0016258
9 0.287801 0.640673 0.0334187 0.0427087 0.00156751
9 0.831572 0.696384 0.0547246 0.0881604 0.00142811
10 0.187898 0.638977 0.0555203 0.0414347 0.00142553
10 0.291388 0.691083 0.0550524 0.0911785 0.00130456
0 0.290397 0.682944 0.0557603 0.0774691 0.00127865
10 0.457041 0.665403 0.046406 0.0322935 0.00115306
10 0.352755 0.643667 0.0502096 0.0344477 0.00112731
