10 0.43355 0.662526 0.11212 0.201825 0.856593
9 0.171865 0.706785 0.300373 0.160794 0.802643
10 0.158072 0.667346 0.145245 0.171609 0.669775
4 0.623349 0.596559 0.0691306 0.0500391 0.476627
4 0.716866 0.581959 0.105491 0.051039 0.00728409
10 0.163818 0.692784 0.23824 0.18402 0.0050025
9 0.0829227 0.70177 0.125326 0.172068 0.00351649
10 0.777335 0.577401 0.0355011 0.0398554 0.00215246
0 0.171148 0.706751 0.301862 0.160873 0.00152601
0 0.0866228 0.69953 0.167448 0.164549 0.00130472
0 0.719624 0.581202 0.104091 0.0533438 0.00124259
2 0.450296 0.87074 0.0448795 0.0627701 0.0012057
0 0.0635375 0.679849 0.120452 0.118402 0.00119978
8 0.172073 0.70775 0.300163 0.156446 0.0011796
4 0.129325 0.685921 0.244685 0.163068 0.00106717
