6 0.342925 0.793038 0.256089 0.376347 0.833017
7 0.823514 0.729566 0.0848408 0.105042 0.816946
11 0.558754 0.695062 0.721713 0.427767 0.72382
7 0.697844 0.670381 0.0585902 0.0909333 0.060379
7 0.708215 0.679185 0.0384481 0.0781658 0.0386147
6 0.156637 0.73078 0.219902 0.352724 0.0333995
10 0.823721 0.728869 0.0858685 0.110542 0.0289638
11 0.156637 0.73078 0.219902 0.352724 0.0137485
2 0.726283 0.625845 0.0475597 0.165859 0.00650643
6 0.289431 0.7262 0.186758 0.396409 0.00392107
7 0.573999 0.669955 0.0479553 0.0572759 0.00336219
6 0.82078 0.736993 0.266834 0.430688 0.00301474
10 0.271747 0.28878 0.042394 0.0629148 0.00298129
7 0.673835 0.662691 0.0422702 0.0647554 0.0026696
2 0.279103 0.290571 0.0289187 0.0655572 0.0025713
2 0.135099 0.268227 0.0649925 0.0983441 0.00253308
2 0.270872 0.288785 0.0426005 0.0604533 0.00221659
6 0.238404 0.727055 0.383733 0.346875 0.00199583
7 0.519937 0.549253 0.045937 0.0977378 0.001837
10 0.570889 0.709122 0.754256 0.450425 0.00152226
7 0.691395 0.655869 0.0500647 0.0731141 0.00135156
2 0.0888972 0.053515 0.0284833 0.0689315 0.00119765
6 0.293463 0.645863 0.15051 0.214187 0.00115788
6 0.156454 0.778526 0.293507 0.413804 0.00109786
