10 0.454938 0.538852 0.754019 0.429049 0.309638
6 0.438792 0.552489 0.770711 0.380397 0.0828976
6 0.265895 0.371251 0.217776 0.381137 0.0734151
8 0.438557 0.552686 0.773603 0.385979 0.0631729
6 0.23046 0.376561 0.145595 0.336001 0.0583724
10 0.440012 0.407841 0.771416 0.671096 0.0495381
2 0.630744 0.360423 0.058041 0.11922 0.0317951
5 0.445669 0.548447 0.761622 0.384437 0.0298822
10 0.565741 0.55409 0.515153 0.376579 0.0238341
11 0.308258 0.41773 0.132355 0.265462 0.0229925
10 0.631258 0.380607 0.401405 0.710254 0.018846
6 0.219123 0.335613 0.298013 0.445893 0.0183767
11 0.266631 0.408894 0.218173 0.294234 0.0165953
11 0.431795 0.823315 0.805928 0.333303 0.0149104
10 0.557504 0.232781 0.145317 0.365824 0.0131903
6 0.440012 0.407841 0.771416 0.671096 0.00883121
11 0.445717 0.713973 0.793072 0.523245 0.0052054
10 0.66598 0.369861 0.0876177 0.132543 0.00366477
8 0.286397 0.607121 0.43745 0.255872 0.00338761
10 0.680967 0.362571 0.0435738 0.115298 0.00324897
5 0.631094 0.359991 0.0576661 0.114636 0.00321888
10 0.359435 0.40209 0.506457 0.590119 0.00286974
10 0.490362 0.226089 0.270556 0.427668 0.00248376
6 0.598177 0.378403 0.486526 0.697987 0.00240083
2 0.751006 0.638542 0.0642936 0.119185 0.00212341
2 0.338314 0.272459 0.0341016 0.111142 0.00193655
6 0.196208 0.360916 0.162117 0.354525 0.00182648
10 0.278091 0.592672 0.421337 0.278776 0.00152964
6 0.314253 0.418743 0.119 0.258409 0.00138202
11 0.44795 0.541308 0.756138 0.40771 0.00134747
8 0.630725 0.548454 0.378382 0.348084 0.00134681
2 0.327072 0.271394 0.0539008 0.115954 0.00105653
10 0.454938 0.538852 0.754019 0.429049 0.309638
6 0.438792 0.552489 0.770711 0.380397 0.0828976
6 0.265895 0.371251 0.217776 0.381137 0.0734151
8 0.438557 0.552686 0.773603 0.385979 0.0631729
6 0.23046 0.376561 0.145595 0.336001 0.0583724
10 0.440012 0.407841 0.771416 0.671096 0.0495381
2 0.630744 0.360423 0.058041 0.11922 0.0317951
5 0.445669 0.548447 0.761622 0.384437 0.0298822
10 0.565741 0.55409 0.515153 0.376579 0.0238341
11 0.308258 0.41773 0.132355 0.265462 0.0229925
10 0.631258 0.380607 0.401405 0.710254 0.018846
6 0.219123 0.335613 0.298013 0.445893 0.0183767
11 0.266631 0.408894 0.218173 0.294234 0.0165953
11 0.431795 0.823315 0.805928 0.333303 0.0149104
10 0.557504 0.232781 0.145317 0.365824 0.0131903
6 0.440012 0.407841 0.771416 0.671096 0.00883121
11 0.445717 0.713973 0.793072 0.523245 0.0052054
10 0.66598 0.369861 0.0876177 0.132543 0.00366477
8 0.286397 0.607121 0.43745 0.255872 0.00338761
10 0.680967 0.362571 0.0435738 0.115298 0.00324897
5 0.631094 0.359991 0.0576661 0.114636 0.00321888
10 0.359435 0.40209 0.506457 0.590119 0.00286974
10 0.490362 0.226089 0.270556 0.427668 0.00248376
6 0.598177 0.378403 0.486526 0.697987 0.00240083
2 0.751006 0.638542 0.0642936 0.119185 0.00212341
2 0.338314 0.272459 0.0341016 0.111142 0.00193655
6 0.196208 0.360916 0.162117 0.354525 0.00182648
10 0.278091 0.592672 0.421337 0.278776 0.00152964
6 0.314253 0.418743 0.119 0.258409 0.00138202
11 0.44795 0.541308 0.756138 0.40771 0.00134747
8 0.630725 0.548454 0.378382 0.348084 0.00134681
2 0.327072 0.271394 0.0539008 0.115954 0.00105653
