4 0.724721 0.643393 0.23027 0.502606 0.871192
4 0.30669 0.551441 0.179021 0.192447 0.618692
10 0.74069 0.413632 0.0462056 0.0825691 0.047499
10 0.725076 0.410191 0.0812411 0.0907624 0.0310334
4 0.0988594 0.532608 0.0374117 0.0825812 0.0310268
4 0.27503 0.456848 0.0566977 0.106111 0.0189546
4 0.340675 0.56326 0.1111 0.167398 0.012567
4 0.341873 0.462473 0.120032 0.113811 0.00965426
4 0.104779 0.542794 0.048164 0.108167 0.00645918
10 0.716629 0.52286 0.16475 0.679916 0.00536867
4 0.309338 0.45383 0.140621 0.109677 0.00342725
10 0.710214 0.327006 0.126536 0.288653 0.00302997
4 0.0883913 0.53615 0.0574103 0.0972849 0.00272848
4 0.0842925 0.608857 0.0993529 0.315847 0.00257155
3 0.300753 0.527976 0.186688 0.256971 0.00201976
3 0.726032 0.640198 0.232003 0.505194 0.00187583
10 0.24927 0.448811 0.0239718 0.107123 0.00174339
4 0.313419 0.471968 0.162417 0.195841 0.00170558
4 0.0790481 0.661752 0.127952 0.429721 0.00146888
4 0.0842417 0.549514 0.0962919 0.13829 0.00142387
4 0.724721 0.643393 0.23027 0.502606 0.871192
4 0.30669 0.551441 0.179021 0.192447 0.618692
10 0.74069 0.413632 0.0462056 0.0825691 0.047499
10 0.725076 0.410191 0.0812411 0.0907624 0.0310334
4 0.0988594 0.532608 0.0374117 0.0825812 0.0310268
4 0.27503 0.456848 0.0566977 0.106111 0.0189546
4 0.340675 0.56326 0.1111 0.167398 0.012567
4 0.341873 0.462473 0.120032 0.113811 0.00965426
4 0.104779 0.542794 0.048164 0.108167 0.00645918
10 0.716629 0.52286 0.16475 0.679916 0.00536867
4 0.309338 0.45383 0.140621 0.109677 0.00342725
10 0.710214 0.327006 0.126536 0.288653 0.00302997
4 0.0883913 0.53615 0.0574103 0.0972849 0.00272848
4 0.0842925 0.608857 0.0993529 0.315847 0.00257155
3 0.300753 0.527976 0.186688 0.256971 0.00201976
3 0.726032 0.640198 0.232003 0.505194 0.00187583
10 0.24927 0.448811 0.0239718 0.107123 0.00174339
4 0.313419 0.471968 0.162417 0.195841 0.00170558
4 0.0790481 0.661752 0.127952 0.429721 0.00146888
4 0.0842417 0.549514 0.0962919 0.13829 0.00142387
