8 0.336772 0.632349 0.436302 0.454377 0.757019
8 0.273864 0.557266 0.533297 0.47928 0.104734
6 0.364919 0.358948 0.415326 0.532126 0.0987881
8 0.174071 0.453075 0.327975 0.259923 0.0491284
6 0.438253 0.334666 0.263884 0.601238 0.0203935
6 0.291153 0.415052 0.567766 0.767693 0.0188296
6 0.23904 0.318377 0.160715 0.225508 0.0108236
6 0.22978 0.560539 0.444762 0.460384 0.00834861
11 0.237479 0.316801 0.158888 0.219909 0.00416794
8 0.0744774 0.60089 0.14621 0.350916 0.00372242
11 0.438414 0.469599 0.277625 0.302988 0.00369283
8 0.175079 0.605653 0.34711 0.351951 0.00347731
11 0.50478 0.726734 0.95527 0.521988 0.00207099
10 0.330361 0.627952 0.429536 0.437225 0.00206824
11 0.491404 0.475197 0.160294 0.293783 0.00160988
5 0.330361 0.627952 0.429536 0.437225 0.0014833
8 0.505585 0.730599 0.965895 0.510086 0.00147183
6 0.481194 0.376809 0.17597 0.501942 0.00143844
6 0.529519 0.332199 0.586619 0.560578 0.00121592
10 0.261465 0.560948 0.507613 0.474278 0.00109965
5 0.0284846 0.316233 0.0557887 0.152403 0.00101985
