0 0.432823 0.690014 0.11264 0.281996 0.850676
0 0.192309 0.791892 0.327029 0.390558 0.838865
0 0.374753 0.574482 0.0494729 0.150246 0.560511
10 0.561503 0.51721 0.0319171 0.0860201 0.346242
1 0.900348 0.584813 0.188153 0.106612 0.138411
10 0.336125 0.500539 0.0407757 0.0431529 0.0917887
10 0.632048 0.537687 0.0324854 0.0923888 0.0890684
9 0.56174 0.525611 0.0356032 0.077134 0.0884833
0 0.56174 0.525611 0.0356032 0.077134 0.0864252
0 0.39112 0.579462 0.0854495 0.153023 0.0760198
10 0.322743 0.500304 0.0180658 0.0413425 0.0716916
10 0.657531 0.530321 0.0419406 0.0838751 0.0588031
10 0.511183 0.51773 0.0242695 0.0734717 0.0540656
10 0.375323 0.524023 0.0326451 0.0841899 0.0514421
10 0.344117 0.502347 0.026136 0.0454215 0.0498711
10 0.693583 0.501217 0.0260663 0.0658071 0.0418954
10 0.529379 0.517699 0.0203507 0.0713646 0.0368236
1 0.905751 0.537097 0.180452 0.113882 0.031631
10 0.703025 0.499503 0.0315603 0.0658448 0.0309388
4 0.896651 0.579088 0.179648 0.0931043 0.0295892
11 0.706884 0.557594 0.0573844 0.074585 0.0279937
10 0.76032 0.543413 0.0255266 0.0710441 0.0243061
10 0.746394 0.530889 0.0400711 0.0958821 0.0242696
10 0.641252 0.528551 0.039388 0.0852761 0.0234402
10 0.352426 0.503819 0.0331275 0.0492067 0.0231331
10 0.625761 0.529208 0.0326759 0.0896146 0.021415
10 0.65682 0.537564 0.0617074 0.0970155 0.0198595
1 0.899928 0.524744 0.0692732 0.0564802 0.0194668
10 0.335637 0.504805 0.0283436 0.0407223 0.0190684
10 0.575077 0.513821 0.0372836 0.0778331 0.0181064
0 0.514101 0.526551 0.0308057 0.06922 0.0177592
10 0.670656 0.527099 0.0409187 0.0776597 0.0172791
10 0.52694 0.53511 0.0535335 0.0617734 0.0171247
10 0.304124 0.499713 0.0146603 0.0393417 0.0168974
10 0.617557 0.536132 0.0454632 0.0878719 0.0155896
10 0.695379 0.524478 0.0356562 0.0984459 0.0142608
10 0.529448 0.509288 0.0272645 0.0889181 0.013798
10 0.490424 0.510582 0.0218505 0.0639934 0.0131849
10 0.505079 0.507483 0.046705 0.0835543 0.0118089
10 0.709859 0.499101 0.0224661 0.0627441 0.0111619
10 0.739985 0.517471 0.0357629 0.0992414 0.0109673
10 0.373675 0.565135 0.0410555 0.146323 0.0109621
4 0.464737 0.516073 0.0373516 0.0377671 0.00937254
10 0.519479 0.527954 0.0388147 0.0641107 0.00821431
10 0.544113 0.513018 0.0336599 0.0812506 0.00790719
10 0.293069 0.498472 0.0252838 0.0352899 0.00773723
0 0.370886 0.558855 0.0436766 0.105036 0.00702546
0 0.51757 0.540075 0.0397057 0.0578645 0.00667342
10 0.476308 0.514857 0.0389809 0.0508613 0.00651642
1 0.905204 0.534311 0.113131 0.0565086 0.00650617
10 0.590712 0.519181 0.0259119 0.0706335 0.00610763
11 0.720832 0.561418 0.0707898 0.0723064 0.00608065
10 0.596051 0.526868 0.0483924 0.0880411 0.00595274
4 0.646204 0.533833 0.090724 0.0959242 0.00593649
4 0.612396 0.533003 0.0437826 0.0857631 0.00573472
0 0.335637 0.504805 0.0283436 0.0407223 0.00498284
4 0.668847 0.539507 0.105559 0.0992367 0.00468688
9 0.464737 0.516073 0.0373516 0.0377671 0.00464364
10 0.703351 0.539774 0.0526256 0.101711 0.00454818
10 0.668847 0.539507 0.105559 0.0992367 0.00440152
10 0.49069 0.503103 0.0517415 0.0739153 0.00417184
1 0.902916 0.496866 0.0614222 0.108136 0.00414074
0 0.556441 0.540242 0.05371 0.0593504 0.00402365
10 0.38678 0.504152 0.0500356 0.0466028 0.00388986
10 0.341445 0.494485 0.0572309 0.0510218 0.00387311
0 0.622922 0.539336 0.0453739 0.090539 0.00382455
9 0.519479 0.527954 0.0388147 0.0641107 0.00378743
10 0.305621 0.492548 0.0235939 0.0488487 0.00377235
11 0.6625 0.54899 0.0658363 0.0903111 0.00371908
0 0.329657 0.618362 0.0691159 0.0854061 0.00370366
9 0.533495 0.532468 0.0577894 0.0655492 0.0035971
4 0.293069 0.498472 0.0252838 0.0352899 0.0035618
10 0.463068 0.514491 0.0360353 0.0397225 0.00348159
10 0.359744 0.496085 0.065827 0.0559139 0.0034011
10 0.584466 0.505979 0.0271015 0.0824519 0.00334326
0 0.528569 0.519959 0.0225629 0.0735127 0.00304799
1 0.91712 0.494873 0.146778 0.0854752 0.00296605
1 0.926713 0.52295 0.128839 0.0587881 0.00291752
4 0.86641 0.580326 0.119264 0.0785426 0.00280598
4 0.618013 0.533815 0.0689493 0.0935625 0.00277342
6 0.760169 0.543255 0.0251637 0.0718803 0.0027521
4 0.172228 0.490888 0.0465209 0.0292986 0.00264338
0 0.533495 0.532468 0.0577894 0.0655492 0.00263488
6 0.670752 0.554272 0.0735168 0.0828711 0.00262225
11 0.889814 0.573259 0.127222 0.0810533 0.0025918
6 0.697582 0.559662 0.0632152 0.0759579 0.00257739
0 0.0879731 0.806762 0.144404 0.359935 0.00253968
1 0.929475 0.546991 0.140746 0.0848748 0.00250335
10 0.685062 0.492161 0.0309096 0.0649912 0.00248006
0 0.60168 0.528918 0.0611584 0.08939 0.00232954
10 0.602542 0.516254 0.0357005 0.0677677 0.00222396
4 0.128958 0.495356 0.066746 0.037631 0.00220197
10 0.533558 0.515263 0.0600298 0.0853464 0.00218577
10 0.315826 0.504481 0.0277172 0.0419541 0.00216735
10 0.478978 0.50594 0.0599502 0.0639155 0.00214792
9 0.528569 0.519959 0.0225629 0.0735127 0.0020807
4 0.602542 0.516254 0.0357005 0.0677677 0.00207661
1 0.893689 0.543011 0.0970637 0.0500997 0.00205342
0 0.568667 0.536935 0.0553871 0.0732992 0.00203594
0 0.377005 0.51625 0.0415666 0.0613391 0.00202102
10 0.409179 0.505904 0.0236467 0.0394636 0.00191876
10 0.625413 0.534344 0.0836287 0.0944518 0.00191812
0 0.625413 0.534344 0.0836287 0.0944518 0.00190453
10 0.467255 0.508803 0.0474478 0.0500661 0.0018893
6 0.374542 0.577866 0.0504496 0.150027 0.00181538
8 0.435484 0.69056 0.108053 0.277353 0.00173155
6 0.657063 0.543748 0.0610169 0.0989702 0.00172866
10 0.294533 0.490292 0.0347689 0.0443149 0.00168924
0 0.374866 0.536223 0.0354128 0.106938 0.00168282
6 0.0611608 0.805449 0.117627 0.367895 0.00157953
4 0.629999 0.535683 0.031165 0.0890191 0.00152994
1 0.871577 0.578304 0.131497 0.0801785 0.00151431
10 0.452618 0.511151 0.0293814 0.0373602 0.00148854
4 0.148829 0.493571 0.0954975 0.0385437 0.00145874
10 0.558066 0.532903 0.0433038 0.0630293 0.0014226
10 0.770438 0.540735 0.0388812 0.062168 0.00139704
9 0.646204 0.533833 0.090724 0.0959242 0.00134397
4 0.471621 0.513433 0.0461195 0.051008 0.0013389
0 0.424427 0.505649 0.0436858 0.0369698 0.00133389
4 0.452618 0.511151 0.0293814 0.0373602 0.00128503
4 0.601651 0.528181 0.0465706 0.0844905 0.00122642
4 0.565091 0.527316 0.0407693 0.076727 0.00121241
9 0.512132 0.519791 0.0262831 0.0778557 0.00119242
9 0.668847 0.539507 0.105559 0.0992367 0.00115392
11 0.687961 0.559123 0.115511 0.0867996 0.00114448
4 0.0162209 0.482176 0.0296876 0.0610759 0.00114313
0 0.463068 0.514491 0.0360353 0.0397225 0.00108718
9 0.759976 0.543815 0.0243739 0.0707249 0.00105346
6 0.677527 0.548687 0.127033 0.0972923 0.00104533
9 0.60168 0.528918 0.0611584 0.08939 0.00104072
0 0.467255 0.508803 0.0474478 0.0500661 0.00102052
