10 0.913962 0.802728 0.140396 0.368712 0.83571
10 0.605 0.563311 0.360323 0.856267 0.807032
4 0.204195 0.528184 0.199425 0.213195 0.7984
10 0.373859 0.599061 0.315551 0.785268 0.591094
10 0.478124 0.597726 0.516473 0.787194 0.507503
4 0.0727799 0.562746 0.136288 0.342728 0.311111
2 0.480114 0.683648 0.118978 0.27748 0.0909077
7 0.306719 0.640525 0.170525 0.620208 0.0525086
2 0.476525 0.712036 0.143399 0.403244 0.0214382
4 0.11125 0.549311 0.210093 0.374435 0.0185147
10 0.0721596 0.564348 0.133833 0.349035 0.0124802
2 0.491762 0.658302 0.0838106 0.196576 0.00895132
2 0.319719 0.719774 0.185121 0.535716 0.00480174
5 0.313096 0.709283 0.178691 0.581435 0.0036285
10 0.979717 0.718604 0.0345297 0.342712 0.00357531
2 0.36346 0.675135 0.220277 0.403959 0.0028713
10 0.0638145 0.679302 0.114344 0.605932 0.0023943
7 0.344939 0.655158 0.145239 0.425073 0.0022529
10 0.973984 0.678597 0.0509644 0.283287 0.00215069
4 0.13817 0.455252 0.261625 0.203243 0.00209165
10 0.123188 0.546636 0.0588681 0.291434 0.00175268
9 0.0724248 0.565455 0.134315 0.347193 0.00175116
2 0.321127 0.607567 0.121498 0.374933 0.00172697
2 0.331981 0.599827 0.205892 0.586153 0.00127606
10 0.541858 0.338047 0.387069 0.388264 0.00108139
4 0.751285 0.223729 0.122671 0.124555 0.00106402
