0 0.464075 0.158043 0.378262 0.312519 0.888815
0 0.797917 0.156427 0.376367 0.308842 0.878988
4 0.201554 0.1522 0.381222 0.294316 0.732199
0 0.136058 0.39142 0.2535 0.201682 0.051429
4 0.114342 0.148854 0.215188 0.275308 0.0331509
4 0.298571 0.0703328 0.16478 0.115812 0.022359
4 0.576747 0.0473604 0.126079 0.0821143 0.0217312
0 0.569906 0.149456 0.169321 0.287685 0.0109165
10 0.512651 0.153002 0.228564 0.301335 0.00686597
0 0.631736 0.154467 0.248203 0.290545 0.0058113
4 0.304416 0.0508246 0.141547 0.0798111 0.00439378
8 0.137859 0.387861 0.262091 0.205503 0.00395683
6 0.136907 0.388196 0.255299 0.208637 0.00353984
10 0.0876474 0.832329 0.167455 0.321814 0.00218627
9 0.136058 0.39142 0.2535 0.201682 0.00164876
10 0.485773 0.200784 0.045985 0.202734 0.00164377
10 0.522331 0.112294 0.0916866 0.216425 0.00139935
10 0.45303 0.162242 0.230887 0.320254 0.00138546
6 0.749045 0.154747 0.278728 0.290518 0.00112852
