2 0.430276 0.503413 0.161252 0.598882 0.863191
5 0.607579 0.657647 0.161816 0.220737 0.70242
2 0.274824 0.462891 0.15405 0.606837 0.696419
11 0.520494 0.821683 0.959011 0.339536 0.0984839
6 0.60981 0.658512 0.170578 0.220226 0.0974915
11 0.845102 0.79008 0.292581 0.37575 0.0604171
8 0.606806 0.65598 0.160426 0.214258 0.022413
7 0.432824 0.498253 0.151249 0.6018 0.00388418
7 0.272073 0.451737 0.168022 0.647368 0.0013053
2 0.0630823 0.278284 0.106847 0.555395 0.00108891
7 0.43884 0.075349 0.079152 0.128417 0.00100079
