10 0.844601 0.542709 0.21298 0.538214 0.84352
10 0.584394 0.643624 0.39193 0.691719 0.786124
10 0.15065 0.57222 0.269814 0.767973 0.756116
10 0.285255 0.797461 0.194759 0.368985 0.31244
8 0.286393 0.795266 0.192709 0.368414 0.184186
10 0.656735 0.532259 0.212291 0.470164 0.176176
10 0.73 0.418991 0.0683508 0.179825 0.0332986
10 0.201542 0.793195 0.369437 0.381125 0.0326511
7 0.459166 0.567526 0.121102 0.206222 0.0207147
9 0.283759 0.796879 0.199956 0.369197 0.0122579
7 0.401889 0.559311 0.138536 0.165949 0.0105183
7 0.490317 0.769164 0.0580924 0.13121 0.00817826
10 0.742973 0.430695 0.0996018 0.21177 0.0078197
10 0.293319 0.76306 0.144814 0.295085 0.00560407
10 0.682108 0.817205 0.598167 0.347646 0.00457892
10 0.718727 0.408379 0.0518227 0.155813 0.00433101
8 0.147574 0.572451 0.272038 0.774782 0.00300847
11 0.149561 0.573956 0.271108 0.774382 0.0028697
10 0.23044 0.6312 0.148804 0.536725 0.00257923
6 0.462054 0.574497 0.114766 0.2152 0.00216744
10 0.784832 0.402702 0.17812 0.254973 0.00193832
8 0.586688 0.645451 0.39545 0.685245 0.00170643
10 0.390307 0.560344 0.13484 0.178452 0.00163112
7 0.147574 0.572451 0.272038 0.774782 0.00142961
10 0.201154 0.31206 0.101504 0.179792 0.00131312
10 0.53513 0.647104 0.0576626 0.117154 0.00124829
10 0.754042 0.510061 0.130355 0.470278 0.00117241
11 0.84339 0.54183 0.212831 0.538681 0.00111957
2 0.533607 0.639223 0.0482616 0.11427 0.00110334
10 0.594646 0.410704 0.0726479 0.19835 0.00110163
10 0.294685 0.716369 0.127504 0.195773 0.00102641
10 0.85005 0.849281 0.273736 0.275225 0.00102143
