10 0.625858 0.50306 0.504497 0.959893 0.798898
2 0.44458 0.670182 0.196001 0.405801 0.545005
10 0.939558 0.377818 0.11009 0.290415 0.485634
10 0.287533 0.514006 0.54413 0.925225 0.457298
8 0.628945 0.498379 0.501203 0.951506 0.195937
6 0.886593 0.759495 0.207442 0.437373 0.191275
10 0.939157 0.469714 0.111931 0.464835 0.136402
10 0.914681 0.519826 0.156514 0.576759 0.132623
10 0.893159 0.598098 0.193878 0.756336 0.0467126
2 0.48764 0.636344 0.218526 0.365135 0.013942
10 0.961719 0.501439 0.0709072 0.555931 0.00867227
2 0.523383 0.583704 0.133802 0.245104 0.00732502
10 0.43733 0.512047 0.589387 0.934686 0.00530868
6 0.733253 0.953121 0.11404 0.0772411 0.00502599
6 0.24229 0.52146 0.454487 0.926312 0.00331131
2 0.500426 0.555718 0.134209 0.18562 0.0024065
7 0.505904 0.611405 0.216121 0.357664 0.0024064
6 0.667624 0.823546 0.322651 0.327214 0.00213888
10 0.900845 0.379801 0.173889 0.28211 0.00208144
7 0.444422 0.676014 0.181979 0.374739 0.00186249
11 0.213627 0.514387 0.40362 0.911601 0.00116773
5 0.628945 0.498379 0.501203 0.951506 0.00112836
2 0.508915 0.559989 0.200091 0.271438 0.00111692
10 0.813184 0.389488 0.17627 0.593706 0.00108585
2 0.365395 0.69274 0.328888 0.393193 0.00107428
2 0.480578 0.61897 0.11019 0.249494 0.00107306
