7 0.340596 0.873395 0.149122 0.244116 0.843162
7 0.180093 0.857849 0.106878 0.273407 0.841593
7 0.526896 0.873742 0.143757 0.246638 0.841029
7 0.655659 0.696737 0.0542339 0.0948743 0.812294
10 0.184257 0.532715 0.314211 0.519637 0.794013
10 0.822691 0.608248 0.35081 0.764215 0.790917
7 0.323557 0.69612 0.0730642 0.161003 0.789527
10 0.350916 0.457734 0.180049 0.37563 0.788453
7 0.456824 0.663717 0.0703653 0.207853 0.774295
7 0.559352 0.690836 0.0820959 0.132813 0.765608
2 0.401031 0.721419 0.0868164 0.371745 0.720875
10 0.503948 0.463077 0.20242 0.316863 0.702326
10 0.543277 0.454536 0.132489 0.255946 0.67305
11 0.432032 0.759193 0.844887 0.446025 0.610021
7 0.179473 0.893577 0.0874562 0.190688 0.592955
2 0.628349 0.547003 0.0576279 0.191587 0.260745
7 0.285145 0.953747 0.117088 0.0881981 0.242539
7 0.108497 0.831091 0.0757049 0.160529 0.221832
7 0.0606198 0.864767 0.112775 0.143089 0.196576
2 0.545501 0.631684 0.0593794 0.217374 0.163073
2 0.583362 0.630202 0.136642 0.215208 0.0585906
7 0.552201 0.605474 0.0686562 0.162627 0.0549994
11 0.503453 0.463154 0.199885 0.314882 0.0524061
2 0.61624 0.556726 0.104207 0.213831 0.0490832
10 0.886895 0.64339 0.222607 0.697005 0.0484496
7 0.399652 0.691308 0.0838627 0.302652 0.0350474
7 0.583362 0.630202 0.136642 0.215208 0.0262411
10 0.528054 0.872214 0.150458 0.249854 0.022999
11 0.1328 0.881838 0.254795 0.224037 0.0211544
11 0.352408 0.457137 0.179743 0.371549 0.0198345
7 0.261574 0.953397 0.0717301 0.0901268 0.0150794
7 0.53662 0.631473 0.0439432 0.207035 0.0150178
10 0.654706 0.604047 0.690588 0.765746 0.0147658
10 0.887731 0.807501 0.219934 0.37262 0.0145116
7 0.0879266 0.868094 0.088162 0.123344 0.013273
11 0.822794 0.541007 0.352681 0.627033 0.0122101
7 0.545291 0.582116 0.0496238 0.116836 0.0117151
7 0.573337 0.593725 0.0535225 0.123544 0.0108653
7 0.597608 0.615565 0.0691128 0.160463 0.00998235
2 0.658414 0.559827 0.0436586 0.111099 0.0098069
7 0.658259 0.556832 0.0426281 0.103925 0.00979247
7 0.582144 0.610085 0.0483806 0.15859 0.00929635
7 0.582941 0.851649 0.058911 0.161885 0.00890039
2 0.45714 0.663206 0.0670296 0.205769 0.00836651
7 0.54312 0.842781 0.117418 0.190359 0.00834618
7 0.453549 0.618437 0.0672321 0.124609 0.00752237
7 0.142519 0.828636 0.0810493 0.188855 0.00736261
2 0.606178 0.616738 0.0539395 0.176159 0.00673644
7 0.178652 0.812158 0.0980654 0.176625 0.00658682
7 0.0789758 0.892562 0.150102 0.201663 0.00621787
2 0.640548 0.562042 0.0832647 0.228329 0.00579422
7 0.602298 0.857296 0.0618622 0.151823 0.0057554
7 0.656752 0.570796 0.0522852 0.148666 0.00485618
7 0.170402 0.932497 0.0650217 0.13229 0.00470895
2 0.565989 0.636866 0.0770516 0.213989 0.00447069
10 0.48817 0.411384 0.0917777 0.153997 0.00429721
7 0.320838 0.964484 0.108251 0.0710311 0.00405533
11 0.541931 0.466643 0.131961 0.286267 0.00394456
11 0.182488 0.536145 0.313855 0.532207 0.00378443
7 0.535394 0.581298 0.0314013 0.113088 0.00374726
7 0.057113 0.865628 0.0646195 0.131145 0.00339595
7 0.582129 0.627975 0.0700975 0.185207 0.00334834
7 0.560496 0.586107 0.0468685 0.122427 0.00313445
10 0.339986 0.873696 0.149598 0.244698 0.00251126
7 0.628438 0.551423 0.061666 0.189663 0.00242514
7 0.563253 0.579769 0.0320623 0.10579 0.00218749
7 0.0828614 0.844532 0.137968 0.18014 0.0020604
2 0.619524 0.589597 0.0550167 0.213419 0.00185205
7 0.459852 0.600808 0.0670113 0.0821312 0.00181677
11 0.230965 0.827152 0.447147 0.341868 0.00180316
7 0.120227 0.878907 0.231742 0.217655 0.0017919
7 0.0729718 0.774223 0.0459279 0.0870511 0.00169699
7 0.588129 0.681313 0.0750837 0.112927 0.00157231
2 0.582129 0.627975 0.0700975 0.185207 0.001547
7 0.455748 0.833359 0.0794125 0.185259 0.00151583
2 0.281571 0.954318 0.10795 0.089721 0.00150464
7 0.465795 0.634846 0.056649 0.14573 0.00143692
7 0.667672 0.693008 0.035478 0.0924305 0.00141456
10 0.266899 0.522691 0.14351 0.478729 0.00140962
10 0.977055 0.174251 0.0422306 0.292238 0.00129406
6 0.359171 0.482131 0.187857 0.336795 0.00126145
10 0.17928 0.893739 0.0875943 0.195052 0.00123618
7 0.61534 0.432263 0.032361 0.0603957 0.00122484
7 0.440708 0.604105 0.0458498 0.0989451 0.001121
2 0.535394 0.581298 0.0314013 0.113088 0.00111426
7 0.125781 0.825869 0.0566712 0.163792 0.00110227
7 0.146443 0.822129 0.128291 0.186863 0.00109479
10 0.520281 0.466385 0.0834612 0.243171 0.00109053
6 0.526896 0.873742 0.143757 0.246638 0.00102718
