1 0.0603613 0.737962 0.116997 0.110552 0.319296
1 0.492871 0.676636 0.218892 0.235483 0.282768
1 0.968112 0.754825 0.0584816 0.109551 0.257013
1 0.2833 0.730069 0.15459 0.0968366 0.0830469
1 0.0570348 0.766053 0.11407 0.0524947 0.0750385
1 0.575817 0.815482 0.0846388 0.0662354 0.0662724
1 0.31075 0.71809 0.216273 0.131431 0.0500797
1 0.514059 0.818104 0.209189 0.074284 0.0458015
1 0.0918811 0.773344 0.0515656 0.0470991 0.0348988
1 0.346519 0.701784 0.283413 0.166533 0.0177763
1 0.661233 0.768489 0.0818438 0.0453239 0.0167515
1 0.612369 0.668941 0.4791 0.248086 0.0156506
1 0.52696 0.669641 0.121539 0.213584 0.0151426
1 0.270186 0.744308 0.12149 0.0768036 0.0149035
1 0.271303 0.704419 0.111749 0.134559 0.0130061
1 0.92133 0.574872 0.119098 0.449756 0.0103782
1 0.395363 0.676247 0.378311 0.22031 0.00798725
1 0.160051 0.752103 0.13315 0.0514625 0.00731141
1 0.0460335 0.757009 0.0896677 0.05955 0.00711629
1 0.589596 0.81151 0.0515503 0.0553118 0.00705647
1 0.914237 0.767508 0.086417 0.0616018 0.00624492
1 0.73436 0.638973 0.251766 0.310788 0.0059678
1 0.236487 0.750526 0.0581151 0.0375435 0.00524313
1 0.0899564 0.764108 0.0593347 0.0473747 0.0034066
1 0.945003 0.558871 0.0683134 0.412125 0.00286832
1 0.895535 0.762584 0.114791 0.0722245 0.00232455
1 0.071815 0.772234 0.0877984 0.0477705 0.00215704
10 0.588133 0.809501 0.0535535 0.0526647 0.00205488
1 0.0359577 0.730959 0.0719154 0.103464 0.0017586
1 0.28967 0.697771 0.0737223 0.124825 0.00140375
1 0.923237 0.740118 0.109982 0.11808 0.00123729
1 0.353016 0.74747 0.0879971 0.0478841 0.00121756
1 0.414212 0.726575 0.0622866 0.0947044 0.00114168
