10 0.644324 0.490911 0.489628 0.687035 0.890419
2 0.599232 0.708201 0.0892031 0.309537 0.813087
7 0.674831 0.662627 0.0437531 0.112534 0.565628
10 0.841153 0.170336 0.162428 0.329034 0.467916
7 0.328609 0.739511 0.0836864 0.134806 0.188664
7 0.468457 0.757163 0.103462 0.187412 0.0322005
11 0.501821 0.824979 0.994016 0.330487 0.0267587
7 0.648814 0.642798 0.0406349 0.150959 0.0261611
11 0.645409 0.490152 0.493013 0.685842 0.0198143
11 0.353689 0.555972 0.0839898 0.230727 0.018407
2 0.265035 0.68434 0.0599948 0.200973 0.00577736
7 0.825754 0.839267 0.109759 0.149289 0.00252189
2 0.467604 0.758057 0.104365 0.188921 0.00166948
2 0.264172 0.62787 0.0644399 0.321627 0.00164331
10 0.467371 0.757424 0.102221 0.188189 0.00155784
11 0.703658 0.88353 0.568205 0.219732 0.0011274
