4 0.843454 0.57878 0.259126 0.149749 0.870985
10 0.618872 0.616529 0.0862255 0.271438 0.855338
10 0.711204 0.621383 0.0809399 0.240237 0.853533
0 0.478439 0.55487 0.100209 0.133427 0.789828
10 0.442634 0.531311 0.0279406 0.0859885 0.591279
10 0.478143 0.539951 0.0496449 0.113258 0.038041
9 0.47892 0.553614 0.0992072 0.135072 0.00988038
0 0.540615 0.56989 0.0495913 0.0771595 0.00685383
10 0.3806 0.514845 0.0242434 0.0682261 0.00645809
10 0.710114 0.581826 0.0515749 0.139728 0.0049292
4 0.7384 0.520379 0.10515 0.079842 0.00422559
10 0.598284 0.555719 0.0377319 0.138515 0.00412532
10 0.426129 0.512294 0.0249126 0.0438837 0.0036828
4 0.38399 0.520525 0.0252264 0.0531648 0.00250518
10 0.0178427 0.674695 0.0356854 0.337279 0.00184662
2 0.215381 0.095793 0.0934415 0.181103 0.0017829
4 0.692243 0.538039 0.131099 0.0767582 0.00151202
10 0.73916 0.520486 0.103589 0.0799108 0.00123229
4 0.376608 0.517468 0.0265568 0.0614464 0.00114651
6 0.479294 0.555327 0.103688 0.133898 0.00113218
0 0.442572 0.532529 0.0276846 0.0910559 0.00105276
4 0.740464 0.580945 0.041914 0.0888613 0.00103364
