0 0.217193 0.605034 0.11625 0.139556 0.787618
0 0.868212 0.75054 0.252047 0.412561 0.755135
0 0.710966 0.596699 0.166771 0.230235 0.552391
0 0.365686 0.594868 0.065563 0.07984 0.194507
0 0.352395 0.592814 0.0343404 0.0826736 0.192823
0 0.378389 0.592739 0.0410612 0.0751767 0.131166
9 0.0704376 0.625444 0.132178 0.198729 0.122489
4 0.296821 0.569492 0.0847698 0.150274 0.100078
0 0.080631 0.621376 0.150707 0.211338 0.0717464
9 0.350617 0.595466 0.0414978 0.0838156 0.054931
0 0.0355813 0.633222 0.0677547 0.212635 0.0412135
9 0.110483 0.618059 0.0817614 0.147881 0.0311077
0 0.14289 0.618575 0.125683 0.148558 0.0275497
0 0.383064 0.589666 0.0260549 0.0758152 0.0193173
0 0.123169 0.614403 0.0836733 0.13205 0.0187103
0 0.328309 0.575079 0.140199 0.116548 0.0179834
0 0.341396 0.595982 0.0826352 0.094496 0.0179118
0 0.133031 0.620097 0.252376 0.196064 0.0140235
4 0.328517 0.566796 0.145 0.154637 0.0126329
0 0.34047 0.589476 0.0534135 0.086535 0.0121349
9 0.710774 0.608557 0.164942 0.204858 0.00919541
9 0.0472954 0.617458 0.0731066 0.213176 0.00914519
10 0.644252 0.572827 0.0319347 0.0747172 0.00600371
4 0.421867 0.575349 0.0548421 0.0545099 0.00586696
10 0.631458 0.553327 0.050672 0.0842628 0.00562812
9 0.365686 0.594868 0.065563 0.07984 0.00554069
9 0.14289 0.618575 0.125683 0.148558 0.00545016
0 0.760689 0.609453 0.0704277 0.163172 0.0053435
10 0.0614255 0.533322 0.043125 0.0720402 0.00498151
10 0.0631983 0.574338 0.0680584 0.145697 0.00476436
0 0.962265 0.764098 0.0698591 0.425105 0.00472788
10 0.621075 0.551669 0.0301155 0.0719664 0.00470979
10 0.383064 0.589666 0.0260549 0.0758152 0.00469705
10 0.355435 0.585394 0.0385856 0.0905907 0.00448097
9 0.34047 0.589476 0.0534135 0.086535 0.00415058
9 0.383064 0.589666 0.0260549 0.0758152 0.00379201
0 0.0910491 0.613256 0.103968 0.156909 0.00376024
3 0.855221 0.493855 0.287853 0.910283 0.00374177
10 0.77083 0.558575 0.0305743 0.0809402 0.00334408
10 0.345582 0.579312 0.0557496 0.0893561 0.00332715
0 0.866658 0.504957 0.258314 0.90631 0.003199
9 0.378389 0.592739 0.0410612 0.0751767 0.00297901
10 0.613051 0.552133 0.0550719 0.0681377 0.00261442
6 0.365677 0.590929 0.055214 0.0796226 0.00249413
0 0.423236 0.572978 0.0561916 0.0568019 0.00244209
10 0.0493545 0.588754 0.0664204 0.144618 0.00239545
0 0.402136 0.582311 0.0529236 0.0621339 0.00235962
0 0.724156 0.499162 0.187645 0.438837 0.00211904
10 0.641344 0.552041 0.0382811 0.0985873 0.00203256
0 0.353161 0.600126 0.0527074 0.0894926 0.00197115
6 0.383064 0.589666 0.0260549 0.0758152 0.00196389
10 0.0685092 0.545357 0.0560231 0.0933074 0.00192478
10 0.0532319 0.524182 0.0348709 0.0628058 0.00179307
6 0.29592 0.571845 0.0902848 0.153742 0.00150242
6 0.353042 0.591112 0.0312626 0.0814176 0.00142925
4 0.365677 0.590929 0.055214 0.0796226 0.00141153
0 0.930364 0.759439 0.131979 0.413314 0.00137832
6 0.711588 0.595389 0.16882 0.235599 0.00135047
0 0.807385 0.729507 0.129401 0.401084 0.00133243
9 0.426612 0.573225 0.0537782 0.0558325 0.00129715
9 0.0585059 0.58795 0.0531472 0.176229 0.0011719
10 0.320572 0.56406 0.110635 0.106929 0.00115196
10 0.0410466 0.613309 0.075763 0.184443 0.00113741
6 0.378389 0.592739 0.0410612 0.0751767 0.00112384
4 0.332885 0.583736 0.0666492 0.0897606 0.00104774
9 0.866008 0.740341 0.24255 0.395636 0.00102209
0 0.311678 0.589787 0.103568 0.116791 0.00100125
