10 0.646066 0.588824 0.243138 0.439365 0.891151
0 0.900611 0.465844 0.18346 0.205729 0.823747
10 0.903452 0.354528 0.10728 0.103668 0.456791
10 0.829741 0.356314 0.050593 0.0555488 0.265789
10 0.762647 0.360835 0.0501562 0.0741585 0.227045
0 0.928869 0.623884 0.135568 0.372088 0.205217
10 0.748883 0.367498 0.0773206 0.0831906 0.19926
10 0.65262 0.354363 0.0414108 0.0574602 0.192366
10 0.708201 0.362651 0.139199 0.0759962 0.179947
10 0.734226 0.362789 0.0483297 0.0691968 0.159044
10 0.527601 0.588516 0.13992 0.286522 0.117607
10 0.973925 0.372846 0.0434579 0.0662173 0.0946614
2 0.241656 0.550606 0.404879 0.799873 0.0636739
10 0.666925 0.3516 0.0741097 0.0540142 0.0566313
0 0.744065 0.381391 0.0731204 0.0636467 0.0515026
10 0.692125 0.349479 0.0376226 0.0508603 0.0337454
9 0.882275 0.416271 0.130914 0.113542 0.026731
10 0.713135 0.350352 0.0822688 0.0496786 0.0257909
10 0.773628 0.354687 0.0559705 0.0602018 0.0221178
10 0.72267 0.358607 0.0605585 0.0654415 0.0196029
10 0.929911 0.362231 0.0771561 0.0768314 0.0145621
10 0.974749 0.395688 0.0419859 0.10124 0.0131076
9 0.743941 0.382485 0.0684329 0.0639177 0.0117987
0 0.87675 0.413213 0.130847 0.108629 0.0088341
10 0.974334 0.358665 0.0393433 0.0473461 0.00765001
10 0.958284 0.377542 0.0834325 0.0803984 0.00728145
0 0.750292 0.367375 0.0777235 0.0804868 0.0068505
10 0.847981 0.363076 0.0878647 0.0728965 0.00513231
10 0.924973 0.372696 0.120779 0.0941876 0.00506117
10 0.682603 0.421499 0.106786 0.104163 0.00410152
10 0.976178 0.439463 0.0384406 0.159361 0.00342838
6 0.747542 0.381255 0.0785097 0.0649655 0.00287827
0 0.976178 0.439463 0.0384406 0.159361 0.00264651
10 0.518707 0.643769 0.0795983 0.144484 0.00256531
4 0.0423712 0.328269 0.0679695 0.109745 0.00231804
10 0.0392868 0.37981 0.0440191 0.0585786 0.00220457
10 0.916821 0.333612 0.136305 0.0668531 0.00220087
4 0.0324337 0.381396 0.0570791 0.0546648 0.00217541
10 0.896488 0.341815 0.0777071 0.0782563 0.00172734
10 0.951608 0.349718 0.0777463 0.0578714 0.00154631
10 0.87675 0.413213 0.130847 0.108629 0.00146528
10 0.887534 0.346123 0.127474 0.0724729 0.00144857
9 0.750292 0.367375 0.0777235 0.0804868 0.0014188
10 0.666328 0.366574 0.0801462 0.074713 0.00135649
10 0.743941 0.382485 0.0684329 0.0639177 0.00129629
6 0.900487 0.465254 0.183419 0.204582 0.00127975
3 0.345118 0.560097 0.599107 0.769814 0.00122733
0 0.962 0.563865 0.0717855 0.276351 0.00121984
10 0.722021 0.368939 0.0864249 0.0816305 0.00119455
2 0.40474 0.540102 0.727723 0.746233 0.00113547
10 0.80606 0.36827 0.0879789 0.065312 0.00110947
6 0.779502 0.371182 0.110693 0.0671728 0.00100376
