1 0.654163 0.635999 0.0944338 0.0798657 0.816867
1 0.791357 0.673149 0.182648 0.127127 0.808745
1 0.957507 0.620726 0.0754765 0.0933953 0.805857
1 0.524691 0.599978 0.0872081 0.0637722 0.762325
1 0.288119 0.680366 0.180841 0.0899049 0.679498
1 0.38894 0.529994 0.107595 0.0599693 0.618535
1 0.75467 0.604441 0.0811672 0.0531452 0.586528
1 0.588891 0.512949 0.0587402 0.0561919 0.529107
1 0.856963 0.575092 0.0611124 0.0584366 0.474971
1 0.139771 0.518162 0.111165 0.0510232 0.154628
1 0.123949 0.51713 0.07706 0.0393807 0.108113
1 0.501853 0.519736 0.0982879 0.0501021 0.0838327
1 0.559682 0.514946 0.12072 0.0517116 0.0690713
1 0.368212 0.530858 0.0769303 0.0499519 0.0542622
1 0.759107 0.620692 0.0823568 0.0844178 0.0477036
1 0.248675 0.509994 0.0535143 0.0510002 0.0379004
1 0.407004 0.529092 0.0718046 0.0537507 0.0364746
1 0.0999096 0.515219 0.0833158 0.0351858 0.0304172
1 0.154207 0.522263 0.0781979 0.0459502 0.0274873
1 0.344447 0.523377 0.0924999 0.0461366 0.0263154
1 0.0777844 0.508959 0.0521864 0.0373692 0.0220755
1 0.111765 0.519935 0.054176 0.0340739 0.0174179
1 0.526346 0.519095 0.0536338 0.0411335 0.0144504
1 0.174697 0.515901 0.188415 0.0602188 0.0116364
1 0.787585 0.468506 0.22393 0.114488 0.0102098
1 0.216108 0.510846 0.102955 0.053136 0.00675493
1 0.668866 0.526219 0.0389424 0.0331158 0.00637884
1 0.877349 0.488782 0.0380688 0.0841064 0.00618141
10 0.759438 0.625767 0.0772909 0.0837737 0.00554087
1 0.32657 0.519596 0.0778002 0.0438322 0.00551323
1 0.0200721 0.534327 0.0376779 0.0566709 0.00494477
10 0.752179 0.642625 0.0443098 0.0639128 0.00484121
1 0.151495 0.534578 0.0784233 0.0481885 0.00445002
1 0.84416 0.490491 0.104195 0.0707999 0.00340914
1 0.183173 0.503183 0.221668 0.071762 0.00311983
1 0.853339 0.506867 0.0879936 0.0624205 0.00240276
1 0.195982 0.459275 0.290737 0.111608 0.00228618
0 0.759107 0.620692 0.0823568 0.0844178 0.00205096
1 0.796001 0.507345 0.197261 0.201709 0.00163832
1 0.924411 0.497417 0.130482 0.0545703 0.00148539
1 0.866338 0.550167 0.0527317 0.0395881 0.00127725
1 0.130407 0.530045 0.0977508 0.0560894 0.00126601
1 0.58483 0.497085 0.0787052 0.0779516 0.00122905
6 0.524409 0.601306 0.0889933 0.0634993 0.00122039
10 0.754294 0.604155 0.0843594 0.0555007 0.00116705
1 0.568306 0.481535 0.121168 0.117949 0.00107553
1 0.531539 0.516941 0.106935 0.045938 0.00103367
4 0.655427 0.634457 0.0883219 0.0707652 0.00100095
