3 0.477885 0.421197 0.333917 0.494726 0.919019
10 0.248251 0.474728 0.0366262 0.125712 0.827363
6 0.191101 0.47797 0.0631825 0.0838172 0.551019
4 0.144644 0.452642 0.0656313 0.0815205 0.397369
10 0.58117 0.281668 0.0743838 0.0608706 0.300404
10 0.488676 0.259905 0.0760389 0.0864957 0.0904689
10 0.476193 0.262664 0.0515158 0.0748966 0.0842847
10 0.598741 0.289371 0.0402736 0.0497618 0.0411137
0 0.0266659 0.634055 0.0502298 0.202826 0.0219188
6 0.144775 0.453707 0.0658148 0.0807368 0.0155139
10 0.502016 0.258996 0.0824453 0.108094 0.0118673
10 0.511521 0.267313 0.0588558 0.0903053 0.00761912
11 0.145274 0.454205 0.0657257 0.0783812 0.00625503
4 0.0994718 0.461853 0.0440641 0.0585028 0.00468
11 0.24811 0.473662 0.0369726 0.121429 0.00452446
3 0.146044 0.452113 0.0663175 0.0768915 0.00403289
6 0.207821 0.477198 0.0362759 0.0799824 0.00299105
4 0.0842176 0.444757 0.0734662 0.0736539 0.00278215
6 0.181047 0.467304 0.0618682 0.0806256 0.00275418
4 0.921979 0.465297 0.0387638 0.0538406 0.00234603
6 0.0701482 0.435842 0.0400162 0.0677543 0.00220215
4 0.189023 0.468081 0.0635152 0.0762381 0.00218247
10 0.601219 0.281502 0.0638217 0.0611422 0.002155
6 0.204856 0.486854 0.0891893 0.0849124 0.00182574
10 0.133368 0.403385 0.0274826 0.0508987 0.00170088
0 0.582948 0.284323 0.0740393 0.0599798 0.00137316
10 0.69187 0.560669 0.0557023 0.163472 0.00130708
10 0.566745 0.276155 0.054409 0.0646327 0.00112903
