10 0.33485 0.548018 0.118276 0.409207 0.852901
10 0.207959 0.579158 0.0696213 0.276754 0.84805
10 0.745447 0.606097 0.111434 0.440786 0.789296
10 0.874613 0.564419 0.0704502 0.274586 0.742097
10 0.481778 0.530242 0.0493564 0.212722 0.702033
10 0.0951868 0.644115 0.0852417 0.445931 0.659312
10 0.525696 0.554716 0.0656128 0.279898 0.625793
10 0.0434765 0.641889 0.0738092 0.539168 0.588616
10 0.634261 0.559462 0.0944775 0.41342 0.488512
10 0.817888 0.564643 0.075779 0.382267 0.449219
10 0.270465 0.559904 0.0681141 0.273684 0.397611
10 0.946249 0.497319 0.0805973 0.207315 0.397189
10 0.697057 0.594518 0.070961 0.455755 0.377059
10 0.0677393 0.638389 0.111333 0.537962 0.337448
10 0.798888 0.56833 0.105171 0.452793 0.316139
10 0.930085 0.511534 0.049371 0.187642 0.2908
10 0.779346 0.434368 0.0630739 0.186897 0.268174
10 0.977519 0.551484 0.0398678 0.314544 0.245722
10 0.647057 0.604547 0.0735001 0.325299 0.209439
10 0.777766 0.57194 0.0682083 0.471053 0.146868
10 0.9656 0.477689 0.0424168 0.158156 0.111146
10 0.0556134 0.464063 0.0939282 0.889224 0.0733329
10 0.512276 0.535976 0.0518644 0.241057 0.0485957
10 0.844658 0.572674 0.0709568 0.346011 0.0450852
10 0.846405 0.562357 0.11809 0.395125 0.0447408
10 0.267188 0.518677 0.0556657 0.188412 0.0437153
10 0.0457551 0.518472 0.0731646 0.284887 0.0386767
10 0.768199 0.404698 0.0652357 0.130428 0.0293137
10 0.0918882 0.559147 0.0756795 0.271989 0.0276587
10 0.121129 0.569686 0.0686125 0.222249 0.0271091
10 0.541343 0.563898 0.0509134 0.292534 0.0268267
10 0.818776 0.446897 0.053479 0.149992 0.0247891
10 0.700577 0.521259 0.0684744 0.259951 0.0148817
10 0.979275 0.643441 0.0371937 0.475604 0.0134495
10 0.654242 0.587746 0.0500977 0.26076 0.0128464
10 0.11171 0.601381 0.0678803 0.289644 0.0128114
10 0.656623 0.535671 0.062578 0.15454 0.00915825
10 0.797417 0.538759 0.066387 0.332539 0.00771336
10 0.70157 0.417794 0.055191 0.164747 0.00749106
10 0.142175 0.571857 0.108135 0.246747 0.00563333
10 0.103233 0.540036 0.0709906 0.216694 0.00519649
10 0.665757 0.6117 0.0626513 0.354797 0.00492462
10 0.687159 0.504378 0.0696796 0.208021 0.00461078
10 0.784721 0.399394 0.0480972 0.115039 0.00355995
10 0.0687807 0.529929 0.110449 0.299339 0.00354744
10 0.248743 0.577005 0.0706043 0.296443 0.00326916
10 0.0234301 0.673522 0.044453 0.488837 0.00265423
10 0.654874 0.414661 0.089699 0.158574 0.00206291
10 0.606392 0.477152 0.0673254 0.233405 0.00197992
10 0.288309 0.55518 0.0656274 0.286794 0.0019082
10 0.18317 0.569177 0.0688735 0.27522 0.00187669
10 0.697298 0.59693 0.0551395 0.346486 0.00183334
10 0.750964 0.403283 0.0547792 0.126901 0.00182984
10 0.935977 0.479634 0.0503929 0.177878 0.00171931
10 0.67228 0.526215 0.0840689 0.169453 0.00154198
10 0.874219 0.408853 0.0472206 0.0898211 0.00144239
10 0.888675 0.472829 0.0747692 0.215044 0.00144036
10 0.734543 0.481209 0.0716238 0.146992 0.00143998
10 0.983583 0.572691 0.0278486 0.270767 0.00139827
10 0.543229 0.499648 0.0440494 0.173126 0.00137868
10 0.763021 0.444898 0.0751219 0.158167 0.0012558
10 0.0329308 0.386385 0.059566 0.772769 0.00123223
10 0.699731 0.38601 0.0484934 0.101037 0.0012134
10 0.158335 0.53394 0.0802811 0.184103 0.00112037
10 0.837414 0.457336 0.0594303 0.166954 0.00111178
