8 0.390749 0.674754 0.0443958 0.106774 0.854711
10 0.466375 0.609943 0.0711298 0.218072 0.846259
4 0.931532 0.544023 0.121522 0.14026 0.509927
6 0.104416 0.580743 0.0853921 0.116485 0.320316
0 0.391002 0.674933 0.0488048 0.108988 0.101674
4 0.165813 0.526062 0.0526827 0.0572781 0.0613051
4 0.478035 0.523611 0.0879211 0.119516 0.0555858
4 0.101498 0.578892 0.0866663 0.119151 0.0441598
4 0.124617 0.523407 0.0528652 0.0852192 0.018766
4 0.148925 0.524409 0.0884853 0.0671285 0.0152844
10 0.217654 0.249266 0.435308 0.498533 0.00824882
2 0.759622 0.603739 0.0333387 0.0774232 0.00580006
11 0.104995 0.582133 0.0840887 0.115608 0.00552866
10 0.390749 0.674754 0.0443958 0.106774 0.00498565
4 0.335677 0.53471 0.0607734 0.051421 0.0047843
8 0.484567 0.647002 0.0397283 0.132191 0.00461941
6 0.161909 0.559044 0.0656595 0.111786 0.00306253
5 0.390749 0.674754 0.0443958 0.106774 0.00278935
6 0.391002 0.674933 0.0488048 0.108988 0.00277392
9 0.391002 0.674933 0.0488048 0.108988 0.00269892
11 0.161909 0.559044 0.0656595 0.111786 0.00211247
10 0.686912 0.23716 0.619943 0.47432 0.00210748
4 0.110453 0.527914 0.0590176 0.106022 0.00154714
6 0.754969 0.533008 0.0539523 0.070332 0.00141245
10 0.10076 0.504554 0.0804567 0.158445 0.00133425
4 0.104077 0.512909 0.078217 0.1095 0.00109541
