10 0.914604 0.253048 0.117914 0.403605 0.866621
10 0.29342 0.266128 0.0878553 0.315875 0.859502
10 0.783134 0.289238 0.107107 0.404381 0.843124
10 0.563122 0.245217 0.0619764 0.27785 0.822965
10 0.615078 0.211893 0.0586805 0.211406 0.822458
2 0.478262 0.569786 0.0326039 0.122451 0.817524
2 0.715497 0.596884 0.0361543 0.116971 0.808257
2 0.715949 0.702539 0.0348988 0.131504 0.776974
10 0.594287 0.506803 0.164247 0.329753 0.773501
2 0.975734 0.793324 0.0405411 0.146739 0.771322
10 0.417485 0.203827 0.0495922 0.147757 0.744219
2 0.144956 0.848851 0.0399203 0.130842 0.731003
2 0.340161 0.799418 0.0470883 0.157717 0.710456
2 0.135424 0.636255 0.0474003 0.134464 0.708729
2 0.414053 0.664719 0.03892 0.135299 0.705367
2 0.916461 0.614708 0.0406448 0.125496 0.685172
2 0.412868 0.561723 0.034655 0.129306 0.665818
10 0.105146 0.364211 0.105774 0.307448 0.651464
2 0.243257 0.663902 0.0382834 0.127165 0.615693
2 0.479513 0.752132 0.0360408 0.108539 0.614552
10 0.0570376 0.322325 0.099738 0.454687 0.606726
2 0.415521 0.771506 0.0444275 0.13713 0.583077
2 0.333737 0.639433 0.0586692 0.228359 0.57688
2 0.517053 0.482583 0.037359 0.127219 0.575311
2 0.714215 0.794874 0.0338333 0.110374 0.572279
2 0.479008 0.659869 0.0318716 0.111222 0.520511
10 0.149815 0.189457 0.0709265 0.136588 0.516872
2 0.906977 0.722559 0.0405247 0.136843 0.489975
10 0.541479 0.503781 0.280829 0.340008 0.411598
2 0.820927 0.80135 0.0384596 0.129732 0.40135
2 0.830388 0.613358 0.032943 0.13183 0.397148
2 0.713871 0.744551 0.0390759 0.219771 0.396341
10 0.199065 0.19251 0.0469074 0.12254 0.37947
2 0.333036 0.605321 0.0415689 0.159135 0.378085
10 0.17253 0.191584 0.115649 0.13592 0.35447
10 0.0332915 0.328853 0.060672 0.443892 0.352021
10 0.52339 0.189885 0.0417407 0.125369 0.342866
2 0.224261 0.663795 0.0660226 0.135437 0.337519
2 0.8228 0.772737 0.0483736 0.195255 0.336805
2 0.138342 0.74649 0.044217 0.127036 0.3285
10 0.376689 0.213947 0.0416965 0.14788 0.316526
2 0.20524 0.632547 0.0374095 0.19958 0.313714
2 0.549558 0.567441 0.0459057 0.22065 0.310146
10 0.361905 0.213425 0.0724632 0.156126 0.293265
2 0.478509 0.620018 0.0343353 0.208532 0.264996
2 0.550381 0.513812 0.0333079 0.116705 0.260351
2 0.104404 0.663314 0.111276 0.380922 0.242129
2 0.104838 0.763555 0.111967 0.191556 0.235383
2 0.54976 0.62026 0.0439962 0.222891 0.225406
10 0.833388 0.217776 0.0663305 0.282492 0.211482
2 0.251145 0.804127 0.0431825 0.226298 0.200908
10 0.2252 0.183257 0.0324235 0.109509 0.197759
10 0.465972 0.295111 0.131128 0.263775 0.181219
2 0.21188 0.670402 0.0424412 0.118028 0.153618
2 0.0729252 0.674405 0.040004 0.147471 0.144269
2 0.900079 0.814522 0.0327675 0.109952 0.139988
2 0.248733 0.750682 0.0387321 0.143391 0.135059
11 0.336732 0.76258 0.599239 0.418893 0.117555
2 0.907851 0.702484 0.0496922 0.228788 0.114614
2 0.515399 0.609895 0.02985 0.124786 0.107703
10 0.0777514 0.181274 0.0626372 0.170345 0.104962
2 0.534939 0.591707 0.0630081 0.168315 0.101165
2 0.0801569 0.618321 0.0623334 0.287886 0.0998762
2 0.55007 0.670268 0.0328798 0.115915 0.0965517
2 0.339352 0.688385 0.0492106 0.131377 0.0810785
2 0.0805086 0.536382 0.0452534 0.177636 0.0723879
6 0.53771 0.589892 0.527222 0.19519 0.0567993
11 0.510527 0.769779 0.968276 0.427238 0.0472024
2 0.199084 0.524287 0.0342657 0.104605 0.0448526
2 0.535967 0.495086 0.0813358 0.160707 0.0221284
10 0.547992 0.253086 0.0508972 0.286784 0.0194631
10 0.526069 0.256508 0.048512 0.273101 0.0183948
0 0.101756 0.681402 0.119198 0.348547 0.0177955
2 0.203021 0.578495 0.0416505 0.187558 0.0158385
6 0.570511 0.555439 0.228314 0.237134 0.0155117
10 0.46362 0.375625 0.129204 0.41312 0.0155061
11 0.408116 0.65939 0.660301 0.21951 0.0153422
10 0.472449 0.28611 0.0706227 0.234165 0.0122152
10 0.0794163 0.366591 0.142366 0.338692 0.0121161
10 0.107052 0.184329 0.116627 0.165447 0.0120632
10 0.0599386 0.192517 0.0893729 0.181534 0.0117535
10 0.954889 0.453637 0.085763 0.219613 0.0116975
9 0.675314 0.18829 0.0731853 0.0846989 0.011143
2 0.516498 0.515825 0.0401464 0.163613 0.0109478
2 0.905721 0.762243 0.0468994 0.215979 0.0107012
11 0.453534 0.669425 0.392393 0.234439 0.0104638
2 0.0741875 0.498247 0.0391455 0.118712 0.0102787
10 0.499137 0.185687 0.0925394 0.126144 0.0102315
10 0.236629 0.173346 0.0618815 0.103088 0.0101303
2 0.824447 0.701755 0.053063 0.313163 0.00953202
0 0.672903 0.190464 0.0656497 0.0827136 0.00915423
6 0.554877 0.631509 0.795158 0.204588 0.00883149
2 0.542493 0.540045 0.0980546 0.174425 0.00880195
10 0.639808 0.191545 0.0450442 0.152461 0.00865818
6 0.35447 0.214862 0.0857176 0.147127 0.00858681
7 0.977527 0.794369 0.0404114 0.148179 0.00857716
10 0.166029 0.189659 0.0442846 0.129202 0.00854953
2 0.522815 0.592783 0.0411358 0.153545 0.00814143
10 0.435307 0.463514 0.245376 0.409377 0.00785206
10 0.1353 0.190673 0.044665 0.141443 0.00769113
10 0.676163 0.175726 0.0741476 0.077931 0.00723345
10 0.180306 0.191216 0.0661099 0.122801 0.00713342
10 0.460216 0.244158 0.0915281 0.222517 0.00705575
10 0.46393 0.180715 0.124895 0.106184 0.00667987
7 0.583499 0.508431 0.0261341 0.0572683 0.00667635
2 0.525402 0.528944 0.052463 0.173053 0.00667133
2 0.914399 0.698379 0.0659477 0.316674 0.00646036
4 0.668856 0.186312 0.069479 0.0895532 0.00558037
10 0.0334871 0.261161 0.0631892 0.266697 0.00533191
10 0.485239 0.239434 0.088132 0.221957 0.00509123
10 0.571599 0.220794 0.0520833 0.218814 0.00500662
6 0.653505 0.596282 0.260347 0.154905 0.00499102
2 0.412613 0.598155 0.0383605 0.203574 0.00495468
2 0.581749 0.508099 0.0266499 0.0613227 0.00454715
10 0.313915 0.20512 0.0481628 0.161767 0.00453486
6 0.489857 0.546534 0.353794 0.317392 0.00451763
10 0.372072 0.20396 0.110876 0.163345 0.0042714
6 0.49027 0.634149 0.448799 0.175434 0.00406858
2 0.0926109 0.683957 0.0773919 0.185547 0.00404694
10 0.315749 0.260909 0.0460743 0.2811 0.0038708
10 0.0226935 0.28387 0.0423854 0.395842 0.00375462
2 0.348864 0.678142 0.0318868 0.114502 0.0034168
2 0.512398 0.542317 0.0325741 0.14667 0.00324599
10 0.962852 0.357366 0.070013 0.414248 0.00311186
2 0.8442 0.707422 0.116736 0.321716 0.00308617
10 0.44129 0.219989 0.114061 0.179689 0.00290579
10 0.663448 0.166538 0.0705712 0.0760862 0.00265983
10 0.536059 0.230717 0.0587807 0.219602 0.00264409
6 0.95008 0.455133 0.0940525 0.21386 0.00249797
2 0.251796 0.849438 0.0393538 0.132211 0.00247775
2 0.0791732 0.752403 0.0532888 0.210382 0.00243244
10 0.824941 0.17054 0.0760899 0.199004 0.00241815
2 0.125439 0.668747 0.0688079 0.210576 0.00239166
10 0.72047 0.767518 0.550353 0.442786 0.00227627
10 0.408969 0.446844 0.206115 0.308128 0.00221285
10 0.29692 0.194014 0.0788113 0.161126 0.00210454
2 0.539832 0.60674 0.0683248 0.246411 0.00205651
2 0.493039 0.634852 0.0323551 0.12863 0.00199874
11 0.612463 0.212359 0.058729 0.208099 0.0019084
6 0.615726 0.71643 0.741004 0.348117 0.00188267
10 0.206624 0.185941 0.0939598 0.127894 0.00187509
7 0.411969 0.563033 0.032795 0.128908 0.00185176
4 0.348596 0.202436 0.0997072 0.170697 0.00183788
2 0.930579 0.693303 0.118317 0.351417 0.00182079
10 0.672821 0.193085 0.0597337 0.0821601 0.00179364
10 0.484887 0.183333 0.0599386 0.103696 0.00170519
10 0.535967 0.495086 0.0813358 0.160707 0.00163468
10 0.942933 0.658152 0.0962854 0.468392 0.00148772
10 0.689081 0.189035 0.0982167 0.0860935 0.00145814
2 0.548157 0.491209 0.0289072 0.0874232 0.00141213
10 0.499365 0.326595 0.20253 0.314622 0.00139366
2 0.441012 0.558362 0.0247249 0.115145 0.00137458
10 0.443805 0.307584 0.0866234 0.210086 0.00136186
9 0.101756 0.681402 0.119198 0.348547 0.00132212
10 0.491594 0.282518 0.0967656 0.215502 0.00130973
10 0.428918 0.626585 0.26753 0.534483 0.00128001
10 0.148736 0.181314 0.103165 0.156544 0.00122868
6 0.679141 0.600208 0.107036 0.133492 0.00117577
10 0.500017 0.440016 0.203059 0.311274 0.00116639
10 0.963645 0.405334 0.0685791 0.107397 0.00113271
10 0.708125 0.176934 0.0564407 0.069093 0.00108453
2 0.561034 0.50814 0.031447 0.0958824 0.00106959
10 0.444337 0.195434 0.0920095 0.12602 0.00101654
10 0.530336 0.177799 0.0377074 0.1016 0.00100172
