10 0.450084 0.706599 0.49734 0.553731 0.550983
10 0.401984 0.398607 0.283912 0.27236 0.246059
10 0.137743 0.28622 0.227899 0.169105 0.155579
10 0.352518 0.667928 0.315941 0.477566 0.0768379
9 0.730268 0.50816 0.502863 0.924357 0.0595665
10 0.293247 0.707784 0.557512 0.553804 0.0514569
9 0.613015 0.695921 0.71115 0.579678 0.0382165
10 0.183777 0.293301 0.336953 0.196749 0.0355036
9 0.649464 0.822809 0.621708 0.328608 0.0297693
10 0.344497 0.595611 0.396113 0.677754 0.0272141
10 0.856974 0.0958606 0.267848 0.183151 0.0257003
10 0.148082 0.375016 0.265891 0.344786 0.0239455
10 0.747341 0.690452 0.456901 0.586235 0.0186131
10 0.1729 0.663172 0.268481 0.397408 0.0163129
10 0.735584 0.511001 0.496185 0.915347 0.0159011
10 0.34497 0.37131 0.362632 0.232645 0.013842
10 0.267676 0.401883 0.505047 0.400212 0.0118662
9 0.740819 0.770115 0.472725 0.43452 0.0116907
9 0.755424 0.102574 0.464751 0.190846 0.0107248
9 0.657946 0.910219 0.588765 0.162687 0.00921367
4 0.756713 0.10939 0.469821 0.202739 0.0086327
9 0.75296 0.211612 0.476555 0.397678 0.00852714
8 0.433333 0.709563 0.48184 0.565394 0.00816111
10 0.184508 0.503546 0.141989 0.113493 0.00760273
10 0.937792 0.104592 0.110587 0.169899 0.00704029
10 0.440074 0.156229 0.360676 0.262996 0.0063535
10 0.421487 0.359349 0.223761 0.194556 0.00629483
9 0.282995 0.569815 0.541173 0.754626 0.00449542
9 0.447536 0.705648 0.505541 0.561904 0.00427267
10 0.650148 0.663371 0.303863 0.481654 0.00381929
10 0.449279 0.568398 0.747535 0.805728 0.00338412
10 0.91612 0.796284 0.14938 0.362656 0.00336196
10 0.233914 0.307824 0.190552 0.163903 0.00317478
9 0.855806 0.0975052 0.270156 0.183707 0.00259061
10 0.845425 0.688192 0.273358 0.588952 0.00245137
11 0.135196 0.325251 0.190461 0.0870155 0.00222587
0 0.755496 0.110523 0.464557 0.206593 0.00217835
10 0.712952 0.09925 0.397652 0.185952 0.00213807
10 0.135893 0.30703 0.196075 0.114415 0.00174101
10 0.642343 0.486624 0.303887 0.339834 0.00152016
4 0.326196 0.682395 0.626607 0.494106 0.00144979
10 0.860295 0.180423 0.263559 0.35108 0.0014082
10 0.440605 0.109528 0.128281 0.15693 0.0013484
9 0.438218 0.285192 0.650904 0.535932 0.00134059
0 0.730268 0.50816 0.502863 0.924357 0.00130784
10 0.619391 0.0793265 0.178048 0.144872 0.00129286
10 0.678885 0.493824 0.154934 0.154093 0.00128313
9 0.442346 0.154321 0.357221 0.262058 0.00121655
9 0.850927 0.67872 0.271419 0.593757 0.00106781
10 0.576615 0.685202 0.783904 0.612182 0.00105152
10 0.856882 0.30802 0.259632 0.30012 0.00104691
10 0.938402 0.0621081 0.111593 0.118614 0.00104174
