1 0.370786 0.754293 0.208659 0.233857 0.303304
1 0.518692 0.56954 0.0903494 0.0457391 0.0978983
1 0.463451 0.493529 0.0781401 0.0781289 0.04815
1 0.388704 0.57385 0.171904 0.0751635 0.00458599
1 0.43943 0.500858 0.121508 0.0902577 0.00413117
1 0.642415 0.680904 0.0560612 0.136475 0.00324153
1 0.398268 0.506313 0.197776 0.102681 0.00316094
1 0.549539 0.535307 0.16933 0.102721 0.00212903
1 0.303483 0.752407 0.346347 0.250599 0.00205677
1 0.511941 0.583589 0.115505 0.0629579 0.00197544
1 0.543828 0.505257 0.147027 0.170305 0.00140978
1 0.927195 0.647792 0.0782909 0.0246141 0.00114863
