5 0.466605 0.78654 0.113092 0.223464 0.327932
5 0.285733 0.733614 0.461829 0.327903 0.130776
5 0.593164 0.727194 0.380479 0.340575 0.0488299
5 0.334653 0.601892 0.160336 0.110194 0.0192014
5 0.509788 0.767505 0.218104 0.262684 0.0138232
5 0.37792 0.769018 0.347287 0.256315 0.00739232
8 0.593164 0.727194 0.380479 0.340575 0.00706246
8 0.284908 0.73253 0.460202 0.339542 0.00380528
6 0.584473 0.721377 0.401583 0.342725 0.0037894
5 0.380608 0.702944 0.264402 0.317791 0.00344937
5 0.339983 0.632717 0.165156 0.176269 0.00215139
8 0.460217 0.781297 0.0954754 0.218797 0.00157276
5 0.416702 0.730142 0.731329 0.350221 0.00154954
5 0.648621 0.730039 0.25285 0.289107 0.00111553
5 0.402647 0.78352 0.231905 0.235916 0.00101909
5 0.466605 0.78654 0.113092 0.223464 0.327932
5 0.285733 0.733614 0.461829 0.327903 0.130776
5 0.593164 0.727194 0.380479 0.340575 0.0488299
5 0.334653 0.601892 0.160336 0.110194 0.0192014
5 0.509788 0.767505 0.218104 0.262684 0.0138232
5 0.37792 0.769018 0.347287 0.256315 0.00739232
8 0.593164 0.727194 0.380479 0.340575 0.00706246
8 0.284908 0.73253 0.460202 0.339542 0.00380528
6 0.584473 0.721377 0.401583 0.342725 0.0037894
5 0.380608 0.702944 0.264402 0.317791 0.00344937
5 0.339983 0.632717 0.165156 0.176269 0.00215139
8 0.460217 0.781297 0.0954754 0.218797 0.00157276
5 0.416702 0.730142 0.731329 0.350221 0.00154954
5 0.648621 0.730039 0.25285 0.289107 0.00111553
5 0.402647 0.78352 0.231905 0.235916 0.00101909
