4 0.441726 0.512681 0.285049 0.275988 0.902385
4 0.796772 0.443487 0.227961 0.143197 0.857016
9 0.642877 0.667788 0.210802 0.37597 0.81314
10 0.293547 0.441165 0.0754922 0.229387 0.807153
10 0.622378 0.558331 0.158614 0.433554 0.770862
4 0.952678 0.4291 0.08531 0.132354 0.73351
2 0.92835 0.890938 0.0885521 0.206375 0.454356
10 0.853558 0.36956 0.0346462 0.0712375 0.0507744
10 0.867189 0.368082 0.0504892 0.0827102 0.0164064
0 0.985988 0.483358 0.0206415 0.13149 0.00996463
10 0.881314 0.364573 0.0389309 0.0841322 0.00882938
10 0.795797 0.39474 0.0266752 0.0510884 0.00852814
10 0.381025 0.179683 0.762049 0.359365 0.0082577
10 0.906408 0.369634 0.0323944 0.0812951 0.00794997
10 0.624488 0.4365 0.0584715 0.185963 0.00675115
4 0.192502 0.427905 0.183192 0.165198 0.00656699
10 0.986854 0.487315 0.0214886 0.1578 0.00571548
10 0.896667 0.373905 0.0279678 0.0835032 0.00560081
10 0.668319 0.542609 0.0828035 0.407179 0.00540591
10 0.842259 0.379339 0.0396469 0.0441617 0.00398463
9 0.986854 0.487315 0.0214886 0.1578 0.00365817
10 0.980759 0.613035 0.0345242 0.415045 0.00364384
10 0.78414 0.401127 0.0241381 0.0539986 0.00296493
10 0.89321 0.389027 0.0296888 0.0680392 0.00274419
0 0.640851 0.661462 0.215922 0.372887 0.00274162
5 0.770102 0.0981952 0.459796 0.19639 0.00224556
8 0.381025 0.179683 0.762049 0.359365 0.00214168
5 0.381025 0.179683 0.762049 0.359365 0.00192279
10 0.800957 0.122805 0.162364 0.243216 0.00170802
10 0.895203 0.349826 0.051165 0.0817808 0.00170232
10 0.796006 0.40255 0.0439623 0.0560916 0.00158861
0 0.981746 0.59362 0.0284817 0.400149 0.00146867
10 0.911426 0.35045 0.0514065 0.088729 0.00138581
11 0.834728 0.107028 0.330544 0.214055 0.00126506
5 0.952367 0.434215 0.0899109 0.126833 0.00119887
9 0.562068 0.454487 0.0639835 0.158047 0.0011959
10 0.883656 0.344185 0.031842 0.0695431 0.00115079
4 0.64166 0.670182 0.215791 0.383722 0.00110736
10 0.785303 0.403023 0.040436 0.0544758 0.00110658
4 0.906571 0.445687 0.0655333 0.109461 0.00105233
