8 0.331747 0.405159 0.615746 0.782126 0.8145
8 0.434337 0.512978 0.810521 0.830301 0.104602
6 0.436398 0.500153 0.820399 0.898651 0.0111667
10 0.743287 0.0729596 0.12186 0.122265 0.00990068
5 0.336393 0.441773 0.621154 0.84597 0.0092789
8 0.324506 0.207724 0.605844 0.384951 0.00687529
10 0.324777 0.425463 0.614311 0.818839 0.00635867
8 0.808014 0.473747 0.361187 0.891776 0.00148084
9 0.434337 0.512978 0.810521 0.830301 0.00143025
10 0.324506 0.207724 0.605844 0.384951 0.00119981
10 0.683151 0.781823 0.354853 0.332382 0.00116262
