10 0.401865 0.448309 0.762752 0.748477 0.874046
8 0.76211 0.440091 0.377396 0.316459 0.241115
8 0.695733 0.375072 0.500955 0.36349 0.201113
10 0.741768 0.516495 0.43623 0.495832 0.0660939
10 0.76211 0.440091 0.377396 0.316459 0.0281913
8 0.741768 0.516495 0.43623 0.495832 0.0278925
10 0.701092 0.418574 0.491251 0.437789 0.0188209
5 0.764423 0.394284 0.353266 0.225071 0.0171508
10 0.624731 0.448626 0.594058 0.680341 0.0154023
11 0.497613 0.864616 0.94944 0.260404 0.0128173
11 0.402888 0.45045 0.763855 0.745958 0.00772457
7 0.758656 0.430225 0.159537 0.145463 0.00424366
6 0.649512 0.529867 0.62998 0.532303 0.00354642
7 0.73764 0.425222 0.097889 0.122392 0.00209749
8 0.549514 0.586139 0.491016 0.414032 0.00155999
10 0.220537 0.461085 0.4233 0.747566 0.00145206
8 0.624731 0.448626 0.594058 0.680341 0.00111947
8 0.475152 0.318127 0.930682 0.433515 0.00110108
