4 0.274447 0.512857 0.22813 0.122159 0.861901
4 0.080135 0.512065 0.152243 0.13446 0.823936
9 0.462036 0.530885 0.0720991 0.114567 0.740792
9 0.520012 0.503359 0.0432203 0.0859368 0.703575
10 0.553594 0.488104 0.0351398 0.0757708 0.0922671
10 0.516315 0.497834 0.0357486 0.0867206 0.06147
3 0.0945548 0.392031 0.180337 0.357164 0.0586299
0 0.46312 0.530285 0.071586 0.114141 0.045609
9 0.541404 0.500878 0.0502236 0.0844613 0.0353029
9 0.553645 0.490019 0.0353382 0.0793158 0.017644
10 0.566801 0.482089 0.0411809 0.058507 0.0173006
0 0.521651 0.507501 0.0437026 0.0749178 0.005323
10 0.428301 0.492045 0.0272288 0.0617082 0.00331988
10 0.578514 0.482008 0.0233522 0.0434483 0.00314259
10 0.518033 0.477441 0.0365687 0.0635366 0.00207819
6 0.468145 0.534663 0.0623738 0.105003 0.00189695
9 0.56373 0.498881 0.0502448 0.0733303 0.00171267
10 0.429975 0.50706 0.0304987 0.0847894 0.00139613
0 0.555252 0.491925 0.0353489 0.0835217 0.00137778
10 0.542643 0.497327 0.0578243 0.0932569 0.00118028
