11 0.39193 0.573384 0.107531 0.170755 0.782208
10 0.460664 0.464916 0.0756242 0.238721 0.775824
10 0.231843 0.552058 0.094523 0.38267 0.520191
11 0.677347 0.65557 0.535666 0.177052 0.490311
11 0.64941 0.776088 0.609678 0.409903 0.173011
11 0.777069 0.53908 0.165981 0.132674 0.166007
6 0.73946 0.556129 0.0507711 0.110119 0.0457999
6 0.776153 0.537915 0.166406 0.131291 0.033271
11 0.584696 0.810469 0.760224 0.261963 0.0326249
11 0.4795 0.628147 0.128512 0.134588 0.0197371
11 0.629443 0.566226 0.110279 0.0476954 0.0176019
7 0.814846 0.614636 0.0199032 0.0522968 0.0165107
11 0.509208 0.546199 0.068716 0.0811827 0.0147996
6 0.84585 0.677721 0.0871178 0.17513 0.0141918
6 0.77424 0.555261 0.122828 0.111042 0.0130038
11 0.56955 0.552778 0.0575413 0.0727083 0.0122197
11 0.519507 0.535019 0.0936655 0.0934709 0.0112843
11 0.622056 0.631681 0.41613 0.137015 0.00980789
7 0.394099 0.511681 0.0205225 0.0423741 0.00836709
11 0.757552 0.659906 0.326204 0.153983 0.0082273
6 0.482244 0.520315 0.0755521 0.120889 0.00780944
2 0.394099 0.511681 0.0205225 0.0423741 0.00757809
6 0.773506 0.600301 0.195877 0.260948 0.00740847
11 0.552385 0.549018 0.0891489 0.0835277 0.00701746
10 0.222581 0.510446 0.0693968 0.285681 0.00634143
6 0.751031 0.55096 0.081709 0.114096 0.00632148
7 0.397425 0.72352 0.0303293 0.0630395 0.00613201
11 0.857417 0.674607 0.124232 0.165113 0.00519961
2 0.396353 0.502996 0.0265432 0.0529274 0.00459882
11 0.489652 0.542376 0.0759566 0.0829603 0.00402909
6 0.470632 0.498507 0.0650133 0.150018 0.00391884
6 0.721625 0.551017 0.0656213 0.11195 0.00354897
2 0.814846 0.614636 0.0199032 0.0522968 0.0032155
6 0.520581 0.644108 0.0773246 0.130164 0.00291629
10 0.435027 0.441763 0.114695 0.180316 0.00261962
6 0.425131 0.796219 0.138503 0.229819 0.00258966
11 0.781183 0.559449 0.140103 0.103832 0.00256507
11 0.528122 0.631756 0.224893 0.138938 0.00248365
11 0.486942 0.525752 0.0934126 0.100129 0.00227471
11 0.772498 0.584953 0.179475 0.232701 0.00218415
11 0.530956 0.547798 0.044873 0.0831286 0.00212519
11 0.522705 0.505161 0.10524 0.0991652 0.00210778
11 0.517233 0.529349 0.156826 0.0930514 0.00205696
6 0.22483 0.59603 0.0853619 0.289728 0.00199173
11 0.733101 0.630374 0.377881 0.128105 0.00187595
10 0.676029 0.658331 0.540585 0.181729 0.0017739
6 0.190774 0.622737 0.115468 0.238779 0.00167664
6 0.493828 0.546477 0.059692 0.0777318 0.00158591
6 0.311702 0.568762 0.0952171 0.178178 0.00156038
6 0.563043 0.507195 0.0764982 0.126491 0.00152472
6 0.824511 0.690128 0.104836 0.147342 0.00142812
11 0.571115 0.566944 0.12786 0.0576372 0.00115408
6 0.463687 0.541906 0.113968 0.157467 0.00113686
11 0.603883 0.5516 0.121656 0.0603448 0.00105799
11 0.620726 0.560381 0.0881084 0.0675084 0.00101767
2 0.528247 0.586794 0.0225149 0.0447594 0.00101669
