8 0.713154 0.665857 0.524521 0.618622 0.585748
8 0.284854 0.286906 0.527538 0.384137 0.414999
8 0.455615 0.471484 0.44207 0.848658 0.390043
8 0.602517 0.539801 0.727936 0.778462 0.206237
8 0.467365 0.633532 0.45063 0.472289 0.111438
10 0.0466063 0.433963 0.0847736 0.2797 0.0204709
10 0.446119 0.481033 0.453264 0.872083 0.0189073
8 0.273165 0.379532 0.517389 0.238233 0.0181563
8 0.331514 0.483097 0.630832 0.757634 0.0148077
8 0.20463 0.357146 0.307263 0.158713 0.0103612
10 0.284854 0.286906 0.527538 0.384137 0.00714356
8 0.440849 0.27847 0.179227 0.332575 0.00610064
10 0.717909 0.666455 0.5116 0.61538 0.00359085
8 0.376266 0.280619 0.341566 0.348174 0.00319709
5 0.286188 0.288084 0.530129 0.381367 0.00273906
8 0.046994 0.437008 0.0857344 0.281609 0.00273451
8 0.496581 0.206663 0.303989 0.369017 0.00270561
9 0.398754 0.483711 0.543999 0.85675 0.00269653
10 0.59983 0.491836 0.720221 0.889992 0.00242405
5 0.205116 0.358578 0.307915 0.154968 0.00180475
5 0.717909 0.666455 0.5116 0.61538 0.00159161
9 0.605701 0.495773 0.713521 0.925739 0.00159065
8 0.391095 0.255271 0.243972 0.290337 0.00138557
8 0.186364 0.399193 0.349222 0.247939 0.00109442
10 0.331514 0.483097 0.630832 0.757634 0.00107552
8 0.395833 0.244792 0.50011 0.439431 0.00101441
