6 0.237355 0.591101 0.208869 0.372755 0.870484
6 0.757252 0.479739 0.26693 0.476393 0.843654
6 0.387167 0.572295 0.167753 0.348359 0.810455
6 0.635248 0.473112 0.060553 0.167188 0.0334345
11 0.386505 0.572595 0.172566 0.341983 0.0178078
6 0.565373 0.535241 0.147331 0.298114 0.00932228
11 0.57126 0.482 0.124961 0.18198 0.0053461
6 0.671389 0.521518 0.108209 0.268411 0.00261012
6 0.396587 0.636302 0.149657 0.217338 0.00189748
6 0.447223 0.562575 0.200195 0.297356 0.00171839
6 0.674672 0.467856 0.115474 0.180964 0.0017151
6 0.656723 0.489199 0.0975145 0.194034 0.00144486
6 0.638062 0.528653 0.19159 0.284797 0.00137959
10 0.756897 0.480296 0.271313 0.478093 0.00129081
10 0.386914 0.573802 0.170634 0.345584 0.0011976
4 0.439592 0.252145 0.148666 0.147812 0.00107517
