11 0.418119 0.742913 0.705975 0.279578 0.549191
4 0.0881401 0.466867 0.172558 0.0521269 0.537831
6 0.216 0.732049 0.298964 0.273138 0.186578
6 0.571596 0.681319 0.379924 0.305688 0.0717167
11 0.497521 0.715386 0.557978 0.178641 0.019608
6 0.451828 0.713725 0.648185 0.344287 0.0195207
11 0.423471 0.665338 0.501609 0.0822924 0.0111959
6 0.439183 0.532583 0.0803043 0.0502708 0.00672272
6 0.68441 0.717607 0.242942 0.405629 0.00487167
6 0.84594 0.738558 0.305461 0.363051 0.00296019
10 0.972388 0.663453 0.0552242 0.440955 0.00271669
6 0.315858 0.739791 0.501203 0.276621 0.00222505
11 0.214635 0.726201 0.297247 0.26246 0.00179493
11 0.614612 0.726137 0.250977 0.195189 0.00168517
6 0.436175 0.519255 0.0933651 0.0639754 0.00129926
6 0.941861 0.727428 0.113764 0.339511 0.0012036
6 0.449447 0.627684 0.557337 0.162745 0.00117725
