4 0.192498 0.770091 0.34834 0.289063 0.91411
4 0.419088 0.680158 0.171241 0.185119 0.883691
10 0.858188 0.689795 0.0728413 0.223197 0.849452
10 0.737866 0.661603 0.0562473 0.193103 0.84501
10 0.808117 0.661458 0.0568886 0.20358 0.827137
6 0.926259 0.71104 0.0746395 0.139697 0.804631
4 0.517463 0.63532 0.100771 0.123918 0.776609
10 0.252863 0.589206 0.0282613 0.10661 0.697637
10 0.227937 0.59016 0.0312246 0.104399 0.606172
10 0.238948 0.58792 0.0531623 0.108203 0.477908
4 0.564609 0.59379 0.100851 0.111443 0.397363
10 0.403086 0.576693 0.049686 0.0644156 0.0443364
11 0.309342 0.600559 0.0728466 0.0499764 0.0362725
10 0.348597 0.66874 0.0317573 0.0893348 0.0302546
10 0.664218 0.606794 0.0621975 0.0724569 0.0257226
4 0.310034 0.613893 0.0790893 0.0652033 0.0240933
10 0.517773 0.635545 0.096809 0.128976 0.0156873
10 0.363697 0.609583 0.0556348 0.0788539 0.0114779
4 0.320061 0.624133 0.10658 0.067995 0.0111309
11 0.923529 0.71232 0.0737227 0.128076 0.00735848
10 0.675272 0.601963 0.0461645 0.0729449 0.00728612
10 0.270533 0.591386 0.0262357 0.0940277 0.00685284
4 0.309342 0.600559 0.0728466 0.0499764 0.00666159
9 0.516858 0.635325 0.0980522 0.130159 0.00630786
10 0.289842 0.607675 0.0417364 0.063438 0.00603436
10 0.622274 0.630333 0.0273641 0.0927499 0.00536066
0 0.579216 0.657913 0.045369 0.0710723 0.00512067
6 0.310188 0.602655 0.0762704 0.0544963 0.0046805
10 0.345406 0.616407 0.0804315 0.0794016 0.0044505
10 0.203169 0.625471 0.0368401 0.0508652 0.00423047
10 0.41914 0.575571 0.0613458 0.0605363 0.00244995
9 0.579914 0.656465 0.0430544 0.074337 0.0024326
8 0.923529 0.71232 0.0737227 0.128076 0.00238545
1 0.308798 0.602971 0.076093 0.0518647 0.00232768
10 0.390579 0.58591 0.0749272 0.0693103 0.00227331
4 0.553866 0.621648 0.0987802 0.124166 0.00218447
0 0.308051 0.608229 0.081674 0.0653895 0.00197922
0 0.577844 0.678442 0.0469498 0.107124 0.00176092
10 0.433603 0.575976 0.0329491 0.0603665 0.00169509
10 0.34769 0.700986 0.0364088 0.15697 0.00159895
10 0.216934 0.591615 0.0469812 0.10669 0.00151544
10 0.274403 0.606143 0.0256981 0.0696108 0.00150377
6 0.293404 0.603006 0.0468601 0.0561447 0.00118274
6 0.91406 0.689147 0.0835379 0.108877 0.00107345
0 0.359966 0.608029 0.0530161 0.0781764 0.00106441
5 0.516708 0.636142 0.101159 0.123851 0.00103382
10 0.920512 0.708961 0.0734119 0.13467 0.00101006
