8 0.435014 0.673251 0.277939 0.609859 0.690728
8 0.497197 0.656705 0.156813 0.584706 0.432464
10 0.430669 0.677882 0.28818 0.604689 0.00349526
10 0.499868 0.647037 0.151871 0.56181 0.00246145
8 0.600988 0.49704 0.656783 0.895709 0.00226273
5 0.428065 0.669108 0.293064 0.600767 0.00203528
10 0.480094 0.4678 0.195511 0.906752 0.00176625
10 0.624855 0.488875 0.670024 0.921156 0.00171297
10 0.696896 0.626014 0.176959 0.705267 0.001491
10 0.792383 0.493855 0.361874 0.924881 0.00115123
8 0.435014 0.673251 0.277939 0.609859 0.690728
8 0.497197 0.656705 0.156813 0.584706 0.432464
10 0.430669 0.677882 0.28818 0.604689 0.00349526
10 0.499868 0.647037 0.151871 0.56181 0.00246145
8 0.600988 0.49704 0.656783 0.895709 0.00226273
5 0.428065 0.669108 0.293064 0.600767 0.00203528
10 0.480094 0.4678 0.195511 0.906752 0.00176625
10 0.624855 0.488875 0.670024 0.921156 0.00171297
10 0.696896 0.626014 0.176959 0.705267 0.001491
10 0.792383 0.493855 0.361874 0.924881 0.00115123
