7 0.921607 0.500622 0.147864 0.284496 0.826138
7 0.604277 0.282413 0.0760244 0.113013 0.768455
7 0.305495 0.281732 0.0715252 0.103574 0.726492
7 0.256192 0.324637 0.0787569 0.11293 0.517434
7 0.570548 0.323022 0.0747774 0.117109 0.403247
11 0.509573 0.305653 0.980853 0.477603 0.0980854
7 0.890926 0.271889 0.207066 0.425131 0.0224724
6 0.884096 0.265088 0.212157 0.491582 0.0221766
7 0.380885 0.358302 0.0671035 0.113895 0.0186166
6 0.921585 0.501101 0.149391 0.284162 0.00597591
11 0.867697 0.273546 0.245027 0.476553 0.00533447
6 0.243975 0.0659929 0.0752498 0.109703 0.00518023
11 0.422924 0.515361 0.835975 0.90907 0.00492907
2 0.243745 0.0661206 0.075798 0.111896 0.00443063
7 0.909109 0.444151 0.114066 0.237192 0.00183322
