11 0.409106 0.665949 0.786135 0.383532 0.201126
10 0.336862 0.477323 0.113321 0.629117 0.199091
6 0.336352 0.4853 0.116696 0.64779 0.10248
2 0.334926 0.502381 0.115957 0.680902 0.0903101
11 0.341871 0.620807 0.123444 0.302485 0.0562127
5 0.674537 0.48649 0.100641 0.224271 0.037357
6 0.669531 0.486752 0.0896265 0.210416 0.0336716
11 0.48958 0.674296 0.289298 0.362779 0.0323199
6 0.342031 0.624151 0.126216 0.336745 0.0322187
6 0.597196 0.611673 0.384366 0.448703 0.0195651
7 0.515749 0.531612 0.0495571 0.0830939 0.0173085
4 0.169259 0.594108 0.259948 0.371344 0.0171345
11 0.303872 0.612708 0.200953 0.334814 0.00532013
6 0.339706 0.341067 0.0924342 0.376298 0.00493761
6 0.49959 0.662952 0.26853 0.359002 0.00392663
6 0.518914 0.613069 0.217548 0.562458 0.00389261
5 0.647293 0.485335 0.176087 0.228558 0.00305589
6 0.614159 0.500558 0.242774 0.243765 0.00270101
6 0.513482 0.53904 0.601439 0.643856 0.00220478
11 0.597196 0.611673 0.384366 0.448703 0.00193896
11 0.512727 0.515857 0.264251 0.170828 0.00188788
8 0.674537 0.48649 0.100641 0.224271 0.00179306
6 0.337151 0.568683 0.169756 0.437887 0.00173486
9 0.671977 0.485724 0.0949745 0.220531 0.00166041
2 0.388169 0.494198 0.0244118 0.0697632 0.00159254
6 0.527816 0.610622 0.386482 0.583877 0.00159061
7 0.388169 0.494198 0.0244118 0.0697632 0.00158196
11 0.63379 0.669679 0.303893 0.348199 0.00130435
6 0.295512 0.60737 0.22282 0.34862 0.00125348
11 0.621519 0.498135 0.258731 0.240623 0.00123952
11 0.465613 0.540032 0.369129 0.198816 0.00120469
6 0.344719 0.491901 0.108118 0.445221 0.00118018
11 0.55445 0.676797 0.154279 0.354826 0.00113251
6 0.42363 0.666063 0.759763 0.388335 0.00107616
6 0.550409 0.669192 0.161738 0.350322 0.00103295
11 0.409106 0.665949 0.786135 0.383532 0.201126
10 0.336862 0.477323 0.113321 0.629117 0.199091
6 0.336352 0.4853 0.116696 0.64779 0.10248
2 0.334926 0.502381 0.115957 0.680902 0.0903101
11 0.341871 0.620807 0.123444 0.302485 0.0562127
5 0.674537 0.48649 0.100641 0.224271 0.037357
6 0.669531 0.486752 0.0896265 0.210416 0.0336716
11 0.48958 0.674296 0.289298 0.362779 0.0323199
6 0.342031 0.624151 0.126216 0.336745 0.0322187
6 0.597196 0.611673 0.384366 0.448703 0.0195651
7 0.515749 0.531612 0.0495571 0.0830939 0.0173085
4 0.169259 0.594108 0.259948 0.371344 0.0171345
11 0.303872 0.612708 0.200953 0.334814 0.00532013
6 0.339706 0.341067 0.0924342 0.376298 0.00493761
6 0.49959 0.662952 0.26853 0.359002 0.00392663
6 0.518914 0.613069 0.217548 0.562458 0.00389261
5 0.647293 0.485335 0.176087 0.228558 0.00305589
6 0.614159 0.500558 0.242774 0.243765 0.00270101
6 0.513482 0.53904 0.601439 0.643856 0.00220478
11 0.597196 0.611673 0.384366 0.448703 0.00193896
11 0.512727 0.515857 0.264251 0.170828 0.00188788
8 0.674537 0.48649 0.100641 0.224271 0.00179306
6 0.337151 0.568683 0.169756 0.437887 0.00173486
9 0.671977 0.485724 0.0949745 0.220531 0.00166041
2 0.388169 0.494198 0.0244118 0.0697632 0.00159254
6 0.527816 0.610622 0.386482 0.583877 0.00159061
7 0.388169 0.494198 0.0244118 0.0697632 0.00158196
11 0.63379 0.669679 0.303893 0.348199 0.00130435
6 0.295512 0.60737 0.22282 0.34862 0.00125348
11 0.621519 0.498135 0.258731 0.240623 0.00123952
11 0.465613 0.540032 0.369129 0.198816 0.00120469
6 0.344719 0.491901 0.108118 0.445221 0.00118018
11 0.55445 0.676797 0.154279 0.354826 0.00113251
6 0.42363 0.666063 0.759763 0.388335 0.00107616
6 0.550409 0.669192 0.161738 0.350322 0.00103295
