1 0.721946 0.767138 0.347453 0.225554 0.804115
1 0.55509 0.632464 0.18498 0.157534 0.802512
10 0.772812 0.596468 0.0292957 0.0982866 0.635702
1 0.436058 0.557168 0.128804 0.10192 0.595457
1 0.82979 0.792677 0.131853 0.142012 0.226599
1 0.696044 0.729999 0.101575 0.137138 0.0191865
1 0.851729 0.908957 0.239807 0.161163 0.0187594
1 0.30939 0.485288 0.0590633 0.0895958 0.0177706
10 0.783635 0.599554 0.0510471 0.099424 0.00956355
1 0.406617 0.552619 0.0992135 0.0854236 0.00862651
1 0.61773 0.761624 0.126498 0.156232 0.00829907
10 0.79672 0.612281 0.0315308 0.0690536 0.00525258
1 0.426879 0.569842 0.107569 0.0686856 0.00525142
1 0.483186 0.556538 0.118177 0.0917334 0.00272814
1 0.653336 0.759646 0.20598 0.202759 0.00210138
1 0.395457 0.540263 0.0733894 0.0754739 0.00196278
1 0.790672 0.913711 0.406016 0.172578 0.00128849
