0 0.589319 0.540721 0.268697 0.296327 0.883152
0 0.849443 0.589983 0.19888 0.441215 0.676073
0 0.734697 0.628739 0.164511 0.438561 0.205413
10 0.169935 0.128509 0.102264 0.196525 0.0105366
10 0.728396 0.578294 0.214415 0.648766 0.00643907
4 0.870237 0.47029 0.25398 0.44371 0.00560965
6 0.590407 0.544614 0.277235 0.30034 0.00459653
0 0.751997 0.531453 0.388639 0.549804 0.00449243
10 0.89674 0.243819 0.0223183 0.0480818 0.00267544
0 0.705432 0.617053 0.363476 0.430081 0.00249774
10 0.782392 0.188701 0.0382588 0.0616016 0.00243777
0 0.652137 0.551305 0.411729 0.34252 0.00204175
5 0.590407 0.544614 0.277235 0.30034 0.00158337
1 0.168476 0.128585 0.0996113 0.196298 0.00130091
2 0.78317 0.186859 0.0383467 0.0641813 0.00126704
