3 0.265489 0.297813 0.518197 0.289193 0.899916
10 0.56477 0.546192 0.237644 0.548435 0.829004
10 0.7661 0.390316 0.109495 0.247016 0.820506
10 0.924607 0.51247 0.133076 0.443649 0.770873
10 0.894333 0.411861 0.0871389 0.181124 0.446931
10 0.619821 0.392021 0.172317 0.274163 0.233443
10 0.846067 0.3691 0.0633076 0.113324 0.0306267
10 0.635863 0.481592 0.153703 0.394245 0.0163878
0 0.669805 0.433546 0.0957578 0.149741 0.0150921
10 0.85598 0.370853 0.0426661 0.100655 0.0104549
6 0.661397 0.437287 0.115322 0.170274 0.00714275
10 0.887999 0.374688 0.0919357 0.102318 0.00631142
9 0.669805 0.433546 0.0957578 0.149741 0.0055759
10 0.837709 0.38258 0.0633682 0.158772 0.00519687
10 0.560277 0.394263 0.285554 0.303612 0.0045327
10 0.611669 0.534419 0.204008 0.482506 0.0033524
4 0.730898 0.34793 0.0463804 0.041922 0.00276559
10 0.897837 0.358624 0.0798475 0.070655 0.0026167
10 0.533562 0.431704 0.147821 0.273497 0.0016096
10 0.911684 0.350907 0.0726997 0.0521143 0.00154691
0 0.646698 0.417019 0.13716 0.202917 0.00153363
10 0.643228 0.408249 0.139035 0.220597 0.00139838
0 0.478199 0.609611 0.142227 0.143624 0.00133347
10 0.697416 0.353312 0.0436778 0.0503171 0.00109413
