8 0.832861 0.791222 0.293321 0.39495 0.787742
7 0.306434 0.79712 0.317744 0.280212 0.269327
8 0.304009 0.618172 0.539684 0.406875 0.15139
6 0.305655 0.797177 0.318548 0.282058 0.0399044
5 0.831503 0.792171 0.29193 0.392613 0.025496
7 0.0394773 0.789999 0.0717192 0.202804 0.0203128
10 0.833194 0.794957 0.297972 0.39386 0.0102728
8 0.722443 0.791026 0.517101 0.390928 0.00912797
11 0.902552 0.731235 0.18502 0.227562 0.00709863
10 0.302763 0.604556 0.536003 0.378548 0.00517769
9 0.831956 0.794747 0.296944 0.395167 0.00150825
8 0.674585 0.645343 0.27624 0.124524 0.00143646
6 0.919364 0.665964 0.153682 0.377278 0.00138255
5 0.300679 0.604413 0.537244 0.372894 0.00102943
