1 0.613938 0.542494 0.369149 0.219939 0.844194
10 0.642454 0.511266 0.0411921 0.0805425 0.575852
10 0.586043 0.529499 0.0437449 0.0455797 0.291191
10 0.544312 0.52403 0.02631 0.0607449 0.0995408
10 0.499112 0.516221 0.0348995 0.0612573 0.0225276
9 0.642901 0.51354 0.0405357 0.0758291 0.0088141
10 0.485457 0.506955 0.0552311 0.0736608 0.00398147
0 0.642901 0.51354 0.0405357 0.0758291 0.00271667
10 0.62924 0.52159 0.0388796 0.0600975 0.0023524
1 0.924744 0.559871 0.131406 0.0552991 0.00222589
10 0.540687 0.512703 0.0384532 0.0731724 0.00172985
1 0.979653 0.755122 0.0406933 0.453248 0.00165753
10 0.510352 0.52283 0.0592225 0.0566169 0.00151678
10 0.501759 0.510443 0.0596476 0.0680672 0.00113203
