1 0.257148 0.806155 0.486989 0.348691 0.781033
1 0.0296021 0.706957 0.0527708 0.0841238 0.0189676
1 0.925033 0.565569 0.078979 0.0505381 0.0116133
1 0.037765 0.68641 0.0611362 0.081877 0.00933982
1 0.935099 0.570338 0.105226 0.0644642 0.00758788
1 0.0338977 0.563068 0.0582574 0.0505107 0.00437908
1 0.0496944 0.736578 0.0936693 0.159908 0.00327265
1 0.0496751 0.670747 0.0836275 0.0730751 0.0028132
1 0.257616 0.693971 0.496093 0.567429 0.00204364
1 0.89929 0.564551 0.0764652 0.0522771 0.00197884
1 0.958479 0.570377 0.0764126 0.0594163 0.00176312
1 0.0300359 0.733139 0.0529817 0.13993 0.00140817
1 0.168789 0.844713 0.313256 0.273984 0.00139142
1 0.257148 0.806155 0.486989 0.348691 0.781033
1 0.0296021 0.706957 0.0527708 0.0841238 0.0189676
1 0.925033 0.565569 0.078979 0.0505381 0.0116133
1 0.037765 0.68641 0.0611362 0.081877 0.00933982
1 0.935099 0.570338 0.105226 0.0644642 0.00758788
1 0.0338977 0.563068 0.0582574 0.0505107 0.00437908
1 0.0496944 0.736578 0.0936693 0.159908 0.00327265
1 0.0496751 0.670747 0.0836275 0.0730751 0.0028132
1 0.257616 0.693971 0.496093 0.567429 0.00204364
1 0.89929 0.564551 0.0764652 0.0522771 0.00197884
1 0.958479 0.570377 0.0764126 0.0594163 0.00176312
1 0.0300359 0.733139 0.0529817 0.13993 0.00140817
1 0.168789 0.844713 0.313256 0.273984 0.00139142
