1 0.397557 0.74869 0.405875 0.263393 0.834083
7 0.810461 0.281754 0.138279 0.447001 0.189286
1 0.826992 0.728499 0.292408 0.195057 0.0153668
6 0.399667 0.756882 0.402663 0.260387 0.0140279
6 0.831116 0.736431 0.302389 0.212739 0.00744617
11 0.399667 0.756882 0.402663 0.260387 0.00487894
7 0.399667 0.756882 0.402663 0.260387 0.00484621
10 0.399136 0.754157 0.402778 0.255851 0.00394041
2 0.397992 0.751144 0.403844 0.257978 0.00323929
1 0.478537 0.742143 0.244312 0.255606 0.00297382
11 0.831521 0.734967 0.304506 0.212388 0.00281267
6 0.495673 0.488659 0.113703 0.16802 0.00205661
10 0.809636 0.275394 0.138118 0.45491 0.00201237
1 0.644984 0.685641 0.122366 0.080012 0.00130704
8 0.399136 0.754157 0.402778 0.255851 0.00120233
1 0.397557 0.74869 0.405875 0.263393 0.834083
7 0.810461 0.281754 0.138279 0.447001 0.189286
1 0.826992 0.728499 0.292408 0.195057 0.0153668
6 0.399667 0.756882 0.402663 0.260387 0.0140279
6 0.831116 0.736431 0.302389 0.212739 0.00744617
11 0.399667 0.756882 0.402663 0.260387 0.00487894
7 0.399667 0.756882 0.402663 0.260387 0.00484621
10 0.399136 0.754157 0.402778 0.255851 0.00394041
2 0.397992 0.751144 0.403844 0.257978 0.00323929
1 0.478537 0.742143 0.244312 0.255606 0.00297382
11 0.831521 0.734967 0.304506 0.212388 0.00281267
6 0.495673 0.488659 0.113703 0.16802 0.00205661
10 0.809636 0.275394 0.138118 0.45491 0.00201237
1 0.644984 0.685641 0.122366 0.080012 0.00130704
8 0.399136 0.754157 0.402778 0.255851 0.00120233
