10 0.389815 0.556434 0.211283 0.502058 0.881244
10 0.301194 0.374431 0.130256 0.454379 0.795908
2 0.476981 0.817496 0.054468 0.173592 0.564336
11 0.468447 0.858757 0.671878 0.252561 0.505074
2 0.505635 0.823698 0.0458368 0.138628 0.35124
7 0.588839 0.854087 0.0508837 0.0898916 0.071181
7 0.58296 0.751093 0.0834106 0.12544 0.0492451
2 0.493441 0.819786 0.0619439 0.15907 0.0211015
10 0.475297 0.831382 0.661124 0.295028 0.0174068
10 0.525809 0.784926 0.210007 0.185682 0.0169159
2 0.580598 0.778217 0.0849308 0.18951 0.00976963
6 0.464252 0.849125 0.669308 0.266879 0.00898157
11 0.403604 0.825517 0.370176 0.199882 0.00734038
6 0.463786 0.747153 0.700945 0.428093 0.0071128
2 0.507367 0.797622 0.0378444 0.0880789 0.00709872
11 0.530855 0.805258 0.273046 0.196515 0.00631417
7 0.47397 0.81744 0.0484011 0.171342 0.00577015
6 0.359117 0.637206 0.347984 0.406192 0.00548174
10 0.670863 0.734638 0.274141 0.458874 0.00518973
7 0.571103 0.841148 0.0782578 0.112787 0.00513931
11 0.0444034 0.838781 0.0888068 0.18887 0.00502879
7 0.498099 0.820957 0.0573309 0.157468 0.00481111
7 0.507354 0.821651 0.0423615 0.133989 0.00456375
6 0.38659 0.658736 0.221744 0.289129 0.00439603
2 0.577857 0.771533 0.0696448 0.103792 0.0043275
10 0.531743 0.749279 0.338996 0.128988 0.00398486
10 0.36354 0.708142 0.275803 0.323695 0.00330573
7 0.577253 0.799453 0.0803169 0.184782 0.00312465
11 0.572475 0.846928 0.36582 0.214192 0.003087
10 0.463786 0.747153 0.700945 0.428093 0.00306276
10 0.419815 0.672819 0.170462 0.268179 0.00305099
10 0.359117 0.637206 0.347984 0.406192 0.00290936
6 0.46545 0.789956 0.494085 0.286642 0.00283764
7 0.484949 0.835847 0.0689557 0.143964 0.00254874
7 0.588138 0.732872 0.0840245 0.08185 0.00245156
10 0.382435 0.801689 0.329487 0.236501 0.00197017
7 0.563332 0.821866 0.0609134 0.117905 0.00193832
2 0.584822 0.745485 0.0887501 0.109374 0.00191956
7 0.577857 0.771533 0.0696448 0.103792 0.00171126
11 0.586007 0.902162 0.386516 0.181575 0.00165961
6 0.47441 0.705165 0.503551 0.389964 0.00140217
11 0.494732 0.779226 0.403158 0.160907 0.00139031
10 0.569547 0.798237 0.154557 0.190422 0.00130244
10 0.472099 0.81744 0.0447752 0.17339 0.0012764
2 0.489585 0.804623 0.0447433 0.122563 0.00127085
7 0.507367 0.797622 0.0378444 0.0880789 0.00108222
