6 0.29876 0.812772 0.328004 0.202742 0.909573
6 0.0703574 0.717436 0.134659 0.135198 0.884258
6 0.639267 0.809271 0.3171 0.188266 0.873003
6 0.249395 0.671284 0.0919238 0.0717979 0.619905
6 0.643953 0.628262 0.110243 0.074418 0.589495
0 0.163506 0.623126 0.0638971 0.0643975 0.332896
6 0.977246 0.726169 0.0414202 0.106848 0.302115
0 0.147355 0.618866 0.103175 0.0719179 0.204967
2 0.476812 0.867142 0.0898805 0.0713195 0.185053
11 0.531033 0.628631 0.089566 0.0617807 0.0826496
11 0.643891 0.628615 0.109384 0.0733699 0.0595671
11 0.248758 0.671335 0.0927733 0.0721023 0.0486612
11 0.28289 0.640378 0.146523 0.0736407 0.0277971
11 0.362745 0.631594 0.0876813 0.0755376 0.01388
11 0.32045 0.644898 0.0687616 0.0658121 0.013451
4 0.645193 0.627118 0.112668 0.0761399 0.0120675
5 0.976476 0.724018 0.0409969 0.101119 0.0115339
8 0.247924 0.673202 0.0907649 0.0692768 0.0103541
3 0.646483 0.625421 0.108929 0.0756676 0.00994227
10 0.246126 0.612661 0.0287616 0.0587693 0.00888694
2 0.797338 0.622031 0.0198311 0.0511624 0.00809643
10 0.528185 0.592535 0.041214 0.0502895 0.00667844
6 0.246126 0.612661 0.0287616 0.0587693 0.00644068
4 0.895301 0.689161 0.0688612 0.0533125 0.00642935
10 0.50388 0.615821 0.0317162 0.0753037 0.00619455
11 0.314262 0.634846 0.155686 0.0794135 0.00618652
0 0.875321 0.687031 0.11054 0.0563295 0.005844
11 0.0708415 0.71712 0.134228 0.137301 0.00564224
9 0.847496 0.655824 0.0667267 0.101611 0.00520734
5 0.9129 0.691258 0.0343243 0.0454451 0.00501775
5 0.89834 0.688736 0.0640896 0.0468757 0.00488101
6 0.327435 0.644299 0.0504236 0.0653263 0.00484702
0 0.847496 0.655824 0.0667267 0.101611 0.00484451
2 0.509339 0.858304 0.0294561 0.0761465 0.00448445
4 0.426027 0.598157 0.0830132 0.0504909 0.00430808
0 0.874069 0.667093 0.112739 0.0928934 0.00426396
6 0.36271 0.630605 0.0879192 0.0729965 0.00374124
11 0.941243 0.652365 0.0697601 0.0381554 0.00348391
10 0.797103 0.621754 0.0203928 0.0501592 0.00340682
6 0.437289 0.812764 0.733149 0.198026 0.00293795
0 0.248801 0.670486 0.093724 0.0742736 0.00288754
11 0.470605 0.630333 0.0714397 0.0649414 0.0028194
9 0.162091 0.623482 0.0656547 0.0641296 0.00238766
6 0.462879 0.632624 0.0596693 0.0612928 0.00232127
11 0.977246 0.726169 0.0414202 0.106848 0.00230942
4 0.875321 0.687031 0.11054 0.0563295 0.0021445
0 0.124671 0.610395 0.141611 0.0858046 0.00199064
6 0.453181 0.627324 0.0384071 0.0626236 0.00181391
11 0.32447 0.652391 0.0530801 0.0515577 0.00179382
10 0.511078 0.602538 0.044626 0.0573703 0.00178011
11 0.254865 0.611914 0.047684 0.053402 0.00165927
11 0.574232 0.621402 0.165347 0.0694427 0.00160474
6 0.850084 0.659558 0.0628347 0.08859 0.00146926
0 0.177958 0.61862 0.0747596 0.0636429 0.00111767
9 0.873436 0.664436 0.113244 0.0930583 0.00110505
2 0.246126 0.612661 0.0287616 0.0587693 0.00110069
8 0.976764 0.725602 0.0401245 0.102814 0.00109651
11 0.14573 0.618072 0.102158 0.0719134 0.00106612
6 0.797281 0.619699 0.0219315 0.0546399 0.00105176
11 0.700638 0.631571 0.0492457 0.0704208 0.00102659
