5 0.562839 0.625305 0.114263 0.28466 0.526916
5 0.595242 0.632727 0.18004 0.302988 0.234649
5 0.578323 0.689527 0.0652364 0.126923 0.00770333
5 0.564396 0.565314 0.109143 0.165431 0.00696305
5 0.224646 0.620734 0.0692016 0.133119 0.00424671
5 0.677768 0.553348 0.0342539 0.0598059 0.00407608
8 0.564047 0.628456 0.116622 0.319376 0.00351552
5 0.656331 0.647352 0.073202 0.113767 0.00295972
2 0.690894 0.679147 0.0613362 0.0847223 0.0029263
2 0.675433 0.66628 0.03148 0.057209 0.00176769
2 0.700886 0.605964 0.0835587 0.170178 0.00151724
2 0.133684 0.167858 0.0291889 0.0798942 0.00130072
2 0.6969 0.750078 0.0804359 0.165299 0.00124925
5 0.403617 0.649514 0.100618 0.217845 0.00118025
8 0.596591 0.626012 0.180011 0.2879 0.00107453
8 0.403617 0.649514 0.100618 0.217845 0.00105333
6 0.950402 0.751377 0.0318535 0.0696786 0.00103957
