6 0.820723 0.510039 0.30042 0.94874 0.395842
5 0.686115 0.549527 0.100077 0.486852 0.235089
10 0.332653 0.57643 0.107348 0.459162 0.109465
6 0.462633 0.710861 0.216855 0.325795 0.0768409
6 0.204722 0.639912 0.384211 0.686267 0.0581271
6 0.524132 0.71383 0.0895227 0.30498 0.0209722
10 0.819783 0.504039 0.300615 0.952888 0.0137704
6 0.378264 0.835717 0.296487 0.318284 0.0112672
11 0.460305 0.70433 0.220324 0.312496 0.0104386
2 0.411662 0.545971 0.0597089 0.105368 0.00975148
5 0.684513 0.371988 0.0784082 0.185225 0.00732342
7 0.474271 0.655442 0.0246834 0.110724 0.00712085
6 0.670255 0.5883 0.12948 0.529119 0.00681163
11 0.576072 0.75063 0.0541075 0.25086 0.00610349
6 0.271453 0.800005 0.517001 0.379089 0.00606486
5 0.819783 0.504039 0.300615 0.952888 0.00534182
6 0.575225 0.714834 0.0558725 0.280607 0.00533235
8 0.685932 0.525318 0.0870554 0.382962 0.00516894
2 0.381046 0.545582 0.0223973 0.106012 0.00513598
11 0.281434 0.833612 0.494417 0.330727 0.00482372
2 0.474271 0.655442 0.0246834 0.110724 0.00399893
11 0.389885 0.810423 0.280399 0.348431 0.00360381
10 0.703568 0.644993 0.12171 0.645617 0.00347767
6 0.412758 0.632672 0.310389 0.523425 0.00292034
6 0.547101 0.672743 0.0703769 0.398381 0.00272251
5 0.714707 0.58876 0.159123 0.631421 0.00239212
8 0.665436 0.572849 0.138062 0.521394 0.00234032
6 0.539835 0.704835 0.0594304 0.278345 0.00194323
11 0.520627 0.718686 0.0965899 0.308328 0.00187846
7 0.411662 0.545971 0.0597089 0.105368 0.0017898
8 0.688555 0.629344 0.110328 0.648854 0.00127928
10 0.680764 0.578594 0.114331 0.536033 0.00124553
7 0.177021 0.236044 0.0829715 0.264236 0.00122801
11 0.686062 0.534793 0.0930465 0.427986 0.00119576
6 0.328584 0.569084 0.111272 0.47029 0.00113166
10 0.351954 0.648061 0.150661 0.596404 0.00111227
6 0.703568 0.644993 0.12171 0.645617 0.00106231
6 0.398278 0.441916 0.0867599 0.357525 0.00100403
5 0.684774 0.510817 0.0795093 0.355481 0.00100129
6 0.820723 0.510039 0.30042 0.94874 0.395842
5 0.686115 0.549527 0.100077 0.486852 0.235089
10 0.332653 0.57643 0.107348 0.459162 0.109465
6 0.462633 0.710861 0.216855 0.325795 0.0768409
6 0.204722 0.639912 0.384211 0.686267 0.0581271
6 0.524132 0.71383 0.0895227 0.30498 0.0209722
10 0.819783 0.504039 0.300615 0.952888 0.0137704
6 0.378264 0.835717 0.296487 0.318284 0.0112672
11 0.460305 0.70433 0.220324 0.312496 0.0104386
2 0.411662 0.545971 0.0597089 0.105368 0.00975148
5 0.684513 0.371988 0.0784082 0.185225 0.00732342
7 0.474271 0.655442 0.0246834 0.110724 0.00712085
6 0.670255 0.5883 0.12948 0.529119 0.00681163
11 0.576072 0.75063 0.0541075 0.25086 0.00610349
6 0.271453 0.800005 0.517001 0.379089 0.00606486
5 0.819783 0.504039 0.300615 0.952888 0.00534182
6 0.575225 0.714834 0.0558725 0.280607 0.00533235
8 0.685932 0.525318 0.0870554 0.382962 0.00516894
2 0.381046 0.545582 0.0223973 0.106012 0.00513598
11 0.281434 0.833612 0.494417 0.330727 0.00482372
2 0.474271 0.655442 0.0246834 0.110724 0.00399893
11 0.389885 0.810423 0.280399 0.348431 0.00360381
10 0.703568 0.644993 0.12171 0.645617 0.00347767
6 0.412758 0.632672 0.310389 0.523425 0.00292034
6 0.547101 0.672743 0.0703769 0.398381 0.00272251
5 0.714707 0.58876 0.159123 0.631421 0.00239212
8 0.665436 0.572849 0.138062 0.521394 0.00234032
6 0.539835 0.704835 0.0594304 0.278345 0.00194323
11 0.520627 0.718686 0.0965899 0.308328 0.00187846
7 0.411662 0.545971 0.0597089 0.105368 0.0017898
8 0.688555 0.629344 0.110328 0.648854 0.00127928
10 0.680764 0.578594 0.114331 0.536033 0.00124553
7 0.177021 0.236044 0.0829715 0.264236 0.00122801
11 0.686062 0.534793 0.0930465 0.427986 0.00119576
6 0.328584 0.569084 0.111272 0.47029 0.00113166
10 0.351954 0.648061 0.150661 0.596404 0.00111227
6 0.703568 0.644993 0.12171 0.645617 0.00106231
6 0.398278 0.441916 0.0867599 0.357525 0.00100403
5 0.684774 0.510817 0.0795093 0.355481 0.00100129
