10 0.693134 0.610693 0.13179 0.614735 0.848609
10 0.477564 0.60033 0.130971 0.514427 0.842238
10 0.117456 0.552741 0.162317 0.697454 0.602748
9 0.415088 0.668855 0.246431 0.408833 0.46397
10 0.767947 0.534952 0.0509946 0.375944 0.0473591
10 0.770133 0.462815 0.0448626 0.213958 0.0432928
9 0.462665 0.64277 0.150741 0.443319 0.0165967
10 0.298856 0.505913 0.0627563 0.22109 0.0140683
10 0.309374 0.522771 0.104977 0.250157 0.00851266
9 0.300793 0.712925 0.501435 0.497839 0.00713112
10 0.328218 0.554016 0.0666008 0.143395 0.00448235
9 0.489269 0.672643 0.115471 0.371799 0.00356844
10 0.328474 0.596614 0.0744858 0.214214 0.00308714
6 0.82366 0.617904 0.0823561 0.228374 0.00252131
6 0.191006 0.692868 0.3524 0.553574 0.00249366
10 0.105812 0.411049 0.102563 0.371216 0.0024727
0 0.41229 0.668751 0.248967 0.405296 0.00235718
10 0.567278 0.145209 0.109849 0.287737 0.0019464
6 0.0999556 0.625316 0.191232 0.433289 0.00190066
10 0.189003 0.661387 0.349603 0.577878 0.00147296
6 0.957883 0.457778 0.0815231 0.529319 0.00142679
10 0.0878763 0.369065 0.088084 0.328172 0.0013364
1 0.330029 0.633774 0.417913 0.467918 0.00132765
6 0.626405 0.612644 0.078404 0.239749 0.00131434
6 0.965328 0.667417 0.0650009 0.17719 0.00131413
10 0.319436 0.515164 0.0984612 0.169969 0.00129523
10 0.906041 0.558831 0.103719 0.353121 0.00128972
10 0.882025 0.5429 0.179545 0.376168 0.00124928
10 0.334697 0.505504 0.12248 0.227793 0.00119968
6 0.665765 0.607529 0.0986431 0.229615 0.0011188
6 0.488834 0.673744 0.111846 0.391126 0.00109123
10 0.458125 0.463098 0.0868607 0.23947 0.00107541
1 0.315462 0.575846 0.559366 0.591012 0.00107532
10 0.44355 0.593289 0.0681545 0.367063 0.00106522
10 0.454855 0.621618 0.107766 0.446218 0.00103079
10 0.693134 0.610693 0.13179 0.614735 0.848609
10 0.477564 0.60033 0.130971 0.514427 0.842238
10 0.117456 0.552741 0.162317 0.697454 0.602748
9 0.415088 0.668855 0.246431 0.408833 0.46397
10 0.767947 0.534952 0.0509946 0.375944 0.0473591
10 0.770133 0.462815 0.0448626 0.213958 0.0432928
9 0.462665 0.64277 0.150741 0.443319 0.0165967
10 0.298856 0.505913 0.0627563 0.22109 0.0140683
10 0.309374 0.522771 0.104977 0.250157 0.00851266
9 0.300793 0.712925 0.501435 0.497839 0.00713112
10 0.328218 0.554016 0.0666008 0.143395 0.00448235
9 0.489269 0.672643 0.115471 0.371799 0.00356844
10 0.328474 0.596614 0.0744858 0.214214 0.00308714
6 0.82366 0.617904 0.0823561 0.228374 0.00252131
6 0.191006 0.692868 0.3524 0.553574 0.00249366
10 0.105812 0.411049 0.102563 0.371216 0.0024727
0 0.41229 0.668751 0.248967 0.405296 0.00235718
10 0.567278 0.145209 0.109849 0.287737 0.0019464
6 0.0999556 0.625316 0.191232 0.433289 0.00190066
10 0.189003 0.661387 0.349603 0.577878 0.00147296
6 0.957883 0.457778 0.0815231 0.529319 0.00142679
10 0.0878763 0.369065 0.088084 0.328172 0.0013364
1 0.330029 0.633774 0.417913 0.467918 0.00132765
6 0.626405 0.612644 0.078404 0.239749 0.00131434
6 0.965328 0.667417 0.0650009 0.17719 0.00131413
10 0.319436 0.515164 0.0984612 0.169969 0.00129523
10 0.906041 0.558831 0.103719 0.353121 0.00128972
10 0.882025 0.5429 0.179545 0.376168 0.00124928
10 0.334697 0.505504 0.12248 0.227793 0.00119968
6 0.665765 0.607529 0.0986431 0.229615 0.0011188
6 0.488834 0.673744 0.111846 0.391126 0.00109123
10 0.458125 0.463098 0.0868607 0.23947 0.00107541
1 0.315462 0.575846 0.559366 0.591012 0.00107532
10 0.44355 0.593289 0.0681545 0.367063 0.00106522
10 0.454855 0.621618 0.107766 0.446218 0.00103079
