11 0.462147 0.700468 0.449227 0.467027 0.812259
7 0.531446 0.435471 0.101626 0.162112 0.123637
11 0.782359 0.358221 0.080693 0.0473254 0.0296826
6 0.374462 0.583568 0.252783 0.531883 0.0204197
6 0.34293 0.515567 0.174999 0.381288 0.012182
7 0.359554 0.549096 0.206779 0.449735 0.00556017
6 0.455192 0.594027 0.216869 0.510859 0.00469653
10 0.459841 0.697513 0.43617 0.45917 0.00436974
10 0.354262 0.572566 0.200099 0.370134 0.00380919
7 0.564519 0.431946 0.0423407 0.146437 0.00378438
2 0.346364 0.536504 0.177606 0.425971 0.00367903
7 0.36056 0.422179 0.0833763 0.191457 0.0021504
11 0.442265 0.62608 0.371886 0.305245 0.00210478
11 0.38502 0.566493 0.25298 0.403746 0.00180337
10 0.445833 0.591974 0.213481 0.527746 0.00150548
6 0.471261 0.55849 0.348709 0.455503 0.00103248
11 0.527239 0.803239 0.33671 0.246722 0.00100238
