10 0.867374 0.747649 0.223134 0.435747 0.841127
10 0.459759 0.666566 0.159253 0.320451 0.810106
10 0.593339 0.677754 0.15545 0.317424 0.808169
10 0.716043 0.694181 0.191357 0.387256 0.735483
10 0.263394 0.647031 0.145978 0.21136 0.57845
10 0.961513 0.63027 0.0672404 0.203937 0.154762
10 0.965561 0.591272 0.0597102 0.126394 0.0825706
10 0.956494 0.680995 0.0764579 0.305201 0.0705605
10 0.776318 0.562523 0.115962 0.08789 0.0569925
10 0.525794 0.545063 0.0770833 0.0723324 0.0431606
11 0.13185 0.788016 0.229568 0.261238 0.0296833
10 0.0800007 0.55551 0.138121 0.0660206 0.0253033
10 0.112655 0.536949 0.193609 0.0955222 0.0171636
10 0.938764 0.735002 0.0975532 0.398154 0.016799
9 0.102738 0.600312 0.183414 0.0731485 0.0109523
10 0.153657 0.565554 0.266113 0.0854012 0.00925574
4 0.103289 0.596304 0.186144 0.07029 0.00850588
10 0.116616 0.584802 0.183948 0.0804756 0.00839009
10 0.18999 0.581691 0.315464 0.094862 0.00763379
6 0.134209 0.790704 0.228838 0.266701 0.00687207
10 0.830964 0.549385 0.108542 0.0758633 0.00663288
10 0.938328 0.595014 0.118537 0.133724 0.00653319
10 0.969929 0.660751 0.0506257 0.243398 0.00517746
10 0.196775 0.614195 0.30528 0.149248 0.00511568
10 0.126701 0.557116 0.198814 0.0510003 0.00450763
10 0.251907 0.612301 0.124162 0.134731 0.00407751
10 0.108497 0.517598 0.176733 0.076735 0.00389931
10 0.820383 0.532818 0.0992683 0.0522297 0.003668
10 0.530493 0.576297 0.0996914 0.138279 0.00312773
10 0.766534 0.556636 0.193747 0.109081 0.00283496
10 0.363233 0.755443 0.503053 0.463055 0.00277033
10 0.219481 0.647453 0.190779 0.194613 0.00272994
6 0.322736 0.69627 0.0960587 0.118477 0.00272798
10 0.840239 0.538671 0.0888668 0.0542915 0.00251381
9 0.0987934 0.579673 0.175056 0.0851129 0.00196961
10 0.181031 0.557689 0.0912632 0.0536012 0.00195945
10 0.261712 0.572876 0.130664 0.0677803 0.00180923
10 0.0867073 0.571003 0.153085 0.0787942 0.00168591
10 0.0767111 0.515514 0.112125 0.0702262 0.00161137
6 0.245653 0.698834 0.0954278 0.105886 0.00160153
10 0.202427 0.566354 0.158105 0.0673827 0.00157949
10 0.668504 0.681789 0.177916 0.351566 0.00156214
10 0.798127 0.535039 0.104946 0.0620341 0.00143889
10 0.131702 0.788844 0.236655 0.261569 0.00132113
10 0.819817 0.55206 0.249155 0.0950087 0.00119748
10 0.564925 0.545768 0.144004 0.0711501 0.00112922
10 0.173776 0.570328 0.105197 0.0714097 0.00109954
11 0.338724 0.671467 0.185822 0.132859 0.00100102
