0 0.272126 0.731112 0.177447 0.423628 0.892966
0 0.531022 0.751901 0.323777 0.466262 0.831101
0 0.793429 0.675371 0.394783 0.446519 0.639177
0 0.716392 0.677799 0.228445 0.449999 0.224658
0 0.578447 0.567589 0.101267 0.109743 0.0117227
0 0.879088 0.701143 0.235065 0.380045 0.00965786
0 0.465568 0.732554 0.175835 0.401552 0.00922849
6 0.0805753 0.821545 0.146325 0.297682 0.00901766
0 0.631418 0.703981 0.55243 0.501824 0.00741247
0 0.764681 0.540107 0.107245 0.177051 0.00587957
7 0.0792865 0.810653 0.143962 0.277452 0.00277856
1 0.0799857 0.81303 0.145783 0.280293 0.00256362
0 0.753025 0.572882 0.11259 0.109869 0.00214194
11 0.131216 0.930892 0.2412 0.123527 0.00188507
9 0.0799857 0.81303 0.145783 0.280293 0.0018761
0 0.412269 0.738812 0.159024 0.407023 0.0014904
0 0.310002 0.731077 0.108689 0.415071 0.00123849
