3 0.640013 0.654034 0.221501 0.237816 0.903489
4 0.777474 0.708692 0.0834573 0.0943889 0.576647
4 0.922182 0.709547 0.115817 0.110836 0.431285
4 0.90364 0.710636 0.0794868 0.0842465 0.0675521
10 0.774416 0.710917 0.0716113 0.0927949 0.0121117
11 0.164463 0.824228 0.123785 0.0495115 0.0093884
4 0.132267 0.70055 0.0793085 0.0599611 0.00888199
4 0.179582 0.69826 0.100193 0.0557899 0.00778468
3 0.778507 0.708172 0.0836817 0.091847 0.00699775
6 0.13348 0.701476 0.0757113 0.0485119 0.00689404
10 0.753042 0.715872 0.0265213 0.0924659 0.0059301
4 0.204303 0.699126 0.0919069 0.0556516 0.00558084
4 0.940112 0.694721 0.0919753 0.0895623 0.00504231
4 0.257477 0.702725 0.079081 0.0491129 0.00354514
11 0.180971 0.699273 0.100478 0.0515851 0.00293242
6 0.153668 0.702034 0.0893321 0.0470815 0.00283104
6 0.92059 0.701056 0.105922 0.0943423 0.00247566
1 0.778507 0.708172 0.0836817 0.091847 0.00230563
11 0.153668 0.702034 0.0893321 0.0470815 0.00190173
6 0.942894 0.718887 0.0924582 0.0955921 0.00165194
11 0.13348 0.701476 0.0757113 0.0485119 0.00156254
6 0.778357 0.708998 0.0803339 0.0938123 0.00153285
4 0.202498 0.699915 0.0642743 0.0469778 0.00153235
4 0.153668 0.702034 0.0893321 0.0470815 0.00152426
6 0.936179 0.695434 0.0718096 0.0798517 0.00144319
6 0.197251 0.693886 0.0856576 0.0496888 0.00141823
6 0.148106 0.702512 0.0419244 0.0460241 0.00134377
11 0.210171 0.7002 0.0663456 0.0466771 0.00128239
11 0.148106 0.702512 0.0419244 0.0460241 0.00122199
11 0.778357 0.708998 0.0803339 0.0938123 0.00108641
