4 0.47628 0.537339 0.944678 0.901274 0.845435
8 0.539106 0.361619 0.20594 0.307611 0.159404
8 0.531073 0.321931 0.153478 0.215726 0.0470802
2 0.0516454 0.680418 0.0963314 0.329114 0.0257258
3 0.495125 0.530014 0.95832 0.903762 0.0128547
7 0.0524611 0.679972 0.0952276 0.330752 0.0100382
4 0.0520166 0.682615 0.0956285 0.330009 0.00531751
4 0.123931 0.113575 0.233903 0.117873 0.0048608
8 0.523981 0.316284 0.107643 0.176098 0.0019306
5 0.536025 0.361733 0.21156 0.308376 0.00173499
9 0.490187 0.537048 0.980375 0.912372 0.00138747
6 0.490187 0.537048 0.980375 0.912372 0.00112626
