6 0.71672 0.833548 0.106885 0.233821 0.869007
6 0.83412 0.81169 0.127687 0.228659 0.719999
11 0.674451 0.819332 0.242347 0.228459 0.611639
10 0.818885 0.75563 0.118217 0.330024 0.584883
6 0.726519 0.818134 0.349508 0.229737 0.123906
11 0.626958 0.788125 0.146269 0.174116 0.0166542
11 0.603123 0.802362 0.0942404 0.195158 0.00959252
11 0.683422 0.764259 0.159078 0.14762 0.00589146
10 0.847346 0.806517 0.114248 0.223081 0.0049808
6 0.86287 0.80545 0.0906251 0.231063 0.00467935
10 0.674451 0.819332 0.242347 0.228459 0.0034852
10 0.788446 0.732788 0.0502045 0.205326 0.00301026
10 0.834115 0.711676 0.112276 0.240834 0.00284845
11 0.708896 0.831705 0.12509 0.238036 0.00277634
6 0.699013 0.705619 0.0358703 0.0412144 0.00247736
7 0.699013 0.705619 0.0358703 0.0412144 0.0024415
7 0.685006 0.7089 0.0349008 0.0399516 0.00242668
2 0.699704 0.706111 0.0319342 0.0417007 0.00229559
6 0.698395 0.806999 0.18957 0.221586 0.0021444
10 0.763815 0.75605 0.238614 0.327258 0.00202175
6 0.246542 0.542027 0.103429 0.114039 0.00198991
0 0.15379 0.963167 0.130025 0.0709341 0.00198164
6 0.694186 0.701182 0.0563781 0.048518 0.00185927
10 0.78861 0.721371 0.0443279 0.0805093 0.00181409
10 0.790486 0.780202 0.0581085 0.209789 0.00146485
6 0.651103 0.814902 0.122323 0.23668 0.00136556
6 0.681661 0.769588 0.133557 0.133292 0.00132452
11 0.693102 0.705333 0.0617458 0.0437761 0.0011899
11 0.683125 0.720807 0.110519 0.0666068 0.00113394
