8 0.608528 0.601058 0.717222 0.564654 0.826428
8 0.306187 0.280551 0.479968 0.358048 0.412746
8 0.170574 0.396018 0.320959 0.241381 0.257207
8 0.795255 0.679439 0.378792 0.581806 0.0248908
8 0.379357 0.324076 0.326134 0.444666 0.00608578
8 0.443603 0.284808 0.197414 0.339746 0.00513896
8 0.459584 0.612949 0.411207 0.511624 0.00404977
10 0.618252 0.465197 0.701223 0.859467 0.00320551
8 0.282418 0.471646 0.528119 0.746051 0.00278366
8 0.0333737 0.498754 0.0625665 0.156816 0.00148609
10 0.459301 0.446878 0.40518 0.745902 0.00123327
8 0.486214 0.234004 0.305082 0.419197 0.00119461
