4 0.556073 0.748843 0.234245 0.243986 0.905328
4 0.396056 0.709771 0.133364 0.176505 0.873196
4 0.820692 0.685891 0.154854 0.11713 0.873109
4 0.213048 0.660018 0.043069 0.0558435 0.586049
4 0.182361 0.653578 0.0366891 0.0456105 0.159351
4 0.211554 0.644716 0.0492207 0.0782799 0.100145
4 0.267615 0.638459 0.0336281 0.0334619 0.0504224
4 0.186476 0.645755 0.0427947 0.0650117 0.0260984
4 0.196778 0.655655 0.0487019 0.0466411 0.0158751
4 0.274981 0.635422 0.0432603 0.0328481 0.0104044
4 0.214546 0.633662 0.0640507 0.0898998 0.0065587
4 0.562023 0.622908 0.0213189 0.0354766 0.00588892
4 0.257171 0.636178 0.0261603 0.0367537 0.00523105
5 0.396869 0.708531 0.134472 0.177245 0.00312793
5 0.820692 0.685891 0.154854 0.11713 0.00258606
10 0.637432 0.631254 0.0174335 0.051113 0.00195803
4 0.171904 0.648337 0.0317864 0.0478387 0.00185939
10 0.417894 0.616909 0.0374483 0.0493153 0.00174505
4 0.244388 0.639559 0.0331139 0.0365356 0.00172265
4 0.173783 0.656525 0.0397126 0.042551 0.00161827
10 0.559788 0.620212 0.0245101 0.0398482 0.00156056
4 0.255458 0.648895 0.0536556 0.0413535 0.00145848
10 0.437542 0.632123 0.0305479 0.0429068 0.00127299
4 0.179501 0.661422 0.0302426 0.0407961 0.00124624
10 0.393065 0.624604 0.0377504 0.0350782 0.00118265
10 0.257171 0.636178 0.0261603 0.0367537 0.001049
