10 0.660792 0.515925 0.221036 0.926535 0.890535
10 0.877809 0.498709 0.229437 0.961115 0.874018
6 0.4202 0.598782 0.195754 0.436485 0.855081
10 0.250984 0.537758 0.138415 0.890916 0.848371
10 0.0975247 0.499256 0.157225 0.957614 0.749622
11 0.549426 0.613893 0.0970767 0.256986 0.1825
6 0.429685 0.276676 0.170298 0.274752 0.112786
11 0.513444 0.609759 0.17666 0.267065 0.0163854
10 0.738033 0.436484 0.11259 0.680149 0.00772644
10 0.424656 0.353683 0.187803 0.434781 0.00759411
11 0.534085 0.92247 0.419723 0.129261 0.00592013
11 0.577091 0.595315 0.144738 0.21966 0.00546913
11 0.29859 0.658042 0.0841369 0.269641 0.00442769
10 0.72416 0.278333 0.0696661 0.216553 0.00438056
10 0.424524 0.278705 0.167245 0.282028 0.00277762
10 0.707509 0.447502 0.11701 0.768756 0.00263743
11 0.282265 0.586325 0.0885095 0.416604 0.00191293
11 0.599393 0.620108 0.1182 0.303039 0.00154073
10 0.607714 0.438622 0.10938 0.744117 0.00104983
