10 0.892392 0.632682 0.206318 0.702636 0.884896
10 0.436871 0.525819 0.133715 0.207499 0.794258
10 0.537413 0.505704 0.134121 0.261175 0.703522
11 0.324422 0.785489 0.62818 0.392945 0.658757
10 0.538586 0.673196 0.136018 0.598309 0.436802
10 0.260275 0.478792 0.25845 0.854027 0.387391
10 0.315854 0.646081 0.130625 0.666594 0.184503
10 0.431315 0.699252 0.144697 0.563113 0.122798
10 0.36461 0.699983 0.223338 0.56848 0.106617
10 0.569266 0.676801 0.220072 0.646398 0.0507948
10 0.311235 0.475359 0.121476 0.331054 0.0136879
11 0.611172 0.649214 0.494846 0.156449 0.0131578
11 0.508349 0.77592 0.790236 0.40477 0.0127193
6 0.495972 0.773379 0.243139 0.444384 0.0126209
10 0.93764 0.600091 0.114989 0.636289 0.00732652
11 0.262411 0.66619 0.461912 0.156601 0.00293011
10 0.865083 0.702175 0.144305 0.558469 0.00238164
10 0.497425 0.697784 0.299751 0.604433 0.00218583
10 0.373794 0.489489 0.451224 0.87829 0.00205672
11 0.581624 0.763809 0.443625 0.385544 0.0017049
11 0.835721 0.507137 0.133668 0.185072 0.00156136
10 0.339407 0.787306 0.655552 0.395343 0.00149938
10 0.0518543 0.489263 0.0870084 0.949429 0.00143025
6 0.179823 0.775636 0.359646 0.448728 0.00139815
11 0.954893 0.795306 0.0817608 0.383873 0.0013622
6 0.944754 0.677539 0.0972549 0.308151 0.0011906
