4 0.49917 0.582628 0.953349 0.805054 0.571923
2 0.755393 0.310755 0.120617 0.226619 0.375285
11 0.503031 0.576348 0.959177 0.794839 0.334983
7 0.753925 0.308582 0.122945 0.227011 0.142792
2 0.665941 0.282905 0.0648671 0.183875 0.0784421
2 0.298759 0.856826 0.303556 0.266485 0.0653065
2 0.107867 0.739336 0.169782 0.182344 0.0359745
4 0.311107 0.32737 0.610693 0.437433 0.0299049
2 0.549397 0.8288 0.162643 0.193629 0.0267531
2 0.889666 0.2888 0.079364 0.214341 0.0149358
2 0.707657 0.282866 0.153738 0.193584 0.0132653
2 0.110294 0.740845 0.0666284 0.134501 0.0131025
7 0.549397 0.8288 0.162643 0.193629 0.00916435
2 0.579185 0.840317 0.0976939 0.185356 0.00808708
2 0.826406 0.45751 0.114193 0.114545 0.00703275
4 0.370431 0.434456 0.734552 0.650906 0.00476691
7 0.294195 0.858369 0.29454 0.259936 0.00435791
6 0.316359 0.154144 0.0971005 0.0954929 0.00417022
7 0.826088 0.46003 0.106732 0.108922 0.0040553
2 0.558414 0.779944 0.207003 0.315409 0.00395902
7 0.670572 0.283643 0.0752367 0.188657 0.00339849
7 0.707657 0.282866 0.153738 0.193584 0.00234462
6 0.878298 0.050598 0.243404 0.0901222 0.00224869
4 0.872516 0.053932 0.248607 0.0923646 0.00210277
4 0.170168 0.32367 0.331545 0.429684 0.00206861
11 0.174187 0.17394 0.348012 0.13352 0.00205958
11 0.815399 0.254245 0.353875 0.339861 0.0018911
7 0.507042 0.821543 0.279725 0.216902 0.00187586
2 0.818767 0.442388 0.0917803 0.0774507 0.0018394
2 0.833728 0.320945 0.0944946 0.178966 0.0016848
6 0.045249 0.352923 0.0857754 0.186902 0.00159278
2 0.149892 0.809966 0.26987 0.329063 0.00154754
7 0.580077 0.836189 0.261925 0.206181 0.00152688
7 0.818767 0.442388 0.0917803 0.0774507 0.00149858
11 0.80461 0.383651 0.369817 0.61002 0.00140554
7 0.558414 0.779944 0.207003 0.315409 0.00139572
2 0.138844 0.743372 0.09137 0.151378 0.00129338
2 0.044821 0.442974 0.0840322 0.200419 0.00118262
6 0.327626 0.149034 0.0652246 0.0807153 0.00112463
11 0.501667 0.838454 0.925406 0.303452 0.00107067
