11 0.658291 0.716158 0.409994 0.500771 0.86427
6 0.808791 0.737461 0.358471 0.453014 0.0367175
11 0.505048 0.529785 0.383959 0.208654 0.0169979
6 0.279122 0.576302 0.133228 0.292703 0.0164952
6 0.621779 0.632053 0.27431 0.484037 0.0111996
6 0.73343 0.697651 0.24865 0.460877 0.00590409
6 0.656525 0.716943 0.413545 0.494965 0.00511266
6 0.262344 0.538621 0.113277 0.222004 0.00465884
6 0.63653 0.745354 0.250835 0.446701 0.00379462
11 0.671594 0.540049 0.446063 0.158834 0.00379195
6 0.332099 0.591922 0.221479 0.313086 0.00348859
11 0.494402 0.615096 0.34662 0.29642 0.00306355
11 0.367734 0.68588 0.219768 0.338551 0.00285414
6 0.904069 0.72806 0.177699 0.417833 0.0028521
11 0.449698 0.700471 0.283902 0.368904 0.00281266
11 0.37116 0.610743 0.191497 0.266632 0.00251879
11 0.467244 0.521014 0.285843 0.139704 0.00240752
6 0.571216 0.684459 0.224663 0.458814 0.00198248
6 0.837335 0.702532 0.212395 0.396013 0.00193955
10 0.658402 0.715867 0.407114 0.498754 0.00183579
6 0.511288 0.749447 0.135398 0.377322 0.00179063
11 0.455495 0.560936 0.253979 0.179412 0.00173971
11 0.631877 0.808803 0.251615 0.315656 0.00145744
11 0.398733 0.572863 0.163224 0.199538 0.00130197
6 0.0841992 0.574638 0.138898 0.137867 0.00109751
6 0.67797 0.663109 0.280205 0.54051 0.00107117
11 0.588199 0.679218 0.692703 0.480824 0.00102492
