4 0.709082 0.376509 0.345469 0.445655 0.908216
10 0.205307 0.525483 0.346794 0.918654 0.903951
4 0.954904 0.200973 0.0870001 0.10169 0.769564
10 0.873767 0.246186 0.0654975 0.231002 0.758415
10 0.435349 0.222188 0.0610762 0.160219 0.701861
4 0.615672 0.176771 0.113131 0.0763517 0.521253
4 0.913193 0.181411 0.0593734 0.0726017 0.370538
10 0.580058 0.178653 0.0335479 0.0780422 0.146715
10 0.790779 0.150608 0.0287833 0.0532551 0.138981
10 0.716893 0.15173 0.0340694 0.0496502 0.133904
4 0.634953 0.178123 0.0780959 0.064897 0.10084
10 0.589561 0.178653 0.0566599 0.0762075 0.0910023
10 0.7472 0.150033 0.0249004 0.0414279 0.062172
4 0.936648 0.184819 0.0803613 0.0747481 0.0396699
4 0.404788 0.182898 0.048453 0.113439 0.0353792
9 0.583561 0.183044 0.0360554 0.0763762 0.029469
10 0.577872 0.181683 0.0558861 0.0681706 0.0289698
9 0.479997 0.192838 0.0867928 0.0897931 0.0270657
10 0.774916 0.140629 0.0677338 0.0672753 0.0207646
9 0.499245 0.198541 0.0713826 0.082433 0.0195414
10 0.757321 0.149386 0.0437075 0.0446098 0.0165602
9 0.577389 0.183915 0.0565876 0.067854 0.01538
9 0.589561 0.178653 0.0566599 0.0762075 0.014358
4 0.403754 0.153755 0.0474729 0.056547 0.0137404
9 0.610959 0.176646 0.107026 0.0774016 0.011687
10 0.785396 0.138342 0.0427721 0.0633184 0.0112569
10 0.79768 0.15451 0.0439482 0.0604362 0.0104262
9 0.956709 0.210408 0.0818458 0.0997186 0.0103265
10 0.508255 0.178326 0.0458653 0.0877009 0.00939443
4 0.522183 0.173104 0.069039 0.0806582 0.00922566
4 0.759351 0.147407 0.0455529 0.0463572 0.00851786
10 0.500342 0.165201 0.0385036 0.089509 0.00838111
10 0.496088 0.17887 0.0556534 0.0930046 0.00823191
4 0.577389 0.183915 0.0565876 0.067854 0.00743134
10 0.699874 0.151448 0.0190348 0.0514704 0.00717175
10 0.794153 0.144785 0.0726745 0.0604292 0.00679085
4 0.770727 0.142452 0.0694605 0.0662182 0.00674094
10 0.717364 0.13717 0.0352807 0.0569085 0.0060424
10 0.489544 0.160955 0.0401173 0.0764589 0.00580996
9 0.510111 0.190973 0.0630022 0.0653599 0.00574104
10 0.610911 0.178088 0.108876 0.0767737 0.00542564
4 0.517567 0.187756 0.0564816 0.055915 0.00541259
4 0.483252 0.187637 0.0936608 0.0983785 0.00466533
4 0.589561 0.178653 0.0566599 0.0762075 0.00437469
10 0.7675 0.136914 0.039505 0.059961 0.00431862
4 0.959834 0.173092 0.0702191 0.0490427 0.00421627
0 0.864596 0.27179 0.0813011 0.181948 0.00378652
10 0.989009 0.132005 0.0159574 0.0572616 0.0032072
3 0.954856 0.197355 0.0868653 0.0931273 0.00297294
0 0.47691 0.184377 0.0851321 0.0922876 0.00270833
5 0.634953 0.178123 0.0780959 0.064897 0.00268722
10 0.840543 0.160377 0.0413148 0.0669461 0.00266565
4 0.473974 0.168114 0.065197 0.0737562 0.00260912
5 0.955256 0.202647 0.0837701 0.102642 0.00259973
0 0.505956 0.190084 0.0627436 0.0823452 0.00238935
10 0.982055 0.136528 0.0222894 0.0418132 0.00234982
10 0.728818 0.133233 0.0359927 0.062657 0.00229821
4 0.580974 0.183758 0.0347138 0.0742826 0.00220985
10 0.844969 0.163302 0.0254462 0.0629787 0.00217258
11 0.954856 0.197355 0.0868653 0.0931273 0.00217008
10 0.819966 0.159212 0.0401179 0.0563401 0.00207021
11 0.610959 0.176646 0.107026 0.0774016 0.0020294
5 0.615672 0.176771 0.113131 0.0763517 0.00193986
10 0.747328 0.134835 0.0262691 0.058171 0.00173483
10 0.40681 0.183278 0.05229 0.112224 0.00173258
4 0.456709 0.17281 0.0842884 0.0726682 0.00164005
4 0.736823 0.149999 0.0458373 0.0586654 0.00154131
10 0.840842 0.16652 0.0961468 0.0857516 0.00152685
10 0.971168 0.141899 0.0334503 0.040101 0.00144959
10 0.47691 0.184377 0.0851321 0.0922876 0.00133489
6 0.51362 0.17491 0.0574144 0.0844797 0.00130374
10 0.954904 0.200973 0.0870001 0.10169 0.00123144
9 0.774916 0.140629 0.0677338 0.0672753 0.0011959
10 0.703332 0.159385 0.0292777 0.0534631 0.00116815
6 0.604775 0.176862 0.0912623 0.0775408 0.00113604
5 0.708035 0.37428 0.34573 0.448032 0.00113106
10 0.597405 0.159731 0.0745816 0.0748358 0.00109025
10 0.630242 0.176883 0.087256 0.0644727 0.00103026
