7 0.323991 0.468878 0.152164 0.128775 0.725794
2 0.0991707 0.480909 0.191861 0.114742 0.562985
2 0.681338 0.400488 0.57989 0.775956 0.549568
2 0.142464 0.478215 0.0718624 0.120356 0.355561
2 0.0676588 0.487618 0.127139 0.0987146 0.340656
2 0.0393436 0.489475 0.0710415 0.0947994 0.237111
2 0.0186794 0.409995 0.0373588 0.0399405 0.230538
2 0.178233 0.478625 0.0558573 0.119863 0.112868
2 0.895691 0.408828 0.18845 0.722772 0.0962489
3 0.683746 0.394006 0.57886 0.769827 0.0958306
2 0.930009 0.198975 0.0975819 0.391367 0.0392041
2 0.968825 0.509902 0.0601269 0.502952 0.0388637
2 0.512607 0.397014 0.234049 0.772873 0.0283101
11 0.496122 0.770129 0.977161 0.424799 0.0255395
2 0.0223432 0.346959 0.0385189 0.057731 0.0177267
2 0.927288 0.35616 0.118556 0.694597 0.0151471
2 0.0921259 0.488347 0.0670343 0.0961458 0.0143524
7 0.677185 0.412516 0.590641 0.806736 0.0128082
2 0.955061 0.48554 0.0830907 0.417694 0.012315
2 0.886637 0.495599 0.188427 0.465341 0.00959418
2 0.0212001 0.487255 0.0405143 0.0978338 0.00934172
2 0.324189 0.468853 0.151019 0.128137 0.00778144
2 0.0193014 0.455551 0.0386028 0.130404 0.00745516
2 0.952319 0.433291 0.0640917 0.307779 0.00628319
2 0.120798 0.478942 0.0656863 0.121616 0.00448577
2 0.0167637 0.425964 0.0335274 0.0748654 0.00426991
2 0.352674 0.551246 0.173145 0.0445358 0.00413161
2 0.281437 0.468646 0.0689209 0.121709 0.00303484
7 0.931261 0.243101 0.0948569 0.486203 0.00235827
2 0.0696539 0.349238 0.0464616 0.0598039 0.00213106
7 0.285892 0.465131 0.0822169 0.127337 0.00206228
11 0.505036 0.634749 0.989928 0.325443 0.00203771
2 0.735758 0.670053 0.528483 0.215098 0.00136962
2 0.0653401 0.486105 0.0710898 0.0956421 0.00131789
2 0.0107481 0.455397 0.0214962 0.133879 0.00123499
2 0.511016 0.541632 0.176291 0.427048 0.0011072
2 0.958704 0.292387 0.0755277 0.584773 0.00101481
2 0.922765 0.103013 0.0890194 0.206027 0.00101445
