9 0.747487 0.714155 0.202313 0.267651 0.899999
10 0.129717 0.615593 0.0483878 0.145597 0.813031
0 0.541238 0.657235 0.109207 0.165642 0.797026
9 0.54057 0.656644 0.110219 0.161573 0.518015
9 0.364251 0.628574 0.103721 0.0697358 0.373252
9 0.348226 0.622281 0.0753903 0.0537689 0.234985
0 0.0715933 0.629116 0.042059 0.0597903 0.208116
9 0.384178 0.627108 0.0739422 0.0816811 0.103959
0 0.364251 0.628574 0.103721 0.0697358 0.0736578
0 0.384178 0.627108 0.0739422 0.0816811 0.0557797
0 0.348226 0.622281 0.0753903 0.0537689 0.0213535
9 0.0680486 0.630724 0.0481387 0.0584618 0.00954837
0 0.127471 0.649876 0.0403019 0.0768257 0.00912466
2 0.700135 0.302362 0.172998 0.160961 0.00668526
9 0.0535133 0.626096 0.0761967 0.0622429 0.00661938
9 0.332553 0.618858 0.0566072 0.0445012 0.00575391
0 0.0535133 0.626096 0.0761967 0.0622429 0.00563218
10 0.231875 0.584795 0.0303264 0.0332247 0.00465332
4 0.337881 0.621593 0.062999 0.0466395 0.0043747
4 0.381422 0.627952 0.0808124 0.0768172 0.0037523
2 0.645716 0.332477 0.266591 0.188152 0.00308259
4 0.0709163 0.629515 0.0415418 0.0578776 0.00301486
10 0.2434 0.585379 0.0238956 0.0346319 0.00299103
10 0.223402 0.585718 0.0290388 0.0300705 0.00224797
10 0.739951 0.543378 0.0407917 0.0696916 0.00150361
8 0.541183 0.656592 0.109119 0.162261 0.0011821
0 0.747652 0.714386 0.201728 0.267997 0.00118142
10 0.0274493 0.610316 0.0336839 0.14991 0.00115223
11 0.13032 0.615905 0.0502826 0.143224 0.00114718
10 0.229567 0.582303 0.046024 0.03694 0.00106746
