4 0.813208 0.485247 0.0972895 0.0590923 0.912327
4 0.940583 0.536389 0.110472 0.11135 0.845519
10 0.611785 0.553187 0.073509 0.179555 0.818334
9 0.240593 0.738297 0.330187 0.297139 0.803391
4 0.212361 0.53037 0.239654 0.111468 0.785389
4 0.699276 0.496185 0.125126 0.064542 0.772955
10 0.201861 0.679384 0.201872 0.394777 0.733365
4 0.898863 0.482946 0.0905166 0.0629158 0.698057
4 0.559053 0.493341 0.0951236 0.0685227 0.505751
3 0.947062 0.448148 0.0701301 0.0602819 0.436008
4 0.438345 0.534658 0.27949 0.123043 0.309357
4 0.293423 0.524852 0.0729459 0.0838261 0.0665599
4 0.167948 0.535342 0.14962 0.0992564 0.0384755
4 0.25713 0.523794 0.13925 0.0845292 0.0379084
4 0.593092 0.490192 0.158443 0.0733416 0.0359584
4 0.663704 0.49717 0.202698 0.0676422 0.0348627
4 0.323673 0.499432 0.0991176 0.0437227 0.0343932
4 0.951203 0.447794 0.0761441 0.0643627 0.025375
10 0.237479 0.483316 0.0321707 0.0342823 0.0149001
4 0.471208 0.507234 0.07794 0.0399812 0.00925019
4 0.282161 0.518567 0.052533 0.0719154 0.00775779
4 0.306229 0.507611 0.0933486 0.0576792 0.00745887
4 0.532584 0.49453 0.114989 0.0558246 0.00699178
4 0.51993 0.4866 0.0957546 0.046575 0.00609249
10 0.237239 0.491896 0.0366396 0.0508875 0.00574896
4 0.206861 0.516751 0.158279 0.0856687 0.0057469
9 0.200877 0.680944 0.21514 0.402533 0.00543626
0 0.296852 0.526374 0.0721322 0.0794463 0.00432733
4 0.191004 0.497052 0.0742992 0.0576702 0.00428441
4 0.338458 0.493609 0.0783464 0.034758 0.00384981
4 0.207077 0.498748 0.104607 0.0669312 0.00377613
8 0.2033 0.678448 0.20392 0.388543 0.0035548
4 0.505879 0.484885 0.0677999 0.0368502 0.00344998
10 0.294357 0.525024 0.0715208 0.0846237 0.00338896
5 0.940583 0.536389 0.110472 0.11135 0.00325888
5 0.70616 0.495625 0.119167 0.0633221 0.00324903
4 0.610228 0.480923 0.0720711 0.0482746 0.00313207
4 0.747079 0.483815 0.166151 0.0626854 0.00308627
4 0.211255 0.486838 0.0903283 0.0440856 0.00252182
0 0.244662 0.739331 0.335009 0.294716 0.00236588
5 0.904517 0.48286 0.103431 0.062202 0.00233459
4 0.488522 0.503175 0.0805107 0.0392993 0.00226288
4 0.567468 0.482666 0.0918828 0.0527336 0.00225694
9 0.295089 0.525239 0.0762737 0.082028 0.00221322
9 0.19939 0.720764 0.24212 0.239649 0.00219366
10 0.236221 0.512698 0.0630157 0.0885065 0.00212424
9 0.322962 0.737538 0.19143 0.285159 0.00199586
4 0.175643 0.512118 0.105751 0.0726343 0.00195889
4 0.938297 0.471938 0.0813541 0.0651445 0.00193318
3 0.965401 0.446338 0.062133 0.055488 0.00191291
5 0.213349 0.528301 0.236379 0.110075 0.00187742
4 0.838023 0.481157 0.0440181 0.0493873 0.00146463
5 0.813208 0.485247 0.0972895 0.0590923 0.00125758
4 0.679576 0.489168 0.114249 0.0613096 0.00124796
5 0.471019 0.507764 0.0772041 0.0405728 0.00119466
5 0.25713 0.523794 0.13925 0.0845292 0.00110049
4 0.628722 0.51347 0.205935 0.099095 0.00109054
10 0.981821 0.468903 0.0299213 0.0370033 0.0010685
4 0.74452 0.486676 0.0790237 0.0551058 0.0010566
4 0.765209 0.486378 0.0817341 0.0568124 0.00105069
1 0.437969 0.535814 0.276505 0.124784 0.00102733
