9 0.686948 0.862293 0.577763 0.262673 0.858062
10 0.66387 0.809618 0.241586 0.3461 0.840838
4 0.0467847 0.694946 0.0883478 0.0955729 0.712006
10 0.803675 0.679846 0.0978704 0.151876 0.30327
10 0.583568 0.719806 0.137273 0.15026 0.22138
4 0.304777 0.685332 0.154271 0.105338 0.121328
4 0.437388 0.674335 0.187818 0.130718 0.0784056
4 0.582784 0.720407 0.13923 0.156441 0.0422605
6 0.554491 0.113241 0.16139 0.210366 0.027831
9 0.859674 0.708383 0.160414 0.157531 0.021619
10 0.891538 0.71251 0.0936246 0.154528 0.0195318
9 0.890048 0.71248 0.0998632 0.155753 0.0147295
10 0.581669 0.822411 0.185308 0.355179 0.0141916
4 0.680257 0.668785 0.335693 0.121416 0.0129818
9 0.777723 0.913233 0.41773 0.159558 0.0119638
9 0.652709 0.811148 0.259117 0.349042 0.0107427
9 0.616418 0.816413 0.427051 0.348962 0.0098148
9 0.816715 0.68695 0.123386 0.173167 0.00779059
4 0.662459 0.718619 0.298732 0.171036 0.00740876
9 0.498041 0.784306 0.142955 0.191993 0.00690413
4 0.120129 0.683533 0.166625 0.109728 0.00371085
0 0.949633 0.697482 0.0659161 0.0939736 0.00367911
4 0.95788 0.68943 0.0788912 0.0952445 0.0031236
9 0.955722 0.703264 0.0545064 0.0841036 0.00258293
9 0.457951 0.785985 0.158472 0.163656 0.0025668
9 0.632081 0.757977 0.638697 0.254568 0.00240578
4 0.515969 0.690091 0.32009 0.147491 0.00226108
4 0.890048 0.71248 0.0998632 0.155753 0.00215339
11 0.700242 0.648725 0.24091 0.065859 0.00213459
5 0.0467847 0.694946 0.0883478 0.0955729 0.00211465
10 0.353341 0.399404 0.0649353 0.115843 0.00208941
4 0.597113 0.783753 0.395748 0.305461 0.00195496
4 0.700666 0.666516 0.21371 0.0829517 0.00189808
4 0.625238 0.682306 0.179625 0.0942805 0.00183431
4 0.514543 0.714614 0.145713 0.102433 0.00144047
4 0.692363 0.650969 0.246515 0.0525062 0.00138672
4 0.606812 0.696211 0.61699 0.151604 0.00128618
10 0.608181 0.718327 0.124773 0.124208 0.00118149
11 0.624713 0.647692 0.228475 0.0549278 0.00116986
9 0.465211 0.765252 0.229835 0.209394 0.00109877
4 0.859674 0.708383 0.160414 0.157531 0.0010922
10 0.494265 0.774535 0.153183 0.247755 0.00106359
4 0.559489 0.684855 0.152998 0.1125 0.00101551
9 0.438928 0.672455 0.184312 0.131926 0.00100216
