10 0.702095 0.834689 0.185441 0.315015 0.849134
10 0.304656 0.816021 0.142081 0.303765 0.845962
10 0.854454 0.835145 0.160475 0.312468 0.831685
10 0.503594 0.733675 0.0899785 0.137159 0.815859
10 0.0783504 0.770425 0.0866972 0.158604 0.80322
10 0.24048 0.772053 0.0893323 0.240784 0.77593
10 0.133891 0.731297 0.081787 0.209266 0.771378
10 0.18207 0.697379 0.0593619 0.123348 0.711413
10 0.405264 0.74616 0.087534 0.108296 0.677907
10 0.435135 0.664366 0.0814136 0.066311 0.626076
10 0.27254 0.665112 0.0407215 0.0469259 0.615841
10 0.779826 0.65319 0.0505141 0.055195 0.32218
10 0.458424 0.663905 0.140679 0.0610738 0.184365
10 0.501508 0.653844 0.0530576 0.0412096 0.184167
10 0.811933 0.653653 0.113413 0.0679924 0.169409
10 0.834922 0.654243 0.0678055 0.0678404 0.15677
10 0.270898 0.67664 0.0450935 0.0635744 0.0358772
10 0.475065 0.684517 0.0500218 0.0440899 0.0344025
10 0.489518 0.674393 0.0637174 0.0570204 0.0310155
10 0.452761 0.67115 0.0514211 0.0579874 0.0289541
10 0.827534 0.666355 0.0830759 0.0932975 0.0284022
10 0.241619 0.674306 0.0389292 0.0526581 0.0265404
10 0.790353 0.829475 0.0873623 0.306031 0.0232485
10 0.489621 0.658771 0.0806216 0.051685 0.0200838
6 0.556916 0.755971 0.0764109 0.0660949 0.0139967
10 0.179892 0.739789 0.0669082 0.212376 0.00914248
2 0.749941 0.870919 0.0502834 0.0558666 0.00786921
10 0.890622 0.786339 0.0807874 0.149846 0.00705329
10 0.779786 0.681398 0.0564231 0.113797 0.00599781
10 0.413807 0.674463 0.0565693 0.0596083 0.00493599
10 0.414197 0.726557 0.0783465 0.0984712 0.00438639
7 0.742981 0.861567 0.0450709 0.0618103 0.00324975
2 0.747574 0.844705 0.0572431 0.101372 0.00311211
7 0.746236 0.876475 0.0429535 0.0528849 0.00293132
10 0.821734 0.843369 0.100819 0.313263 0.00282093
2 0.742981 0.861567 0.0450709 0.0618103 0.00263508
10 0.923338 0.655707 0.0736023 0.13892 0.00261854
10 0.412371 0.690732 0.0647896 0.0677347 0.00257946
9 0.505846 0.744013 0.0895342 0.113634 0.00224938
10 0.811911 0.707929 0.120116 0.151407 0.00202063
10 0.774183 0.804701 0.103657 0.218471 0.00196755
10 0.507536 0.667264 0.0661366 0.0560306 0.0019546
9 0.434758 0.663886 0.0828239 0.0641865 0.00194825
10 0.886973 0.680354 0.0493011 0.0675892 0.00187725
0 0.503777 0.730638 0.0915541 0.136488 0.00185161
10 0.811918 0.677065 0.113864 0.111238 0.00179743
10 0.235072 0.691004 0.0568607 0.079652 0.00173875
6 0.406296 0.746402 0.0970496 0.121058 0.00172357
10 0.437083 0.654146 0.0620974 0.0518019 0.00160744
9 0.40956 0.755387 0.0768097 0.0888209 0.00152457
10 0.402838 0.68246 0.047842 0.0629721 0.00148873
7 0.736306 0.82619 0.0547147 0.137617 0.0014738
10 0.474617 0.695096 0.0556764 0.0556152 0.00145603
10 0.81415 0.730078 0.0454516 0.0489666 0.00144167
10 0.258154 0.690496 0.0755952 0.0748834 0.0014221
7 0.73488 0.827933 0.0778102 0.169228 0.00134293
10 0.0151319 0.777161 0.0256207 0.101344 0.00130529
6 0.0172995 0.770632 0.0282425 0.128394 0.0012842
10 0.404191 0.667359 0.053552 0.052511 0.00125762
10 0.872998 0.7385 0.105129 0.116733 0.00117046
7 0.848425 0.796345 0.0881732 0.144771 0.00107883
10 0.284649 0.691009 0.0512194 0.0594957 0.00103328
10 0.902666 0.768532 0.0588613 0.0905129 0.00100292
