10 0.387121 0.564949 0.211683 0.509688 0.842811
10 0.299697 0.354352 0.127071 0.435754 0.77504
2 0.473439 0.817899 0.0371695 0.159518 0.199258
2 0.506641 0.834019 0.051874 0.11386 0.12525
2 0.478968 0.838841 0.0499994 0.125549 0.0727941
6 0.432971 0.746621 0.542344 0.411668 0.0706236
11 0.472981 0.848688 0.677743 0.247618 0.0624855
7 0.589453 0.859219 0.0541847 0.0913774 0.0467713
11 0.554333 0.822838 0.249838 0.17379 0.0466162
2 0.493568 0.832739 0.0665165 0.136409 0.0451714
11 0.484757 0.925864 0.16206 0.126888 0.0451466
7 0.496815 0.839733 0.0618765 0.115233 0.0240801
2 0.508281 0.796446 0.039789 0.0832166 0.020888
11 0.530629 0.854895 0.231122 0.180441 0.0203892
7 0.508278 0.782702 0.0340764 0.0580128 0.0203776
2 0.466932 0.833122 0.0431299 0.109171 0.0195269
11 0.381943 0.925845 0.38165 0.126425 0.017375
6 0.477948 0.826357 0.615228 0.249798 0.0135905
11 0.0459373 0.832837 0.0853541 0.163664 0.0126196
11 0.585122 0.901598 0.367335 0.168481 0.0113474
2 0.455362 0.854165 0.0463939 0.127776 0.00840427
10 0.447277 0.68155 0.19281 0.280346 0.00773169
2 0.510368 0.781888 0.0301127 0.0547244 0.00717397
6 0.504031 0.749915 0.320527 0.145599 0.00667003
2 0.639459 0.537927 0.0389258 0.115512 0.0065201
6 0.521511 0.788773 0.296561 0.193259 0.00628994
7 0.505212 0.822313 0.0449599 0.134229 0.00620616
11 0.385986 0.821132 0.322062 0.206202 0.00616027
6 0.563412 0.752494 0.224635 0.124675 0.00559848
6 0.391689 0.655847 0.209729 0.328135 0.00450624
6 0.431136 0.691309 0.166008 0.289727 0.00327989
6 0.0630935 0.749097 0.116966 0.432793 0.0032497
7 0.467917 0.81571 0.0395585 0.12909 0.00308558
6 0.484776 0.693499 0.278002 0.27175 0.00299669
2 0.473849 0.77622 0.0326853 0.0909842 0.00223136
10 0.419572 0.731482 0.126906 0.19733 0.00213687
2 0.664856 0.346677 0.0378103 0.0940414 0.00205385
2 0.578999 0.776369 0.073941 0.118008 0.00195725
11 0.603006 0.847834 0.412103 0.244207 0.00191378
7 0.508281 0.796446 0.039789 0.0832166 0.0018685
11 0.609566 0.805797 0.167509 0.208117 0.00177671
11 0.567994 0.780995 0.242713 0.182419 0.00170735
6 0.417247 0.74952 0.112731 0.134231 0.00164073
2 0.57698 0.856988 0.0489084 0.0942438 0.00159908
10 0.497427 0.77137 0.307631 0.238006 0.00150187
7 0.495879 0.788291 0.0452115 0.0704785 0.00126053
2 0.563806 0.783604 0.0427574 0.095318 0.00124764
6 0.569149 0.705769 0.249575 0.232791 0.00123061
7 0.57698 0.856988 0.0489084 0.0942438 0.00121657
10 0.413843 0.711464 0.590435 0.424613 0.00111503
