5 0.26871 0.665374 0.158643 0.227423 0.651879
8 0.387554 0.684743 0.116973 0.163032 0.278093
4 0.318517 0.670434 0.261098 0.223976 0.151978
5 0.37315 0.682602 0.0956479 0.167191 0.100663
5 0.459892 0.594012 0.0613194 0.0748349 0.0920184
8 0.328509 0.668431 0.227164 0.208597 0.0606969
5 0.317805 0.663561 0.246224 0.21775 0.0274009
2 0.214554 0.265465 0.0859409 0.0978126 0.0115261
7 0.268928 0.665646 0.159442 0.227418 0.0105131
8 0.273378 0.666037 0.166904 0.226938 0.00492619
5 0.266589 0.681335 0.10784 0.202067 0.00236583
4 0.267716 0.666686 0.154739 0.225544 0.00179797
5 0.36 0.262571 0.120072 0.168215 0.00122045
2 0.26798 0.664368 0.15598 0.225787 0.00110121
4 0.460536 0.59664 0.0597062 0.0794692 0.00106928
10 0.289386 0.342813 0.0656647 0.108175 0.00103048
