6 0.196334 0.734306 0.263994 0.505273 0.92298
11 0.504696 0.728838 0.674481 0.452344 0.564915
6 0.849349 0.701949 0.28518 0.541087 0.0545064
7 0.632736 0.873976 0.0915457 0.170718 0.0488865
6 0.301769 0.712261 0.187507 0.452263 0.0290127
10 0.904949 0.384166 0.0917596 0.148592 0.0153218
6 0.700672 0.394857 0.0514507 0.0991902 0.00593853
6 0.250796 0.684573 0.250065 0.373475 0.00353079
11 0.337939 0.647387 0.329325 0.295921 0.00250278
7 0.430285 0.57227 0.0292053 0.0367576 0.00205853
10 0.422588 0.518656 0.423148 0.701064 0.00194748
6 0.860477 0.591855 0.264993 0.31462 0.0016909
6 0.688484 0.553644 0.0685804 0.102957 0.00168644
10 0.255079 0.720545 0.248527 0.466265 0.00149381
10 0.504696 0.728838 0.674481 0.452344 0.00113743
7 0.650011 0.789477 0.137562 0.343477 0.00108815
7 0.902229 0.382547 0.0940203 0.143546 0.0010755
