10 0.227551 0.516402 0.240403 0.581487 0.886913
10 0.577011 0.650979 0.142714 0.627816 0.867143
8 0.40171 0.6479 0.129783 0.298983 0.835987
10 0.487304 0.482522 0.158506 0.424565 0.758795
10 0.696558 0.561918 0.0896717 0.362665 0.662214
6 0.236829 0.640908 0.214802 0.312796 0.114428
10 0.381135 0.578125 0.169033 0.397095 0.0102838
6 0.297774 0.635776 0.0867324 0.294822 0.00907963
9 0.686189 0.56032 0.107374 0.369575 0.00488228
2 0.205804 0.338698 0.0403051 0.118427 0.00353938
10 0.310215 0.513918 0.317296 0.559694 0.00243716
2 0.678017 0.583629 0.0662908 0.300311 0.00230477
8 0.354177 0.635297 0.205007 0.298897 0.00198606
2 0.215871 0.322292 0.0459768 0.136913 0.00179827
10 0.712562 0.387921 0.0754264 0.0776668 0.00169106
6 0.242028 0.645921 0.112933 0.283169 0.00151774
6 0.355024 0.584763 0.200536 0.385489 0.001187
10 0.300764 0.502761 0.164917 0.581132 0.00116944
7 0.5794 0.593697 0.0246873 0.0571172 0.00116153
