0 0.755769 0.677539 0.182034 0.19873 0.853082
0 0.320211 0.783418 0.228066 0.227876 0.839555
10 0.342047 0.714248 0.111047 0.220728 0.70419
10 0.779841 0.566388 0.100296 0.283716 0.220372
10 0.650976 0.666709 0.0375906 0.0957288 0.0613541
6 0.475094 0.716953 0.100905 0.116542 0.0496748
6 0.0930836 0.819756 0.178867 0.241162 0.0162625
5 0.597623 0.72722 0.029359 0.0533981 0.00640783
0 0.555461 0.657851 0.0476605 0.0864739 0.00616943
9 0.651359 0.667505 0.0379589 0.0948616 0.00514319
0 0.630055 0.683159 0.085078 0.0936414 0.00507513
0 0.645213 0.673184 0.0497097 0.0902428 0.00460994
4 0.804425 0.489124 0.162411 0.134682 0.00365223
10 0.884531 0.472584 0.0626186 0.105806 0.00317755
10 0.355661 0.7271 0.0908237 0.167585 0.00307292
0 0.577678 0.657344 0.0962376 0.103402 0.00304347
9 0.319617 0.780414 0.226567 0.235561 0.00264079
6 0.0600818 0.154009 0.115656 0.224017 0.00244186
9 0.63527 0.675381 0.0679626 0.107655 0.00231409
4 0.83557 0.507053 0.133772 0.110792 0.00219673
11 0.177861 0.368218 0.286075 0.270428 0.00215661
4 0.855214 0.533053 0.123295 0.12772 0.00210786
0 0.613408 0.693121 0.059211 0.095225 0.002078
4 0.822549 0.481942 0.184267 0.231917 0.00161283
6 0.466462 0.752233 0.123488 0.196087 0.00146208
0 0.82642 0.471301 0.195306 0.208687 0.0013741
10 0.793629 0.500961 0.107865 0.14982 0.00128496
0 0.0898362 0.82097 0.166982 0.234589 0.00120987
0 0.642646 0.691711 0.113597 0.129914 0.0011517
0 0.474869 0.718712 0.100712 0.119755 0.00112306
0 0.546466 0.659859 0.0412155 0.07351 0.00111632
10 0.765635 0.584123 0.113253 0.203117 0.00108374
2 0.380883 0.157712 0.0862064 0.145833 0.00102289
