2 0.732513 0.423811 0.336298 0.460371 0.542882
2 0.293836 0.518036 0.292693 0.289288 0.0827937
6 0.499439 0.624918 0.859429 0.64105 0.0325638
2 0.550892 0.324828 0.279101 0.398773 0.0183601
2 0.147419 0.694564 0.273417 0.287534 0.0103991
2 0.0937822 0.749743 0.091052 0.141472 0.00822991
2 0.757927 0.466136 0.104038 0.122757 0.00701091
2 0.623904 0.493578 0.296155 0.32496 0.00397371
11 0.51498 0.638093 0.868757 0.615839 0.00348825
2 0.670213 0.388693 0.246538 0.358134 0.0033695
2 0.789594 0.265537 0.341827 0.326093 0.00327085
2 0.603684 0.417727 0.24814 0.310784 0.00312516
2 0.130126 0.396765 0.23244 0.259331 0.00285882
2 0.818236 0.378617 0.254109 0.350479 0.00240555
2 0.395962 0.481071 0.440534 0.327325 0.00227054
2 0.2582 0.511997 0.186949 0.239562 0.00224244
2 0.731052 0.539634 0.258724 0.282288 0.00222455
2 0.0904417 0.684397 0.176256 0.302622 0.00183606
2 0.234006 0.531415 0.105345 0.154553 0.00180084
6 0.331783 0.666758 0.589375 0.556832 0.00178794
2 0.519476 0.230504 0.180214 0.200676 0.00177997
10 0.011292 0.989145 0.022584 0.0217106 0.0017596
2 0.0539437 0.686304 0.104999 0.31107 0.00149555
2 0.108821 0.268441 0.160074 0.194218 0.00125036
2 0.709278 0.621261 0.255042 0.246636 0.00118615
2 0.627017 0.178008 0.0838534 0.0831805 0.00118427
2 0.755486 0.495719 0.114126 0.192636 0.00113477
2 0.595748 0.378482 0.141427 0.200333 0.00110463
2 0.566996 0.431272 0.420105 0.310466 0.00105147
10 0.0127751 0.969153 0.0255501 0.061694 0.00100591
