10 0.206067 0.67717 0.0942527 0.362563 0.84227
10 0.599814 0.589201 0.0842689 0.285767 0.823098
10 0.474478 0.589598 0.0836273 0.264673 0.790831
10 0.559294 0.545013 0.0714365 0.276093 0.727534
10 0.358509 0.459182 0.0577013 0.187878 0.716996
10 0.293539 0.465203 0.0451397 0.164855 0.614716
10 0.659294 0.550064 0.0589098 0.271931 0.517414
10 0.396441 0.434358 0.0439524 0.134817 0.411796
10 0.485499 0.487903 0.0688357 0.210495 0.390425
10 0.622667 0.576663 0.0781153 0.304224 0.298606
10 0.655747 0.476723 0.0467811 0.119578 0.221826
10 0.0424877 0.457929 0.07478 0.160367 0.142479
10 0.641502 0.561656 0.0552656 0.286379 0.114335
10 0.531449 0.410834 0.0377893 0.097635 0.0722397
10 0.622699 0.48501 0.0709983 0.139297 0.0443714
10 0.44777 0.389086 0.0306414 0.0499901 0.0439454
10 0.447067 0.401202 0.0349692 0.0762583 0.0394395
10 0.563859 0.405804 0.0542578 0.100225 0.0377207
10 0.527932 0.429205 0.0453539 0.138894 0.0376054
10 0.572646 0.401673 0.0369568 0.0816167 0.0276127
10 0.43868 0.430777 0.0489544 0.135942 0.0206045
10 0.556602 0.413105 0.0922979 0.108044 0.0146914
10 0.549279 0.483954 0.0531599 0.145207 0.0119897
10 0.540012 0.424682 0.106025 0.125516 0.0103626
10 0.58322 0.408631 0.129841 0.102896 0.00956133
10 0.418982 0.439813 0.0561011 0.126684 0.00955252
10 0.388541 0.451698 0.0467376 0.173343 0.00858924
10 0.54331 0.457367 0.0420566 0.106834 0.00811678
10 0.535277 0.51716 0.0332541 0.247458 0.00687727
4 0.0425256 0.459067 0.073657 0.160341 0.00574137
10 0.617146 0.463798 0.0621293 0.0916063 0.00570016
10 0.426579 0.426398 0.0904137 0.126183 0.00562755
10 0.605604 0.448853 0.0514681 0.0649345 0.00553959
10 0.510399 0.42149 0.237851 0.122538 0.00537372
10 0.557658 0.421742 0.0538861 0.0986567 0.00501963
10 0.511227 0.416234 0.065793 0.109888 0.0049087
10 0.610105 0.416945 0.0584555 0.110645 0.00372262
9 0.205822 0.676778 0.0946793 0.361225 0.0033249
6 0.896475 0.775324 0.198091 0.420541 0.00312134
10 0.480339 0.450916 0.0802315 0.1583 0.00304244
10 0.598257 0.439673 0.0466949 0.0680063 0.0026657
10 0.960191 0.772353 0.0788569 0.412446 0.00259008
10 0.477639 0.41003 0.0451664 0.0774498 0.00227734
9 0.0425256 0.459067 0.073657 0.160341 0.00207755
10 0.582636 0.50652 0.116454 0.223982 0.00192135
10 0.439333 0.462451 0.0425921 0.171526 0.00177406
6 0.958721 0.776591 0.0782418 0.418498 0.00168527
10 0.602461 0.513583 0.0590358 0.19469 0.00126503
10 0.500985 0.528621 0.0364855 0.212508 0.00121769
10 0.5851 0.403341 0.0447735 0.0914988 0.00120189
10 0.61361 0.4272 0.120564 0.0977959 0.00115843
5 0.959155 0.653502 0.0802647 0.173767 0.00114696
10 0.0548911 0.295996 0.0436901 0.104355 0.001092
10 0.616402 0.40178 0.0441635 0.0789879 0.00105065
10 0.616443 0.456152 0.0479433 0.0678743 0.00104908
10 0.027997 0.622976 0.0520344 0.500113 0.00103709
8 0.205822 0.676778 0.0946793 0.361225 0.00102041
11 0.872306 0.908768 0.244643 0.162237 0.001004
