9 0.28164 0.7068 0.0326357 0.0705318 0.745386
9 0.0593731 0.700723 0.0626048 0.0866488 0.719743
9 0.734302 0.819704 0.344028 0.290711 0.711899
4 0.655793 0.745003 0.336431 0.191609 0.684595
9 0.339005 0.71023 0.0390317 0.0775118 0.566774
9 0.387374 0.713156 0.0566717 0.0793598 0.534233
9 0.896264 0.745264 0.166181 0.180199 0.523213
9 0.206617 0.704456 0.0718094 0.0667759 0.494646
0 0.145078 0.697295 0.0963487 0.0653748 0.378574
10 0.559945 0.689364 0.0503355 0.0583859 0.370719
10 0.507248 0.683892 0.0288743 0.0815192 0.295426
10 0.515228 0.681119 0.0320469 0.0754929 0.280569
10 0.397503 0.702068 0.0309764 0.0889379 0.278664
9 0.878251 0.794008 0.140243 0.266606 0.247921
10 0.28039 0.701598 0.0298233 0.070929 0.244019
4 0.569646 0.516953 0.0830799 0.041184 0.23546
9 0.977115 0.750822 0.0394607 0.132637 0.215505
10 0.0718388 0.685825 0.039633 0.0936622 0.177328
0 0.203229 0.701319 0.0823614 0.067906 0.16234
10 0.519775 0.69222 0.0238063 0.0767352 0.149922
10 0.526903 0.694906 0.0308938 0.0673314 0.149798
10 0.54379 0.692331 0.0973303 0.063155 0.133131
9 0.364822 0.704238 0.0913088 0.0838336 0.125987
10 0.537107 0.694424 0.0268467 0.0581818 0.124956
9 0.784305 0.929732 0.166672 0.116651 0.122229
10 0.54729 0.689805 0.0393889 0.0584004 0.118621
9 0.829686 0.814405 0.22792 0.246471 0.113156
10 0.335659 0.697443 0.0303781 0.0817518 0.102456
9 0.399172 0.707224 0.0320531 0.0841678 0.0915209
9 0.295714 0.701264 0.0583525 0.0721636 0.0840648
10 0.0728851 0.66573 0.0321694 0.0679497 0.0754774
0 0.17591 0.699053 0.133865 0.0691244 0.0682361
9 0.116996 0.700972 0.0491751 0.0599554 0.0647678
10 0.347748 0.7013 0.039697 0.0823376 0.0625984
9 0.256462 0.703726 0.0716567 0.0628631 0.0609134
10 0.0841172 0.67932 0.0461585 0.0648256 0.0607934
9 0.0753855 0.692421 0.0364201 0.0886628 0.0558973
10 0.50196 0.688249 0.0245469 0.0717388 0.0490064
10 0.294697 0.693037 0.0327664 0.0734234 0.0451914
10 0.297236 0.694802 0.0542911 0.0757805 0.0411643
10 0.569626 0.682686 0.0384526 0.0503653 0.0393214
0 0.471318 0.69593 0.0647356 0.0608573 0.0372509
9 0.0985685 0.69385 0.0815055 0.0701984 0.0372397
10 0.043479 0.652083 0.0391344 0.0441323 0.036068
10 0.317911 0.694729 0.0439237 0.077621 0.0360416
9 0.147027 0.698496 0.0998729 0.0638805 0.0350669
0 0.450249 0.704763 0.0463236 0.0573779 0.0284528
10 0.51072 0.671887 0.0303993 0.0673386 0.0280957
9 0.230735 0.702936 0.0516861 0.0635822 0.0279157
4 0.041856 0.652309 0.0377343 0.0413175 0.026221
4 0.559057 0.519184 0.120447 0.0481513 0.0260997
4 0.567243 0.507365 0.0910269 0.0492582 0.0258566
10 0.320625 0.69015 0.0283091 0.0709609 0.0242142
9 0.330424 0.703751 0.0430556 0.0726338 0.0239726
4 0.728299 0.725872 0.251001 0.153087 0.0236937
9 0.782495 0.843037 0.179905 0.275243 0.0206561
0 0.0607781 0.698278 0.0655519 0.0900393 0.0204893
0 0.977115 0.750822 0.0394607 0.132637 0.0199389
0 0.116996 0.700972 0.0491751 0.0599554 0.0198968
0 0.453251 0.698067 0.0757004 0.0612559 0.0192304
10 0.474273 0.692772 0.0484628 0.0582256 0.0191209
9 0.438483 0.695624 0.0570945 0.054026 0.0186125
9 0.450249 0.704763 0.0463236 0.0573779 0.0185433
9 0.702148 0.7673 0.317373 0.217052 0.0183815
9 0.316606 0.702039 0.0578104 0.0721905 0.0156362
9 0.459521 0.697342 0.0684213 0.0628759 0.0140192
0 0.438483 0.695624 0.0570945 0.054026 0.0132255
9 0.17591 0.699053 0.133865 0.0691244 0.0130897
10 0.0504117 0.644074 0.0459515 0.0579172 0.0112802
9 0.365106 0.707129 0.0389702 0.0764582 0.0105915
0 0.385409 0.711361 0.0586513 0.07945 0.0105341
0 0.0985685 0.69385 0.0815055 0.0701984 0.0101935
4 0.902037 0.73846 0.180786 0.167423 0.00995767
9 0.639643 0.741794 0.308083 0.19787 0.00958744
0 0.45488 0.711677 0.0347112 0.0551453 0.00840084
9 0.271474 0.701859 0.0501196 0.0658714 0.00832595
9 0.93028 0.73881 0.105373 0.153539 0.0083039
10 0.226878 0.697246 0.0448804 0.0623451 0.0081365
9 0.0209914 0.690844 0.0370609 0.0804732 0.00799205
10 0.482637 0.683271 0.0364627 0.0575661 0.00775067
10 0.247078 0.697386 0.0638728 0.060964 0.00771656
10 0.365106 0.707129 0.0389702 0.0764582 0.00755907
10 0.0656699 0.640371 0.0418659 0.0504825 0.00751116
10 0.61542 0.671593 0.0250536 0.0462409 0.00748705
0 0.282123 0.708199 0.0335034 0.0678512 0.00671871
0 0.020663 0.68726 0.0347475 0.0769443 0.00654272
9 0.0352765 0.689314 0.0665396 0.0881887 0.00648788
9 0.549603 0.691943 0.0706023 0.0651514 0.00625886
10 0.0572788 0.686269 0.062526 0.0992905 0.00611952
0 0.230735 0.702936 0.0516861 0.0635822 0.00590234
0 0.295714 0.701264 0.0583525 0.0721636 0.00553678
0 0.155401 0.681647 0.0323643 0.0504485 0.00551442
0 0.256462 0.703726 0.0716567 0.0628631 0.00548895
0 0.138896 0.6843 0.0687399 0.0547641 0.0054818
9 0.422567 0.693666 0.0634985 0.057259 0.00541499
10 0.391148 0.696246 0.0288422 0.0851802 0.00508013
0 0.369199 0.708698 0.0925231 0.0832748 0.00496611
4 0.559918 0.492217 0.0779131 0.0484616 0.00494103
10 0.447799 0.692361 0.0696735 0.0579286 0.00479938
10 0.0446078 0.682035 0.042664 0.093182 0.00465823
0 0.896968 0.742287 0.16785 0.172983 0.00459307
10 0.469964 0.685608 0.0298764 0.0578988 0.00449215
9 0.866815 0.729468 0.108067 0.132819 0.00439411
10 0.451403 0.685273 0.0412603 0.0566375 0.00436295
9 0.0411969 0.653049 0.0371736 0.0424725 0.00435317
0 0.345341 0.708584 0.0519775 0.0842102 0.00422073
0 0.0352765 0.689314 0.0665396 0.0881887 0.0041462
0 0.396906 0.712179 0.0382929 0.0765995 0.0039207
9 0.964201 0.739355 0.0489059 0.152706 0.00375967
10 0.274573 0.687409 0.0261175 0.0609274 0.00355635
10 0.387092 0.707342 0.0515303 0.0778897 0.00339074
10 0.0175124 0.682032 0.030206 0.0733065 0.00316975
9 0.410601 0.703134 0.0517692 0.061958 0.00316641
6 0.0411969 0.653049 0.0371736 0.0424725 0.00305968
9 0.347748 0.7013 0.039697 0.0823376 0.0029632
10 0.214312 0.704378 0.0589886 0.0648802 0.00290049
4 0.549603 0.691943 0.0706023 0.0651514 0.00285915
10 0.841078 0.666467 0.0339931 0.0454908 0.00284915
10 0.267942 0.179082 0.0330168 0.0670702 0.0027319
0 0.422567 0.693666 0.0634985 0.057259 0.00271002
0 0.502085 0.690315 0.0242912 0.0711277 0.00266202
9 0.667792 0.712029 0.10453 0.101356 0.00262982
10 0.0960968 0.691441 0.0804287 0.0672867 0.00257643
10 0.726145 0.686858 0.0325372 0.0816169 0.0025689
10 0.436596 0.683094 0.0358404 0.0529159 0.00252379
9 0.474273 0.692772 0.0484628 0.0582256 0.00239544
0 0.0411969 0.653049 0.0371736 0.0424725 0.00238518
10 0.435462 0.690857 0.0503069 0.0514488 0.00235064
10 0.84368 0.652949 0.031306 0.0620691 0.00228875
10 0.620298 0.517168 0.0312944 0.0459415 0.00228235
9 0.731085 0.739491 0.238854 0.17533 0.00224357
8 0.896786 0.747842 0.167837 0.179118 0.0022349
9 0.746329 0.760203 0.168542 0.116506 0.00221234
9 0.45488 0.711677 0.0347112 0.0551453 0.00215813
9 0.738424 0.91023 0.265644 0.137317 0.00212683
9 0.0842689 0.685636 0.06139 0.0744083 0.00190071
10 0.896786 0.747842 0.167837 0.179118 0.00186918
6 0.977518 0.749227 0.0432152 0.136922 0.001838
9 0.0446078 0.682035 0.042664 0.093182 0.00178103
10 0.46516 0.698054 0.078085 0.0635728 0.00175455
3 0.651529 0.745964 0.332704 0.194603 0.00171579
10 0.376734 0.711234 0.0370468 0.0774049 0.00171333
10 0.0148577 0.647164 0.0255235 0.045662 0.00170221
0 0.467568 0.710137 0.0555314 0.0581895 0.00169624
0 0.410601 0.703134 0.0517692 0.061958 0.00151493
10 0.413191 0.690727 0.0506862 0.0573851 0.00144828
0 0.335013 0.709932 0.0398715 0.0720887 0.00140776
10 0.110749 0.678145 0.0468656 0.0460197 0.00136211
10 0.833629 0.652652 0.0226176 0.0655438 0.00132546
10 0.0166247 0.632316 0.0256973 0.0595483 0.00130976
10 0.0980278 0.655354 0.0337635 0.0467052 0.00123543
9 0.138896 0.6843 0.0687399 0.0547641 0.00117827
0 0.428771 0.709867 0.038935 0.0609617 0.00115732
4 0.0215503 0.681697 0.0347035 0.0802042 0.00112143
9 0.511904 0.683992 0.0310076 0.0685507 0.00111966
10 0.0318406 0.68235 0.0562432 0.0852385 0.00110055
0 0.17146 0.695653 0.0732648 0.0618328 0.00109632
4 0.364822 0.704238 0.0913088 0.0838336 0.00109097
9 0.155401 0.681647 0.0323643 0.0504485 0.00106782
10 0.5172 0.709189 0.0269025 0.0664726 0.00104218
6 0.896968 0.742287 0.16785 0.172983 0.00102018
10 0.718396 0.691376 0.0548181 0.0750725 0.00101268
