10 0.319863 0.51347 0.593419 0.892921 0.728439
2 0.450108 0.539557 0.24333 0.253336 0.0492332
2 0.467599 0.507724 0.207285 0.170359 0.0479613
2 0.17676 0.479767 0.244995 0.148926 0.044956
2 0.41947 0.558614 0.316741 0.331811 0.0362707
9 0.319863 0.51347 0.593419 0.892921 0.0315462
8 0.319863 0.51347 0.593419 0.892921 0.0190922
7 0.490678 0.499559 0.146078 0.135001 0.00815021
4 0.319863 0.51347 0.593419 0.892921 0.00566158
2 0.319605 0.527529 0.592447 0.876441 0.00157274
10 0.179156 0.465082 0.325626 0.863324 0.00134576
11 0.319863 0.51347 0.593419 0.892921 0.00123523
2 0.353842 0.565689 0.462264 0.395536 0.00111745
7 0.319863 0.51347 0.593419 0.892921 0.00103382
