10 0.81363 0.228138 0.138769 0.254004 0.8462
10 0.939534 0.219248 0.1109 0.284329 0.811765
0 0.365989 0.445363 0.687312 0.516415 0.761994
0 0.578943 0.311551 0.353496 0.214118 0.484422
0 0.311667 0.315488 0.267811 0.251238 0.162929
10 0.672393 0.189345 0.0550963 0.0717802 0.119613
9 0.585542 0.311701 0.333024 0.208361 0.0779585
11 0.120871 0.294983 0.211298 0.157124 0.0558436
9 0.36689 0.453108 0.691264 0.521925 0.0551766
0 0.445545 0.306295 0.592594 0.232985 0.0293162
10 0.693776 0.187511 0.0840324 0.0807239 0.0119894
0 0.678649 0.312446 0.147429 0.200812 0.00974415
6 0.101867 0.298719 0.181903 0.166573 0.0087868
4 0.521054 0.225083 0.123636 0.0604031 0.00755733
6 0.552738 0.310666 0.406339 0.208754 0.00695428
4 0.56223 0.167551 0.12663 0.0374208 0.00678738
9 0.466457 0.30422 0.556678 0.228901 0.0063907
4 0.575647 0.175267 0.14837 0.0553473 0.00605878
10 0.65116 0.18061 0.0819849 0.0581446 0.00555349
10 0.858648 0.163954 0.0713597 0.13088 0.00479975
9 0.0953098 0.296403 0.171276 0.172688 0.0046888
10 0.534677 0.22689 0.0907779 0.0627858 0.00454349
10 0.711327 0.183938 0.0592288 0.0919202 0.00428556
9 0.678023 0.312221 0.147238 0.201594 0.00345332
10 0.972677 0.207317 0.042993 0.310638 0.00330741
6 0.475594 0.381533 0.512431 0.409597 0.00261165
10 0.537645 0.22235 0.143354 0.058438 0.00230326
11 0.141501 0.250417 0.175671 0.0683051 0.00213032
4 0.483071 0.224237 0.0832639 0.0560487 0.00203606
0 0.363649 0.370625 0.448152 0.368128 0.00168151
6 0.134906 0.283418 0.182977 0.135567 0.00165616
10 0.623172 0.179673 0.0466237 0.0542788 0.00160624
0 0.136188 0.292134 0.195083 0.148243 0.00154822
6 0.499296 0.456423 0.468066 0.243246 0.00145941
9 0.310644 0.327864 0.280705 0.277345 0.00134712
7 0.36689 0.453108 0.691264 0.521925 0.00114975
10 0.99357 0.212946 0.0128601 0.324682 0.00113654
6 0.364761 0.414259 0.591944 0.401287 0.00109141
0 0.535995 0.374871 0.435178 0.329589 0.00101718
