4 0.0738402 0.545273 0.136893 0.436372 0.869906
10 0.714776 0.601586 0.0768284 0.389013 0.853426
10 0.490823 0.657836 0.0874501 0.524088 0.852816
10 0.286189 0.582164 0.0591609 0.342444 0.850793
10 0.419303 0.623263 0.0702823 0.480726 0.838804
10 0.365019 0.668423 0.0686208 0.433809 0.832595
10 0.231379 0.530367 0.0576802 0.211664 0.779913
10 0.550904 0.531816 0.0474741 0.21668 0.77066
11 0.688827 0.873283 0.152587 0.215458 0.726102
10 0.587988 0.522651 0.0610814 0.22063 0.716486
6 0.755271 0.718387 0.0831989 0.254211 0.614131
10 0.612949 0.614906 0.0520533 0.405305 0.25246
6 0.722307 0.777493 0.143122 0.37109 0.119188
11 0.6858 0.828642 0.154775 0.13756 0.0697447
10 0.597782 0.552493 0.0664448 0.291599 0.0458432
2 0.965819 0.785803 0.0367721 0.133828 0.04081
10 0.385189 0.487364 0.0396291 0.150858 0.0398131
6 0.714382 0.809817 0.0972734 0.284332 0.038895
10 0.564995 0.526641 0.0615401 0.217167 0.0131692
2 0.666795 0.907673 0.0376238 0.158646 0.0115278
11 0.68942 0.809667 0.148603 0.22369 0.0112101
6 0.739843 0.769773 0.0924161 0.338058 0.00805027
10 0.594654 0.62294 0.0815597 0.427296 0.00700345
6 0.686282 0.862398 0.135331 0.245465 0.00627239
10 0.598665 0.369095 0.0537954 0.0943486 0.00587745
2 0.657123 0.891079 0.0566602 0.171713 0.00480142
7 0.665863 0.90309 0.0392293 0.165498 0.00312406
6 0.759468 0.733694 0.0571398 0.218538 0.002801
6 0.762093 0.681142 0.0655322 0.17856 0.00267926
0 0.657817 0.658426 0.0789448 0.213869 0.00267365
10 0.587232 0.41919 0.059924 0.0863858 0.00259125
6 0.639249 0.86995 0.0621329 0.191872 0.00257632
10 0.580085 0.503091 0.0422509 0.181329 0.00248052
10 0.61714 0.54094 0.0483165 0.24646 0.00239297
6 0.68942 0.809667 0.148603 0.22369 0.00213544
10 0.60588 0.509295 0.0344346 0.18209 0.00205836
10 0.599255 0.40639 0.0584387 0.0832961 0.00174388
10 0.384332 0.569076 0.0511027 0.327261 0.00174091
10 0.611088 0.385447 0.04454 0.0765123 0.00169745
2 0.700208 0.855105 0.0612805 0.286815 0.00168576
10 0.114369 0.458768 0.0550597 0.0943098 0.00164816
10 0.57884 0.437611 0.0572795 0.0841035 0.00152725
6 0.743511 0.79353 0.059566 0.301277 0.00152649
10 0.590499 0.461273 0.0578084 0.249716 0.00151015
10 0.528165 0.529791 0.0401757 0.229143 0.0014123
10 0 0.475719 0 0.588893 0.0013193
11 0.562048 0.731847 0.082195 0.254168 0.00131355
11 0.232804 0.530269 0.0616092 0.216956 0.001196
11 0.85987 0.943644 0.207058 0.0980613 0.00110464
