11 0.513423 0.875224 0.27087 0.221137 0.910173
2 0.573063 0.755339 0.0461807 0.175917 0.790695
2 0.483883 0.757349 0.041838 0.178765 0.761113
6 0.791435 0.786154 0.366742 0.404543 0.56157
6 0.22145 0.791476 0.417921 0.399928 0.484975
7 0.518735 0.774023 0.0444509 0.149955 0.462427
2 0.518464 0.770053 0.0436987 0.157134 0.169554
5 0.226865 0.127313 0.0371937 0.0973896 0.152694
4 0.226865 0.127313 0.0371937 0.0973896 0.059044
10 0.513181 0.875687 0.26872 0.225284 0.0367733
5 0.220989 0.791488 0.419256 0.400271 0.00636437
7 0.547257 0.786151 0.0467212 0.109345 0.00545236
7 0.456768 0.746642 0.033779 0.110065 0.00541237
7 0.511502 0.877068 0.270622 0.226043 0.00486173
8 0.0723422 0.388713 0.137415 0.250981 0.00412759
10 0.413919 0.4458 0.0446392 0.10573 0.00387477
11 0.764102 0.925391 0.237224 0.131706 0.00385472
7 0.521962 0.813504 0.0372161 0.0768261 0.00364379
7 0.480975 0.754561 0.0451532 0.167809 0.00353295
10 0.0418948 0.353456 0.0813802 0.621183 0.00329659
10 0.0614532 0.274749 0.117784 0.51153 0.00287891
7 0.540453 0.766349 0.0357839 0.14321 0.00282512
8 0.0648978 0.441344 0.126203 0.394702 0.00278462
10 0.0246564 0.321761 0.0493128 0.643522 0.00276804
7 0.516115 0.802304 0.04118 0.0988407 0.00270267
7 0.435827 0.801458 0.0297245 0.0572706 0.00216786
7 0.478652 0.805146 0.0384785 0.0816881 0.0020636
2 0.509925 0.729449 0.028838 0.120671 0.0020073
5 0.29326 0.277076 0.0543998 0.10738 0.00196064
7 0.44882 0.796439 0.0534038 0.0610532 0.00175459
2 0.457276 0.745786 0.0336569 0.107211 0.00111658
10 0.225369 0.126924 0.0367922 0.0990478 0.00106901
11 0.0741283 0.472809 0.142104 0.421033 0.00103679
