4 0.423525 0.655638 0.234125 0.166351 0.879576
4 0.659318 0.599822 0.139142 0.0793743 0.764389
4 0.592928 0.602453 0.0799014 0.0683004 0.113246
4 0.595789 0.616085 0.0807182 0.0468378 0.0553626
7 0.0820728 0.082282 0.0719578 0.10291 0.0104323
4 0.562309 0.592632 0.0881302 0.0683815 0.00765878
4 0.620791 0.596406 0.135399 0.086557 0.00378633
4 0.543905 0.58555 0.107559 0.0629463 0.00331762
10 0.0807449 0.0826648 0.0744292 0.103509 0.00201158
4 0.579402 0.592654 0.0562008 0.0642103 0.00192233
2 0.0820728 0.082282 0.0719578 0.10291 0.00116191
