4 0.82651 0.186451 0.110708 0.111796 0.876607
0 0.424436 0.48759 0.367493 0.790518 0.861863
4 0.660674 0.154066 0.127507 0.154727 0.704419
9 0.62201 0.177894 0.0562929 0.107925 0.0609829
10 0.98482 0.123062 0.021817 0.107772 0.00656808
6 0.552455 0.160672 0.0574284 0.143769 0.00629339
10 0.559612 0.157716 0.0740949 0.143318 0.00486429
10 0.616505 0.176721 0.0450168 0.117241 0.00436709
0 0.616193 0.185341 0.0441827 0.105239 0.0041785
4 0.561972 0.151304 0.0933894 0.13162 0.00387491
11 0.555115 0.160531 0.0629894 0.14466 0.00362247
4 0.589489 0.153832 0.107006 0.13121 0.00285812
5 0.661138 0.153027 0.126852 0.160105 0.00236047
5 0.826095 0.188387 0.109729 0.111757 0.0022122
0 0.328961 0.52053 0.521574 0.876313 0.00221004
10 0.981193 0.101071 0.0271358 0.154477 0.00142223
9 0.661725 0.153884 0.130323 0.154954 0.00117168
4 0.617352 0.174904 0.0444749 0.116158 0.0011684
