7 0.545381 0.449004 0.159785 0.267059 0.884233
11 0.463272 0.56322 0.8655 0.817539 0.797701
11 0.170184 0.882472 0.324874 0.205978 0.00822412
6 0.174665 0.870502 0.323606 0.227974 0.00776359
10 0.472154 0.57533 0.907086 0.785261 0.00420796
9 0.472154 0.57533 0.907086 0.785261 0.00335856
6 0.57251 0.72174 0.305297 0.517586 0.00282498
6 0.473268 0.565028 0.86479 0.795184 0.00281349
2 0.545381 0.449004 0.159785 0.267059 0.00147189
6 0.741194 0.489241 0.330579 0.697402 0.00114163
4 0.472154 0.57533 0.907086 0.785261 0.00113111
11 0.176367 0.812457 0.332212 0.33918 0.00106335
