11 0.266416 0.724125 0.521503 0.494617 0.906603
10 0.699028 0.575257 0.395984 0.820222 0.900516
7 0.370732 0.501656 0.0381595 0.094976 0.672061
2 0.0434946 0.618395 0.0322735 0.157553 0.0616766
2 0.0541465 0.636702 0.0525726 0.192332 0.053418
8 0.700888 0.576999 0.400324 0.819188 0.01024
10 0.931733 0.544647 0.124954 0.821529 0.00880919
10 0.833534 0.400665 0.0714865 0.451959 0.00546519
10 0.945213 0.389904 0.10118 0.774748 0.00514849
2 0.0651844 0.643106 0.038543 0.183427 0.00432546
2 0.0160035 0.589657 0.0211322 0.102959 0.00309446
10 0.895798 0.589044 0.194123 0.747396 0.00273542
10 0.832774 0.586961 0.296623 0.767675 0.00270949
10 0.514374 0.558406 0.513758 0.732606 0.00268993
10 0.862683 0.444733 0.104584 0.541557 0.00236073
11 0.69601 0.575452 0.390913 0.817756 0.00232773
7 0.950742 0.111109 0.090551 0.197093 0.00203554
2 0.0362444 0.598039 0.0451746 0.146393 0.00189831
2 0.0362015 0.587383 0.0680048 0.310423 0.00178129
10 0.900351 0.510887 0.164189 0.52095 0.00166858
7 0.958317 0.0776609 0.0733521 0.127978 0.00152891
5 0.700888 0.576999 0.400324 0.819188 0.00151928
10 0.0275135 0.445674 0.0525737 0.666974 0.00109283
