11 0.204554 0.693819 0.334099 0.373497 0.796386
6 0.525465 0.534015 0.367197 0.198815 0.577167
6 0.739617 0.657957 0.462671 0.411422 0.401944
11 0.410374 0.804015 0.429596 0.364044 0.184989
6 0.794674 0.779931 0.372073 0.399304 0.0656886
11 0.205874 0.607953 0.339458 0.207216 0.0622091
6 0.151098 0.552158 0.171451 0.27985 0.0464775
11 0.586025 0.798723 0.778569 0.373082 0.0399742
6 0.0326728 0.800508 0.0615029 0.373743 0.0394566
6 0.154262 0.474994 0.162439 0.122654 0.0273274
6 0.530653 0.465726 0.383288 0.30122 0.0207218
6 0.649115 0.462609 0.63243 0.301311 0.00982731
6 0.615889 0.677479 0.650286 0.459323 0.00557467
6 0.772632 0.680586 0.301556 0.590085 0.00408238
6 0.0396327 0.722589 0.0683194 0.522781 0.00394701
6 0.0793888 0.611589 0.0853027 0.30764 0.0039326
6 0.676189 0.552765 0.610189 0.484425 0.00355245
6 0.199322 0.819893 0.162301 0.337514 0.00291411
6 0.0769775 0.721043 0.0807867 0.338658 0.00266056
11 0.527589 0.535418 0.370999 0.214818 0.002506
6 0.546254 0.412273 0.371457 0.194514 0.00226592
6 0.15456 0.602922 0.116047 0.249776 0.00202253
11 0.567556 0.949551 0.818707 0.100898 0.00158777
6 0.0754439 0.662841 0.110913 0.432086 0.00152446
6 0.188477 0.593645 0.174607 0.288965 0.00149679
6 0.984271 0.632634 0.0314577 0.237404 0.00146481
6 0.100768 0.584948 0.131837 0.265839 0.00135886
10 0.986987 0.496687 0.0246235 0.451687 0.00127906
6 0.309139 0.790365 0.223435 0.386733 0.0012617
11 0.624134 0.939081 0.157248 0.110698 0.00118947
11 0.252576 0.660549 0.23889 0.313861 0.00112747
10 0.743072 0.704936 0.477327 0.506315 0.00106588
