3 0.452706 0.718055 0.304387 0.526482 0.935946
4 0.0708741 0.898293 0.0350609 0.0407948 0.0625222
4 0.241024 0.883575 0.024851 0.0377465 0.0501867
4 0.216178 0.884539 0.0379177 0.0446235 0.0424523
10 0.423289 0.561075 0.0632464 0.105301 0.030145
4 0.230218 0.88577 0.0427426 0.0477869 0.0195764
4 0.766487 0.886429 0.0699419 0.0534516 0.0149516
4 0.133458 0.905352 0.0462119 0.0547355 0.0119719
10 0.41767 0.547952 0.0489103 0.0759272 0.0093488
4 0.116759 0.90109 0.0643316 0.051122 0.00548814
3 0.213845 0.88411 0.0373615 0.0499388 0.00369536
4 0.202814 0.894071 0.0254087 0.0459585 0.00281119
4 0.756423 0.892098 0.0565926 0.046445 0.00250158
4 0.218546 0.88137 0.0496792 0.0617892 0.00227228
4 0.105569 0.899766 0.040429 0.0436073 0.00201332
4 0.053311 0.896698 0.0323444 0.0389566 0.00178035
4 0.203446 0.906738 0.0199834 0.0451917 0.00159441
10 0.987176 0.858715 0.0183963 0.127885 0.00149501
4 0.296997 0.884146 0.0264272 0.0378278 0.00124051
4 0.250783 0.880782 0.0378136 0.0405942 0.00116669
4 0.22955 0.901942 0.0410145 0.056873 0.00112095
10 0.53629 0.783977 0.0502278 0.0797229 0.00110068
