6 0.46244 0.481772 0.846608 0.835045 0.677337
7 0.39893 0.607816 0.417457 0.398443 0.0768362
6 0.83459 0.530018 0.307723 0.93512 0.0726302
7 0.407364 0.496759 0.339764 0.150881 0.0439168
6 0.462942 0.637943 0.758345 0.616984 0.0240695
2 0.63572 0.516742 0.243282 0.368552 0.0117584
2 0.79823 0.496277 0.142548 0.228209 0.0117552
2 0.737202 0.567945 0.173367 0.274235 0.0100629
6 0.727374 0.523398 0.514344 0.915436 0.0100539
2 0.402404 0.610924 0.421385 0.378932 0.00986272
2 0.730117 0.630131 0.153912 0.152817 0.00719552
2 0.866138 0.406497 0.101434 0.185971 0.00674375
2 0.771774 0.479688 0.205727 0.277744 0.00599048
2 0.735132 0.556321 0.120014 0.194746 0.00590466
2 0.599606 0.460458 0.294222 0.36658 0.00576401
8 0.426131 0.481593 0.759509 0.857078 0.004739
2 0.69025 0.538326 0.244545 0.322109 0.00349858
2 0.713557 0.427858 0.153116 0.203701 0.00323602
7 0.569828 0.10445 0.140156 0.135477 0.00307643
7 0.493769 0.30755 0.93022 0.602233 0.00280423
2 0.406662 0.498884 0.367224 0.171631 0.00249251
7 0.453652 0.478414 0.835485 0.845008 0.00247269
2 0.75494 0.631175 0.208019 0.2422 0.00243272
2 0.864783 0.382915 0.0813388 0.132377 0.00233073
2 0.561944 0.532215 0.382686 0.370999 0.00208955
7 0.384818 0.506642 0.197975 0.120345 0.00197842
2 0.0463926 0.205287 0.0881853 0.410575 0.00187901
2 0.799705 0.541184 0.179005 0.283479 0.00170863
2 0.705413 0.611729 0.104078 0.163255 0.00168365
2 0.692518 0.484372 0.349457 0.339012 0.00165541
7 0.417217 0.5333 0.385513 0.243532 0.00155877
2 0.178216 0.459651 0.181263 0.235227 0.00143365
7 0.743697 0.629326 0.156495 0.169385 0.00134395
7 0.970962 0.284723 0.0580766 0.227923 0.00120123
2 0.685453 0.576242 0.149337 0.235352 0.00105845
2 0.582045 0.391823 0.369387 0.419595 0.00102069
