1 0.474968 0.518067 0.312253 0.788598 0.783552
1 0.58171 0.472941 0.545118 0.882415 0.663373
10 0.494714 0.37977 0.144649 0.443754 0.174317
10 0.473088 0.369617 0.091058 0.209525 0.0890055
10 0.48503 0.328007 0.136808 0.27399 0.0216621
10 0.431855 0.288736 0.064551 0.286703 0.0165842
10 0.377616 0.532302 0.0904377 0.194374 0.013246
10 0.364042 0.608885 0.0605487 0.145723 0.0129814
10 0.503511 0.465153 0.151639 0.274019 0.0119963
10 0.549904 0.315874 0.0940214 0.312761 0.00833467
10 0.433602 0.262901 0.0572313 0.192519 0.00297208
10 0.475548 0.340026 0.0722195 0.15922 0.0022428
10 0.377867 0.504431 0.0697948 0.12499 0.00204977
10 0.5041 0.414198 0.126581 0.245535 0.0019568
10 0.571517 0.338483 0.0693307 0.309971 0.0015165
1 0.0285289 0.649088 0.0511632 0.620626 0.00130687
10 0.501591 0.528026 0.145887 0.184693 0.00115988
10 0.529737 0.329927 0.0795188 0.290641 0.00105212
