10 0.419979 0.297751 0.120186 0.329766 0.870923
10 0.509236 0.310105 0.112449 0.315689 0.837056
10 0.925273 0.453545 0.136041 0.601529 0.800486
10 0.149245 0.547105 0.218717 0.83354 0.767551
10 0.893418 0.227681 0.0563351 0.213542 0.692367
10 0.795527 0.2104 0.054167 0.191747 0.688712
10 0.672333 0.219891 0.0652205 0.176104 0.663457
10 0.568671 0.293327 0.075013 0.142818 0.614368
10 0.315542 0.274631 0.14405 0.229488 0.552893
10 0.939661 0.237771 0.0750094 0.189661 0.534021
10 0.729423 0.516043 0.162287 0.153157 0.360853
10 0.730613 0.197025 0.0630034 0.131289 0.355225
10 0.851945 0.234899 0.0693154 0.209015 0.314416
10 0.75712 0.508082 0.111837 0.132496 0.207081
10 0.439041 0.545995 0.373995 0.409934 0.143504
10 0.823476 0.218242 0.0484516 0.181117 0.10256
10 0.319633 0.366872 0.141698 0.428239 0.0908827
0 0.707178 0.602196 0.284016 0.19962 0.077333
10 0.955693 0.421257 0.0763714 0.583569 0.0705514
10 0.699055 0.195347 0.112328 0.136802 0.0694399
8 0.479917 0.622958 0.303295 0.249642 0.0578164
11 0.593882 0.850861 0.772903 0.274311 0.0491877
10 0.643281 0.223283 0.0749809 0.166336 0.0433694
10 0.835215 0.22136 0.0685 0.203368 0.0432024
0 0.551355 0.609021 0.596773 0.206812 0.0405009
8 0.553921 0.616688 0.153499 0.20851 0.0355631
8 0.417402 0.507481 0.334581 0.356352 0.0352066
5 0.554426 0.6162 0.152837 0.207217 0.0334716
0 0.440776 0.545826 0.381307 0.409262 0.0312519
10 0.58912 0.351435 0.12 0.257152 0.0276569
9 0.550895 0.61487 0.603084 0.227596 0.0242831
10 0.712576 0.193362 0.0544344 0.130733 0.0241564
9 0.707178 0.602196 0.284016 0.19962 0.0224349
9 0.439311 0.552106 0.371767 0.404563 0.0180193
10 0.891733 0.227678 0.167946 0.181734 0.0173498
10 0.158995 0.199866 0.06161 0.0984921 0.0160033
6 0.909179 0.338558 0.109836 0.359031 0.0158036
10 0.866953 0.254632 0.085906 0.181431 0.0152379
0 0.65218 0.557301 0.105514 0.160221 0.013285
10 0.948182 0.196976 0.0565141 0.105178 0.0105674
10 0.954466 0.179721 0.0512864 0.100122 0.0102253
5 0.485257 0.619393 0.294712 0.230865 0.0101362
6 0.903208 0.419677 0.0990471 0.181723 0.00824824
10 0.609258 0.301383 0.100948 0.183118 0.00799337
10 0.633832 0.234008 0.0606708 0.128523 0.00783543
0 0.697378 0.546387 0.205714 0.188008 0.0068999
9 0.876665 0.284083 0.0773285 0.128726 0.00667577
7 0.981288 0.775568 0.0298717 0.0735821 0.00655517
0 0.465409 0.620289 0.468527 0.537906 0.00607676
10 0.522265 0.564621 0.204934 0.324594 0.00575831
10 0.981979 0.158932 0.0262147 0.0676525 0.00542696
6 0.74943 0.595692 0.171652 0.125237 0.00540953
7 0.403374 0.55168 0.0356675 0.0664563 0.00507831
10 0.762762 0.149541 0.04609 0.108825 0.00504843
10 0.550895 0.61487 0.603084 0.227596 0.00498767
10 0.963084 0.279575 0.060765 0.448784 0.00483985
10 0.696838 0.189557 0.0530667 0.141529 0.00461308
6 0.717356 0.605395 0.252242 0.20152 0.00448962
2 0.367159 0.0720984 0.143429 0.0534762 0.00426525
0 0.605484 0.563456 0.257017 0.197061 0.00419013
9 0.651239 0.554137 0.106661 0.161066 0.00414563
10 0.378155 0.22125 0.0569086 0.159383 0.00364977
6 0.680572 0.414225 0.151562 0.241965 0.00322747
10 0.92441 0.578851 0.131702 0.36407 0.00320873
9 0.855697 0.287076 0.0594472 0.116218 0.00312905
10 0.904002 0.283244 0.165584 0.284673 0.00311403
10 0.983987 0.543908 0.0281118 0.434895 0.00302155
10 0.62825 0.208488 0.0621942 0.152478 0.00296736
10 0.718675 0.571959 0.258098 0.259896 0.00294998
10 0.174447 0.251298 0.0964377 0.210364 0.00263663
10 0.715182 0.208542 0.160961 0.159649 0.00250375
6 0.876665 0.284083 0.0773285 0.128726 0.00237785
0 0.758478 0.597241 0.176856 0.200958 0.00230762
8 0.556256 0.613679 0.596315 0.228642 0.00227242
9 0.891594 0.256224 0.130033 0.181529 0.00206353
10 0.183361 0.325558 0.114706 0.342312 0.00204297
10 0.743157 0.199329 0.0462116 0.119905 0.00198738
5 0.439041 0.545995 0.373995 0.409934 0.0019507
11 0.551355 0.609021 0.596773 0.206812 0.00190944
10 0.852376 0.210463 0.230261 0.162803 0.0018637
11 0.77152 0.375078 0.0925325 0.249756 0.001831
10 0.984079 0.203872 0.0239506 0.292495 0.00171202
0 0.876665 0.284083 0.0773285 0.128726 0.00170003
0 0.65188 0.550857 0.160464 0.190317 0.00166406
8 0.342584 0.457149 0.179732 0.253837 0.00160093
0 0.479917 0.622958 0.303295 0.249642 0.00159645
10 0.95262 0.150603 0.0437988 0.0653931 0.00157149
10 0.922381 0.348746 0.121662 0.406787 0.00141646
11 0.567661 0.292753 0.0783747 0.14132 0.00140901
10 0.344402 0.522734 0.207536 0.726211 0.00137962
10 0.329388 0.454903 0.154826 0.256146 0.0013661
6 0.439041 0.545995 0.373995 0.409934 0.00135298
11 0.479917 0.622958 0.303295 0.249642 0.00133523
8 0.600267 0.605163 0.256931 0.221693 0.00119796
6 0.479917 0.622958 0.303295 0.249642 0.00110486
11 0.769252 0.505711 0.0872783 0.131188 0.00109481
10 0.774311 0.372705 0.087432 0.247131 0.00107192
0 0.62811 0.540158 0.152088 0.146892 0.00106818
10 0.39375 0.21861 0.0739523 0.160471 0.00105508
6 0.629519 0.608785 0.437168 0.196916 0.00103209
10 0.441457 0.444095 0.383531 0.438103 0.00100693
