4 0.681214 0.711264 0.24795 0.1993 0.451456
4 0.879795 0.735093 0.213361 0.210406 0.417525
4 0.342157 0.735661 0.250356 0.272332 0.18023
4 0.95812 0.705326 0.0795418 0.164965 0.121543
4 0.506498 0.732587 0.262702 0.235666 0.0992415
4 0.74083 0.710819 0.11243 0.171104 0.045761
4 0.654548 0.74318 0.160469 0.26156 0.0286616
4 0.775161 0.719748 0.431153 0.229769 0.0164068
4 0.822488 0.749006 0.103214 0.149822 0.0152504
4 0.329459 0.610416 0.227718 0.499388 0.0109952
4 0.594644 0.752263 0.293509 0.272901 0.00731889
10 0.438192 0.418317 0.232631 0.762841 0.00560991
4 0.574927 0.722174 0.136652 0.137775 0.00518834
4 0.419755 0.629469 0.206843 0.51021 0.00512602
4 0.379571 0.601241 0.126905 0.531809 0.0045362
4 0.784115 0.70829 0.157773 0.198701 0.00418915
4 0.665238 0.692456 0.136395 0.143228 0.00415442
10 0.654548 0.74318 0.160469 0.26156 0.00268318
10 0.37746 0.435207 0.0836132 0.203905 0.0026693
4 0.320626 0.687552 0.218389 0.22411 0.00265975
2 0.443334 0.409883 0.226881 0.751308 0.00265415
10 0.377979 0.57304 0.109254 0.476808 0.002414
10 0.384752 0.507115 0.0858351 0.335278 0.00222805
11 0.560122 0.777551 0.691271 0.329897 0.0021094
2 0.371292 0.446884 0.370731 0.821378 0.00199887
4 0.436664 0.642548 0.230301 0.31397 0.00190703
4 0.42898 0.715077 0.310719 0.348884 0.00178704
4 0.560122 0.777551 0.691271 0.329897 0.00163925
4 0.975051 0.683465 0.0449947 0.135178 0.00140287
4 0.932331 0.727455 0.123682 0.241232 0.00137042
4 0.50665 0.727127 0.367599 0.318503 0.00134886
4 0.895343 0.738522 0.122065 0.21591 0.00109247
4 0.385129 0.738181 0.124898 0.257378 0.0010731
10 0.658287 0.689525 0.140741 0.149776 0.00106817
