10 0.542869 0.520257 0.0395837 0.121408 0.732047
4 0.161678 0.484431 0.104686 0.0794102 0.67236
4 0.378101 0.500646 0.0763029 0.0600478 0.523175
4 0.0727238 0.479686 0.0428001 0.0459445 0.518112
4 0.104278 0.481815 0.0616339 0.0541303 0.407141
4 0.0867705 0.481631 0.0566588 0.0531995 0.212807
2 0.907919 0.177147 0.0519808 0.173727 0.124633
4 0.0280886 0.472304 0.0507707 0.0437275 0.0825607
9 0.376826 0.499157 0.0783099 0.0574965 0.0567408
10 0.00941453 0.456112 0.0188291 0.0530629 0.0206772
4 0.0922024 0.486392 0.0358005 0.0503592 0.0186899
2 0.975085 0.364792 0.0461918 0.20097 0.0179403
4 0.159678 0.457082 0.0345876 0.0368088 0.015098
2 0.913163 0.173389 0.0742699 0.205037 0.0150738
0 0.376826 0.499157 0.0783099 0.0574965 0.0126496
2 0.975987 0.272068 0.0451099 0.390673 0.0115867
9 0.029382 0.473995 0.0528237 0.0403904 0.00996464
4 0.0106068 0.46841 0.0201769 0.0395655 0.00918897
7 0.97666 0.357501 0.0447824 0.214349 0.0084355
10 0.012819 0.467742 0.022893 0.0380306 0.00763056
10 0.0871996 0.479839 0.0483392 0.0519969 0.00736208
2 0.986244 0.312124 0.0268505 0.300782 0.00731028
9 0.0922024 0.486392 0.0358005 0.0503592 0.00659773
9 0.10367 0.481146 0.0602512 0.0540017 0.00616063
10 0.467593 0.464269 0.0186563 0.0463092 0.00589959
10 0.973861 0.619601 0.0522533 0.760798 0.00582372
10 0.0276176 0.472714 0.0511194 0.0391532 0.00538712
6 0.377411 0.503183 0.0787291 0.0677064 0.00526799
4 0.217972 0.483223 0.0624101 0.051831 0.00463955
9 0.160711 0.485815 0.101465 0.0776127 0.00442521
10 0.101062 0.480095 0.0585645 0.0522995 0.00403476
10 0.517139 0.465582 0.0272589 0.0441563 0.00400936
9 0.0106068 0.46841 0.0201769 0.0395655 0.00385488
0 0.0922024 0.486392 0.0358005 0.0503592 0.00377795
10 0.939593 0.233264 0.111892 0.397608 0.00358648
8 0.93973 0.207939 0.111794 0.33598 0.00339654
9 0.0744138 0.479561 0.0477893 0.0470614 0.00313324
4 0.203308 0.483151 0.0387007 0.0481934 0.0029392
11 0.377628 0.501333 0.0774576 0.0627324 0.00290196
0 0.103067 0.484644 0.0593002 0.0535655 0.00276526
4 0.394146 0.466571 0.0280684 0.0385118 0.00269314
4 0.142512 0.470803 0.0542087 0.0519387 0.00262902
10 0.394011 0.483558 0.0361139 0.038647 0.00250261
5 0.93973 0.207939 0.111794 0.33598 0.00241515
10 0.394146 0.466571 0.0280684 0.0385118 0.00237505
0 0.586384 0.519138 0.0254233 0.0444852 0.00237188
5 0.930172 0.79419 0.122252 0.359804 0.00237148
2 0.990449 0.737025 0.0191014 0.384964 0.00234261
7 0.975987 0.272068 0.0451099 0.390673 0.00212466
4 0.23366 0.480501 0.0344466 0.0453526 0.00206664
7 0.986291 0.365877 0.0234337 0.178524 0.0019976
0 0.161061 0.48743 0.101682 0.0733546 0.00197224
2 0.933589 0.165982 0.114026 0.291588 0.00194757
0 0.0302707 0.476284 0.0523185 0.0422408 0.001944
10 0.512743 0.471283 0.0288278 0.0550297 0.00190737
10 0.583999 0.44524 0.0214703 0.0319588 0.00160997
9 0.0867705 0.481631 0.0566588 0.0531995 0.00159114
2 0.980802 0.725056 0.0383956 0.439319 0.00145519
2 0.935284 0.257044 0.118151 0.384696 0.00144403
4 0.165811 0.4709 0.0587426 0.0635824 0.00144083
10 0.588616 0.442465 0.0194197 0.0400249 0.0013695
10 0.460399 0.465 0.0194419 0.0473314 0.00136182
10 0.98638 0.670356 0.0272398 0.394088 0.00131929
3 0.377411 0.503183 0.0787291 0.0677064 0.00129107
2 0.987055 0.119605 0.0258902 0.23921 0.00127005
5 0.97497 0.370084 0.0471291 0.18786 0.00121941
0 0.0715758 0.479663 0.0395886 0.045385 0.00112949
10 0.975067 0.415777 0.0489399 0.537403 0.00108795
10 0.523111 0.515779 0.0722837 0.11803 0.00105957
7 0.990792 0.749593 0.018416 0.400988 0.00105928
4 0.394011 0.483558 0.0361139 0.038647 0.00100107
