10 0.489123 0.541017 0.159252 0.318461 0.851046
4 0.761029 0.566961 0.184971 0.207212 0.0725711
6 0.761538 0.569296 0.185233 0.201746 0.0575132
11 0.76047 0.58499 0.182922 0.169725 0.0434886
1 0.760234 0.585548 0.18041 0.16682 0.0153443
10 0.777514 0.519769 0.121885 0.116477 0.011195
10 0.760373 0.564704 0.186961 0.210269 0.00299882
1 0.744859 0.612291 0.151915 0.109676 0.00269729
2 0.0332021 0.226635 0.0664042 0.453271 0.00222689
9 0.0551115 0.433042 0.0776897 0.0895839 0.001813
11 0.744859 0.612291 0.151915 0.109676 0.00141845
4 0.628889 0.527486 0.106257 0.0817857 0.00118484
10 0.523515 0.599066 0.074364 0.196158 0.00106398
