10 0.36609 0.503554 0.0543676 0.0916788 0.838506
10 0.515405 0.490204 0.0570475 0.105608 0.725242
10 0.319226 0.503652 0.0608082 0.091737 0.699112
10 0.462988 0.498899 0.0572632 0.0914019 0.588646
10 0.478481 0.472478 0.107399 0.150973 0.259696
10 0.461786 0.473493 0.064351 0.145443 0.228812
10 0.475465 0.432126 0.140119 0.227786 0.0623894
6 0.588695 0.488453 0.0884143 0.0893312 0.015511
8 0.317758 0.503639 0.0619617 0.0930573 0.0114208
4 0.662178 0.460956 0.141447 0.055455 0.00556816
8 0.514297 0.485552 0.0571793 0.115674 0.00431816
8 0.482337 0.470577 0.129011 0.152167 0.00417294
11 0.46281 0.490026 0.0593028 0.110405 0.00354525
10 0.508334 0.468873 0.0654297 0.0880066 0.00310767
8 0.366337 0.502002 0.0537268 0.0893769 0.00310417
11 0.478481 0.472478 0.107399 0.150973 0.00309089
10 0.488139 0.459106 0.101673 0.106882 0.00290742
11 0.366865 0.502862 0.0544923 0.0933605 0.00248381
10 0.651165 0.484908 0.136068 0.117778 0.00192672
4 0.653218 0.465949 0.168431 0.0819035 0.00188086
11 0.318185 0.504003 0.0631316 0.0914117 0.0015608
0 0.515895 0.489522 0.0569186 0.10723 0.0015291
5 0.317758 0.503639 0.0619617 0.0930573 0.0012919
10 0.324201 0.485045 0.119211 0.126267 0.00117439
11 0.515398 0.489993 0.054274 0.104498 0.00116112
0 0.319226 0.503652 0.0608082 0.091737 0.00114095
11 0.495941 0.728769 0.939811 0.431271 0.00105607
