0 0.741542 0.658954 0.141915 0.231033 0.902204
4 0.664038 0.537142 0.06214 0.070338 0.848143
0 0.572227 0.720057 0.267822 0.394517 0.836997
4 0.81994 0.540647 0.0765686 0.075791 0.801972
0 0.36418 0.708134 0.156998 0.347824 0.754979
0 0.633348 0.734611 0.147521 0.367049 0.482761
4 0.411075 0.508883 0.0927174 0.0868081 0.455397
4 0.73399 0.530106 0.0542636 0.0398693 0.34988
4 0.544697 0.529623 0.0549091 0.0628045 0.123936
4 0.560607 0.513493 0.0455432 0.0545748 0.0743807
4 0.437719 0.521058 0.125273 0.0748993 0.0706213
4 0.734474 0.54263 0.055263 0.0636227 0.0681931
4 0.462711 0.527702 0.0753143 0.0569066 0.0573316
4 0.440592 0.532361 0.0311081 0.0502496 0.0394795
9 0.562511 0.533376 0.0233688 0.0666519 0.0388751
4 0.554567 0.533567 0.0367242 0.066627 0.0327989
9 0.5783 0.516098 0.0285472 0.0402322 0.0276655
9 0.554567 0.533567 0.0367242 0.066627 0.0261878
0 0.563568 0.533908 0.021363 0.0691685 0.0187381
4 0.603686 0.514608 0.0736111 0.044579 0.0165135
9 0.567562 0.516717 0.0402951 0.0483152 0.0150634
4 0.522307 0.541008 0.0703706 0.0735969 0.0139346
4 0.577245 0.514945 0.0295539 0.0412228 0.0108471
4 0.543785 0.515651 0.0688566 0.0622401 0.0100025
4 0.479361 0.521002 0.0733055 0.054339 0.00910279
9 0.549171 0.527805 0.0528252 0.0658734 0.00696207
10 0.577245 0.514945 0.0295539 0.0412228 0.006159
10 0.567562 0.516717 0.0402951 0.0483152 0.00580639
4 0.98786 0.460757 0.0209174 0.0474913 0.00547907
0 0.554567 0.533567 0.0367242 0.066627 0.00505743
9 0.509743 0.537874 0.0777314 0.0719217 0.00503662
0 0.507302 0.548174 0.0841104 0.0837411 0.00485252
10 0.559054 0.535141 0.0286769 0.0674977 0.00420945
4 0.715501 0.539268 0.0902766 0.0640545 0.00388262
4 0.386513 0.513062 0.0486424 0.0647197 0.00371065
4 0.495681 0.51943 0.0450187 0.049686 0.00359117
4 0.563279 0.529488 0.0283173 0.06691 0.00356029
4 0.520269 0.521642 0.0775305 0.0501324 0.00352761
4 0.386583 0.495855 0.0466329 0.0648327 0.0029653
4 0.422049 0.502283 0.0721819 0.0653283 0.00285446
0 0.502522 0.703442 0.130326 0.367915 0.00265294
4 0.401628 0.526959 0.0398533 0.0588179 0.00264406
0 0.5783 0.516098 0.0285472 0.0402322 0.00242892
0 0.571038 0.529735 0.0327629 0.0625888 0.0022792
9 0.497062 0.517794 0.0423688 0.0482396 0.00219557
4 0.475709 0.541683 0.114987 0.0747252 0.00214549
4 0.466176 0.51899 0.0932607 0.0913081 0.00188371
9 0.571038 0.529735 0.0327629 0.0625888 0.00155167
9 0.521935 0.549321 0.0584208 0.080916 0.00141273
5 0.411075 0.508883 0.0927174 0.0868081 0.00132217
0 0.707936 0.59933 0.0714846 0.111972 0.00128533
0 0.394559 0.683768 0.164059 0.292231 0.00119352
9 0.541474 0.520889 0.0653303 0.086156 0.00118077
9 0.520269 0.521642 0.0775305 0.0501324 0.00115342
11 0.543785 0.515651 0.0688566 0.0622401 0.00114519
0 0.734474 0.54263 0.055263 0.0636227 0.00112545
0 0.367065 0.549819 0.0492982 0.0691463 0.00100536
