10 0.27801 0.79434 0.0571264 0.144043 0.597812
4 0.791771 0.588039 0.0827618 0.0524129 0.527765
4 0.847346 0.591509 0.0716736 0.0462054 0.485893
1 0.624268 0.588449 0.17698 0.0651129 0.0431464
10 0.0678522 0.517501 0.0288406 0.0417589 0.0342307
4 0.831855 0.586862 0.0914764 0.0459186 0.0279017
3 0.0419974 0.518943 0.0795202 0.053147 0.0197845
1 0.791848 0.588282 0.0842989 0.0538744 0.0155387
4 0.828588 0.345719 0.0767525 0.0399421 0.0142593
5 0.165887 0.130189 0.227301 0.0884128 0.00746257
10 0.964996 0.358159 0.0320459 0.0458121 0.00615305
10 0.929135 0.312451 0.0199106 0.0287278 0.00571223
4 0.757042 0.564695 0.026844 0.0165689 0.00566235
5 0.261484 0.0625396 0.479215 0.125079 0.00480653
4 0.835088 0.583947 0.0567984 0.0424562 0.00476438
4 0.770752 0.573838 0.03944 0.0252034 0.00434901
9 0.849445 0.5923 0.0651886 0.0448328 0.00354162
3 0.792171 0.587797 0.084338 0.0529735 0.00338205
10 0.268265 0.788152 0.0365397 0.129884 0.00321133
1 0.84723 0.590056 0.0712921 0.0485053 0.00318722
1 0.8282 0.351225 0.076696 0.0480408 0.00316145
5 0.244561 0.127354 0.401665 0.0864386 0.00302479
10 0.849238 0.327528 0.0300198 0.0348499 0.00261011
5 0.186515 0.0443746 0.37303 0.0887493 0.00256747
10 0.403995 0.58064 0.0195931 0.0410784 0.00199592
10 0.8341 0.334706 0.0533409 0.0421913 0.00199404
8 0.276884 0.795626 0.0574811 0.145691 0.00190032
0 0.849445 0.5923 0.0651886 0.0448328 0.00185422
4 0.761864 0.558049 0.0392908 0.0274859 0.00153441
10 0.942334 0.365448 0.0184406 0.0413902 0.00152764
4 0.77086 0.583279 0.0383439 0.0431548 0.00143808
10 0.483762 0.312409 0.0278114 0.0555716 0.0012955
10 0.893211 0.325361 0.0261303 0.0296418 0.00128686
1 0.726472 0.342669 0.0499638 0.0578283 0.00111982
4 0.817026 0.345442 0.0520992 0.0312432 0.00108357
10 0.757042 0.564695 0.026844 0.0165689 0.00103029
