5 0.585101 0.55452 0.0855649 0.0982882 0.846882
4 0.975991 0.44237 0.0409754 0.0794242 0.0383192
0 0.977895 0.190766 0.0365442 0.160606 0.00886657
10 0.99063 0.216241 0.0160342 0.118516 0.00630671
0 0.988111 0.192485 0.0204349 0.15829 0.0045255
4 0.975933 0.405011 0.0394085 0.152722 0.0042452
10 0.975514 0.289855 0.0412164 0.42229 0.0039248
1 0.975678 0.442831 0.0417231 0.0734061 0.00391892
10 0.988111 0.192485 0.0204349 0.15829 0.00288143
8 0.585475 0.556202 0.0872414 0.0985619 0.00186808
10 0.978923 0.194807 0.0369106 0.197796 0.00178231
4 0.585475 0.556202 0.0872414 0.0985619 0.00174614
0 0.99063 0.216241 0.0160342 0.118516 0.00144381
1 0.957827 0.429222 0.0774251 0.0506897 0.00144236
0 0.983548 0.218444 0.027503 0.108804 0.00142197
10 0.983773 0.378274 0.0266095 0.296924 0.00135025
1 0.950633 0.753652 0.0892974 0.219852 0.00118848
10 0.983548 0.218444 0.027503 0.108804 0.00103056
