1 0.169452 0.816851 0.31463 0.227014 0.824822
1 0.818532 0.816727 0.128816 0.125363 0.569245
1 0.745611 0.670454 0.0426884 0.0494931 0.209898
1 0.369148 0.766176 0.100612 0.0882892 0.158285
1 0.493169 0.714162 0.0611333 0.0667905 0.145073
1 0.816939 0.723278 0.0851944 0.0861894 0.140169
1 0.545109 0.676683 0.0510582 0.0634064 0.136451
1 0.7143 0.657005 0.0401983 0.0512907 0.10403
1 0.918743 0.799047 0.11986 0.169283 0.0638016
1 0.731517 0.654918 0.067491 0.0606489 0.0459256
1 0.555689 0.6808 0.0538511 0.0569358 0.0449826
1 0.447694 0.738922 0.0709337 0.0748027 0.0443229
1 0.793362 0.708714 0.117067 0.110138 0.0428828
1 0.798815 0.676703 0.0610125 0.0749548 0.0215669
1 0.459363 0.729419 0.095022 0.0790669 0.0213198
4 0.580283 0.612034 0.0230042 0.0387165 0.0124973
1 0.563022 0.67284 0.0484904 0.0613716 0.0108183
1 0.754749 0.667949 0.0597227 0.0611243 0.00564739
1 0.71623 0.632266 0.0423988 0.0627969 0.00378701
1 0.38941 0.750005 0.139804 0.110807 0.00375161
1 0.0330259 0.911379 0.0568867 0.15503 0.00346405
10 0.580283 0.612034 0.0230042 0.0387165 0.00329461
10 0.71565 0.602043 0.0374241 0.0376488 0.00304556
1 0.828722 0.812569 0.307109 0.178052 0.00241629
1 0.484432 0.725506 0.0806329 0.0784477 0.00235952
1 0.730435 0.72162 0.0488746 0.062298 0.00210047
1 0.797929 0.689939 0.0783669 0.0888251 0.00190396
1 0.825242 0.868515 0.315617 0.230601 0.00178238
1 0.578043 0.661838 0.0311993 0.0465215 0.00174237
3 0.57998 0.608769 0.0231794 0.0425882 0.00167497
1 0.718064 0.647501 0.0465067 0.0737611 0.00146545
1 0.507051 0.697848 0.0713675 0.090374 0.00146366
1 0.422287 0.745632 0.149826 0.111578 0.00141652
5 0.750822 0.459748 0.0312245 0.0614944 0.00139175
1 0.795087 0.77302 0.190009 0.189862 0.00132875
1 0.578874 0.613248 0.0254081 0.0336775 0.0011285
1 0.340065 0.792403 0.0433925 0.0637571 0.001059
1 0.305456 0.783953 0.088282 0.0685482 0.00101583
