4 0.942801 0.537853 0.106429 0.105892 0.870913
10 0.612878 0.549508 0.0670029 0.174874 0.861573
9 0.244997 0.736156 0.334546 0.305483 0.835343
10 0.21017 0.677636 0.200017 0.394424 0.820476
4 0.159928 0.533321 0.121519 0.097343 0.815228
4 0.705967 0.494264 0.109922 0.064315 0.814461
4 0.8109 0.487276 0.104393 0.0631121 0.771565
4 0.899349 0.487151 0.0950829 0.0685238 0.731651
4 0.439139 0.536155 0.276347 0.124644 0.555593
3 0.948911 0.4527 0.0744703 0.0651018 0.506073
4 0.565887 0.493498 0.0951055 0.0666195 0.436108
4 0.973874 0.474732 0.0486148 0.0371626 0.24385
4 0.226143 0.525255 0.23536 0.098266 0.205862
4 0.263555 0.522158 0.153514 0.0899935 0.174285
4 0.955706 0.474302 0.0545639 0.0300568 0.086685
3 0.96651 0.465388 0.0598886 0.0495569 0.0541559
4 0.586074 0.492369 0.127081 0.0788206 0.0155542
4 0.986923 0.476208 0.0212082 0.0427813 0.0120906
9 0.207744 0.718365 0.255009 0.22843 0.00931354
4 0.544535 0.48893 0.210177 0.077296 0.00909793
4 0.764496 0.484566 0.0646288 0.0644756 0.00806867
4 0.613302 0.487464 0.0784827 0.063946 0.00573648
4 0.624499 0.489187 0.0520988 0.0468085 0.00561371
4 0.635595 0.488834 0.034536 0.044235 0.00561317
4 0.337651 0.498757 0.0721506 0.0440877 0.004575
4 0.509889 0.496213 0.0868486 0.0506466 0.00307291
10 0.565947 0.493428 0.0917839 0.0667754 0.00229649
4 0.94783 0.458351 0.0703022 0.0566739 0.00204724
4 0.841548 0.480635 0.0508286 0.0483113 0.00184034
4 0.526755 0.491137 0.124582 0.0579795 0.00162417
4 0.96651 0.465388 0.0598886 0.0495569 0.00161942
4 0.46163 0.505657 0.137151 0.0435505 0.00161463
5 0.942786 0.537078 0.107037 0.105456 0.00156184
5 0.159928 0.533321 0.121519 0.097343 0.00145882
4 0.653904 0.493577 0.0563849 0.0550705 0.00113262
3 0.898174 0.485457 0.0922647 0.0685174 0.00104489
10 0.635595 0.488834 0.034536 0.044235 0.0010038
