10 0.631456 0.692497 0.316989 0.591869 0.859493
10 0.414127 0.666132 0.287279 0.632215 0.822762
10 0.145822 0.58442 0.129966 0.284861 0.679731
10 0.200579 0.840029 0.30017 0.293097 0.632218
10 0.204558 0.664551 0.0981868 0.435494 0.197766
10 0.0976238 0.676067 0.0773842 0.18079 0.187931
10 0.0346729 0.671956 0.0579495 0.242916 0.167783
10 0.115663 0.839667 0.140416 0.288976 0.147855
10 0.0620416 0.665161 0.107603 0.22059 0.0820875
10 0.109956 0.738243 0.107189 0.307755 0.0737337
10 0.272105 0.633429 0.0857063 0.432376 0.0689569
2 0.511885 0.924003 0.0436571 0.132496 0.0570596
10 0.187883 0.694843 0.232805 0.560778 0.0358808
10 0.32649 0.610631 0.0906339 0.31318 0.0307512
10 0.0302917 0.735063 0.0515983 0.371131 0.0220355
10 0.0646537 0.731774 0.101428 0.338089 0.0189955
10 0.698092 0.69579 0.0593174 0.127863 0.0186462
10 0.126622 0.564416 0.097701 0.235279 0.0185025
10 0.136228 0.765751 0.148934 0.392153 0.0160272
10 0.0448957 0.637402 0.0639981 0.175279 0.01525
7 0.970152 0.879002 0.0505737 0.188025 0.0151364
10 0.0408889 0.693401 0.0632447 0.169763 0.0145299
10 0.297875 0.565821 0.126659 0.449023 0.0137702
10 0.271913 0.648411 0.276176 0.664304 0.013761
10 0.0866568 0.802835 0.124963 0.345321 0.0111638
10 0.167754 0.669393 0.147236 0.408055 0.00858186
10 0.690417 0.684172 0.0402957 0.0914994 0.00829094
10 0.327698 0.559609 0.115324 0.448721 0.00799945
2 0.319341 0.624976 0.0692416 0.30919 0.00773847
2 0.533936 0.904766 0.0864597 0.17177 0.00753881
10 0.348094 0.657408 0.210683 0.642254 0.00743394
10 0.262588 0.89082 0.134 0.167489 0.00736193
9 0.703971 0.693542 0.0673195 0.148676 0.00735872
10 0.0287575 0.698614 0.0428196 0.216628 0.00732916
10 0.0903952 0.650927 0.0533962 0.145159 0.00620725
7 0.821562 0.508075 0.347156 0.934692 0.00608485
7 0.981291 0.883572 0.0301175 0.226491 0.00593031
10 0.0565771 0.642461 0.0432433 0.152735 0.00573963
10 0.0661217 0.659865 0.0631946 0.167854 0.00558725
10 0.271365 0.439784 0.145803 0.492453 0.00540164
2 0.897732 0.93181 0.0938873 0.121954 0.0045848
10 0.0334538 0.625986 0.0535362 0.16498 0.00433209
10 0.0423964 0.586574 0.0366568 0.0888678 0.00408014
10 0.112246 0.778103 0.10404 0.183848 0.00398633
2 0.27365 0.655188 0.0800719 0.375441 0.00390908
10 0.242184 0.880807 0.233334 0.206265 0.00389677
10 0.245922 0.735837 0.192516 0.427343 0.00360184
10 0.277167 0.507753 0.111054 0.333349 0.0033928
10 0.0338385 0.591887 0.0520186 0.103829 0.00323141
10 0.19932 0.640037 0.072369 0.302622 0.00300978
11 0.630512 0.691988 0.319166 0.591809 0.00263667
10 0.0518673 0.614995 0.0454606 0.133085 0.00261089
10 0.023114 0.650967 0.0368613 0.203523 0.00255284
6 0.805724 0.679691 0.0713575 0.133807 0.0020841
6 0.981291 0.883572 0.0301175 0.226491 0.00192868
10 0.465571 0.630524 0.195071 0.558699 0.00168356
10 0.362563 0.462165 0.153403 0.28589 0.00154129
10 0.097958 0.644082 0.0418454 0.117747 0.00144149
10 0.113334 0.64739 0.079723 0.165565 0.00137295
10 0.111297 0.550889 0.0653069 0.21108 0.00129183
10 0.244068 0.53544 0.0611864 0.285536 0.00122997
10 0.545825 0.678387 0.422269 0.608505 0.00121274
10 0.754352 0.789837 0.348141 0.36617 0.00120689
10 0.238411 0.633825 0.101575 0.446502 0.00115928
6 0.92528 0.86219 0.13897 0.239241 0.00111651
10 0.0207908 0.710959 0.0338117 0.273798 0.00104736
8 0.196039 0.841878 0.299238 0.28732 0.00101095
