10 0.668041 0.509057 0.28513 0.605665 0.717333
10 0.568364 0.630415 0.251636 0.398976 0.365506
6 0.725077 0.661459 0.146802 0.284073 0.353954
10 0.703822 0.442357 0.21547 0.460497 0.145136
10 0.585142 0.517849 0.286537 0.611992 0.131596
6 0.572096 0.632295 0.262964 0.390357 0.11769
6 0.628078 0.522238 0.367974 0.58624 0.0676323
6 0.722156 0.542121 0.177317 0.517913 0.0606246
6 0.596921 0.613255 0.150861 0.39454 0.0181268
7 0.663015 0.518405 0.0380252 0.051054 0.0111113
8 0.572096 0.632295 0.262964 0.390357 0.00968058
6 0.669992 0.630083 0.274067 0.333395 0.00566947
6 0.753704 0.535685 0.174066 0.421459 0.0040441
2 0.663015 0.518405 0.0380252 0.051054 0.00345746
10 0.535676 0.369547 0.131879 0.247572 0.00174239
11 0.572096 0.632295 0.262964 0.390357 0.00153196
6 0.6601 0.518225 0.0398447 0.0536302 0.00139339
5 0.568458 0.634256 0.258187 0.392746 0.00137824
5 0.663015 0.518405 0.0380252 0.051054 0.00100442
