1 0.758238 0.509069 0.0803677 0.127448 0.695988
1 0.531421 0.558506 0.234986 0.284947 0.683116
10 0.301849 0.377014 0.0418443 0.211182 0.60058
10 0.239152 0.385906 0.0480355 0.192187 0.598102
10 0.0286505 0.370541 0.0480601 0.200349 0.569832
10 0.502496 0.479818 0.0526425 0.186515 0.523559
10 0.334362 0.379166 0.0395501 0.194756 0.522643
10 0.769938 0.431968 0.038017 0.114656 0.388413
10 0.253468 0.384972 0.0738164 0.198857 0.361932
10 0.565915 0.344688 0.0347974 0.062011 0.337998
10 0.573293 0.346605 0.0217774 0.0606351 0.334932
10 0.784885 0.369867 0.0224716 0.0747384 0.261367
10 0.356967 0.391603 0.0381922 0.152432 0.155375
10 0.360814 0.367131 0.025877 0.105577 0.143411
10 0.26722 0.384068 0.0451188 0.195019 0.107552
10 0.0285586 0.322414 0.0449346 0.0881545 0.0806093
10 0.277329 0.381826 0.0879103 0.201773 0.0632477
10 0.295627 0.256482 0.040319 0.0670095 0.0607423
10 0.971701 0.410653 0.0432153 0.0528721 0.0518608
10 0.32218 0.378967 0.0638378 0.203903 0.0473469
4 0.906802 0.403218 0.0744791 0.0540234 0.0337765
10 0.0124701 0.308612 0.0241214 0.109548 0.0311458
10 0.560915 0.540158 0.105549 0.12186 0.0297131
10 0.827212 0.365392 0.0256881 0.0414478 0.0292565
0 0.355675 0.422031 0.0407199 0.101151 0.0250906
10 0.979701 0.373804 0.020525 0.0674364 0.024428
10 0.809037 0.381792 0.0258517 0.0708345 0.0237145
10 0.820614 0.371715 0.0330404 0.0505926 0.0233979
10 0.979023 0.386361 0.0248829 0.0767675 0.02282
10 0.0152702 0.351762 0.0287921 0.222031 0.0202598
10 0.930222 0.371427 0.0275452 0.0643304 0.0180075
10 0.294763 0.271852 0.0336361 0.0879379 0.0176031
10 0.929591 0.119471 0.0377575 0.135864 0.017351
10 0.979783 0.401712 0.0267598 0.0560385 0.0173336
10 0.0115456 0.335662 0.0230321 0.173783 0.0168952
10 0.962028 0.412669 0.0653325 0.0634139 0.0167671
10 0.457883 0.358932 0.0248136 0.06706 0.0165974
10 0.959492 0.386029 0.034761 0.0746424 0.0152643
10 0.340279 0.269024 0.0271091 0.0753938 0.0148295
10 0.954346 0.362131 0.0202628 0.0714679 0.0147465
10 0.790014 0.38536 0.028706 0.0920943 0.0137996
10 0.931826 0.390362 0.034583 0.0635863 0.0137244
10 0.96336 0.403639 0.0414152 0.0510113 0.0120438
9 0.919292 0.405186 0.0594171 0.0583631 0.0118317
10 0.27096 0.343548 0.0357782 0.103833 0.011298
10 0.561998 0.333539 0.0325819 0.0788055 0.0108282
4 0.768471 0.299357 0.0298479 0.0500125 0.0105852
10 0.338173 0.346849 0.0293607 0.221609 0.0102049
10 0.930809 0.408506 0.0392593 0.0637015 0.00984922
1 0.67349 0.415468 0.0825003 0.116244 0.00977143
10 0.571231 0.536303 0.0709385 0.104447 0.00942546
4 0.886295 0.403908 0.0692526 0.0484294 0.0091706
10 0.76482 0.446605 0.0544353 0.141522 0.0085609
10 0.883098 0.359968 0.0182161 0.0636297 0.00785899
10 0.309316 0.32826 0.0519321 0.109322 0.00778349
10 0.300353 0.313134 0.0411513 0.0926679 0.00736852
10 0.262439 0.33028 0.0536526 0.0790462 0.00735866
10 0.988502 0.384497 0.0156523 0.0776108 0.00729254
10 0.919292 0.405186 0.0594171 0.0583631 0.00720971
10 0.968426 0.396719 0.0435139 0.0701292 0.00709438
0 0.907976 0.412938 0.0808786 0.0622326 0.00689982
10 0.0284814 0.261373 0.0520983 0.437651 0.00642946
10 0.972213 0.370296 0.0303262 0.0768866 0.00617709
4 0.923226 0.405623 0.0530103 0.0612322 0.0053333
11 0.881682 0.403764 0.0728173 0.0475542 0.00524891
9 0.769673 0.433581 0.0365861 0.115495 0.00448795
8 0.255201 0.416363 0.0650138 0.129469 0.00426311
0 0.243935 0.413692 0.0560118 0.13944 0.00426163
10 0.918948 0.372648 0.046731 0.0678467 0.00419482
4 0.903438 0.395314 0.0565808 0.0530219 0.00404226
10 0.337612 0.287021 0.030728 0.0887967 0.00377791
10 0.887836 0.363805 0.0272613 0.0669455 0.00364756
10 0.915207 0.392248 0.0644553 0.0592453 0.0035129
9 0.35492 0.422186 0.0412833 0.101325 0.00331601
10 0.306778 0.271797 0.0393226 0.0939097 0.00324075
4 0.81292 0.381592 0.0358183 0.0657745 0.00323707
0 0.557052 0.482398 0.169831 0.254299 0.00292888
4 0.820614 0.371715 0.0330404 0.0505926 0.00283415
10 0.812678 0.386809 0.0388273 0.0778152 0.00278614
9 0.75751 0.509844 0.0791073 0.12397 0.00276646
10 0.769742 0.404411 0.0286382 0.0738361 0.00275996
10 0.576901 0.359173 0.0379307 0.0863222 0.00271996
10 0.977783 0.416548 0.0305476 0.067586 0.00257585
11 0.906802 0.403218 0.0744791 0.0540234 0.00247424
10 0.33476 0.347686 0.0366145 0.124767 0.00243142
10 0.35492 0.422186 0.0412833 0.101325 0.00238762
10 0.752961 0.432139 0.0419906 0.08581 0.00228455
10 0.239232 0.326423 0.0406046 0.0720795 0.00222933
0 0.919292 0.405186 0.0594171 0.0583631 0.00222012
10 0.991228 0.377113 0.0126556 0.149666 0.00195197
4 0.827212 0.365392 0.0256881 0.0414478 0.00192544
10 0.368396 0.376301 0.0347337 0.125115 0.00190552
0 0.769673 0.433581 0.0365861 0.115495 0.0017692
8 0.266697 0.404166 0.0444039 0.153106 0.00176315
1 0.76482 0.446605 0.0544353 0.141522 0.00175858
10 0.462315 0.370341 0.0358822 0.0876548 0.00174804
9 0.96336 0.403639 0.0414152 0.0510113 0.00166739
1 0.277201 0.386769 0.136646 0.198503 0.00165352
9 0.76482 0.446605 0.0544353 0.141522 0.00157161
10 0.945624 0.363701 0.0406621 0.0773834 0.0015715
10 0.808857 0.074722 0.0462331 0.149444 0.00154716
10 0.560264 0.476757 0.161646 0.244941 0.00153186
10 0.364812 0.349942 0.0224432 0.100074 0.00146446
10 0.955872 0.423935 0.0800314 0.0778686 0.00140832
10 0.883217 0.389389 0.0308542 0.0476008 0.00137437
4 0.862848 0.18329 0.0221719 0.0416101 0.00136968
11 0.90042 0.422696 0.0986846 0.0681734 0.00127823
10 0.905213 0.371367 0.0566947 0.0690415 0.00126087
4 0.911632 0.417309 0.0776043 0.0715237 0.00124786
10 0.960456 0.365597 0.032603 0.0795134 0.00123227
10 0.797037 0.404162 0.0263232 0.0827131 0.00122391
9 0.926763 0.417621 0.0487365 0.0700014 0.00119144
9 0.915207 0.392248 0.0644553 0.0592453 0.00114252
6 0.955872 0.423935 0.0800314 0.0778686 0.00113477
10 0.871576 0.364264 0.0242712 0.0643623 0.00108536
0 0.530001 0.549925 0.236488 0.300949 0.00106717
4 0.869571 0.402156 0.0636389 0.0451353 0.00106534
6 0.901868 0.416655 0.0923182 0.06685 0.00103767
