7 0.464424 0.357726 0.0736551 0.0574564 0.762281
8 0.457813 0.730031 0.234284 0.157779 0.51999
6 0.288523 0.717369 0.22737 0.369285 0.490532
5 0.46117 0.728237 0.227378 0.152754 0.292964
7 0.601496 0.359367 0.0581879 0.0536497 0.0999463
2 0.803662 0.428421 0.0333117 0.0631042 0.0951659
6 0.929064 0.701386 0.134881 0.550538 0.0762989
2 0.419504 0.362125 0.0373947 0.0457582 0.0751487
7 0.521311 0.365887 0.0597847 0.0434793 0.0296574
5 0.27309 0.10297 0.149803 0.152259 0.0239597
7 0.774936 0.430962 0.082398 0.0595787 0.0154166
11 0.307789 0.693159 0.190272 0.332413 0.0102326
10 0.460081 0.728381 0.228604 0.152771 0.00691308
2 0.652753 0.342411 0.0456947 0.0846478 0.00594918
2 0.622081 0.358699 0.034116 0.0521191 0.00500174
0 0.29243 0.719257 0.228066 0.373171 0.00438964
6 0.323802 0.680045 0.169187 0.289214 0.00306345
8 0.27309 0.10297 0.149803 0.152259 0.00230526
11 0.926403 0.705938 0.142593 0.563858 0.00216812
7 0.802266 0.429604 0.0345123 0.0617003 0.00203504
2 0.779989 0.427936 0.0838537 0.0621483 0.00186382
8 0.519415 0.731211 0.0919604 0.136799 0.00177314
2 0.634586 0.3491 0.0378998 0.0689579 0.00168259
11 0.311457 0.621757 0.182215 0.192208 0.00140829
