2 0.241059 0.548008 0.211235 0.795141 0.899606
2 0.672788 0.541094 0.155719 0.624793 0.891375
2 0.485844 0.553392 0.184604 0.674896 0.887249
2 0.823616 0.539415 0.134914 0.558421 0.856926
2 0.0462685 0.503222 0.0821245 0.935048 0.330862
7 0.0348752 0.673638 0.0625879 0.612353 0.0189836
2 0.0348752 0.673638 0.0625879 0.612353 0.0153276
7 0.0457533 0.554918 0.0798065 0.828336 0.0130721
2 0.0314177 0.453679 0.0606201 0.890807 0.00276884
2 0.646687 0.286089 0.202601 0.572178 0.00174481
2 0 0.442115 0 0.881825 0.0013936
7 0.673564 0.540724 0.153513 0.623918 0.00107979
