1 0.456399 0.64772 0.272444 0.120819 0.557958
1 0.766585 0.619115 0.0985879 0.0743318 0.534566
1 0.187529 0.838003 0.35916 0.302551 0.359705
1 0.248715 0.89793 0.228486 0.182671 0.349069
1 0.0998287 0.727776 0.176102 0.198526 0.269236
1 0.364593 0.653108 0.091341 0.100768 0.165803
1 0.556696 0.58238 0.559443 0.236089 0.0306139
1 0.138835 0.579214 0.24549 0.0954634 0.0227813
1 0.689096 0.585903 0.276046 0.15432 0.0174807
1 0.435684 0.498629 0.320926 0.371747 0.012706
1 0.100715 0.793653 0.182715 0.334063 0.0123316
1 0.457765 0.589508 0.280356 0.236389 0.00932659
1 0.529118 0.522908 0.607057 0.31379 0.00877336
1 0.950367 0.584671 0.0865142 0.0599902 0.00765659
1 0.327374 0.581506 0.234012 0.0598358 0.00471118
1 0.393906 0.437978 0.415751 0.412065 0.00461399
1 0.446683 0.628165 0.1057 0.106255 0.00425703
1 0.340603 0.565538 0.294897 0.0833676 0.00398558
1 0.811369 0.207352 0.22413 0.414704 0.00349037
1 0.362171 0.594616 0.144011 0.0464776 0.00338847
1 0.464768 0.659177 0.208709 0.0845766 0.00292874
1 0.417524 0.560122 0.149724 0.0657679 0.00263773
1 0.609822 0.577741 0.421687 0.173446 0.00240676
1 0.538839 0.647725 0.120298 0.0977759 0.0023574
1 0.621618 0.628916 0.111146 0.0677464 0.00217414
1 0.536191 0.571834 0.129744 0.0518581 0.00205937
1 0.384306 0.54568 0.22123 0.109532 0.00198542
1 0.189132 0.583577 0.130701 0.0724599 0.00190733
1 0.342365 0.528961 0.3114 0.154826 0.00185551
1 0.439101 0.623738 0.0721957 0.0895814 0.00181525
1 0.362625 0.577465 0.142822 0.0545257 0.00176666
6 0.247476 0.898288 0.231241 0.184951 0.00129375
1 0.776909 0.598406 0.0959105 0.0975915 0.00127956
10 0.66348 0.20916 0.137112 0.418319 0.00118484
10 0.793607 0.204587 0.26196 0.409174 0.00114345
10 0.0156539 0.937945 0.026495 0.113342 0.00109441
1 0.406137 0.581893 0.175907 0.0477126 0.00101277
