6 0.747829 0.695091 0.199338 0.381659 0.899949
6 0.472806 0.494684 0.107208 0.169075 0.860843
10 0.761092 0.423119 0.110239 0.145107 0.852747
6 0.621097 0.504654 0.201908 0.174003 0.763796
8 0.318564 0.820525 0.116014 0.144589 0.731142
10 0.170122 0.572896 0.159767 0.278477 0.66999
10 0.336353 0.565344 0.238117 0.367573 0.630268
11 0.827834 0.918409 0.300983 0.144967 0.478757
11 0.746239 0.585635 0.207931 0.239472 0.421163
6 0.335918 0.564201 0.240482 0.366614 0.341247
11 0.836747 0.863209 0.321429 0.25571 0.32044
11 0.949895 0.653619 0.0941956 0.114696 0.254829
6 0.365331 0.547266 0.183178 0.209344 0.181654
6 0.183114 0.664977 0.349692 0.412185 0.138232
6 0.317131 0.629322 0.228361 0.271481 0.0752766
7 0.0279092 0.63732 0.0505038 0.197228 0.0356683
6 0.737306 0.580045 0.230129 0.222112 0.0352644
10 0.2689 0.57246 0.373997 0.313904 0.0333793
6 0.607238 0.944955 0.0951498 0.098666 0.0263498
7 0.991972 0.621092 0.0129166 0.0363048 0.0238711
6 0.169247 0.565775 0.162223 0.267601 0.022013
6 0.936781 0.646033 0.120466 0.126806 0.0206591
11 0.760823 0.42354 0.11378 0.147614 0.0204346
6 0.0280216 0.64023 0.0499832 0.209119 0.0189253
6 0.683053 0.940864 0.24431 0.104634 0.0180663
11 0.932957 0.856815 0.128434 0.263588 0.0180503
2 0.939826 0.22922 0.0993446 0.0567012 0.015303
5 0.0278438 0.646692 0.0502257 0.205471 0.0138677
11 0.707809 0.589367 0.129432 0.221951 0.013206
6 0.138388 0.595097 0.106348 0.152555 0.0125295
11 0.348666 0.559567 0.212001 0.194533 0.0117955
6 0.986807 0.667819 0.0237795 0.175348 0.0117644
7 0.939826 0.22922 0.0993446 0.0567012 0.0114632
10 0.344108 0.642178 0.172908 0.251574 0.008534
11 0.962074 0.756926 0.0685776 0.320233 0.0080602
10 0.320095 0.82248 0.115697 0.140199 0.00678059
10 0.986639 0.533473 0.0238073 0.313402 0.00641343
6 0.579434 0.949243 0.170395 0.101513 0.00619087
6 0.857374 0.857869 0.278366 0.266242 0.00599318
10 0.141571 0.555048 0.100212 0.246789 0.0055818
7 0.793718 0.46257 0.0460798 0.0679448 0.00528012
11 0.974149 0.855245 0.0475399 0.268381 0.00485282
6 0.874026 0.625914 0.0860336 0.104633 0.0047902
7 0.987938 0.610365 0.019643 0.0570998 0.00475102
6 0.924239 0.857259 0.144587 0.264552 0.00438672
11 0.939406 0.776793 0.115683 0.344123 0.00415275
6 0.0804534 0.581152 0.152996 0.22742 0.00411779
10 0.0279005 0.64743 0.0503785 0.201157 0.00376458
6 0.949907 0.666874 0.0957262 0.140501 0.00331607
11 0.747966 0.692462 0.199683 0.389564 0.00308029
6 0.988269 0.642855 0.0201359 0.10179 0.00292436
11 0.987304 0.668421 0.0226826 0.157221 0.00251036
7 0.986807 0.667819 0.0237795 0.175348 0.00250815
11 0.988269 0.642855 0.0201359 0.10179 0.00249299
6 0.39887 0.522966 0.116129 0.208898 0.00245836
2 0.991972 0.621092 0.0129166 0.0363048 0.00220004
6 0.620704 0.948382 0.135693 0.103235 0.00219041
11 0.707484 0.936557 0.295945 0.113297 0.0021613
10 0.369038 0.561199 0.0618915 0.0882041 0.00215125
11 0.471598 0.494582 0.109193 0.169631 0.00207533
6 0.711712 0.600044 0.133504 0.219994 0.00197638
6 0.320095 0.82248 0.115697 0.140199 0.00187632
6 0.638353 0.472968 0.156856 0.125162 0.00187036
11 0.337032 0.629549 0.200328 0.271015 0.00176565
2 0.384228 0.451252 0.0285662 0.0518985 0.00166984
7 0.800316 0.473629 0.0302145 0.0487322 0.00160024
7 0.989364 0.79905 0.0188093 0.295911 0.00159386
2 0.912908 0.230932 0.0484924 0.0573146 0.00148565
2 0.96382 0.620479 0.0574072 0.0570709 0.00143364
10 0.754558 0.598321 0.225804 0.255531 0.00137862
6 0.561449 0.949817 0.146541 0.0848982 0.00130831
2 0.942866 0.198161 0.108093 0.0682377 0.00127447
10 0.165159 0.482273 0.067341 0.10029 0.0012205
6 0.947076 0.637553 0.0960651 0.0803984 0.00121019
2 0.143798 0.605085 0.0950022 0.131609 0.00118505
6 0.584908 0.960089 0.0980643 0.0758554 0.00112263
11 0.73583 0.946997 0.301391 0.106006 0.0011016
7 0.988085 0.861352 0.0212042 0.259369 0.00106742
6 0.142262 0.596879 0.270795 0.264515 0.00104578
6 0.929185 0.625336 0.0977087 0.0847663 0.00104337
7 0.988269 0.642855 0.0201359 0.10179 0.00103959
6 0.896721 0.63215 0.0419571 0.10008 0.0010072
