2 0.373982 0.56416 0.161545 0.694065 0.895211
7 0.696016 0.874436 0.0971193 0.185624 0.890001
10 0.616987 0.47368 0.747791 0.929689 0.821784
7 0.147732 0.646847 0.282732 0.690494 0.0448242
11 0.600772 0.877736 0.683783 0.204957 0.0365928
4 0.149445 0.646322 0.287824 0.690459 0.00883026
2 0.147108 0.644274 0.282066 0.690427 0.00374525
7 0.880025 0.862229 0.136967 0.234272 0.00193576
10 0.696345 0.874718 0.0968187 0.186584 0.0012871
11 0.508598 0.470299 0.965935 0.922738 0.00127316
6 0.696345 0.874718 0.0968187 0.186584 0.00105892
6 0.885826 0.858743 0.149129 0.231676 0.00103907
