10 0.443029 0.43584 0.0814839 0.191808 0.845762
9 0.135139 0.819845 0.250103 0.342176 0.538361
4 0.611011 0.374361 0.164414 0.133721 0.527789
4 0.707046 0.35106 0.0744999 0.0608904 0.176998
4 0.166878 0.44126 0.246892 0.14098 0.0747381
10 0.512447 0.368495 0.0810465 0.0898128 0.0480415
4 0.643241 0.365326 0.104638 0.118105 0.044129
0 0.0517334 0.460741 0.103467 0.104766 0.0211516
0 0.131637 0.815013 0.24541 0.34933 0.00720658
3 0.950204 0.37049 0.0923267 0.11262 0.00555913
5 0.376109 0.168286 0.671624 0.325871 0.00525879
10 0.529036 0.369326 0.0473018 0.0870303 0.00410229
4 0.855046 0.369995 0.151199 0.0822783 0.00322251
11 0.12841 0.81746 0.241044 0.343149 0.00246239
10 0.13489 0.812434 0.199646 0.349648 0.00242819
4 0.893736 0.376807 0.0737478 0.054542 0.00206798
3 0.610946 0.374988 0.166589 0.135349 0.00166003
0 0.610946 0.374988 0.166589 0.135349 0.00120122
8 0.160848 0.846732 0.187062 0.293344 0.00114308
0 0.447622 0.478849 0.0710227 0.098894 0.00101025
