7 0.463588 0.591891 0.302543 0.340775 0.152056
10 0.567201 0.508745 0.797275 0.963014 0.0876001
2 0.614172 0.474885 0.650073 0.888912 0.0635025
10 0.0372931 0.27126 0.039984 0.123213 0.0259487
7 0.614172 0.474885 0.650073 0.888912 0.0162099
2 0.0699336 0.165212 0.105314 0.305796 0.0117979
7 0.703261 0.327915 0.429443 0.62141 0.00631725
11 0.504072 0.547633 0.950184 0.86308 0.00596157
10 0.0688639 0.163645 0.106116 0.312509 0.00458408
2 0.466459 0.60133 0.308493 0.376234 0.003615
10 0.609795 0.347315 0.660278 0.645268 0.00336762
5 0.820927 0.485077 0.310392 0.928845 0.00231273
10 0.707389 0.488377 0.454781 0.922354 0.00170698
5 0.49592 0.50105 0.936995 0.880244 0.00161965
6 0.517822 0.606687 0.949305 0.734781 0.00149497
2 0.0362915 0.271159 0.0414161 0.113448 0.001426
10 0.0352418 0.215042 0.0405402 0.240579 0.00135782
10 0.466459 0.60133 0.308493 0.376234 0.00110975
7 0.0653166 0.159098 0.108262 0.306609 0.00100556
