2 0.535878 0.808046 0.0711206 0.354093 0.882681
2 0.717453 0.814779 0.0801821 0.360101 0.879734
2 0.615336 0.813948 0.0864113 0.361514 0.876939
2 0.383208 0.809324 0.0792252 0.354935 0.872102
2 0.295314 0.347486 0.0872053 0.38679 0.865583
2 0.796429 0.814437 0.0787983 0.354728 0.864789
2 0.461819 0.805152 0.0825422 0.364019 0.862749
2 0.6598 0.36148 0.0853095 0.433889 0.862147
2 0.76137 0.380823 0.0918795 0.373038 0.860264
2 0.956444 0.820588 0.0776829 0.351946 0.859991
2 0.0479467 0.801676 0.0843401 0.342208 0.85518
2 0.875471 0.818165 0.0788288 0.350559 0.852365
2 0.207872 0.347731 0.0718475 0.362724 0.852118
2 0.27895 0.808698 0.0735289 0.353081 0.851252
2 0.205491 0.80598 0.0721102 0.35349 0.850202
2 0.128699 0.805499 0.0784801 0.352983 0.849362
2 0.382729 0.349668 0.0837398 0.400225 0.846722
2 0.94949 0.356607 0.0845671 0.379072 0.845668
2 0.0431627 0.344941 0.0782532 0.373234 0.843865
2 0.134458 0.349642 0.0746039 0.379753 0.839163
2 0.854402 0.36 0.0840573 0.398814 0.82312
2 0.470195 0.335612 0.0961815 0.454095 0.17693
2 0.570311 0.33188 0.0913477 0.453677 0.152562
10 0.850172 0.463609 0.0697294 0.136588 0.0360781
2 0.458067 0.47336 0.0774485 0.16873 0.0316651
2 0.845761 0.466063 0.0624225 0.134381 0.0206086
2 0 0.721145 0 0.475279 0.0175593
2 0.955327 0.748012 0.0661591 0.218192 0.0155841
2 0.565735 0.477409 0.0859738 0.170355 0.0151866
2 0 0.588538 0 0.61462 0.0139853
2 0.016216 0.785943 0.0272631 0.365627 0.010156
2 0.988676 0.802934 0.0226488 0.394132 0.00967885
2 0.0109735 0.791493 0.0189694 0.407141 0.0077667
2 0.979116 0.749914 0.0309935 0.262699 0.00725311
7 0.0109996 0.893829 0.0162085 0.130548 0.00707373
10 0.0998207 0.764017 0.18143 0.353388 0.0070094
2 0.0190961 0.236826 0.035577 0.473651 0.00688527
2 0 0.244664 0 0.489327 0.00526588
2 0.0189088 0.723861 0.0351818 0.328426 0.00471234
2 0.467118 0.432585 0.0938032 0.257883 0.00451741
2 0.871861 0.444124 0.0575064 0.203455 0.00444631
2 0.0122746 0.83583 0.0202718 0.232235 0.00407044
10 0.761108 0.379515 0.0923571 0.378019 0.00378139
7 0.0122974 0.866045 0.0183518 0.160009 0.00359505
2 0.979365 0.680257 0.0301412 0.179552 0.00353815
2 0.778821 0.791263 0.0400631 0.392928 0.00343875
0 0.563332 0.469154 0.0819342 0.145983 0.0034152
2 0.175282 0.203274 0.26283 0.388884 0.00307113
7 0.0109735 0.791493 0.0189694 0.407141 0.00284721
2 0.858508 0.425892 0.084462 0.219404 0.00277201
2 0.0245701 0.846048 0.0432749 0.258972 0.00269323
7 0.857468 0.496077 0.0804542 0.0698128 0.00257802
2 0 0.36128 0 0.389163 0.0025168
2 0.0160062 0.596619 0.0306029 0.482818 0.00238116
10 0.989541 0.798955 0.0209179 0.402089 0.00236079
10 0.857602 0.445329 0.086434 0.185651 0.00222323
2 0.382659 0.458799 0.0783392 0.205849 0.00204469
2 0.0282678 0.756873 0.0474981 0.263815 0.00197658
2 0.760659 0.833754 0.0426426 0.332491 0.00194129
2 0 0.870227 0 0.259546 0.00187865
2 0.0461924 0.641394 0.0805899 0.119352 0.00161507
2 0.792708 0.750901 0.0644281 0.231143 0.0016133
2 0.0467064 0.756047 0.0547868 0.2522 0.0015822
2 0.111826 0.195867 0.201729 0.377504 0.00157982
10 0.0149019 0.74682 0.0275117 0.310741 0.00143366
2 0.0310826 0.439341 0.0582608 0.218184 0.00130299
7 0.0149019 0.74682 0.0275117 0.310741 0.00122878
2 0.0111298 0.147092 0.0222596 0.294185 0.00118594
2 0.987562 0.471543 0.0209236 0.195594 0.0011493
2 0.977388 0.595961 0.034512 0.322177 0.0011457
2 0.0112689 0.302368 0.0199216 0.365113 0.00108305
2 0.857468 0.496077 0.0804542 0.0698128 0.00107411
10 0.461561 0.805215 0.0804514 0.362364 0.00107392
2 0.872966 0.488871 0.0507635 0.0813309 0.0010588
2 0.0179809 0.146344 0.0341971 0.292688 0.00102365
