11 0.49455 0.872815 0.740932 0.226035 0.882646
2 0.568928 0.760562 0.063373 0.17828 0.254323
6 0.54208 0.774334 0.296212 0.405855 0.213433
1 0.121732 0.641233 0.213669 0.0911807 0.0612474
11 0.121359 0.656927 0.220198 0.119665 0.057423
10 0.955969 0.489009 0.0740797 0.312987 0.0192404
11 0.823958 0.725156 0.334375 0.219363 0.013636
7 0.572194 0.771191 0.0760408 0.182054 0.0098143
11 0.817056 0.793565 0.347326 0.337687 0.00927765
6 0.640063 0.744961 0.467642 0.409543 0.00908513
10 0.955168 0.579663 0.0794926 0.577667 0.00741778
6 0.387706 0.620759 0.0853432 0.0802155 0.00537627
7 0.985875 0.360883 0.0275402 0.330168 0.00360604
5 0.969146 0.307976 0.0532745 0.154495 0.00297789
10 0.961755 0.468712 0.0755239 0.49652 0.00251425
11 0.899732 0.778776 0.183234 0.330036 0.00234975
7 0.957796 0.441201 0.0844084 0.42443 0.00212226
11 0.371174 0.700618 0.391867 0.150497 0.00201366
6 0.957991 0.438152 0.0840178 0.416995 0.00166116
6 0.535247 0.791977 0.626307 0.362987 0.00146623
4 0.124674 0.642278 0.216443 0.0951253 0.00133433
2 0.56467 0.745611 0.0855458 0.251261 0.00132838
11 0.719148 0.854162 0.363989 0.239479 0.00124035
6 0.81855 0.782293 0.343981 0.332546 0.00104206
6 0.255438 0.823095 0.479128 0.290807 0.00103582
