6 0.7778 0.721494 0.263945 0.430351 0.821372
11 0.679908 0.692529 0.551691 0.458413 0.641641
11 0.82121 0.628328 0.242739 0.236165 0.214755
11 0.709506 0.62789 0.469232 0.255315 0.105457
6 0.51776 0.675674 0.245329 0.437527 0.0198042
6 0.477335 0.597567 0.157799 0.273792 0.00900202
6 0.690996 0.625433 0.49309 0.26097 0.00699102
6 0.81416 0.628796 0.247488 0.241684 0.00695256
11 0.563465 0.684242 0.333008 0.454127 0.00656941
11 0.861321 0.600399 0.161023 0.177473 0.00551748
11 0.776371 0.712284 0.2693 0.410884 0.00440953
11 0.861906 0.550485 0.143043 0.157794 0.00143342
11 0.876069 0.579323 0.127714 0.133238 0.00104234
11 0.853952 0.562213 0.161803 0.102204 0.00101489
