7 0.671641 0.415496 0.61074 0.795127 0.726948
2 0.102736 0.478912 0.199169 0.115556 0.725683
2 0.142715 0.480374 0.0849515 0.114157 0.195993
2 0.27463 0.468437 0.0745853 0.127022 0.147489
2 0.180978 0.477466 0.0536209 0.112571 0.128125
2 0.0266033 0.421893 0.0497256 0.0734041 0.122501
2 0.0580578 0.482391 0.107368 0.109495 0.0955089
2 0.0287288 0.453683 0.0545898 0.128996 0.0409492
2 0.031803 0.4845 0.0598721 0.105447 0.0269178
2 0.319923 0.467849 0.167988 0.134348 0.0227271
2 0.688072 0.414686 0.600297 0.77605 0.0200624
2 0.133554 0.386175 0.10395 0.061932 0.0192322
2 0.0225372 0.410281 0.0427383 0.0524866 0.00862954
7 0.134022 0.386373 0.101881 0.0595596 0.00674142
2 0.937067 0.181069 0.116407 0.351688 0.00638488
2 0.0430553 0.399598 0.0775189 0.0442074 0.00491249
11 0.574283 0.641248 0.841456 0.364677 0.0034679
2 0.0208178 0.346392 0.038485 0.0496173 0.00329028
2 0 0.451791 0 0.138987 0.00328147
2 0.0215375 0.481437 0.0370975 0.107859 0.00327602
2 0 0.413176 0 0.102588 0.00282798
3 0.66608 0.404134 0.612045 0.778624 0.00278913
11 0.0711841 0.707438 0.128311 0.138499 0.00246564
2 0.301238 0.442846 0.201572 0.1915 0.0019564
2 0.933788 0.110601 0.118434 0.210401 0.00146784
7 0.284097 0.466633 0.0788344 0.121237 0.00142529
2 0.105765 0.393632 0.16845 0.0482149 0.00114882
7 0.152013 0.477373 0.0947964 0.115483 0.00110614
2 0 0.528093 0 0.322394 0.00106901
7 0.321862 0.466606 0.153748 0.123943 0.00103413
