4 0.903827 0.735754 0.184515 0.189232 0.869964
4 0.280013 0.88333 0.284784 0.185272 0.86921
4 0.0573281 0.824889 0.106799 0.15959 0.814527
4 0.395997 0.549529 0.130394 0.0971558 0.792641
4 0.350677 0.809749 0.238201 0.158628 0.607174
4 0.162259 0.789964 0.0796202 0.0527006 0.19765
4 0.789441 0.515108 0.0307677 0.0355091 0.191983
4 0.711663 0.52209 0.0498311 0.0480142 0.0757098
4 0.703528 0.524696 0.0378689 0.0413682 0.0272252
4 0.155311 0.809109 0.0871804 0.0896095 0.019958
4 0.775181 0.50508 0.0521024 0.0424277 0.0127015
4 0.708894 0.532404 0.0412249 0.0469837 0.0118661
9 0.746594 0.676975 0.0970317 0.0969508 0.0111705
4 0.432413 0.545997 0.0729342 0.0771554 0.0111009
0 0.471677 0.650337 0.0610284 0.0770965 0.00927432
4 0.527518 0.535998 0.0388464 0.060886 0.00872001
4 0.784014 0.51148 0.0431686 0.0463891 0.00806932
5 0.0568877 0.824802 0.107289 0.161513 0.00720405
4 0.481665 0.549098 0.0679975 0.0777847 0.00455007
4 0.699993 0.535278 0.0261715 0.0408673 0.0042357
0 0.476347 0.620144 0.060464 0.139554 0.00412284
10 0.989708 0.528006 0.0153201 0.121463 0.00365559
4 0.76512 0.502966 0.0372909 0.0409364 0.00351154
10 0.989574 0.555384 0.0151077 0.0679262 0.00345546
10 0.527873 0.536501 0.0385777 0.0631254 0.00342655
4 0.902891 0.678928 0.154743 0.0842222 0.00338421
4 0.156388 0.77815 0.0753152 0.0476314 0.00322987
4 0.953278 0.687698 0.0831715 0.0910329 0.00304456
4 0.379087 0.844527 0.181655 0.223159 0.00286836
0 0.482235 0.65466 0.0401165 0.0688457 0.00279668
4 0.348571 0.88456 0.157811 0.177851 0.00278656
10 0.450923 0.991195 0.0448823 0.0176104 0.00262141
4 0.759265 0.671795 0.119766 0.103003 0.0021676
10 0.969547 0.509659 0.0510794 0.174419 0.00201851
4 0.345858 0.779745 0.152434 0.0967605 0.0019858
10 0.98826 0.503686 0.0181449 0.191111 0.00193163
4 0.714752 0.512171 0.0402201 0.0614226 0.00186218
4 0.498466 0.536079 0.104973 0.0706683 0.00162028
9 0.0562445 0.825124 0.107565 0.161168 0.00144809
4 0.0788564 0.823436 0.0618353 0.103005 0.00138629
4 0.120868 0.90885 0.239227 0.179185 0.0013023
4 0.983392 0.686421 0.0251706 0.0957356 0.0012914
4 0.0112643 0.823202 0.0164223 0.146411 0.00126994
10 0.446919 0.991921 0.0740496 0.0161573 0.00120256
4 0.970037 0.683653 0.048357 0.0931357 0.0010477
