9 0.654192 0.538623 0.0796749 0.23414 0.858201
10 0.656051 0.469732 0.0891929 0.241561 0.77999
6 0.16048 0.551878 0.0980796 0.172964 0.0270064
6 0.108325 0.537448 0.209447 0.403462 0.0135961
6 0.284987 0.46916 0.0889624 0.254837 0.0119272
11 0.149504 0.546916 0.11568 0.14223 0.00861147
6 0.172077 0.515302 0.0852423 0.203117 0.00654492
6 0.363546 0.513063 0.0855963 0.159926 0.00564964
10 0.985067 0.356172 0.0266304 0.249291 0.00549192
6 0.109604 0.567404 0.19975 0.195528 0.00441516
6 0.142041 0.601991 0.115571 0.274405 0.00406926
6 0.146424 0.507501 0.138804 0.317585 0.00291707
4 0.761142 0.437863 0.0391836 0.0514818 0.00285462
0 0.657065 0.541579 0.0874268 0.225547 0.00281277
11 0.107383 0.562162 0.206877 0.202592 0.00238094
5 0.734994 0.0560192 0.0549091 0.105775 0.00209496
4 0.847872 0.425512 0.0401049 0.0607281 0.00207572
6 0.201277 0.501901 0.0816602 0.201579 0.00203177
11 0.107678 0.543533 0.206387 0.34122 0.00184801
4 0.728689 0.43755 0.0804783 0.0664225 0.00124484
0 0.203281 0.494434 0.0724072 0.205951 0.00120293
1 0.989384 0.812948 0.0187073 0.240454 0.00117552
0 0.247292 0.528541 0.0629426 0.135625 0.00110746
