0 0.880154 0.612532 0.132079 0.15036 0.799967
0 0.865393 0.627982 0.0948119 0.114859 0.0455301
0 0.897938 0.595318 0.0911593 0.117074 0.0192777
0 0.188459 0.757293 0.213924 0.276089 0.0163683
10 0.544041 0.518158 0.0506873 0.071831 0.0133113
5 0.430265 0.602844 0.0828533 0.0421144 0.0109568
9 0.879198 0.611133 0.131899 0.148576 0.00883464
0 0.891576 0.630837 0.0893759 0.114095 0.00667754
1 0.157622 0.783789 0.2865 0.284127 0.00629955
0 0.164267 0.783835 0.295427 0.38671 0.00521845
10 0.515027 0.512264 0.0304283 0.0450843 0.00486985
5 0.453027 0.597334 0.038052 0.0294317 0.00418709
1 0.208658 0.733215 0.120258 0.141579 0.00294702
9 0.216989 0.740556 0.169253 0.278454 0.00204779
9 0.161182 0.779132 0.292025 0.390189 0.00175365
10 0.215137 0.744052 0.156674 0.26259 0.00139805
0 0.868704 0.64566 0.0701623 0.0814421 0.00133468
0 0.219611 0.723643 0.174507 0.241728 0.00120497
10 0.527713 0.512355 0.0464089 0.0655448 0.00109284
0 0.839797 0.614331 0.049215 0.1189 0.00103839
