0 0.7654 0.668873 0.377428 0.607993 0.802113
0 0.510878 0.454622 0.138539 0.13055 0.55161
10 0.755119 0.289355 0.0199636 0.0630966 0.133282
10 0.682612 0.289473 0.0357348 0.0571991 0.040028
10 0.665387 0.289726 0.0207483 0.0531757 0.0396061
0 0.691245 0.601946 0.229179 0.416725 0.0367024
9 0.766413 0.672773 0.376905 0.599997 0.0337794
10 0.547725 0.294439 0.0220921 0.0501981 0.031293
10 0.547571 0.304769 0.0269526 0.0725986 0.00810708
10 0.547998 0.320697 0.0320475 0.101042 0.00393601
10 0.967937 0.336313 0.0257236 0.0726696 0.00335621
10 0.8158 0.720202 0.265365 0.50904 0.00328066
10 0.989409 0.262025 0.0203907 0.198901 0.00291925
0 0.545919 0.451645 0.06473 0.129699 0.00252543
9 0.50995 0.45553 0.135527 0.1295 0.00241072
9 0.664482 0.291649 0.0298344 0.0543976 0.00231374
0 0.751948 0.29088 0.0258676 0.0645607 0.00228417
10 0.672795 0.284668 0.0277769 0.0595127 0.00222012
10 0.575414 0.2903 0.0183483 0.0460415 0.00195456
10 0.690769 0.292248 0.0245275 0.0579611 0.00173205
10 0.661013 0.293347 0.0226618 0.0501069 0.00169601
10 0.990478 0.285869 0.0173395 0.136479 0.00160146
9 0.6857 0.290291 0.024625 0.0583306 0.00127926
0 0.497341 0.451564 0.0986093 0.109009 0.00123459
6 0.691245 0.601946 0.229179 0.416725 0.00113325
0 0.664482 0.291649 0.0298344 0.0543976 0.00111951
9 0.827908 0.722714 0.262633 0.508529 0.00107854
