3 0.712695 0.484025 0.556801 0.624345 0.863983
3 0.275232 0.647789 0.525511 0.320982 0.00454415
3 0.47644 0.686771 0.934293 0.40459 0.00447638
4 0.540907 0.667259 0.889326 0.35887 0.00309878
4 0.778006 0.483631 0.428296 0.179087 0.00309169
4 0.713195 0.479535 0.56148 0.615695 0.00283888
3 0.565135 0.632928 0.849124 0.288009 0.00221655
3 0.525703 0.401329 0.913289 0.782273 0.00182404
4 0.598226 0.648092 0.259424 0.261926 0.00152556
10 0.989873 0.904437 0.0182076 0.191125 0.00133022
3 0.571876 0.530773 0.845129 0.492106 0.00118961
