11 0.632746 0.854173 0.674801 0.272051 0.750396
2 0.563989 0.798469 0.0796567 0.25005 0.750079
11 0.524823 0.873379 0.453075 0.239618 0.531292
11 0.446728 0.824051 0.782077 0.323232 0.0348333
11 0.742931 0.782746 0.449321 0.259186 0.0244046
11 0.295415 0.803158 0.47991 0.354071 0.0182521
6 0.703009 0.550921 0.195922 0.248288 0.0182474
11 0.258856 0.603297 0.296223 0.307655 0.0125235
11 0.26789 0.519664 0.272786 0.13823 0.00830933
11 0.226426 0.544701 0.36621 0.185264 0.00754487
11 0.802646 0.780885 0.326538 0.200301 0.00301769
11 0.948389 0.595973 0.0946211 0.126574 0.00296587
7 0.901402 0.718048 0.0373827 0.0572523 0.00262143
11 0.225884 0.618979 0.394262 0.126548 0.00250786
2 0.935586 0.708912 0.0357322 0.0813397 0.00249124
6 0.347586 0.766076 0.323554 0.268091 0.00221468
11 0.94772 0.662045 0.0952474 0.256568 0.0020371
2 0.27189 0.743544 0.134779 0.310934 0.00178573
11 0.735377 0.729788 0.457701 0.155822 0.00157932
6 0.394366 0.811789 0.209542 0.230675 0.00157669
7 0.437572 0.888114 0.102656 0.200418 0.00127309
11 0.228236 0.5908 0.417359 0.200216 0.00111382
