6 0.646536 0.840933 0.138576 0.295779 0.898641
6 0.498703 0.874393 0.259062 0.231552 0.840825
11 0.382902 0.877002 0.177531 0.219561 0.627909
6 0.236659 0.874898 0.22079 0.234572 0.401306
10 0.982801 0.578557 0.0260642 0.137714 0.214993
11 0.500354 0.856447 0.250356 0.258329 0.101956
11 0.921368 0.771536 0.150021 0.252372 0.0533698
11 0.462206 0.826354 0.353846 0.176403 0.0381138
10 0.944281 0.574586 0.0284716 0.115769 0.0311465
11 0.0752331 0.907354 0.148394 0.165463 0.0234923
11 0.477555 0.84565 0.426758 0.244472 0.0164564
1 0.729549 0.533243 0.065083 0.17364 0.0127443
1 0.573222 0.746401 0.818961 0.388509 0.00706864
2 0.898006 0.573833 0.0241098 0.0925408 0.0060376
2 0.982715 0.593937 0.0281166 0.166352 0.00418508
2 0.944281 0.574586 0.0284716 0.115769 0.00402786
6 0.973594 0.798267 0.048583 0.234232 0.00331146
6 0.0769849 0.908217 0.15093 0.166422 0.0030417
10 0.985784 0.528805 0.0230289 0.273375 0.00196926
2 0.836047 0.578852 0.0622433 0.0766307 0.00186878
6 0.447066 0.815646 0.315036 0.217142 0.00185899
6 0.391294 0.864852 0.135087 0.220344 0.00185275
7 0.0180727 0.917753 0.0358863 0.161683 0.00177183
11 0.647709 0.840775 0.139845 0.299448 0.00172606
2 0.869669 0.574672 0.0559953 0.0670464 0.00155254
6 0.286262 0.839103 0.329185 0.300153 0.00115964
11 0.49613 0.772228 0.138168 0.0768425 0.00115422
1 0.0769849 0.908217 0.15093 0.166422 0.00112528
10 0.554873 0.47153 0.829297 0.916211 0.00109234
6 0.605541 0.831025 0.755371 0.259973 0.00102595
