8 0.272309 0.504636 0.484358 0.971275 0.800752
11 0.721617 0.595855 0.428084 0.718148 0.0901679
6 0.85149 0.895498 0.166504 0.183664 0.043269
5 0.272309 0.504636 0.484358 0.971275 0.0327539
4 0.785266 0.668865 0.0633015 0.0603398 0.0173305
6 0.67815 0.484878 0.528053 0.936455 0.0167277
6 0.713343 0.604557 0.41023 0.740965 0.0164293
10 0.865777 0.714834 0.048485 0.164464 0.00664075
11 0.580541 0.483108 0.685504 0.934365 0.0018798
2 0.86458 0.71532 0.0499902 0.164434 0.00187562
6 0.81085 0.471775 0.306346 0.88412 0.00162644
6 0.83323 0.938292 0.124816 0.094714 0.00149044
4 0.930664 0.892036 0.122601 0.186035 0.0012215
6 0.266488 0.503835 0.492915 0.970141 0.0010312
