9 0.51094 0.923025 0.10782 0.106187 0.831956
4 0.0344322 0.884212 0.0626495 0.0592978 0.806627
10 0.524909 0.879428 0.0413568 0.090926 0.56295
10 0.464541 0.87706 0.0241137 0.0844215 0.233325
10 0.197754 0.902307 0.0236154 0.0702884 0.200057
6 0.320615 0.922591 0.0476926 0.0687409 0.130461
10 0.378819 0.855273 0.0261908 0.0615006 0.107258
4 0.0836527 0.892403 0.0519361 0.0696411 0.080867
4 0.122522 0.890574 0.124044 0.07092 0.074377
10 0.108963 0.890907 0.0313036 0.0658593 0.0297557
10 0.353942 0.91171 0.0276103 0.0693196 0.0256261
10 0.187927 0.902944 0.0204476 0.0654273 0.0250388
4 0.0705053 0.893712 0.0359744 0.0642596 0.0216765
10 0.210913 0.901431 0.0411614 0.0771293 0.0208132
10 0.371234 0.878162 0.040647 0.0756989 0.0201678
10 0.0991807 0.894223 0.0308066 0.0672689 0.0196605
10 0.13902 0.890616 0.0390204 0.0643536 0.017829
10 0.12378 0.89372 0.0438306 0.0641763 0.0170711
10 0.219124 0.891859 0.0314945 0.0721338 0.0161788
10 0.124786 0.892053 0.120722 0.0693291 0.0140412
10 0.153 0.889629 0.024651 0.0659475 0.0120421
10 0.187662 0.89444 0.0282832 0.0684365 0.0117115
3 0.0344322 0.884212 0.0626495 0.0592978 0.00938887
10 0.472158 0.875483 0.033978 0.0765589 0.00903937
10 0.454692 0.875546 0.0314359 0.0857722 0.00859231
10 0.0793467 0.888825 0.0433194 0.0670857 0.00722243
10 0.232643 0.867844 0.0225383 0.0501153 0.0071433
10 0.709285 0.797016 0.0295775 0.0561543 0.00663332
10 0.163255 0.883637 0.0294498 0.0533468 0.00636258
10 0.988928 0.735277 0.0206382 0.213103 0.00540049
11 0.321369 0.923033 0.0470599 0.070617 0.00502704
10 0.0913335 0.89175 0.0654096 0.071354 0.00441046
10 0.510871 0.897126 0.0894694 0.109578 0.00426078
10 0.52732 0.895534 0.0544357 0.11836 0.00418083
6 0.351294 0.919114 0.0422867 0.0658873 0.0038041
10 0.238379 0.861713 0.0253835 0.047967 0.0034829
3 0.0805341 0.891387 0.0467621 0.0706638 0.00334791
3 0.128703 0.888789 0.133464 0.0765186 0.00325492
0 0.512531 0.921547 0.109769 0.109699 0.00319258
4 0.011744 0.882843 0.0190355 0.0483166 0.00299184
9 0.463736 0.887062 0.0291263 0.08743 0.00244467
10 0.362425 0.899663 0.0553092 0.0589109 0.00230997
10 0.386048 0.908442 0.027441 0.0780573 0.00200327
10 0.990682 0.77783 0.0167447 0.117632 0.00196476
9 0.510871 0.897126 0.0894694 0.109578 0.00192263
10 0.0687327 0.898674 0.0284065 0.0576861 0.00176694
0 0.355069 0.916298 0.0355543 0.0661675 0.00168111
10 0.478777 0.88995 0.0367301 0.0700071 0.00166011
10 0.170383 0.895159 0.043171 0.0681886 0.00164915
0 0.202583 0.906163 0.0253247 0.0738529 0.00163464
0 0.363756 0.920762 0.0552437 0.0605191 0.00163174
10 0.491194 0.875781 0.0373815 0.0712948 0.00159401
10 0.776773 0.790749 0.0319231 0.0588312 0.00152368
10 0.0910842 0.895959 0.0371327 0.0660916 0.00144076
10 0.262157 0.869113 0.0303598 0.0444712 0.00141733
9 0.0347384 0.884004 0.0635822 0.0607455 0.00140502
9 0.0124118 0.887637 0.0203088 0.0529316 0.00131943
4 0.108963 0.890907 0.0313036 0.0658593 0.00128143
