1 0.67923 0.702821 0.219474 0.127367 0.49825
1 0.666553 0.655082 0.238147 0.216179 0.459617
1 0.151383 0.909876 0.286382 0.167287 0.406043
1 0.657733 0.611869 0.226873 0.124251 0.268637
11 0.150421 0.910132 0.287193 0.167006 0.0485905
1 0.534575 0.512859 0.191328 0.144557 0.046595
1 0.5116 0.588936 0.263207 0.301082 0.0157771
2 0.511734 0.862916 0.101666 0.160028 0.00838073
1 0.262765 0.770312 0.134559 0.0976461 0.00751765
6 0.150421 0.910132 0.287193 0.167006 0.0057798
2 0.419468 0.80263 0.137863 0.21946 0.00543141
11 0.490139 0.835805 0.940585 0.312732 0.00346379
1 0.573226 0.535248 0.266971 0.201364 0.00306313
1 0.49557 0.698281 0.474253 0.528983 0.00270482
1 0.251726 0.740565 0.225437 0.214692 0.00269508
1 0.164511 0.847979 0.318907 0.284501 0.00252224
7 0.511734 0.862916 0.101666 0.160028 0.00209836
1 0.68469 0.726472 0.15362 0.0837899 0.00169333
1 0.268483 0.62839 0.243599 0.157401 0.00152399
1 0.00937224 0.760091 0.0185899 0.179326 0.00114098
0 0.536607 0.512745 0.19546 0.144946 0.00112655
7 0.0218275 0.146895 0.0411638 0.144445 0.00107427
