6 0.801519 0.816391 0.166735 0.118778 0.867099
10 0.328534 0.770201 0.0801486 0.124649 0.832616
10 0.242248 0.765131 0.0895089 0.146597 0.815636
6 0.593036 0.801186 0.103761 0.0831333 0.334734
6 0.839853 0.794184 0.0909296 0.0716526 0.00795295
6 0.784955 0.797734 0.11856 0.0724096 0.00748182
11 0.242158 0.765451 0.0898605 0.148503 0.00428644
6 0.613824 0.798131 0.0631267 0.0754221 0.00345598
11 0.32928 0.770771 0.0803586 0.123312 0.00278913
6 0.755439 0.796126 0.0828807 0.0634171 0.0018592
6 0.786258 0.79581 0.0740464 0.0679589 0.00117997
