10 0.402463 0.640197 0.134521 0.548085 0.869186
10 0.289724 0.618185 0.131115 0.519315 0.847109
4 0.0947311 0.388819 0.0488819 0.042191 0.425905
4 0.187774 0.40513 0.0813736 0.0587648 0.417046
4 0.107727 0.438944 0.0952711 0.100026 0.0953409
4 0.129288 0.387134 0.0418719 0.0408328 0.0417166
4 0.242242 0.516499 0.267079 0.273364 0.0352662
4 0.092405 0.512282 0.171787 0.256325 0.0306803
4 0.13593 0.396692 0.0416793 0.0510929 0.0282059
0 0.540904 0.723212 0.152041 0.407257 0.02372
4 0.0962944 0.446769 0.157018 0.117254 0.0232839
4 0.171594 0.432413 0.116384 0.120721 0.023209
4 0.116836 0.390625 0.0744905 0.0470764 0.0164035
4 0.163616 0.397712 0.0534823 0.0549042 0.0156142
10 0.74743 0.587509 0.0346918 0.0533265 0.0137025
5 0.766765 0.160975 0.318268 0.194965 0.0135162
4 0.25759 0.452002 0.209783 0.14962 0.0107326
6 0.672135 0.568776 0.123823 0.0793859 0.00922472
4 0.0972012 0.392705 0.083456 0.0519502 0.00800083
10 0.708683 0.432578 0.026994 0.0465224 0.00751287
10 0.773524 0.572812 0.102755 0.0874933 0.00578814
10 0.719692 0.42541 0.0241301 0.0564933 0.00557431
6 0.67458 0.72335 0.234941 0.292317 0.00539008
4 0.146642 0.48523 0.209083 0.212315 0.00535416
11 0.482367 0.640425 0.104767 0.140121 0.00531903
4 0.167708 0.408476 0.120436 0.0850763 0.00523499
6 0.568494 0.539702 0.0962618 0.0599217 0.00512067
4 0.211381 0.535048 0.112068 0.217248 0.00478488
0 0.549057 0.621431 0.144092 0.197242 0.00465137
10 0.672597 0.553476 0.116614 0.105806 0.00463796
4 0.187487 0.441415 0.0957484 0.0933237 0.00461352
6 0.916203 0.251054 0.159644 0.353393 0.0043233
2 0.833045 0.08464 0.0537109 0.050224 0.00426816
8 0.29091 0.944028 0.148391 0.101043 0.00419409
10 0.519443 0.723786 0.117876 0.401687 0.00360384
4 0.101402 0.422882 0.0718582 0.0952753 0.00329906
10 0.601698 0.536922 0.033025 0.0561278 0.00309823
6 0.640982 0.742923 0.22685 0.382799 0.00300962
4 0.145139 0.427483 0.0909213 0.100339 0.00299374
10 0.761846 0.595897 0.0701927 0.0828823 0.00292872
11 0.664499 0.571697 0.129162 0.0804837 0.0028971
6 0.555291 0.720294 0.177643 0.423208 0.00253278
4 0.149933 0.520074 0.279009 0.281831 0.00250588
4 0.259248 0.421174 0.111464 0.084573 0.00249892
4 0.143321 0.461289 0.0839933 0.0763841 0.00241059
4 0.165182 0.446597 0.0943075 0.0538583 0.0023638
4 0.285326 0.416729 0.132686 0.0942314 0.00231086
0 0.688354 0.719987 0.245514 0.292798 0.00229393
4 0.266254 0.397252 0.0807989 0.0582897 0.00222357
6 0.596214 0.546473 0.0456197 0.0633361 0.00221945
4 0.767167 0.16118 0.301225 0.195901 0.00217387
0 0.508449 0.738971 0.101865 0.356844 0.00216529
10 0.690143 0.4227 0.026584 0.0701778 0.00209136
4 0.0510664 0.397609 0.0826819 0.0951964 0.00199476
11 0.684205 0.718774 0.25555 0.285194 0.00192497
6 0.91721 0.175501 0.156896 0.204099 0.00188602
10 0.581566 0.536093 0.072567 0.056345 0.00187975
4 0.178254 0.392866 0.110438 0.0826855 0.0018313
0 0.521425 0.635195 0.13448 0.210159 0.00181507
7 0.766765 0.160975 0.318268 0.194965 0.00178988
4 0.123759 0.5065 0.121167 0.203292 0.00165216
6 0.758304 0.685179 0.113679 0.270839 0.00154603
0 0.516507 0.623876 0.102949 0.163065 0.00138226
6 0.587536 0.539599 0.0595962 0.0560217 0.00131625
10 0.984691 0.291641 0.0306183 0.335652 0.00126224
6 0.570156 0.558056 0.0982465 0.0773771 0.00122188
4 0.261328 0.429696 0.150886 0.119779 0.00119282
10 0.766591 0.618801 0.0857327 0.15846 0.00119185
11 0.915565 0.272 0.162043 0.387072 0.00110913
6 0.565314 0.599858 0.111484 0.176542 0.00110409
2 0.766765 0.160975 0.318268 0.194965 0.00110221
