11 0.671878 0.782026 0.560233 0.396848 0.856717
11 0.263641 0.924446 0.239385 0.126338 0.377112
6 0.811537 0.701858 0.357823 0.546649 0.127736
6 0.328224 0.723138 0.112263 0.146431 0.0598895
6 0.307754 0.716076 0.069629 0.135634 0.021149
11 0.849908 0.702018 0.285853 0.547988 0.0208442
6 0.812327 0.686065 0.199426 0.523899 0.014619
6 0.308036 0.698479 0.0464207 0.0961262 0.00333472
6 0.351983 0.735789 0.092456 0.157194 0.00316347
6 0.836691 0.768112 0.215851 0.428284 0.00228595
10 0.302602 0.494972 0.0831765 0.226673 0.00201913
2 0.366835 0.765949 0.0344687 0.0969977 0.00133315
6 0.350482 0.699672 0.159926 0.199885 0.00120217
11 0.783995 0.810284 0.325589 0.349096 0.00119944
6 0.671878 0.782026 0.560233 0.396848 0.00119747
10 0.513859 0.503537 0.0665121 0.194573 0.00117115
6 0.387309 0.770288 0.0749359 0.104099 0.00105885
