2 0.240006 0.543775 0.218114 0.7846 0.941713
2 0.486453 0.559483 0.182146 0.674785 0.9211
2 0.674375 0.536357 0.156795 0.610812 0.904085
2 0.820699 0.516364 0.138295 0.518742 0.851457
11 0.572193 0.884783 0.840798 0.214944 0.0730747
2 0.0281279 0.583106 0.0547881 0.626349 0.0598694
2 0.0447396 0.575282 0.0855912 0.553552 0.0105601
7 0.0209742 0.825626 0.0410484 0.259976 0.00446634
7 0.0251583 0.614558 0.0495134 0.71057 0.00430758
7 0.240532 0.546679 0.209766 0.791727 0.00360272
11 0.766423 0.885348 0.456316 0.21337 0.00160018
2 0.0235746 0.481599 0.0417379 0.440577 0.00130578
11 0.859172 0.798917 0.27946 0.102694 0.00120206
7 0.819372 0.255809 0.0340805 0.0727094 0.00107542
