6 0.709147 0.734202 0.378599 0.508024 0.927874
11 0.711725 0.60243 0.294862 0.241732 0.00642219
6 0.965217 0.716543 0.0646946 0.380822 0.00503522
2 0.472864 0.46477 0.052117 0.101915 0.00366997
6 0.961885 0.630662 0.0716412 0.376768 0.00351818
7 0.333485 0.484508 0.113202 0.0849852 0.00318082
6 0.963386 0.689671 0.0687468 0.208764 0.00243669
10 0.959387 0.650594 0.0791649 0.343263 0.00231194
6 0.958015 0.831861 0.0779515 0.323698 0.00171561
6 0.94873 0.764323 0.0966069 0.442949 0.00165321
6 0.943321 0.687716 0.100806 0.217212 0.00110426
