10 0.292349 0.26579 0.0859108 0.316452 0.866112
10 0.914314 0.264368 0.117277 0.42122 0.85547
10 0.778994 0.293491 0.109187 0.406449 0.846007
10 0.605295 0.512189 0.141842 0.335452 0.84185
10 0.561245 0.250456 0.0677902 0.269732 0.829995
10 0.61483 0.211588 0.0589365 0.214978 0.829862
10 0.0998142 0.303201 0.117096 0.42279 0.805806
2 0.340441 0.798754 0.0471994 0.152153 0.80258
2 0.332524 0.636283 0.0562443 0.223379 0.799358
2 0.716357 0.598429 0.0349802 0.117814 0.787938
10 0.41793 0.204171 0.0482296 0.144963 0.77887
2 0.413475 0.664912 0.0393161 0.142373 0.771432
2 0.517525 0.475015 0.0289454 0.102258 0.743043
2 0.243303 0.662735 0.0376418 0.124143 0.705724
10 0.13398 0.189873 0.0390762 0.140297 0.698927
2 0.478872 0.570831 0.0335464 0.12532 0.69816
2 0.974983 0.795541 0.0398312 0.148147 0.696016
10 0.225848 0.180978 0.0328529 0.115905 0.69153
2 0.412882 0.560755 0.0357845 0.128229 0.688101
10 0.376386 0.213014 0.044889 0.150264 0.665633
2 0.480192 0.749497 0.0339499 0.104445 0.662972
2 0.479021 0.668178 0.032905 0.0928344 0.644501
2 0.248228 0.749318 0.0430749 0.12705 0.64274
2 0.207929 0.674516 0.0331301 0.109999 0.639377
2 0.550665 0.50955 0.0336779 0.106407 0.627513
2 0.820414 0.806595 0.0382008 0.118583 0.607772
10 0.199314 0.188746 0.0433383 0.1322 0.549607
10 0.522195 0.191102 0.0387138 0.130711 0.532362
2 0.553302 0.624375 0.0460508 0.208563 0.522351
10 0.0333574 0.323593 0.0595137 0.453834 0.519997
2 0.144725 0.853287 0.037935 0.110631 0.517092
10 0.830817 0.218982 0.0700195 0.275965 0.475694
2 0.715916 0.702144 0.0365396 0.127224 0.453787
10 0.164794 0.187805 0.0398869 0.130369 0.45349
2 0.202361 0.591244 0.0420873 0.247007 0.404402
10 0.452835 0.391215 0.104457 0.404235 0.322932
2 0.412257 0.620169 0.0390748 0.223876 0.30563
2 0.713122 0.797169 0.0389732 0.108667 0.296224
2 0.830524 0.610969 0.0347668 0.126388 0.294576
2 0.915361 0.615598 0.0371208 0.123012 0.277554
2 0.714337 0.745925 0.0451354 0.219756 0.264013
2 0.416049 0.764896 0.041408 0.140572 0.259368
2 0.133568 0.635015 0.042997 0.132042 0.235566
2 0.51583 0.611458 0.0280873 0.127546 0.185856
10 0.402441 0.390469 0.207121 0.432816 0.180913
2 0.516462 0.502209 0.0308435 0.162772 0.177303
2 0.199957 0.519871 0.0360196 0.100551 0.168736
10 0.491967 0.395157 0.18139 0.404649 0.164209
2 0.516094 0.633951 0.0260599 0.0767806 0.163929
2 0.908584 0.715231 0.0426994 0.130822 0.144776
2 0.905698 0.726032 0.051376 0.300391 0.134944
2 0.0792006 0.520889 0.0447918 0.148025 0.128757
2 0.251757 0.848265 0.0395344 0.124801 0.125395
2 0.344469 0.685738 0.0358586 0.118045 0.111218
2 0.478908 0.623371 0.0312086 0.180789 0.0865829
10 0.696507 0.180204 0.083427 0.0846373 0.0719931
2 0.821483 0.777773 0.0446201 0.179254 0.0553698
10 0.217175 0.181178 0.0556996 0.11904 0.0428209
10 0.67663 0.159977 0.035069 0.0990768 0.0402483
2 0.349768 0.671518 0.0249188 0.106414 0.0351119
2 0.546423 0.581607 0.0576914 0.192688 0.034443
2 0.828256 0.667182 0.0496204 0.243277 0.0303817
10 0.679067 0.170634 0.051544 0.0988495 0.0278489
10 0.695416 0.170773 0.047578 0.0970517 0.0246957
2 0.822429 0.724211 0.0514847 0.292637 0.0243764
10 0.362758 0.208621 0.076197 0.167026 0.0232363
2 0.332976 0.598473 0.0391668 0.146035 0.0227048
9 0.680477 0.186317 0.0713938 0.0790619 0.0209988
2 0.218572 0.663717 0.0517935 0.132042 0.0194737
2 0.913469 0.671732 0.0465199 0.234627 0.0188156
2 0.105964 0.68472 0.11194 0.346424 0.0164364
2 0.0721027 0.668297 0.0360009 0.124329 0.0160334
2 0.248554 0.799173 0.0437114 0.226949 0.0159696
2 0.137239 0.745112 0.0450913 0.129766 0.0149308
2 0.079438 0.585606 0.0527298 0.276497 0.0141416
10 0.675567 0.173522 0.0907734 0.115312 0.0138553
4 0.365898 0.196917 0.0768014 0.156772 0.0126511
10 0.45197 0.275067 0.1111 0.164028 0.0123179
2 0.414028 0.712163 0.0409355 0.240697 0.0113603
2 0.480006 0.718208 0.0355955 0.161997 0.0113382
2 0.130287 0.726829 0.0569741 0.162955 0.0110614
2 0.0761428 0.634341 0.0469393 0.209434 0.0104537
4 0.355824 0.17488 0.100038 0.083564 0.0103691
6 0.586354 0.575351 0.186953 0.226775 0.00869569
2 0.533744 0.520717 0.0579926 0.152646 0.00861208
10 0.573096 0.232637 0.0461838 0.238599 0.00850806
2 0.557939 0.572142 0.0620249 0.257454 0.00680515
10 0.542152 0.419421 0.26752 0.436512 0.00656943
10 0.729794 0.147763 0.0355242 0.0724812 0.0057765
2 0.0765784 0.789581 0.0440824 0.128037 0.00572048
2 0.402387 0.563646 0.0587618 0.132505 0.00510535
2 0.90206 0.802725 0.0455814 0.143234 0.00482364
10 0.076273 0.203796 0.0694703 0.200052 0.00438711
2 0.338761 0.639151 0.0458754 0.140308 0.00393775
10 0.689018 0.156221 0.0483229 0.0901922 0.00383572
10 0.24983 0.168234 0.0356678 0.0918376 0.00378693
4 0.663272 0.180246 0.0675957 0.0861781 0.00367228
10 0.498487 0.183683 0.0961965 0.114257 0.00351473
2 0.531622 0.574659 0.0624047 0.206323 0.00335079
10 0.718336 0.167208 0.0876332 0.127814 0.00329047
9 0.66411 0.181917 0.0639696 0.0867151 0.00326723
2 0.550583 0.662305 0.034189 0.130319 0.00326582
10 0.664758 0.173014 0.0502003 0.096733 0.00322314
10 0.471992 0.186193 0.074221 0.123728 0.00300029
4 0.341738 0.195552 0.131814 0.167403 0.00285012
0 0.68149 0.182578 0.0697125 0.0818046 0.00275551
10 0.300263 0.202862 0.0710696 0.17743 0.00261171
7 0.535877 0.587658 0.0642588 0.174998 0.00256593
10 0.450233 0.442196 0.0831787 0.301614 0.00255695
6 0.66411 0.181917 0.0639696 0.0867151 0.00247571
10 0.0207983 0.28597 0.0358112 0.354782 0.00246189
10 0.644097 0.19187 0.0505014 0.125352 0.00243373
6 0.637932 0.21948 0.116994 0.177943 0.00239793
6 0.375487 0.207044 0.0442028 0.154373 0.00237202
7 0.516816 0.605511 0.0305664 0.132191 0.0023096
10 0.45913 0.182685 0.0493785 0.0983059 0.00223393
10 0.023672 0.156999 0.0401688 0.103386 0.00217728
10 0.0973858 0.182752 0.0670498 0.164736 0.00212312
6 0.550215 0.456982 0.258859 0.398087 0.00205866
6 0.958331 0.469193 0.0785772 0.201759 0.00193819
10 0.63814 0.217568 0.112307 0.198004 0.00192299
10 0.54887 0.234785 0.0544696 0.247645 0.00190486
10 0.712527 0.161705 0.0592248 0.0833402 0.00188654
6 0.66061 0.208783 0.0619949 0.143129 0.00188177
6 0.0867172 0.384729 0.149001 0.268118 0.00185517
2 0.0730829 0.492306 0.0366935 0.106256 0.00180768
10 0.665763 0.156814 0.0408752 0.0935471 0.00173647
2 0.986407 0.805725 0.0211712 0.154889 0.00169047
10 0.238548 0.171124 0.0491711 0.101705 0.00167581
7 0.208116 0.674891 0.0331188 0.107847 0.00166019
2 0.5183 0.595956 0.0381228 0.170429 0.00161824
10 0.0408246 0.26391 0.0525237 0.259415 0.00157795
2 0.485287 0.657271 0.0242061 0.0956683 0.00157053
10 0.0333974 0.286483 0.0412594 0.38412 0.00151815
10 0.0139465 0.282536 0.0232067 0.378141 0.0014377
10 0.701872 0.155696 0.0359036 0.0785992 0.00140466
6 0.651801 0.570361 0.247414 0.217651 0.00138413
7 0.47835 0.573151 0.0290018 0.113494 0.00136466
10 0.467483 0.226237 0.0765085 0.174804 0.00135902
4 0.376051 0.207782 0.0450004 0.158001 0.00135593
10 0.66061 0.208783 0.0619949 0.143129 0.00132401
10 0.529885 0.200413 0.0503318 0.157864 0.00131024
10 0.313944 0.202072 0.0453661 0.14928 0.00129073
7 0.478908 0.623371 0.0312086 0.180789 0.00125695
0 0.085797 0.386971 0.137481 0.269262 0.00124011
7 0.551014 0.508089 0.0316492 0.109675 0.00121023
10 0.0193638 0.416586 0.0340596 0.268784 0.00120506
11 0.561107 0.249486 0.0661572 0.270132 0.00119634
10 0.975971 0.229438 0.0385883 0.19046 0.00119391
11 0.612248 0.215181 0.0586859 0.208099 0.00117671
10 0.385721 0.187385 0.0547821 0.125161 0.00116422
2 0.526434 0.549287 0.0519451 0.12966 0.0011296
6 0.674667 0.191345 0.0590776 0.078006 0.00112829
6 0.69576 0.192223 0.0907293 0.0822555 0.00109845
10 0.734897 0.134396 0.0365128 0.0734105 0.00103289
0 0.105864 0.700073 0.116139 0.308007 0.00103168
