10 0.183761 0.476911 0.358298 0.744007 0.912409
2 0.792166 0.375701 0.146763 0.705335 0.889442
2 0.650747 0.407031 0.178181 0.795869 0.863243
10 0.406333 0.470154 0.267151 0.597573 0.804943
2 0.964768 0.473077 0.0656864 0.395304 0.628158
7 0.440795 0.610044 0.0735382 0.108914 0.589182
7 0.433896 0.630404 0.0873897 0.153904 0.324105
11 0.627691 0.763531 0.719488 0.449823 0.0947619
11 0.501264 0.827389 0.964854 0.319852 0.0553724
2 0.943116 0.417362 0.0933182 0.400764 0.0204671
2 0.0235031 0.240254 0.0393111 0.109775 0.00899505
2 0.0151845 0.242463 0.0248075 0.104205 0.00881548
7 0.404907 0.636394 0.0561697 0.160647 0.00583376
2 0.552754 0.296805 0.0597589 0.114177 0.00482123
6 0.265527 0.373973 0.117616 0.198689 0.00441372
10 0.295997 0.474654 0.49361 0.649341 0.00435878
2 0.245325 0.291854 0.0888731 0.0484004 0.00395193
7 0.964362 0.467864 0.0672176 0.396142 0.0029692
7 0.650376 0.408039 0.178905 0.801066 0.00267588
11 0.400274 0.471438 0.279263 0.602384 0.00263273
2 0.256492 0.349983 0.104319 0.143316 0.00184591
7 0.55286 0.299626 0.0583092 0.108064 0.00128305
11 0.271702 0.417575 0.0997637 0.0959956 0.00127479
