8 0.60282 0.563972 0.710656 0.658424 0.741105
8 0.274932 0.337019 0.515446 0.476964 0.317295
8 0.286721 0.261986 0.477655 0.305813 0.182104
8 0.146781 0.428173 0.278317 0.297241 0.169425
5 0.275749 0.276872 0.50592 0.343071 0.0134699
10 0.068524 0.43317 0.129159 0.293956 0.0108547
10 0.417404 0.465295 0.749963 0.856074 0.00465946
8 0.444829 0.465033 0.493446 0.749145 0.0045861
8 0.417404 0.465295 0.749963 0.856074 0.00454116
5 0.60282 0.563972 0.710656 0.658424 0.00441503
9 0.286187 0.337824 0.543848 0.477346 0.00212148
8 0.0691571 0.431539 0.130222 0.292988 0.00130184
9 0.417404 0.465295 0.749963 0.856074 0.00118563
