10 0.453872 0.710176 0.305183 0.553528 0.837782
10 0.263033 0.645575 0.202168 0.686316 0.753681
10 0.729284 0.636884 0.318549 0.696989 0.743793
10 0.373133 0.643754 0.143239 0.689111 0.597481
10 0.538745 0.377445 0.138933 0.236042 0.523083
10 0.465902 0.395585 0.0882944 0.165326 0.440577
10 0.5411 0.625358 0.160134 0.720152 0.392325
2 0.90713 0.740937 0.117223 0.361808 0.220119
10 0.464221 0.47342 0.0977344 0.329718 0.205051
10 0.538665 0.463132 0.145231 0.415238 0.180679
10 0.328798 0.624469 0.0934222 0.654754 0.127082
10 0.389243 0.557268 0.108994 0.518531 0.121359
7 0.505585 0.715823 0.0760411 0.166684 0.0969229
10 0.522402 0.543693 0.089614 0.159037 0.0300457
2 0.910808 0.664624 0.101947 0.205683 0.0247
8 0.816484 0.855057 0.177214 0.277429 0.0172883
10 0.969584 0.495142 0.0402034 0.12194 0.0152972
10 0.490513 0.491418 0.143111 0.3688 0.0147603
10 0.810705 0.64283 0.218704 0.68527 0.0143683
10 0.581702 0.631167 0.145516 0.713749 0.0116755
10 0.635692 0.623904 0.0934592 0.699569 0.0115097
10 0.915959 0.758317 0.141151 0.395184 0.0100126
9 0.923791 0.776522 0.140264 0.412407 0.00748559
0 0.918384 0.76036 0.14241 0.399854 0.00739473
10 0.454112 0.545865 0.0995648 0.476685 0.00596186
10 0.322433 0.421956 0.0909616 0.236142 0.00392532
10 0.318754 0.535566 0.0996327 0.45396 0.00291689
2 0.502738 0.715293 0.0822102 0.164291 0.00227458
10 0.387159 0.384023 0.105453 0.172289 0.00172461
10 0.625466 0.59028 0.310015 0.647889 0.00136568
2 0.88328 0.687519 0.0673323 0.212224 0.00129566
10 0.547761 0.707874 0.125913 0.547274 0.00119421
7 0.688205 0.381226 0.0551096 0.0929658 0.00119003
