10 0.454752 0.499917 0.343744 0.704482 0.879907
11 0.220381 0.77145 0.242538 0.17573 0.840778
10 0.0999495 0.518452 0.188554 0.502548 0.827403
10 0.634454 0.499599 0.681642 0.708109 0.758787
2 0.246449 0.665161 0.0538342 0.202647 0.488122
2 0.243821 0.369655 0.032702 0.114978 0.235769
2 0.350396 0.370377 0.0323905 0.111652 0.0877009
7 0.293446 0.689968 0.0237288 0.0803853 0.033625
11 0.520734 0.732139 0.461928 0.253 0.0307512
7 0.244623 0.665406 0.0501143 0.20184 0.0121118
11 0.246073 0.655584 0.180902 0.149643 0.00856193
10 0.827639 0.495777 0.279176 0.713797 0.0072581
7 0.668004 0.357565 0.0669595 0.174344 0.00562094
7 0.173344 0.699219 0.0238654 0.0733975 0.0048678
7 0.293429 0.724092 0.026608 0.0772514 0.0044875
10 0.247795 0.665086 0.0530278 0.205566 0.00267543
7 0.310427 0.721633 0.0460048 0.0925413 0.00260008
6 0.638704 0.502585 0.678276 0.717202 0.00237319
10 0.894278 0.497324 0.166921 0.705116 0.00211008
10 0.220109 0.771041 0.241363 0.179295 0.0019584
6 0.0285969 0.0597513 0.0561769 0.119503 0.00189854
6 0.016347 0.0601215 0.0326939 0.120243 0.00160368
7 0.264001 0.710512 0.0290751 0.097719 0.00156092
7 0.288595 0.735167 0.0340562 0.0670251 0.00125066
