6 0.659005 0.503973 0.63191 0.347626 0.906352
11 0.480578 0.676438 0.441682 0.344814 0.801063
11 0.49086 0.904115 0.747914 0.17958 0.670743
11 0.920592 0.686749 0.154302 0.500713 0.277219
6 0.242048 0.556526 0.467956 0.421512 0.195434
2 0.98531 0.451181 0.0240067 0.124776 0.0988597
11 0.570985 0.714562 0.645728 0.303454 0.0250828
11 0.921864 0.606245 0.148042 0.306881 0.0232321
6 0.309984 0.26263 0.088896 0.198361 0.0161206
11 0.190079 0.270813 0.212382 0.183685 0.0149672
6 0.189628 0.263829 0.215557 0.202491 0.00679144
6 0.919547 0.696558 0.152912 0.525574 0.00659888
11 0.310339 0.294216 0.0908332 0.135735 0.00591502
6 0.920001 0.560168 0.153987 0.286869 0.00508235
11 0.329865 0.671966 0.150425 0.248853 0.00434168
6 0.137465 0.563689 0.263956 0.414193 0.00424236
6 0.922195 0.861397 0.145457 0.235555 0.00227762
11 0.310387 0.240675 0.0892692 0.163735 0.00209498
11 0.191588 0.267575 0.322514 0.201959 0.00204884
6 0.498596 0.272397 0.0642822 0.0738632 0.00152652
6 0.702079 0.675159 0.579449 0.477517 0.00135393
6 0.858127 0.865745 0.276509 0.239094 0.00132519
6 0.740637 0.855936 0.503377 0.267177 0.00132129
6 0.192027 0.212364 0.206041 0.112027 0.00125996
6 0.397283 0.555784 0.783472 0.429618 0.00104155
