4 0.366332 0.599503 0.537922 0.235697 0.896881
4 0.788805 0.488268 0.394672 0.200224 0.883917
4 0.908657 0.248906 0.164156 0.145867 0.172667
4 0.926429 0.41806 0.132523 0.0750317 0.0170819
4 0.899085 0.258185 0.132743 0.0993139 0.014544
4 0.92404 0.403784 0.140558 0.0414143 0.00669334
4 0.862775 0.410798 0.164214 0.0514181 0.00609242
4 0.926417 0.462158 0.137406 0.151138 0.00203834
4 0.886702 0.404635 0.0993026 0.0354651 0.00201631
4 0.153125 0.414556 0.152314 0.0593445 0.00186541
4 0.884531 0.422881 0.202084 0.0821513 0.00185734
4 0.955375 0.445703 0.0847819 0.104197 0.00166612
