8 0.143986 0.779181 0.156466 0.192528 0.867807
10 0.666134 0.56938 0.160807 0.412651 0.832977
8 0.816918 0.651248 0.212299 0.218835 0.730072
8 0.8718 0.642946 0.0998859 0.203755 0.679073
8 0.7755 0.65557 0.130663 0.213894 0.462513
8 0.750689 0.672717 0.0774349 0.172947 0.0164296
6 0.871809 0.64503 0.0983562 0.202116 0.0111778
8 0.78993 0.572779 0.0416557 0.0690634 0.0109945
5 0.143199 0.779159 0.15676 0.188623 0.00904199
5 0.871809 0.64503 0.0983562 0.202116 0.0044098
8 0.819085 0.656193 0.0852669 0.195358 0.00271706
10 0.711137 0.422385 0.0681657 0.0941756 0.00211332
8 0.787109 0.593786 0.0528629 0.110652 0.00132053
8 0.807431 0.611316 0.0862407 0.141487 0.0010382
