4 0.370286 0.826086 0.426887 0.304073 0.908917
4 0.856142 0.768319 0.279887 0.376224 0.881044
2 0.202755 0.475462 0.0451457 0.206786 0.527769
2 0.133822 0.469027 0.0407048 0.205858 0.288048
2 0.168475 0.463916 0.0378024 0.200538 0.115777
10 0.540516 0.701657 0.0465924 0.139439 0.0084348
0 0.611978 0.731099 0.107674 0.0812378 0.00690403
2 0.148907 0.462746 0.0671181 0.198016 0.00245664
10 0.848928 0.339685 0.0816854 0.128983 0.00230336
0 0.5777 0.730417 0.0407878 0.0775526 0.00158941
3 0.392433 0.649155 0.0506648 0.0877366 0.00145213
1 0.115759 0.502488 0.204955 0.280418 0.00132089
10 0.563496 0.617968 0.0398799 0.102889 0.00102203
