5 0.597261 0.451465 0.0791172 0.0758993 0.866378
5 0.634215 0.603105 0.239076 0.142973 0.0898429
0 0.116607 0.688896 0.226736 0.622208 0.0170682
6 0.631995 0.604309 0.240409 0.148039 0.0144842
4 0.117932 0.68892 0.226783 0.622161 0.00999604
0 0.286485 0.688594 0.57297 0.622811 0.00786583
5 0.11819 0.689454 0.228659 0.621092 0.00616196
8 0.597261 0.451465 0.0791172 0.0758993 0.00433003
8 0.632227 0.602311 0.246895 0.146895 0.00290925
5 0.932473 0.588482 0.123692 0.152857 0.00190839
3 0.986412 0.968243 0.0246624 0.0611318 0.00189402
4 0.899512 0.0438289 0.0957019 0.0834954 0.00161529
3 0.986556 0.944774 0.0253628 0.110451 0.00147694
8 0.109826 0.536182 0.208189 0.308189 0.00137544
5 0.713745 0.604086 0.0802725 0.134105 0.00128999
5 0.553257 0.602658 0.328821 0.130998 0.00114899
