10 0.215305 0.642789 0.194156 0.548361 0.873175
10 0.514794 0.66103 0.22852 0.61285 0.841142
10 0.871146 0.66808 0.150824 0.502528 0.819414
10 0.650849 0.637405 0.144946 0.475286 0.763189
10 0.397591 0.63735 0.143934 0.533388 0.756227
10 0.0829912 0.678326 0.154478 0.599756 0.740143
10 0.679225 0.559601 0.107231 0.340647 0.236315
10 0.67352 0.461616 0.103179 0.142979 0.138025
10 0.884496 0.491983 0.12372 0.259533 0.0744516
10 0.925091 0.523404 0.124207 0.334967 0.0386948
10 0.883319 0.439768 0.120082 0.154535 0.0318244
7 0.106208 0.108394 0.208233 0.187533 0.0281693
10 0.146105 0.660911 0.275475 0.568052 0.012561
10 0.659527 0.449928 0.0748474 0.116028 0.0124994
0 0.870008 0.770327 0.136262 0.301665 0.00413413
10 0.616554 0.581455 0.123574 0.349322 0.00382744
3 0.108035 0.103031 0.209857 0.176009 0.00371855
7 0.794897 0.50025 0.0538307 0.0574737 0.00352478
10 0.401001 0.484279 0.138277 0.239915 0.00254777
7 0.803367 0.494533 0.0410282 0.0504088 0.00218982
10 0.963317 0.434201 0.0635811 0.112398 0.00165271
10 0.905249 0.460127 0.076955 0.200096 0.00146325
9 0.393495 0.670974 0.13153 0.480929 0.00146289
10 0.411469 0.545106 0.125739 0.352211 0.00141611
10 0.910638 0.641246 0.153979 0.546994 0.00118751
7 0.738122 0.492972 0.0436668 0.0525333 0.00113383
7 0.70861 0.490522 0.0485529 0.051173 0.0010846
