0 0.873885 0.613517 0.145654 0.14722 0.81185
0 0.21298 0.738451 0.176065 0.253195 0.610321
0 0.901783 0.610823 0.0874546 0.146239 0.0401949
10 0.21372 0.344853 0.0770211 0.0817969 0.00226447
0 0.910975 0.590551 0.0776429 0.108332 0.0019834
0 0.633494 0.603427 0.0860984 0.0904761 0.00194667
0 0.617361 0.601496 0.055404 0.084742 0.00175011
9 0.873065 0.614653 0.147808 0.14708 0.00154646
3 0.235139 0.450704 0.451435 0.846002 0.00136167
0 0.471097 0.533662 0.0420776 0.0343061 0.00120097
0 0.580056 0.573127 0.0859072 0.0668196 0.00109561
