10 0.599966 0.70062 0.633308 0.584031 0.862356
10 0.365461 0.627623 0.129846 0.174927 0.818086
10 0.236792 0.627756 0.120727 0.161417 0.795203
10 0.939175 0.638218 0.114825 0.336103 0.714942
2 0.788466 0.474629 0.0551132 0.0848854 0.295914
2 0.897894 0.534326 0.0738784 0.0681556 0.214504
10 0.244202 0.58218 0.0903452 0.0664965 0.133708
7 0.871899 0.683369 0.112762 0.114955 0.0773192
10 0.212075 0.531932 0.0979382 0.119516 0.0372236
2 0.889033 0.560676 0.0962166 0.110834 0.0285135
7 0.0509719 0.659061 0.0966714 0.0945836 0.0261784
2 0.878329 0.718902 0.159301 0.177159 0.0105986
7 0.87677 0.712338 0.142525 0.174473 0.0086678
10 0.791448 0.478392 0.0624846 0.0925021 0.0076999
6 0.798035 0.8943 0.267479 0.201488 0.00725446
6 0.668242 0.885217 0.529593 0.218795 0.00676857
10 0.0513358 0.658058 0.0974566 0.0975638 0.00662853
10 0.92602 0.699418 0.125041 0.572695 0.00481963
2 0.852299 0.637523 0.0840309 0.0731006 0.00477862
10 0.153045 0.6396 0.294419 0.678764 0.00445745
7 0.170121 0.658087 0.0959666 0.0967308 0.00305404
6 0.648206 0.721583 0.55527 0.542847 0.0030492
2 0.856602 0.65031 0.0954124 0.112689 0.00284584
2 0.841786 0.370342 0.0434882 0.0610497 0.00283474
7 0.0292134 0.658709 0.0499352 0.0885942 0.00277177
2 0.867601 0.57595 0.0893777 0.106033 0.00267641
10 0.0594778 0.50571 0.0849791 0.0967673 0.00264558
2 0.868398 0.61785 0.126318 0.209382 0.00245738
2 0.857155 0.37129 0.0639577 0.0629268 0.00227697
2 0.798889 0.559008 0.0568189 0.0897242 0.00223217
10 0.809047 0.516416 0.0982316 0.172061 0.00218319
11 0.925604 0.857545 0.144758 0.243445 0.00218015
6 0.940617 0.862408 0.113103 0.248365 0.00189579
2 0.872471 0.682748 0.13052 0.131276 0.00184215
10 0.465238 0.422623 0.0985165 0.134703 0.0016149
2 0.882889 0.378892 0.053333 0.0775577 0.00149144
10 0.354514 0.590815 0.107628 0.0996177 0.00123338
2 0.8147 0.47736 0.101142 0.0966072 0.00112433
10 0.362315 0.578723 0.0868261 0.0739897 0.00104481
6 0.954024 0.880466 0.082012 0.158536 0.00103905
2 0.88577 0.37557 0.0420128 0.0572244 0.00102787
