6 0.580325 0.623404 0.807949 0.678265 0.634089
6 0.489139 0.767313 0.951319 0.418955 0.35642
2 0.0365436 0.737322 0.0676129 0.231087 0.0475889
10 0.489139 0.767313 0.951319 0.418955 0.0217208
8 0.391172 0.146106 0.150492 0.149579 0.0116176
6 0.267006 0.741237 0.335526 0.361846 0.00325929
10 0.229323 0.768765 0.441937 0.410886 0.0028627
8 0.489139 0.767313 0.951319 0.418955 0.001446
10 0.0380477 0.78589 0.0704836 0.348437 0.00125554
5 0.53939 0.617497 0.897295 0.673532 0.00116275
8 0.53939 0.617497 0.897295 0.673532 0.00115483
10 0.0356858 0.700805 0.0628688 0.154032 0.00110823
