10 0.818937 0.60921 0.354984 0.755558 0.899149
7 0.339761 0.871006 0.161701 0.250749 0.881955
7 0.180219 0.857331 0.117232 0.276428 0.867247
7 0.324952 0.69343 0.0745418 0.165222 0.85823
7 0.529339 0.867008 0.149986 0.254961 0.856713
7 0.456034 0.65842 0.0721498 0.206256 0.832677
7 0.656653 0.694029 0.0553911 0.0947142 0.818126
2 0.400197 0.668422 0.0793835 0.25703 0.774458
10 0.504941 0.46135 0.201859 0.306326 0.759307
10 0.173208 0.555281 0.314444 0.56077 0.74631
10 0.333791 0.486238 0.223211 0.434217 0.711209
7 0.559319 0.691915 0.0743913 0.130939 0.703009
10 0.543851 0.453124 0.12789 0.232765 0.640927
2 0.626257 0.544198 0.0530541 0.171872 0.528866
11 0.417629 0.785159 0.813534 0.425452 0.507175
7 0.549564 0.608332 0.0637195 0.167126 0.355467
2 0.550475 0.62446 0.0641939 0.203283 0.309189
7 0.659546 0.55554 0.0385259 0.101971 0.247432
7 0.0672826 0.891258 0.131754 0.203732 0.12757
7 0.127173 0.824344 0.124831 0.169867 0.0774263
7 0.616531 0.430387 0.0295623 0.0525809 0.0543824
7 0.557691 0.570226 0.0419226 0.0884349 0.0263898
2 0.66052 0.554127 0.0363013 0.097978 0.0189948
2 0.535344 0.616232 0.0377844 0.179351 0.0186777
7 0.580402 0.587484 0.0344299 0.103452 0.0164044
7 0.555383 0.542564 0.0336326 0.0419279 0.0131384
2 0.621114 0.603292 0.0520462 0.18491 0.0131374
11 0.819476 0.610267 0.353797 0.762253 0.0105097
7 0.547108 0.574143 0.0436801 0.101632 0.00929794
2 0.456845 0.658494 0.073329 0.207319 0.00926752
2 0.601818 0.623962 0.0550877 0.150628 0.00745476
7 0.546075 0.542823 0.0304506 0.0442896 0.00661431
7 0.561825 0.544679 0.0320614 0.0520697 0.00595226
7 0.586703 0.603806 0.0409795 0.121143 0.0058994
7 0.5383 0.59983 0.0413542 0.147736 0.00478459
11 0.544257 0.457466 0.126596 0.242141 0.00460042
7 0.259613 0.951624 0.0684102 0.0939136 0.00435123
7 0.636901 0.628451 0.0605534 0.176444 0.00410736
7 0.578804 0.569409 0.0255078 0.0870468 0.00406109
7 0.314468 0.950656 0.177123 0.0964045 0.00376512
2 0.556292 0.593329 0.0545788 0.132258 0.00370852
7 0.399525 0.671278 0.0779709 0.26464 0.00346735
7 0.403406 0.46626 0.0829706 0.141995 0.00283707
10 0.858456 0.369695 0.278724 0.284143 0.00275183
2 0.637994 0.586002 0.0785761 0.188578 0.00260973
7 0.441295 0.597611 0.0427621 0.0922689 0.00245157
2 0.657159 0.568088 0.0463688 0.138196 0.00245089
7 0.653143 0.581466 0.0589954 0.161346 0.00239231
10 0.266683 0.538048 0.163714 0.403163 0.00212527
7 0.663629 0.540089 0.0355038 0.076421 0.00208523
6 0.757286 0.607165 0.232807 0.510319 0.00206302
7 0.402979 0.43548 0.0612364 0.063387 0.00202315
10 0.467227 0.45507 0.122977 0.302141 0.00182728
7 0.740134 0.70259 0.086385 0.105343 0.00165707
11 0.12318 0.890323 0.24212 0.212552 0.00164431
11 0.33627 0.479327 0.218572 0.417501 0.0015989
7 0.627246 0.539848 0.052985 0.16095 0.00139311
2 0.587119 0.611009 0.0422795 0.136788 0.00134407
11 0.255774 0.863047 0.502946 0.270364 0.0013191
7 0 0.867004 0 0.265993 0.00131647
2 0.127173 0.824344 0.124831 0.169867 0.00130229
10 0.56754 0.436971 0.0783357 0.1882 0.00124527
2 0.612184 0.631324 0.0448112 0.139445 0.00121109
2 0.286695 0.95353 0.120189 0.0916456 0.00120586
2 0.0734203 0.885897 0.141798 0.199211 0.00119219
7 0.562996 0.520692 0.0544123 0.0650098 0.00108313
10 0.517604 0.47451 0.0761244 0.235086 0.00106141
