10 0.109644 0.773661 0.20983 0.443582 0.858665
10 0.419803 0.779903 0.186879 0.422904 0.826954
10 0.319939 0.742739 0.135058 0.361992 0.78278
10 0.180106 0.718483 0.174604 0.338387 0.605562
10 0.779064 0.46874 0.135659 0.21173 0.263999
10 0.914831 0.51195 0.148359 0.225838 0.0714071
10 0.222132 0.724315 0.0962604 0.27725 0.0589664
10 0.114723 0.459452 0.211837 0.227903 0.0216791
10 0.510827 0.262176 0.170136 0.256972 0.0122221
10 0.866318 0.421285 0.225137 0.31712 0.0107444
10 0.128716 0.619343 0.23969 0.545495 0.00524169
8 0.779558 0.465876 0.133268 0.216619 0.00474051
2 0.357554 0.371539 0.101014 0.0861468 0.00374501
10 0.901172 0.454998 0.182117 0.307271 0.0035763
10 0.175107 0.657081 0.155727 0.225339 0.00268683
8 0.915135 0.510891 0.146909 0.227831 0.0024243
10 0 0.854753 0 0.290494 0.00160934
10 0.202886 0.479312 0.149765 0.223246 0.00152548
8 0.718243 0.681529 0.0751591 0.0536398 0.00137815
10 0.0930136 0.666016 0.170546 0.230665 0.0011065
10 0.810048 0.433879 0.185002 0.296959 0.00103626
