7 0.154152 0.140488 0.256363 0.257177 0.821603
7 0.820959 0.112709 0.282294 0.210769 0.753669
2 0.822313 0.114422 0.283196 0.210673 0.0123344
2 0.153397 0.140541 0.25338 0.258594 0.00996487
10 0.821428 0.112086 0.282168 0.211149 0.00769321
4 0.154101 0.140671 0.257794 0.255931 0.00524213
2 0.576919 0.185931 0.0598881 0.148691 0.00371871
10 0.152226 0.140103 0.251885 0.259358 0.0035549
4 0.82178 0.113162 0.277764 0.21005 0.00282192
2 0.727828 0.619156 0.242632 0.365027 0.00256641
5 0.821142 0.113001 0.281547 0.20941 0.00111769
