1 0.663174 0.592758 0.502024 0.428725 0.465081
1 0.247333 0.549197 0.193064 0.384941 0.192908
1 0.0948648 0.629161 0.17317 0.0817968 0.0602456
1 0.296634 0.692405 0.0937965 0.113217 0.0359139
1 0.1225 0.548736 0.237393 0.272187 0.03347
1 0.192474 0.550246 0.0886896 0.284107 0.0312727
1 0.573615 0.68433 0.31439 0.189391 0.0227759
1 0.619416 0.716127 0.425306 0.168027 0.0140988
1 0.121805 0.635548 0.24361 0.107138 0.0138227
1 0.396726 0.650557 0.161514 0.0856796 0.0135521
1 0.551024 0.618912 0.305967 0.353538 0.00986588
1 0.28307 0.627796 0.115233 0.223236 0.00938217
1 0.27955 0.551743 0.112448 0.355725 0.00591491
1 0.40718 0.659119 0.20001 0.120729 0.00406478
1 0.528362 0.654455 0.20634 0.239504 0.00399029
11 0.336055 0.423207 0.662479 0.810966 0.00255459
1 0.931107 0.673978 0.110948 0.0680248 0.0023537
1 0.323336 0.659095 0.262761 0.12394 0.00233899
1 0.190293 0.560613 0.326944 0.390927 0.00214396
1 0.502157 0.689405 0.284387 0.199312 0.00199123
1 0.765833 0.669987 0.28658 0.178237 0.00185238
1 0.715069 0.704074 0.398222 0.175679 0.00171726
1 0.669045 0.656705 0.32539 0.212926 0.0016577
1 0.306549 0.67764 0.149635 0.130906 0.00163635
1 0.913279 0.664102 0.152216 0.0912347 0.0015193
1 0.869605 0.660815 0.237144 0.100984 0.00148565
4 0.968716 0.688031 0.0455386 0.0369646 0.00144444
1 0.102398 0.602806 0.194759 0.14862 0.00136755
1 0.219668 0.5919 0.253588 0.274132 0.00136441
1 0.414932 0.629637 0.310446 0.134044 0.00128556
1 0.465635 0.666729 0.328825 0.132896 0.00118432
1 0.5967 0.671101 0.427599 0.300308 0.00107334
