7 0.325173 0.236256 0.0861225 0.121743 0.865241
7 0.287359 0.348092 0.114351 0.15701 0.845975
7 0.689002 0.269078 0.0958138 0.148347 0.817707
2 0.529382 0.24484 0.118569 0.242962 0.811555
2 0.640927 0.608413 0.242973 0.539568 0.786522
10 0.871277 0.197812 0.241828 0.376687 0.721456
7 0.299113 0.0943994 0.109736 0.0622733 0.435446
10 0.130497 0.321918 0.244893 0.517058 0.36925
7 0.315947 0.461315 0.14707 0.111615 0.0681177
6 0.692041 0.265764 0.0910039 0.141924 0.0428015
7 0.314504 0.396106 0.150757 0.242087 0.0363999
1 0.299294 0.0947763 0.106439 0.0645881 0.0197098
7 0.6732 0.258825 0.0831014 0.124791 0.0101715
7 0.476324 0.173995 0.10188 0.15053 0.0100927
11 0.513872 0.752494 0.95573 0.486424 0.00773769
7 0.743514 0.266445 0.10252 0.192103 0.00507822
6 0.408237 0.0897414 0.117987 0.0729215 0.00503892
6 0.81876 0.363732 0.312055 0.392335 0.00404871
7 0.658597 0.316541 0.0553201 0.0650219 0.00351727
10 0.325116 0.239812 0.0868168 0.128503 0.00290938
11 0.713779 0.699387 0.561312 0.49231 0.00284083
7 0.407302 0.0882931 0.118112 0.0730935 0.00278683
6 0.775335 0.452597 0.431802 0.241647 0.00277761
11 0.389315 0.522243 0.753481 0.627072 0.00220832
2 0.691848 0.265478 0.0921107 0.142759 0.00210597
7 0.529642 0.242691 0.118753 0.245501 0.0018835
2 0.610306 0.242675 0.0993817 0.069954 0.00185444
2 0.266895 0.161001 0.161923 0.0662817 0.00178056
7 0.275961 0.212235 0.176597 0.164931 0.00177379
7 0.611093 0.243324 0.101201 0.0708188 0.00175546
10 0.930597 0.0759515 0.130029 0.137433 0.00160843
7 0.671421 0.278088 0.0581475 0.125852 0.0015811
11 0.129402 0.32122 0.244405 0.511202 0.0014778
5 0.691848 0.265478 0.0921107 0.142759 0.00136926
2 0.300195 0.0952195 0.109417 0.0642245 0.0012287
7 0.738273 0.316109 0.126083 0.288511 0.00114172
10 0.924582 0.112983 0.129701 0.208785 0.00112305
10 0.793316 0.349503 0.315872 0.357453 0.00100319
6 0.73962 0.661327 0.507416 0.405013 0.00100095
