6 0.716574 0.787655 0.265224 0.408386 0.922822
6 0.225487 0.870943 0.314286 0.248551 0.855882
11 0.257036 0.810744 0.346353 0.319313 0.593411
6 0.873431 0.851383 0.21746 0.279827 0.0256986
11 0.206497 0.854451 0.389732 0.242142 0.01993
11 0.974932 0.901516 0.0475813 0.194347 0.0142154
11 0.313963 0.561082 0.180661 0.225275 0.0113156
6 0.524771 0.693931 0.0508124 0.139535 0.00845222
4 0.568878 0.450585 0.033025 0.0344158 0.00679188
11 0.893413 0.854239 0.211658 0.277971 0.00555051
6 0.32706 0.590602 0.0626252 0.162465 0.00439727
11 0.0518657 0.873169 0.10065 0.22447 0.00433756
11 0.121231 0.87394 0.240522 0.224229 0.00409855
10 0.256859 0.811167 0.346578 0.31989 0.00406014
11 0.895693 0.910728 0.204785 0.176392 0.00399197
11 0.937235 0.906973 0.12211 0.186054 0.00392332
11 0.155723 0.810238 0.309919 0.317513 0.00381667
11 0.934868 0.995079 0.130264 0.00984263 0.00237569
11 0.951851 0.971756 0.0962975 0.0564876 0.00214107
11 0.974231 0.84986 0.04943 0.243489 0.00173546
6 0.760031 0.863912 0.180351 0.260012 0.00151671
11 0.96487 0.932458 0.0642915 0.135085 0.00147928
7 0.417904 0.939046 0.0499213 0.109308 0.00115409
6 0.0313084 0.853603 0.0600701 0.278197 0.00113016
6 0.974047 0.891613 0.0498169 0.18708 0.00105611
11 0.948239 0.998471 0.103523 0.00305745 0.00104545
2 0.321472 0.413348 0.0506996 0.119337 0.00100306
