6 0.536666 0.524956 0.782994 0.835886 0.79994
2 0.702175 0.269128 0.165594 0.178567 0.31432
2 0.717725 0.317855 0.247239 0.282011 0.180568
2 0.753058 0.193141 0.290508 0.331819 0.13174
7 0.269237 0.162973 0.308193 0.190742 0.119831
5 0.4588 0.344255 0.503257 0.464713 0.119744
2 0.191012 0.460177 0.1166 0.162937 0.0817945
2 0.2695 0.163323 0.312304 0.195739 0.0769798
11 0.274035 0.163315 0.328569 0.193416 0.0366617
2 0.726542 0.260277 0.105437 0.153538 0.0325493
6 0.469844 0.376611 0.542678 0.527713 0.0290707
2 0.783084 0.144312 0.224352 0.224203 0.017245
2 0.195129 0.432229 0.136388 0.245842 0.0158699
10 0.461728 0.345515 0.512408 0.463586 0.0107804
6 0.512939 0.315943 0.769053 0.530334 0.0103338
8 0.4588 0.344255 0.503257 0.464713 0.0099328
7 0.4588 0.344255 0.503257 0.464713 0.00972514
6 0.274467 0.166042 0.336316 0.201163 0.00656158
2 0.457563 0.343688 0.495497 0.463123 0.00571518
2 0.262609 0.431783 0.270599 0.249611 0.00263929
11 0.521168 0.302074 0.732472 0.491793 0.00220319
4 0.274467 0.166042 0.336316 0.201163 0.00217682
11 0.540355 0.534497 0.794063 0.846172 0.00201667
11 0.460522 0.342668 0.511648 0.460455 0.00198139
5 0.518827 0.447736 0.666467 0.66985 0.00169618
10 0.268943 0.16378 0.316966 0.199301 0.00117998
6 0.736869 0.183637 0.316707 0.323316 0.00108338
2 0.2486 0.547225 0.255024 0.345559 0.00104287
