2 0.795803 0.605346 0.102814 0.452062 0.788769
2 0.88484 0.685743 0.0876076 0.342906 0.777942
2 0.676593 0.443262 0.0802646 0.326163 0.436191
6 0.408318 0.534155 0.33587 0.565769 0.150552
2 0.673937 0.51133 0.0639983 0.206354 0.0576488
11 0.73783 0.683435 0.469072 0.561884 0.0396551
6 0.554896 0.597677 0.826229 0.694755 0.0267336
7 0.791658 0.738982 0.0881006 0.200792 0.0150816
6 0.399298 0.439445 0.394839 0.807769 0.0101066
2 0.375771 0.748197 0.0830096 0.336002 0.00461685
11 0.587802 0.66366 0.771256 0.600417 0.00381619
2 0.372484 0.753795 0.135706 0.412629 0.00269976
6 0.473058 0.537845 0.520607 0.615487 0.00246508
5 0.554896 0.597677 0.826229 0.694755 0.00235659
2 0.41267 0.567418 0.349074 0.629998 0.0019286
6 0.379941 0.612139 0.474678 0.705 0.00165102
2 0.448001 0.747268 0.290462 0.439139 0.00132059
5 0.38358 0.70113 0.481118 0.534985 0.00108998
