11 0.284219 0.784385 0.565046 0.414927 0.594348
10 0.561726 0.517181 0.189109 0.418005 0.508258
10 0.127475 0.405756 0.193631 0.437343 0.217658
10 0.528591 0.438979 0.12024 0.256976 0.0846846
7 0.0414175 0.508366 0.0775145 0.242781 0.0435407
10 0.159182 0.436311 0.157213 0.373528 0.0179521
10 0.529602 0.380674 0.0985105 0.126391 0.0155906
7 0.0351427 0.462391 0.0660185 0.146053 0.0104952
10 0.151586 0.25781 0.0836154 0.123117 0.00679757
2 0.14737 0.40486 0.159429 0.433278 0.00583834
10 0.066868 0.466886 0.124516 0.312896 0.00581629
6 0.122478 0.406346 0.208105 0.436935 0.00363952
7 0.0643352 0.496617 0.122135 0.253235 0.00354152
2 0.535364 0.367852 0.078062 0.0981437 0.00337731
11 0.0351427 0.462391 0.0660185 0.146053 0.0030018
7 0.122478 0.406346 0.208105 0.436935 0.002782
8 0.143495 0.4066 0.162091 0.434607 0.00199136
10 0.105927 0.31779 0.207919 0.61082 0.00194467
9 0.137441 0.405999 0.170185 0.431176 0.00190829
10 0.515422 0.563763 0.0879442 0.173754 0.00173132
8 0.534939 0.372873 0.0845046 0.105834 0.00172419
10 0.630015 0.601266 0.328103 0.598121 0.00151938
2 0.109138 0.319651 0.206781 0.61383 0.00114681
8 0.579194 0.530161 0.223524 0.450424 0.0010091
