6 0.576788 0.529767 0.118537 0.19869 0.827553
6 0.414448 0.614439 0.21601 0.338416 0.821635
11 0.373638 0.717264 0.188979 0.287513 0.774558
6 0.624531 0.64083 0.115222 0.177637 0.112763
6 0.119736 0.509543 0.0880594 0.165831 0.0600649
11 0.624792 0.640153 0.11713 0.175464 0.0423387
6 0.263655 0.792833 0.121077 0.319116 0.0259715
6 0.379897 0.650738 0.20203 0.417542 0.00888654
6 0.253388 0.855093 0.0882587 0.188871 0.00711584
11 0.258958 0.785055 0.138473 0.317871 0.00602981
2 0.286717 0.0686856 0.0965034 0.115133 0.00526786
11 0.882938 0.830861 0.220489 0.319755 0.0030873
6 0.587255 0.545304 0.0966611 0.0790831 0.00205745
10 0.391668 0.626542 0.228625 0.352936 0.00147772
