4 0.100858 0.693992 0.192364 0.429211 0.870543
9 0.538457 0.774506 0.166042 0.426744 0.865016
9 0.359951 0.765153 0.175826 0.44556 0.854568
9 0.922791 0.757608 0.144399 0.468368 0.847911
6 0.791144 0.692241 0.0743959 0.167157 0.819589
10 0.260897 0.600841 0.101722 0.292098 0.791634
6 0.661477 0.679424 0.0702744 0.149438 0.767121
10 0.681477 0.639489 0.0996722 0.235778 0.766331
10 0.114157 0.483338 0.0480905 0.0809003 0.760067
10 0.434469 0.621045 0.0699584 0.219277 0.746971
10 0.768883 0.648481 0.115826 0.234416 0.735843
10 0.183899 0.589003 0.0489546 0.169407 0.44837
9 0.196179 0.607988 0.0718421 0.171674 0.39393
6 0.67559 0.660463 0.0827543 0.180495 0.360774
10 0.761512 0.570544 0.0477848 0.0910937 0.286561
11 0.739498 0.67358 0.102118 0.162115 0.274977
10 0.22776 0.551929 0.039971 0.11183 0.23903
10 0.551035 0.555418 0.0517708 0.0947499 0.234403
10 0.381595 0.525142 0.0435818 0.111246 0.23177
10 0.227839 0.533099 0.0372781 0.0716566 0.223791
10 0.673182 0.605753 0.0814226 0.177809 0.223476
10 0.706755 0.559125 0.0460654 0.0819245 0.217403
10 0.507894 0.571757 0.0657599 0.116342 0.179493
10 0.504772 0.686888 0.096064 0.346645 0.163979
10 0.347322 0.539794 0.0802234 0.199717 0.142857
6 0.558968 0.643586 0.0478219 0.148135 0.124197
10 0.704973 0.664234 0.0492591 0.196567 0.106685
10 0.475422 0.544656 0.0448322 0.0877111 0.100758
6 0.782692 0.665331 0.0901295 0.142728 0.096201
11 0.739371 0.636814 0.0958403 0.0898892 0.0922306
10 0.633696 0.50452 0.0466186 0.105538 0.0816836
10 0.341653 0.575951 0.0675779 0.142553 0.0801325
10 0.505448 0.617244 0.085771 0.209045 0.0724698
10 0.630106 0.531057 0.0479666 0.15254 0.0671866
10 0.790377 0.614156 0.0720722 0.16907 0.066577
10 0.643545 0.482264 0.063936 0.12922 0.0638825
10 0.43625 0.560379 0.0541811 0.0956011 0.0601576
10 0.649329 0.509714 0.0918584 0.194719 0.05662
9 0.210065 0.629636 0.0971427 0.219832 0.0545361
11 0.760361 0.665091 0.134281 0.196956 0.0520627
9 0.50839 0.70661 0.107383 0.36276 0.0502859
10 0.494063 0.581757 0.0924479 0.138552 0.0487834
10 0.670431 0.564789 0.0706074 0.101067 0.048751
10 0.330995 0.659713 0.125122 0.442521 0.0467851
10 0.338267 0.604996 0.0972519 0.336577 0.0423928
10 0.314966 0.476902 0.0302375 0.0996199 0.0406934
10 0.668667 0.550412 0.0457283 0.0764106 0.0332152
10 0.477447 0.560513 0.0565907 0.0982442 0.0323519
9 0.560281 0.642908 0.047897 0.148379 0.0305677
10 0.766498 0.622668 0.0698298 0.195596 0.0275028
10 0.738452 0.363814 0.0367477 0.108204 0.0268746
6 0.795619 0.647229 0.070285 0.117173 0.0254844
10 0.292496 0.555047 0.042182 0.127381 0.0248786
10 0.796469 0.565633 0.0443007 0.073143 0.0243893
6 0.54995 0.621692 0.0633339 0.139135 0.0243437
10 0.364219 0.525199 0.0779989 0.139279 0.0242958
4 0.923173 0.758755 0.144567 0.466681 0.0240919
10 0.484407 0.525448 0.0365397 0.0711412 0.0240849
10 0.522357 0.559836 0.0769088 0.0984583 0.0236638
6 0.707168 0.6702 0.0695107 0.186778 0.0236352
10 0.543422 0.582049 0.0846851 0.142063 0.0234885
6 0.776599 0.630096 0.101482 0.187186 0.0211721
6 0.599872 0.582128 0.0258492 0.072106 0.0191054
10 0.763058 0.556267 0.0388634 0.0651015 0.0189661
10 0.345118 0.494586 0.0501387 0.125553 0.016546
6 0.556133 0.594795 0.0542411 0.159127 0.0162074
10 0.199553 0.599684 0.0758643 0.192813 0.0158347
10 0.527792 0.601434 0.103657 0.179831 0.0156105
10 0.636221 0.543936 0.0413827 0.11824 0.0155465
6 0.5783 0.612689 0.0624445 0.145987 0.0139418
6 0.194963 0.600429 0.0692578 0.186799 0.0133643
10 0.377395 0.498129 0.0308796 0.0594537 0.013304
9 0.234089 0.640192 0.099926 0.245276 0.0118296
0 0.0549637 0.445246 0.10111 0.090072 0.0115407
10 0.619861 0.514712 0.0546581 0.127237 0.0113738
10 0.479343 0.507657 0.0312625 0.0438053 0.0108337
11 0.456607 0.599349 0.0961033 0.180555 0.0103926
0 0.561379 0.645071 0.0423449 0.146049 0.0102307
10 0.7286 0.674939 0.0815575 0.162617 0.0101597
6 0.69487 0.678671 0.124842 0.178167 0.00997346
10 0.0770506 0.462648 0.0276188 0.0626587 0.00994581
9 0.748296 0.647195 0.153486 0.196407 0.00967034
10 0.221396 0.60308 0.0871074 0.20603 0.00843252
9 0.251024 0.661002 0.096675 0.202135 0.00841105
10 0.456607 0.599349 0.0961033 0.180555 0.00839738
6 0.664414 0.634622 0.0655482 0.125613 0.0078721
10 0.228119 0.594833 0.0553444 0.199282 0.0071116
10 0.47796 0.559447 0.105321 0.11346 0.00697093
10 0.651937 0.515347 0.0652408 0.0719124 0.0068565
10 0.685792 0.578469 0.0935239 0.115806 0.0063359
0 0.417596 0.577707 0.0960705 0.115547 0.00631516
10 0.531051 0.565403 0.119339 0.111274 0.00610352
10 0.246702 0.651108 0.0896568 0.22435 0.00608095
10 0.503709 0.546817 0.0429516 0.076088 0.00603652
10 0.488844 0.506627 0.0331639 0.0436288 0.00543627
0 0.394487 0.578612 0.0563307 0.101019 0.00539294
10 0.728737 0.575363 0.0729147 0.0779385 0.00537916
10 0.663145 0.677311 0.0706062 0.157616 0.00520509
6 0.584941 0.590939 0.0532462 0.127402 0.00503595
6 0.552338 0.564179 0.0532043 0.103762 0.00471775
10 0.452352 0.547569 0.0283979 0.0809964 0.00471432
10 0.0769214 0.472525 0.0362141 0.072466 0.00460546
10 0.293436 0.598119 0.0484082 0.194793 0.00458647
9 0.690492 0.63031 0.172188 0.182618 0.00458363
10 0.513397 0.550739 0.0473459 0.0831613 0.00457527
7 0.0337866 0.239447 0.0623471 0.0839982 0.00456195
10 0.188333 0.531175 0.0315767 0.0562014 0.00449348
10 0.26935 0.545669 0.0881787 0.168377 0.00444338
6 0.597372 0.605045 0.0316511 0.11674 0.00429117
10 0.730586 0.625645 0.151042 0.207736 0.00410086
11 0.547099 0.744232 0.165952 0.091492 0.00393514
10 0.150279 0.489004 0.0429092 0.0971562 0.00383463
0 0.921501 0.758264 0.144749 0.47048 0.00382965
10 0.738 0.562847 0.050317 0.0731946 0.00379803
10 0.0706423 0.46947 0.0300817 0.0591902 0.00368293
10 0.556133 0.594795 0.0542411 0.159127 0.00365381
11 0.48418 0.620082 0.126165 0.16341 0.00359631
10 0.237979 0.521679 0.0418878 0.116988 0.00353332
10 0.365818 0.592765 0.106789 0.269973 0.00353274
9 0.547126 0.650365 0.068062 0.157074 0.00342958
10 0.743428 0.618491 0.0922132 0.13185 0.00342644
6 0.763868 0.674473 0.0902384 0.171117 0.00335256
10 0.722308 0.588816 0.0611942 0.0680911 0.00335215
10 0.547126 0.650365 0.068062 0.157074 0.00327719
10 0.645916 0.5592 0.037673 0.0971717 0.00317024
10 0.252381 0.493604 0.0378775 0.06784 0.0030601
10 0.613828 0.471963 0.0438501 0.108562 0.00300438
10 0.326991 0.476354 0.0408466 0.107805 0.00297137
10 0.658712 0.462293 0.0746885 0.102531 0.0029403
11 0.113277 0.482785 0.0475718 0.0809899 0.00286825
0 0.301867 0.623919 0.0538444 0.146789 0.00270827
6 0.589754 0.618345 0.0369111 0.13248 0.00267003
8 0.494547 0.563439 0.0848335 0.103667 0.00264411
10 0.289566 0.522158 0.0469344 0.114401 0.00259016
6 0.607249 0.568314 0.0468946 0.0904347 0.00258394
10 0.559185 0.552332 0.0368298 0.0800699 0.00255209
6 0.513498 0.639403 0.0986261 0.23023 0.00251617
10 0.393777 0.534811 0.0644857 0.0985815 0.00247389
6 0.232426 0.63937 0.0654574 0.23499 0.00242618
0 0.333525 0.623829 0.107433 0.135483 0.00238223
10 0.0555981 0.455906 0.0734105 0.0724008 0.00226779
11 0.480804 0.588483 0.0882585 0.159094 0.00218213
10 0.400211 0.620342 0.126951 0.234568 0.00213105
10 0.471813 0.50529 0.0335026 0.0404953 0.00205062
10 0.799942 0.596144 0.0582428 0.144809 0.00203355
6 0.210176 0.620872 0.0947687 0.201358 0.00198819
9 0.214752 0.586002 0.0756901 0.171182 0.00191169
11 0.412601 0.64172 0.100871 0.175917 0.00187163
6 0.586479 0.569132 0.0455801 0.0877377 0.00185906
8 0.478435 0.550845 0.0508259 0.0890597 0.00185748
6 0.620456 0.564281 0.0415978 0.102827 0.00175737
0 0.241026 0.663156 0.0760968 0.211292 0.00175103
0 0.549393 0.648347 0.0675993 0.163088 0.00173368
10 0.395213 0.520396 0.0518083 0.0874291 0.00172524
9 0.513498 0.639403 0.0986261 0.23023 0.0016991
0 0.317692 0.627192 0.06234 0.137456 0.00166663
10 0.526759 0.634395 0.0934452 0.13367 0.00165871
10 0.448577 0.641231 0.0932182 0.168574 0.00159362
6 0.25472 0.655344 0.0986217 0.179222 0.00156482
9 0.553326 0.560199 0.0523624 0.0979001 0.00155027
10 0.501472 0.515146 0.0334295 0.0430612 0.00153149
6 0.543422 0.582049 0.0846851 0.142063 0.00147142
10 0.233822 0.512721 0.0334504 0.0554522 0.00146745
9 0.101906 0.696368 0.19312 0.429869 0.00142482
11 0.436385 0.61585 0.0645917 0.212444 0.0013862
6 0.526759 0.634395 0.0934452 0.13367 0.00138026
10 0.0423956 0.471045 0.0669284 0.0542375 0.00134705
9 0.730872 0.614672 0.200358 0.235244 0.00133723
6 0.214752 0.586002 0.0756901 0.171182 0.00131944
10 0.73188 0.446394 0.0609785 0.276378 0.00127416
10 0.455058 0.519293 0.0282912 0.0648817 0.00124351
6 0.812079 0.609687 0.0955454 0.172841 0.00122353
10 0.263831 0.495404 0.0426865 0.0825879 0.00110293
10 0.737659 0.34152 0.0281916 0.100252 0.00109441
10 0.544169 0.543209 0.0336369 0.0728981 0.00107845
10 0.199164 0.529471 0.0295132 0.0647461 0.00107357
10 0.556709 0.63255 0.0501774 0.137048 0.00107121
10 0.669301 0.5072 0.0364136 0.0548032 0.00106306
10 0.330126 0.548788 0.0571277 0.113927 0.00104875
0 0.196983 0.620277 0.0722804 0.153924 0.00104095
10 0.310439 0.49908 0.0315903 0.11576 0.00103011
