10 0.496387 0.583756 0.094428 0.27385 0.848296
6 0.272728 0.523006 0.0480407 0.0774943 0.435282
6 0.242703 0.520181 0.0492777 0.0698689 0.288643
11 0.353642 0.730753 0.224969 0.261529 0.1536
6 0.298123 0.511692 0.032294 0.0683008 0.0485796
11 0.520992 0.732029 0.567005 0.268625 0.0326291
6 0.352936 0.728989 0.221919 0.260854 0.0302312
6 0.338291 0.525848 0.053456 0.0611214 0.0256564
6 0.630442 0.794654 0.409608 0.302 0.0243207
6 0.737844 0.801891 0.197972 0.291888 0.0211396
11 0.55648 0.634768 0.105709 0.0726356 0.0178193
6 0.474519 0.729618 0.156584 0.273712 0.0159769
11 0.522018 0.641304 0.173774 0.0864948 0.0155203
6 0.287846 0.514752 0.0464016 0.0687063 0.00915554
6 0.179816 0.527965 0.0372993 0.0510304 0.00914221
6 0.518227 0.768726 0.193346 0.358152 0.00880382
11 0.602558 0.783583 0.472796 0.306083 0.00781451
10 0.98644 0.258862 0.025019 0.276987 0.00645669
6 0.543698 0.749564 0.605418 0.303214 0.00626235
1 0.602558 0.783583 0.472796 0.306083 0.00546338
6 0.257289 0.526909 0.074233 0.0739004 0.00484712
7 0.601086 0.606344 0.0278776 0.0482275 0.00409137
11 0.528243 0.61294 0.158864 0.214418 0.00348893
2 0.0894307 0.414887 0.0724835 0.344081 0.00323801
11 0.626466 0.722699 0.252848 0.240847 0.00314199
6 0.318761 0.517814 0.0448143 0.0671612 0.00276793
11 0.180136 0.528351 0.0377547 0.047122 0.00255979
10 0.416453 0.505959 0.0357766 0.074945 0.00240033
6 0.22156 0.521065 0.0375933 0.0649595 0.00236499
6 0.166327 0.527029 0.065409 0.0501384 0.00226452
6 0.133349 0.506488 0.0470668 0.0835428 0.00220693
11 0.272418 0.52148 0.0460564 0.0717604 0.00214547
6 0.209683 0.521493 0.0470852 0.0606434 0.00195293
6 0.369961 0.516819 0.0312304 0.0710297 0.00184141
11 0.631525 0.801897 0.237954 0.306909 0.00165759
10 0.370965 0.509513 0.0310981 0.0750438 0.00159528
11 0.242277 0.520062 0.0461847 0.0686512 0.00121812
1 0.542596 0.737808 0.603031 0.298596 0.00116199
6 0.154617 0.509131 0.0918797 0.0850807 0.00109745
6 0.354135 0.531937 0.0930877 0.0677017 0.00101977
