10 0.35726 0.651855 0.279828 0.672535 0.899756
10 0.740862 0.672552 0.231832 0.61983 0.894672
10 0.549257 0.678519 0.243819 0.616467 0.878978
10 0.157846 0.68303 0.226136 0.602369 0.850116
10 0.483183 0.430482 0.0705117 0.166319 0.407367
10 0.677083 0.450523 0.116119 0.177691 0.254612
10 0.86918 0.672906 0.153387 0.532407 0.254037
10 0.86893 0.752963 0.127732 0.378186 0.140268
10 0.103051 0.731033 0.117485 0.494268 0.126065
10 0.835051 0.459189 0.0849838 0.16121 0.0733935
10 0.866786 0.507621 0.141238 0.268437 0.0646207
10 0.058288 0.536715 0.105514 0.180976 0.0362042
10 0.850369 0.469469 0.123027 0.200998 0.0338771
10 0.702853 0.459759 0.0880662 0.186055 0.0294076
10 0.201044 0.654968 0.146593 0.543287 0.019747
10 0.9623 0.685865 0.07145 0.478674 0.0180395
10 0.566771 0.451695 0.0967394 0.153238 0.0152881
10 0.392388 0.477904 0.138239 0.303754 0.0123606
10 0.642575 0.444357 0.0618104 0.111986 0.00599606
10 0.0741976 0.518711 0.0788785 0.143197 0.00475517
10 0.0725993 0.546922 0.136719 0.234276 0.00474703
10 0.686369 0.501685 0.13945 0.283945 0.00393329
10 0.182129 0.481141 0.112338 0.178549 0.00359023
10 0.0442761 0.554262 0.0836361 0.132508 0.00256706
10 0.10039 0.610649 0.109214 0.331648 0.00253827
10 0.0560425 0.599189 0.0995846 0.28353 0.00181578
10 0.0999885 0.531471 0.139443 0.184725 0.00154394
5 0.702853 0.459759 0.0880662 0.186055 0.00150852
10 0.874526 0.66715 0.108886 0.193725 0.00134408
10 0.392352 0.463396 0.107868 0.228122 0.00132768
10 0.689368 0.436803 0.0798912 0.135221 0.00121949
10 0.423108 0.445396 0.0804846 0.21856 0.00121819
10 0.734949 0.466635 0.108525 0.20933 0.00120931
10 0.417646 0.42221 0.072376 0.144223 0.00116388
8 0.697266 0.456827 0.0839244 0.180747 0.00115186
10 0.0521091 0.681595 0.0912752 0.433783 0.00108746
