10 0.0466666 0.48763 0.0883676 0.484725 0.724963
4 0.62628 0.536537 0.474036 0.56248 0.707684
4 0.157784 0.277339 0.0892244 0.16279 0.538972
10 0.610274 0.385461 0.0699871 0.0870463 0.137921
4 0.166574 0.421957 0.0989756 0.10966 0.0781309
10 0.624384 0.385033 0.0473087 0.0838026 0.0774473
10 0.607109 0.345041 0.0751046 0.164808 0.061041
10 0.607923 0.324665 0.0561389 0.152058 0.0398678
10 0.596882 0.387926 0.057319 0.0783454 0.0194947
10 0.641267 0.384676 0.0654433 0.0907544 0.0122168
10 0.583708 0.393853 0.0507511 0.0852525 0.010484
10 0.606252 0.301509 0.0421715 0.0989133 0.00972418
10 0.628743 0.377552 0.0687992 0.0902846 0.00765853
8 0.158552 0.280814 0.0922883 0.158185 0.00702691
1 0.625882 0.533426 0.472562 0.56479 0.00607334
10 0.58065 0.419501 0.0507811 0.128727 0.00513325
10 0.590456 0.37218 0.0603949 0.132849 0.00493738
10 0.627968 0.531052 0.476915 0.569193 0.003464
3 0.627968 0.531052 0.476915 0.569193 0.00274598
10 0.657622 0.386294 0.048383 0.0865246 0.00146918
10 0.116493 0.222137 0.0427702 0.088634 0.0013839
9 0.627968 0.531052 0.476915 0.569193 0.00124223
9 0.15669 0.270211 0.0920299 0.17827 0.00114197
5 0.157863 0.283264 0.0926056 0.143809 0.00100669
