11 0.816601 0.785441 0.221978 0.180326 0.222345
6 0.219179 0.798746 0.328756 0.199747 0.194255
10 0.885942 0.68383 0.0316666 0.0830033 0.0287964
6 0.332311 0.803536 0.554641 0.211223 0.0282074
6 0.818696 0.78749 0.219713 0.177391 0.0180478
1 0.498993 0.804206 0.911537 0.215138 0.0132191
10 0.219459 0.590276 0.0653918 0.103648 0.0130228
1 0.450849 0.662198 0.824471 0.4893 0.0115184
10 0.23581 0.58794 0.0422507 0.0938015 0.00551249
1 0.332311 0.803536 0.554641 0.211223 0.00361424
6 0.328082 0.771271 0.0794039 0.119369 0.00358168
11 0.863217 0.742494 0.13128 0.100452 0.00229695
10 0.214519 0.576218 0.0478459 0.0911185 0.0022162
1 0.773138 0.7954 0.320621 0.181469 0.00202327
10 0.943393 0.70098 0.0363013 0.111445 0.00128104
4 0.879399 0.720232 0.0932596 0.0575718 0.00125848
10 0.205736 0.594939 0.0403839 0.10793 0.00120236
10 0.254104 0.583951 0.0335934 0.0852584 0.00105798
6 0.454699 0.829419 0.322177 0.159154 0.00100734
