10 0.463839 0.54415 0.269731 0.878495 0.897623
10 0.246459 0.568918 0.236381 0.801432 0.851592
4 0.796934 0.534479 0.374174 0.401517 0.738072
5 0.70309 0.420197 0.0952229 0.12777 0.0573878
4 0.902539 0.59501 0.180472 0.311964 0.0256241
8 0.701886 0.422318 0.0970997 0.128478 0.0149794
4 0.702431 0.419939 0.0961799 0.12792 0.006558
4 0.845218 0.449524 0.268184 0.224303 0.00653879
4 0.343822 0.357982 0.0382442 0.111145 0.00362556
4 0.637913 0.366448 0.0936852 0.0907011 0.00174593
4 0.355256 0.357685 0.0535134 0.116203 0.00149479
10 0.34164 0.348687 0.0342968 0.0980006 0.00128845
8 0.797784 0.539116 0.373226 0.409453 0.00122613
