0 0.805037 0.55253 0.374253 0.325737 0.830608
10 0.677705 0.504032 0.109946 0.360395 0.78515
0 0.518771 0.572671 0.240239 0.309877 0.688576
0 0.250252 0.599815 0.212578 0.280841 0.472916
0 0.190168 0.599976 0.346818 0.289539 0.373319
0 0.403243 0.606729 0.160901 0.242036 0.100068
0 0.0477011 0.589528 0.0873654 0.313464 0.0505389
0 0.116242 0.6029 0.122053 0.282388 0.0442725
0 0.56684 0.568164 0.154866 0.310176 0.0430603
0 0.106479 0.597331 0.203567 0.29132 0.018171
0 0.469527 0.57962 0.138885 0.316371 0.0131169
10 0.449461 0.616108 0.0787025 0.25266 0.00961849
0 0.443641 0.596467 0.232981 0.283311 0.0065163
0 0.303979 0.603365 0.124793 0.2573 0.00635004
11 0.566437 0.468 0.113014 0.106573 0.00414752
0 0.678695 0.581024 0.116392 0.248452 0.00220492
10 0.975453 0.522403 0.0441774 0.305431 0.00176276
0 0.152114 0.60144 0.154265 0.284072 0.00136062
10 0.464086 0.575368 0.139482 0.308744 0.00100975
