10 0.364936 0.506434 0.0529568 0.0856966 0.770714
10 0.319143 0.501881 0.0607336 0.0916554 0.763403
10 0.51323 0.483058 0.0533038 0.115272 0.756971
10 0.462461 0.488073 0.0590179 0.113433 0.618111
4 0.603428 0.468371 0.122735 0.116976 0.0178174
4 0.648249 0.466488 0.203767 0.122648 0.00882967
4 0.698723 0.464086 0.191785 0.114154 0.0082009
11 0.319112 0.50131 0.0601051 0.0921953 0.00703444
11 0.464506 0.494042 0.0599354 0.0977919 0.00404929
4 0.590973 0.481688 0.0959019 0.0829809 0.00359191
10 0.340951 0.503468 0.0956112 0.0939079 0.00212176
8 0.465135 0.482967 0.0630456 0.12575 0.00205739
10 0.47494 0.481069 0.0809317 0.145536 0.0018641
4 0.56991 0.474032 0.178616 0.128657 0.0017975
4 0.690959 0.453308 0.128997 0.0783992 0.00104449
4 0.678824 0.508501 0.282539 0.173988 0.00103667
