11 0.52841 0.843867 0.862663 0.279012 0.870176
2 0.140486 0.575236 0.123473 0.252439 0.849423
0 0.772456 0.427997 0.408608 0.727058 0.0175765
7 0.558547 0.785123 0.0676501 0.0458693 0.013239
6 0.757042 0.669812 0.474397 0.363056 0.010892
7 0.39851 0.586377 0.0926762 0.113275 0.00532934
7 0.031998 0.493393 0.0595994 0.0359327 0.00497548
10 0.757583 0.652469 0.475914 0.343088 0.00412758
7 0.554622 0.776317 0.0970317 0.0620111 0.00271913
10 0.52643 0.843909 0.865952 0.278547 0.00258127
7 0.0842834 0.495083 0.164479 0.0443571 0.00228247
10 0.772456 0.427997 0.408608 0.727058 0.00225326
7 0.482299 0.697241 0.0900086 0.0885064 0.00220959
2 0.0794001 0.494769 0.155512 0.0447832 0.00164656
6 0.869108 0.692855 0.252785 0.322226 0.0013423
7 0.0242782 0.487824 0.0438309 0.0476053 0.00129221
2 0.0148733 0.463541 0.0276677 0.112976 0.0012184
7 0.927621 0.78673 0.0856159 0.105916 0.00113798
7 0.0528274 0.494596 0.0977582 0.0390369 0.00113796
2 0.0127495 0.475838 0.0234659 0.078079 0.0010558
