10 0.433501 0.436479 0.237643 0.442106 0.883042
2 0.355431 0.801513 0.125541 0.38603 0.857399
7 0.591819 0.839446 0.0819363 0.193505 0.836241
10 0.854871 0.437535 0.137073 0.368585 0.82557
11 0.398708 0.863738 0.68343 0.264563 0.813216
10 0.162176 0.47958 0.316542 0.923896 0.808196
2 0.460198 0.724767 0.0920971 0.375575 0.807207
2 0.531891 0.674144 0.0719612 0.276949 0.799423
10 0.6334 0.408011 0.0805169 0.12196 0.79321
10 0.762714 0.52637 0.138712 0.398719 0.772985
10 0.565595 0.418598 0.0952757 0.204015 0.733934
2 0.579872 0.567382 0.0421364 0.160954 0.683403
7 0.69076 0.568698 0.0361437 0.0778263 0.680216
2 0.613726 0.683751 0.0726959 0.267674 0.651193
2 0.665381 0.498837 0.0373094 0.13218 0.621238
7 0.471433 0.490084 0.0352036 0.111261 0.617046
10 0.24621 0.449179 0.185863 0.82109 0.552566
2 0.615626 0.555396 0.039992 0.118735 0.52118
10 0.352221 0.324344 0.0577753 0.105509 0.416768
7 0.641439 0.800304 0.0574352 0.192138 0.375772
10 0.688423 0.423687 0.0352001 0.07632 0.198701
7 0.726533 0.48542 0.0457314 0.0462354 0.100463
7 0.575097 0.415367 0.0781339 0.196466 0.0987863
7 0.472932 0.467674 0.0307391 0.0670995 0.0932044
7 0.63772 0.477485 0.0353466 0.0661025 0.0928684
7 0.692606 0.553029 0.0353146 0.0584855 0.0671301
7 0.657134 0.457735 0.0276722 0.0638906 0.0630022
7 0.643239 0.466929 0.0276785 0.0751079 0.0534614
2 0.638784 0.475377 0.0358614 0.0740793 0.0524288
10 0.269541 0.264839 0.0580089 0.109698 0.0394505
10 0.755424 0.403317 0.112488 0.159734 0.0378168
2 0.460411 0.605487 0.0471699 0.15388 0.0367961
7 0.723446 0.499875 0.0540909 0.0763492 0.0299198
7 0.548019 0.545379 0.0324456 0.0593927 0.0272708
11 0.431238 0.776206 0.63392 0.435827 0.026322
7 0.714215 0.486709 0.0429537 0.0508216 0.0262761
7 0.658372 0.848226 0.0586697 0.0876387 0.0251679
7 0.627408 0.482993 0.0315628 0.0546971 0.0227759
10 0.499954 0.442169 0.103357 0.291666 0.0206138
2 0.54821 0.583426 0.043038 0.154439 0.0201423
7 0.608135 0.4818 0.0344069 0.0515619 0.0175745
6 0.424265 0.537624 0.205649 0.255182 0.0166732
7 0.707859 0.507053 0.046768 0.0894237 0.0164856
2 0.691938 0.497468 0.0277952 0.110759 0.0160476
7 0.698521 0.516785 0.0324345 0.0971795 0.0154271
7 0.68342 0.449757 0.0337639 0.0525402 0.0147539
10 0.514834 0.356982 0.0514529 0.0988754 0.013945
2 0.805977 0.403817 0.0351784 0.0933412 0.0136465
2 0.646869 0.480951 0.0471939 0.0874917 0.0091484
10 0.918689 0.760174 0.150706 0.400431 0.0089744
2 0.419643 0.213466 0.035573 0.0474474 0.00893328
10 0.909458 0.576971 0.172765 0.818715 0.00823836
7 0.689406 0.444729 0.0297363 0.0667058 0.00817138
2 0.0404453 0.916652 0.0772865 0.151426 0.00812896
7 0.797074 0.464162 0.0361385 0.0417337 0.00737942
7 0.660689 0.485779 0.0335196 0.115795 0.00707227
2 0.56984 0.420145 0.0898661 0.207791 0.00700351
7 0.691938 0.497468 0.0277952 0.110759 0.00689301
10 0.660898 0.412766 0.102712 0.114931 0.00668242
7 0.663641 0.449748 0.0239395 0.0469371 0.00646106
10 0.799657 0.404399 0.0390358 0.113844 0.00616204
2 0.658572 0.452034 0.0231766 0.0503819 0.00598621
11 0.362636 0.954577 0.355885 0.0814076 0.00554147
7 0.0407581 0.910144 0.0751972 0.149624 0.00534792
10 0.565733 0.378827 0.0900651 0.128999 0.00524191
2 0.813702 0.398207 0.0318272 0.100479 0.00489866
10 0.54726 0.444764 0.109974 0.276324 0.00483538
2 0.696768 0.505478 0.0301218 0.0852909 0.00483257
6 0.398077 0.472075 0.164718 0.376237 0.00466102
2 0.655762 0.45936 0.0298239 0.0652615 0.00463393
7 0.66499 0.512511 0.0374776 0.102649 0.00444769
7 0.479566 0.502914 0.0392253 0.14082 0.0043443
2 0.688155 0.423059 0.0346569 0.0750768 0.00429942
10 0.524846 0.355557 0.0392355 0.0717525 0.00402911
10 0.492866 0.339195 0.0902821 0.0847892 0.0040283
10 0.311725 0.276092 0.0591221 0.107131 0.00378384
2 0.799657 0.404399 0.0390358 0.113844 0.00316036
11 0.663427 0.757732 0.179428 0.470345 0.00309918
2 0.681025 0.484443 0.0344711 0.106742 0.00288156
2 0.638948 0.799892 0.0527281 0.193699 0.00279513
2 0.689406 0.444729 0.0297363 0.0667058 0.00275199
2 0.471816 0.496399 0.0364562 0.129457 0.00272386
7 0.698579 0.476823 0.0265646 0.056977 0.00265883
10 0.0981842 0.486045 0.187365 0.902956 0.00257029
10 0.626082 0.477919 0.134473 0.29241 0.00255047
11 0.26725 0.878798 0.351629 0.22733 0.00254972
7 0.681025 0.484443 0.0344711 0.106742 0.00251988
10 0.288189 0.39413 0.491086 0.741598 0.0023373
7 0.687543 0.424443 0.0360086 0.0790938 0.00230409
10 0.583307 0.468702 0.0952511 0.292256 0.0022699
6 0.561279 0.426419 0.101846 0.214652 0.00225055
11 0.564532 0.418865 0.098134 0.20391 0.00223862
2 0.542894 0.616121 0.051099 0.171293 0.00222724
10 0.473702 0.507779 0.0431067 0.167424 0.00221973
2 0.68342 0.449757 0.0337639 0.0525402 0.00220447
2 0.854076 0.428513 0.132663 0.353305 0.00210702
7 0.592528 0.785842 0.0649867 0.0914939 0.00209508
7 0.61574 0.841882 0.0667299 0.133134 0.00209065
2 0.617058 0.519079 0.0375727 0.0998295 0.00206978
7 0.487846 0.504779 0.0581226 0.163942 0.00204264
6 0.897367 0.498009 0.161152 0.271915 0.00203538
11 0.318581 0.768787 0.324824 0.175329 0.00196372
10 0.543337 0.363125 0.0585518 0.0931183 0.00191206
7 0.630511 0.768713 0.0428692 0.135497 0.00183298
7 0.649258 0.450579 0.0284009 0.042287 0.0018251
10 0.370265 0.316867 0.0792355 0.0755063 0.00178197
7 0.58044 0.503987 0.0240154 0.0456133 0.00178149
7 0.672561 0.498424 0.0448475 0.129679 0.00173425
7 0.627425 0.749547 0.0354082 0.097879 0.00167927
10 0.950823 0.535908 0.0933456 0.416826 0.00165001
6 0.909793 0.752775 0.167019 0.382816 0.0016196
10 0.580149 0.428883 0.0671608 0.148857 0.00160496
8 0.561279 0.426419 0.101846 0.214652 0.00149301
10 0.186768 0.272411 0.168897 0.498332 0.00148979
11 0.320127 0.810499 0.501063 0.310221 0.00137046
7 0.626369 0.793329 0.0745351 0.177056 0.00133739
6 0.909726 0.566656 0.167791 0.829205 0.00133073
7 0.828158 0.372545 0.030965 0.0575162 0.0012853
7 0.591661 0.423645 0.0658406 0.10679 0.00127456
11 0.455985 0.724865 0.166254 0.363802 0.00124682
2 0.548693 0.543772 0.0311024 0.059961 0.00124175
10 0.52316 0.408321 0.0635284 0.200763 0.00123344
7 0.680946 0.568991 0.0625626 0.0801088 0.00123324
2 0.675487 0.498593 0.0443392 0.1268 0.0012316
11 0.58803 0.767428 0.32454 0.453469 0.00121547
10 0.911204 0.593987 0.165909 0.461004 0.0012094
2 0.819691 0.382149 0.0281036 0.0693588 0.00117921
10 0.714707 0.404923 0.0637053 0.114636 0.00116975
2 0.663641 0.449748 0.0239395 0.0469371 0.00116831
7 0.734593 0.511201 0.0456829 0.0665752 0.00116625
2 0.664623 0.529171 0.0361834 0.0674517 0.0010481
11 0.633124 0.40827 0.0813526 0.12169 0.00101903
10 0.384276 0.30503 0.0438604 0.0467042 0.00101524
10 0.841486 0.511937 0.167133 0.451839 0.00100603
