3 0.756942 0.641841 0.199748 0.231124 0.905493
4 0.552386 0.611911 0.0517654 0.0622114 0.864014
10 0.445002 0.704078 0.0354475 0.141096 0.83455
10 0.413038 0.703715 0.0375984 0.13414 0.816454
10 0.344728 0.635826 0.0248829 0.0817967 0.769029
10 0.378937 0.634601 0.0262653 0.088686 0.69732
10 0.687055 0.955789 0.0462362 0.0801064 0.602325
4 0.430845 0.582404 0.0283728 0.0367384 0.276709
10 0.472297 0.691335 0.0259615 0.111161 0.127781
10 0.323929 0.58852 0.0181825 0.0512931 0.0955077
10 0.338326 0.604926 0.0172592 0.059978 0.0807811
10 0.363442 0.613971 0.032575 0.100876 0.0581289
10 0.36094 0.596406 0.0287998 0.0724151 0.0469635
10 0.632326 0.894004 0.0249763 0.0661578 0.0466151
10 0.333764 0.602623 0.0177102 0.0391869 0.0412289
10 0.374363 0.623784 0.0311455 0.0931854 0.0346831
10 0.339605 0.589415 0.0214435 0.0585097 0.0271852
10 0.783987 0.642933 0.0308463 0.057696 0.0264485
10 0.404614 0.670277 0.0212313 0.0715518 0.0263018
3 0.484169 0.586093 0.0383802 0.0515154 0.02502
10 0.386039 0.633598 0.0222422 0.0892027 0.0193068
10 0.37377 0.658485 0.0269 0.0502807 0.01893
4 0.472716 0.584963 0.0284257 0.0460525 0.0143761
10 0.38978 0.626331 0.0214027 0.0728185 0.0141061
11 0.444151 0.703459 0.0334787 0.140838 0.0133307
10 0.399246 0.619371 0.0189111 0.0504451 0.0115283
10 0.33398 0.5816 0.0239206 0.0622739 0.00856974
10 0.363567 0.64429 0.0230303 0.0682771 0.00784439
8 0.688323 0.957061 0.0469111 0.0808111 0.00707872
4 0.477716 0.590919 0.0305565 0.0444329 0.00614529
10 0.32819 0.584712 0.0281927 0.0497994 0.00600173
11 0.4129 0.701804 0.0366926 0.133031 0.00566913
2 0.471672 0.697295 0.0249946 0.100219 0.00500485
0 0.37377 0.658485 0.0269 0.0502807 0.00466642
0 0.472351 0.690999 0.0239359 0.106654 0.00453659
11 0.377948 0.634548 0.0275427 0.0893572 0.00450606
10 0.515713 0.844289 0.0393854 0.0896751 0.00336086
8 0.632251 0.894607 0.0270042 0.0694486 0.00318261
10 0.591253 0.900789 0.0347109 0.0831696 0.00274747
3 0.552307 0.611878 0.0514439 0.0612966 0.00254565
5 0.69032 0.956395 0.0436242 0.0804737 0.00245721
10 0.443073 0.680667 0.0304813 0.0904097 0.00201844
10 0.356502 0.65458 0.0233628 0.0579511 0.00193331
10 0.326099 0.600391 0.0230307 0.0591242 0.00192904
3 0.489842 0.577219 0.0486766 0.0780601 0.00188677
3 0.516408 0.56913 0.0992718 0.102023 0.00178474
0 0.37818 0.636123 0.024978 0.0929567 0.0016473
4 0.404605 0.585522 0.0226619 0.0377626 0.00149056
10 0.315591 0.593776 0.0196963 0.0473381 0.00148797
10 0.242508 0.971708 0.0305158 0.0528949 0.00142865
8 0.510889 0.836348 0.0291406 0.0784247 0.00141234
8 0.471672 0.697295 0.0249946 0.100219 0.00138933
10 0.632012 0.920574 0.0382538 0.0877824 0.00138008
4 0.58168 0.603718 0.0240584 0.0509512 0.00117815
10 0.474903 0.587412 0.028356 0.045106 0.00116016
10 0.79848 0.648297 0.0360859 0.0466635 0.00112038
4 0.486078 0.594737 0.0258838 0.0437723 0.00110916
3 0.474996 0.588937 0.0331591 0.045931 0.00109532
6 0.0182063 0.831897 0.036031 0.300843 0.00109008
3 0.469766 0.584028 0.028756 0.0418507 0.00106664
10 0.688823 0.973015 0.0641851 0.05397 0.00103846
11 0.345979 0.635897 0.0271562 0.0794984 0.00101712
