3 0.728229 0.616106 0.385644 0.330869 0.899008
10 0.448817 0.680521 0.0215004 0.0482478 0.394646
10 0.5483 0.692477 0.0215102 0.0611732 0.366384
10 0.572732 0.707246 0.0255928 0.078872 0.175582
10 0.420122 0.687165 0.0205746 0.0452538 0.16356
6 0.43186 0.682566 0.0602116 0.055727 0.10414
10 0.429316 0.681647 0.0418725 0.0551819 0.101637
10 0.555812 0.704356 0.032292 0.078426 0.0424664
10 0.449982 0.652068 0.0222389 0.089525 0.0250918
8 0.448817 0.680521 0.0215004 0.0482478 0.0187092
10 0.415965 0.679035 0.0267395 0.0472747 0.00706111
4 0.431353 0.679339 0.056306 0.0526217 0.00623198
6 0.431716 0.664375 0.0600175 0.0930922 0.00490419
4 0.473063 0.66865 0.0210825 0.0321597 0.00243818
8 0.431806 0.680815 0.0516199 0.054765 0.00200544
0 0.449107 0.681076 0.0196131 0.049847 0.00189083
10 0.548516 0.698159 0.0304901 0.0876782 0.00178305
8 0.42001 0.685064 0.0223296 0.0485157 0.00169026
11 0.431353 0.679339 0.056306 0.0526217 0.00149255
6 0.471964 0.70176 0.142535 0.110972 0.00129235
4 0.510724 0.676092 0.0248341 0.0331251 0.0012144
9 0.449524 0.680475 0.0209379 0.0487361 0.00117276
10 0.470968 0.66965 0.0233433 0.0295344 0.00108102
6 0.449524 0.680475 0.0209379 0.0487361 0.00105888
9 0.42001 0.685064 0.0223296 0.0485157 0.00101914
