0 0.948322 0.673537 0.0890808 0.184849 0.83716
4 0.874655 0.593341 0.140251 0.144812 0.732443
10 0.784349 0.560604 0.0292309 0.0907015 0.315672
9 0.871233 0.592402 0.142709 0.143631 0.164215
9 0.831268 0.601198 0.0662613 0.119869 0.0661595
4 0.728249 0.582027 0.0633731 0.139716 0.0317801
4 0.957784 0.570937 0.0753082 0.125416 0.0315419
9 0.726893 0.580143 0.0642313 0.13826 0.023719
10 0.726893 0.580143 0.0642313 0.13826 0.0172038
9 0.948863 0.673316 0.0890759 0.183266 0.00953898
10 0.72414 0.550699 0.0553198 0.0795288 0.00684484
10 0.979978 0.655689 0.0301138 0.118791 0.00575662
10 0.734931 0.554772 0.0433387 0.0758103 0.00563099
10 0.529116 0.510528 0.0414159 0.079054 0.00530571
0 0.726893 0.580143 0.0642313 0.13826 0.00505302
10 0.810631 0.567361 0.034829 0.0744771 0.0045772
10 0.776234 0.579639 0.0283369 0.0564618 0.00369044
10 0.531824 0.441461 0.0323985 0.0623804 0.00366238
5 0.872158 0.592077 0.14141 0.143895 0.00327916
10 0.795791 0.559783 0.0399338 0.0873345 0.00248075
10 0.335227 0.592096 0.0908675 0.16174 0.00216606
4 0.911602 0.567593 0.170006 0.134928 0.00201745
10 0.747291 0.56106 0.0312861 0.0732742 0.00173642
5 0.948863 0.673316 0.0890759 0.183266 0.00163627
4 0.834915 0.601629 0.0744373 0.123968 0.00144979
10 0.948863 0.673316 0.0890759 0.183266 0.00128267
10 0.712066 0.543982 0.0339813 0.0764219 0.00125767
4 0.962415 0.519617 0.0669823 0.0495321 0.00108015
