4 0.892279 0.196753 0.210019 0.220747 0.892241
4 0.378787 0.218013 0.167065 0.107022 0.852049
9 0.577181 0.404601 0.329298 0.56735 0.841865
4 0.708671 0.205495 0.143019 0.157085 0.556368
4 0.35592 0.307691 0.158504 0.271404 0.516796
9 0.735468 0.564654 0.505026 0.841739 0.111897
4 0.427283 0.303545 0.308687 0.280938 0.0931307
4 0.575909 0.407573 0.328083 0.573081 0.0560313
4 0.471775 0.221611 0.0877949 0.104546 0.0514543
9 0.616959 0.325192 0.258545 0.435052 0.0390468
4 0.543809 0.298681 0.261583 0.348283 0.0342885
4 0.244751 0.386358 0.476625 0.745837 0.0274486
4 0.969039 0.365439 0.0584728 0.188888 0.021544
4 0.302322 0.208357 0.0466339 0.0650226 0.014601
4 0.501392 0.224811 0.124604 0.11475 0.0112829
9 0.551571 0.34134 0.258466 0.422901 0.00843368
4 0.766551 0.212269 0.0799524 0.143892 0.00562189
4 0.969022 0.297753 0.0580212 0.32397 0.00525677
4 0.540196 0.231256 0.197239 0.181353 0.0033534
4 0.352396 0.212137 0.139424 0.0860688 0.00300097
4 0.80118 0.126535 0.104521 0.110199 0.0029598
10 0.547945 0.310151 0.234345 0.349817 0.00246191
4 0.626313 0.32625 0.239132 0.428315 0.00201094
0 0.720916 0.543783 0.542445 0.88277 0.00186481
4 0.23186 0.232666 0.436181 0.427679 0.00167505
4 0.777658 0.165269 0.436965 0.231934 0.00163958
4 0.79654 0.183587 0.13827 0.192277 0.0013568
10 0.548708 0.230026 0.212671 0.185645 0.00124603
4 0.475048 0.156989 0.119303 0.121853 0.00110737
10 0.575909 0.407573 0.328083 0.573081 0.00104575
