4 0.242277 0.545208 0.190951 0.0929696 0.900897
4 0.663274 0.508708 0.0586378 0.053548 0.87488
10 0.460407 0.567959 0.114433 0.277711 0.863501
0 0.445091 0.669603 0.158276 0.250955 0.863085
10 0.86194 0.500775 0.0572079 0.0796727 0.74401
4 0.388478 0.522251 0.0523992 0.0304432 0.65419
4 0.873049 0.669238 0.240961 0.365168 0.567609
4 0.561536 0.507793 0.0321142 0.0331798 0.247143
10 0.973359 0.481319 0.0366503 0.0496261 0.0757098
5 0.873049 0.669238 0.240961 0.365168 0.0484486
4 0.553321 0.505929 0.049897 0.0309894 0.0464885
4 0.523118 0.512575 0.0348478 0.0326328 0.0441926
4 0.599635 0.505761 0.0284863 0.0242 0.0396616
4 0.576019 0.504002 0.040281 0.0286696 0.0264389
4 0.978329 0.477129 0.0357136 0.0494554 0.025377
3 0.576956 0.491135 0.0400003 0.0491143 0.0172772
10 0.419056 0.495021 0.0331029 0.0499494 0.0170553
10 0.962504 0.482116 0.061528 0.0488084 0.0120284
10 0.946411 0.483878 0.0418339 0.0448502 0.0118075
4 0.0280287 0.536313 0.0475644 0.0389609 0.0111389
11 0.493167 0.0596012 0.87982 0.119202 0.00893366
4 0.588249 0.504685 0.0390434 0.027101 0.00877427
4 0.411461 0.515834 0.0367533 0.0326208 0.00877396
4 0.69126 0.502324 0.0287548 0.037999 0.00690039
3 0.38917 0.51061 0.0603495 0.0464531 0.00573613
3 0.873049 0.669238 0.240961 0.365168 0.00526074
9 0.108022 0.536348 0.0401081 0.0451973 0.00476106
4 0.622617 0.503335 0.0416554 0.0287419 0.00397857
0 0.352189 0.521754 0.0292801 0.0283022 0.0038611
9 0.973359 0.481319 0.0366503 0.0496261 0.00377803
4 0.540788 0.512296 0.0737297 0.0364643 0.00371917
4 0.419224 0.494991 0.0330265 0.0499162 0.00323349
3 0.576019 0.504002 0.040281 0.0286696 0.00323142
4 0.611282 0.505364 0.0462926 0.0247772 0.00320095
4 0.389112 0.506249 0.0605541 0.0638777 0.00317899
0 0.419056 0.495021 0.0331029 0.0499494 0.00306789
9 0.350736 0.5213 0.0330276 0.0265198 0.00297186
10 0.351091 0.516199 0.0272259 0.0347185 0.00288562
0 0.958185 0.479063 0.0753994 0.0517026 0.00279339
4 0.576413 0.491659 0.0412445 0.049591 0.00258213
4 0.152614 0.535267 0.0647174 0.0383268 0.00247774
3 0.561998 0.50631 0.0298595 0.0319017 0.00228251
10 0.105907 0.53401 0.0396809 0.0447303 0.00206364
0 0.778595 0.510531 0.105674 0.0659564 0.00205267
4 0.394971 0.506383 0.0605978 0.0452929 0.00201704
3 0.387506 0.520658 0.0521271 0.0311226 0.00199492
4 0.599775 0.511684 0.0391296 0.0266247 0.00176889
4 0.88082 0.472904 0.0430035 0.0307575 0.00170243
10 0.935765 0.478699 0.0493765 0.042868 0.00162022
4 0.352189 0.521754 0.0292801 0.0283022 0.00161197
4 0.139266 0.539665 0.0426361 0.0372375 0.00149496
5 0.862274 0.501269 0.0581678 0.0793541 0.00138316
6 0.0163734 0.0904588 0.0320545 0.180918 0.001364
4 0.962504 0.482116 0.061528 0.0488084 0.00128037
4 0.402742 0.495676 0.0487007 0.0784359 0.00103138
0 0.973359 0.481319 0.0366503 0.0496261 0.00101641
