7 0.885023 0.254185 0.211466 0.491682 0.753574
7 0.920092 0.488829 0.147701 0.310826 0.712875
7 0.307042 0.283055 0.0731086 0.103544 0.669979
7 0.605887 0.286341 0.0746262 0.123254 0.534707
7 0.571886 0.321652 0.0817042 0.118695 0.297398
11 0.503912 0.524192 0.96273 0.903963 0.0650518
7 0.259154 0.323709 0.0751113 0.111631 0.0430313
7 0.893657 0.150107 0.196481 0.283368 0.0183422
11 0.49607 0.0652775 0.932554 0.130555 0.00456342
10 0.883608 0.254324 0.211331 0.490127 0.00278064
2 0.883608 0.254324 0.211331 0.490127 0.00198308
6 0.921259 0.489684 0.147415 0.315092 0.00195957
10 0.771577 0.0487689 0.165869 0.0860215 0.00139414
6 0.769934 0.0482563 0.151625 0.0845256 0.00136154
2 0.921259 0.489684 0.147415 0.315092 0.00100339
