3 0.556305 0.551913 0.674764 0.526881 0.912149
4 0.0405073 0.621238 0.0764932 0.065862 0.703185
4 0.135884 0.620991 0.136383 0.072719 0.579944
10 0.587565 0.544889 0.0338139 0.0769653 0.394052
10 0.641878 0.543393 0.0284706 0.0700006 0.381282
10 0.617891 0.545326 0.0547792 0.067313 0.213104
10 0.696729 0.531008 0.0427133 0.0799959 0.124307
4 0.951307 0.566591 0.0384743 0.036421 0.113826
4 0.112419 0.61839 0.102958 0.0529868 0.10756
4 0.959693 0.564356 0.0610371 0.0415831 0.0983717
4 0.978935 0.563402 0.038085 0.0447388 0.0815014
10 0.533025 0.550027 0.0392945 0.0656343 0.0524864
10 0.605143 0.546253 0.0363411 0.071803 0.0420534
3 0.978935 0.563402 0.038085 0.0447388 0.0362489
3 0.954029 0.564343 0.0538486 0.0412933 0.0315189
10 0.562266 0.545454 0.0520332 0.0761788 0.0144128
10 0.902341 0.556407 0.0329742 0.0656764 0.0107504
10 0.579312 0.541888 0.0364063 0.0774209 0.00785266
4 0.166164 0.619326 0.0819179 0.0771595 0.00711495
10 0.682958 0.53517 0.0672985 0.078471 0.00701609
4 0.94299 0.561783 0.0420825 0.0432034 0.00652707
4 0.0156257 0.637648 0.0259688 0.0506121 0.00390335
3 0.135249 0.619561 0.135505 0.0711762 0.00360331
4 0.0416406 0.637873 0.0708746 0.0512184 0.00324754
4 0.107955 0.60821 0.0894241 0.0508968 0.00321891
10 0.398223 0.553664 0.0535492 0.1357 0.00308764
3 0.900012 0.544299 0.0386688 0.0855889 0.00302272
0 0.902638 0.560526 0.0325379 0.0567597 0.00292463
10 0.524275 0.550907 0.0356852 0.06162 0.00244457
10 0.667463 0.539596 0.0560951 0.0754367 0.00240331
4 0.016848 0.623476 0.0285211 0.0770533 0.00197814
3 0.963992 0.554304 0.0641981 0.0579303 0.00181109
4 0.140248 0.595254 0.133712 0.101071 0.00178956
10 0.631164 0.516392 0.0524229 0.084303 0.00118624
10 0.605499 0.507421 0.0403026 0.0662507 0.0011628
