10 0.300121 0.578817 0.416506 0.797018 0.843928
7 0.428721 0.671658 0.150376 0.126177 0.79968
4 0.51791 0.811367 0.313055 0.202912 0.4371
4 0.624566 0.811576 0.538421 0.197763 0.395894
4 0.727841 0.896465 0.441589 0.181763 0.125691
11 0.701922 0.888427 0.482244 0.173507 0.0978414
11 0.0624497 0.851999 0.119713 0.269352 0.0295728
11 0.69334 0.806689 0.470426 0.0929152 0.00873582
4 0.826756 0.732271 0.224234 0.163331 0.0055047
11 0.844137 0.746178 0.286028 0.198294 0.00408279
7 0.649482 0.910764 0.293662 0.161406 0.00333304
11 0.859827 0.844983 0.26918 0.225491 0.00201421
10 0.865251 0.105353 0.197988 0.202149 0.00193754
4 0.702554 0.775152 0.421688 0.128479 0.00162232
7 0.726126 0.897358 0.437011 0.181501 0.00159772
11 0.669642 0.914471 0.34248 0.157802 0.00128846
7 0.415995 0.649915 0.13553 0.0877155 0.00106161
11 0.929673 0.800322 0.137149 0.130678 0.00101472
