10 0.527495 0.594483 0.417483 0.794067 0.912503
6 0.263964 0.392992 0.317241 0.772029 0.885177
10 0.632456 0.15905 0.24896 0.307773 0.875445
10 0.815137 0.16594 0.126563 0.225964 0.732596
10 0.898545 0.097251 0.0816942 0.137679 0.177294
11 0.123683 0.649297 0.238328 0.457419 0.106655
10 0.886896 0.12646 0.102818 0.193704 0.106481
6 0.0692101 0.743348 0.133043 0.480436 0.0355132
7 0.674103 0.201986 0.0708992 0.114226 0.0329928
2 0.987678 0.136519 0.019632 0.0952858 0.0194188
10 0.660138 0.261569 0.151269 0.229011 0.0191005
11 0.109829 0.557548 0.213848 0.270699 0.0134847
10 0.648273 0.339292 0.169718 0.389718 0.0118523
2 0.984609 0.121718 0.0231878 0.0666988 0.0117194
10 0.294416 0.06084 0.103744 0.111539 0.0105725
10 0.917037 0.119214 0.121935 0.186441 0.0102349
10 0.240528 0.0460845 0.128708 0.0817855 0.0100705
10 0.839918 0.156395 0.0829956 0.206865 0.00925752
6 0.93124 0.220653 0.127822 0.247555 0.00846831
10 0.89715 0.168534 0.0746765 0.0993112 0.00744217
2 0.0270314 0.0605135 0.0463748 0.0982853 0.00725518
7 0.987144 0.126156 0.0195286 0.0765155 0.00650281
7 0.821446 0.269354 0.0391602 0.0567675 0.00604204
10 0.9175 0.182137 0.125781 0.307119 0.00480182
6 0.660138 0.261569 0.151269 0.229011 0.00440436
10 0.266982 0.355161 0.309972 0.693706 0.00428911
10 0.652783 0.414754 0.138422 0.286907 0.0038417
7 0.812232 0.248163 0.0330254 0.0504039 0.00369306
10 0.830699 0.119248 0.0841469 0.132882 0.00323774
0 0.816994 0.362735 0.247214 0.268887 0.00282519
11 0.93124 0.220653 0.127822 0.247555 0.00274277
10 0.977605 0.131728 0.0378672 0.0944593 0.00272337
7 0.956698 0.745317 0.0801212 0.149942 0.00268569
2 0.976408 0.113439 0.0428162 0.0526883 0.00244678
2 0.940693 0.230195 0.108889 0.225602 0.00234028
2 0.865096 0.265306 0.0324923 0.0815904 0.00217624
10 0.314171 0.0611707 0.0626892 0.108259 0.00196689
10 0.136484 0.0539135 0.0778546 0.0923756 0.00178822
2 0.890445 0.346572 0.0990623 0.26427 0.00160907
7 0.81527 0.264966 0.0425808 0.080972 0.00156638
10 0.842155 0.192917 0.0745537 0.123439 0.0015538
2 0.960588 0.259551 0.0703537 0.163067 0.00140826
11 0.819442 0.646661 0.35093 0.653586 0.00139749
7 0.812641 0.275568 0.0626331 0.0724758 0.00133166
7 0.976408 0.113439 0.0428162 0.0526883 0.00130414
6 0.648273 0.339292 0.169718 0.389718 0.00128573
9 0.631139 0.273907 0.203674 0.271843 0.00126963
6 0.663065 0.179317 0.185231 0.296807 0.00125126
10 0.864248 0.169069 0.163878 0.278147 0.00111173
6 0.288911 0.458598 0.261864 0.442678 0.00109974
10 0.856592 0.113178 0.176515 0.174879 0.001011
7 0.864767 0.25874 0.0278145 0.0686991 0.00100883
