10 0.433391 0.659304 0.109709 0.196929 0.861028
9 0.173821 0.707292 0.305758 0.153609 0.750791
10 0.15152 0.685217 0.145522 0.204266 0.618056
4 0.621018 0.594881 0.0738075 0.0532429 0.185191
1 0.278084 0.401892 0.540628 0.782468 0.0044521
10 0.115331 0.671321 0.197139 0.169469 0.00320387
0 0.170582 0.703935 0.305011 0.159426 0.00272552
0 0.0591145 0.66805 0.110016 0.0916255 0.00230729
9 0.115808 0.692341 0.21558 0.151815 0.00133049
4 0.727862 0.581827 0.0858275 0.0453009 0.00128501
11 0.0685723 0.63927 0.129779 0.0682696 0.00120733
4 0.17036 0.704314 0.306462 0.157634 0.00112109
