1 0.5159 0.426249 0.576605 0.705854 0.880514
1 0.333687 0.657303 0.181127 0.125935 0.0702822
10 0.971584 0.788756 0.0486616 0.366708 0.0204627
1 0.210793 0.698948 0.14294 0.09476 0.0148797
1 0.31586 0.639246 0.149913 0.0844046 0.00424366
1 0.174458 0.568362 0.213846 0.342581 0.00419415
1 0.37942 0.654883 0.296208 0.147162 0.00296392
1 0.333256 0.616394 0.201439 0.222372 0.00249119
1 0.589313 0.677637 0.391436 0.225356 0.00215486
1 0.409749 0.672206 0.402401 0.170872 0.00205559
1 0.270118 0.658681 0.308478 0.116075 0.00201464
1 0.0457358 0.532173 0.0821998 0.210884 0.00154766
1 0.585462 0.583455 0.0676039 0.084699 0.00133371
1 0.610666 0.61519 0.382714 0.309626 0.00121855
1 0.302007 0.650907 0.0964118 0.0650486 0.00113794
