1 0.465557 0.588338 0.116988 0.173533 0.858315
1 0.918615 0.808691 0.151513 0.291252 0.849535
1 0.753446 0.554266 0.129129 0.164627 0.840751
1 0.371223 0.695428 0.143077 0.232342 0.821984
1 0.525852 0.513472 0.0823922 0.104563 0.725529
1 0.614617 0.449224 0.0266156 0.0389531 0.0072501
1 0.629677 0.408388 0.0381958 0.0373566 0.00715273
1 0.582364 0.415174 0.0328324 0.0434572 0.00670038
1 0.660322 0.466747 0.0743849 0.0755437 0.00490817
1 0.620232 0.406794 0.0361744 0.0372577 0.00245437
1 0.615772 0.428435 0.031656 0.0232625 0.00175837
1 0.402865 0.840083 0.0478776 0.0596084 0.00110214
