4 0.649272 0.832408 0.42121 0.306395 0.884069
10 0.380913 0.791063 0.12291 0.375412 0.856198
10 0.940097 0.810365 0.0971355 0.349952 0.833888
10 0.224761 0.777075 0.0836496 0.293642 0.823737
9 0.370182 0.866843 0.143186 0.247347 0.759249
10 0.174206 0.734927 0.0536087 0.118638 0.673217
10 0.13489 0.706135 0.0588739 0.105574 0.658564
10 0.549531 0.703311 0.0474579 0.11504 0.649418
10 0.756919 0.678117 0.0382469 0.0652713 0.478456
4 0.172309 0.844036 0.333749 0.260343 0.394046
9 0.171637 0.851968 0.328098 0.261374 0.292298
10 0.587378 0.675746 0.0329163 0.0829587 0.171396
4 0.103635 0.833965 0.197756 0.242108 0.160358
10 0.684008 0.679068 0.0375702 0.0541736 0.153395
10 0.0707547 0.65504 0.0685586 0.160491 0.151083
9 0.24533 0.864397 0.177324 0.236977 0.128226
9 0.890928 0.836227 0.142003 0.292672 0.0474269
9 0.284998 0.854429 0.140064 0.258232 0.0307329
9 0.883924 0.87565 0.209959 0.214679 0.0271816
10 0.137848 0.725937 0.0843197 0.125005 0.0249352
9 0.873144 0.86881 0.123316 0.226792 0.0104273
10 0.575375 0.678507 0.054956 0.0831225 0.00919973
10 0.755812 0.709966 0.0448484 0.108007 0.00860768
9 0.306322 0.826851 0.0723521 0.247349 0.00726871
10 0.558144 0.685799 0.0514089 0.0853049 0.00719068
10 0.546412 0.684862 0.042251 0.0821533 0.00497607
2 0.339568 0.667084 0.0264783 0.076001 0.00473242
10 0.567319 0.758299 0.0318792 0.0657458 0.00410776
9 0.871639 0.811981 0.236198 0.316334 0.00368857
10 0.172297 0.716644 0.0452764 0.0882309 0.00358896
2 0.336342 0.680592 0.0282446 0.0495349 0.00346255
10 0.532662 0.688289 0.0552655 0.0963391 0.00341918
5 0.684008 0.678682 0.0377594 0.0520499 0.0032052
10 0.156959 0.716793 0.066373 0.113217 0.00300289
0 0.370458 0.867962 0.143469 0.245901 0.00288337
10 0.767074 0.715964 0.082994 0.120012 0.0026165
10 0.525725 0.708626 0.0535809 0.131798 0.0025287
9 0.877135 0.911657 0.0995858 0.149095 0.00180617
9 0.817 0.873353 0.268526 0.21656 0.0017336
10 0.908597 0.709852 0.0558117 0.15215 0.00146985
10 0.878933 0.854449 0.0908384 0.260961 0.00141209
10 0.741323 0.741947 0.0281423 0.0479692 0.00139106
10 0.969652 0.728901 0.0418792 0.189801 0.00109923
0 0.305107 0.76682 0.0629394 0.108373 0.00103474
10 0.577945 0.705174 0.0511255 0.117708 0.00102499
