10 0.194126 0.607086 0.11447 0.497146 0.840062
10 0.111657 0.617 0.116538 0.519668 0.836998
10 0.284987 0.573242 0.107189 0.509873 0.800484
10 0.622311 0.57775 0.117457 0.524454 0.792577
10 0.556249 0.536772 0.099847 0.463308 0.784793
10 0.477015 0.528719 0.0835737 0.413023 0.769316
10 0.775936 0.661073 0.135846 0.577423 0.766704
10 0.719256 0.582157 0.114152 0.544705 0.756113
10 0.428687 0.520197 0.0768288 0.414808 0.718345
10 0.524069 0.349175 0.0701819 0.136504 0.700917
10 0.380967 0.532922 0.0771904 0.45943 0.672246
10 0.326741 0.530509 0.0800005 0.475795 0.564256
10 0.216155 0.367386 0.068749 0.148663 0.492584
10 0.652714 0.566313 0.0779406 0.501876 0.417812
10 0.593789 0.351868 0.0595173 0.121554 0.379084
10 0.336723 0.552352 0.0445482 0.484772 0.146009
10 0.523619 0.494372 0.0661248 0.430163 0.136486
10 0.147724 0.409521 0.0610852 0.122968 0.104486
10 0.432552 0.447622 0.0728915 0.263768 0.0940759
10 0.657748 0.379147 0.0624714 0.12978 0.0817501
10 0.322163 0.356368 0.0737337 0.119226 0.0423789
10 0.266106 0.378816 0.0641991 0.125987 0.0421489
10 0.433723 0.371403 0.0683996 0.108738 0.0373734
10 0.461756 0.328851 0.0650665 0.102438 0.0231157
10 0.609873 0.321775 0.0531103 0.0668678 0.0148722
10 0.640356 0.311961 0.0452383 0.0630232 0.0126493
10 0.613192 0.343594 0.0595668 0.105624 0.0121286
10 0.456277 0.503433 0.0527419 0.352078 0.0116831
10 0.610292 0.555509 0.0758409 0.458662 0.0115243
10 0.645751 0.341238 0.056283 0.122652 0.0111081
10 0.324197 0.397985 0.0759075 0.199897 0.00933996
10 0.0148934 0.634721 0.0297867 0.559857 0.00823311
10 0.442029 0.496093 0.0531981 0.377969 0.00716788
10 0.653966 0.434084 0.0697985 0.242374 0.00669178
10 0.629085 0.320326 0.059294 0.0774728 0.0062887
10 0.557498 0.308501 0.0401605 0.0580546 0.00527909
10 0.573563 0.347299 0.0502349 0.110635 0.00525871
10 0.175244 0.398501 0.0520873 0.0971521 0.00517311
11 0.481444 0.664192 0.120407 0.28109 0.00467537
10 0.509772 0.466005 0.070512 0.285481 0.00379999
10 0.423383 0.608224 0.0688755 0.245183 0.00365923
10 0.409141 0.345394 0.0514435 0.0874315 0.00357075
10 0.442997 0.33785 0.0721291 0.110424 0.00342935
10 0.605741 0.360909 0.0574088 0.106013 0.00331501
10 0.329064 0.457781 0.0788293 0.295763 0.00326073
10 0.895583 0.36938 0.0467424 0.110791 0.00306259
10 0.674871 0.375747 0.084325 0.124101 0.00289924
10 0.563913 0.350211 0.0761677 0.132272 0.00288285
10 0.789618 0.594809 0.104304 0.443885 0.00269324
10 0.427969 0.345156 0.0610298 0.0912937 0.00256317
10 0.632618 0.343085 0.054457 0.0974674 0.00253666
10 0.297616 0.352522 0.0551607 0.0940086 0.00232803
10 0.0239375 0.607589 0.042255 0.483091 0.00226739
7 0.265124 0.377295 0.0636133 0.122649 0.0021942
10 0.24903 0.370709 0.0580814 0.115031 0.00210045
10 0.557571 0.335746 0.0535974 0.0920479 0.00200999
2 0.478154 0.502288 0.0546449 0.306525 0.00197201
10 0.00726014 0.61952 0.0145203 0.648756 0.00193741
10 0.45394 0.354173 0.0636423 0.0938892 0.00192316
10 0.520912 0.399943 0.0657877 0.227472 0.00188057
10 0.546696 0.309078 0.0399237 0.066482 0.00179371
10 0.474291 0.335609 0.0697708 0.0863195 0.00173983
10 0.562506 0.446969 0.0726384 0.281538 0.0017213
10 0.486136 0.502045 0.0568311 0.316668 0.00170698
0 0.472036 0.555776 0.102305 0.483497 0.00165835
10 0.609199 0.460743 0.0672053 0.276539 0.00159807
10 0.4044 0.547738 0.0355384 0.426146 0.00132469
10 0.0919903 0.272069 0.177515 0.47547 0.00128832
10 0.416404 0.544939 0.044153 0.420625 0.00128258
10 0.454559 0.372848 0.0549187 0.0862794 0.00125531
10 0.724305 0.38198 0.0904087 0.156297 0.00109058
10 0.283746 0.356323 0.065565 0.0950664 0.00104209
