0 0.147265 0.646317 0.24519 0.38597 0.896668
10 0.656356 0.674719 0.0838133 0.128389 0.776267
10 0.434848 0.683971 0.0548389 0.0992413 0.42312
10 0.593852 0.33616 0.0374238 0.065025 0.00961972
5 0.318815 0.700932 0.082163 0.0658699 0.00588909
6 0.435255 0.684807 0.0554719 0.0998316 0.00341989
4 0.310043 0.701007 0.0978826 0.0643398 0.00322754
8 0.318652 0.70108 0.0813862 0.0654121 0.00264967
9 0.657242 0.674647 0.0825689 0.128992 0.00195974
4 0.25556 0.699294 0.0452689 0.0787293 0.00180797
9 0.145474 0.646756 0.247565 0.387186 0.00131047
