8 0.608873 0.492138 0.710698 0.923144 0.355217
10 0.607431 0.486978 0.707081 0.907469 0.28983
8 0.29619 0.498547 0.569428 0.908194 0.0469132
10 0.29619 0.498547 0.569428 0.908194 0.025643
8 0.39145 0.493672 0.292523 0.908923 0.0231136
10 0.392233 0.158382 0.195299 0.237778 0.0212662
10 0.404318 0.49143 0.28102 0.90461 0.0211461
10 0.414971 0.270563 0.251714 0.453318 0.00644501
10 0.131056 0.519671 0.248608 0.870217 0.00360336
8 0.392181 0.16395 0.200555 0.239237 0.00286446
5 0.603374 0.491194 0.710863 0.918182 0.00217812
8 0.158466 0.530935 0.305973 0.843103 0.00217359
8 0.408153 0.269068 0.24922 0.452432 0.00201642
5 0.40526 0.468562 0.272525 0.860762 0.00122327
