10 0.64634 0.497475 0.359173 0.957801 0.825263
6 0.126541 0.487033 0.239319 0.918423 0.0162216
10 0.414028 0.467538 0.217783 0.884828 0.00586493
10 0.499359 0.457911 0.390249 0.874942 0.00560581
6 0.29609 0.468349 0.460393 0.881436 0.00341656
11 0.39112 0.738815 0.242973 0.42289 0.00230589
6 0.406443 0.474258 0.230041 0.873113 0.00225718
10 0.00939853 0.211836 0.0161028 0.289066 0.00196523
6 0.445085 0.737401 0.151103 0.45537 0.00190306
5 0.646446 0.495208 0.359976 0.951648 0.0017697
10 0.0101471 0.273613 0.0184256 0.356361 0.00149061
6 0.1138 0.506783 0.22175 0.468582 0.00132358
2 0.279805 0.824252 0.105849 0.244902 0.00122532
6 0.117756 0.795959 0.227764 0.349159 0.00119294
11 0.117756 0.795959 0.227764 0.349159 0.00115936
6 0.554589 0.493314 0.562401 0.923244 0.00112386
10 0.849381 0.486985 0.283861 0.954051 0.00111829
11 0.440558 0.58249 0.155656 0.127589 0.00111375
2 0.330564 0.8362 0.0965855 0.230904 0.0010466
