8 0.509687 0.583269 0.353994 0.484374 0.246342
5 0.507166 0.572625 0.355662 0.462675 0.233872
6 0.629344 0.6579 0.658013 0.63465 0.0613901
8 0.458584 0.637948 0.48534 0.594064 0.0592391
5 0.422272 0.650096 0.617256 0.616203 0.0224035
6 0.422272 0.650096 0.617256 0.616203 0.0213154
5 0.591415 0.649515 0.544179 0.617011 0.0165045
10 0.506466 0.584265 0.364188 0.483566 0.0162846
11 0.852196 0.455588 0.283661 0.376531 0.015184
8 0.591415 0.649515 0.544179 0.617011 0.0139546
7 0.134509 0.703747 0.241304 0.170258 0.0134713
10 0.513962 0.486388 0.696438 0.883109 0.00564804
10 0.591415 0.649515 0.544179 0.617011 0.00538104
10 0.140356 0.705378 0.23145 0.17266 0.00386158
10 0.213656 0.454402 0.405518 0.881912 0.00339674
6 0.656257 0.795324 0.643701 0.362063 0.0026505
5 0.140356 0.705378 0.23145 0.17266 0.0024335
11 0.810744 0.422263 0.196194 0.310214 0.00234569
10 0.141947 0.440728 0.258984 0.80268 0.00227362
6 0.508306 0.633453 0.369656 0.586511 0.00185673
6 0.4839 0.820888 0.928723 0.321888 0.00183932
11 0.200805 0.628057 0.377861 0.300745 0.00169871
10 0.422272 0.650096 0.617256 0.616203 0.00147971
7 0.507916 0.592805 0.355972 0.506118 0.00122175
8 0.487877 0.458726 0.292004 0.230638 0.00114865
7 0.137209 0.486431 0.259267 0.629747 0.00111098
8 0.136797 0.70519 0.236402 0.171173 0.0010708
2 0.509253 0.567621 0.35243 0.451258 0.0010351
