6 0.579224 0.528482 0.115981 0.187831 0.849546
6 0.39826 0.64129 0.245826 0.412842 0.788572
6 0.127346 0.507252 0.087229 0.148902 0.206939
11 0.629867 0.612281 0.132242 0.153684 0.0252366
6 0.435433 0.541093 0.159483 0.198221 0.0185871
6 0.457266 0.518378 0.113553 0.151132 0.00654665
11 0.884597 0.818983 0.21155 0.334988 0.00651315
11 0.373881 0.597765 0.256729 0.0754567 0.00634299
11 0.128226 0.624414 0.0844758 0.118283 0.00361396
6 0.402505 0.560291 0.224722 0.241062 0.00239738
6 0.882972 0.822476 0.217878 0.334638 0.0021662
11 0.217276 0.966233 0.103404 0.0635109 0.0021256
6 0.62529 0.6082 0.140755 0.170188 0.00184484
6 0.12538 0.547223 0.0983751 0.218075 0.00177096
11 0.502473 0.514637 0.103077 0.113613 0.00162267
11 0.380164 0.578117 0.230885 0.0957599 0.00149646
11 0.378036 0.613226 0.296943 0.247803 0.00148956
6 0.382843 0.725578 0.172012 0.265157 0.00135149
10 0.449879 0.537759 0.130109 0.189284 0.00121212
11 0.578322 0.529751 0.113572 0.194127 0.00107953
