4 0.443638 0.513188 0.283846 0.272933 0.894922
4 0.795646 0.445765 0.23083 0.140384 0.873517
9 0.645951 0.673274 0.205033 0.366954 0.852058
10 0.292915 0.434587 0.070542 0.214996 0.824709
4 0.949733 0.428322 0.0913319 0.12894 0.809383
10 0.664516 0.557951 0.175352 0.448607 0.748218
10 0.85303 0.376501 0.0441746 0.0811985 0.334424
10 0.626292 0.430675 0.070706 0.183955 0.0374301
10 0.630567 0.398269 0.0639835 0.116986 0.0109962
5 0.95056 0.430427 0.087738 0.127785 0.00777392
0 0.646689 0.671886 0.203006 0.371974 0.00504746
10 0.667082 0.419168 0.0695021 0.162489 0.00343188
10 0.899558 0.375505 0.0505226 0.098685 0.00317783
10 0.870688 0.373297 0.0853222 0.0939112 0.00267801
6 0.951326 0.430412 0.0865192 0.12653 0.00251423
10 0.985722 0.493582 0.0241692 0.325019 0.00177996
10 0.699115 0.554812 0.115633 0.424256 0.00177392
2 0.93002 0.889655 0.0866302 0.208598 0.00165369
4 0.647045 0.673176 0.208214 0.368952 0.00158536
0 0.978672 0.58345 0.0373413 0.394279 0.00142875
0 0.983055 0.478353 0.024963 0.241246 0.00133839
