3 0.20671 0.633124 0.126432 0.212334 0.85789
10 0.310859 0.788335 0.0880572 0.303636 0.846471
10 0.437839 0.692962 0.0316 0.109526 0.617269
10 0.407327 0.690329 0.0415423 0.0994692 0.491018
6 0.784036 0.637381 0.0611748 0.0802294 0.0121337
10 0.400571 0.704315 0.0363356 0.0848401 0.0110432
10 0.35229 0.795162 0.0400882 0.109306 0.0070374
8 0.355169 0.792449 0.0369828 0.112008 0.00673091
11 0.840734 0.749925 0.311671 0.196609 0.0054895
10 0.458303 0.694138 0.0392159 0.11913 0.00491946
10 0.0709031 0.674874 0.0260131 0.0573504 0.00407232
6 0.35229 0.795162 0.0400882 0.109306 0.00365442
6 0.886342 0.700528 0.219186 0.182389 0.00288896
11 0.830231 0.816586 0.323779 0.3301 0.00269873
11 0.81349 0.678124 0.296695 0.134553 0.00261152
10 0.204211 0.658416 0.0501255 0.108543 0.00249317
11 0.747465 0.682691 0.211744 0.122277 0.00210912
11 0.721763 0.67341 0.121765 0.102403 0.00177282
4 0.235173 0.698421 0.0522337 0.0667851 0.00166246
4 0.149957 0.69286 0.0367163 0.0668787 0.00163096
6 0.681768 0.652242 0.198338 0.155476 0.00158106
10 0.804001 0.366799 0.18001 0.403153 0.00142248
11 0.823514 0.716492 0.352972 0.182715 0.00137
6 0.718769 0.671678 0.112443 0.0908629 0.00111986
11 0.354616 0.791157 0.0379834 0.113441 0.00111208
