10 0.686082 0.353503 0.267587 0.414252 0.905793
10 0.426203 0.396079 0.22455 0.443178 0.899179
10 0.893435 0.469891 0.194959 0.572189 0.884905
10 0.126073 0.498634 0.241095 0.77195 0.864973
7 0.66612 0.497921 0.0511865 0.12317 0.852374
7 0.281122 0.616787 0.0733392 0.201817 0.819088
7 0.787499 0.542921 0.0575061 0.0976906 0.791247
7 0.552657 0.540027 0.0586501 0.147464 0.791037
10 0.14935 0.389113 0.219521 0.538586 0.273086
7 0.179198 0.626716 0.0696293 0.153144 0.195284
2 0.280691 0.615898 0.0743 0.202168 0.106043
10 0.280626 0.616284 0.0728914 0.202607 0.0442875
7 0.714548 0.520926 0.0503871 0.0619852 0.0361994
7 0.70326 0.517317 0.0371218 0.068011 0.0089695
6 0.804314 0.476424 0.370098 0.564847 0.00705356
7 0.27461 0.369981 0.0559387 0.0792106 0.00671155
7 0.283732 0.329685 0.0317651 0.0696513 0.0028447
7 0.289417 0.327439 0.0279022 0.054115 0.00171875
2 0.327888 0.328839 0.0250481 0.0536767 0.00157788
6 0.535818 0.365056 0.0788986 0.189134 0.0013492
7 0.316431 0.530685 0.0531312 0.205582 0.00132793
2 0.664606 0.498248 0.0503942 0.123363 0.00125797
2 0.234619 0.318262 0.0313516 0.0684127 0.00120834
2 0.662201 0.436771 0.0363559 0.141175 0.00110902
7 0.669674 0.518217 0.0551276 0.0816366 0.00107414
10 0.758044 0.384069 0.145174 0.319822 0.00106874
