10 0.656161 0.705015 0.274312 0.507939 0.869679
10 0.379914 0.71073 0.219768 0.465836 0.598808
7 0.516733 0.652116 0.038397 0.0556395 0.592035
10 0.175859 0.674723 0.136452 0.405502 0.537693
10 0.30163 0.573794 0.0532016 0.149289 0.469889
7 0.0610332 0.738085 0.0492023 0.140249 0.461319
7 0.481673 0.653409 0.0368023 0.0618842 0.38112
10 0.30473 0.551335 0.0459284 0.101077 0.261794
10 0.383172 0.621081 0.184269 0.281721 0.187387
2 0.0794981 0.676899 0.0532167 0.245384 0.183541
10 0.840209 0.622248 0.124373 0.365225 0.102498
7 0.523912 0.616532 0.0786597 0.127437 0.095145
10 0.175473 0.607939 0.11423 0.259814 0.0540021
11 0.50653 0.753179 0.127927 0.211525 0.0429593
2 0.486037 0.643367 0.0348409 0.0772123 0.036832
7 0.516549 0.630818 0.0575262 0.0989776 0.0359974
10 0.3809 0.56742 0.117279 0.160986 0.030914
7 0.07919 0.678256 0.0547547 0.24806 0.014411
11 0.536377 0.774918 0.195045 0.262787 0.0112051
2 0.453178 0.634286 0.041637 0.0942134 0.00962817
8 0.177925 0.658006 0.143809 0.371162 0.00925368
11 0.451967 0.755909 0.251769 0.24864 0.00736267
10 0.15764 0.593091 0.083004 0.210041 0.00645737
10 0.160726 0.515266 0.0688323 0.137378 0.00428966
11 0.560959 0.803724 0.71847 0.335946 0.00365411
7 0.160975 0.5891 0.0900036 0.206823 0.00322941
2 0.477877 0.648542 0.0331166 0.0701525 0.00322883
10 0.52155 0.616967 0.0790776 0.131705 0.00295928
11 0.387132 0.710541 0.21095 0.460369 0.00254386
6 0.177925 0.658006 0.143809 0.371162 0.00234001
5 0.177925 0.658006 0.143809 0.371162 0.00214415
10 0.31976 0.570788 0.075946 0.147219 0.00196952
11 0.454031 0.794444 0.402819 0.330347 0.00173382
7 0.543061 0.681593 0.0315062 0.0589737 0.00165402
7 0.453178 0.634286 0.041637 0.0942134 0.001171
10 0.205034 0.569429 0.0931064 0.18471 0.00117039
10 0.212865 0.625381 0.0940184 0.239827 0.00113441
10 0.295102 0.763101 0.441128 0.424561 0.00109449
6 0.387132 0.710541 0.21095 0.460369 0.00103916
10 0.171151 0.543018 0.0924672 0.150465 0.00100756
