6 0.71809 0.702947 0.280865 0.517719 0.870141
11 0.444241 0.772404 0.235483 0.401659 0.775698
6 0.173961 0.587665 0.225015 0.371735 0.409348
11 0.488248 0.590657 0.480336 0.165167 0.21113
6 0.443991 0.773646 0.235611 0.403701 0.0896107
11 0.163566 0.842068 0.313552 0.280447 0.0816105
2 0.65905 0.410734 0.0495401 0.0890509 0.0524967
7 0.545361 0.512755 0.0301087 0.0636212 0.0358351
6 0.194406 0.657115 0.195012 0.262444 0.0242626
7 0.552768 0.509215 0.0394158 0.0720134 0.0118425
11 0.533318 0.568719 0.378373 0.138387 0.0115549
7 0.616322 0.500108 0.0382512 0.102257 0.00928995
11 0.445437 0.645397 0.234208 0.144308 0.00916487
6 0.162566 0.841679 0.310231 0.281933 0.00826059
7 0.313994 0.476318 0.0599976 0.0954999 0.0080871
7 0.554805 0.490946 0.0526131 0.100114 0.00772879
6 0.150872 0.634291 0.220425 0.203575 0.00730421
6 0.520676 0.487656 0.0523748 0.1006 0.00664281
11 0.458328 0.618975 0.472838 0.264771 0.0060912
2 0.553706 0.488837 0.0581921 0.113127 0.00599174
7 0.396278 0.488815 0.0321086 0.08357 0.00492359
2 0.639514 0.42351 0.0784621 0.0864125 0.00467349
6 0.439425 0.481928 0.0695595 0.104869 0.00418288
2 0.604985 0.455122 0.0378578 0.139772 0.00386255
6 0.457188 0.491639 0.0980599 0.094479 0.0037896
2 0.62411 0.435204 0.0661263 0.100072 0.00344182
2 0.612011 0.424981 0.0424209 0.0813896 0.00326285
8 0.162566 0.841679 0.310231 0.281933 0.00288446
7 0.685549 0.517774 0.0261381 0.0753944 0.00288055
2 0.605547 0.416275 0.0281896 0.0607661 0.00255776
7 0.583751 0.521858 0.0309318 0.0521826 0.002556
2 0.710431 0.46003 0.0312223 0.117676 0.0025508
6 0.174997 0.532525 0.149269 0.243288 0.00221345
6 0.539681 0.487206 0.086149 0.104758 0.00214782
6 0.470765 0.609792 0.488994 0.242902 0.00186311
5 0.162566 0.841679 0.310231 0.281933 0.00156394
7 0.602751 0.52138 0.0322218 0.0617577 0.00156315
7 0.658366 0.413775 0.0516784 0.0965272 0.00151337
7 0.539681 0.487206 0.086149 0.104758 0.00147659
7 0.563173 0.511146 0.0422935 0.0699704 0.00142913
2 0.670285 0.418387 0.0381968 0.109344 0.00136574
11 0.170844 0.643001 0.234597 0.232522 0.00130806
6 0.0689995 0.623664 0.108408 0.184396 0.00127311
7 0.444542 0.774661 0.235361 0.404044 0.00126939
2 0.389076 0.478381 0.0378848 0.0977764 0.00116311
6 0.472919 0.499434 0.0528992 0.0819231 0.00107097
7 0.607146 0.509226 0.0285397 0.0818307 0.00105675
7 0.592756 0.522855 0.0384205 0.0589342 0.00104335
2 0.65705 0.454231 0.0503446 0.094486 0.00102687
