10 0.421351 0.819185 0.0846441 0.190615 0.642419
4 0.709896 0.817109 0.139061 0.0816559 0.500344
2 0.170781 0.573223 0.24337 0.743409 0.0135188
10 0.559264 0.800201 0.0537224 0.041167 0.0091421
2 0.178874 0.573657 0.165473 0.507833 0.00537698
3 0.40522 0.796028 0.179293 0.131734 0.00400185
10 0.67213 0.805192 0.0509976 0.0724651 0.0027114
4 0.672332 0.810118 0.0590259 0.0724183 0.00248067
4 0.40522 0.796028 0.179293 0.131734 0.0023096
5 0.478313 0.183559 0.125357 0.0789661 0.00216788
8 0.695417 0.413767 0.266592 0.194611 0.00206751
8 0.671135 0.383555 0.210419 0.13156 0.00176319
10 0.675163 0.784748 0.0397513 0.037619 0.00155289
4 0.470759 0.785207 0.113143 0.073129 0.00146946
6 0.488319 0.135222 0.164234 0.183987 0.00144571
2 0.287083 0.620701 0.168485 0.618598 0.00111354
