2 0.229059 0.648832 0.305188 0.669437 0.8437
2 0.653953 0.659105 0.551745 0.654533 0.742379
2 0.238512 0.466528 0.222066 0.321263 0.148608
0 0.64757 0.507008 0.609412 0.92456 0.0407023
11 0.598656 0.372082 0.715873 0.72723 0.0270941
7 0.0797225 0.745931 0.144256 0.471277 0.0215865
2 0.0782467 0.755211 0.14745 0.457046 0.0168941
7 0.64757 0.507008 0.609412 0.92456 0.014038
10 0.234353 0.467603 0.222597 0.318416 0.0109958
2 0.563203 0.534073 0.301504 0.848291 0.00242991
10 0.653953 0.659105 0.551745 0.654533 0.00241637
2 0.0754371 0.622588 0.132649 0.204932 0.00232524
7 0.229257 0.646737 0.315979 0.675097 0.0020316
2 0.735171 0.621566 0.361228 0.541562 0.00181248
1 0.653953 0.659105 0.551745 0.654533 0.00169714
2 0.54783 0.619949 0.222191 0.475818 0.00169526
7 0.029174 0.0709605 0.0449256 0.118165 0.00160706
7 0.074711 0.612376 0.130978 0.182746 0.00160346
11 0.0797225 0.745931 0.144256 0.471277 0.00144874
2 0.627825 0.685442 0.240253 0.465238 0.00144832
9 0.687461 0.49923 0.533956 0.924461 0.00144801
7 0.674934 0.654525 0.513789 0.664665 0.00139236
2 0.571314 0.525839 0.239921 0.5911 0.00130883
2 0.495075 0.535694 0.50953 0.828702 0.0012088
2 0.599983 0.421629 0.205302 0.543196 0.00103248
2 0.029174 0.0709605 0.0449256 0.118165 0.0010314
