0 0.601432 0.536593 0.170093 0.355772 0.897485
10 0.850125 0.423051 0.197024 0.754141 0.880307
10 0.615165 0.403288 0.143635 0.462601 0.872956
0 0.848687 0.60121 0.175827 0.512091 0.863126
4 0.155695 0.56992 0.278258 0.311507 0.160242
10 0.977119 0.242068 0.0378071 0.143067 0.0664783
10 0.940736 0.238914 0.0310509 0.121779 0.0330818
9 0.156635 0.571391 0.275328 0.314592 0.0122083
4 0.681375 0.408765 0.0594292 0.136757 0.00201958
9 0.67537 0.405001 0.0657464 0.1504 0.00132409
6 0.849064 0.604645 0.177204 0.506506 0.001112
