0 0.325216 0.403875 0.5731 0.651518 0.878804
6 0.45075 0.62996 0.849872 0.700191 0.00644997
0 0.398841 0.413366 0.371375 0.452837 0.00596684
4 0.638873 0.0233554 0.227654 0.0467108 0.00386579
11 0.654464 0.0222169 0.595515 0.0444337 0.00309391
8 0.71894 0.863549 0.484314 0.246884 0.0019632
0 0.360545 0.53355 0.38241 0.415225 0.00189722
6 0.606315 0.0231906 0.294799 0.0463813 0.00183711
3 0.606315 0.0231906 0.294799 0.0463813 0.00175268
4 0.814493 0.0400196 0.317007 0.0800392 0.00148965
0 0.336066 0.377695 0.364147 0.593315 0.00136263
7 0.638873 0.0233554 0.227654 0.0467108 0.00132159
4 0.751054 0.0255564 0.497893 0.0511127 0.00129316
6 0.337468 0.525464 0.609073 0.89752 0.00123968
4 0.561396 0.022152 0.37784 0.0443041 0.00121838
4 0.674446 0.0239807 0.144812 0.0479614 0.00121481
11 0.606315 0.0231906 0.294799 0.0463813 0.00105367
