11 0.347054 0.866321 0.510103 0.218301 0.83949
10 0.189065 0.464408 0.0906665 0.203622 0.811571
10 0.795286 0.583482 0.148418 0.481649 0.736202
5 0.654482 0.657618 0.0836815 0.125599 0.476095
7 0.292824 0.823904 0.0496391 0.0577184 0.112566
10 0.701754 0.54012 0.125528 0.395367 0.0812126
2 0.262872 0.751579 0.0448826 0.136602 0.0753569
7 0.389775 0.835469 0.0545114 0.110498 0.0684816
10 0.0746162 0.434936 0.0788805 0.260632 0.0343869
6 0.853089 0.678798 0.135186 0.290355 0.017298
11 0.655936 0.657046 0.08285 0.122513 0.00810773
6 0.955101 0.745056 0.083066 0.244814 0.00800623
7 0.259846 0.783361 0.0558656 0.163868 0.00787981
11 0.644841 0.560725 0.0936173 0.196225 0.00668499
10 0.741562 0.431649 0.0855711 0.186856 0.0043534
11 0.644365 0.523694 0.0843842 0.122237 0.00331556
6 0.639545 0.525075 0.0812671 0.123797 0.00331149
10 0.0802987 0.34396 0.0452203 0.0780268 0.00329508
8 0.654482 0.657618 0.0836815 0.125599 0.003159
10 0.744149 0.554406 0.220774 0.428997 0.00313393
10 0.733441 0.514424 0.117826 0.347793 0.00292179
6 0.451505 0.66933 0.323282 0.243275 0.00253494
6 0.771686 0.64455 0.0997843 0.317341 0.00251121
11 0.391041 0.637937 0.349685 0.219705 0.0024742
7 0.30084 0.833626 0.0659645 0.0852187 0.00236694
7 0.387923 0.819595 0.0457305 0.0766853 0.00215613
7 0.297032 0.799339 0.0475805 0.0569433 0.00198002
6 0.37586 0.664775 0.291495 0.234372 0.00180015
10 0.0619921 0.540974 0.102442 0.489295 0.00165262
5 0.643527 0.521895 0.0796665 0.118541 0.00159334
10 0.723569 0.444063 0.0940063 0.19487 0.00151498
10 0.122824 0.449731 0.179136 0.243381 0.00137583
6 0.361201 0.655241 0.492493 0.241528 0.00127742
6 0.673194 0.584255 0.145186 0.245505 0.00125915
10 0.676592 0.572396 0.133942 0.219582 0.00119052
6 0.801289 0.643944 0.16548 0.341092 0.00115691
9 0.84342 0.642865 0.272725 0.295928 0.00114919
8 0.533658 0.524815 0.0638098 0.0797485 0.00105983
