0 0.325674 0.750972 0.582462 0.477056 0.875118
10 0.954561 0.450714 0.0707772 0.0813449 0.72177
0 0.426233 0.551946 0.296707 0.0959555 0.233383
0 0.892361 0.447866 0.0678099 0.0674042 0.0478075
7 0.892222 0.766695 0.0963801 0.075052 0.0303198
9 0.893912 0.446465 0.06677 0.0689081 0.0220036
10 0.892361 0.447866 0.0678099 0.0674042 0.0211363
4 0.89441 0.445893 0.0646292 0.0687292 0.00451858
11 0.424156 0.551684 0.298003 0.0948641 0.00382488
0 0.956843 0.453967 0.0795711 0.0880225 0.00236451
11 0.955557 0.451238 0.0698395 0.0806107 0.0021126
0 0.875631 0.453455 0.102151 0.0722001 0.00182311
6 0.424718 0.551818 0.306565 0.0995457 0.00176529
10 0.853112 0.473296 0.0900028 0.110462 0.00138955
9 0.954352 0.449637 0.0685884 0.0804222 0.00134551
10 0.992102 0.458319 0.0157967 0.0684729 0.00130878
10 0.847061 0.44975 0.0519358 0.0598949 0.00125774
0 0.275141 0.729876 0.411733 0.403375 0.0011925
10 0.875631 0.453455 0.102151 0.0722001 0.00105398
