2 0.102137 0.802694 0.0803776 0.241285 0.737088
2 0.966994 0.640349 0.0606853 0.29357 0.618277
2 0.502858 0.396272 0.0814497 0.254965 0.579005
2 0.768106 0.376788 0.0710962 0.203418 0.261408
2 0.127702 0.407103 0.0820561 0.211051 0.257533
2 0.888959 0.674813 0.0810688 0.25739 0.245639
2 0.937112 0.385165 0.0858891 0.220341 0.157929
2 0.164515 0.700085 0.0946676 0.428077 0.128108
10 0.372676 0.563925 0.18944 0.274336 0.096595
2 0.468309 0.409961 0.0788263 0.290376 0.0749388
2 0.496478 0.482358 0.0996563 0.430967 0.0368768
2 0.84498 0.395439 0.0678902 0.198191 0.0310334
2 0.724566 0.580445 0.0847073 0.310167 0.0212948
2 0.954987 0.556623 0.0784979 0.496228 0.0199757
2 0.268325 0.5036 0.146559 0.362247 0.0161545
2 0.372877 0.564736 0.188706 0.278283 0.0124805
2 0.871336 0.584608 0.121875 0.472821 0.0119148
6 0.899221 0.718015 0.0801872 0.161398 0.00963049
2 0.682261 0.340862 0.0743248 0.324899 0.00948732
2 0.743148 0.566931 0.135445 0.347039 0.00859985
2 0.372972 0.378704 0.0428936 0.146925 0.00775831
11 0.50917 0.568977 0.938169 0.802881 0.00586661
2 0.159149 0.685161 0.0949567 0.629678 0.00555629
6 0.751055 0.665655 0.105064 0.128813 0.00505565
7 0.88963 0.676287 0.0813499 0.249673 0.00460021
2 0.926854 0.591546 0.122871 0.603975 0.00401876
2 0.898227 0.631075 0.101479 0.373824 0.00394162
2 0.236467 0.414738 0.338502 0.207596 0.00364006
2 0.149684 0.565158 0.142718 0.78953 0.00352268
2 0.680513 0.380599 0.152249 0.399774 0.00331408
6 0.538023 0.611834 0.143784 0.173156 0.0025576
2 0.728767 0.551427 0.0916946 0.5533 0.00247023
2 0.218053 0.504197 0.256922 0.341679 0.00240295
2 0.253986 0.562953 0.373975 0.771657 0.00237772
2 0.103585 0.663921 0.0914964 0.545262 0.00198578
6 0.509079 0.587903 0.0708443 0.135501 0.00196887
2 0.48842 0.153911 0.161742 0.14661 0.00196042
2 0.140523 0.539063 0.114717 0.475564 0.00192778
7 0.774802 0.659994 0.148077 0.137891 0.00183693
6 0.777741 0.667441 0.101597 0.121336 0.00174644
2 0.200906 0.436494 0.233697 0.188025 0.00173396
2 0.901899 0.387942 0.15228 0.215324 0.00147608
2 0.342752 0.466452 0.0669699 0.2447 0.00145676
2 0.0813335 0.677405 0.0951755 0.502785 0.00143199
7 0.937248 0.140538 0.0848488 0.132945 0.00139159
6 0.159356 0.959199 0.113073 0.0795146 0.00138226
2 0.378043 0.38752 0.0666345 0.145215 0.00134764
2 0.24544 0.182949 0.284495 0.226846 0.00126682
2 0.033421 0.697916 0.0569498 0.518036 0.00118643
7 0.263586 0.796813 0.142518 0.215654 0.00117561
2 0.330192 0.413339 0.122144 0.143497 0.00113073
10 0.125596 0.406446 0.0777452 0.208922 0.00100992
