2 0.92574 0.612717 0.139315 0.648223 0.902459
7 0.185465 0.701991 0.327751 0.461779 0.707166
2 0.612679 0.626113 0.240464 0.638744 0.154934
10 0.123804 0.288437 0.139623 0.295793 0.117305
10 0.171486 0.30811 0.24299 0.347649 0.0677448
10 0.158219 0.382366 0.163225 0.250359 0.0245109
10 0.190879 0.513412 0.304617 0.753267 0.0232802
7 0.925706 0.612534 0.14012 0.641816 0.0216342
6 0.279033 0.63382 0.525749 0.657294 0.0155431
10 0.227152 0.402302 0.209986 0.269245 0.0139424
2 0.258851 0.399391 0.145117 0.244739 0.00885745
2 0.507795 0.604364 0.128389 0.648679 0.00783992
10 0.51407 0.515139 0.562975 0.961836 0.00650137
7 0.612104 0.621468 0.235611 0.628273 0.00536896
10 0.925706 0.612534 0.14012 0.641816 0.0051133
7 0.216768 0.506787 0.254696 0.474036 0.00505883
2 0.40927 0.613574 0.231902 0.61428 0.00493423
10 0.0930103 0.316142 0.156616 0.360961 0.00452598
10 0.116618 0.245108 0.109731 0.231314 0.00431308
2 0.130987 0.321761 0.171925 0.371511 0.00416667
2 0.199168 0.366518 0.243826 0.245406 0.00412163
7 0.272628 0.522864 0.185517 0.509132 0.00387829
2 0.116045 0.283423 0.12822 0.289483 0.00363613
3 0.925706 0.612534 0.14012 0.641816 0.00279147
10 0.517767 0.634101 0.937624 0.670624 0.00259565
8 0.612104 0.621468 0.235611 0.628273 0.00258066
10 0.216768 0.506787 0.254696 0.474036 0.00256924
7 0.407422 0.637255 0.246711 0.638309 0.00255599
7 0.279033 0.63382 0.525749 0.657294 0.00243148
7 0.21986 0.403862 0.232054 0.264441 0.00218406
2 0.28694 0.411638 0.107232 0.258562 0.00202657
11 0.51797 0.63597 0.964061 0.683197 0.00195515
7 0.286692 0.410677 0.111333 0.255772 0.00181449
2 0.275639 0.637783 0.517937 0.646403 0.0015629
10 0.260761 0.530817 0.473382 0.836717 0.00141948
10 0.28694 0.411638 0.107232 0.258562 0.00137584
10 0.17743 0.357916 0.107449 0.205661 0.00124074
2 0.158219 0.382366 0.163225 0.250359 0.00122138
7 0.484587 0.430757 0.0874624 0.225904 0.00111962
2 0.545686 0.641495 0.149291 0.71701 0.00102767
