4 0.800494 0.758798 0.0790383 0.0901142 0.890373
3 0.666145 0.607321 0.158569 0.24434 0.853403
4 0.72387 0.861559 0.105294 0.0956469 0.849476
4 0.873926 0.632261 0.0739715 0.0915841 0.84803
4 0.933124 0.451141 0.0485525 0.0489949 0.812026
4 0.430477 0.880883 0.130774 0.0701332 0.794928
10 0.414318 0.796169 0.0283062 0.0933728 0.783475
4 0.954139 0.347454 0.0388934 0.0351582 0.781469
10 0.565502 0.780096 0.0307642 0.0851267 0.769145
10 0.450741 0.80532 0.02866 0.0875434 0.758012
4 0.805511 0.511137 0.0706769 0.0630771 0.738708
10 0.511946 0.708578 0.0383513 0.083044 0.6879
10 0.43812 0.742618 0.0268051 0.0823044 0.621528
4 0.868811 0.433244 0.0609236 0.0614711 0.549617
10 0.79538 0.443459 0.0218109 0.0552168 0.477188
4 0.901796 0.396757 0.0538273 0.0523449 0.426061
10 0.261632 0.868604 0.0369058 0.0846672 0.417021
10 0.216158 0.8614 0.0400067 0.107464 0.415504
10 0.816949 0.415351 0.0187048 0.0441386 0.359174
10 0.50519 0.702325 0.0292277 0.0664764 0.330354
10 0.835679 0.406517 0.0271278 0.0510149 0.324231
4 0.929888 0.368677 0.036347 0.0368548 0.319824
10 0.748426 0.475209 0.0204329 0.0617837 0.259653
11 0.665568 0.606876 0.157963 0.244991 0.258514
10 0.825034 0.412783 0.0271125 0.0447302 0.255315
10 0.855955 0.381016 0.0474186 0.0464562 0.20715
10 0.5521 0.661372 0.0268102 0.0596953 0.203389
10 0.842567 0.401319 0.040461 0.0492259 0.181169
10 0.57477 0.6223 0.0193457 0.0487152 0.18075
3 0.868579 0.433972 0.0623988 0.0626911 0.157974
10 0.586 0.594673 0.0172813 0.0498373 0.154009
10 0.389463 0.77812 0.0257205 0.0636291 0.153559
10 0.461869 0.565849 0.0507565 0.0404675 0.150368
10 0.770817 0.461579 0.019003 0.0410912 0.138133
4 0.938969 0.361329 0.0229132 0.0368492 0.129329
10 0.849149 0.388464 0.0505102 0.0483231 0.124768
10 0.780387 0.446168 0.0295026 0.0547055 0.122151
10 0.582198 0.606559 0.016384 0.0498489 0.12152
4 0.910499 0.378871 0.0625044 0.038266 0.109347
10 0.43105 0.713194 0.0228517 0.0473958 0.0918346
10 0.452554 0.67597 0.0237183 0.0761419 0.0870729
10 0.841716 0.412137 0.0280913 0.0487395 0.0826482
10 0.758616 0.451956 0.018741 0.0610408 0.0731672
10 0.867925 0.433611 0.0615155 0.0618783 0.0577808
4 0.934008 0.358836 0.0334066 0.0283345 0.054879
10 0.252547 0.864896 0.052475 0.0962277 0.0486181
10 0.82915 0.409834 0.0329785 0.0571628 0.041667
10 0.830888 0.406347 0.0509997 0.0513055 0.0410933
10 0.394943 0.789023 0.0290175 0.0855681 0.0385792
10 0.813629 0.411528 0.0294406 0.0386337 0.0281298
10 0.556926 0.627455 0.0228093 0.0487036 0.0273985
10 0.429537 0.721209 0.0287397 0.0487742 0.0268732
10 0.519629 0.7012 0.024977 0.0653691 0.0230352
10 0.492483 0.627393 0.0290784 0.0497044 0.0226302
4 0.289907 0.79709 0.0866629 0.0542211 0.0201511
10 0.230184 0.861321 0.070746 0.108336 0.0197277
10 0.764396 0.442072 0.0375702 0.0571711 0.019577
10 0.483946 0.626457 0.0297301 0.0451484 0.0192787
10 0.371896 0.680383 0.0258532 0.0486918 0.018945
10 0.761978 0.526192 0.0289378 0.0646449 0.0188013
10 0.695973 0.370496 0.01905 0.047435 0.0181125
4 0.936463 0.382146 0.0288091 0.0338836 0.0149802
0 0.757915 0.532566 0.0337863 0.0724323 0.0147927
3 0.289202 0.797285 0.0879298 0.0513069 0.012786
3 0.902163 0.396891 0.0539908 0.0507409 0.0126203
10 0.587296 0.60875 0.0166898 0.0447952 0.0125809
10 0.854726 0.35304 0.0345426 0.0310477 0.011168
9 0.805834 0.511296 0.0694016 0.0644047 0.0110775
0 0.505128 0.703493 0.0302224 0.0715696 0.0107796
10 0.746473 0.351872 0.0511518 0.0418192 0.0104337
10 0.549671 0.637482 0.0278259 0.05619 0.010223
4 0.915961 0.487755 0.0307252 0.0376273 0.0101102
10 0.932451 0.373814 0.0336886 0.0367763 0.009374
4 0.927887 0.382949 0.0421443 0.035421 0.00935785
10 0.490426 0.617619 0.0274511 0.0400106 0.00897329
10 0.337795 0.698677 0.0254461 0.0445583 0.00855486
10 0.385726 0.763968 0.027126 0.0598709 0.00793205
10 0.483071 0.612854 0.0266514 0.0303921 0.00702028
4 0.942543 0.718493 0.0660779 0.105069 0.00699826
4 0.427028 0.87033 0.0953822 0.0546102 0.00698829
10 0.493458 0.641292 0.0309269 0.048171 0.00636708
10 0.556417 0.636795 0.0215179 0.0810702 0.00633665
10 0.848468 0.345796 0.0402003 0.0390705 0.00577957
10 0.780435 0.431523 0.0346831 0.0427567 0.00572666
10 0.915961 0.487755 0.0307252 0.0376273 0.00570991
10 0.872808 0.358691 0.116959 0.0688289 0.00556102
4 0.943123 0.374217 0.0349815 0.0348383 0.00527709
10 0.476965 0.641371 0.0310088 0.041285 0.00508128
10 0.466641 0.635837 0.0382033 0.0305074 0.00490496
10 0.815698 0.427797 0.0219979 0.0467992 0.00484553
10 0.451841 0.695491 0.0195563 0.050311 0.00471836
10 0.447843 0.698794 0.0200023 0.0572271 0.00445922
0 0.554287 0.661639 0.0231842 0.0625994 0.00442228
10 0.455898 0.63707 0.0322283 0.0270195 0.00440167
10 0.261734 0.802022 0.0305816 0.0425876 0.00415713
0 0.746473 0.351872 0.0511518 0.0418192 0.00415023
0 0.563951 0.78306 0.0379319 0.0841627 0.00413814
10 0.367856 0.724606 0.0263523 0.0423675 0.0040959
10 0.463906 0.555595 0.0439278 0.0368679 0.00407615
1 0.902834 0.396922 0.0549831 0.0532402 0.00402957
0 0.511787 0.708637 0.0374053 0.0799582 0.00402123
10 0.868018 0.371464 0.0479195 0.0386997 0.00399726
10 0.767273 0.481917 0.0222151 0.0551449 0.00391476
9 0.761978 0.526192 0.0289378 0.0646449 0.00368399
10 0.215333 0.827098 0.0263528 0.0427799 0.00346722
10 0.468919 0.625057 0.0392536 0.0385687 0.00344884
9 0.915961 0.487755 0.0307252 0.0376273 0.0034365
10 0.419453 0.762756 0.0250782 0.0790762 0.00325037
4 0.941025 0.733357 0.0862178 0.145911 0.00322415
10 0.462511 0.656946 0.0386204 0.0543411 0.00306542
10 0 0.0342643 0 0.0685286 0.00287393
10 0.380724 0.735822 0.0304571 0.0480295 0.00280849
4 0.837238 0.411765 0.0219323 0.0580843 0.00276224
4 0.462067 0.570295 0.0525205 0.0463919 0.00267783
10 0.901953 0.396584 0.0546828 0.0520954 0.00260791
10 0.446195 0.555729 0.0569296 0.0400197 0.00260199
9 0.50519 0.702325 0.0292277 0.0664764 0.00258731
0 0.414055 0.800887 0.0307608 0.0857446 0.00253566
10 0.429479 0.699513 0.0234823 0.0578533 0.00252944
9 0.564612 0.779825 0.0328486 0.0874653 0.00249496
6 0 0.0426687 0 0.0853375 0.00224361
3 0.95633 0.339815 0.0436204 0.0496394 0.00222859
0 0.868811 0.433244 0.0609236 0.0614711 0.00219049
4 0.371471 0.900262 0.0883079 0.032878 0.00217552
10 0.369652 0.740999 0.0233826 0.0548371 0.00217516
1 0.86847 0.433793 0.0622959 0.0623644 0.0020145
10 0.259689 0.814042 0.02878 0.0383676 0.00200507
0 0.796301 0.445655 0.0208554 0.0553257 0.00199795
4 0.908533 0.377555 0.0544403 0.0664874 0.00193827
0 0.816949 0.415351 0.0187048 0.0441386 0.00193354
1 0.4301 0.879305 0.127814 0.0690262 0.00192401
9 0.296369 0.859254 0.0365431 0.0507675 0.00191176
4 0.456719 0.622702 0.0383608 0.0360262 0.00184788
9 0.867925 0.433611 0.0615155 0.0618783 0.00183177
6 0.86847 0.433793 0.0622959 0.0623644 0.00182745
4 0.97715 0.327006 0.0254598 0.0305216 0.00177375
3 0.873926 0.632261 0.0739715 0.0915841 0.00173281
10 0.97787 0.323666 0.0303961 0.0307456 0.00171277
9 0.493458 0.641292 0.0309269 0.048171 0.0017126
10 0.750284 0.501558 0.0260083 0.0465604 0.00164948
10 0.471123 0.609479 0.0378578 0.0278552 0.00161734
10 0.936463 0.382146 0.0288091 0.0338836 0.00161237
10 0.90349 0.370097 0.0532979 0.0374304 0.00159901
4 0.392797 0.889863 0.0789979 0.0501043 0.00154845
2 0.0127622 0.110918 0.0211637 0.0572288 0.00152638
10 0.878307 0.357171 0.0360593 0.0282138 0.00151917
0 0.358254 0.800252 0.0350888 0.0517816 0.00151539
3 0.837238 0.411765 0.0219323 0.0580843 0.00148769
10 0.38684 0.737253 0.0296949 0.0406091 0.00148119
4 0.174484 0.454889 0.0307214 0.0438062 0.001467
2 0.461869 0.565849 0.0507565 0.0404675 0.00146493
6 0.526672 0.300308 0.0340091 0.060997 0.00139634
10 0.285108 0.858274 0.0824111 0.0836302 0.00139514
0 0.750284 0.501558 0.0260083 0.0465604 0.00135985
3 0.801543 0.758497 0.0811528 0.090877 0.00135492
10 0.558386 0.685746 0.0209919 0.0883601 0.00132733
10 0.927906 0.364961 0.0394002 0.0357912 0.00131379
10 0.927887 0.382949 0.0421443 0.035421 0.00130775
10 0.321924 0.703954 0.0200802 0.0334801 0.00128857
4 0.964966 0.332501 0.0452762 0.0387948 0.00128113
10 0.239626 0.766094 0.0260853 0.0676368 0.0012776
10 0.171989 0.85964 0.0372977 0.113106 0.0012388
9 0.43812 0.742618 0.0268051 0.0823044 0.0012317
4 0.471123 0.609479 0.0378578 0.0278552 0.00122688
0 0.573778 0.622534 0.0194177 0.0488882 0.00122336
10 0.404686 0.763937 0.0345936 0.0592232 0.00120335
0 0.493458 0.641292 0.0309269 0.048171 0.00119548
10 0.514849 0.604912 0.054528 0.0248029 0.00116699
10 0.30216 0.833516 0.0460976 0.0443347 0.00115211
10 0.465063 0.574602 0.0496738 0.0435427 0.00113176
10 0.535658 0.602384 0.0361561 0.0226527 0.00113062
10 0.891329 0.356201 0.0280706 0.0286848 0.0011119
10 0.90268 0.340522 0.0634842 0.048692 0.00110558
4 0.468919 0.625057 0.0392536 0.0385687 0.00109823
10 0.877922 0.385916 0.0711039 0.0548961 0.00107455
3 0.45369 0.566493 0.069404 0.0477109 0.00106969
10 0.747145 0.432327 0.0274614 0.0472301 0.00106085
4 0.747896 0.425527 0.0284893 0.0419889 0.00104895
0 0.354512 0.792631 0.0350583 0.0405956 0.0010463
10 0.306321 0.833834 0.0333876 0.0349355 0.00103547
8 0.508857 0.709291 0.0382686 0.0816068 0.00103201
0 0.476965 0.641371 0.0310088 0.041285 0.00102816
4 0.272785 0.425793 0.0520423 0.0554669 0.00102579
