3 0.69595 0.452696 0.441409 0.477073 0.922067
4 0.306651 0.532992 0.152565 0.149863 0.866316
10 0.594196 0.395364 0.0651523 0.0940302 0.723617
4 0.912496 0.515002 0.0441092 0.165957 0.170597
10 0.91048 0.51394 0.0428242 0.163567 0.0275616
4 0.91315 0.475313 0.0409771 0.0809648 0.0254927
10 0.687193 0.423772 0.0634567 0.0955989 0.00510365
4 0.893456 0.531985 0.0692986 0.176925 0.00477911
1 0.410542 0.931996 0.0929114 0.110196 0.00433001
10 0.704319 0.428789 0.0546438 0.0972523 0.00157105
10 0.960048 0.460524 0.0242226 0.0749379 0.00124374
