8 0.477031 0.443524 0.829995 0.692501 0.277782
8 0.23846 0.534284 0.447246 0.602681 0.272023
8 0.666795 0.424315 0.155415 0.186945 0.264144
5 0.666795 0.424315 0.155415 0.186945 0.152077
5 0.495959 0.437837 0.877374 0.698647 0.132557
5 0.23516 0.537918 0.443204 0.610392 0.090313
8 0.336229 0.313625 0.179499 0.128995 0.0334371
8 0.369191 0.329399 0.254194 0.172481 0.00980089
9 0.495959 0.437837 0.877374 0.698647 0.00833949
11 0.514389 0.7884 0.932379 0.36586 0.00832555
8 0.420793 0.347844 0.346196 0.2181 0.00789471
5 0.447998 0.42707 0.496017 0.717994 0.00681008
4 0.495959 0.437837 0.877374 0.698647 0.00618204
8 0.403444 0.412521 0.320534 0.349446 0.00617324
10 0.477031 0.443524 0.829995 0.692501 0.00541059
8 0.447998 0.42707 0.496017 0.717994 0.00441944
5 0.552885 0.359706 0.648518 0.587279 0.00383764
8 0.342858 0.478423 0.377286 0.497238 0.0037248
6 0.495959 0.437837 0.877374 0.698647 0.00328192
10 0.667498 0.424178 0.156072 0.187361 0.00286832
4 0.552885 0.359706 0.648518 0.587279 0.00158115
8 0.234501 0.602577 0.268545 0.35174 0.00142659
8 0.264675 0.520425 0.242887 0.582033 0.00139029
8 0.303549 0.381811 0.245351 0.280062 0.00121004
10 0.23846 0.534284 0.447246 0.602681 0.00117326
5 0.212591 0.596947 0.224248 0.344786 0.00114348
10 0.447998 0.42707 0.496017 0.717994 0.00109752
