1 0.305482 0.460636 0.56674 0.912863 0.87622
1 0.81168 0.487003 0.341884 0.20399 0.780113
1 0.0539243 0.589308 0.10293 0.157224 0.0172907
1 0.316033 0.73017 0.479285 0.375968 0.0160908
1 0.929487 0.555615 0.114733 0.0581262 0.0104047
1 0.120234 0.607547 0.236629 0.235041 0.00428194
1 0.153685 0.568801 0.300653 0.252774 0.00415429
1 0.0508382 0.602197 0.0869832 0.0972269 0.00196009
1 0.100234 0.654941 0.196109 0.187738 0.00179267
10 0.864296 0.523171 0.025949 0.0397344 0.00170347
1 0.0602767 0.630163 0.114794 0.203154 0.00170255
