0 0.154368 0.642949 0.256702 0.395667 0.888816
10 0.659642 0.671894 0.0936478 0.133019 0.793095
0 0.443279 0.687636 0.0703621 0.0957064 0.00967815
5 0.659633 0.672149 0.0927916 0.134669 0.00407062
9 0.444904 0.695277 0.0649597 0.0820137 0.00343363
0 0.199666 0.663652 0.154438 0.347764 0.00213224
8 0.659773 0.672075 0.092721 0.133558 0.00185096
11 0.349873 0.69901 0.22273 0.0751429 0.00160276
11 0.630877 0.896145 0.379773 0.104968 0.00156529
10 0.814103 0.292769 0.129886 0.347851 0.00137015
8 0.441851 0.691447 0.0665206 0.0903329 0.00123654
11 0.36015 0.729995 0.270815 0.140948 0.00104244
