5 0.218397 0.775516 0.187117 0.323087 0.682377
11 0.85853 0.444464 0.272426 0.194331 0.65632
6 0.533012 0.496946 0.710245 0.40475 0.346878
7 0.851556 0.347194 0.0576483 0.0865477 0.314511
8 0.295366 0.509499 0.151695 0.168352 0.309155
6 0.561337 0.494861 0.858473 0.578275 0.303486
10 0.579472 0.525534 0.824258 0.347836 0.295812
5 0.416344 0.750666 0.133396 0.0937218 0.208583
8 0.737291 0.741891 0.224813 0.152594 0.202038
6 0.73472 0.552208 0.489302 0.408004 0.161171
8 0.480486 0.602235 0.322428 0.150877 0.155255
5 0.521916 0.603214 0.342301 0.150241 0.140959
10 0.510303 0.782657 0.893605 0.375975 0.134237
10 0.714153 0.576646 0.543266 0.450788 0.0976183
6 0.560957 0.633 0.843024 0.557976 0.0949683
5 0.723871 0.741055 0.257571 0.151904 0.0920814
6 0.805794 0.457859 0.356981 0.215301 0.0872952
5 0.295011 0.510067 0.151757 0.170851 0.0722123
5 0.484801 0.754164 0.417818 0.101896 0.0638661
5 0.562287 0.630234 0.379713 0.219302 0.0498071
10 0.542942 0.669082 0.892205 0.498543 0.0473198
6 0.735416 0.392217 0.491228 0.353916 0.0366047
8 0.490794 0.754503 0.431455 0.103612 0.0364328
5 0.513914 0.52909 0.568126 0.323559 0.0313414
10 0.519704 0.495997 0.539454 0.165133 0.0304024
5 0.380458 0.73597 0.211155 0.120269 0.0233964
8 0.413218 0.752536 0.137632 0.0948728 0.0209203
8 0.513914 0.52909 0.568126 0.323559 0.0170049
7 0.882707 0.350196 0.0432575 0.0892773 0.016082
6 0.850377 0.568595 0.28812 0.445052 0.0152052
10 0.661198 0.526263 0.278515 0.359088 0.0150855
10 0.583032 0.538773 0.375805 0.285542 0.014485
5 0.414437 0.707392 0.298522 0.173307 0.013819
8 0.687967 0.723142 0.329509 0.171449 0.0120952
5 0.458045 0.619213 0.368257 0.19206 0.0105984
8 0.456717 0.673513 0.126228 0.150893 0.00994635
8 0.378772 0.718723 0.22623 0.158285 0.00992229
8 0.456806 0.689715 0.35327 0.182629 0.00905259
8 0.466839 0.639349 0.372915 0.221077 0.00879387
10 0.850745 0.596527 0.285799 0.258568 0.00864073
10 0.687967 0.723142 0.329509 0.171449 0.00845141
8 0.219552 0.777189 0.185636 0.320805 0.00798478
8 0.500886 0.714577 0.483491 0.231358 0.00763952
6 0.859149 0.392341 0.266857 0.298856 0.00630822
10 0.801702 0.548647 0.396596 0.316576 0.0062285
6 0.462504 0.572367 0.786581 0.855267 0.00529264
10 0.470032 0.0882698 0.203913 0.158377 0.00502841
6 0.520727 0.539704 0.576368 0.297341 0.00470741
5 0.560796 0.546954 0.363159 0.245636 0.00467283
8 0.514529 0.588192 0.218706 0.122362 0.00451506
8 0.562287 0.630234 0.379713 0.219302 0.00447106
5 0.363373 0.740205 0.266559 0.197513 0.00424195
8 0.46551 0.671541 0.093603 0.119824 0.00397981
8 0.277611 0.606363 0.256218 0.166745 0.00392433
5 0.46758 0.678784 0.393848 0.156898 0.00388185
11 0.524831 0.762187 0.875208 0.343931 0.00361079
11 0.850377 0.568595 0.28812 0.445052 0.00350688
10 0.511555 0.0900493 0.104177 0.163517 0.0034104
10 0.557547 0.0909304 0.198335 0.166441 0.00333616
5 0.500886 0.714577 0.483491 0.231358 0.00327673
8 0.517765 0.522153 0.457675 0.212881 0.00309416
8 0.329117 0.537598 0.221137 0.22808 0.00307878
10 0.558099 0.890388 0.293019 0.203632 0.00285326
10 0.859408 0.449278 0.264279 0.193064 0.00279756
10 0.853055 0.346797 0.0615184 0.087174 0.00235928
10 0.460032 0.529469 0.431256 0.222571 0.00231241
11 0.695133 0.874586 0.585773 0.228176 0.00230381
8 0.275753 0.564337 0.221448 0.236381 0.00229521
8 0.590851 0.883192 0.367013 0.207014 0.00225954
8 0.524831 0.762187 0.875208 0.343931 0.00220618
10 0.459089 0.0906486 0.112955 0.161748 0.00201788
8 0.396148 0.682576 0.28515 0.223331 0.00194785
10 0.852802 0.524552 0.294396 0.31907 0.00184218
10 0.296907 0.509517 0.15366 0.168984 0.00167914
10 0.784142 0.641306 0.414302 0.361532 0.00163714
8 0.337159 0.757141 0.344258 0.234249 0.00156987
10 0.737291 0.741891 0.224813 0.152594 0.00152327
8 0.847917 0.603316 0.284257 0.268568 0.0014812
10 0.870504 0.280839 0.168276 0.208557 0.00131755
8 0.702564 0.784606 0.447009 0.237039 0.00130065
11 0.426488 0.0939047 0.541989 0.153976 0.00110878
10 0.458381 0.599851 0.362732 0.149453 0.00110209
1 0.860767 0.446229 0.265557 0.189584 0.00109186
5 0.524831 0.762187 0.875208 0.343931 0.00108537
10 0.912087 0.267929 0.0842905 0.235291 0.00107084
5 0.46551 0.671541 0.093603 0.119824 0.00104446
5 0.590851 0.883192 0.367013 0.207014 0.00104264
11 0.461794 0.596378 0.363625 0.14044 0.00101958
