11 0.522505 0.801026 0.884406 0.378751 0.911812
7 0.516496 0.689805 0.0495046 0.0284915 0.212278
6 0.658296 0.684604 0.608914 0.486475 0.0720448
6 0.852533 0.553178 0.232072 0.216078 0.0387106
6 0.696898 0.605913 0.53057 0.326781 0.0362864
6 0.535597 0.707762 0.862908 0.574428 0.0225084
6 0.81532 0.528363 0.229029 0.16436 0.0146526
6 0.77986 0.557523 0.384447 0.226298 0.011288
7 0.503205 0.683704 0.0620083 0.0389025 0.00998308
6 0.625659 0.594739 0.592969 0.128479 0.0059955
7 0.469531 0.681681 0.0359917 0.0408301 0.00547152
7 0.458718 0.681408 0.0437046 0.0395129 0.00311198
2 0.604373 0.362732 0.143709 0.207324 0.00244957
6 0.494488 0.589029 0.296371 0.127294 0.00231703
6 0.729686 0.526345 0.384039 0.156869 0.00224241
6 0.140257 0.618777 0.117531 0.123223 0.00138805
6 0.70428 0.0601042 0.108337 0.0995325 0.00133137
6 0.88122 0.588047 0.200018 0.157795 0.00121232
6 0.534862 0.575237 0.359908 0.168037 0.00109719
