3 0.429824 0.543468 0.508525 0.623127 0.932901
3 0.0517379 0.650308 0.0896912 0.148073 0.728125
3 0.140185 0.656861 0.0735724 0.165346 0.624129
10 0.600864 0.37523 0.0255949 0.0532497 0.415407
10 0.23593 0.644373 0.0288856 0.0471364 0.143471
3 0.0799328 0.650258 0.150517 0.159152 0.0856711
4 0.0697776 0.693924 0.0484587 0.0612615 0.0532423
10 0.126686 0.695598 0.0394418 0.0751159 0.016361
10 0.378919 0.635068 0.0360547 0.0775913 0.0145872
10 0.229848 0.640858 0.0321851 0.0570429 0.00866213
10 0.0168879 0.684089 0.024634 0.0603753 0.00646211
10 0.115069 0.695458 0.0447272 0.0689926 0.00497163
4 0.170774 0.698751 0.0336041 0.0850415 0.00341882
3 0.0702923 0.693328 0.0477406 0.061358 0.0028003
10 0.510784 0.625238 0.101042 0.107057 0.00260541
10 0.375024 0.386271 0.0359371 0.0625569 0.00204623
4 0.139933 0.653032 0.0732683 0.162101 0.00162065
10 0.137825 0.696298 0.0346429 0.0767097 0.00160511
10 0.0688429 0.69027 0.0503376 0.0703653 0.00139348
10 0.609261 0.37477 0.0378559 0.055844 0.00132753
10 0.0848768 0.694495 0.0433951 0.0622995 0.00122825
