6 0.451402 0.591558 0.460782 0.785606 0.805194
11 0.801742 0.620684 0.384093 0.698779 0.226873
6 0.789436 0.278369 0.120103 0.152874 0.156486
7 0.788598 0.278474 0.12303 0.154585 0.149003
11 0.646417 0.616073 0.694713 0.702812 0.142465
11 0.354747 0.600893 0.571037 0.781795 0.0344353
6 0.786337 0.68467 0.180569 0.575514 0.0272754
6 0.569963 0.574833 0.831211 0.800446 0.00356638
6 0.807126 0.610471 0.370086 0.703446 0.00345119
2 0.788196 0.278028 0.123557 0.153736 0.00307876
6 0.382652 0.524063 0.66512 0.951874 0.0014578
6 0.45589 0.478451 0.391788 0.521683 0.00100335
