3 0.488712 0.504345 0.868439 0.93776 0.901178
10 0.210232 0.709176 0.213484 0.526983 0.484765
4 0.936125 0.549677 0.116168 0.137049 0.177707
4 0.232855 0.728251 0.292617 0.49566 0.00563384
9 0.237284 0.762244 0.299902 0.423743 0.00542939
10 0.768233 0.483181 0.112695 0.109357 0.00405887
7 0.125248 0.702464 0.0641139 0.142638 0.00394298
10 0.100311 0.632328 0.0794643 0.265431 0.00391438
4 0.934626 0.637382 0.124609 0.317824 0.00270653
10 0.00859706 0.137839 0.0144892 0.138471 0.00170475
10 0.622585 0.467468 0.0924225 0.186814 0.00128188
10 0.0081903 0.107269 0.0139313 0.0835476 0.0012322
10 0.248447 0.796278 0.317229 0.344759 0.00122529
10 0.725535 0.491461 0.0891739 0.116425 0.00118324
