6 0.465497 0.853431 0.230001 0.263371 0.508471
6 0.384563 0.856471 0.392415 0.270816 0.31507
2 0.108967 0.634741 0.0880636 0.191149 0.0876806
11 0.347993 0.94691 0.322607 0.099588 0.079998
11 0.109826 0.857027 0.206251 0.267429 0.0493835
7 0.109533 0.702249 0.08228 0.126153 0.03537
8 0.346729 0.945841 0.329884 0.0991367 0.0266041
11 0.524432 0.94496 0.65959 0.0931599 0.00763782
5 0.972624 0.941846 0.0422877 0.100285 0.007089
2 0.130275 0.652279 0.136385 0.231258 0.00671456
6 0.548481 0.8632 0.597691 0.23055 0.00440355
10 0.738954 0.386435 0.0919133 0.139306 0.0040356
11 0.462744 0.915649 0.547319 0.157007 0.00258643
5 0.356746 0.946005 0.307862 0.0977837 0.00226304
5 0.740466 0.397825 0.089479 0.126074 0.00216562
10 0.595289 0.180217 0.12065 0.147478 0.00182421
6 0.107302 0.864084 0.201798 0.25705 0.00136744
2 0.108758 0.698924 0.0848282 0.135607 0.00121939
2 0.107713 0.67953 0.186591 0.278257 0.00120344
11 0.0722793 0.888438 0.136279 0.214843 0.00118483
5 0.291485 0.485924 0.0627385 0.0583246 0.0011663
10 0.460716 0.412189 0.154323 0.102276 0.00112569
5 0.763226 0.56556 0.0582768 0.0943783 0.00108167
8 0.740971 0.407751 0.0843692 0.111025 0.0010703
