8 0.599689 0.638927 0.708008 0.662318 0.753743
8 0.780925 0.710432 0.357645 0.533862 0.151127
8 0.453816 0.286615 0.171372 0.345526 0.13752
8 0.272794 0.34383 0.516312 0.437121 0.074949
8 0.277965 0.467307 0.53509 0.519927 0.0228909
5 0.274397 0.330993 0.514847 0.423791 0.0170585
5 0.453816 0.286615 0.171372 0.345526 0.0149656
8 0.400515 0.626326 0.287661 0.394736 0.0100046
10 0.453816 0.286615 0.171372 0.345526 0.00783002
8 0.164962 0.40664 0.324284 0.254082 0.00709351
10 0.280664 0.347507 0.526651 0.470193 0.00236444
8 0.40823 0.382719 0.285472 0.541102 0.00205757
8 0.553813 0.463716 0.621863 0.699065 0.00198395
5 0.570015 0.4927 0.692663 0.755604 0.00192215
10 0.159925 0.401632 0.315476 0.243642 0.00190102
10 0.570015 0.4927 0.692663 0.755604 0.00183993
6 0.570015 0.4927 0.692663 0.755604 0.00181474
8 0.0835198 0.432563 0.157523 0.277808 0.00143596
8 0.307876 0.420568 0.488278 0.211356 0.00105897
