0 0.513356 0.702686 0.314608 0.411499 0.86227
10 0.490321 0.540238 0.166244 0.547667 0.858345
10 0.659867 0.506913 0.0862725 0.393921 0.828236
10 0.236324 0.40728 0.0693394 0.104673 0.817802
10 0.11846 0.501009 0.0596217 0.220773 0.771167
4 0.384012 0.496913 0.156566 0.228675 0.72683
6 0.249938 0.691135 0.249342 0.527449 0.677894
10 0.763083 0.583492 0.139298 0.462281 0.665457
10 0.190808 0.427102 0.0278379 0.0621335 0.62033
10 0.0356306 0.467789 0.0581685 0.117765 0.53168
10 0.0424174 0.575767 0.07523 0.334941 0.46024
0 0.947183 0.654968 0.104773 0.292207 0.443682
10 0.249402 0.68883 0.251408 0.542201 0.318476
10 0.664866 0.36919 0.0482491 0.111716 0.267894
0 0.0640937 0.677035 0.116472 0.383664 0.150999
4 0.590918 0.51195 0.0969004 0.156533 0.0510725
10 0.0741763 0.445766 0.0381285 0.0678196 0.0358265
10 0.733484 0.489273 0.0709814 0.147451 0.0269351
10 0.13363 0.436176 0.031976 0.0786702 0.0251348
0 0.857531 0.650459 0.0957603 0.11044 0.0242452
6 0.0651659 0.677522 0.116796 0.38178 0.0186618
4 0.552168 0.507592 0.191262 0.162367 0.0149869
0 0.961145 0.627409 0.0777096 0.126131 0.0130652
10 0.136644 0.457196 0.0448884 0.122323 0.00842159
9 0.0619697 0.649127 0.114783 0.437694 0.00807949
10 0.753685 0.496197 0.112276 0.152259 0.0080375
10 0.308671 0.644937 0.134405 0.604539 0.00732154
10 0.750704 0.439984 0.101132 0.166611 0.00697934
0 0.762067 0.604903 0.134404 0.40886 0.0068932
10 0.0211432 0.462681 0.0353636 0.106848 0.00593088
10 0.779655 0.55167 0.114238 0.297721 0.00564461
9 0.762411 0.586542 0.136144 0.452641 0.00474816
0 0.740136 0.737228 0.20212 0.199103 0.00448504
0 0.0861697 0.524213 0.0855277 0.140901 0.00372412
10 0.77403 0.43215 0.0815961 0.141555 0.00356608
10 0.113682 0.458701 0.0462584 0.138186 0.00337508
10 0.0265637 0.39649 0.0297584 0.0693854 0.00294384
10 0.0354004 0.399959 0.0375743 0.0729655 0.00267369
8 0.247831 0.6893 0.252035 0.528751 0.00265918
10 0.142198 0.42923 0.0300419 0.0864585 0.00251083
0 0.847841 0.668077 0.123404 0.146007 0.00230149
10 0.0484732 0.412445 0.0409878 0.0861711 0.00206723
10 0.166481 0.426927 0.0292247 0.0709876 0.00201722
6 0.0398852 0.610865 0.0726776 0.24085 0.00190956
10 0.160263 0.42248 0.0315164 0.0815803 0.0017558
10 0.751893 0.431439 0.0671534 0.153531 0.00173554
0 0.390047 0.581086 0.143845 0.394697 0.00163824
10 0.0183958 0.395574 0.0295683 0.0767665 0.00158993
0 0.835175 0.615275 0.12869 0.197511 0.00149138
10 0.783672 0.470028 0.101934 0.185231 0.00138138
5 0.249917 0.690343 0.252191 0.540621 0.00135306
10 0.153704 0.426932 0.0303873 0.0857813 0.00130836
11 0.249561 0.690903 0.250577 0.531304 0.00128676
10 0.0666655 0.485922 0.0741923 0.111584 0.00127196
10 0.256507 0.417219 0.0520944 0.0814513 0.00127146
0 0.191802 0.708356 0.363795 0.500249 0.00125714
9 0.51216 0.701627 0.314122 0.411457 0.00122048
0 0.0686046 0.532145 0.0960937 0.17017 0.00120891
9 0.0441664 0.528453 0.0764822 0.26801 0.00118708
10 0.0142307 0.467573 0.0222939 0.11855 0.00114568
10 0.726023 0.527843 0.0706787 0.22138 0.00103338
10 0.113621 0.431558 0.0369152 0.0848799 0.00102691
10 0.0608033 0.614717 0.110321 0.369488 0.00102
