4 0.509291 0.728993 0.173208 0.211538 0.366534
4 0.836503 0.754644 0.125208 0.159108 0.334128
4 0.607461 0.738752 0.255943 0.241435 0.259273
4 0.718453 0.711791 0.161762 0.184558 0.205141
4 0.461906 0.763829 0.542665 0.325812 0.139321
4 0.879315 0.7534 0.207981 0.182522 0.118733
4 0.398426 0.689626 0.409911 0.479699 0.0739619
4 0.913425 0.760663 0.16565 0.234006 0.0531223
4 0.327089 0.670582 0.250401 0.40809 0.0472033
4 0.92711 0.80022 0.139476 0.177482 0.0464088
4 0.678977 0.714015 0.24678 0.205117 0.0387256
4 0.268182 0.673676 0.472242 0.499565 0.0217811
4 0.417574 0.592024 0.728182 0.665757 0.013475
10 0.380759 0.421591 0.065556 0.177034 0.0125402
10 0.65704 0.698863 0.103151 0.153725 0.00951711
4 0.33759 0.760287 0.27094 0.326067 0.00872948
4 0.517862 0.470986 0.885107 0.912923 0.00871673
4 0.959674 0.68561 0.075398 0.112301 0.00351421
4 0.291036 0.533922 0.525058 0.735495 0.00316346
4 0.941263 0.736296 0.108195 0.226016 0.00278735
10 0.655262 0.721552 0.1534 0.256618 0.00255816
4 0.868273 0.778614 0.252347 0.279871 0.00226195
10 0.384127 0.288025 0.341982 0.559573 0.00225343
10 0.366635 0.424261 0.115576 0.211537 0.00224955
9 0.467529 0.754923 0.527605 0.369613 0.00201984
4 0.655592 0.729518 0.153072 0.219355 0.00194193
9 0.597872 0.752714 0.269991 0.269982 0.00121616
10 0.384522 0.499908 0.100378 0.340443 0.00121266
7 0.741778 0.709419 0.1156 0.181302 0.001048
9 0.680169 0.717816 0.241219 0.196715 0.00100794
