10 0.206501 0.52516 0.347312 0.919114 0.900221
4 0.709245 0.372546 0.347057 0.441962 0.898984
4 0.618765 0.175182 0.11716 0.0826796 0.784018
10 0.431887 0.226176 0.0559941 0.164668 0.77557
10 0.874663 0.242834 0.0583319 0.22575 0.770845
4 0.954674 0.203293 0.0850406 0.0994919 0.757133
4 0.913889 0.181928 0.0624729 0.0746552 0.499356
10 0.792592 0.15098 0.0286226 0.0535259 0.0792701
4 0.404337 0.181077 0.0577268 0.117226 0.0792543
4 0.480041 0.160714 0.061345 0.0824509 0.036289
0 0.114818 0.815324 0.223809 0.349601 0.0294791
10 0.714439 0.151401 0.0300368 0.0501715 0.0268026
9 0.582949 0.184522 0.0308612 0.0701541 0.0262208
4 0.403819 0.156458 0.0563349 0.0682103 0.0262168
10 0.581284 0.174871 0.0287291 0.0788188 0.0248025
9 0.497584 0.200359 0.0572402 0.0836529 0.0246195
4 0.489585 0.173905 0.0792704 0.102822 0.0224134
10 0.60545 0.175648 0.0821881 0.0813254 0.018225
9 0.954111 0.202588 0.0881601 0.0998078 0.0175089
10 0.722389 0.153137 0.0314629 0.046667 0.0174093
4 0.471596 0.177617 0.108985 0.117338 0.0151974
10 0.780789 0.151673 0.0542797 0.0531234 0.0131574
10 0.743251 0.154022 0.0226195 0.0393097 0.0122856
10 0.788004 0.141305 0.0364893 0.0621939 0.0121693
4 0.52626 0.161899 0.0861498 0.103906 0.011947
9 0.479706 0.180082 0.0728118 0.101942 0.0119015
10 0.706627 0.153773 0.024694 0.0491933 0.0117024
9 0.613026 0.174405 0.109769 0.079744 0.0105046
10 0.778026 0.137929 0.0472028 0.0622416 0.00875124
10 0.765823 0.140221 0.0272289 0.0540062 0.00662607
4 0.946411 0.186167 0.0916717 0.0732164 0.00632152
4 0.519352 0.193845 0.0651013 0.0489234 0.00619068
0 0.487546 0.188309 0.0668842 0.0919048 0.00562171
9 0.510426 0.194305 0.0712783 0.0563887 0.00536119
3 0.619688 0.0968546 0.14403 0.0675632 0.00528865
0 0.506253 0.192045 0.0659222 0.0753664 0.00489249
8 0.113975 0.812707 0.218213 0.357866 0.00465874
10 0.759279 0.14821 0.0329332 0.0469129 0.00458138
4 0.968533 0.160546 0.0551122 0.0296666 0.00428646
10 0.70102 0.15669 0.0211678 0.0497828 0.00409602
10 0.764411 0.149336 0.0547679 0.0526107 0.00316025
10 0.504207 0.173601 0.0742562 0.0936459 0.00312312
3 0.763077 0.131455 0.0341214 0.052516 0.00304258
10 0.800337 0.238776 0.0622892 0.0996959 0.00300623
0 0.165289 0.764702 0.314341 0.4564 0.00296803
10 0.478374 0.168849 0.0657771 0.0969871 0.00258715
10 0.817829 0.160172 0.0398538 0.0546847 0.00257928
9 0.479194 0.161193 0.063082 0.0870494 0.00256241
5 0.630531 0.176386 0.100256 0.0732789 0.00235664
0 0.478374 0.168849 0.0657771 0.0969871 0.00226143
3 0.770271 0.115547 0.0934537 0.108863 0.00225579
3 0.622586 0.116209 0.118705 0.076689 0.00205625
10 0.587639 0.16998 0.0450319 0.0778257 0.00202471
4 0.601173 0.174683 0.0682942 0.082725 0.00185006
5 0.954674 0.203293 0.0850406 0.0994919 0.00169444
9 0.957923 0.222545 0.0682222 0.0831047 0.00167692
10 0.394344 0.18321 0.033242 0.12973 0.00151682
10 0.698776 0.226889 0.061208 0.0855291 0.00151592
0 0.504207 0.173601 0.0742562 0.0936459 0.00146875
4 0.638461 0.177091 0.0851244 0.0730845 0.00143078
0 0.493633 0.200779 0.0514014 0.0853213 0.00139389
4 0.605536 0.158062 0.0577117 0.0672488 0.00137941
3 0.763767 0.138105 0.106555 0.076639 0.00137781
1 0.954381 0.204891 0.0846373 0.105204 0.00133899
10 0.910256 0.179972 0.0594052 0.0785126 0.00131477
4 0.755769 0.152709 0.0402146 0.0447344 0.00131278
10 0.487546 0.188309 0.0668842 0.0919048 0.00129203
10 0.506253 0.192045 0.0659222 0.0753664 0.00121333
10 0.747326 0.15778 0.0481633 0.04954 0.0012042
10 0.834043 0.15981 0.0474144 0.063669 0.00119772
10 0.76392 0.136704 0.0985242 0.0763673 0.00119194
10 0.722774 0.154724 0.0447158 0.0553407 0.00114905
4 0.517446 0.202552 0.0777738 0.0709389 0.00114763
10 0.954111 0.202588 0.0881601 0.0998078 0.00111342
4 0.764411 0.149336 0.0547679 0.0526107 0.00107743
4 0.962184 0.218348 0.0671206 0.0913917 0.00103023
