4 0.274939 0.512712 0.222128 0.122807 0.882122
3 0.0939605 0.396276 0.181914 0.365963 0.790508
9 0.458253 0.527754 0.080121 0.112172 0.778228
9 0.521985 0.503782 0.0454126 0.0853647 0.75317
4 0.0825669 0.497907 0.154436 0.166582 0.46756
9 0.542256 0.50051 0.0621784 0.0865984 0.13904
10 0.551674 0.487173 0.0322143 0.0701744 0.0710157
10 0.430669 0.49391 0.0259461 0.0728369 0.0406515
10 0.51541 0.484897 0.0298426 0.0556827 0.0164257
10 0.517021 0.497912 0.0356 0.0785908 0.0114075
9 0.552984 0.489541 0.0350254 0.0765316 0.00952717
0 0.520727 0.503475 0.0435907 0.0834315 0.00626871
4 0.09344 0.39813 0.179648 0.366975 0.00571024
10 0.563119 0.482429 0.0341845 0.0520184 0.00551567
9 0.917519 0.709039 0.146191 0.188057 0.00500276
10 0.518719 0.47412 0.0328302 0.0571367 0.00420662
9 0.577775 0.483344 0.0224074 0.0387737 0.00385597
9 0.514969 0.495599 0.0330333 0.072477 0.0035415
0 0.459975 0.529144 0.0779592 0.112859 0.00247317
10 0.430001 0.508874 0.0310049 0.077234 0.00216706
0 0.542256 0.50051 0.0621784 0.0865984 0.00202122
5 0.27542 0.512869 0.220812 0.121983 0.00197202
9 0.563119 0.482429 0.0341845 0.0520184 0.00180424
9 0.527309 0.480438 0.043993 0.0518537 0.00172838
10 0.538885 0.388941 0.06732 0.188495 0.00165742
11 0.277427 0.963687 0.539021 0.0726259 0.0016319
0 0.555235 0.493541 0.0352754 0.0879174 0.0013192
10 0.43857 0.507729 0.0443051 0.0887722 0.00124091
10 0.527309 0.480438 0.043993 0.0518537 0.00119758
4 0.525683 0.489624 0.0472189 0.067369 0.00117547
0 0.90332 0.704811 0.132969 0.139206 0.00105006
