0 0.745621 0.589696 0.221035 0.766172 0.871494
0 0.351365 0.606273 0.354707 0.625669 0.822591
10 0.68102 0.359334 0.120897 0.69143 0.683748
10 0.326477 0.223091 0.0528675 0.18685 0.649216
10 0.271315 0.232576 0.0485741 0.161409 0.629586
10 0.494505 0.231207 0.0238584 0.0697061 0.579126
10 0.135414 0.499464 0.265691 0.980577 0.572489
10 0.406767 0.426167 0.0978719 0.650808 0.510572
10 0.229656 0.203572 0.0323734 0.12265 0.396772
10 0.757441 0.162571 0.0330277 0.102645 0.316234
10 0.516161 0.216809 0.0265594 0.0868839 0.31312
0 0.291363 0.296299 0.134909 0.146932 0.197461
0 0.286209 0.49457 0.232873 0.469636 0.161068
10 0.44512 0.251773 0.043754 0.232568 0.0625038
10 0.231822 0.233381 0.03358 0.179827 0.0576606
4 0.888207 0.134886 0.220369 0.167774 0.0550157
10 0.139517 0.741462 0.271858 0.488968 0.0470291
0 0.317183 0.290235 0.0895053 0.134661 0.0461231
0 0.139527 0.692585 0.275589 0.592209 0.0424233
9 0.320367 0.290335 0.0794639 0.127999 0.0307805
10 0.510018 0.218253 0.0513936 0.0864406 0.0298184
10 0.169072 0.383434 0.0997198 0.75325 0.0275879
10 0.267538 0.262859 0.0613949 0.232943 0.0238628
4 0.571852 0.220955 0.115098 0.080752 0.0219764
0 0.293668 0.32645 0.173476 0.19212 0.021871
10 0.238981 0.282801 0.0416823 0.175096 0.0201482
0 0.2407 0.317262 0.0477192 0.183489 0.0142436
4 0.569236 0.220024 0.0671328 0.0635854 0.0139603
4 0.669967 0.217264 0.338017 0.0968964 0.0131416
10 0.400429 0.289 0.0907384 0.282843 0.0121019
9 0.292724 0.289211 0.126539 0.133869 0.0106108
10 0.426079 0.23839 0.0668102 0.26928 0.00756064
4 0.757352 0.165761 0.0322651 0.0973735 0.00504348
10 0.775676 0.176542 0.0247368 0.0751818 0.00461967
10 0.242822 0.316411 0.0496535 0.182318 0.00406047
2 0.133435 0.500725 0.0510774 0.283806 0.00345369
11 0.317183 0.290235 0.0895053 0.134661 0.00260339
0 0.220853 0.615049 0.242255 0.609195 0.00254018
10 0.442992 0.207432 0.039623 0.133705 0.00248276
0 0.323797 0.252315 0.0619202 0.18697 0.00228999
4 0.373996 0.214419 0.027236 0.0914558 0.002118
1 0.88677 0.1266 0.220121 0.173739 0.00205089
6 0.320367 0.290335 0.0794639 0.127999 0.002046
9 0.323797 0.252315 0.0619202 0.18697 0.0020394
10 0.220774 0.213821 0.0397098 0.136667 0.00202182
7 0.978047 0.0465053 0.0413975 0.0930106 0.00183778
0 0.268549 0.327163 0.0956526 0.193673 0.00182793
4 0.61659 0.224995 0.231285 0.116995 0.00177674
10 0.319556 0.283932 0.0725411 0.129614 0.00171869
10 0.320153 0.206593 0.0417283 0.124199 0.00168912
10 0.239525 0.248963 0.0491612 0.20475 0.00167709
4 0.547603 0.222829 0.040324 0.0610616 0.00149264
10 0.241965 0.565404 0.180534 0.675269 0.00146694
10 0.769393 0.170382 0.0369305 0.0938805 0.0013916
0 0.443897 0.253203 0.0428869 0.224889 0.00136129
10 0.385487 0.461327 0.159132 0.671688 0.00135
4 0.753874 0.488315 0.412272 0.909572 0.00123952
10 0.299728 0.29007 0.116126 0.126941 0.00116897
3 0.888015 0.129189 0.221113 0.166564 0.00116533
10 0.451431 0.273276 0.0452885 0.167988 0.00107945
9 0.442068 0.251336 0.0435249 0.225627 0.00107944
