0 0.270506 0.731444 0.171678 0.428311 0.865995
0 0.532421 0.750438 0.335202 0.47321 0.853891
0 0.77808 0.690552 0.429846 0.44954 0.142371
0 0.652256 0.706121 0.689616 0.460844 0.0980232
6 0.685779 0.288731 0.0659807 0.0851672 0.0748154
0 0.416963 0.734912 0.111092 0.399418 0.0547425
11 0.128637 0.928245 0.243902 0.126406 0.0126153
11 0.0812385 0.832018 0.151531 0.320297 0.00704285
0 0.376009 0.729676 0.0820198 0.408651 0.0061543
0 0.572264 0.655921 0.124751 0.305783 0.0061534
6 0.0812385 0.832018 0.151531 0.320297 0.00563593
0 0.451503 0.737671 0.147324 0.40063 0.00546234
0 0.837791 0.752269 0.314062 0.470335 0.00368578
0 0.695745 0.662055 0.266681 0.321385 0.00250225
0 0.612198 0.657292 0.18351 0.312462 0.00233223
11 0.0646433 0.955775 0.121979 0.0865982 0.00215816
4 0.0818331 0.834915 0.149027 0.327281 0.00177349
0 0.614764 0.527111 0.127947 0.116535 0.00141219
9 0.270506 0.731444 0.171678 0.428311 0.0012657
0 0.645729 0.661468 0.111982 0.32277 0.00104919
10 0.178346 0.653379 0.0353308 0.113808 0.00102685
