1 0.452058 0.798031 0.390178 0.194729 0.788132
1 0.680566 0.608796 0.0888026 0.103565 0.776226
1 0.507762 0.55972 0.0589226 0.0413926 0.478586
1 0.30939 0.570263 0.125905 0.361858 0.13259
1 0.330091 0.472015 0.067946 0.150132 0.109975
1 0.149659 0.526232 0.274486 0.928411 0.0435546
1 0.188107 0.517178 0.16155 0.889343 0.0267748
1 0.29742 0.485111 0.150852 0.549991 0.0193387
1 0.970803 0.547156 0.0499464 0.029931 0.0135773
1 0.878971 0.50232 0.057847 0.0407992 0.0105993
1 0.921613 0.497414 0.140268 0.0583805 0.00916556
1 0.937086 0.505694 0.0832233 0.0358429 0.00873409
1 0.244836 0.503709 0.20002 0.834329 0.00744787
1 0.0871572 0.768255 0.166047 0.424701 0.00703335
1 0.88957 0.496888 0.08186 0.0550716 0.00643932
1 0.450408 0.741519 0.393301 0.330829 0.00562171
1 0.803857 0.510552 0.0637825 0.0316449 0.00548283
1 0.789665 0.512817 0.0762842 0.0297328 0.00492866
1 0.454266 0.637041 0.385621 0.503106 0.00481552
1 0.140793 0.706193 0.268801 0.560495 0.00458097
1 0.387838 0.510973 0.0818717 0.101939 0.00449541
1 0.790702 0.498995 0.0948611 0.0518526 0.00434363
1 0.292883 0.460531 0.0784362 0.400936 0.00408133
1 0.122326 0.62521 0.141602 0.598201 0.00405282
1 0.204833 0.636151 0.165745 0.517498 0.00396314
1 0.347744 0.427158 0.0818607 0.249842 0.0038102
1 0.372086 0.42819 0.100923 0.253383 0.0036993
4 0.945646 0.491798 0.041929 0.0381483 0.00321184
1 0.0752379 0.708102 0.0863835 0.294807 0.0028929
1 0.108094 0.70911 0.145926 0.342361 0.00285375
1 0.750325 0.52585 0.043207 0.0350825 0.00268286
1 0.278061 0.463031 0.0770668 0.467497 0.00243051
1 0.0940784 0.510347 0.17017 0.95256 0.00237749
1 0.18231 0.449012 0.115727 0.721074 0.00221643
1 0.164828 0.525651 0.0807396 0.254907 0.00207702
1 0.971704 0.532256 0.0494537 0.0400038 0.00201881
1 0.168613 0.640955 0.106616 0.514775 0.00190253
1 0.260016 0.482072 0.0794971 0.513667 0.00187079
1 0.328764 0.505717 0.0678545 0.0865404 0.00176431
1 0.048311 0.854909 0.0918871 0.263351 0.00174753
1 0.313553 0.478715 0.0771095 0.133324 0.00174247
4 0.947405 0.494374 0.071146 0.045866 0.00148468
1 0.816173 0.508086 0.0467541 0.0332088 0.00145111
1 0.0554728 0.792127 0.105356 0.388485 0.00139392
1 0.962602 0.512882 0.066276 0.0457072 0.00132916
1 0.0691875 0.688871 0.0605027 0.244291 0.00129715
1 0.321655 0.416697 0.0846178 0.276392 0.00124446
1 0.150633 0.858409 0.293511 0.268779 0.00122873
1 0.944611 0.491892 0.0501043 0.0385815 0.00110096
1 0.751205 0.517371 0.0460765 0.0357206 0.00108683
1 0.767387 0.513943 0.041598 0.0308259 0.0010594
