4 0.29707 0.523514 0.375164 0.224822 0.853501
4 0.492192 0.479635 0.141546 0.141488 0.83775
4 0.580769 0.458368 0.101685 0.115535 0.822935
4 0.647832 0.446772 0.0708112 0.0896411 0.726577
4 0.975133 0.413406 0.0479095 0.0970732 0.676686
4 0.0806865 0.610837 0.15401 0.277895 0.0730773
4 0.893504 0.402674 0.0596348 0.069787 0.0437353
4 0.611648 0.453514 0.0433639 0.103478 0.0389577
4 0.703004 0.428522 0.039159 0.0323482 0.0372786
4 0.700361 0.422164 0.0489717 0.0448615 0.0195095
4 0.851051 0.405277 0.0823156 0.0518037 0.0140481
4 0.936316 0.420981 0.0536741 0.0713556 0.00845546
4 0.666155 0.442245 0.0467832 0.0795827 0.00725207
4 0.688952 0.423283 0.0635467 0.0501794 0.00578602
4 0.725142 0.415918 0.0519642 0.0488546 0.00558599
4 0.673609 0.426839 0.0374531 0.0495239 0.00542021
4 0.911153 0.412319 0.0774449 0.0789302 0.00498326
5 0.647832 0.446772 0.0708112 0.0896411 0.00433766
3 0.97473 0.415314 0.0425746 0.0984602 0.0030008
4 0.106194 0.55353 0.101358 0.0927867 0.00293761
4 0.0309312 0.521085 0.0544725 0.0602816 0.00263839
4 0.861947 0.402388 0.104298 0.0714889 0.00254828
4 0.147696 0.590086 0.258968 0.305896 0.0025235
4 0.956557 0.415769 0.073708 0.086404 0.00228419
5 0.97473 0.415314 0.0425746 0.0984602 0.00212658
10 0.0416751 0.515435 0.0426157 0.06227 0.00202128
4 0.844375 0.408606 0.0638972 0.0398551 0.00179418
4 0.256024 0.583363 0.462651 0.330083 0.00176917
4 0.0445308 0.521632 0.057644 0.0571647 0.00103989
1 0.0143801 0 0.0287602 0 0.00101297
5 0.493406 0.479767 0.140389 0.141943 0.00100307
