0 0.418915 0.727455 0.293534 0.286017 0.887194
10 0.219856 0.654999 0.0736201 0.467027 0.800471
1 0.831557 0.91326 0.0772789 0.0969112 0.0426262
0 0.195452 0.755121 0.125772 0.289523 0.0146313
1 0.852663 0.912079 0.0741955 0.0968621 0.0123095
0 0.664596 0.903346 0.210881 0.186705 0.0119542
4 0.0611072 0.609675 0.0351983 0.0353246 0.00722026
4 0.0396987 0.607317 0.0793974 0.046121 0.0037573
0 0.526716 0.909251 0.488426 0.181497 0.00319854
10 0.8107 0.918496 0.0392612 0.0926482 0.00260802
0 0.851896 0.614797 0.148254 0.0973232 0.00203426
0 0.157673 0.762581 0.178226 0.28248 0.00148911
9 0.859717 0.121497 0.116931 0.230315 0.00116507
4 0.905202 0.600802 0.0498302 0.0602598 0.00109625
