10 0.287822 0.494308 0.521293 0.984184 0.87873
11 0.541255 0.697861 0.479752 0.441513 0.696817
6 0.705444 0.778247 0.345178 0.42258 0.267659
6 0.761218 0.678852 0.461832 0.612823 0.204136
6 0.196728 0.656757 0.360947 0.65969 0.109717
7 0.590483 0.472356 0.026742 0.0612219 0.0671223
11 0.261703 0.630499 0.303768 0.344047 0.0594994
7 0.603154 0.471621 0.051527 0.0608535 0.046208
6 0.886814 0.674177 0.214622 0.594776 0.0455078
6 0.192475 0.868946 0.370954 0.238401 0.0394096
11 0.285206 0.669223 0.256494 0.241462 0.0154015
6 0.272788 0.599559 0.287371 0.422022 0.00927471
11 0.287822 0.494308 0.521293 0.984184 0.00877467
11 0.333161 0.871587 0.628835 0.229821 0.00583602
6 0.328831 0.657452 0.625042 0.6612 0.00545827
2 0.675722 0.754718 0.027258 0.0587861 0.0040876
11 0.705835 0.777299 0.340487 0.41572 0.00369736
6 0.861937 0.873884 0.269526 0.237574 0.00298911
6 0.459564 0.760627 0.881964 0.45102 0.00262012
7 0.729951 0.750238 0.0732876 0.0776621 0.00245963
10 0.562132 0.471314 0.60383 0.915419 0.00201809
7 0.397124 0.483716 0.041795 0.0774265 0.00200806
6 0.767269 0.867255 0.448699 0.244633 0.00196258
10 0.297461 0.611114 0.252247 0.402712 0.00172261
6 0.216413 0.66591 0.302908 0.325796 0.00168144
6 0.157136 0.671351 0.174281 0.248017 0.0016724
10 0.537191 0.719338 0.477345 0.48511 0.00140381
6 0.286909 0.662648 0.232737 0.324208 0.0014
11 0.34358 0.686429 0.129136 0.195119 0.00132673
11 0.263101 0.862095 0.315959 0.255739 0.00100936
