3 0.468403 0.64833 0.754982 0.159667 0.913678
10 0.569852 0.666556 0.0371914 0.0467924 0.0185879
10 0.496111 0.662614 0.031483 0.0312473 0.0106058
10 0.508938 0.662961 0.031121 0.0324428 0.00779463
10 0.0452306 0.657595 0.0616014 0.0871837 0.0069507
10 0.194581 0.626492 0.0407563 0.030316 0.0059639
10 0.890818 0.653894 0.0424123 0.0355662 0.00489007
10 0.5222 0.662801 0.033307 0.0337814 0.00432892
10 0.543815 0.662645 0.0272445 0.0411592 0.00369845
10 0.0312157 0.659766 0.0443005 0.0789725 0.00280982
10 0.185054 0.626137 0.0519384 0.033831 0.00273273
10 0.518529 0.65937 0.0480793 0.0391569 0.00188598
10 0.531589 0.658574 0.0458584 0.04361 0.00186453
10 0.542539 0.65673 0.0503767 0.0543842 0.00121419
10 0.011158 0.65527 0.018402 0.0861912 0.00115248
10 0.488678 0.660375 0.035773 0.0301251 0.00100973
