4 0.676883 0.334135 0.266869 0.177156 0.897539
4 0.858841 0.362043 0.246896 0.211631 0.861181
10 0.255111 0.571837 0.392079 0.817561 0.847213
4 0.539965 0.31153 0.0575933 0.0947679 0.700986
10 0.49105 0.526787 0.319655 0.778444 0.695909
7 0.48482 0.722709 0.128776 0.301107 0.455853
7 0.917804 0.944803 0.115446 0.106389 0.169195
7 0.791833 0.901924 0.101475 0.140687 0.143063
4 0.958984 0.366938 0.0718396 0.212846 0.0872623
7 0.953269 0.945353 0.0724173 0.109294 0.0428822
2 0.946564 0.944421 0.0573977 0.111159 0.0385415
2 0.539112 0.928985 0.0418544 0.130481 0.0148229
7 0.736262 0.96984 0.0468912 0.0491218 0.0106852
2 0.534684 0.943556 0.0330591 0.095934 0.0102904
7 0.479149 0.800746 0.0991208 0.142122 0.00833243
4 0.659462 0.253735 0.11418 0.0503349 0.00651387
7 0.345245 0.358976 0.191797 0.351808 0.00630618
11 0.69562 0.940685 0.579997 0.118016 0.00467153
7 0.918895 0.984109 0.105013 0.0317824 0.00456168
7 0.487646 0.675091 0.12392 0.178327 0.0035705
4 0.561364 0.299877 0.0764504 0.0781251 0.00354666
6 0.917167 0.94476 0.110202 0.0972449 0.00317464
6 0.348974 0.336866 0.1656 0.296228 0.00274065
7 0.926142 0.96563 0.0932176 0.0687404 0.00258784
11 0.676852 0.903967 0.612142 0.171107 0.00257186
11 0.347461 0.334768 0.174943 0.298342 0.00243913
4 0.676809 0.253238 0.0765369 0.0442854 0.00199245
7 0.722739 0.736768 0.0567563 0.0906611 0.00151285
5 0.540473 0.311003 0.0585051 0.0929266 0.00145618
4 0.585207 0.307993 0.140384 0.0988123 0.0013438
7 0.918334 0.993023 0.101079 0.0139546 0.00134373
11 0.460992 0.767314 0.808535 0.449609 0.00122683
7 0.970204 0.947396 0.0476442 0.105208 0.00111795
5 0.676883 0.334135 0.266869 0.177156 0.00107945
