8 0.58167 0.390164 0.20525 0.503011 0.872062
10 0.316236 0.280885 0.0844671 0.448983 0.854079
10 0.402311 0.30893 0.107181 0.553668 0.832333
8 0.439998 0.234151 0.0541897 0.192344 0.021178
1 0.970787 0.0573607 0.0584265 0.114721 0.00716324
10 0.438825 0.257302 0.0595573 0.250103 0.00690027
8 0.516123 0.40494 0.0736927 0.419348 0.00583156
10 0.440797 0.210552 0.0514126 0.151226 0.0044993
5 0.581575 0.389233 0.203619 0.518264 0.00301939
8 0.457576 0.270747 0.0563801 0.15637 0.00157785
10 0.58167 0.390164 0.20525 0.503011 0.00144443
