10 0.515086 0.535188 0.91377 0.791092 0.469801
10 0.376721 0.700311 0.637982 0.439177 0.123882
8 0.500374 0.521546 0.901974 0.800579 0.123256
10 0.66301 0.656219 0.644584 0.581219 0.0743261
5 0.3498 0.651062 0.164683 0.274007 0.0483977
8 0.352808 0.647887 0.159403 0.271923 0.0362679
5 0.653467 0.337249 0.568282 0.404563 0.0322676
8 0.642622 0.411738 0.587821 0.568067 0.0310704
2 0.348739 0.651738 0.165013 0.271698 0.0147103
10 0.350385 0.650328 0.164754 0.273176 0.0102598
10 0.538959 0.731876 0.857142 0.436587 0.00769748
10 0.665047 0.780808 0.608655 0.33997 0.00763953
5 0.668913 0.526566 0.612056 0.798985 0.00752952
5 0.776829 0.113132 0.34259 0.165313 0.00620768
8 0.524688 0.738092 0.255827 0.394892 0.00607021
10 0.436158 0.538121 0.133982 0.466101 0.00579207
10 0.425268 0.659247 0.11386 0.225672 0.00570056
10 0.370394 0.795512 0.638861 0.252731 0.0052186
10 0.303479 0.558735 0.484047 0.695989 0.00493852
10 0.642622 0.411738 0.587821 0.568067 0.00488711
5 0.407774 0.729463 0.0427664 0.0983975 0.00456971
5 0.425268 0.659247 0.11386 0.225672 0.00426282
8 0.48355 0.527645 0.23446 0.466614 0.00342103
8 0.390207 0.546137 0.212507 0.444635 0.00316183
8 0.425268 0.659247 0.11386 0.225672 0.00300732
5 0.517754 0.582537 0.157088 0.223066 0.0022765
8 0.521034 0.802354 0.903646 0.29896 0.00218537
2 0.334081 0.614249 0.12842 0.208241 0.00211846
7 0.353542 0.513233 0.133961 0.125879 0.00206959
10 0.48355 0.527645 0.23446 0.466614 0.00206875
10 0.769048 0.709633 0.442585 0.480036 0.0017577
8 0.513832 0.707289 0.924924 0.465075 0.00158559
10 0.390207 0.546137 0.212507 0.444635 0.00152217
2 0.435255 0.518626 0.119454 0.413089 0.00138401
9 0.516306 0.529577 0.916935 0.786948 0.00128907
5 0.517106 0.73902 0.275813 0.390972 0.00111731
2 0.34359 0.516607 0.115865 0.117912 0.00106941
8 0.436158 0.538121 0.133982 0.466101 0.00106867
