10 0.462083 0.635538 0.755038 0.714156 0.857362
2 0.806654 0.724703 0.0902407 0.184597 0.817376
11 0.776091 0.859617 0.415358 0.268298 0.772794
6 0.793107 0.417151 0.130209 0.148316 0.670014
10 0.038876 0.388309 0.070134 0.0780143 0.0984767
7 0.796671 0.851285 0.141898 0.108903 0.0400344
11 0.239991 0.493535 0.195107 0.113354 0.0316115
6 0.781877 0.859698 0.420581 0.266308 0.0304479
6 0.70779 0.424472 0.093623 0.133895 0.0217836
6 0.106024 0.473768 0.192611 0.173353 0.0217323
10 0.0388225 0.419459 0.0706217 0.138008 0.0157538
10 0.106753 0.470217 0.195687 0.179095 0.011704
6 0.126918 0.555742 0.239719 0.397719 0.0114646
6 0.723829 0.437533 0.0780512 0.10769 0.00653039
11 0.231698 0.480282 0.1342 0.0811165 0.00531131
10 0.126918 0.555742 0.239719 0.397719 0.003559
10 0.651543 0.52607 0.359828 0.477535 0.00285323
11 0.852962 0.446201 0.236917 0.103867 0.0025981
6 0.336721 0.724247 0.658693 0.533615 0.00229143
6 0.692722 0.435967 0.0850516 0.108383 0.00221174
6 0.740399 0.666214 0.215305 0.187388 0.00192851
7 0.67438 0.639381 0.0837916 0.0979097 0.00177156
11 0.714597 0.427186 0.101752 0.134447 0.00175679
11 0.356978 0.884943 0.572287 0.220927 0.00168769
6 0.555321 0.768491 0.621464 0.441904 0.00162427
6 0.459773 0.644418 0.786449 0.688378 0.00158521
11 0.792202 0.416491 0.13666 0.146577 0.00153924
6 0.380129 0.873266 0.535941 0.2402 0.00153435
10 0.0459346 0.452418 0.0781165 0.198946 0.00139257
6 0.760405 0.798996 0.280174 0.381352 0.00137571
6 0.758053 0.432621 0.0738607 0.123578 0.00137264
6 0.700927 0.392185 0.0971929 0.168144 0.00108409
10 0.303103 0.546467 0.586272 0.480736 0.00105047
10 0.780087 0.86017 0.420718 0.267848 0.00100047
