9 0.392664 0.682173 0.114149 0.193786 0.810552
9 0.306487 0.673532 0.118515 0.175713 0.809159
9 0.720084 0.711827 0.101138 0.209368 0.787015
9 0.566909 0.699191 0.108775 0.205035 0.697626
10 0.403373 0.575312 0.0411846 0.108118 0.68735
9 0.0649961 0.655147 0.0916537 0.162293 0.680657
9 0.815427 0.69895 0.115098 0.255988 0.656116
9 0.902795 0.673719 0.112038 0.215786 0.61922
9 0.194995 0.668329 0.128409 0.190396 0.567312
9 0.624798 0.70979 0.0858266 0.187916 0.560216
10 0.633011 0.597301 0.05244 0.126427 0.536952
10 0.079415 0.562919 0.04042 0.0940301 0.510259
10 0.260635 0.561191 0.0441933 0.117348 0.420442
10 0.0464215 0.561863 0.0285812 0.0723159 0.390333
9 0.23723 0.668429 0.0830458 0.173177 0.378715
9 0.0317109 0.686458 0.0541046 0.215067 0.172516
9 0.859438 0.676146 0.20432 0.219655 0.122321
10 0.0850569 0.590071 0.0511869 0.157597 0.105742
10 0.328971 0.573533 0.0508667 0.114289 0.093667
10 0.0424355 0.574635 0.0306757 0.0952689 0.0615419
9 0.0881071 0.652136 0.068485 0.169264 0.05737
10 0.369167 0.685239 0.0682146 0.193291 0.0518145
9 0.0985227 0.633276 0.0847248 0.125721 0.0507572
10 0.297883 0.569539 0.0421713 0.116389 0.048798
10 0.822151 0.705337 0.10164 0.2138 0.0454007
10 0.448975 0.579777 0.0282051 0.0838955 0.0337447
10 0.0314218 0.690543 0.0567889 0.214868 0.0315706
9 0.116336 0.623956 0.0626273 0.11266 0.026498
10 0.446546 0.59923 0.0252702 0.119994 0.0256792
10 0.119052 0.609844 0.0433079 0.134111 0.0249453
10 0.110755 0.59723 0.034169 0.12767 0.024019
10 0.0355788 0.651651 0.0439843 0.183902 0.018552
10 0.128492 0.575023 0.0331464 0.0814259 0.015463
9 0.782597 0.615042 0.0693815 0.108044 0.0123143
9 0.0888785 0.619048 0.0607148 0.135112 0.011654
10 0.332422 0.605168 0.0597683 0.0768036 0.0112164
10 0.106453 0.578903 0.0266839 0.104057 0.0100976
9 0.155278 0.656844 0.0560919 0.172062 0.00999572
10 0.13852 0.567569 0.0281158 0.0613644 0.00872753
10 0.763396 0.612022 0.0391096 0.104605 0.00833811
9 0.272437 0.665078 0.0717738 0.185336 0.00796199
10 0.121625 0.561834 0.0353857 0.0656561 0.00794031
9 0.500019 0.628993 0.0843835 0.115915 0.00678199
9 0.966873 0.65159 0.0549184 0.0585793 0.00640372
10 0.101487 0.563984 0.0254758 0.0772164 0.00586827
10 0.685553 0.585608 0.0354854 0.072897 0.00573753
10 0.531593 0.587054 0.0345016 0.0747627 0.0054836
9 0.893737 0.649596 0.0773708 0.171624 0.00501967
9 0.050165 0.673067 0.0711479 0.201954 0.00500799
9 0.370503 0.685606 0.0696047 0.192476 0.00448386
10 0.0380951 0.587847 0.0467906 0.105975 0.00396826
10 0.133112 0.591653 0.0340799 0.0768724 0.00369261
10 0.785444 0.611005 0.0808039 0.103778 0.00332574
10 0.631022 0.707814 0.0762128 0.185056 0.00326556
10 0.341954 0.59888 0.0394783 0.068677 0.00325909
9 0.820476 0.754823 0.0939448 0.147243 0.00325129
4 0.856448 0.676572 0.209839 0.222736 0.00317399
10 0.434974 0.614594 0.0450418 0.125542 0.00305929
0 0.121513 0.619178 0.0504345 0.113908 0.00268842
10 0.893737 0.649596 0.0773708 0.171624 0.00259999
10 0.468515 0.56738 0.0562773 0.100055 0.00240985
0 0.308211 0.677001 0.119576 0.171909 0.00218049
10 0.101279 0.566911 0.071525 0.117019 0.00212798
10 0.479382 0.562591 0.0339899 0.0870908 0.00201832
10 0.678911 0.577546 0.0346321 0.0849759 0.00192309
0 0.0648281 0.655636 0.0956665 0.164936 0.00186873
10 0.116336 0.623956 0.0626273 0.11266 0.00170479
10 0.261118 0.590012 0.0386527 0.0863394 0.00170294
0 0.966873 0.65159 0.0549184 0.0585793 0.001695
10 0.384257 0.671117 0.0829087 0.174599 0.00167619
9 0.888366 0.623641 0.0556458 0.124662 0.00166656
10 0.236085 0.569494 0.0250416 0.0843994 0.0016062
10 0.129954 0.610468 0.042883 0.0838722 0.00158855
10 0.171211 0.587384 0.0457393 0.0707427 0.00155738
4 0.0651128 0.657135 0.0962976 0.168603 0.00154502
4 0.590978 0.699783 0.154863 0.204872 0.00151726
9 0.405849 0.59029 0.0444871 0.119632 0.0013289
9 0.138278 0.621843 0.0529282 0.102064 0.0013117
4 0.308211 0.677001 0.119576 0.171909 0.00129496
10 0.0888785 0.619048 0.0607148 0.135112 0.00127298
9 0.232936 0.636928 0.101234 0.107414 0.00123962
10 0.322639 0.594518 0.0779931 0.0999677 0.00120222
10 0.151478 0.645934 0.0556261 0.144004 0.00120107
10 0.31443 0.565479 0.0646178 0.122188 0.00112032
9 0.328869 0.607944 0.0714607 0.0698389 0.00109798
10 0.796093 0.647686 0.0817366 0.159996 0.00109704
0 0.624798 0.70979 0.0858266 0.187916 0.00109646
10 0.430617 0.619593 0.0457674 0.0866108 0.00109587
10 0.797204 0.610808 0.0626071 0.0838686 0.00108161
9 0.1124 0.603403 0.0388365 0.132398 0.00105487
10 0.373976 0.591752 0.0525823 0.0884927 0.00104135
10 0.212895 0.557735 0.0393931 0.0870777 0.00101914
9 0.129954 0.610468 0.042883 0.0838722 0.00100042
