9 0.511433 0.469624 0.162528 0.189008 0.815718
9 0.318596 0.603107 0.285232 0.494469 0.809768
9 0.628037 0.442435 0.0683604 0.130142 0.805749
6 0.852468 0.489776 0.156673 0.183315 0.565183
6 0.703895 0.476152 0.0832573 0.162679 0.461591
9 0.463612 0.464629 0.0755653 0.13677 0.223332
10 0.408151 0.363286 0.0544714 0.119683 0.0799948
11 0.699257 0.472181 0.0786888 0.153602 0.0732889
9 0.381554 0.537847 0.164694 0.367513 0.0661048
11 0.710332 0.509864 0.0925632 0.108066 0.0372899
6 0.890631 0.497337 0.0773983 0.165815 0.0211351
6 0.743098 0.484852 0.0530506 0.14078 0.0150724
11 0.706892 0.43906 0.0602002 0.0834342 0.0105859
6 0.151053 0.675446 0.163106 0.246098 0.00744346
6 0.710332 0.509864 0.0925632 0.108066 0.00643318
9 0.149508 0.670943 0.158954 0.229655 0.00566184
6 0.72118 0.487327 0.0739176 0.139195 0.00536814
11 0.892116 0.513926 0.0787115 0.109512 0.00534094
9 0.548731 0.476341 0.0838113 0.17515 0.00444024
11 0.851941 0.488721 0.154608 0.180799 0.004057
11 0.945166 0.471187 0.0956684 0.131246 0.00331894
6 0.706344 0.456771 0.0663221 0.116766 0.00306589
10 0.36116 0.452105 0.132003 0.181523 0.00274729
11 0.905083 0.473971 0.127328 0.137423 0.0026871
9 0.59381 0.439468 0.06238 0.0921099 0.00263526
0 0.608083 0.446869 0.0686293 0.110915 0.00263216
6 0.890193 0.509297 0.0803663 0.0963762 0.0026156
9 0.627464 0.420107 0.0606718 0.0910366 0.00204863
5 0.630907 0.444062 0.0643009 0.132485 0.00183836
0 0.702643 0.473631 0.0807033 0.164322 0.00179441
0 0.627705 0.441873 0.0664279 0.12896 0.00178033
0 0.591414 0.444433 0.0627731 0.100547 0.00174721
0 0.293265 0.600973 0.33703 0.500292 0.00172267
11 0.72118 0.487327 0.0739176 0.139195 0.00170631
6 0.73064 0.513316 0.0517949 0.10192 0.00155397
9 0.310601 0.486993 0.224024 0.265054 0.00142152
9 0.446768 0.461399 0.0799801 0.117563 0.00136103
10 0.361182 0.415944 0.112289 0.109232 0.00112834
6 0.152171 0.717129 0.13061 0.152987 0.00101818
6 0.703633 0.433127 0.0613598 0.0896235 0.0010089
