10 0.721393 0.515969 0.167967 0.875979 0.840867
0 0.783573 0.693755 0.213848 0.494762 0.0205437
8 0.791522 0.697847 0.180273 0.413559 0.016651
10 0.777404 0.536577 0.278073 0.801351 0.00989746
9 0.783573 0.693755 0.213848 0.494762 0.00910263
10 0.0425129 0.0536365 0.0381763 0.0979588 0.00377919
1 0.0385968 0.0543998 0.0488655 0.0998768 0.00331629
10 0.783896 0.703784 0.247131 0.48173 0.00325071
1 0.140068 0.0752638 0.0671502 0.130486 0.00225916
1 0.0377603 0 0.0755205 0 0.00220483
1 0.122068 0.0815326 0.0967248 0.13762 0.00210913
1 0.0961851 0.0813772 0.0559269 0.121148 0.0013795
6 0.781307 0.701986 0.21311 0.476867 0.00106343
