11 0.771096 0.775826 0.236547 0.246969 0.846168
11 0.311503 0.823484 0.237981 0.316673 0.840767
10 0.1802 0.791094 0.198776 0.386264 0.795836
10 0.313783 0.589773 0.0920151 0.168013 0.766396
10 0.508479 0.596013 0.083448 0.226336 0.708237
6 0.908017 0.674778 0.0788475 0.191132 0.706162
11 0.404581 0.660979 0.105519 0.130018 0.700708
10 0.412792 0.56534 0.0499645 0.0752289 0.665227
10 0.712278 0.605757 0.0679932 0.131835 0.654623
10 0.125312 0.591127 0.064046 0.132146 0.652603
10 0.644694 0.724063 0.106581 0.387211 0.593349
10 0.857758 0.613648 0.0795246 0.156663 0.504439
10 0.754913 0.603791 0.0589989 0.146255 0.467811
6 0.91445 0.857889 0.147348 0.231771 0.456972
10 0.774172 0.604268 0.0972042 0.152262 0.446878
10 0.198577 0.597648 0.0800557 0.142162 0.441095
6 0.631865 0.780957 0.151053 0.286508 0.425043
10 0.576612 0.598917 0.056424 0.129279 0.391497
10 0.0580902 0.648544 0.094028 0.233985 0.351608
10 0.638274 0.635783 0.0938867 0.21501 0.334734
10 0.0582185 0.707114 0.107389 0.356634 0.224231
10 0.399024 0.528791 0.0348282 0.0759084 0.214134
10 0.569944 0.581755 0.0484121 0.093671 0.195542
6 0.365278 0.87022 0.113844 0.216752 0.191781
6 0.95449 0.694736 0.079645 0.215222 0.177533
6 0.834269 0.775244 0.116831 0.218609 0.172413
6 0.16926 0.852548 0.216022 0.273336 0.167029
10 0.2499 0.601977 0.057562 0.146289 0.164533
7 0.253866 0.71102 0.0403696 0.0996004 0.131617
10 0.558298 0.572646 0.04699 0.0795369 0.114537
2 0.32009 0.700527 0.0360218 0.119253 0.107264
2 0.27945 0.712339 0.0309525 0.0952444 0.10033
10 0.360029 0.56381 0.0368261 0.0821577 0.0963463
10 0.0583179 0.611402 0.0852544 0.154652 0.0811211
10 0.756821 0.579647 0.0496344 0.0976211 0.0794714
10 0.403623 0.548772 0.0374792 0.0918168 0.0791218
11 0.0511198 0.798546 0.080154 0.158733 0.0568875
6 0.910263 0.639533 0.071883 0.122672 0.056343
2 0.385659 0.694532 0.0275935 0.0769493 0.0496325
10 0.187788 0.577581 0.0594163 0.100798 0.0422825
10 0.954647 0.611588 0.0799562 0.334963 0.0419276
7 0.278154 0.712602 0.0329801 0.0974869 0.0399117
10 0.654532 0.593218 0.0380974 0.119509 0.0394682
10 0.258269 0.813648 0.344944 0.339309 0.035731
10 0.556638 0.558359 0.0381207 0.0726352 0.0353083
10 0.820824 0.662956 0.140164 0.338687 0.0341433
2 0.284347 0.69763 0.0293892 0.0871473 0.0338954
11 0.193568 0.600385 0.0720772 0.147841 0.0319536
2 0.340863 0.695026 0.0474377 0.108316 0.0316652
2 0.254478 0.706458 0.039859 0.0996442 0.0309834
7 0.245233 0.718172 0.0375548 0.100215 0.0305192
10 0.942176 0.695964 0.0930027 0.261518 0.0257888
6 0.976168 0.715599 0.0404003 0.199414 0.023497
6 0.637636 0.780933 0.100034 0.236082 0.0232236
11 0.411858 0.566382 0.0502245 0.0755709 0.0225149
10 0.240778 0.59009 0.0719246 0.0962451 0.0190859
6 0.356539 0.863652 0.0917564 0.161231 0.0190603
10 0.496502 0.549866 0.0729286 0.144778 0.0190566
10 0.390325 0.547831 0.0515776 0.093289 0.0186373
6 0.726284 0.73757 0.0758065 0.252367 0.0169626
7 0.255704 0.692026 0.0346692 0.0831185 0.0168196
10 0.421998 0.555629 0.0506569 0.0830297 0.0151386
7 0.304534 0.63085 0.037007 0.0805102 0.0147598
2 0.327996 0.692008 0.0306556 0.116088 0.0144228
6 0.857867 0.792479 0.0813744 0.187251 0.0134601
6 0.514927 0.64812 0.0692198 0.126158 0.0133253
10 0.580632 0.676237 0.0580078 0.281261 0.0130336
10 0.104515 0.567987 0.0714733 0.0948798 0.0129312
10 0.796631 0.623894 0.0712817 0.132414 0.0124917
2 0.379749 0.702996 0.0380808 0.0865985 0.0120858
11 0.126186 0.590209 0.0663267 0.131392 0.0115416
10 0.549074 0.566961 0.0384837 0.0721458 0.0106444
11 0.754696 0.604851 0.0573728 0.14933 0.0100889
10 0.649188 0.602386 0.0645017 0.140176 0.00967435
10 0.216555 0.738394 0.201326 0.48818 0.00953402
2 0.347884 0.70538 0.04007 0.0915199 0.00949744
11 0.912098 0.637052 0.0635868 0.120605 0.00929611
2 0.404776 0.609264 0.0580261 0.0411022 0.00914734
6 0.807931 0.752175 0.107108 0.241947 0.00887949
7 0.91661 0.598807 0.0501747 0.0456856 0.00887776
10 0.436827 0.523419 0.0364828 0.0964494 0.00871705
10 0.0502791 0.583476 0.0757451 0.107357 0.00860302
6 0.814474 0.801055 0.0819035 0.172892 0.00852049
10 0.821868 0.624888 0.0644257 0.12927 0.00840245
10 0.404678 0.526054 0.0466288 0.1089 0.00822969
11 0.0390191 0.765964 0.0665837 0.222113 0.00812751
6 0.0505712 0.705906 0.0899521 0.352603 0.00799801
6 0.0668013 0.802916 0.0744405 0.162251 0.0077347
6 0.862929 0.722396 0.0625223 0.108744 0.00766294
6 0.933634 0.682151 0.115426 0.21076 0.00763225
10 0.974698 0.552727 0.0443592 0.10656 0.00722028
10 0.308195 0.558785 0.0725662 0.106565 0.00721147
10 0.541676 0.556569 0.0339191 0.0670047 0.00719348
11 0.714006 0.606107 0.0732273 0.134146 0.00687012
10 0.0735481 0.720678 0.0687249 0.154785 0.00668224
6 0.623269 0.828977 0.110122 0.15724 0.00652935
10 0.484422 0.578177 0.048513 0.100886 0.00650991
6 0.365419 0.801726 0.113954 0.271355 0.00645122
2 0.306242 0.630843 0.0358018 0.0806801 0.00644934
6 0.963285 0.64888 0.0693064 0.121936 0.0063646
6 0.945724 0.660796 0.0905991 0.150553 0.00609946
11 0.0572429 0.715308 0.0967107 0.336819 0.00608718
10 0.182295 0.60214 0.0556279 0.110709 0.0058909
10 0.664822 0.598622 0.0406936 0.118334 0.00578803
11 0.975407 0.695019 0.0428141 0.188583 0.00575576
10 0.685527 0.725235 0.143258 0.366306 0.00566287
6 0.598316 0.759979 0.0877668 0.269298 0.00563006
6 0.765835 0.728176 0.137767 0.240606 0.00546952
10 0.284427 0.558115 0.0408527 0.0779912 0.00546449
10 0.3732 0.557959 0.0498302 0.0861473 0.00523829
10 0.487963 0.520967 0.0502995 0.101908 0.00523703
7 0.369572 0.726685 0.0375079 0.0580322 0.00496227
11 0.912632 0.678291 0.083217 0.201644 0.00479413
10 0.253708 0.571953 0.0497782 0.0859754 0.00479395
10 0.441256 0.568335 0.0226413 0.0697042 0.00472053
7 0.23896 0.703974 0.0297258 0.0841377 0.00462753
6 0.679465 0.783181 0.201488 0.299913 0.00461707
11 0.248469 0.605248 0.0585108 0.14046 0.00457271
10 0.199211 0.560156 0.0649042 0.0862864 0.00436824
10 0.200858 0.639256 0.0940556 0.165488 0.00418169
6 0.1463 0.873225 0.114352 0.192137 0.00405374
10 0.770988 0.777411 0.236868 0.25071 0.00404263
10 0.270088 0.563171 0.0378022 0.0741456 0.00395763
6 0.731877 0.801253 0.0632294 0.153064 0.00384474
11 0.0606364 0.615727 0.0839258 0.165526 0.00382496
2 0.245233 0.718172 0.0375548 0.100215 0.00357571
2 0.367887 0.711509 0.0461896 0.0800115 0.0035163
6 0.136101 0.900699 0.249783 0.184352 0.00345151
10 0.762227 0.562492 0.0424542 0.0785591 0.00342546
10 0.796839 0.577103 0.0595989 0.100928 0.00328387
10 0.188134 0.734138 0.148616 0.302513 0.00319309
10 0.216485 0.617132 0.109923 0.182861 0.00316535
7 0.698945 0.66308 0.027755 0.0624578 0.00316355
11 0.0673903 0.797891 0.0758797 0.180494 0.00315135
11 0.0350465 0.735596 0.06171 0.122918 0.00313768
2 0.308634 0.663278 0.0416848 0.143989 0.00312732
11 0.403035 0.607078 0.0395283 0.0402898 0.00306087
10 0.3158 0.543068 0.0555213 0.0752923 0.00303937
2 0.369572 0.726685 0.0375079 0.0580322 0.00300913
2 0.292226 0.675979 0.0352824 0.111997 0.0029341
11 0.964774 0.680711 0.0678208 0.190938 0.00287092
10 0.478202 0.616631 0.0551566 0.199281 0.00283421
2 0.23879 0.698747 0.0269788 0.0778711 0.00280979
10 0.583034 0.635506 0.0639538 0.162671 0.00271507
6 0.980984 0.688376 0.0313851 0.171277 0.00270349
2 0.360244 0.701241 0.0591952 0.0945417 0.00264256
10 0.217888 0.574413 0.0443267 0.0685552 0.00264082
10 0.176834 0.565532 0.0546027 0.082096 0.00263806
6 0.0340726 0.726659 0.0601458 0.136332 0.00260145
6 0.578613 0.711752 0.0509184 0.180066 0.0025917
6 0.904961 0.817072 0.101525 0.169855 0.0025903
10 0.457683 0.617777 0.0473411 0.218005 0.00256674
10 0.727639 0.567454 0.077355 0.0810445 0.00250193
7 0.317493 0.721139 0.0360287 0.0983485 0.0024775
11 0.981992 0.673095 0.0292809 0.164198 0.0024426
10 0.564024 0.540782 0.0430652 0.0888044 0.00242958
10 0.784144 0.542361 0.075227 0.1165 0.00240388
6 0.71403 0.60518 0.0721922 0.136921 0.0024011
7 0.234787 0.733011 0.0488966 0.0896571 0.00234909
2 0.316605 0.733628 0.0361793 0.0753539 0.00234347
11 0.0708255 0.709546 0.0737759 0.134156 0.00228681
6 0.972798 0.673595 0.0479889 0.172512 0.00226724
10 0.210252 0.674235 0.101259 0.156877 0.00226644
10 0.528177 0.543053 0.0359736 0.0868958 0.00226153
11 0.781032 0.608874 0.0928218 0.163969 0.00219722
6 0.0735481 0.720678 0.0687249 0.154785 0.00219165
10 0.983018 0.561058 0.0279796 0.142307 0.00218645
2 0.754246 0.664265 0.0448389 0.0521492 0.0021838
7 0.387536 0.69408 0.0298602 0.0774405 0.00217196
7 0.34713 0.722915 0.0364208 0.0822881 0.00215696
11 0.755683 0.57902 0.0519868 0.0963493 0.00212108
6 0.716759 0.776484 0.0782324 0.241387 0.0021053
11 0.572124 0.584451 0.0511887 0.100001 0.00206952
10 0.0859797 0.560633 0.0606791 0.0802241 0.0020346
10 0.47642 0.591981 0.0486622 0.132495 0.00201497
6 0.871997 0.719914 0.133667 0.264127 0.00200984
6 0.577433 0.655146 0.0571079 0.24971 0.00199634
11 0.313513 0.590683 0.0901415 0.169083 0.00198607
10 0.889632 0.633871 0.191192 0.269759 0.00190643
2 0.726228 0.67116 0.0420662 0.0461619 0.00190401
6 0.612286 0.798992 0.106279 0.189997 0.00189537
10 0.0327627 0.569366 0.059993 0.120979 0.00188973
6 0.869147 0.690468 0.0566807 0.139406 0.00187261
2 0.709541 0.66822 0.0294021 0.0537046 0.00186323
10 0.739543 0.69731 0.200161 0.422234 0.00186275
10 0.965979 0.677098 0.0595928 0.241742 0.00185128
6 0.432187 0.665092 0.0554491 0.143553 0.00183661
10 0.552248 0.591458 0.0535709 0.116934 0.001814
10 0.31435 0.767951 0.190464 0.452079 0.00181175
11 0.946304 0.64611 0.0845246 0.126447 0.00180552
6 0.403765 0.853801 0.188599 0.25305 0.00178276
10 0.693866 0.601143 0.0501875 0.124121 0.00175389
6 0.502545 0.637407 0.0752252 0.168193 0.00171834
6 0.770358 0.622166 0.0914684 0.130885 0.00168378
10 0.537534 0.544681 0.0424556 0.0819087 0.00168352
6 0.680287 0.779782 0.125898 0.281571 0.00166786
11 0.85858 0.616761 0.0822077 0.148395 0.00155063
10 0.0273399 0.587704 0.0435603 0.103969 0.00153912
2 0.056612 0.207991 0.104759 0.395098 0.0015377
10 0.216524 0.554496 0.0623592 0.0913579 0.00153189
6 0.740893 0.762604 0.0841237 0.225927 0.00147713
11 0.715757 0.717699 0.102049 0.126999 0.00147335
10 0.0579147 0.565267 0.0611317 0.0857101 0.00144051
10 0.63767 0.781484 0.0990995 0.235345 0.00142193
7 0.218515 0.581772 0.0276494 0.0514145 0.00140637
6 0.0345988 0.76663 0.063663 0.202447 0.00139507
11 0.786954 0.749293 0.150169 0.195451 0.00139281
2 0.354157 0.716594 0.0454241 0.0860509 0.00137731
10 0.143174 0.727841 0.239126 0.464388 0.00137365
10 0.380586 0.572878 0.0343509 0.0816124 0.00137042
10 0.219133 0.615623 0.0571536 0.124122 0.00135896
10 0.578825 0.745784 0.0572331 0.242583 0.00135759
11 0.718334 0.678397 0.0908577 0.0512269 0.00135043
10 0.64014 0.555954 0.0403227 0.0847168 0.00131425
2 0.395083 0.596303 0.0313118 0.0490911 0.00131286
10 0.909309 0.645597 0.07272 0.131984 0.00128062
10 0.707612 0.552971 0.054476 0.101569 0.00127402
2 0.249758 0.686545 0.0353163 0.0741046 0.00126966
2 0.705571 0.633642 0.0399891 0.0973748 0.00126163
10 0.634715 0.521187 0.0352628 0.058564 0.00126099
10 0.977174 0.584629 0.0383745 0.113833 0.00124902
10 0.218875 0.581841 0.0307901 0.0551277 0.00123456
2 0.698945 0.66308 0.027755 0.0624578 0.00121426
2 0.285444 0.719906 0.0293059 0.0922512 0.00120089
6 0.0586481 0.62855 0.0923966 0.195077 0.00119531
11 0.215612 0.604207 0.111482 0.154638 0.00115697
11 0.773175 0.664459 0.0823068 0.0780278 0.00115083
10 0.221675 0.595206 0.0426637 0.0927854 0.00114777
11 0.0493489 0.747513 0.0695837 0.116048 0.0011429
11 0.638399 0.803141 0.144546 0.254978 0.00113554
10 0.0691474 0.59058 0.0750346 0.118764 0.00112587
10 0.96386 0.530526 0.0643515 0.132326 0.00112471
7 0.348312 0.703438 0.0386056 0.0871089 0.00111983
2 0.218515 0.581772 0.0276494 0.0514145 0.00111696
7 0.91473 0.616473 0.0568983 0.0820552 0.00111284
11 0.657513 0.739979 0.129691 0.344756 0.00110386
10 0.443637 0.553136 0.0377688 0.150767 0.00109021
11 0.973745 0.642829 0.0458115 0.112573 0.00108445
10 0.951455 0.490644 0.087719 0.145051 0.00107266
10 0.632789 0.53534 0.0414244 0.0878535 0.00107032
6 0.445604 0.630069 0.0637924 0.196761 0.00106363
10 0.19376 0.578551 0.208085 0.842899 0.00103852
10 0.770571 0.550403 0.0551315 0.0993027 0.00102908
11 0.240778 0.59009 0.0719246 0.0962451 0.00101854
6 0.954647 0.611588 0.0799562 0.334963 0.00101382
