11 0.148934 0.818892 0.290578 0.319146 0.726269
0 0.830338 0.57323 0.134602 0.175373 0.279339
10 0.621053 0.501156 0.668888 0.938432 0.108874
11 0.190661 0.648072 0.152375 0.107652 0.0686486
8 0.543482 0.454821 0.508924 0.841631 0.042735
11 0.917157 0.618018 0.100776 0.159226 0.0340051
6 0.830119 0.57514 0.133689 0.175115 0.0257639
6 0.89232 0.612605 0.120529 0.159455 0.0216768
11 0.558009 0.932117 0.69308 0.118414 0.0161461
6 0.914627 0.621952 0.0770114 0.146595 0.0156844
6 0.826799 0.541314 0.0959872 0.116934 0.0144001
10 0.516095 0.437183 0.427569 0.819912 0.0135901
6 0.0475217 0.822775 0.0856214 0.286083 0.0114201
0 0.854575 0.607584 0.226297 0.174998 0.0105962
0 0.898795 0.619853 0.146778 0.149809 0.0102977
10 0.757719 0.60923 0.432917 0.754432 0.0102105
6 0.619858 0.51199 0.676064 0.943075 0.00954704
7 0.0374949 0.508559 0.0422762 0.136529 0.00950103
11 0.14656 0.650255 0.249079 0.117469 0.00945582
7 0.0644924 0.481957 0.118887 0.185836 0.00841074
10 0.0594397 0.492685 0.036985 0.132545 0.00826307
6 0.854575 0.607584 0.226297 0.174998 0.00744684
11 0.819944 0.703812 0.252184 0.134577 0.00688793
10 0.530151 0.231772 0.343487 0.418039 0.00672411
9 0.840178 0.559928 0.116684 0.125415 0.00658564
11 0.89232 0.612605 0.120529 0.159455 0.00551837
6 0.959662 0.532828 0.0721413 0.126306 0.0053672
11 0.111501 0.729284 0.172626 0.118478 0.00497172
11 0.819363 0.625574 0.274395 0.167169 0.00482685
0 0.840971 0.561304 0.111122 0.117411 0.00475785
2 0.0385835 0.509507 0.0436418 0.133935 0.0047201
10 0.761336 0.822026 0.434474 0.330364 0.00459591
7 0.0383658 0.537545 0.0396384 0.0772555 0.00425714
6 0.757719 0.60923 0.432917 0.754432 0.00356516
2 0.39784 0.364489 0.032796 0.0821433 0.00345518
6 0.761467 0.834366 0.435131 0.313235 0.00296681
8 0.508744 0.561881 0.43245 0.568976 0.0028561
0 0.74725 0.532829 0.108464 0.253827 0.00270724
6 0.143468 0.745247 0.275449 0.443649 0.00226054
6 0.935351 0.621211 0.104767 0.154998 0.00221116
0 0.93143 0.619988 0.10505 0.155836 0.00218045
10 0.960723 0.532193 0.0648666 0.12786 0.0021752
6 0.155714 0.617101 0.294459 0.705515 0.00209325
6 0.807059 0.715019 0.279613 0.145072 0.00206335
11 0.101546 0.792102 0.191388 0.370449 0.00201848
6 0.0277594 0.80392 0.0488475 0.333995 0.00188043
6 0.0953514 0.777909 0.182966 0.356455 0.00184086
8 0.646806 0.596806 0.149759 0.400057 0.00179851
6 0.194982 0.652274 0.141092 0.115823 0.00176279
4 0.780858 0.707174 0.347642 0.149692 0.00166061
10 0.0447727 0.507074 0.0557798 0.138542 0.00164669
8 0.761336 0.822026 0.434474 0.330364 0.00163054
10 0.148266 0.820484 0.28902 0.319681 0.00150897
10 0.0759741 0.497624 0.0751687 0.155249 0.00150003
11 0.177848 0.630121 0.181348 0.071131 0.00147538
8 0.536118 0.23343 0.358757 0.421252 0.00139391
6 0.521761 0.447697 0.459101 0.845134 0.0013712
6 0.890751 0.543486 0.107964 0.107442 0.00132387
6 0.825705 0.741765 0.316422 0.25123 0.00123152
6 0.240909 0.851122 0.179637 0.27198 0.00120757
11 0.0888539 0.657058 0.170805 0.174565 0.00120569
11 0.384571 0.928709 0.672802 0.12286 0.00120424
6 0.0508382 0.883945 0.0906083 0.225586 0.0011996
2 0.0383658 0.537545 0.0396384 0.0772555 0.00119352
11 0.944881 0.652718 0.090547 0.104572 0.00116188
5 0.536118 0.23343 0.358757 0.421252 0.0011602
11 0.477277 0.917418 0.450333 0.154724 0.0010657
8 0.65051 0.52496 0.632729 0.919023 0.00103044
