3 0.48658 0.524712 0.312986 0.499404 0.900447
10 0.860466 0.617763 0.0520253 0.308588 0.770352
10 0.76861 0.600175 0.0512429 0.255002 0.761998
10 0.14503 0.65721 0.0743413 0.373927 0.745929
10 0.693304 0.575079 0.0440009 0.171309 0.732856
10 0.0762836 0.66269 0.0747284 0.397679 0.332779
10 0.183809 0.617609 0.0572289 0.285106 0.286356
10 0.639637 0.543514 0.0381344 0.167777 0.17542
10 0.221458 0.584906 0.0679469 0.209152 0.146304
10 0.979507 0.647423 0.0377912 0.338633 0.0655678
10 0.201389 0.620379 0.0826287 0.287941 0.0460508
10 0.228655 0.529781 0.0499499 0.0970337 0.0342539
10 0.207773 0.604834 0.0494223 0.25178 0.0272415
10 0.211747 0.565374 0.0510034 0.169982 0.0264757
10 0.983845 0.63947 0.0275558 0.260958 0.0253991
10 0.231085 0.553912 0.0563087 0.142715 0.0207723
10 0.227983 0.51259 0.0318187 0.0605181 0.0187598
4 0.272108 0.526325 0.0484648 0.0797714 0.0182624
10 0.0889936 0.706983 0.140314 0.487086 0.0146274
10 0.219075 0.519624 0.0533632 0.0779197 0.00916418
10 0.0738998 0.572165 0.06833 0.180045 0.00740491
10 0.646842 0.521306 0.0506674 0.219943 0.00738959
10 0.170885 0.629201 0.0544646 0.309055 0.00597592
10 0.742983 0.552773 0.0433919 0.235405 0.00548755
10 0.66308 0.510686 0.0561956 0.165953 0.0047909
10 0.707901 0.542814 0.0406472 0.250505 0.00460636
10 0.210101 0.529442 0.0464363 0.0988836 0.00395002
10 0.0510908 0.657315 0.0898774 0.410076 0.0039481
10 0.766543 0.426368 0.0407071 0.152813 0.00386186
4 0.257573 0.526284 0.0792727 0.0827446 0.00369376
4 0.331766 0.507986 0.0299378 0.0666769 0.00308932
10 0.549867 0.450165 0.0630603 0.114116 0.00290797
10 0.204095 0.548555 0.0456163 0.138542 0.0027556
10 0.536449 0.441185 0.0751756 0.135316 0.00275309
10 0.204539 0.514511 0.0329687 0.070257 0.00264102
6 0.0570196 0.716982 0.100954 0.239588 0.00235696
4 0.320293 0.509711 0.043773 0.0678664 0.0020255
4 0.307254 0.513187 0.0680809 0.0735512 0.00190164
10 0.845674 0.510938 0.0365025 0.0891199 0.0018522
10 0.273322 0.525041 0.0473807 0.0809573 0.00165114
10 0.673624 0.518185 0.047186 0.119199 0.00157222
10 0.72793 0.544861 0.0623511 0.236442 0.00152704
8 0.863763 0.621701 0.0584037 0.30478 0.00150457
10 0.229508 0.553453 0.08931 0.157725 0.00148848
10 0.33835 0.479768 0.0379834 0.12108 0.00142914
3 0.339147 0.487268 0.034986 0.1297 0.00141265
6 0.0701602 0.663377 0.0964888 0.378874 0.00138078
10 0.987692 0.65528 0.0190307 0.326789 0.00127998
10 0.745212 0.497356 0.0278102 0.0997025 0.00121632
0 0.771212 0.628306 0.0547187 0.201893 0.0011591
10 0.744927 0.530219 0.0305518 0.172178 0.00114103
