10 0.581818 0.645801 0.0425953 0.158185 0.724857
10 0.476039 0.656283 0.0415847 0.147957 0.626199
10 0.597674 0.902572 0.0825077 0.174516 0.42795
10 0.545704 0.646434 0.0494887 0.161026 0.358412
10 0.51272 0.655294 0.0407978 0.151005 0.33319
10 0.508763 0.888243 0.0777038 0.178289 0.322357
10 0.503803 0.947606 0.0728815 0.0958468 0.25317
10 0.0669712 0.873914 0.12338 0.235615 0.246371
10 0.645114 0.896403 0.180487 0.182854 0.16492
10 0.497704 0.65208 0.0686052 0.156589 0.142192
10 0.308648 0.732306 0.0487246 0.127046 0.138957
10 0.492622 0.655885 0.0388442 0.150614 0.123766
10 0.595093 0.93325 0.0768843 0.11232 0.0932568
10 0.502562 0.647301 0.112192 0.162607 0.0888198
10 0.525227 0.644562 0.0667785 0.163525 0.0745376
10 0.0615032 0.833978 0.103055 0.160974 0.0338854
10 0.73738 0.94083 0.0902096 0.101308 0.0304743
10 0.540763 0.59871 0.0323898 0.065538 0.0287617
10 0.567666 0.903774 0.207292 0.172785 0.021475
10 0.605351 0.91657 0.313601 0.154414 0.0193315
10 0.50964 0.848414 0.0704905 0.0988438 0.010147
10 0.434079 0.660894 0.0596724 0.154907 0.00899679
10 0.525385 0.661139 0.035828 0.135426 0.00883231
6 0.648594 0.891119 0.166805 0.186323 0.00852082
2 0.580719 0.646288 0.0452144 0.157142 0.00846198
7 0.497763 0.94342 0.0591326 0.0890172 0.0083145
10 0.626097 0.644493 0.0596784 0.163246 0.00816008
10 0.613767 0.573824 0.038276 0.0847695 0.00599804
10 0.13573 0.873537 0.260286 0.230278 0.00583444
7 0.734218 0.938532 0.0857822 0.10222 0.00478797
10 0.605396 0.878395 0.0661783 0.125172 0.00445424
11 0.737151 0.940349 0.094389 0.102347 0.00347183
10 0.580958 0.950931 0.316082 0.0893267 0.00269163
6 0.0665537 0.871473 0.121217 0.23336 0.00222623
5 0.606428 0.868425 0.0609319 0.103428 0.00200531
10 0.625501 0.572097 0.0520418 0.0812306 0.00183654
10 0.688973 0.883554 0.240623 0.2037 0.00182327
10 0.624124 0.600035 0.0511533 0.130887 0.00179759
6 0.656741 0.930941 0.123919 0.121393 0.00167614
6 0.0686798 0.936274 0.13049 0.121109 0.00158556
11 0.066024 0.870048 0.121358 0.232493 0.00158425
11 0.655468 0.941922 0.124839 0.10074 0.00144614
8 0.606428 0.868425 0.0609319 0.103428 0.0011328
11 0.502792 0.946451 0.0702806 0.0945644 0.00112084
11 0.594807 0.942172 0.0810751 0.0980342 0.00110474
11 0.580958 0.950931 0.316082 0.0893267 0.00104881
6 0.0615032 0.833978 0.103055 0.160974 0.00104497
6 0.606346 0.885237 0.0610032 0.13574 0.00101065
