2 0.215644 0.460203 0.396503 0.855954 0.878134
7 0.661124 0.584469 0.497443 0.622664 0.876727
11 0.493175 0.85252 0.963051 0.285939 0.0291835
2 0.879793 0.316691 0.230519 0.61294 0.0132011
2 0.660096 0.583676 0.503444 0.621864 0.00993688
11 0.492744 0.744112 0.946108 0.498353 0.00195478
2 0.457128 0.253178 0.085327 0.0359764 0.00155099
10 0.217395 0.412171 0.0497361 0.0505855 0.00140642
10 0.510324 0.293725 0.979352 0.587451 0.0011979
2 0.567008 0.247117 0.148772 0.0411214 0.00109779
11 0.485485 0.908618 0.943893 0.172114 0.00107665
