10 0.25113 0.594664 0.248107 0.754487 0.916934
9 0.503701 0.533107 0.0625139 0.149153 0.762744
10 0.503208 0.472872 0.0621151 0.179188 0.681062
10 0.807771 0.554546 0.078899 0.316643 0.603955
10 0.364149 0.443464 0.0280487 0.11645 0.594982
10 0.659459 0.544073 0.105218 0.356398 0.546909
9 0.681495 0.609134 0.110957 0.27537 0.466648
9 0.399996 0.476218 0.0273229 0.0670435 0.419532
0 0.0484562 0.598244 0.088717 0.236368 0.379543
9 0.6262 0.560855 0.0547835 0.159652 0.213806
10 0.392912 0.435634 0.0433406 0.10346 0.0612808
10 0.396722 0.452492 0.0332485 0.101937 0.0604924
0 0.681435 0.612652 0.111121 0.269693 0.0478282
10 0.424187 0.433177 0.0453614 0.0941615 0.0356612
10 0.57581 0.462825 0.0532008 0.148333 0.0342493
10 0.654392 0.4621 0.10796 0.187856 0.0330537
0 0.364071 0.45771 0.0251742 0.0888626 0.0326173
10 0.371444 0.437539 0.0392738 0.116067 0.0319939
10 0.590474 0.464977 0.0286922 0.131964 0.0245592
10 0.456184 0.459762 0.0400603 0.131639 0.0217443
9 0.409377 0.465891 0.0438309 0.072361 0.0192545
8 0.681435 0.612652 0.111121 0.269693 0.0153896
0 0.0878759 0.594778 0.167728 0.232644 0.0146203
9 0.0485309 0.595975 0.0884454 0.24075 0.0138013
0 0.400224 0.474816 0.0272147 0.0674798 0.0134666
9 0.396722 0.452492 0.0332485 0.101937 0.0131139
0 0.378663 0.471682 0.0496669 0.06998 0.0117872
9 0.378663 0.471682 0.0496669 0.06998 0.010028
10 0.689301 0.434999 0.0352886 0.0942899 0.00774811
10 0.342256 0.439646 0.0250507 0.092701 0.00767934
10 0.824507 0.547155 0.0475997 0.278312 0.00689898
10 0.82491 0.487057 0.0443898 0.161406 0.00639817
9 0.652463 0.608653 0.103275 0.263791 0.0062063
10 0.479079 0.445477 0.0717398 0.122435 0.00598362
10 0.584111 0.452852 0.0333797 0.110583 0.00590601
10 0.597882 0.459467 0.0291027 0.103982 0.00576475
9 0.363777 0.459087 0.0252513 0.0889623 0.00562464
10 0.439807 0.441921 0.0309704 0.0980497 0.00552026
9 0.563343 0.488491 0.0445434 0.117263 0.00544141
9 0.369701 0.465875 0.0357973 0.0804711 0.0052251
10 0.666569 0.499569 0.0810769 0.235949 0.00456981
9 0.50447 0.473427 0.0637727 0.15987 0.00445819
10 0.667842 0.45807 0.0750659 0.147465 0.00433185
10 0.348153 0.446561 0.0416529 0.116113 0.00407962
10 0.559628 0.483903 0.0537725 0.120053 0.00386497
10 0.678472 0.583509 0.111982 0.324707 0.00381887
4 0.494194 0.491757 0.0966283 0.184084 0.00373536
9 0.513433 0.511274 0.0464382 0.109281 0.00371902
10 0.398718 0.43313 0.0746319 0.109618 0.00359194
4 0.395843 0.435697 0.0595541 0.110256 0.00357147
9 0.46331 0.486046 0.0472286 0.107557 0.00305964
10 0.552421 0.419342 0.0506318 0.0685333 0.00299919
9 0.426889 0.457509 0.0379773 0.0814897 0.00283226
10 0.604691 0.465332 0.0292287 0.115198 0.00278993
10 0.514918 0.501656 0.0405754 0.0986729 0.00271643
0 0.369701 0.465875 0.0357973 0.0804711 0.00267929
9 0.487233 0.463675 0.0936747 0.152921 0.00246743
9 0.641854 0.564892 0.0817905 0.239062 0.00229422
9 0.434481 0.471282 0.0335578 0.0927951 0.00217224
4 0.56166 0.487324 0.0508415 0.119789 0.00197645
10 0.399299 0.474698 0.0272662 0.0700597 0.00190237
0 0.409377 0.465891 0.0438309 0.072361 0.00186183
10 0.447742 0.456119 0.032842 0.111747 0.00178195
10 0.486985 0.460857 0.102398 0.15722 0.00167008
10 0.643367 0.494333 0.0731811 0.222112 0.00162292
10 0.339502 0.572472 0.0688427 0.378136 0.00144472
10 0.623238 0.494575 0.0442397 0.198725 0.00142707
10 0.597919 0.43642 0.0308501 0.0757506 0.00138806
0 0.348153 0.446561 0.0416529 0.116113 0.00123373
10 0.63013 0.525506 0.0518512 0.259432 0.00115727
9 0.395843 0.435697 0.0595541 0.110256 0.00115582
10 0.369701 0.465875 0.0357973 0.0804711 0.0010279
0 0.628115 0.56634 0.0573494 0.172716 0.00102249
