6 0.565899 0.822662 0.287424 0.327398 0.868894
6 0.705651 0.63855 0.0903397 0.0908951 0.80806
10 0.480408 0.554591 0.0427732 0.134814 0.699205
10 0.780012 0.542313 0.0341484 0.102487 0.580732
10 0.742501 0.538637 0.0349421 0.0960463 0.572548
6 0.373097 0.766497 0.13055 0.266426 0.516255
11 0.74305 0.770282 0.284887 0.248557 0.39164
6 0.896136 0.824859 0.197452 0.314848 0.380053
10 0.313335 0.562734 0.0328644 0.0509714 0.288138
11 0.790312 0.62813 0.145299 0.0489934 0.210606
6 0.949219 0.633437 0.0743525 0.0928733 0.199407
10 0.268168 0.595399 0.0562946 0.102645 0.166557
7 0.914967 0.627897 0.0466051 0.112153 0.135043
10 0.443322 0.541051 0.0332544 0.102569 0.111621
11 0.859545 0.697853 0.280909 0.112513 0.102524
11 0.81986 0.769334 0.338232 0.245289 0.0960266
10 0.369425 0.559699 0.0381738 0.0755737 0.0929229
6 0.572097 0.727294 0.266604 0.201277 0.0905887
10 0.443591 0.519698 0.0328529 0.0606138 0.0902481
11 0.4654 0.709386 0.293556 0.20178 0.0619991
6 0.909982 0.61635 0.0769814 0.120504 0.0605134
11 0.913125 0.609143 0.0782436 0.112597 0.0531257
11 0.741598 0.712693 0.264787 0.138661 0.049622
6 0.302933 0.645991 0.0710851 0.106389 0.0475213
11 0.919506 0.584481 0.084564 0.0737293 0.044794
11 0.342467 0.615704 0.135295 0.0853246 0.0369276
6 0.170304 0.65566 0.126482 0.129878 0.0331405
6 0.335738 0.742083 0.143681 0.291276 0.0320611
7 0.21794 0.957945 0.0984999 0.0807429 0.0320233
11 0.502586 0.75315 0.383689 0.262559 0.0268125
11 0.857178 0.669946 0.282668 0.0687589 0.025964
11 0.808857 0.636942 0.182481 0.0514956 0.0249191
6 0.308863 0.679565 0.0923437 0.13437 0.0235435
6 0.331781 0.676904 0.134549 0.173853 0.0178213
6 0.300518 0.736513 0.147698 0.287493 0.0168344
6 0.140773 0.632025 0.105704 0.106133 0.0167065
11 0.713805 0.711285 0.172915 0.126259 0.016402
6 0.741849 0.733423 0.10948 0.251503 0.0151697
10 0.941389 0.526992 0.0645989 0.0539674 0.0146318
0 0.144787 0.643448 0.131354 0.135019 0.0145557
10 0.809226 0.54102 0.025613 0.0661872 0.0141897
11 0.794279 0.615648 0.146335 0.087884 0.0141037
6 0.895132 0.613061 0.051334 0.110607 0.0138453
10 0.173524 0.558479 0.041806 0.058771 0.0134748
2 0.756171 0.650961 0.0230254 0.0404503 0.0134252
11 0.376366 0.73299 0.167945 0.252516 0.0132911
11 0.792326 0.662651 0.118269 0.0579941 0.0129841
11 0.92571 0.571721 0.0718952 0.0628573 0.01283
11 0.482699 0.668095 0.35736 0.133656 0.012402
11 0.173458 0.639105 0.113518 0.0810635 0.0123385
6 0.323397 0.716686 0.111226 0.206106 0.0122526
9 0.112753 0.635042 0.0726576 0.108686 0.0120418
6 0.197623 0.668143 0.0729265 0.102945 0.0116623
0 0.910682 0.613325 0.0839886 0.122316 0.0114711
6 0.296737 0.674638 0.119297 0.175103 0.0114433
6 0.815386 0.83953 0.261132 0.287673 0.0113378
6 0.727092 0.630179 0.04437 0.0786366 0.0112936
6 0.173231 0.702431 0.127439 0.211605 0.0108601
11 0.397336 0.713317 0.152019 0.18588 0.0106594
10 0.136771 0.568166 0.0281687 0.0823584 0.0102531
6 0.917204 0.628287 0.0509781 0.105621 0.00991805
7 0.837835 0.626533 0.036458 0.078655 0.00968705
6 0.268339 0.614467 0.0574892 0.109403 0.00948482
6 0.111611 0.634882 0.0744242 0.102347 0.0092761
10 0.953242 0.526181 0.0384296 0.0508926 0.00918184
11 0.386395 0.669198 0.132392 0.0956599 0.00902766
11 0.785875 0.703407 0.179675 0.119787 0.00882148
11 0.931424 0.594406 0.0620798 0.0734739 0.00858604
7 0.829164 0.613043 0.0337708 0.0648736 0.00848961
11 0.421154 0.741633 0.206249 0.242883 0.00846946
10 0.299642 0.563704 0.0506966 0.0514127 0.00805486
10 0.604298 0.527963 0.0286074 0.0584682 0.00784482
10 0.270001 0.573782 0.0517234 0.060586 0.0078101
11 0.148608 0.648022 0.141601 0.144135 0.0077331
6 0.809568 0.545712 0.0313202 0.0628019 0.00742684
6 0.282251 0.622939 0.0664284 0.103264 0.0072872
11 0.812513 0.968402 0.173753 0.0631966 0.00653591
2 0.829547 0.618968 0.0378887 0.0754555 0.0063286
11 0.78841 0.676811 0.132886 0.0724021 0.00615373
7 0.75281 0.657354 0.0270265 0.0513809 0.00590597
11 0.780012 0.542313 0.0341484 0.102487 0.0057077
11 0.138406 0.632149 0.114032 0.106668 0.00543193
0 0.112753 0.635042 0.0726576 0.108686 0.00533832
2 0.914967 0.627897 0.0466051 0.112153 0.00520012
6 0.758921 0.784623 0.105135 0.162038 0.00508322
6 0.651822 0.757637 0.105249 0.167482 0.00491468
7 0.756171 0.650961 0.0230254 0.0404503 0.00486633
11 0.56656 0.824786 0.284338 0.330256 0.00486491
2 0.801451 0.631132 0.0769419 0.0605029 0.00485601
10 0.589643 0.52778 0.0425408 0.0548481 0.00483809
6 0.161566 0.754774 0.164398 0.33268 0.00481284
10 0.753935 0.506372 0.0233207 0.0466852 0.00473689
7 0.903546 0.620173 0.0681263 0.121559 0.00452792
7 0.741464 0.655308 0.034585 0.0535215 0.00435498
11 0.195173 0.642884 0.0757946 0.0829679 0.00434646
10 0.712329 0.550563 0.0461992 0.0635557 0.00431564
11 0.410089 0.638999 0.177653 0.0871585 0.00415367
11 0.174956 0.734464 0.144768 0.261182 0.00412749
11 0.181741 0.663226 0.102752 0.0982669 0.00409765
6 0.265992 0.631 0.0784725 0.132575 0.00407282
2 0.743852 0.544016 0.0305441 0.101565 0.00402323
7 0.881064 0.638278 0.0251053 0.0827435 0.00401479
10 0.210785 0.587357 0.0289136 0.0676046 0.00382309
11 0.480978 0.554111 0.0429681 0.130946 0.00379644
7 0.837228 0.645373 0.0321835 0.0534676 0.00377245
7 0.847725 0.633266 0.0425045 0.0701353 0.00368358
10 0.196686 0.471411 0.0368133 0.05843 0.00366308
6 0.650665 0.656705 0.0611755 0.0784587 0.00360843
0 0.922499 0.591374 0.0981791 0.122661 0.00358787
11 0.541443 0.616987 0.0817101 0.0522786 0.00351298
6 0.560105 0.617022 0.0423676 0.0495956 0.00341882
11 0.383624 0.61721 0.156786 0.0753705 0.00341754
6 0.776777 0.744077 0.145068 0.248941 0.00336582
2 0.403811 0.61948 0.0286674 0.0668401 0.0032811
10 0.736149 0.553773 0.0336778 0.0804273 0.00325956
7 0.830964 0.655967 0.0380966 0.0466991 0.00316204
10 0.930219 0.535003 0.0530027 0.0513755 0.00311696
6 0.641007 0.729483 0.13577 0.146625 0.00310587
6 0.467277 0.799298 0.123793 0.300699 0.00307517
11 0.363949 0.606502 0.146827 0.0671033 0.00297685
11 0.560026 0.61675 0.0428017 0.0499715 0.00295601
10 0.582354 0.527143 0.0321476 0.0438464 0.00295056
11 0.23214 0.753713 0.255413 0.257034 0.00292245
6 0.648773 0.801371 0.113598 0.297932 0.00287461
11 0.773595 0.617848 0.122794 0.0627256 0.00275285
11 0.895132 0.613061 0.051334 0.110607 0.00271561
10 0.165714 0.573342 0.0466669 0.0677177 0.00265411
10 0.722095 0.533536 0.0234819 0.0492696 0.0025671
10 0.931946 0.545861 0.0702118 0.0765011 0.0024779
6 0.182194 0.650944 0.101091 0.0931102 0.00236358
10 0.283392 0.571971 0.0447055 0.0651441 0.00234
6 0.282648 0.653345 0.108259 0.120379 0.00233051
6 0.370413 0.766638 0.0871168 0.227471 0.00222276
2 0.75281 0.657354 0.0270265 0.0513809 0.00218033
0 0.941084 0.577971 0.0866736 0.122121 0.00217725
11 0.902241 0.689108 0.182559 0.0805214 0.00215666
11 0.743041 0.538479 0.0350581 0.0961884 0.0021539
11 0.710472 0.703757 0.117483 0.1036 0.00214179
6 0.221727 0.95836 0.0972735 0.0799919 0.00210404
6 0.935837 0.60747 0.0983639 0.148884 0.00210052
6 0.48014 0.819745 0.240561 0.326102 0.00208989
7 0.727493 0.647482 0.0374729 0.0878599 0.00208432
2 0.705698 0.639231 0.0916054 0.0902159 0.00208296
6 0.715503 0.831358 0.520884 0.323369 0.00206653
11 0.910195 0.6244 0.0589491 0.11449 0.00205937
6 0.544549 0.618791 0.0739923 0.0567788 0.00205528
11 0.495502 0.942952 0.448582 0.1023 0.00201174
7 0.760686 0.658461 0.033011 0.0521309 0.00201101
6 0.918085 0.587105 0.0850565 0.0709847 0.00199606
11 0.177491 0.825016 0.215804 0.308476 0.00199057
6 0.326305 0.629038 0.113882 0.0847191 0.00191868
6 0.869624 0.595932 0.0837277 0.0811704 0.00191612
0 0.958479 0.545374 0.060231 0.0661154 0.00186563
7 0.883834 0.631871 0.0368963 0.0912577 0.00184429
11 0.388261 0.771278 0.220362 0.279225 0.00184269
6 0.80508 0.783921 0.192045 0.226009 0.00181154
2 0.838118 0.617902 0.0370968 0.0845971 0.00180862
6 0.131266 0.783397 0.185763 0.270085 0.0018032
6 0.927796 0.808565 0.113496 0.249546 0.00179574
4 0.920568 0.569415 0.0877979 0.063331 0.00179415
2 0.779561 0.543007 0.034132 0.0998282 0.00179234
11 0.586722 0.623216 0.116676 0.0558622 0.00179151
2 0.819971 0.617642 0.0640316 0.061135 0.00177473
11 0.899364 0.827215 0.188807 0.322665 0.00175869
2 0.410917 0.614749 0.0425232 0.0735906 0.00175285
10 0.382547 0.566992 0.0661894 0.0967442 0.00175186
0 0.154669 0.750513 0.167817 0.34452 0.0017436
6 0.357634 0.679224 0.121836 0.141958 0.00170648
0 0.967129 0.561387 0.0490627 0.0483941 0.00170317
11 0.857685 0.61639 0.0875782 0.101407 0.00165445
6 0.587771 0.586387 0.0429278 0.0693264 0.00165017
6 0.154288 0.621728 0.0756111 0.0905368 0.00163384
2 0.39362 0.638625 0.0477747 0.0657237 0.00163186
7 0.448094 0.613628 0.03611 0.0676776 0.00162426
11 0.764911 0.663456 0.0717276 0.060778 0.00153905
0 0.916844 0.549752 0.0860216 0.0544394 0.00149741
6 0.409477 0.808983 0.222781 0.332821 0.00148155
10 0.767312 0.505025 0.0229836 0.0426662 0.00145025
0 0.812808 0.549183 0.0351952 0.0562815 0.00144403
10 0.343298 0.563167 0.022564 0.0591067 0.00142361
2 0.760685 0.641311 0.0316456 0.0313266 0.0013951
11 0.306479 0.63374 0.0789539 0.0963024 0.00138472
11 0.860309 0.590475 0.0938515 0.0634499 0.00138325
6 0.404888 0.777808 0.0810564 0.232844 0.00138099
11 0.144041 0.763343 0.18492 0.351792 0.00137547
0 0.910195 0.6244 0.0589491 0.11449 0.00137049
9 0.138248 0.632053 0.112157 0.110036 0.00135296
6 0.587567 0.55306 0.0452297 0.0962367 0.00135127
3 0.903301 0.493908 0.0604736 0.0819117 0.00133834
10 0.74305 0.770282 0.284887 0.248557 0.00133528
10 0.336291 0.557783 0.0432168 0.0619606 0.00129617
11 0.80508 0.783921 0.192045 0.226009 0.00121207
11 0.161284 0.679303 0.151891 0.184807 0.00121194
10 0.255007 0.57441 0.037391 0.0645973 0.00120013
6 0.919646 0.565077 0.0883839 0.0639081 0.00119936
0 0.943854 0.560152 0.0845188 0.055383 0.00119891
6 0.303478 0.615413 0.0773388 0.0943293 0.00116789
6 0.953515 0.781187 0.0928627 0.193137 0.00113676
11 0.543134 0.720317 0.251807 0.201204 0.00113601
11 0.904643 0.659788 0.10376 0.0712776 0.00112982
11 0.801451 0.631132 0.0769419 0.0605029 0.00112807
6 0.779201 0.621177 0.127051 0.0497924 0.00112395
11 0.352014 0.759331 0.0935855 0.275271 0.00111353
2 0.727493 0.647482 0.0374729 0.0878599 0.001105
11 0.201822 0.667748 0.0645648 0.101684 0.00109041
0 0.924744 0.556254 0.108443 0.113765 0.00108811
0 0.587288 0.556368 0.0492298 0.0876766 0.00108731
2 0.760686 0.658461 0.033011 0.0521309 0.0010827
11 0.168711 0.606064 0.0493912 0.0581945 0.0010642
10 0.914967 0.627897 0.0466051 0.112153 0.00105855
6 0.817862 0.550112 0.0413971 0.0555133 0.00105604
10 0.868885 0.825257 0.152539 0.30467 0.00104954
7 0.439219 0.357214 0.0335196 0.0483617 0.00103158
6 0.747684 0.548263 0.0332933 0.0891931 0.00102875
11 0.852324 0.611228 0.22142 0.0955733 0.00102872
6 0.90098 0.55306 0.0606937 0.0546804 0.00102411
11 0.553038 0.617241 0.185197 0.0451591 0.00101558
11 0.600663 0.748068 0.202568 0.153241 0.00100541
6 0.701931 0.733732 0.204967 0.158694 0.00100294
