8 0.550311 0.591418 0.572432 0.587579 0.133313
8 0.591022 0.443281 0.420373 0.278698 0.0639854
10 0.550311 0.591418 0.572432 0.587579 0.0235902
8 0.59933 0.509654 0.47469 0.41932 0.0196575
10 0.598511 0.480015 0.467743 0.358869 0.0130763
6 0.430955 0.642391 0.814656 0.681166 0.00796608
9 0.455314 0.594016 0.759393 0.59073 0.00426272
0 0.455314 0.594016 0.759393 0.59073 0.0032961
8 0.594336 0.527906 0.0779523 0.0845015 0.00248792
5 0.550311 0.591418 0.572432 0.587579 0.00236594
5 0.598511 0.480015 0.467743 0.358869 0.00156737
