10 0.832227 0.534916 0.279471 0.895097 0.87294
10 0.505771 0.496379 0.230242 0.743955 0.820046
11 0.531457 0.845872 0.417621 0.285149 0.601659
7 0.651402 0.727426 0.0604755 0.133183 0.299641
10 0.584172 0.545972 0.121516 0.340094 0.07428
6 0.83088 0.77211 0.28366 0.438355 0.0524938
10 0.559354 0.508405 0.0723941 0.260533 0.032388
11 0.651058 0.731721 0.061388 0.133836 0.0296345
10 0.555378 0.548115 0.053677 0.184648 0.0126236
7 0.669534 0.649753 0.0343258 0.0713429 0.00768071
11 0.826191 0.81581 0.285808 0.347309 0.00614696
2 0.579157 0.586398 0.0254266 0.0970888 0.00517586
7 0.635997 0.645955 0.0277355 0.0715025 0.00479275
10 0.568563 0.562396 0.0446239 0.153791 0.00468213
2 0.589379 0.589098 0.0254021 0.0883439 0.0038325
10 0.572667 0.52924 0.0416945 0.218429 0.00367084
11 0.582066 0.64938 0.114718 0.147687 0.00320981
10 0.547061 0.518271 0.0394037 0.242297 0.00244983
7 0.589379 0.589098 0.0254021 0.0883439 0.00228961
2 0.730142 0.832224 0.0348734 0.144237 0.00212799
11 0.588022 0.813136 0.271858 0.202652 0.00205294
6 0.450542 0.677917 0.519706 0.560137 0.00200825
11 0.534744 0.669484 0.227579 0.201592 0.00193188
6 0.732281 0.611502 0.0658061 0.126884 0.0019147
11 0.620145 0.584234 0.0929372 0.0883905 0.00135287
11 0.67298 0.603564 0.129886 0.108487 0.00134369
2 0.621417 0.645213 0.0517763 0.0836084 0.00131801
11 0.56679 0.676519 0.154303 0.171139 0.0012315
2 0.635997 0.645955 0.0277355 0.0715025 0.00119365
10 0.584607 0.585005 0.0319874 0.10198 0.00119348
10 0.636131 0.580388 0.0601734 0.0856715 0.00117004
7 0.621417 0.645213 0.0517763 0.0836084 0.00115682
10 0.582066 0.64938 0.114718 0.147687 0.001153
8 0.83328 0.533655 0.274361 0.897178 0.00112641
7 0.579157 0.586398 0.0254266 0.0970888 0.00111505
2 0.582797 0.608438 0.0383454 0.088324 0.0010922
2 0.609946 0.637504 0.0710659 0.0860604 0.00107601
6 0.274437 0.690886 0.318575 0.575207 0.00103931
2 0.593867 0.618013 0.0480412 0.0813799 0.00103305
11 0.754299 0.837026 0.432478 0.325948 0.00102269
