8 0.298662 0.450835 0.168424 0.225274 0.894794
9 0.822158 0.297149 0.138366 0.141412 0.74874
10 0.734453 0.222186 0.04469 0.0963865 0.728531
10 0.674977 0.251034 0.0580921 0.142198 0.702496
9 0.669003 0.297573 0.112413 0.11653 0.664699
9 0.730717 0.304967 0.0976361 0.112563 0.644755
4 0.107761 0.23438 0.209207 0.439366 0.635346
10 0.831262 0.230789 0.0389087 0.06756 0.588209
9 0.952463 0.330669 0.0871546 0.22562 0.584741
4 0.278869 0.222634 0.129371 0.122767 0.568439
10 0.259151 0.231724 0.0517191 0.137274 0.517425
9 0.259734 0.2602 0.0561371 0.0886514 0.402989
9 0.640537 0.293026 0.0754153 0.0923811 0.161388
9 0.89564 0.28106 0.111916 0.132522 0.122625
10 0.833411 0.24882 0.0435798 0.0978081 0.064395
3 0.108019 0.230384 0.20643 0.440503 0.0597243
9 0.856046 0.287909 0.077861 0.149981 0.0480981
6 0.920265 0.285048 0.0800298 0.134774 0.042615
0 0.952552 0.329562 0.0884533 0.222854 0.0410481
9 0.922431 0.28084 0.0947726 0.128162 0.0309994
9 0.959996 0.295921 0.0736995 0.159785 0.0277826
4 0.264051 0.227911 0.0668228 0.131723 0.0214084
0 0.922431 0.28084 0.0947726 0.128162 0.0197791
9 0.90799 0.28463 0.0585213 0.130722 0.0194299
4 0.257922 0.249921 0.0586711 0.10056 0.0152467
0 0.961406 0.269138 0.0591359 0.104526 0.0099568
10 0.614738 0.258518 0.0322653 0.12394 0.00822524
5 0.298662 0.450835 0.168424 0.225274 0.00698167
10 0.605265 0.252527 0.0364063 0.118208 0.00665334
10 0.846239 0.280863 0.0767481 0.134877 0.00644208
9 0.941818 0.296654 0.0753456 0.117803 0.00553111
8 0.296334 0.648502 0.261131 0.340933 0.0053273
9 0.761296 0.29881 0.115841 0.105159 0.00522032
0 0.942528 0.27196 0.0756894 0.109996 0.00520215
9 0.964687 0.272183 0.0600539 0.112902 0.00491871
10 0.642651 0.240077 0.0481651 0.100842 0.00448167
10 0.924977 0.268245 0.067094 0.110993 0.00427091
0 0.904825 0.286773 0.0631783 0.133828 0.00426884
4 0.21344 0.246161 0.0512044 0.067977 0.00404086
6 0.95185 0.333809 0.0863234 0.220325 0.00400999
6 0.902095 0.28429 0.0663776 0.135116 0.00393508
10 0.264888 0.263941 0.0451882 0.0811166 0.00347255
10 0.929202 0.250227 0.0499209 0.0786886 0.00331801
10 0.607641 0.22813 0.0320307 0.0785877 0.0031603
4 0.215739 0.233279 0.0615778 0.0958896 0.00311391
10 0.892893 0.283128 0.120542 0.13939 0.0027511
10 0.941305 0.265075 0.0511871 0.103338 0.00272238
10 0.818423 0.247322 0.0623277 0.0888971 0.0025867
8 0.910239 0.283479 0.0619665 0.13413 0.00257297
10 0.661149 0.21404 0.0326449 0.0668961 0.00251341
0 0.897227 0.283314 0.111792 0.132748 0.00238318
4 0.680026 0.281511 0.144928 0.12922 0.00221641
10 0.824638 0.266593 0.0623932 0.101044 0.00210292
10 0.62594 0.243315 0.0500521 0.109969 0.00202418
9 0.893341 0.295739 0.0704505 0.127884 0.00200768
10 0.962172 0.257531 0.0426491 0.0832653 0.00199885
4 0.252748 0.213811 0.150565 0.14983 0.00188236
9 0.827529 0.237016 0.0440003 0.066477 0.00182687
9 0.731428 0.268438 0.0591966 0.0741728 0.00178489
6 0.962188 0.274247 0.0686942 0.115756 0.00178007
10 0.962267 0.307742 0.0664303 0.18613 0.00176632
9 0.815026 0.264398 0.0766228 0.0867879 0.00176493
0 0.666106 0.298721 0.118841 0.114548 0.00172046
9 0.261851 0.237105 0.0501467 0.11971 0.00171476
10 0.93445 0.243725 0.0325832 0.0658828 0.00157792
4 0.7541 0.287865 0.238823 0.136982 0.00142512
0 0.731918 0.303584 0.0998716 0.120216 0.00134097
10 0.617708 0.224333 0.0436312 0.0770206 0.00130829
4 0.456431 0.295552 0.0970551 0.0970055 0.00129683
9 0.798637 0.302128 0.090933 0.111033 0.00129259
10 0.963785 0.246192 0.0312517 0.0597863 0.00129084
4 0.213952 0.256763 0.0453339 0.0450772 0.00124229
10 0.909589 0.249359 0.0542125 0.0627946 0.00123274
10 0.731864 0.147774 0.0300484 0.0586248 0.00118345
6 0.942528 0.27196 0.0756894 0.109996 0.00116143
9 0.627317 0.282077 0.0475275 0.10321 0.00110473
4 0.0705476 0.027252 0.0949362 0.0505894 0.00107915
9 0.774183 0.295291 0.199525 0.14609 0.00105491
9 0.678006 0.28497 0.0777275 0.105648 0.00101635
1 0.91236 0.28509 0.0623023 0.13243 0.00101001
