2 0.359989 0.543713 0.222823 0.884016 0.916647
7 0.60592 0.510115 0.298752 0.966396 0.895572
7 0.943822 0.282626 0.108011 0.518254 0.8122
11 0.238509 0.567104 0.460414 0.452347 0.239695
11 0.130552 0.245265 0.25522 0.339841 0.183762
7 0.95952 0.0821265 0.0739452 0.116833 0.180425
6 0.134921 0.253573 0.259714 0.350875 0.174272
11 0.326286 0.677296 0.642104 0.629373 0.17188
11 0.487878 0.776723 0.975757 0.430547 0.121031
11 0.241471 0.56759 0.470848 0.790796 0.0856167
11 0.223965 0.26109 0.408831 0.351194 0.0707284
2 0.942242 0.284679 0.110346 0.516214 0.0445259
11 0.343168 0.207934 0.288704 0.240056 0.0241295
6 0.194635 0.246735 0.213154 0.363157 0.0140466
6 0.0612435 0.244179 0.113151 0.321758 0.0123503
6 0.0409161 0.0626906 0.0719863 0.093972 0.0105429
11 0.0373864 0.0631339 0.0653288 0.0969523 0.0103713
11 0.954443 0.248781 0.0882149 0.461093 0.00814682
2 0.608462 0.509383 0.299416 0.959291 0.00803334
10 0.037454 0.0643457 0.0643535 0.0969183 0.00796416
6 0.177985 0.219029 0.150352 0.28842 0.00762368
11 0.119126 0.117105 0.231195 0.0883339 0.0075052
6 0.245332 0.268027 0.394901 0.355098 0.00574944
10 0.744122 0.171467 0.470354 0.342933 0.00402215
11 0.632607 0.524891 0.725145 0.950218 0.00391383
11 0.269732 0.176867 0.128831 0.16995 0.0038747
6 0.0753839 0.0736396 0.0544884 0.0550751 0.00364849
6 0.392557 0.143757 0.185593 0.275198 0.00349576
6 0.267595 0.225156 0.19034 0.295207 0.00330876
11 0.0782655 0.125787 0.156531 0.11959 0.00303713
11 0.266598 0.132894 0.119197 0.0855278 0.00300925
7 0.956774 0.220542 0.0792782 0.403402 0.00294046
6 0.329332 0.0712527 0.0657402 0.127644 0.00292905
10 0.960301 0.0836338 0.0749435 0.115899 0.00270252
11 0.673918 0.761968 0.639969 0.471528 0.00235968
2 0.0364181 0.0627139 0.0661717 0.0995212 0.00208467
6 0.0629766 0.0669444 0.113795 0.0870782 0.00192237
6 0.355064 0.128095 0.117307 0.245159 0.00164102
11 0.0532552 0.0738221 0.0979079 0.0916228 0.00157646
7 0.0386142 0.0637486 0.0655077 0.0943277 0.00156687
7 0.125507 0.0809274 0.0330887 0.0622144 0.00154023
10 0.326476 0.0710526 0.0533969 0.123249 0.0014722
2 0.989272 0.0981491 0.0174259 0.0911313 0.00146864
6 0.129244 0.0840905 0.0566988 0.0667144 0.00134275
6 0.94724 0.282334 0.102958 0.538345 0.00133103
6 0.322441 0.163901 0.179834 0.314185 0.001291
2 0.0114545 0.0664049 0.0194295 0.0819477 0.00121778
2 0.960061 0.0826387 0.0753317 0.113599 0.00112981
6 0.195867 0.0858281 0.0511689 0.0821537 0.00112371
11 0.0631417 0.105686 0.126283 0.0792338 0.00107506
7 0.989272 0.0981491 0.0174259 0.0911313 0.00102349
11 0.235158 0.208316 0.210313 0.249634 0.00102275
10 0.942242 0.284679 0.110346 0.516214 0.00101611
