10 0.922447 0.144967 0.13475 0.20446 0.794096
0 0.49343 0.597798 0.98686 0.792606 0.768484
10 0.663819 0.100512 0.0487437 0.0703509 0.492491
0 0.568985 0.375477 0.839498 0.499649 0.32453
10 0.761206 0.103603 0.0416202 0.0648807 0.254232
9 0.567647 0.37549 0.836168 0.501109 0.152919
10 0.71253 0.101219 0.0543657 0.0716912 0.061322
9 0.573576 0.264027 0.669218 0.282532 0.0555679
0 0.816962 0.144606 0.0799171 0.0658858 0.0525075
9 0.535379 0.218604 0.545811 0.187147 0.0274314
9 0.499537 0.618358 0.973693 0.734925 0.0185364
9 0.620653 0.193819 0.301281 0.137891 0.0169071
10 0.697546 0.10353 0.0872545 0.0754167 0.0164301
0 0.580385 0.263232 0.702634 0.283493 0.0103053
9 0.527786 0.323819 0.689018 0.230903 0.00815041
9 0.723636 0.245452 0.532277 0.260297 0.00743415
9 0.606696 0.172443 0.243841 0.0970009 0.0067464
9 0.416863 0.30248 0.505757 0.292447 0.00638399
9 0.650905 0.207093 0.503993 0.17046 0.0056776
9 0.800709 0.42387 0.382326 0.233659 0.00520214
9 0.485512 0.263268 0.465048 0.207725 0.00346432
0 0.631155 0.173752 0.29944 0.104108 0.00285688
0 0.882391 0.260684 0.217298 0.213843 0.00243958
10 0.991394 0.138625 0.0172126 0.175359 0.00233632
10 0.977062 0.132716 0.0301465 0.163131 0.00183928
0 0.692144 0.162872 0.363158 0.101171 0.00178284
10 0.726896 0.1094 0.0467266 0.0761687 0.00170977
6 0.0502451 0.115991 0.0694204 0.0597001 0.00167053
9 0.806624 0.264713 0.369081 0.219748 0.00166891
0 0.791605 0.252142 0.389467 0.236741 0.0016227
6 0.527786 0.323819 0.689018 0.230903 0.0015427
0 0.461769 0.296344 0.611159 0.293452 0.0014186
9 0.740018 0.374157 0.519964 0.300983 0.00128413
0 0.759358 0.148421 0.216061 0.0730405 0.00112504
9 0.816363 0.144886 0.0890565 0.068997 0.00111651
9 0.63738 0.302095 0.72524 0.252929 0.00110656
10 0.176317 0.977454 0.049113 0.0341112 0.00104781
