10 0.318128 0.530565 0.369684 0.904804 0.890257
11 0.88596 0.797506 0.222724 0.379873 0.524632
7 0.393476 0.825057 0.0605454 0.227506 0.510355
6 0.780311 0.810021 0.180378 0.3595 0.335001
11 0.334179 0.840642 0.386153 0.297012 0.2887
6 0.492936 0.591744 0.102379 0.415236 0.269568
7 0.343417 0.796072 0.0821688 0.25318 0.262912
2 0.228876 0.89589 0.0796851 0.186115 0.192881
11 0.780258 0.808565 0.180307 0.361646 0.136417
6 0.61425 0.66623 0.187283 0.621278 0.12936
6 0.621845 0.815899 0.163949 0.337751 0.0849551
11 0.625162 0.813748 0.153318 0.327169 0.0677708
7 0.904977 0.629271 0.0354383 0.0715058 0.0401918
11 0.393968 0.868571 0.299353 0.248306 0.0371729
7 0.336071 0.767107 0.0609738 0.187678 0.0342368
7 0.227361 0.893511 0.0725515 0.18941 0.0272279
6 0.26609 0.516472 0.491974 0.929145 0.0221394
2 0.390365 0.82094 0.0735623 0.242588 0.0204462
7 0.874239 0.596197 0.02327 0.0766844 0.0199846
6 0.720686 0.828438 0.154592 0.309835 0.0181449
11 0.881234 0.673638 0.21431 0.14162 0.0133552
6 0.259911 0.712575 0.489083 0.539571 0.0122189
7 0.323569 0.788035 0.0888106 0.241545 0.0117714
7 0.325646 0.78394 0.161485 0.24414 0.00978298
2 0.347886 0.793871 0.0723007 0.253539 0.00977473
11 0.817319 0.669291 0.0904011 0.112943 0.00962351
11 0.840487 0.690068 0.142419 0.148509 0.00833533
2 0.820474 0.591572 0.0241451 0.113415 0.00734594
7 0.820474 0.591572 0.0241451 0.113415 0.00727362
7 0.82488 0.602148 0.0264187 0.102096 0.00714678
11 0.850266 0.60602 0.0678974 0.0967012 0.00693701
11 0.877986 0.729847 0.194557 0.256414 0.00676208
2 0.213094 0.870969 0.0536943 0.18694 0.00673859
7 0.509671 0.947729 0.0438994 0.0881595 0.00607354
11 0.347999 0.908362 0.400374 0.165996 0.00570641
11 0.80397 0.731863 0.144463 0.246955 0.00562652
11 0.663599 0.796378 0.23695 0.314139 0.00491622
7 0.849759 0.596716 0.0675854 0.0813223 0.00414549
10 0.230424 0.896693 0.0770039 0.18694 0.00377815
6 0.813063 0.761188 0.0974155 0.292846 0.00372124
10 0.492883 0.635003 0.10441 0.523278 0.00372123
11 0.0481794 0.830134 0.0915204 0.317987 0.00361774
4 0.62201 0.814561 0.161915 0.33903 0.00356112
2 0.744786 0.526274 0.0802101 0.119364 0.00355121
2 0.277908 0.787784 0.112686 0.230135 0.00354556
11 0.228552 0.84378 0.449267 0.312439 0.00333849
6 0.740091 0.760263 0.103647 0.270112 0.00330973
7 0.370987 0.671065 0.0352876 0.117213 0.00308195
11 0.703793 0.747908 0.176637 0.283771 0.00306269
7 0.369168 0.759484 0.051823 0.167347 0.00304722
10 0.277908 0.787784 0.112686 0.230135 0.00290015
6 0.828908 0.80482 0.0830496 0.348219 0.00259035
6 0.852629 0.691727 0.0684956 0.218845 0.00254972
11 0.618911 0.840921 0.511539 0.318157 0.00224013
7 0.348312 0.728094 0.0768261 0.17176 0.00220769
6 0.846765 0.810557 0.0609047 0.317082 0.00217296
6 0.860873 0.718161 0.0565996 0.141836 0.00216127
7 0.329554 0.723165 0.0543716 0.111679 0.00189778
2 0.363328 0.808141 0.116355 0.265059 0.00175635
7 0.95697 0.507601 0.0758072 0.340212 0.00169583
11 0.775638 0.684178 0.130756 0.14047 0.00163617
4 0.850266 0.60602 0.0678974 0.0967012 0.00154847
11 0.720686 0.828438 0.154592 0.309835 0.00152845
2 0.327611 0.792156 0.0871788 0.251915 0.00148646
6 0.514786 0.650526 0.156436 0.548332 0.00147865
11 0.730028 0.622925 0.113689 0.0887281 0.00145895
11 0.634678 0.72745 0.115548 0.11013 0.00143106
6 0.359878 0.610439 0.417361 0.734538 0.00141412
11 0.731132 0.855764 0.337527 0.288473 0.00138573
6 0.782154 0.774283 0.159893 0.241688 0.00138087
6 0.806117 0.819267 0.113379 0.288076 0.00135115
11 0.844762 0.642739 0.0827601 0.1368 0.00134866
6 0.742736 0.833819 0.0990631 0.284587 0.00134154
10 0.65786 0.612608 0.0336943 0.149404 0.00131801
6 0.553512 0.669658 0.186681 0.560081 0.00128948
6 0.579319 0.560994 0.0565779 0.298976 0.00128368
0 0.036087 0.645491 0.0676642 0.120822 0.00125535
7 0.367477 0.806955 0.185451 0.278801 0.00125378
2 0.874239 0.596197 0.02327 0.0766844 0.0012491
10 0.39337 0.822118 0.0730268 0.23264 0.00119958
6 0.833277 0.710309 0.0812069 0.287136 0.00118996
7 0.882575 0.640756 0.0484793 0.0567266 0.00117311
7 0.963533 0.654916 0.026717 0.067904 0.00116833
7 0.867056 0.620514 0.0324787 0.0830181 0.0011535
10 0.886498 0.797474 0.221729 0.382791 0.00115142
7 0.285104 0.785185 0.0914829 0.221553 0.00109861
11 0.655126 0.869845 0.357746 0.259251 0.00107792
11 0.319663 0.53053 0.374137 0.905107 0.00104019
