0 0.667413 0.444169 0.565403 0.588042 0.861685
2 0.657593 0.515639 0.0689644 0.282877 0.097188
2 0.662142 0.445552 0.0438924 0.11675 0.0649376
2 0.637297 0.503068 0.107536 0.286581 0.0556795
10 0.399726 0.37235 0.0212003 0.0632091 0.0299934
6 0.221354 0.371928 0.0569588 0.0909588 0.0257571
0 0.884849 0.287235 0.215827 0.348789 0.0162527
6 0.225288 0.385151 0.0445271 0.0646848 0.015591
2 0.648872 0.481073 0.0772971 0.199068 0.0142556
0 0.926189 0.294404 0.133936 0.332704 0.0130295
4 0.285008 0.391613 0.045545 0.0427763 0.0122457
0 0.799331 0.123633 0.216543 0.247266 0.0097272
10 0.383547 0.377657 0.0177802 0.0550785 0.00961443
2 0.599327 0.467274 0.0234407 0.072494 0.00740198
2 0.592676 0.464829 0.0284181 0.0858645 0.00605829
0 0.292216 0.391189 0.0588428 0.0462508 0.00569513
10 0.217279 0.378081 0.0578553 0.0784796 0.00419698
10 0.758117 0.0397879 0.0870362 0.0795759 0.0039347
0 0.839131 0.228614 0.305949 0.457229 0.00390367
0 0.3311 0.390428 0.0846407 0.0467892 0.00386742
2 0.588763 0.421851 0.155387 0.139558 0.00381717
10 0.799703 0.128027 0.222853 0.256054 0.0035586
10 0.20944 0.384652 0.041174 0.0662412 0.00292197
10 0.322804 0.373654 0.0291854 0.0515396 0.00287786
0 0.305974 0.38814 0.0840668 0.0536868 0.0027798
2 0.585571 0.460508 0.0330299 0.127229 0.00265548
2 0.596189 0.505054 0.0312976 0.161061 0.00242287
4 0.298743 0.392082 0.0677488 0.0428414 0.00238397
10 0.0388447 0.322167 0.0750047 0.202751 0.00238114
10 0.831048 0.260227 0.291776 0.520455 0.00235034
10 0.0257201 0.323982 0.0463626 0.175086 0.00225936
6 0.593709 0.408589 0.314741 0.450563 0.0022099
10 0.319373 0.385607 0.0357744 0.0484959 0.00199913
10 0.762196 0.0318107 0.132052 0.0636213 0.00185232
10 0.267072 0.376971 0.0223316 0.0651142 0.00183771
4 0.317822 0.392746 0.0331403 0.0360605 0.00176945
2 0.5841 0.421292 0.0590439 0.149917 0.00175597
10 0.74368 0.0550264 0.139671 0.110053 0.00168448
10 0.200415 0.387886 0.0257803 0.0568833 0.00165656
2 0.609473 0.404677 0.118882 0.132889 0.00161155
0 0.835656 0.40027 0.314679 0.585755 0.00158732
10 0.337092 0.386201 0.0589774 0.0460249 0.00138871
2 0.703415 0.371331 0.0351877 0.0825035 0.00138417
2 0.61503 0.445576 0.053978 0.162336 0.00126206
2 0.632276 0.438513 0.106301 0.201167 0.00123706
2 0.62328 0.394566 0.0312697 0.101324 0.00108763
10 0.331234 0.374514 0.0487879 0.0551778 0.00103349
10 0.302345 0.379774 0.0714911 0.0602957 0.00102152
