10 0.341246 0.664367 0.0655395 0.21691 0.827364
9 0.566596 0.670544 0.0747466 0.154678 0.824877
10 0.146922 0.73419 0.0843807 0.304198 0.811345
0 0.343432 0.732333 0.0823286 0.184904 0.789346
10 0.557845 0.628926 0.0499831 0.155654 0.678898
10 0.862307 0.608949 0.0487606 0.172675 0.665781
9 0.866257 0.651419 0.106079 0.147597 0.65081
4 0.419783 0.558492 0.0398729 0.0412525 0.509829
0 0.144971 0.841881 0.0965852 0.253384 0.418468
0 0.867769 0.650221 0.103732 0.148053 0.3168
9 0.766034 0.564301 0.0335258 0.06428 0.315003
0 0.0115722 0.754167 0.0231445 0.167919 0.284203
10 0.594684 0.563044 0.025481 0.0555153 0.216143
4 0.781246 0.565827 0.066399 0.0774387 0.193233
9 0.781789 0.564454 0.0638562 0.069262 0.100006
0 0.118158 0.840616 0.166513 0.28466 0.094122
0 0.0125217 0.741317 0.0250435 0.167543 0.0852451
4 0.771804 0.563555 0.0440931 0.0698407 0.0770477
4 0.213867 0.570692 0.0295667 0.052676 0.063001
4 0.795005 0.563702 0.0413675 0.0842647 0.050533
10 0.319859 0.573819 0.0212988 0.0542852 0.0414524
10 0.76662 0.561821 0.0319931 0.0589495 0.0395726
10 0.585693 0.563626 0.0454418 0.056565 0.0365067
4 0.516138 0.56345 0.025561 0.0450908 0.0352249
4 0.222741 0.567876 0.0478519 0.0520857 0.0332416
10 0.591769 0.58305 0.0344078 0.0941385 0.0249185
4 0.175872 0.549811 0.0422264 0.0357587 0.0222216
4 0.706205 0.565179 0.0488069 0.0493717 0.0222201
0 0.0109372 0.734902 0.0218744 0.201193 0.020301
4 0.478925 0.56481 0.0197628 0.0359636 0.0201001
0 0.766203 0.564553 0.0338831 0.0611052 0.0192328
4 0.17354 0.556758 0.059149 0.0469978 0.0181216
4 0.819402 0.572866 0.0686458 0.10623 0.0180422
4 0.31979 0.566422 0.0229204 0.0508941 0.0170199
4 0.903323 0.58104 0.0362444 0.0716277 0.016715
4 0.235842 0.559339 0.0299695 0.0323582 0.0117937
4 0.327253 0.565044 0.0331827 0.0532913 0.0111489
10 0.51646 0.563645 0.0255669 0.0454277 0.0110834
4 0.306204 0.558265 0.0263511 0.0363244 0.00838034
10 0.901529 0.589816 0.0384632 0.0957998 0.00790882
4 0.404293 0.558458 0.0273416 0.0392816 0.00759398
4 0.334822 0.559524 0.0413522 0.0435273 0.00729395
4 0.240857 0.555476 0.0231217 0.0343028 0.00667625
4 0.353602 0.555317 0.0217863 0.0386449 0.00658336
0 0.77965 0.564548 0.0672317 0.0742152 0.00640609
0 0.700385 0.567207 0.0346918 0.0498456 0.00612407
10 0.318837 0.592882 0.0184831 0.054369 0.00591187
4 0.163682 0.583262 0.0534854 0.0688574 0.00590136
9 0.0115722 0.754167 0.0231445 0.167919 0.00586442
10 0.508602 0.562566 0.0287468 0.0441138 0.0055341
9 0.417975 0.560093 0.0405348 0.040346 0.00526707
10 0.328087 0.571058 0.0334683 0.0561867 0.00524008
9 0.559585 0.632767 0.0539057 0.159404 0.0048829
4 0.508602 0.562566 0.0287468 0.0441138 0.00459711
4 0.906368 0.572656 0.030399 0.0501822 0.00420935
4 0.293186 0.555876 0.0380513 0.0365304 0.00409639
4 0.828427 0.596985 0.0539345 0.154524 0.00407149
0 0.0135339 0.817517 0.0226622 0.326059 0.0040315
4 0.313913 0.561368 0.0243009 0.0343854 0.00383029
4 0.348946 0.557986 0.0331532 0.039343 0.00341969
4 0.378864 0.554961 0.0252525 0.0410146 0.0030692
4 0.498272 0.563762 0.0233174 0.0399968 0.00306698
10 0.798224 0.560153 0.0293108 0.0783815 0.00279167
10 0.698731 0.564401 0.0327972 0.0490563 0.00274859
10 0.833901 0.590828 0.0574568 0.128346 0.00267994
0 0.568137 0.667525 0.0736818 0.149021 0.00243369
10 0.330002 0.583291 0.0349343 0.062433 0.00233205
4 0.767421 0.557745 0.0294149 0.0623131 0.00232685
4 0.191441 0.572413 0.0382011 0.0460145 0.002309
10 0.578794 0.598136 0.056708 0.119339 0.00220653
10 0.778506 0.558874 0.0424362 0.0703819 0.00220563
10 0.56804 0.568816 0.0489084 0.0563532 0.00201847
10 0.417975 0.560093 0.0405348 0.040346 0.00198845
0 0.417975 0.560093 0.0405348 0.040346 0.00197656
4 0.801537 0.579287 0.0309038 0.0629943 0.0019421
10 0.478925 0.56481 0.0197628 0.0359636 0.00192386
10 0.570938 0.562916 0.0343666 0.0473825 0.00189017
10 0.892312 0.602496 0.0579556 0.13173 0.00179848
4 0.488427 0.56273 0.0324244 0.0390796 0.00178248
3 0.421727 0.551163 0.0394692 0.0504757 0.00174408
9 0.79622 0.566567 0.039607 0.0774643 0.00172816
0 0.170938 0.839657 0.251019 0.285028 0.00167074
10 0.220278 0.569825 0.0382479 0.0511113 0.00159179
3 0.426575 0.525344 0.0417797 0.0838786 0.00146919
4 0.570938 0.562916 0.0343666 0.0473825 0.00145166
10 0.498272 0.563762 0.0233174 0.0399968 0.0014405
4 0.458 0.561465 0.0232672 0.0346768 0.00124329
9 0.220278 0.569825 0.0382479 0.0511113 0.00118373
4 0.393858 0.548239 0.039768 0.0536012 0.00109223
3 0.330407 0.547881 0.0390596 0.0590466 0.00104617
4 0.589945 0.564202 0.0355902 0.0559012 0.00100958
10 0.375056 0.555198 0.0313556 0.041206 0.00100936
