10 0.837507 0.725221 0.307787 0.521403 0.858017
10 0.594557 0.557035 0.248129 0.376036 0.843992
7 0.172733 0.962327 0.0915897 0.0729881 0.761884
7 0.466077 0.74398 0.0467915 0.158091 0.761703
7 0.430987 0.95068 0.0622725 0.0986405 0.75444
10 0.143603 0.704801 0.275508 0.401343 0.724536
7 0.472974 0.949327 0.0469488 0.100559 0.698263
11 0.422981 0.856801 0.781197 0.278146 0.671101
10 0.249061 0.611765 0.210911 0.464952 0.385813
2 0.0700825 0.928238 0.0794468 0.133609 0.362417
7 0.552221 0.781034 0.032357 0.0678713 0.330409
10 0.818653 0.879922 0.292341 0.227406 0.328116
7 0.397123 0.813893 0.0501738 0.109495 0.303452
7 0.564062 0.855236 0.0743541 0.140278 0.278455
7 0.341603 0.864072 0.0423766 0.106116 0.263146
10 0.209723 0.586017 0.131511 0.411205 0.156954
7 0.452216 0.948876 0.0877056 0.102248 0.129673
7 0.470083 0.872578 0.084876 0.136602 0.10983
10 0.928104 0.681566 0.0791237 0.122272 0.0426357
10 0.172708 0.618903 0.324922 0.481711 0.0214892
7 0.550397 0.827226 0.0418923 0.127783 0.0199675
10 0.194781 0.485029 0.157484 0.210654 0.0138759
11 0.837507 0.725221 0.307787 0.521403 0.0132377
10 0.939075 0.710827 0.0950567 0.196944 0.0127363
7 0.473573 0.926359 0.0555168 0.138821 0.0126713
11 0.594639 0.556753 0.245564 0.375149 0.0119257
7 0.472643 0.908846 0.0827662 0.182308 0.0104749
10 0.197323 0.746819 0.369906 0.416983 0.00737866
11 0.143603 0.704801 0.275508 0.401343 0.00618965
2 0.567084 0.616573 0.028547 0.0666161 0.00615615
7 0.582172 0.836097 0.0424721 0.108281 0.00500454
7 0.542927 0.781758 0.0535989 0.0697284 0.00467355
2 0.145047 0.80507 0.0908728 0.218358 0.00464354
7 0.35777 0.866987 0.0802831 0.109375 0.00411325
7 0.482168 0.742512 0.0558062 0.145339 0.00354149
7 0.551059 0.857107 0.0461449 0.127442 0.00318778
7 0.579882 0.870843 0.119144 0.176371 0.00301612
10 0.163082 0.566307 0.222585 0.340831 0.00278664
11 0.257332 0.922139 0.499741 0.153528 0.00275694
7 0.92304 0.66834 0.0717194 0.105405 0.00208528
10 0.89906 0.652691 0.173663 0.371227 0.00186493
7 0.0700825 0.928238 0.0794468 0.133609 0.0017685
7 0.50942 0.826789 0.0501217 0.102855 0.00146466
11 0.183333 0.956385 0.364244 0.0872298 0.00133847
10 0.917333 0.665035 0.0625824 0.0957771 0.00132353
7 0.488263 0.723717 0.0422743 0.106261 0.00115391
2 0.466701 0.748864 0.0464701 0.170314 0.00109121
10 0.713125 0.879959 0.489761 0.228759 0.00101495
