3 0.415249 0.442925 0.665965 0.580206 0.926782
10 0.577053 0.281199 0.0493134 0.0594045 0.386393
10 0.656446 0.293307 0.0615889 0.0648792 0.272289
10 0.96157 0.601475 0.0619785 0.196114 0.0218021
10 0.0318684 0.530593 0.026481 0.0721304 0.0208579
10 0.160333 0.509054 0.0293268 0.0492872 0.016267
10 0.593235 0.283561 0.0797969 0.0588954 0.0117507
9 0.0666485 0.860767 0.126799 0.274776 0.00615712
10 0.270499 0.310333 0.036337 0.0683149 0.00384308
10 0.669411 0.29758 0.035461 0.0601816 0.00310804
10 0.625317 0.281902 0.0406586 0.0564215 0.00306722
10 0.639118 0.286627 0.0695052 0.0640508 0.00234807
10 0.0265749 0.516847 0.035441 0.077969 0.00153129
10 0.00636982 0.511709 0.0118334 0.0704912 0.00127844
10 0.356526 0.335011 0.0576348 0.135661 0.00124365
10 0.607023 0.490386 0.056901 0.110821 0.00123364
