11 0.522594 0.739007 0.293092 0.223441 0.894599
6 0.60951 0.639845 0.391263 0.258052 0.8373
6 0.314228 0.82652 0.319806 0.300952 0.670795
11 0.429124 0.608738 0.0797351 0.106484 0.191539
6 0.700288 0.636553 0.196943 0.255396 0.146776
6 0.531966 0.607619 0.216704 0.168863 0.138245
11 0.165387 0.867503 0.29398 0.243974 0.0798696
6 0.854783 0.782228 0.268716 0.347266 0.0636696
11 0.472722 0.606405 0.169825 0.110801 0.0577176
11 0.313847 0.827492 0.331212 0.30077 0.0256759
6 0.165244 0.847784 0.296277 0.27573 0.0129036
6 0.579956 0.620774 0.328073 0.159087 0.0103658
11 0.308385 0.747706 0.307915 0.144079 0.0101982
10 0.522594 0.739007 0.293092 0.223441 0.00994251
10 0.60965 0.645032 0.389235 0.276643 0.00588068
10 0.176422 0.793948 0.281039 0.361816 0.00414866
11 0.311116 0.532914 0.0574422 0.113972 0.00352758
11 0.851659 0.78426 0.269127 0.327226 0.00299408
10 0.315406 0.822308 0.317324 0.291475 0.0018871
6 0.517144 0.666537 0.261948 0.103341 0.00166706
6 0.815265 0.864703 0.344826 0.233219 0.00149856
11 0.60965 0.645032 0.389235 0.276643 0.0013559
10 0.460779 0.688118 0.16941 0.348722 0.00132262
6 0.643325 0.578647 0.404848 0.151614 0.00122978
11 0.882758 0.660013 0.224456 0.16061 0.00118871
6 0.308401 0.533094 0.0590596 0.116322 0.00106643
6 0.753068 0.616615 0.388819 0.190762 0.00101323
