2 0.355215 0.589516 0.349658 0.736432 0.868658
11 0.484543 0.831629 0.961271 0.331723 0.734256
11 0.495279 0.905734 0.990558 0.182391 0.31904
10 0.726718 0.422242 0.530494 0.816304 0.182222
2 0.72912 0.443725 0.52328 0.866045 0.0884674
2 0.747418 0.275019 0.488611 0.538317 0.0141386
10 0.90095 0.429942 0.191976 0.832269 0.00769054
10 0.781224 0.279489 0.428026 0.544739 0.00715154
2 0.896299 0.29197 0.196071 0.406524 0.00694748
2 0.90095 0.429942 0.191976 0.832269 0.00498192
7 0.734291 0.433201 0.518567 0.846272 0.00432451
11 0.70704 0.421267 0.567258 0.819727 0.00276816
2 0.423487 0.520106 0.501428 0.369516 0.00221432
7 0.90095 0.429942 0.191976 0.832269 0.00148164
2 0.546962 0.516222 0.358236 0.363247 0.00145196
2 0.765718 0.467144 0.242753 0.224549 0.00107139
2 0.744123 0.24019 0.280528 0.48038 0.00105345
