11 0.447539 0.619755 0.640955 0.699334 0.863825
6 0.825461 0.836672 0.322781 0.311103 0.408894
6 0.224382 0.574005 0.417169 0.668942 0.218218
7 0.284659 0.537819 0.0755252 0.0973627 0.0649279
7 0.482859 0.461869 0.0931736 0.145006 0.0249575
6 0.376128 0.534044 0.511185 0.734593 0.022183
6 0.339218 0.324766 0.102913 0.200882 0.0136284
6 0.674752 0.727093 0.158228 0.409403 0.013435
7 0.800058 0.336734 0.118182 0.130369 0.00957792
11 0.623622 0.472034 0.692913 0.381355 0.00776054
6 0.589821 0.723661 0.334479 0.424638 0.00616611
7 0.572538 0.327664 0.0727724 0.07743 0.00567755
1 0.285259 0.53892 0.078272 0.0956921 0.00449255
6 0.146835 0.564292 0.25895 0.642727 0.00372689
11 0.65198 0.756584 0.227648 0.429359 0.00263316
11 0.818473 0.83699 0.327016 0.307524 0.00212473
6 0.921362 0.686293 0.121277 0.144811 0.00183134
6 0.411123 0.838596 0.543552 0.294609 0.00161143
6 0.527751 0.591876 0.528878 0.633941 0.0014369
1 0.484231 0.460645 0.0933185 0.145504 0.00122619
6 0.0723792 0.556539 0.127599 0.637374 0.00114434
6 0.215396 0.294659 0.0994018 0.238826 0.00112826
