10 0.675258 0.457276 0.182495 0.679324 0.867691
8 0.558679 0.755368 0.317457 0.47207 0.863131
8 0.271057 0.614726 0.168727 0.289185 0.854261
4 0.907006 0.32395 0.178105 0.251984 0.828059
10 0.591805 0.293881 0.0990603 0.413777 0.82647
8 0.483012 0.63914 0.147106 0.240366 0.296785
10 0.5589 0.755261 0.314687 0.471863 0.0888577
8 0.18656 0.613477 0.351512 0.298257 0.0445595
6 0.189836 0.546105 0.356907 0.439845 0.0119088
2 0.13907 0.105247 0.0643256 0.210494 0.00845394
5 0.558922 0.756575 0.316339 0.471812 0.00350749
6 0.196197 0.629737 0.359656 0.269743 0.00348426
3 0.906803 0.324485 0.178497 0.252824 0.00190291
10 0.831845 0.16742 0.0223553 0.0515625 0.0013648
8 0.277255 0.554069 0.156444 0.155736 0.00130226
6 0.203432 0.558221 0.406865 0.246365 0.00125912
6 0.556539 0.759748 0.320118 0.463936 0.00105589
