7 0.298955 0.80391 0.454697 0.370209 0.92157
2 0.623232 0.588828 0.401473 0.786984 0.895922
2 0.44835 0.315619 0.228852 0.453255 0.721777
7 0.841497 0.390329 0.297625 0.545069 0.185194
10 0.501525 0.198005 0.968583 0.39601 0.0561838
11 0.504484 0.91326 0.96354 0.162588 0.042507
7 0.929704 0.917671 0.131395 0.155303 0.0380346
7 0.0755991 0.338821 0.137858 0.210837 0.0286079
10 0.638333 0.181809 0.128756 0.0954527 0.0279381
11 0.821098 0.916971 0.343843 0.15742 0.0126629
10 0.72752 0.127351 0.517785 0.250632 0.011566
7 0.131912 0.40591 0.238682 0.369708 0.007402
7 0.0777706 0.413965 0.141168 0.370125 0.00615215
10 0.302684 0.213035 0.570307 0.403976 0.00360599
7 0.859825 0.820946 0.261452 0.337761 0.00357137
2 0.633081 0.331227 0.172765 0.401455 0.00343238
10 0.300399 0.7528 0.057437 0.0536214 0.00270934
10 0.366644 0.939031 0.0899261 0.108483 0.00259666
11 0.326139 0.861545 0.636848 0.261357 0.00218313
2 0.634336 0.18843 0.144139 0.114948 0.00183846
2 0.854437 0.458577 0.27138 0.38929 0.00152634
7 0.635741 0.185955 0.135716 0.107505 0.00143701
10 0.400813 0.162565 0.369716 0.324679 0.00123719
10 0.86032 0.507433 0.262887 0.47303 0.00116585
7 0.158025 0.398313 0.18903 0.176854 0.00116229
7 0.0811209 0.293375 0.136909 0.128833 0.00104646
