4 0.236814 0.917188 0.0761295 0.115629 0.854905
4 0.351971 0.876806 0.104596 0.10564 0.818439
4 0.853305 0.777908 0.0762062 0.0785668 0.802789
10 0.302803 0.608988 0.0521842 0.2304 0.712944
3 0.692645 0.868437 0.124675 0.181447 0.632508
4 0.29145 0.851626 0.0556126 0.0613974 0.527449
10 0.346016 0.607134 0.0395009 0.214975 0.512568
4 0.580145 0.858761 0.0566024 0.0702702 0.481007
10 0.344775 0.566549 0.0386465 0.121489 0.404981
4 0.71332 0.690525 0.0846161 0.0696585 0.377551
10 0.460922 0.934158 0.0329874 0.0746075 0.174635
4 0.315893 0.831134 0.0798072 0.0526437 0.151289
4 0.755513 0.645003 0.0564175 0.0553502 0.146383
6 0.34939 0.640378 0.0458905 0.153433 0.116514
10 0.387065 0.571523 0.0305774 0.0491041 0.0753516
10 0.862252 0.675182 0.0766072 0.061735 0.0753471
4 0.69279 0.87121 0.124154 0.171933 0.0742534
4 0.722427 0.668386 0.0696622 0.0490601 0.0576502
10 0.26572 0.553286 0.0365282 0.120647 0.0510781
4 0.306081 0.840525 0.0881137 0.0640166 0.0470141
3 0.812285 0.66876 0.0507468 0.0662593 0.0401569
4 0.741472 0.645793 0.0463161 0.0447941 0.0385425
4 0.331591 0.826678 0.0476735 0.0456566 0.0346689
10 0.911943 0.857808 0.0321774 0.0850239 0.033947
4 0.762855 0.675132 0.0456551 0.0402832 0.0338909
10 0.345467 0.544377 0.0350507 0.0763548 0.0329589
4 0.811223 0.667982 0.0492047 0.06604 0.031443
10 0.309686 0.587141 0.0375474 0.180772 0.0311752
4 0.0552378 0.976156 0.0444437 0.0254838 0.0305714
3 0.712531 0.695117 0.0844208 0.0657913 0.0300648
4 0.333187 0.90754 0.0682468 0.058479 0.0280473
4 0.841136 0.942377 0.0554613 0.0414656 0.0257135
10 0.65164 0.760306 0.0214255 0.0520668 0.0242756
4 0.904855 0.673678 0.0503678 0.0686806 0.0224058
4 0.767504 0.639026 0.0494603 0.0606728 0.0222338
4 0.732921 0.678162 0.114862 0.0710069 0.0219559
4 0.890834 0.66844 0.074971 0.0704232 0.0217976
10 0.381459 0.575253 0.0224517 0.0501603 0.0216841
3 0.829296 0.670301 0.0841174 0.0677739 0.0210483
0 0.963834 0.856725 0.0524531 0.0555485 0.0208542
4 0.707015 0.776871 0.0791622 0.0606818 0.0207628
3 0.748004 0.647544 0.100236 0.071504 0.0182689
4 0.45062 0.976501 0.032218 0.0364184 0.0175406
4 0.748004 0.647544 0.100236 0.071504 0.0164099
3 0.856338 0.67212 0.100138 0.0720586 0.0161255
10 0.906344 0.849462 0.0435392 0.106351 0.0157651
3 0.752822 0.618127 0.102066 0.115481 0.0152122
3 0.236399 0.918089 0.0785253 0.11987 0.0151584
10 0.848151 0.679468 0.0650975 0.0565774 0.0150172
10 0.350182 0.644549 0.0456077 0.142884 0.0146079
10 0.969152 0.833044 0.0473393 0.0934573 0.0144202
3 0.776221 0.591374 0.0646254 0.0890146 0.0142317
1 0.0814348 0.951858 0.13199 0.0789717 0.0135221
10 0.461699 0.965348 0.0375659 0.0456442 0.013384
4 0.0507003 0.967319 0.0736543 0.0352056 0.0128681
10 0.393335 0.981384 0.0308225 0.0304521 0.0117462
4 0.393087 0.980847 0.0333058 0.0312686 0.0108275
4 0.0874536 0.964762 0.11875 0.0564601 0.0108191
10 0.377804 0.582792 0.0268782 0.0668541 0.0107991
4 0.829296 0.670301 0.0841174 0.0677739 0.0104905
4 0.735408 0.661551 0.120161 0.0712734 0.0102945
10 0.38475 0.598329 0.0325164 0.0996912 0.0101742
4 0.941324 0.682722 0.093305 0.0878772 0.00921342
6 0.3369 0.620365 0.0605487 0.20069 0.00915413
10 0.964203 0.805556 0.0506253 0.128425 0.00847149
4 0.0809522 0.969859 0.10238 0.0381314 0.00840411
4 0.870949 0.671046 0.0936566 0.0679477 0.00816255
4 0.754929 0.684637 0.0561732 0.0532548 0.00808301
10 0.273301 0.537641 0.0340517 0.110991 0.00807684
4 0.0652004 0.964219 0.0586225 0.032356 0.0080094
4 0.709805 0.787936 0.0874835 0.119643 0.0078994
11 0.349752 0.650692 0.0462719 0.131407 0.00782698
10 0.975584 0.810386 0.0343684 0.125985 0.00777517
10 0.831903 0.670609 0.0873131 0.0681309 0.00773766
0 0.964704 0.827415 0.0527927 0.104315 0.00767475
4 0.902549 0.823547 0.0511422 0.0827862 0.00723733
10 0.882159 0.661133 0.0666733 0.067759 0.00705907
3 0.768652 0.604704 0.0825398 0.120406 0.00665257
4 0.0339824 0.979855 0.0450291 0.026411 0.00632088
4 0.0802948 0.960862 0.0748938 0.0394696 0.00604852
10 0.496107 0.583919 0.0282133 0.0775615 0.00601786
3 0.732921 0.678162 0.114862 0.0710069 0.00593782
3 0.703293 0.823366 0.10508 0.231478 0.00587536
2 0.494704 0.579009 0.0251532 0.0804091 0.00584745
3 0.710885 0.713971 0.0851179 0.089261 0.00559997
10 0.418847 0.572753 0.0239725 0.0630178 0.0055357
4 0.889344 0.804789 0.0338949 0.0739612 0.00551338
4 0.0810957 0.949702 0.13036 0.0850001 0.00541266
4 0.6929 0.763869 0.0540827 0.0560763 0.00476235
4 0.069116 0.954548 0.0702774 0.0459249 0.00472434
4 0.778322 0.591423 0.0619506 0.0844542 0.00469868
10 0.600918 0.80307 0.0367943 0.0649323 0.00467496
10 0.499242 0.965502 0.0490881 0.0416871 0.00447146
4 0.454175 0.983127 0.0478386 0.0329583 0.00439611
10 0.453413 0.964625 0.0291267 0.0394942 0.0042595
2 0.381459 0.575253 0.0224517 0.0501603 0.00422874
10 0.811694 0.668271 0.0488989 0.0662803 0.00421838
3 0.709805 0.787936 0.0874835 0.119643 0.00413781
4 0.73859 0.989305 0.144092 0.0213897 0.00391777
10 0.871314 0.667867 0.0992379 0.0851268 0.00386814
4 0.445264 0.97872 0.0610365 0.0363924 0.00384908
4 0.955176 0.761272 0.0424723 0.0476209 0.00371945
3 0.813655 0.626267 0.0607988 0.0478927 0.00362732
0 0.978341 0.855401 0.0338039 0.0606452 0.00361389
4 0.74737 0.988396 0.174752 0.0232071 0.00358213
10 0.968517 0.856832 0.0450451 0.0535217 0.00356627
3 0.753526 0.588164 0.109608 0.0859681 0.00355075
4 0.0573854 0.987537 0.0490748 0.0249254 0.00353291
10 0.984149 0.835006 0.0227659 0.0992989 0.00347091
3 0.784193 0.59997 0.0491205 0.0685475 0.00345743
4 0.444435 0.985479 0.0553319 0.0290419 0.00344679
4 0.958399 0.752193 0.0527728 0.0624405 0.00342702
3 0.708146 0.765063 0.0805252 0.0848761 0.00342349
10 0.493971 0.976075 0.0603192 0.0379742 0.00339505
0 0.870666 0.670647 0.0906659 0.0700461 0.00330224
10 0.507684 0.974924 0.0583355 0.0388196 0.00323855
4 0.515176 0.974526 0.0786651 0.0371896 0.00321483
4 0.740752 0.998998 0.164328 0.00200333 0.00319074
10 0.376626 0.610555 0.0303449 0.119414 0.00318081
10 0.958891 0.762818 0.0346946 0.0502445 0.00296725
4 0.857694 0.92427 0.0902447 0.0817751 0.00291795
4 0.467284 0.977003 0.0451966 0.0374673 0.00288913
4 0.710885 0.713971 0.0851179 0.089261 0.00287901
3 0.759304 0.644723 0.0600662 0.0582924 0.00287211
8 0.349752 0.650692 0.0462719 0.131407 0.00283934
9 0.963834 0.856725 0.0524531 0.0555485 0.00282602
4 0.604484 0.844934 0.049208 0.0670431 0.00277507
10 0.519344 0.962726 0.0586055 0.0471445 0.00267781
10 0.517759 0.94649 0.0696788 0.056209 0.00259983
3 0.859443 0.675113 0.0683602 0.0584582 0.00259473
3 0.735408 0.661551 0.120161 0.0712734 0.00252557
10 0.978341 0.855401 0.0338039 0.0606452 0.00251687
4 0.662283 0.765602 0.0372718 0.0593026 0.00249575
4 0.605015 0.822871 0.046354 0.0507896 0.00248938
9 0.956827 0.762611 0.0305082 0.0458551 0.00246754
4 0.266808 0.875775 0.0347853 0.0455919 0.00243247
4 0.847294 0.67488 0.0644371 0.0579013 0.00242136
4 0.574841 0.994627 0.0471294 0.0107467 0.00237779
4 0.882864 0.782814 0.0339052 0.072918 0.00234097
4 0.272795 0.859021 0.0896298 0.0685912 0.00233846
3 0.855084 0.668063 0.135713 0.0891216 0.00231076
9 0.964704 0.827415 0.0527927 0.104315 0.002305
3 0.729749 0.608643 0.0557902 0.0692658 0.00224353
4 0.0386156 0.990394 0.0539326 0.0192121 0.00222669
4 0.788266 0.623499 0.0395422 0.0436793 0.00215071
3 0.816406 0.662826 0.136129 0.0883415 0.00215053
3 0.946254 0.688975 0.0832032 0.0966464 0.0021499
4 0.566113 0.995639 0.0599512 0.00872306 0.0021021
10 0.370215 0.635103 0.0431297 0.164565 0.00204585
4 0.417508 0.984575 0.034814 0.0308508 0.00201702
3 0.73015 0.632828 0.068514 0.0628342 0.00199072
10 0.521753 0.924373 0.0534811 0.0394796 0.00198884
10 0.339381 0.636444 0.0579941 0.167426 0.00194599
4 0.726081 0.653474 0.0630874 0.0455472 0.00193938
3 0.816797 0.600581 0.167103 0.120951 0.00191663
10 0.45062 0.976501 0.032218 0.0364184 0.00189582
4 0.0895772 0.987139 0.100896 0.0257213 0.00181419
4 0.891434 0.659305 0.0558912 0.0665159 0.00179113
10 0.96986 0.785043 0.0367229 0.0613285 0.00178977
10 0.0815906 0.523245 0.0342617 0.0746218 0.00176647
3 0.794596 0.602317 0.095288 0.0787154 0.00171671
4 0.461699 0.965348 0.0375659 0.0456442 0.00169834
4 0.364855 0.974227 0.116553 0.041688 0.00167064
10 0.487061 0.965863 0.0608835 0.0375029 0.00164614
10 0.049525 0.529846 0.0906957 0.0883384 0.00164496
4 0.589607 0.991716 0.0752081 0.0165683 0.00162907
4 0.259047 0.875032 0.069214 0.0574499 0.00158107
4 0.697391 0.815486 0.114325 0.215204 0.00154808
4 0.91738 0.67757 0.0590321 0.0766342 0.00154074
4 0.73015 0.632828 0.068514 0.0628342 0.00153579
2 0.85838 0.676001 0.070271 0.0626241 0.00152779
0 0.984149 0.835006 0.0227659 0.0992989 0.00150879
4 0.484247 0.976439 0.0774408 0.0379707 0.00149721
10 0.531767 0.928948 0.0424349 0.0469817 0.00144956
10 0.985016 0.8103 0.0206934 0.100117 0.00142398
4 0.736049 0.991524 0.101335 0.016952 0.00138172
4 0.322393 0.90203 0.0480226 0.045989 0.00137341
10 0.974188 0.764889 0.0252799 0.0543679 0.00136906
10 0.603745 0.820189 0.0423809 0.0458109 0.00136082
9 0.60434 0.817106 0.0472649 0.0473178 0.00133632
11 0.203378 0.61012 0.070873 0.0972472 0.00131534
4 0.786106 0.65472 0.0469593 0.0685855 0.00129966
4 0.705346 0.991446 0.0426737 0.0171077 0.00128704
10 0.973627 0.657106 0.033282 0.0868559 0.00126989
4 0.753526 0.588164 0.109608 0.0859681 0.00123861
4 0.409694 0.980271 0.0266931 0.0333775 0.00120599
4 0.546258 0.994892 0.0523774 0.0102163 0.00117401
10 0.392549 0.973482 0.0361164 0.041615 0.00117286
4 0.103531 0.954904 0.0838126 0.0816427 0.00116962
10 0.467284 0.977003 0.0451966 0.0374673 0.00113445
4 0.671311 0.778391 0.0507292 0.0494811 0.00111424
1 0.692607 0.872189 0.125462 0.173856 0.00109988
4 0.652406 0.767814 0.0228399 0.0658954 0.00108777
4 0.29175 0.832158 0.0461262 0.0613622 0.00108511
4 0.0614929 1 0.122986 0 0.00106295
