6 0.772193 0.720895 0.256924 0.431887 0.872703
6 0.682537 0.685805 0.553048 0.46225 0.467097
6 0.519508 0.664577 0.234059 0.414257 0.456805
11 0.687393 0.62806 0.544728 0.391677 0.25693
11 0.522018 0.653089 0.242367 0.383791 0.0445094
11 0.772277 0.603389 0.338257 0.288168 0.0259097
6 0.685413 0.449632 0.56588 0.749598 0.00259468
11 0.63126 0.698705 0.471233 0.313593 0.00246392
11 0.805934 0.647937 0.268655 0.281436 0.00202711
6 0.162475 0.840058 0.285305 0.309346 0.00140437
11 0.597275 0.646042 0.339911 0.356365 0.00104281
