6 0.377348 0.701562 0.28969 0.566565 0.913207
6 0.682716 0.676175 0.347079 0.584202 0.87293
11 0.428703 0.470411 0.799808 0.361615 0.530046
11 0.56886 0.517078 0.862279 0.343431 0.137394
11 0.770017 0.533495 0.44355 0.336308 0.122122
7 0.861739 0.476014 0.0443329 0.0636087 0.0686389
7 0.331586 0.448225 0.0588103 0.0891155 0.0636236
11 0.301276 0.443141 0.577697 0.301483 0.063412
7 0.656714 0.417036 0.0411901 0.107003 0.0464513
2 0.656733 0.415944 0.0432507 0.111865 0.0463762
11 0.306589 0.582665 0.595573 0.588663 0.0341506
7 0.379639 0.379157 0.0428448 0.105357 0.0200595
2 0.750502 0.403627 0.0514161 0.121335 0.0188433
6 0.906154 0.781537 0.170284 0.386635 0.0158174
6 0.749475 0.761717 0.465141 0.429896 0.0135571
7 0.688522 0.426484 0.0551317 0.0748783 0.0133181
11 0.590464 0.633512 0.782255 0.566627 0.0121797
7 0.427411 0.387337 0.0239301 0.0641698 0.0113333
7 0.868644 0.479084 0.0675728 0.0716382 0.0107846
7 0.277357 0.429471 0.0442835 0.106735 0.0105859
2 0.27815 0.429912 0.0451374 0.106653 0.00942247
11 0.578036 0.42076 0.512554 0.137283 0.00862191
2 0.427832 0.384322 0.0233311 0.0579949 0.00582105
7 0.361476 0.4051 0.0328973 0.071992 0.00564974
11 0.85677 0.555317 0.279107 0.231004 0.00411589
11 0.481127 0.422392 0.455879 0.165906 0.00411124
6 0.0460164 0.897733 0.0852917 0.182311 0.00389779
7 0.978738 0.511406 0.0334682 0.0961312 0.00347034
2 0.635986 0.404724 0.0418038 0.101329 0.0034211
7 0.329984 0.352941 0.0373585 0.0507039 0.00322485
7 0.890243 0.481503 0.138824 0.0812843 0.00268
11 0.759172 0.64823 0.462859 0.55743 0.00248765
7 0.127591 0.348755 0.0759467 0.0941341 0.00245228
7 0.310073 0.424906 0.045995 0.0799475 0.00227002
6 0.61561 0.50329 0.122288 0.227912 0.00219532
7 0.310921 0.44124 0.0393215 0.0800711 0.00216754
7 0.478478 0.385408 0.0325615 0.0468369 0.00214666
7 0.41667 0.402159 0.0416877 0.0765561 0.00208786
7 0.396714 0.409449 0.0609873 0.0772275 0.00203746
2 0.380139 0.378646 0.0423184 0.106095 0.00197674
7 0.951941 0.497798 0.0407578 0.0661151 0.00178548
6 0.103295 0.888145 0.200257 0.201438 0.00177527
7 0.339365 0.348856 0.0238846 0.0536778 0.0017338
7 0.323062 0.428133 0.0466077 0.0671847 0.00171742
2 0.632127 0.395446 0.0294127 0.0851992 0.00167924
6 0.613185 0.568024 0.162121 0.356307 0.00166057
10 0.345158 0.476032 0.670022 0.375318 0.00164629
11 0.199451 0.380227 0.398902 0.160906 0.00150691
6 0.887105 0.708008 0.196941 0.280754 0.00146141
7 0.308628 0.409623 0.0329238 0.0658362 0.00135582
7 0.671656 0.417413 0.080522 0.0960468 0.00123001
2 0.671656 0.417413 0.080522 0.0960468 0.00117506
6 0.737456 0.347141 0.154924 0.259836 0.00105123
