6 0.795204 0.741453 0.354911 0.493817 0.886834
11 0.382614 0.803548 0.742594 0.373364 0.843575
11 0.334802 0.518668 0.175977 0.123022 0.752166
7 0.482961 0.791348 0.107417 0.194256 0.381891
5 0.227532 0.856274 0.148827 0.139104 0.375089
11 0.285017 0.592449 0.296403 0.151839 0.0851451
11 0.289411 0.70888 0.287122 0.370174 0.0556525
6 0.284044 0.605876 0.292007 0.152572 0.0494985
8 0.225166 0.858293 0.143554 0.138323 0.0257788
11 0.372102 0.518157 0.106654 0.108723 0.0240204
6 0.290164 0.721935 0.285205 0.386829 0.0123501
7 0.219868 0.860861 0.132361 0.129587 0.0114019
11 0.513909 0.495808 0.0444683 0.0920895 0.0104228
11 0.3415 0.495863 0.172132 0.0815253 0.00630675
6 0.511207 0.49221 0.0432796 0.0966833 0.00584859
5 0.48251 0.791634 0.107979 0.193402 0.00337478
10 0.225166 0.858293 0.143554 0.138323 0.00204765
6 0.337502 0.521362 0.167928 0.124785 0.00190847
11 0.382642 0.505595 0.0791935 0.0827304 0.00149102
2 0.48326 0.789824 0.10683 0.19521 0.00119284
11 0.795539 0.73823 0.357695 0.498821 0.00110468
2 0.430097 0.746502 0.0376796 0.085367 0.00103188
