10 0.157065 0.682449 0.23674 0.603051 0.886983
10 0.357322 0.652466 0.26676 0.661186 0.880345
10 0.738028 0.669024 0.246431 0.614934 0.879187
10 0.551894 0.676171 0.213821 0.628068 0.839756
10 0.479843 0.430176 0.085323 0.169541 0.463521
10 0.864477 0.61065 0.146788 0.453066 0.450208
10 0.423021 0.469466 0.091452 0.266209 0.132108
10 0.842669 0.459282 0.108379 0.150859 0.0735259
10 0.680943 0.462601 0.124859 0.204453 0.041142
10 0.649691 0.47434 0.0839311 0.156867 0.0201877
10 0.408594 0.440328 0.0914784 0.198651 0.0189329
10 0.457376 0.456828 0.111647 0.231394 0.0167522
10 0.409266 0.516432 0.12496 0.36208 0.0133726
10 0.821326 0.456569 0.0712151 0.136107 0.0119132
10 0.69162 0.441166 0.0664243 0.144826 0.011011
10 0.424769 0.428889 0.0717797 0.134317 0.0109212
10 0.0591737 0.509266 0.109759 0.142676 0.0104862
10 0.210111 0.526137 0.114628 0.284371 0.00716242
10 0.636087 0.464316 0.0698845 0.124753 0.00680463
10 0.378145 0.472066 0.140516 0.288499 0.00535011
10 0.354131 0.439226 0.142753 0.232283 0.00376918
10 0.965193 0.677539 0.064722 0.430716 0.00304314
10 0.488259 0.399152 0.0581516 0.106524 0.00300066
10 0.076418 0.515543 0.0747606 0.118451 0.00254535
10 0.476364 0.401629 0.0699701 0.136913 0.00231364
10 0.836295 0.441854 0.0746935 0.144216 0.00219247
10 0.0817209 0.699108 0.141617 0.573335 0.002095
10 0.854801 0.494896 0.128527 0.217805 0.00196348
10 0.460181 0.509872 0.169426 0.354699 0.00181838
10 0.0622616 0.541862 0.113531 0.231249 0.00158515
10 0.0303522 0.537453 0.0551643 0.0878902 0.00153967
10 0.0459633 0.711079 0.0819519 0.577842 0.00131086
10 0.569635 0.453381 0.0846872 0.154824 0.00116547
