4 0.298092 0.681907 0.5789 0.62942 0.915258
10 0.543109 0.540578 0.0731812 0.224007 0.824589
10 0.718009 0.564904 0.0668907 0.277971 0.804253
4 0.926857 0.639484 0.137654 0.361938 0.756186
10 0.914719 0.531803 0.0346355 0.084886 0.271263
10 0.451561 0.534922 0.10167 0.136271 0.0514863
10 0.448364 0.556225 0.077281 0.103218 0.037368
10 0.497044 0.560442 0.0574633 0.127109 0.0183659
10 0.473731 0.526118 0.153333 0.156163 0.00796042
4 0.869038 0.520955 0.0588865 0.072445 0.00726933
10 0.508126 0.571164 0.082192 0.155722 0.0066709
9 0.531193 0.583415 0.0652869 0.1403 0.00510301
10 0.465375 0.508703 0.10741 0.170528 0.00347492
4 0.958075 0.519886 0.0770107 0.110033 0.00344445
3 0.928351 0.641836 0.132615 0.360366 0.00297738
9 0.509514 0.5817 0.0866125 0.142706 0.00254959
4 0.500433 0.553205 0.179569 0.250738 0.00239529
10 0.487838 0.511499 0.059063 0.177823 0.00238915
4 0.879316 0.527128 0.0364153 0.0649338 0.00222436
10 0.427891 0.51895 0.0672677 0.128544 0.00196345
4 0.850536 0.51702 0.0974716 0.082593 0.0015133
4 0.967426 0.508139 0.0574906 0.0874858 0.00132161
10 0.423806 0.475913 0.055729 0.0827602 0.00103525
