10 0.148706 0.672157 0.22869 0.467036 0.889762
10 0.48241 0.654998 0.229545 0.506486 0.875121
4 0.87688 0.651999 0.229441 0.0812633 0.772909
4 0.679176 0.660985 0.153714 0.0514286 0.660348
4 0.931982 0.657986 0.128674 0.0712972 0.479061
4 0.623016 0.64665 0.143629 0.0589512 0.124229
4 0.715127 0.659421 0.118042 0.0498279 0.0599934
4 0.741755 0.659106 0.0792438 0.0480648 0.0454115
4 0.650872 0.658574 0.107809 0.0481463 0.0215534
4 0.591616 0.649697 0.0808741 0.0544937 0.00868652
4 0.767673 0.660712 0.139528 0.0504534 0.00364917
5 0.875695 0.651595 0.224095 0.0811409 0.00252247
4 0.820825 0.658866 0.128749 0.0562153 0.00198182
5 0.928651 0.658796 0.13702 0.0712484 0.00172695
2 0.0188172 0.628232 0.0376343 0.0718325 0.00106949
4 0.652796 0.644523 0.10358 0.0511591 0.00103099
