10 0.147592 0.590193 0.279045 0.793431 0.848537
10 0.851057 0.546947 0.207365 0.550654 0.806249
10 0.58939 0.64512 0.41237 0.692245 0.79142
8 0.270589 0.799404 0.223608 0.380593 0.63736
10 0.774483 0.419425 0.156796 0.234327 0.282873
10 0.742719 0.427949 0.101264 0.209981 0.100625
2 0.481347 0.5522 0.0681116 0.139801 0.0888164
10 0.27082 0.799436 0.224592 0.381829 0.0575409
10 0.788391 0.50247 0.191046 0.428731 0.0195739
10 0.396971 0.501376 0.0797496 0.232833 0.0149626
10 0.662994 0.592664 0.221444 0.59174 0.0107511
10 0.721284 0.408996 0.0602724 0.166999 0.00959955
10 0.693908 0.734606 0.573896 0.507801 0.00906217
7 0.497994 0.76413 0.0691279 0.167638 0.00700765
2 0.946081 0.779941 0.0565098 0.123191 0.00409015
10 0.540122 0.647885 0.0647224 0.134713 0.00394584
11 0.147592 0.590193 0.279045 0.793431 0.00380145
10 0.81852 0.425912 0.189801 0.30449 0.00317798
10 0.808444 0.390819 0.13287 0.233314 0.00262598
8 0.590362 0.645434 0.409 0.694382 0.00256966
9 0.269538 0.800502 0.224568 0.379922 0.0025108
8 0.147236 0.593466 0.279476 0.797448 0.00231942
2 0.440448 0.531569 0.0479854 0.121665 0.00190537
7 0.147236 0.593466 0.279476 0.797448 0.00158726
10 0.137805 0.337463 0.264992 0.288588 0.00150293
7 0.495201 0.787985 0.0581332 0.106575 0.00145561
11 0.85026 0.543199 0.207069 0.545112 0.00145394
8 0.201241 0.801162 0.373152 0.397676 0.00123852
10 0.591491 0.417836 0.0816131 0.211466 0.00116956
8 0.742569 0.418889 0.100567 0.200968 0.00114889
10 0.365761 0.569544 0.585201 0.812597 0.0011348
11 0.58939 0.64512 0.41237 0.692245 0.00108665
10 0.629335 0.406137 0.140644 0.202481 0.00104999
5 0.270589 0.799404 0.223608 0.380593 0.00103679
2 0.533032 0.641292 0.0548947 0.122519 0.00102359
