6 0.372027 0.741869 0.695614 0.480068 0.908462
11 0.720031 0.784581 0.258639 0.385475 0.861112
8 0.246051 0.843213 0.33161 0.20999 0.315856
5 0.275095 0.83787 0.239869 0.195904 0.0768716
8 0.421471 0.734118 0.212066 0.176309 0.0479923
10 0.22703 0.838092 0.381652 0.214279 0.0212659
10 0.368857 0.742068 0.690125 0.479304 0.0176175
10 0.159699 0.798993 0.286433 0.168666 0.00980303
6 0.704272 0.574934 0.123953 0.35223 0.00770326
10 0.720369 0.785449 0.257591 0.386509 0.00609114
8 0.14124 0.897091 0.248215 0.161573 0.00533395
8 0.158098 0.84456 0.285229 0.24262 0.00317021
8 0.230284 0.879703 0.435029 0.204457 0.00278693
5 0.22703 0.838092 0.381652 0.214279 0.00266116
10 0.541484 0.724887 0.375807 0.439306 0.00261849
6 0.212384 0.745165 0.409567 0.45816 0.00228256
6 0.755604 0.645892 0.203989 0.628716 0.00187405
5 0.42159 0.735571 0.213057 0.176402 0.00181211
10 0.275095 0.83787 0.239869 0.195904 0.00178085
2 0.866696 0.912795 0.0293491 0.0524045 0.00136486
6 0.593381 0.726458 0.295035 0.463135 0.00131427
8 0.418792 0.764828 0.460835 0.265594 0.00102796
