11 0.141922 0.696061 0.278422 0.386911 0.889198
6 0.599036 0.680603 0.692314 0.583416 0.805156
6 0.888547 0.527201 0.204818 0.277934 0.0697245
6 0.754766 0.68848 0.455382 0.589345 0.0314904
11 0.777586 0.745305 0.41383 0.469061 0.0151151
6 0.870311 0.638809 0.240228 0.556529 0.0126258
6 0.143858 0.691979 0.279261 0.382115 0.0100085
6 0.795735 0.783815 0.382286 0.377179 0.00435055
2 0.907581 0.530208 0.126009 0.101615 0.00347949
2 0.597468 0.808101 0.0877642 0.251871 0.00248642
7 0.192882 0.477184 0.053616 0.120588 0.00208925
10 0.883186 0.531817 0.215699 0.267959 0.00183281
10 0.141721 0.695995 0.277896 0.386004 0.00147637
11 0.605787 0.679932 0.709475 0.606629 0.0011235
