0 0.659945 0.668979 0.349562 0.598923 0.893749
4 0.86964 0.248269 0.197283 0.159116 0.855564
4 0.314564 0.210867 0.167674 0.111481 0.594991
4 0.548912 0.188048 0.196229 0.130512 0.117501
0 0.724945 0.230153 0.0675658 0.0507764 0.0386802
4 0.563653 0.201329 0.17077 0.0860392 0.0352699
6 0.0576327 0.276348 0.0605286 0.0633232 0.0240758
4 0.6004 0.195326 0.0943639 0.0674178 0.0228666
4 0.773723 0.218569 0.0678072 0.0673163 0.0193704
11 0.0600265 0.27509 0.0542283 0.0599398 0.0133612
0 0.589232 0.727528 0.143723 0.500188 0.0103107
10 0.0424313 0.274953 0.0192675 0.0594273 0.00404348
4 0.526269 0.20727 0.163367 0.092237 0.0037669
6 0.0706887 0.273204 0.0307724 0.0527764 0.00308625
0 0.700668 0.228633 0.0813474 0.0524307 0.00253723
4 0.441064 0.207249 0.0821331 0.0833389 0.00191613
5 0.869225 0.248915 0.198709 0.159068 0.00187937
0 0.75112 0.59703 0.144122 0.467695 0.00175487
10 0.869708 0.247064 0.199598 0.156251 0.00116804
