10 0.238974 0.257834 0.301535 0.470459 0.848466
11 0.477158 0.567015 0.872026 0.80348 0.330919
6 0.489728 0.605667 0.869554 0.747804 0.203657
6 0.139587 0.318917 0.198524 0.405347 0.063542
6 0.276596 0.544382 0.488789 0.858438 0.0278546
11 0.392326 0.45453 0.29301 0.389 0.00584454
1 0.460402 0.605867 0.826785 0.709861 0.00392384
7 0.341948 0.472221 0.190749 0.273446 0.00341388
10 0.203761 0.0946202 0.169521 0.144788 0.00340533
4 0.188279 0.735525 0.363503 0.498958 0.00321685
6 0.261007 0.360671 0.456008 0.477967 0.00245173
6 0.206354 0.312237 0.231454 0.35696 0.00238651
10 0.316781 0.434046 0.471527 0.81563 0.00236945
11 0.336765 0.478063 0.582591 0.826807 0.00213511
4 0.189534 0.836663 0.363158 0.305411 0.0016679
7 0.385244 0.471461 0.283364 0.358904 0.00153991
0 0.458475 0.611314 0.798985 0.706477 0.001516
