1 0.462173 0.353895 0.159264 0.234822 0.832398
10 0.968881 0.296012 0.0204753 0.0618423 0.0287007
1 0.985437 0.548976 0.0247274 0.125481 0.0256699
8 0.849617 0.341915 0.0271407 0.0908922 0.0103101
1 0.984146 0.539132 0.0304781 0.188593 0.00556386
1 0.0263361 0.132795 0.0502117 0.0714587 0.00534493
10 0.849747 0.341811 0.0267404 0.0883594 0.0039003
1 0.984063 0.477266 0.0318734 0.27161 0.00293697
1 0.978585 0.633013 0.0413884 0.380428 0.00187597
10 0.969224 0.313962 0.0292533 0.098791 0.00172501
8 0.968568 0.296211 0.0210609 0.0652772 0.00155389
